0.383697 7.25911 115.931 1672.87 20571.2 191541 1.12401e+06 3.36618e+06 6.80151e+06 1.08516e+07 1.47757e+07 1.78592e+07 1.95501e+07 1.95501e+07 1.78592e+07 1.47757e+07 1.08516e+07 6.80151e+06 3.36618e+06 1.12401e+06 191541 20571.2 1672.87 115.931 7.25912 0.383697
7.38763 148.608 2552.93 40849.7 587211 6.6963e+06 4.77188e+07 1.49239e+08 3.04462e+08 4.86915e+08 6.63441e+08 8.02072e+08 8.78067e+08 8.78067e+08 8.02072e+08 6.63441e+08 4.86915e+08 3.04462e+08 1.49239e+08 4.77188e+07 6.6963e+06 587211 40849.7 2552.93 148.608 7.38763
120.269 2610.91 48049.9 833293 1.39334e+07 2.04601e+08 1.93009e+09 6.32641e+09 1.30222e+10 2.08687e+10 2.84516e+10 3.44034e+10 3.76652e+10 3.76652e+10 3.44034e+10 2.84516e+10 2.08687e+10 1.30222e+10 6.32641e+09 1.93009e+09 2.04601e+08 1.39334e+07 833293 48049.9 2610.91 120.269
1763.21 42699.6 857360 1.55378e+07 2.80078e+08 5.42494e+09 7.80167e+10 2.67982e+11 5.5568e+11 8.91928e+11 1.2166e+12 1.47134e+12 1.6109e+12 1.6109e+12 1.47134e+12 1.2166e+12 8.91928e+11 5.5568e+11 2.67982e+11 7.80167e+10 5.42494e+09 2.80078e+08 1.55378e+07 857360 42699.6 1763.21
21900.9 623254 1.46972e+07 2.91162e+08 4.89289e+09 1.07903e+11 3.16597e+12 1.13526e+13 2.36683e+13 3.80351e+13 5.19007e+13 6.27754e+13 6.87315e+13 6.87315e+13 6.27754e+13 5.19007e+13 3.80351e+13 2.36683e+13 1.13526e+13 3.16597e+12 1.07903e+11 4.8929e+09 2.91162e+08 1.46972e+07 623254 21900.9
204909 7.15931e+06 2.18532e+08 5.78404e+09 1.14589e+11 1.66239e+12 1.56175e+14 5.73669e+14 1.19664e+15 1.92207e+15 2.62183e+15 3.17052e+15 3.471e+15 3.471e+15 3.17052e+15 2.62183e+15 1.92207e+15 1.19664e+15 5.73669e+14 1.56175e+14 1.66239e+12 1.14589e+11 5.78404e+09 2.18532e+08 7.15931e+06 204909
1.20443e+06 5.11331e+07 2.0682e+09 8.36014e+10 3.39277e+12 1.65288e+14 1.48935e+16 5.24886e+16 1.07596e+17 1.71305e+17 2.32637e+17 2.80759e+17 3.07148e+17 3.07148e+17 2.80759e+17 2.32637e+17 1.71305e+17 1.07596e+17 5.24886e+16 1.48935e+16 1.65288e+14 3.39277e+12 8.36014e+10 2.0682e+09 5.11331e+07 1.20443e+06
3.6071e+06 1.59929e+08 6.78e+09 2.87215e+11 1.21683e+13 6.07923e+14 5.26809e+16 1.85081e+17 3.78859e+17 6.02703e+17 8.18118e+17 9.87124e+17 1.0798e+18 1.0798e+18 9.87124e+17 8.18118e+17 6.02703e+17 3.78859e+17 1.85081e+17 5.26809e+16 6.07923e+14 1.21683e+13 2.87215e+11 6.78e+09 1.59929e+08 3.6071e+06
7.28399e+06 3.26076e+08 1.39474e+10 5.95197e+11 2.53532e+13 1.26779e+15 1.08105e+17 3.7927e+17 7.75796e+17 1.23359e+18 1.67399e+18 2.01944e+18 2.20885e+18 2.20885e+18 2.01944e+18 1.67399e+18 1.23359e+18 7.75796e+17 3.79269e+17 1.08105e+17 1.26779e+15 2.53532e+13 5.95197e+11 1.39474e+10 3.26076e+08 7.28399e+06
1.16112e+07 5.2101e+08 2.23307e+10 9.5445e+11 4.0703e+13 2.03478e+15 1.7214e+17 6.03466e+17 1.23382e+18 1.96123e+18 2.66075e+18 3.20932e+18 3.51007e+18 3.51007e+18 3.20932e+18 2.66075e+18 1.96123e+18 1.23382e+18 6.03466e+17 1.7214e+17 2.03478e+15 4.0703e+13 9.5445e+11 2.23307e+10 5.2101e+08 1.16112e+07
1.57951e+07 7.09214e+08 3.04145e+10 1.30054e+12 5.54819e+13 2.77291e+15 2.33708e+17 8.18962e+17 1.67393e+18 2.66018e+18 3.6083e+18 4.35166e+18 4.75915e+18 4.75915e+18 4.35166e+18 3.6083e+18 2.66018e+18 1.67393e+18 8.18962e+17 2.33708e+17 2.77291e+15 5.54819e+13 1.30054e+12 3.04145e+10 7.09214e+08 1.57951e+07
1.90766e+07 8.5672e+08 3.67463e+10 1.5715e+12 6.70468e+13 3.35039e+15 2.81948e+17 9.87806e+17 2.01871e+18 3.20758e+18 4.35026e+18 5.24599e+18 5.73694e+18 5.73694e+18 5.24599e+18 4.35026e+18 3.20758e+18 2.01871e+18 9.87806e+17 2.81948e+17 3.35039e+15 6.70468e+13 1.5715e+12 3.67463e+10 8.5672e+08 1.90766e+07
2.08736e+07 9.37467e+08 4.02112e+10 1.71971e+12 7.33706e+13 3.66611e+15 3.08373e+17 1.0803e+18 2.20756e+18 3.5074e+18 4.75657e+18 5.73568e+18 6.27231e+18 6.27231e+18 5.73568e+18 4.75657e+18 3.5074e+18 2.20756e+18 1.0803e+18 3.08373e+17 3.66611e+15 7.33706e+13 1.71971e+12 4.02112e+10 9.37467e+08 2.08736e+07
2.08736e+07 9.37467e+08 4.02112e+10 1.71971e+12 7.33706e+13 3.66611e+15 3.08373e+17 1.0803e+18 2.20756e+18 3.5074e+18 4.75657e+18 5.73568e+18 6.27231e+18 6.27231e+18 5.73568e+18 4.75657e+18 3.5074e+18 2.20756e+18 1.0803e+18 3.08373e+17 3.66611e+15 7.33706e+13 1.71971e+12 4.02112e+10 9.37467e+08 2.08736e+07
1.90766e+07 8.5672e+08 3.67463e+10 1.5715e+12 6.70468e+13 3.35039e+15 2.81948e+17 9.87806e+17 2.01871e+18 3.20758e+18 4.35026e+18 5.24599e+18 5.73694e+18 5.73694e+18 5.24599e+18 4.35026e+18 3.20758e+18 2.01871e+18 9.87806e+17 2.81948e+17 3.35039e+15 6.70468e+13 1.5715e+12 3.67463e+10 8.5672e+08 1.90766e+07
1.57951e+07 7.09214e+08 3.04145e+10 1.30054e+12 5.54819e+13 2.77291e+15 2.33708e+17 8.18962e+17 1.67393e+18 2.66018e+18 3.6083e+18 4.35166e+18 4.75915e+18 4.75915e+18 4.35166e+18 3.6083e+18 2.66018e+18 1.67393e+18 8.18962e+17 2.33708e+17 2.77291e+15 5.54819e+13 1.30054e+12 3.04145e+10 7.09214e+08 1.57951e+07
1.16112e+07 5.2101e+08 2.23307e+10 9.5445e+11 4.0703e+13 2.03478e+15 1.7214e+17 6.03466e+17 1.23382e+18 1.96123e+18 2.66075e+18 3.20932e+18 3.51007e+18 3.51007e+18 3.20932e+18 2.66075e+18 1.96123e+18 1.23382e+18 6.03466e+17 1.7214e+17 2.03478e+15 4.0703e+13 9.5445e+11 2.23307e+10 5.2101e+08 1.16112e+07
7.28399e+06 3.26076e+08 1.39474e+10 5.95197e+11 2.53532e+13 1.26779e+15 1.08105e+17 3.79269e+17 7.75796e+17 1.23359e+18 1.67399e+18 2.01944e+18 2.20885e+18 2.20885e+18 2.01944e+18 1.67399e+18 1.23359e+18 7.75796e+17 3.79269e+17 1.08105e+17 1.26779e+15 2.53532e+13 5.95197e+11 1.39474e+10 3.26076e+08 7.28399e+06
3.6071e+06 1.59929e+08 6.78e+09 2.87215e+11 1.21683e+13 6.07923e+14 5.26809e+16 1.85081e+17 3.78859e+17 6.02703e+17 8.18118e+17 9.87124e+17 1.0798e+18 1.0798e+18 9.87124e+17 8.18118e+17 6.02703e+17 3.78859e+17 1.85081e+17 5.26809e+16 6.07923e+14 1.21683e+13 2.87215e+11 6.78e+09 1.59929e+08 3.6071e+06
1.20443e+06 5.11331e+07 2.0682e+09 8.36014e+10 3.39277e+12 1.65288e+14 1.48935e+16 5.24886e+16 1.07596e+17 1.71305e+17 2.32637e+17 2.80759e+17 3.07148e+17 3.07148e+17 2.80759e+17 2.32637e+17 1.71305e+17 1.07596e+17 5.24886e+16 1.48935e+16 1.65288e+14 3.39277e+12 8.36014e+10 2.0682e+09 5.11331e+07 1.20443e+06
204909 7.15931e+06 2.18532e+08 5.78404e+09 1.14589e+11 1.66239e+12 1.56175e+14 5.73669e+14 1.19664e+15 1.92207e+15 2.62183e+15 3.17052e+15 3.471e+15 3.471e+15 3.17052e+15 2.62183e+15 1.92207e+15 1.19664e+15 5.73669e+14 1.56175e+14 1.66239e+12 1.14589e+11 5.78404e+09 2.18532e+08 7.15931e+06 204909
21900.9 623254 1.46972e+07 2.91162e+08 4.8929e+09 1.07903e+11 3.16597e+12 1.13526e+13 2.36683e+13 3.80351e+13 5.19007e+13 6.27754e+13 6.87315e+13 6.87315e+13 6.27754e+13 5.19007e+13 3.80351e+13 2.36683e+13 1.13526e+13 3.16597e+12 1.07903e+11 4.89289e+09 2.91162e+08 1.46972e+07 623254 21900.9
1763.21 42699.6 857360 1.55378e+07 2.80078e+08 5.42494e+09 7.80167e+10 2.67982e+11 5.5568e+11 8.91928e+11 1.2166e+12 1.47134e+12 1.6109e+12 1.6109e+12 1.47134e+12 1.2166e+12 8.91928e+11 5.5568e+11 2.67982e+11 7.80167e+10 5.42494e+09 2.80078e+08 1.55378e+07 857360 42699.6 1763.21
120.269 2610.91 48049.9 833293 1.39334e+07 2.04601e+08 1.93009e+09 6.32641e+09 1.30222e+10 2.08687e+10 2.84516e+10 3.44034e+10 3.76652e+10 3.76652e+10 3.44034e+10 2.84516e+10 2.08687e+10 1.30222e+10 6.32641e+09 1.93009e+09 2.04601e+08 1.39334e+07 833293 48049.9 2610.91 120.269
7.38763 148.608 2552.93 40849.7 587211 6.6963e+06 4.77188e+07 1.49239e+08 3.04462e+08 4.86915e+08 6.63441e+08 8.02072e+08 8.78067e+08 8.78067e+08 8.02072e+08 6.63441e+08 4.86915e+08 3.04462e+08 1.49239e+08 4.77188e+07 6.6963e+06 587211 40849.7 2552.93 148.608 7.38763
0.383697 7.25911 115.931 1672.87 20571.2 191541 1.12401e+06 3.36618e+06 6.80151e+06 1.08516e+07 1.47757e+07 1.78592e+07 1.95501e+07 1.95501e+07 1.78592e+07 1.47757e+07 1.08516e+07 6.80151e+06 3.36618e+06 1.12401e+06 191541 20571.2 1672.87 115.931 7.25912 0.383697
