2.23797e-06 4.20671e-05 0.00066894 0.009633 0.118244 1.09737 6.40513 19.0489 38.25 60.7718 82.5803 99.7605 109.21 109.21 99.7605 82.5803 60.7718 38.25 19.0489 6.40513 1.09737 0.118244 0.009633 0.00066894 4.20671e-05 2.23797e-06
4.25345e-05 0.000848252 0.0144886 0.231541 3.33114 37.9587 269.393 836.51 1695.39 2699.55 3670.79 4435.78 4856.56 4856.56 4435.78 3670.79 2699.55 1695.39 836.51 269.393 37.9587 3.33114 0.231541 0.0144886 0.000848252 4.25345e-05
0.000684691 0.0146941 0.267908 4.63344 77.7748 1146.49 10796.7 35126.7 71799.5 114535 155834 188362 206257 206257 188362 155834 114535 71799.5 35126.7 10796.7 1146.49 77.7748 4.63344 0.267908 0.0146941 0.000684691
0.00996463 0.238121 4.71595 84.6983 1531.79 30030 433108 1.476e+06 3.03766e+06 4.85232e+06 6.60512e+06 7.98589e+06 8.74562e+06 8.74562e+06 7.98589e+06 6.60512e+06 4.85232e+06 3.03766e+06 1.476e+06 433108 30030 1531.79 84.6983 4.71595 0.238121 0.00996463
0.123257 3.46252 80.4332 1568.02 26055.3 587313 1.74791e+07 6.21416e+07 1.28509e+08 2.05472e+08 2.79808e+08 3.38383e+08 3.70619e+08 3.70619e+08 3.38383e+08 2.79808e+08 2.05472e+08 1.28509e+08 6.21416e+07 1.74791e+07 587313 26055.3 1568.02 80.4332 3.46252 0.123257
1.14983 39.7294 1197.73 31264.1 606655 8.59215e+06 8.56875e+08 3.11903e+09 6.45008e+09 1.03043e+10 1.40242e+10 1.69545e+10 1.85669e+10 1.85669e+10 1.69545e+10 1.40242e+10 1.03043e+10 6.45008e+09 3.11903e+09 8.56875e+08 8.59215e+06 606655 31264.1 1197.73 39.7294 1.14983
6.73435 283.246 11352.4 455427 1.83819e+07 8.96558e+08 8.16248e+10 2.8527e+11 5.79777e+11 9.17001e+11 1.2401e+12 1.49332e+12 1.63223e+12 1.63223e+12 1.49332e+12 1.2401e+12 9.17001e+11 5.79777e+11 2.8527e+11 8.16248e+10 8.96558e+08 1.83819e+07 455427 11352.4 283.246 6.73435
20.0457 880.396 36974.8 1.55389e+06 6.5431e+07 3.26817e+09 2.86152e+11 9.97344e+11 2.02463e+12 3.20008e+12 4.32573e+12 5.20761e+12 5.6913e+12 5.6913e+12 5.20761e+12 4.32573e+12 3.20008e+12 2.02463e+12 9.97343e+11 2.86152e+11 3.26817e+09 6.5431e+07 1.55389e+06 36974.8 880.396 20.0457
40.2516 1784.34 75577.4 3.19795e+06 1.3531e+08 6.75909e+09 5.82146e+11 2.02668e+12 4.11228e+12 6.49797e+12 8.78213e+12 1.05714e+13 1.15527e+13 1.15527e+13 1.05714e+13 8.78213e+12 6.49797e+12 4.11228e+12 2.02668e+12 5.82146e+11 6.75909e+09 1.3531e+08 3.19795e+06 75577.4 1784.34 40.2516
63.9305 2840.21 120519 5.10652e+06 2.16266e+08 1.07947e+10 9.21085e+11 3.20455e+12 6.5005e+12 1.02701e+13 1.38788e+13 1.67055e+13 1.82556e+13 1.82556e+13 1.67055e+13 1.38788e+13 1.02701e+13 6.5005e+12 3.20455e+12 9.21085e+11 1.07947e+10 2.16266e+08 5.10652e+06 120519 2840.21 63.9305
86.835 3860.36 163902 6.94791e+06 2.94366e+08 1.46855e+10 1.24574e+12 4.33226e+12 8.78659e+12 1.38805e+13 1.87567e+13 2.25759e+13 2.46704e+13 2.46704e+13 2.25759e+13 1.87567e+13 1.38805e+13 8.78659e+12 4.33226e+12 1.24574e+12 1.46855e+10 2.94366e+08 6.94791e+06 163902 3860.36 86.835
104.861 4663.05 198035 8.39693e+06 3.5584e+08 1.77471e+10 1.50009e+12 5.21547e+12 1.05768e+13 1.67076e+13 2.25761e+13 2.71724e+13 2.96929e+13 2.96929e+13 2.71724e+13 2.25761e+13 1.67076e+13 1.05768e+13 5.21547e+12 1.50009e+12 1.77471e+10 3.5584e+08 8.39693e+06 198035 4663.05 104.861
114.768 5104.25 216799 9.19361e+06 3.89646e+08 1.94305e+10 1.63958e+12 5.69976e+12 1.15584e+13 1.82576e+13 2.46701e+13 2.96924e+13 3.24465e+13 3.24465e+13 2.96924e+13 2.46701e+13 1.82576e+13 1.15584e+13 5.69976e+12 1.63958e+12 1.94305e+10 3.89646e+08 9.19361e+06 216799 5104.25 114.768
114.768 5104.25 216799 9.19361e+06 3.89646e+08 1.94305e+10 1.63958e+12 5.69976e+12 1.15584e+13 1.82576e+13 2.46701e+13 2.96924e+13 3.24465e+13 3.24465e+13 2.96924e+13 2.46701e+13 1.82576e+13 1.15584e+13 5.69976e+12 1.63958e+12 1.94305e+10 3.89646e+08 9.19361e+06 216799 5104.25 114.768
104.861 4663.05 198035 8.39693e+06 3.5584e+08 1.77471e+10 1.50009e+12 5.21547e+12 1.05768e+13 1.67076e+13 2.25761e+13 2.71724e+13 2.96929e+13 2.96929e+13 2.71724e+13 2.25761e+13 1.67076e+13 1.05768e+13 5.21547e+12 1.50009e+12 1.77471e+10 3.5584e+08 8.39693e+06 198035 4663.05 104.861
86.835 3860.36 163902 6.94791e+06 2.94366e+08 1.46855e+10 1.24574e+12 4.33226e+12 8.78659e+12 1.38805e+13 1.87567e+13 2.25759e+13 2.46704e+13 2.46704e+13 2.25759e+13 1.87567e+13 1.38805e+13 8.78659e+12 4.33226e+12 1.24574e+12 1.46855e+10 2.94366e+08 6.94791e+06 163902 3860.36 86.835
63.9305 2840.21 120519 5.10652e+06 2.16266e+08 1.07947e+10 9.21085e+11 3.20455e+12 6.5005e+12 1.02701e+13 1.38788e+13 1.67055e+13 1.82556e+13 1.82556e+13 1.67055e+13 1.38788e+13 1.02701e+13 6.5005e+12 3.20455e+12 9.21085e+11 1.07947e+10 2.16266e+08 5.10652e+06 120519 2840.21 63.9305
40.2516 1784.34 75577.4 3.19795e+06 1.3531e+08 6.75909e+09 5.82146e+11 2.02668e+12 4.11228e+12 6.49797e+12 8.78213e+12 1.05714e+13 1.15527e+13 1.15527e+13 1.05714e+13 8.78213e+12 6.49797e+12 4.11228e+12 2.02668e+12 5.82146e+11 6.75909e+09 1.3531e+08 3.19795e+06 75577.4 1784.34 40.2516
20.0457 880.396 36974.8 1.55389e+06 6.5431e+07 3.26817e+09 2.86152e+11 9.97343e+11 2.02463e+12 3.20008e+12 4.32573e+12 5.20761e+12 5.6913e+12 5.6913e+12 5.20761e+12 4.32573e+12 3.20008e+12 2.02463e+12 9.97344e+11 2.86152e+11 3.26817e+09 6.5431e+07 1.55389e+06 36974.8 880.396 20.0457
6.73435 283.246 11352.4 455427 1.83819e+07 8.96558e+08 8.16248e+10 2.8527e+11 5.79777e+11 9.17001e+11 1.2401e+12 1.49332e+12 1.63223e+12 1.63223e+12 1.49332e+12 1.2401e+12 9.17001e+11 5.79777e+11 2.8527e+11 8.16248e+10 8.96558e+08 1.83819e+07 455427 11352.4 283.246 6.73435
1.14983 39.7294 1197.73 31264.1 606655 8.59215e+06 8.56875e+08 3.11903e+09 6.45008e+09 1.03043e+10 1.40242e+10 1.69545e+10 1.85669e+10 1.85669e+10 1.69545e+10 1.40242e+10 1.03043e+10 6.45008e+09 3.11903e+09 8.56875e+08 8.59215e+06 606655 31264.1 1197.73 39.7294 1.14983
0.123257 3.46252 80.4332 1568.02 26055.3 587313 1.74791e+07 6.21416e+07 1.28509e+08 2.05472e+08 2.79808e+08 3.38383e+08 3.70619e+08 3.70619e+08 3.38383e+08 2.79808e+08 2.05472e+08 1.28509e+08 6.21416e+07 1.74791e+07 587313 26055.3 1568.02 80.4332 3.46252 0.123257
0.00996463 0.238121 4.71595 84.6983 1531.79 30030 433108 1.476e+06 3.03766e+06 4.85232e+06 6.60512e+06 7.98589e+06 8.74562e+06 8.74562e+06 7.98589e+06 6.60512e+06 4.85232e+06 3.03766e+06 1.476e+06 433108 30030 1531.79 84.6983 4.71595 0.238121 0.00996463
0.000684691 0.0146941 0.267908 4.63344 77.7748 1146.49 10796.7 35126.7 71799.5 114535 155834 188362 206257 206257 188362 155834 114535 71799.5 35126.7 10796.7 1146.49 77.7748 4.63344 0.267908 0.0146941 0.000684691
4.25345e-05 0.000848252 0.0144886 0.231541 3.33114 37.9587 269.393 836.51 1695.39 2699.55 3670.79 4435.78 4856.56 4856.56 4435.78 3670.79 2699.55 1695.39 836.51 269.393 37.9587 3.33114 0.231541 0.0144886 0.000848252 4.25345e-05
2.23797e-06 4.20671e-05 0.00066894 0.009633 0.118244 1.09737 6.40513 19.0489 38.25 60.7718 82.5803 99.7605 109.21 109.21 99.7605 82.5803 60.7718 38.25 19.0489 6.40513 1.09737 0.118244 0.009633 0.00066894 4.20671e-05 2.23797e-06
