2.11711e-06 3.97513e-05 0.000631126 0.00907213 0.111165 1.03008 6.00352 17.82 35.6967 56.5703 76.6917 92.4826 101.146 101.146 92.4826 76.6917 56.5703 35.6967 17.82 6.00352 1.03008 0.111165 0.00907213 0.000631126 3.97513e-05 2.11712e-06
4.02332e-05 0.000801704 0.0136749 0.218129 3.13184 35.6247 252.447 782.331 1581.63 2511.71 3407.07 4109.51 4494.87 4494.87 4109.51 3407.07 2511.71 1581.63 782.331 252.447 35.6247 3.13184 0.218129 0.0136749 0.000801704 4.02332e-05
0.00064733 0.0138868 0.252981 4.36818 73.1514 1075.97 10116.4 32845.7 66962.7 106523 144566 174406 190777 190777 174406 144566 106523 66962.7 32845.7 10116.4 1075.97 73.1514 4.36818 0.252981 0.0138868 0.00064733
0.00941172 0.224893 4.45339 79.9277 1442.36 28190.4 405817 1.38005e+06 2.8325e+06 4.5115e+06 6.12497e+06 7.39056e+06 8.08496e+06 8.08496e+06 7.39056e+06 6.12497e+06 4.5115e+06 2.8325e+06 1.38005e+06 405817 28190.4 1442.36 79.9277 4.45339 0.224893 0.00941172
0.11626 3.26594 75.8826 1479.97 24588.6 551926 1.63797e+07 5.81041e+07 1.1982e+08 1.91001e+08 2.59386e+08 3.13034e+08 3.42472e+08 3.42472e+08 3.13034e+08 2.59386e+08 1.91001e+08 1.1982e+08 5.81041e+07 1.63797e+07 551926 24588.6 1479.97 75.8826 3.26594 0.11626
1.08289 37.4121 1127.97 29456.5 572448 8.12259e+06 8.03527e+08 2.91828e+09 6.01788e+09 9.58499e+09 1.30097e+10 1.56956e+10 1.71693e+10 1.71693e+10 1.56956e+10 1.30097e+10 9.58499e+09 6.01788e+09 2.91828e+09 8.03527e+08 8.12259e+06 572448 29456.5 1127.97 37.4121 1.08289
6.33168 266.255 10670.2 428064 1.72798e+07 8.42573e+08 7.65562e+10 2.67181e+11 5.42035e+11 8.55664e+11 1.15514e+12 1.38918e+12 1.51733e+12 1.51733e+12 1.38918e+12 1.15514e+12 8.55664e+11 5.42035e+11 2.67181e+11 7.65562e+10 8.42573e+08 1.72798e+07 428064 10670.2 266.255 6.33168
18.8082 825.823 34676.5 1.45719e+06 6.13615e+07 3.06428e+09 2.68015e+11 9.32926e+11 1.89064e+12 2.98283e+12 4.02534e+12 4.83988e+12 5.28584e+12 5.28584e+12 4.83988e+12 4.02534e+12 2.98283e+12 1.89064e+12 9.32926e+11 2.68015e+11 3.06428e+09 6.13615e+07 1.45719e+06 34676.5 825.823 18.8082
37.6724 1669.38 70687.4 2.99046e+06 1.2652e+08 6.3189e+09 5.4423e+11 1.89242e+12 3.83353e+12 6.04672e+12 8.15895e+12 9.80916e+12 1.07126e+13 1.07126e+13 9.80916e+12 8.15895e+12 6.04672e+12 3.83353e+12 1.89242e+12 5.4423e+11 6.3189e+09 1.2652e+08 2.99046e+06 70687.4 1669.38 37.6724
59.6757 2649.89 112397 4.76085e+06 2.01583e+08 1.00604e+10 8.5936e+11 2.98651e+12 6.0485e+12 9.53927e+12 1.28706e+13 1.54731e+13 1.68978e+13 1.68978e+13 1.54731e+13 1.28706e+13 9.53927e+12 6.0485e+12 2.98651e+12 8.5936e+11 1.00604e+10 2.01583e+08 4.76085e+06 112397 2649.89 59.6757
80.8601 3592.61 152454 6.45989e+06 2.73599e+08 1.36479e+10 1.16013e+12 4.03038e+12 8.16157e+12 1.28709e+13 1.73649e+13 2.08757e+13 2.27976e+13 2.27976e+13 2.08757e+13 1.73649e+13 1.28709e+13 8.16156e+12 4.03038e+12 1.16013e+12 1.36479e+10 2.73599e+08 6.45989e+06 152454 3592.61 80.8601
97.4666 4331.35 183837 7.79097e+06 3.30025e+08 1.64581e+10 1.39505e+12 4.84559e+12 9.81163e+12 1.54725e+13 2.08743e+13 2.50942e+13 2.74043e+13 2.74043e+13 2.50941e+13 2.08743e+13 1.54725e+13 9.81163e+12 4.84559e+12 1.39505e+12 1.64581e+10 3.30025e+08 7.79097e+06 183837 4331.35 97.4666
106.57 4736.3 201041 8.52068e+06 3.60961e+08 1.79987e+10 1.52364e+12 5.29175e+12 1.07147e+13 1.68962e+13 2.27948e+13 2.74027e+13 2.99253e+13 2.99253e+13 2.74027e+13 2.27948e+13 1.68962e+13 1.07147e+13 5.29175e+12 1.52364e+12 1.79987e+10 3.60961e+08 8.52068e+06 201041 4736.3 106.57
106.57 4736.3 201041 8.52068e+06 3.60961e+08 1.79987e+10 1.52364e+12 5.29175e+12 1.07147e+13 1.68962e+13 2.27948e+13 2.74027e+13 2.99253e+13 2.99253e+13 2.74027e+13 2.27948e+13 1.68962e+13 1.07147e+13 5.29175e+12 1.52364e+12 1.79987e+10 3.60961e+08 8.52068e+06 201041 4736.3 106.57
97.4666 4331.35 183837 7.79097e+06 3.30025e+08 1.64581e+10 1.39505e+12 4.84559e+12 9.81163e+12 1.54725e+13 2.08743e+13 2.50941e+13 2.74043e+13 2.74043e+13 2.50942e+13 2.08743e+13 1.54725e+13 9.81163e+12 4.84559e+12 1.39505e+12 1.64581e+10 3.30025e+08 7.79097e+06 183837 4331.35 97.4666
80.8601 3592.61 152454 6.45989e+06 2.73599e+08 1.36479e+10 1.16013e+12 4.03038e+12 8.16156e+12 1.28709e+13 1.73649e+13 2.08757e+13 2.27976e+13 2.27976e+13 2.08757e+13 1.73649e+13 1.28709e+13 8.16157e+12 4.03038e+12 1.16013e+12 1.36479e+10 2.73599e+08 6.45989e+06 152454 3592.61 80.8601
59.6757 2649.89 112397 4.76085e+06 2.01583e+08 1.00604e+10 8.5936e+11 2.98651e+12 6.0485e+12 9.53927e+12 1.28706e+13 1.54731e+13 1.68978e+13 1.68978e+13 1.54731e+13 1.28706e+13 9.53927e+12 6.0485e+12 2.98651e+12 8.5936e+11 1.00604e+10 2.01583e+08 4.76085e+06 112397 2649.89 59.6757
37.6724 1669.38 70687.4 2.99046e+06 1.2652e+08 6.3189e+09 5.4423e+11 1.89242e+12 3.83353e+12 6.04672e+12 8.15895e+12 9.80916e+12 1.07126e+13 1.07126e+13 9.80916e+12 8.15895e+12 6.04671e+12 3.83353e+12 1.89242e+12 5.4423e+11 6.3189e+09 1.2652e+08 2.99046e+06 70687.4 1669.38 37.6724
18.8082 825.823 34676.5 1.45719e+06 6.13615e+07 3.06428e+09 2.68015e+11 9.32926e+11 1.89064e+12 2.98283e+12 4.02534e+12 4.83988e+12 5.28584e+12 5.28584e+12 4.83988e+12 4.02534e+12 2.98283e+12 1.89064e+12 9.32926e+11 2.68015e+11 3.06428e+09 6.13615e+07 1.45719e+06 34676.5 825.823 18.8082
6.33168 266.255 10670.2 428064 1.72798e+07 8.42573e+08 7.65562e+10 2.67181e+11 5.42035e+11 8.55664e+11 1.15514e+12 1.38918e+12 1.51733e+12 1.51733e+12 1.38918e+12 1.15514e+12 8.55664e+11 5.42035e+11 2.67181e+11 7.65562e+10 8.42573e+08 1.72798e+07 428064 10670.2 266.255 6.33168
1.08289 37.4121 1127.97 29456.5 572448 8.12259e+06 8.03527e+08 2.91828e+09 6.01788e+09 9.58499e+09 1.30097e+10 1.56956e+10 1.71693e+10 1.71693e+10 1.56956e+10 1.30097e+10 9.58499e+09 6.01788e+09 2.91828e+09 8.03527e+08 8.12259e+06 572448 29456.5 1127.97 37.4121 1.08289
0.11626 3.26594 75.8826 1479.97 24588.6 551926 1.63797e+07 5.81041e+07 1.1982e+08 1.91001e+08 2.59386e+08 3.13034e+08 3.42472e+08 3.42472e+08 3.13034e+08 2.59386e+08 1.91001e+08 1.1982e+08 5.81041e+07 1.63797e+07 551926 24588.6 1479.97 75.8826 3.26594 0.11626
0.00941172 0.224893 4.45339 79.9277 1442.36 28190.4 405817 1.38005e+06 2.8325e+06 4.5115e+06 6.12497e+06 7.39056e+06 8.08496e+06 8.08496e+06 7.39056e+06 6.12497e+06 4.5115e+06 2.8325e+06 1.38005e+06 405817 28190.4 1442.36 79.9277 4.45339 0.224893 0.00941172
0.00064733 0.0138868 0.252981 4.36818 73.1514 1075.97 10116.4 32845.7 66962.7 106523 144566 174406 190777 190777 174406 144566 106523 66962.7 32845.7 10116.4 1075.97 73.1514 4.36818 0.252981 0.0138868 0.00064733
4.02332e-05 0.000801704 0.0136749 0.218129 3.13184 35.6247 252.447 782.331 1581.63 2511.71 3407.07 4109.51 4494.87 4494.87 4109.51 3407.07 2511.71 1581.63 782.331 252.447 35.6247 3.13184 0.218129 0.0136749 0.000801704 4.02332e-05
2.11712e-06 3.97513e-05 0.000631126 0.00907213 0.111165 1.03008 6.00352 17.82 35.6967 56.5703 76.6917 92.4826 101.146 101.146 92.4826 76.6917 56.5703 35.6967 17.82 6.00352 1.03008 0.111165 0.00907213 0.000631126 3.97513e-05 2.11712e-06
