9.59124 177.805 2755.28 38356.4 455360 4.11836e+06 2.36378e+07 6.93685e+07 1.37079e+08 2.13821e+08 2.8533e+08 3.39704e+08 3.68875e+08 3.68875e+08 3.39704e+08 2.8533e+08 2.13821e+08 1.37079e+08 6.93685e+07 2.36378e+07 4.11836e+06 455360 38356.4 2755.28 177.805 9.59125
184.386 3658.3 61295.7 945592 1.30425e+07 1.43562e+08 9.98012e+08 3.05618e+09 6.09147e+09 9.51373e+09 1.26917e+10 1.51027e+10 1.63944e+10 1.63944e+10 1.51027e+10 1.26917e+10 9.51373e+09 6.09147e+09 3.05618e+09 9.98012e+08 1.43562e+08 1.30425e+07 945592 61295.7 3658.3 184.386
2973.88 64228.6 1.1661e+06 1.9624e+07 3.1297e+08 4.38639e+09 4.01771e+10 1.28832e+11 2.58785e+11 4.04512e+11 5.39385e+11 6.41479e+11 6.96096e+11 6.96096e+11 6.41479e+11 5.39385e+11 4.04512e+11 2.58785e+11 1.28832e+11 4.01771e+10 4.38639e+09 3.1297e+08 1.9624e+07 1.1661e+06 64228.6 2973.88
42789.8 1.03736e+06 2.08342e+07 3.73767e+08 6.46253e+09 1.17104e+11 1.61909e+12 5.4353e+12 1.0985e+13 1.71767e+13 2.28898e+13 2.7205e+13 2.95102e+13 2.95102e+13 2.7205e+13 2.28898e+13 1.71767e+13 1.0985e+13 5.4353e+12 1.61909e+12 1.17104e+11 6.46253e+09 3.73767e+08 2.08342e+07 1.03736e+06 42789.8
518004 1.47651e+07 3.50356e+08 7.02508e+09 1.1832e+11 2.39162e+12 6.56247e+13 2.29729e+14 4.66212e+14 7.28904e+14 9.70644e+14 1.15285e+15 1.25004e+15 1.25004e+15 1.15285e+15 9.70643e+14 7.28904e+14 4.66212e+14 2.29729e+14 6.56247e+13 2.39162e+12 1.1832e+11 7.02508e+09 3.50356e+08 1.47651e+07 518004
4.71351e+06 1.64376e+08 5.02651e+09 1.34411e+11 2.75358e+12 4.17243e+13 3.27239e+15 1.17227e+16 2.3794e+16 3.71794e+16 4.94961e+16 5.87825e+16 6.37375e+16 6.37375e+16 5.87825e+16 4.94961e+16 3.71794e+16 2.3794e+16 1.17227e+16 3.27239e+15 4.17243e+13 2.75358e+12 1.34411e+11 5.02651e+09 1.64376e+08 4.71351e+06
2.69954e+07 1.13956e+09 4.58668e+10 1.84803e+12 7.48881e+13 3.60453e+15 3.10869e+17 1.07775e+18 2.16775e+18 3.38551e+18 4.52033e+18 5.38745e+18 5.85479e+18 5.85479e+18 5.38745e+18 4.52033e+18 3.38551e+18 2.16775e+18 1.07775e+18 3.10869e+17 3.60453e+15 7.48881e+13 1.84803e+12 4.58668e+10 1.13956e+09 2.69954e+07
7.90974e+07 3.48376e+09 1.4681e+11 6.19188e+12 2.61627e+14 1.29256e+16 1.08287e+18 3.74478e+18 7.52248e+18 1.17384e+19 1.5664e+19 1.86619e+19 2.02772e+19 2.02772e+19 1.86619e+19 1.5664e+19 1.17384e+19 7.52248e+18 3.74478e+18 1.08287e+18 1.29256e+16 2.61627e+14 6.19188e+12 1.4681e+11 3.48376e+09 7.90974e+07
1.56122e+08 6.9354e+09 2.94537e+11 1.24984e+13 5.30266e+14 2.62192e+16 2.17959e+18 7.52799e+18 1.51044e+19 2.35424e+19 3.13841e+19 3.73626e+19 4.05803e+19 4.05803e+19 3.73626e+19 3.13841e+19 2.35424e+19 1.51044e+19 7.52799e+18 2.17959e+18 2.62192e+16 5.30266e+14 1.24984e+13 2.94537e+11 6.9354e+09 1.56122e+08
2.43285e+08 1.08208e+10 4.59915e+11 1.9522e+13 8.2813e+14 4.09257e+16 3.40205e+18 1.17406e+19 2.35299e+19 3.66293e+19 4.87737e+19 5.80138e+19 6.29798e+19 6.29798e+19 5.80138e+19 4.87737e+19 3.66293e+19 2.35299e+19 1.17406e+19 3.40205e+18 4.09257e+16 8.2813e+14 1.9522e+13 4.59915e+11 1.08208e+10 2.43285e+08
3.24376e+08 1.44229e+10 6.12715e+11 2.59913e+13 1.10173e+15 5.44225e+16 4.53782e+18 1.56517e+19 3.1337e+19 4.87266e+19 6.48116e+19 7.70255e+19 8.3581e+19 8.3581e+19 7.70255e+19 6.48116e+19 4.87266e+19 3.1337e+19 1.56517e+19 4.53782e+18 5.44225e+16 1.10173e+15 2.59913e+13 6.12715e+11 1.44229e+10 3.24376e+08
3.85954e+08 1.7152e+10 7.28212e+11 3.08703e+13 1.30763e+15 6.45738e+16 5.40314e+18 1.863e+19 3.72724e+19 5.79049e+19 7.69553e+19 9.13984e+19 9.91421e+19 9.91421e+19 9.13984e+19 7.69553e+19 5.79049e+19 3.72724e+19 1.863e+19 5.40314e+18 6.45738e+16 1.30763e+15 3.08703e+13 7.28212e+11 1.7152e+10 3.85954e+08
4.18959e+08 1.86126e+10 7.89936e+11 3.34739e+13 1.41733e+15 6.9981e+16 5.86853e+18 2.02313e+19 4.04603e+19 6.28277e+19 8.34598e+19 9.90887e+19 1.07463e+20 1.07463e+20 9.90887e+19 8.34598e+19 6.28277e+19 4.04603e+19 2.02313e+19 5.86853e+18 6.9981e+16 1.41733e+15 3.34739e+13 7.89936e+11 1.86126e+10 4.18959e+08
4.18959e+08 1.86126e+10 7.89936e+11 3.34739e+13 1.41733e+15 6.9981e+16 5.86853e+18 2.02313e+19 4.04603e+19 6.28277e+19 8.34598e+19 9.90887e+19 1.07463e+20 1.07463e+20 9.90887e+19 8.34598e+19 6.28277e+19 4.04603e+19 2.02313e+19 5.86853e+18 6.9981e+16 1.41733e+15 3.34739e+13 7.89936e+11 1.86126e+10 4.18959e+08
3.85954e+08 1.7152e+10 7.28212e+11 3.08703e+13 1.30763e+15 6.45738e+16 5.40314e+18 1.863e+19 3.72724e+19 5.79049e+19 7.69553e+19 9.13984e+19 9.91421e+19 9.91421e+19 9.13984e+19 7.69553e+19 5.79049e+19 3.72724e+19 1.863e+19 5.40314e+18 6.45738e+16 1.30763e+15 3.08703e+13 7.28212e+11 1.7152e+10 3.85954e+08
3.24376e+08 1.44229e+10 6.12715e+11 2.59913e+13 1.10173e+15 5.44225e+16 4.53782e+18 1.56517e+19 3.1337e+19 4.87266e+19 6.48116e+19 7.70255e+19 8.3581e+19 8.3581e+19 7.70255e+19 6.48116e+19 4.87266e+19 3.1337e+19 1.56517e+19 4.53782e+18 5.44225e+16 1.10173e+15 2.59913e+13 6.12715e+11 1.44229e+10 3.24376e+08
2.43285e+08 1.08208e+10 4.59915e+11 1.9522e+13 8.2813e+14 4.09257e+16 3.40205e+18 1.17406e+19 2.35299e+19 3.66293e+19 4.87737e+19 5.80138e+19 6.29798e+19 6.29798e+19 5.80138e+19 4.87737e+19 3.66293e+19 2.35299e+19 1.17406e+19 3.40205e+18 4.09257e+16 8.2813e+14 1.9522e+13 4.59915e+11 1.08208e+10 2.43285e+08
1.56122e+08 6.9354e+09 2.94537e+11 1.24984e+13 5.30266e+14 2.62192e+16 2.17959e+18 7.52799e+18 1.51044e+19 2.35424e+19 3.13841e+19 3.73626e+19 4.05803e+19 4.05803e+19 3.73626e+19 3.13841e+19 2.35424e+19 1.51044e+19 7.52799e+18 2.17959e+18 2.62192e+16 5.30266e+14 1.24984e+13 2.94537e+11 6.9354e+09 1.56122e+08
7.90974e+07 3.48376e+09 1.4681e+11 6.19188e+12 2.61627e+14 1.29256e+16 1.08287e+18 3.74478e+18 7.52248e+18 1.17384e+19 1.5664e+19 1.86619e+19 2.02772e+19 2.02772e+19 1.86619e+19 1.5664e+19 1.17384e+19 7.52248e+18 3.74478e+18 1.08287e+18 1.29256e+16 2.61627e+14 6.19188e+12 1.4681e+11 3.48376e+09 7.90974e+07
2.69954e+07 1.13956e+09 4.58668e+10 1.84803e+12 7.48881e+13 3.60453e+15 3.10869e+17 1.07775e+18 2.16775e+18 3.38551e+18 4.52033e+18 5.38745e+18 5.85479e+18 5.85479e+18 5.38745e+18 4.52033e+18 3.38551e+18 2.16775e+18 1.07775e+18 3.10869e+17 3.60453e+15 7.48881e+13 1.84803e+12 4.58668e+10 1.13956e+09 2.69954e+07
4.71351e+06 1.64376e+08 5.02651e+09 1.34411e+11 2.75358e+12 4.17243e+13 3.27239e+15 1.17227e+16 2.3794e+16 3.71794e+16 4.94961e+16 5.87825e+16 6.37375e+16 6.37375e+16 5.87825e+16 4.94961e+16 3.71794e+16 2.3794e+16 1.17227e+16 3.27239e+15 4.17243e+13 2.75358e+12 1.34411e+11 5.02651e+09 1.64376e+08 4.71351e+06
518004 1.47651e+07 3.50356e+08 7.02508e+09 1.1832e+11 2.39162e+12 6.56247e+13 2.29729e+14 4.66212e+14 7.28904e+14 9.70643e+14 1.15285e+15 1.25004e+15 1.25004e+15 1.15285e+15 9.70644e+14 7.28904e+14 4.66212e+14 2.29729e+14 6.56247e+13 2.39162e+12 1.1832e+11 7.02508e+09 3.50356e+08 1.47651e+07 518004
42789.8 1.03736e+06 2.08342e+07 3.73767e+08 6.46252e+09 1.17104e+11 1.61909e+12 5.4353e+12 1.0985e+13 1.71767e+13 2.28898e+13 2.7205e+13 2.95102e+13 2.95102e+13 2.7205e+13 2.28898e+13 1.71767e+13 1.0985e+13 5.4353e+12 1.61909e+12 1.17104e+11 6.46253e+09 3.73767e+08 2.08342e+07 1.03736e+06 42789.8
2973.88 64228.6 1.1661e+06 1.9624e+07 3.1297e+08 4.38639e+09 4.01771e+10 1.28832e+11 2.58785e+11 4.04512e+11 5.39385e+11 6.41479e+11 6.96096e+11 6.96096e+11 6.41479e+11 5.39385e+11 4.04512e+11 2.58785e+11 1.28832e+11 4.01771e+10 4.38639e+09 3.1297e+08 1.9624e+07 1.1661e+06 64228.6 2973.88
184.385 3658.3 61295.7 945592 1.30425e+07 1.43562e+08 9.98012e+08 3.05618e+09 6.09147e+09 9.51373e+09 1.26917e+10 1.51027e+10 1.63944e+10 1.63944e+10 1.51027e+10 1.26917e+10 9.51373e+09 6.09147e+09 3.05618e+09 9.98012e+08 1.43562e+08 1.30425e+07 945592 61295.7 3658.3 184.385
9.59125 177.805 2755.28 38356.4 455360 4.11836e+06 2.36378e+07 6.93685e+07 1.37079e+08 2.13821e+08 2.8533e+08 3.39704e+08 3.68875e+08 3.68875e+08 3.39704e+08 2.8533e+08 2.13821e+08 1.37079e+08 6.93685e+07 2.36378e+07 4.11836e+06 455360 38356.4 2755.28 177.805 9.59125
