22.0372 407.278 6284.61 87047.1 1.02775e+06 9.24226e+06 5.26966e+07 1.53097e+08 2.98681e+08 4.59518e+08 6.05478e+08 7.13943e+08 7.71225e+08 7.71225e+08 7.13943e+08 6.05478e+08 4.59518e+08 2.98681e+08 1.53097e+08 5.26966e+07 9.24226e+06 1.02775e+06 87047.1 6284.61 407.278 22.0372
422.789 8368.19 139713 2.14504e+06 2.94207e+07 3.21958e+08 2.22391e+09 6.74027e+09 1.32561e+10 2.04074e+10 2.68666e+10 3.16503e+10 3.41714e+10 3.41714e+10 3.16503e+10 2.68666e+10 2.04074e+10 1.32561e+10 6.74027e+09 2.22391e+09 3.21958e+08 2.94207e+07 2.14504e+06 139713 8368.19 422.789
6798.45 146596 2.65507e+06 4.45087e+07 7.05896e+08 9.83234e+09 8.95065e+10 2.8397e+11 5.62489e+11 8.66062e+11 1.13894e+12 1.34035e+12 1.44626e+12 1.44626e+12 1.34035e+12 1.13894e+12 8.66062e+11 5.62489e+11 2.8397e+11 8.95065e+10 9.83234e+09 7.05896e+08 4.45087e+07 2.65507e+06 146596 6798.45
97432.5 2.35976e+06 4.73368e+07 8.47495e+08 1.45874e+10 2.62504e+11 3.60738e+12 1.19768e+13 2.3853e+13 3.67114e+13 4.8218e+13 5.66819e+13 6.11225e+13 6.11225e+13 5.66819e+13 4.8218e+13 3.67114e+13 2.3853e+13 1.19768e+13 3.60738e+12 2.62504e+11 1.45874e+10 8.47495e+08 4.73368e+07 2.35976e+06 97432.5
1.17388e+06 3.34358e+07 7.92981e+08 1.58973e+10 2.67505e+11 5.36859e+12 1.46294e+14 5.06234e+14 1.01162e+15 1.55555e+15 2.04027e+15 2.39562e+15 2.58162e+15 2.58162e+15 2.39562e+15 2.04027e+15 1.55555e+15 1.01162e+15 5.06234e+14 1.46294e+14 5.36859e+12 2.67505e+11 1.58973e+10 7.92981e+08 3.34358e+07 1.17388e+06
1.06228e+07 3.70216e+08 1.13163e+10 3.0265e+11 6.21031e+12 9.43348e+13 7.30808e+15 2.58781e+16 5.17234e+16 7.95009e+16 1.04269e+17 1.22448e+17 1.31974e+17 1.31974e+17 1.22448e+17 1.04269e+17 7.95009e+16 5.17234e+16 2.58781e+16 7.30808e+15 9.43348e+13 6.21031e+12 3.0265e+11 1.13163e+10 3.70216e+08 1.06228e+07
6.04267e+07 2.5496e+09 1.02593e+11 4.13389e+12 1.67605e+14 8.06986e+15 6.93489e+17 2.38545e+18 4.74771e+18 7.33225e+18 9.69228e+18 1.14656e+19 1.24109e+19 1.24109e+19 1.14656e+19 9.69228e+18 7.33225e+18 4.74771e+18 2.38545e+18 6.93489e+17 8.06986e+15 1.67605e+14 4.13389e+12 1.02593e+11 2.5496e+09 6.04267e+07
1.75267e+08 7.71372e+09 3.24869e+11 1.36971e+13 5.78749e+14 2.85984e+16 2.39566e+18 8.22074e+18 1.63388e+19 2.52075e+19 3.32961e+19 3.93683e+19 4.26036e+19 4.26036e+19 3.93683e+19 3.32961e+19 2.52075e+19 1.63388e+19 8.22074e+18 2.39566e+18 2.85984e+16 5.78749e+14 1.36971e+13 3.24869e+11 7.71372e+09 1.75267e+08
3.41528e+08 1.51522e+10 6.42705e+11 2.72445e+13 1.15503e+15 5.71077e+16 4.76786e+18 1.63386e+19 3.24198e+19 4.99316e+19 6.58522e+19 7.7772e+19 8.41113e+19 8.41113e+19 7.7772e+19 6.58522e+19 4.99316e+19 3.24198e+19 1.63386e+19 4.76786e+18 5.71077e+16 1.15503e+15 2.72445e+13 6.42705e+11 1.51522e+10 3.41528e+08
5.24925e+08 2.33031e+10 9.88551e+11 4.18869e+13 1.77415e+15 8.76549e+16 7.3531e+18 2.5173e+19 4.98644e+19 7.66521e+19 1.00913e+20 1.19018e+20 1.28626e+20 1.28626e+20 1.19018e+20 1.00913e+20 7.66521e+19 4.98644e+19 2.5173e+19 7.3531e+18 8.76549e+16 1.77415e+15 4.18869e+13 9.88551e+11 2.33031e+10 5.24925e+08
6.91103e+08 3.06533e+10 1.29891e+12 5.49671e+13 2.32487e+15 1.148e+17 9.70272e+18 3.31932e+19 6.56513e+19 1.00741e+20 1.32407e+20 1.55963e+20 1.68437e+20 1.68437e+20 1.55963e+20 1.32407e+20 1.00741e+20 6.56513e+19 3.31932e+19 9.70272e+18 1.148e+17 2.32487e+15 5.49671e+13 1.29891e+12 3.06533e+10 6.91103e+08
8.14426e+08 3.60894e+10 1.52766e+12 6.45742e+13 2.72798e+15 1.3466e+17 1.14605e+19 3.91885e+19 7.74208e+19 1.18642e+20 1.55735e+20 1.83263e+20 1.97815e+20 1.97815e+20 1.83263e+20 1.55735e+20 1.18642e+20 7.74208e+19 3.91885e+19 1.14605e+19 1.3466e+17 2.72798e+15 6.45742e+13 1.52766e+12 3.60894e+10 8.14426e+08
8.79496e+08 3.89516e+10 1.64782e+12 6.96093e+13 2.93875e+15 1.45043e+17 1.23947e+19 4.23731e+19 8.36615e+19 1.28112e+20 1.68051e+20 1.97651e+20 2.13285e+20 2.13285e+20 1.97651e+20 1.68051e+20 1.28112e+20 8.36615e+19 4.23731e+19 1.23947e+19 1.45043e+17 2.93875e+15 6.96093e+13 1.64782e+12 3.89516e+10 8.79496e+08
8.79496e+08 3.89516e+10 1.64782e+12 6.96093e+13 2.93875e+15 1.45043e+17 1.23947e+19 4.23731e+19 8.36615e+19 1.28112e+20 1.68051e+20 1.97651e+20 2.13285e+20 2.13285e+20 1.97651e+20 1.68051e+20 1.28112e+20 8.36615e+19 4.23731e+19 1.23947e+19 1.45043e+17 2.93875e+15 6.96093e+13 1.64782e+12 3.89516e+10 8.79496e+08
8.14426e+08 3.60894e+10 1.52766e+12 6.45742e+13 2.72798e+15 1.3466e+17 1.14605e+19 3.91885e+19 7.74208e+19 1.18642e+20 1.55735e+20 1.83263e+20 1.97815e+20 1.97815e+20 1.83263e+20 1.55735e+20 1.18642e+20 7.74208e+19 3.91885e+19 1.14605e+19 1.3466e+17 2.72798e+15 6.45742e+13 1.52766e+12 3.60894e+10 8.14426e+08
6.91103e+08 3.06533e+10 1.29891e+12 5.49671e+13 2.32487e+15 1.148e+17 9.70272e+18 3.31932e+19 6.56513e+19 1.00741e+20 1.32407e+20 1.55963e+20 1.68437e+20 1.68437e+20 1.55963e+20 1.32407e+20 1.00741e+20 6.56513e+19 3.31932e+19 9.70272e+18 1.148e+17 2.32487e+15 5.49671e+13 1.29891e+12 3.06533e+10 6.91103e+08
5.24925e+08 2.33031e+10 9.88551e+11 4.18869e+13 1.77415e+15 8.76549e+16 7.3531e+18 2.5173e+19 4.98644e+19 7.66521e+19 1.00913e+20 1.19018e+20 1.28626e+20 1.28626e+20 1.19018e+20 1.00913e+20 7.66521e+19 4.98644e+19 2.5173e+19 7.3531e+18 8.76549e+16 1.77415e+15 4.18869e+13 9.88551e+11 2.33031e+10 5.24925e+08
3.41528e+08 1.51522e+10 6.42705e+11 2.72445e+13 1.15503e+15 5.71077e+16 4.76786e+18 1.63386e+19 3.24198e+19 4.99316e+19 6.58522e+19 7.7772e+19 8.41113e+19 8.41113e+19 7.7772e+19 6.58522e+19 4.99316e+19 3.24198e+19 1.63386e+19 4.76786e+18 5.71077e+16 1.15503e+15 2.72445e+13 6.42705e+11 1.51522e+10 3.41528e+08
1.75267e+08 7.71372e+09 3.24869e+11 1.36971e+13 5.78749e+14 2.85984e+16 2.39566e+18 8.22074e+18 1.63388e+19 2.52075e+19 3.32961e+19 3.93683e+19 4.26036e+19 4.26036e+19 3.93683e+19 3.32961e+19 2.52075e+19 1.63388e+19 8.22074e+18 2.39566e+18 2.85984e+16 5.78749e+14 1.36971e+13 3.24869e+11 7.71372e+09 1.75267e+08
6.04267e+07 2.5496e+09 1.02593e+11 4.13389e+12 1.67605e+14 8.06986e+15 6.93489e+17 2.38545e+18 4.74771e+18 7.33225e+18 9.69228e+18 1.14656e+19 1.24109e+19 1.24109e+19 1.14656e+19 9.69228e+18 7.33225e+18 4.74771e+18 2.38545e+18 6.93489e+17 8.06986e+15 1.67605e+14 4.13389e+12 1.02593e+11 2.5496e+09 6.04267e+07
1.06228e+07 3.70216e+08 1.13163e+10 3.0265e+11 6.21031e+12 9.43348e+13 7.30808e+15 2.58781e+16 5.17234e+16 7.95009e+16 1.04269e+17 1.22448e+17 1.31974e+17 1.31974e+17 1.22448e+17 1.04269e+17 7.95009e+16 5.17234e+16 2.58781e+16 7.30808e+15 9.43348e+13 6.21031e+12 3.0265e+11 1.13163e+10 3.70216e+08 1.06228e+07
1.17388e+06 3.34358e+07 7.92981e+08 1.58973e+10 2.67505e+11 5.36859e+12 1.46294e+14 5.06234e+14 1.01162e+15 1.55555e+15 2.04027e+15 2.39562e+15 2.58162e+15 2.58162e+15 2.39562e+15 2.04027e+15 1.55555e+15 1.01162e+15 5.06234e+14 1.46294e+14 5.36859e+12 2.67505e+11 1.58973e+10 7.92981e+08 3.34358e+07 1.17388e+06
97432.5 2.35976e+06 4.73368e+07 8.47495e+08 1.45874e+10 2.62504e+11 3.60738e+12 1.19768e+13 2.3853e+13 3.67114e+13 4.8218e+13 5.66819e+13 6.11225e+13 6.11225e+13 5.66819e+13 4.8218e+13 3.67114e+13 2.3853e+13 1.19768e+13 3.60738e+12 2.62504e+11 1.45874e+10 8.47495e+08 4.73368e+07 2.35976e+06 97432.5
6798.45 146596 2.65507e+06 4.45087e+07 7.05896e+08 9.83234e+09 8.95065e+10 2.8397e+11 5.62489e+11 8.66062e+11 1.13894e+12 1.34035e+12 1.44626e+12 1.44626e+12 1.34035e+12 1.13894e+12 8.66062e+11 5.62489e+11 2.8397e+11 8.95065e+10 9.83234e+09 7.05896e+08 4.45087e+07 2.65507e+06 146596 6798.45
422.789 8368.19 139713 2.14504e+06 2.94207e+07 3.21958e+08 2.22391e+09 6.74027e+09 1.32561e+10 2.04074e+10 2.68666e+10 3.16503e+10 3.41714e+10 3.41714e+10 3.16503e+10 2.68666e+10 2.04074e+10 1.32561e+10 6.74027e+09 2.22391e+09 3.21958e+08 2.94207e+07 2.14504e+06 139713 8368.19 422.789
22.0372 407.278 6284.61 87047.1 1.02775e+06 9.24226e+06 5.26966e+07 1.53097e+08 2.98681e+08 4.59518e+08 6.05478e+08 7.13943e+08 7.71225e+08 7.71225e+08 7.13943e+08 6.05478e+08 4.59518e+08 2.98681e+08 1.53097e+08 5.26966e+07 9.24226e+06 1.02775e+06 87047.1 6284.61 407.278 22.0372
