0.000256548 0.00482113 0.0766243 1.10264 13.5245 125.418 731.346 2171.27 4349.41 6891.41 9339.77 11259.5 12311.9 12311.9 11259.5 9339.77 6891.41 4349.41 2171.27 731.346 125.418 13.5245 1.10264 0.0766243 0.00482113 0.000256548
0.00487713 0.0972599 1.66067 26.5204 381.215 4340.38 30775.8 95397.4 192869 306233 415274 500740 547592 547592 500740 415274 306233 192869 95397.4 30775.8 4340.38 381.215 26.5204 1.66067 0.0972599 0.00487713
0.0785096 1.68531 30.7268 531.143 8906.75 131163 1.23409e+06 4.00798e+06 8.17156e+06 1.29971e+07 1.76336e+07 2.12668e+07 2.32586e+07 2.32586e+07 2.12668e+07 1.76336e+07 1.29971e+07 8.17156e+06 4.00798e+06 1.23409e+06 131163 8906.75 531.143 30.7268 1.68531 0.0785096
1.14223 27.3081 541.051 9717.57 175595 3.43757e+06 4.95313e+07 1.68495e+08 3.4586e+08 5.50793e+08 7.47552e+08 9.0173e+08 9.86256e+08 9.86256e+08 9.0173e+08 7.47552e+08 5.50793e+08 3.4586e+08 1.68495e+08 4.95313e+07 3.43757e+06 175595 9717.57 541.051 27.3081 1.14223
14.1205 396.883 9225.11 179960 2.99113e+06 6.72925e+07 1.99997e+09 7.09717e+09 1.46372e+10 2.33296e+10 3.16727e+10 3.82108e+10 4.17955e+10 4.17955e+10 3.82108e+10 3.16727e+10 2.33296e+10 1.46372e+10 7.09717e+09 1.99997e+09 6.72925e+07 2.99113e+06 179960 9225.11 396.883 14.1205
131.622 4550.26 137258 3.58535e+06 6.96516e+07 9.87747e+08 9.81153e+10 3.56499e+11 7.35285e+11 1.17103e+12 1.58901e+12 1.91648e+12 2.096e+12 2.096e+12 1.91648e+12 1.58901e+12 1.17103e+12 7.35285e+11 3.56499e+11 9.81153e+10 9.87747e+08 6.96516e+07 3.58535e+06 137258 4550.26 131.622
770.022 32405.2 1.29953e+06 5.21628e+07 2.10655e+09 1.02774e+11 9.34828e+12 3.26403e+13 6.62408e+13 1.04588e+14 1.41198e+14 1.698e+14 1.85456e+14 1.85456e+14 1.698e+14 1.41198e+14 1.04588e+14 6.62408e+13 3.26403e+13 9.34828e+12 1.02774e+11 2.10655e+09 5.21628e+07 1.29953e+06 32405.2 770.022
2287.63 100526 4.22416e+06 1.77615e+08 7.48273e+09 3.73895e+11 3.27381e+13 1.14009e+14 2.31127e+14 3.64719e+14 4.9222e+14 5.91812e+14 6.46324e+14 6.46324e+14 5.91812e+14 4.9222e+14 3.64719e+14 2.31127e+14 1.14009e+14 3.27381e+13 3.73895e+11 7.48273e+09 1.77615e+08 4.22416e+06 100526 2287.63
4581.32 203183 8.60995e+06 3.64475e+08 1.54276e+10 7.71015e+11 6.64916e+13 2.31314e+14 4.68746e+14 7.39518e+14 9.97916e+14 1.19974e+15 1.3102e+15 1.3102e+15 1.19974e+15 9.97916e+14 7.39518e+14 4.68746e+14 2.31314e+14 6.64916e+13 7.71015e+11 1.54276e+10 3.64475e+08 8.60995e+06 203183 4581.32
7254.33 322403 1.36853e+07 5.8004e+08 2.4572e+10 1.22716e+12 1.04995e+14 3.65062e+14 7.39622e+14 1.16673e+15 1.57429e+15 1.89261e+15 2.06683e+15 2.06683e+15 1.89261e+15 1.57429e+15 1.16673e+15 7.39622e+14 3.65062e+14 1.04995e+14 1.22716e+12 2.4572e+10 5.8004e+08 1.36853e+07 322403 7254.33
9824.67 436883 1.85533e+07 7.86637e+08 3.33328e+10 1.66393e+12 1.41725e+14 4.92618e+14 9.9793e+14 1.5741e+15 2.12388e+15 2.55326e+15 2.78827e+15 2.78827e+15 2.55326e+15 2.12388e+15 1.5741e+15 9.9793e+14 4.92618e+14 1.41725e+14 1.66393e+12 3.33328e+10 7.86637e+08 1.85533e+07 436883 9824.67
11837 526473 2.23619e+07 9.48259e+08 4.01865e+10 2.00557e+12 1.70397e+14 5.92173e+14 1.19953e+15 1.89202e+15 2.55278e+15 3.06884e+15 3.35129e+15 3.35129e+15 3.06884e+15 2.55278e+15 1.89202e+15 1.19953e+15 5.92173e+14 1.70397e+14 2.00557e+12 4.01865e+10 9.48259e+08 2.23619e+07 526473 11837
12939.1 575533 2.44475e+07 1.03676e+09 4.39398e+10 2.19264e+12 1.86082e+14 6.46634e+14 1.30981e+15 2.06593e+15 2.7874e+15 3.35087e+15 3.65927e+15 3.65927e+15 3.35087e+15 2.7874e+15 2.06593e+15 1.30981e+15 6.46634e+14 1.86082e+14 2.19264e+12 4.39398e+10 1.03676e+09 2.44475e+07 575533 12939.1
12939.1 575533 2.44475e+07 1.03676e+09 4.39398e+10 2.19264e+12 1.86082e+14 6.46634e+14 1.30981e+15 2.06593e+15 2.7874e+15 3.35087e+15 3.65927e+15 3.65927e+15 3.35087e+15 2.7874e+15 2.06593e+15 1.30981e+15 6.46634e+14 1.86082e+14 2.19264e+12 4.39398e+10 1.03676e+09 2.44475e+07 575533 12939.1
11837 526473 2.23619e+07 9.48259e+08 4.01865e+10 2.00557e+12 1.70397e+14 5.92173e+14 1.19953e+15 1.89202e+15 2.55278e+15 3.06884e+15 3.35129e+15 3.35129e+15 3.06884e+15 2.55278e+15 1.89202e+15 1.19953e+15 5.92173e+14 1.70397e+14 2.00557e+12 4.01865e+10 9.48259e+08 2.23619e+07 526473 11837
9824.67 436883 1.85533e+07 7.86637e+08 3.33328e+10 1.66393e+12 1.41725e+14 4.92618e+14 9.9793e+14 1.5741e+15 2.12388e+15 2.55326e+15 2.78827e+15 2.78827e+15 2.55326e+15 2.12388e+15 1.5741e+15 9.9793e+14 4.92618e+14 1.41725e+14 1.66393e+12 3.33328e+10 7.86637e+08 1.85533e+07 436883 9824.67
7254.33 322403 1.36853e+07 5.8004e+08 2.4572e+10 1.22716e+12 1.04995e+14 3.65062e+14 7.39622e+14 1.16673e+15 1.57429e+15 1.89261e+15 2.06683e+15 2.06683e+15 1.89261e+15 1.57429e+15 1.16673e+15 7.39622e+14 3.65062e+14 1.04995e+14 1.22716e+12 2.4572e+10 5.8004e+08 1.36853e+07 322403 7254.33
4581.32 203183 8.60995e+06 3.64475e+08 1.54276e+10 7.71015e+11 6.64916e+13 2.31314e+14 4.68746e+14 7.39518e+14 9.97916e+14 1.19974e+15 1.3102e+15 1.3102e+15 1.19974e+15 9.97916e+14 7.39518e+14 4.68746e+14 2.31314e+14 6.64916e+13 7.71015e+11 1.54276e+10 3.64475e+08 8.60995e+06 203183 4581.32
2287.63 100526 4.22416e+06 1.77615e+08 7.48273e+09 3.73895e+11 3.27381e+13 1.14009e+14 2.31127e+14 3.64719e+14 4.9222e+14 5.91812e+14 6.46324e+14 6.46324e+14 5.91812e+14 4.9222e+14 3.64719e+14 2.31127e+14 1.14009e+14 3.27381e+13 3.73895e+11 7.48273e+09 1.77615e+08 4.22416e+06 100526 2287.63
770.022 32405.2 1.29953e+06 5.21628e+07 2.10655e+09 1.02774e+11 9.34828e+12 3.26403e+13 6.62408e+13 1.04588e+14 1.41198e+14 1.698e+14 1.85456e+14 1.85456e+14 1.698e+14 1.41198e+14 1.04588e+14 6.62408e+13 3.26403e+13 9.34828e+12 1.02774e+11 2.10655e+09 5.21628e+07 1.29953e+06 32405.2 770.022
131.622 4550.26 137258 3.58535e+06 6.96516e+07 9.87747e+08 9.81153e+10 3.56499e+11 7.35285e+11 1.17103e+12 1.58901e+12 1.91648e+12 2.096e+12 2.096e+12 1.91648e+12 1.58901e+12 1.17103e+12 7.35285e+11 3.56499e+11 9.81153e+10 9.87747e+08 6.96516e+07 3.58535e+06 137258 4550.26 131.622
14.1205 396.883 9225.11 179960 2.99113e+06 6.72925e+07 1.99997e+09 7.09717e+09 1.46372e+10 2.33296e+10 3.16727e+10 3.82108e+10 4.17955e+10 4.17955e+10 3.82108e+10 3.16727e+10 2.33296e+10 1.46372e+10 7.09717e+09 1.99997e+09 6.72925e+07 2.99113e+06 179960 9225.11 396.883 14.1205
1.14223 27.3081 541.051 9717.57 175595 3.43757e+06 4.95313e+07 1.68495e+08 3.4586e+08 5.50793e+08 7.47552e+08 9.0173e+08 9.86256e+08 9.86256e+08 9.0173e+08 7.47552e+08 5.50793e+08 3.4586e+08 1.68495e+08 4.95313e+07 3.43757e+06 175595 9717.57 541.051 27.3081 1.14223
0.0785096 1.68531 30.7268 531.143 8906.75 131163 1.23409e+06 4.00798e+06 8.17156e+06 1.29971e+07 1.76336e+07 2.12668e+07 2.32586e+07 2.32586e+07 2.12668e+07 1.76336e+07 1.29971e+07 8.17156e+06 4.00798e+06 1.23409e+06 131163 8906.75 531.143 30.7268 1.68531 0.0785096
0.00487713 0.0972599 1.66067 26.5204 381.215 4340.38 30775.8 95397.4 192869 306233 415274 500740 547592 547592 500740 415274 306233 192869 95397.4 30775.8 4340.38 381.215 26.5204 1.66067 0.0972599 0.00487713
0.000256548 0.00482113 0.0766243 1.10264 13.5245 125.418 731.346 2171.27 4349.41 6891.41 9339.77 11259.5 12311.9 12311.9 11259.5 9339.77 6891.41 4349.41 2171.27 731.346 125.418 13.5245 1.10264 0.0766243 0.00482113 0.000256548
