4.02786e-06 7.52877e-05 0.00118661 0.0169062 0.205433 1.89156 10.9796 32.4964 64.9035 102.545 138.638 166.835 182.258 182.258 166.835 138.638 102.545 64.9035 32.4964 10.9796 1.89156 0.205433 0.0169062 0.00118661 7.52877e-05 4.02786e-06
7.67e-05 0.00152458 0.0258516 0.408488 5.80374 65.4715 461.678 1426.45 2875.01 4551.35 6156.18 7409.3 8094.6 8094.6 7409.3 6156.18 4551.35 2875.01 1426.45 461.678 65.4715 5.80374 0.408488 0.0258516 0.00152458 7.67e-05
0.00123373 0.0264745 0.481122 8.2424 136.264 1980.53 18502 59884.7 121700 192966 261102 314286 343368 343368 314286 261102 192966 121700 59884.7 18502 1980.53 136.264 8.2424 0.481122 0.0264745 0.00123373
0.0178764 0.42814 8.49516 152.199 2713.69 52058.6 742306 2.51616e+06 5.14734e+06 8.17065e+06 1.10585e+07 1.33121e+07 1.45444e+07 1.45444e+07 1.33121e+07 1.10585e+07 8.17065e+06 5.14734e+06 2.51616e+06 742306 52058.6 2713.69 152.199 8.49516 0.42814 0.0178764
0.219562 6.18269 144.206 2827.8 47058.9 1.02819e+06 2.99675e+07 1.05948e+08 2.17736e+08 3.4586e+08 4.6818e+08 5.63631e+08 6.15824e+08 6.15824e+08 5.63631e+08 4.6818e+08 3.4586e+08 2.17736e+08 1.05948e+08 2.99675e+07 1.02819e+06 47058.9 2827.8 144.206 6.18269 0.219562
2.03219 70.2933 2124.13 55726.7 1.0959e+06 1.57806e+07 1.4749e+09 5.33737e+09 1.09684e+10 1.74082e+10 2.35526e+10 2.83462e+10 3.09671e+10 3.09671e+10 2.83462e+10 2.35526e+10 1.74082e+10 1.09684e+10 5.33737e+09 1.4749e+09 1.57806e+07 1.0959e+06 55726.7 2124.13 70.2933 2.03219
11.8176 496.908 19913.9 798967 3.22567e+07 1.56717e+09 1.40566e+11 4.89558e+11 9.91057e+11 1.56107e+12 2.10327e+12 2.52562e+12 2.75639e+12 2.75639e+12 2.52562e+12 2.10327e+12 1.56107e+12 9.91057e+11 4.89558e+11 1.40566e+11 1.56717e+09 3.22567e+07 798967 19913.9 496.908 11.8176
34.982 1535.61 64470.1 2.70895e+06 1.14072e+08 5.67865e+09 4.91351e+11 1.70707e+12 3.45251e+12 5.43562e+12 7.32156e+12 8.79051e+12 9.5931e+12 9.5931e+12 8.79051e+12 7.32156e+12 5.43562e+12 3.45251e+12 1.70707e+12 4.91351e+11 5.67865e+09 1.14072e+08 2.70895e+06 64470.1 1535.61 34.982
69.8406 3093.78 130964 5.53934e+06 2.34326e+08 1.16683e+10 9.95714e+11 3.45613e+12 6.98751e+12 1.09992e+13 1.4814e+13 1.77853e+13 1.94087e+13 1.94087e+13 1.77853e+13 1.4814e+13 1.09992e+13 6.98751e+12 3.45613e+12 9.95714e+11 1.16683e+10 2.34326e+08 5.53934e+06 130964 3093.78 69.8406
110.279 4894.64 207522 8.78709e+06 3.71959e+08 1.85096e+10 1.56881e+12 5.44281e+12 1.10023e+13 1.73174e+13 2.33224e+13 2.79994e+13 3.05548e+13 3.05548e+13 2.79994e+13 2.33224e+13 1.73174e+13 1.10023e+13 5.44281e+12 1.56881e+12 1.85096e+10 3.71959e+08 8.78709e+06 207522 4894.64 110.279
149.001 6616.26 280612 1.18847e+07 5.03155e+08 2.50276e+10 2.11356e+12 7.33099e+12 1.48177e+13 2.33217e+13 3.1408e+13 3.77061e+13 4.11471e+13 4.11471e+13 3.77061e+13 3.1408e+13 2.33217e+13 1.48177e+13 7.33099e+12 2.11356e+12 2.50276e+10 5.03155e+08 1.18847e+07 280612 6616.26 149.001
179.215 7958.87 337588 1.42987e+07 6.05389e+08 3.0106e+10 2.53762e+12 8.80071e+12 1.77876e+13 2.79953e+13 3.77016e+13 4.52614e+13 4.93918e+13 4.93918e+13 4.52614e+13 3.77016e+13 2.79953e+13 1.77876e+13 8.80071e+12 2.53762e+12 3.0106e+10 6.05389e+08 1.42987e+07 337588 7958.87 179.215
195.727 8692.47 368716 1.56175e+07 6.61237e+08 3.288e+10 2.7692e+12 9.60333e+12 1.94094e+13 3.05476e+13 4.11385e+13 4.93874e+13 5.38942e+13 5.38942e+13 4.93873e+13 4.11385e+13 3.05476e+13 1.94094e+13 9.60333e+12 2.7692e+12 3.288e+10 6.61237e+08 1.56175e+07 368716 8692.47 195.727
195.727 8692.47 368716 1.56175e+07 6.61237e+08 3.288e+10 2.7692e+12 9.60333e+12 1.94094e+13 3.05476e+13 4.11385e+13 4.93873e+13 5.38942e+13 5.38942e+13 4.93874e+13 4.11385e+13 3.05476e+13 1.94094e+13 9.60333e+12 2.7692e+12 3.288e+10 6.61237e+08 1.56175e+07 368716 8692.47 195.727
179.215 7958.87 337588 1.42987e+07 6.05389e+08 3.0106e+10 2.53762e+12 8.80071e+12 1.77876e+13 2.79953e+13 3.77016e+13 4.52614e+13 4.93918e+13 4.93918e+13 4.52614e+13 3.77016e+13 2.79953e+13 1.77876e+13 8.80071e+12 2.53762e+12 3.0106e+10 6.05389e+08 1.42987e+07 337588 7958.87 179.215
149.001 6616.26 280612 1.18847e+07 5.03155e+08 2.50276e+10 2.11356e+12 7.33099e+12 1.48177e+13 2.33217e+13 3.1408e+13 3.77061e+13 4.11471e+13 4.11471e+13 3.77061e+13 3.1408e+13 2.33217e+13 1.48177e+13 7.33099e+12 2.11356e+12 2.50276e+10 5.03155e+08 1.18847e+07 280612 6616.26 149.001
110.279 4894.64 207522 8.78709e+06 3.71959e+08 1.85096e+10 1.56881e+12 5.44281e+12 1.10023e+13 1.73174e+13 2.33224e+13 2.79994e+13 3.05548e+13 3.05548e+13 2.79994e+13 2.33224e+13 1.73174e+13 1.10023e+13 5.44281e+12 1.56881e+12 1.85096e+10 3.71959e+08 8.78709e+06 207522 4894.64 110.279
69.8406 3093.78 130964 5.53934e+06 2.34326e+08 1.16683e+10 9.95714e+11 3.45613e+12 6.98751e+12 1.09992e+13 1.4814e+13 1.77853e+13 1.94087e+13 1.94087e+13 1.77853e+13 1.4814e+13 1.09992e+13 6.98751e+12 3.45613e+12 9.95714e+11 1.16683e+10 2.34326e+08 5.53934e+06 130964 3093.78 69.8406
34.982 1535.61 64470.1 2.70895e+06 1.14072e+08 5.67865e+09 4.91351e+11 1.70707e+12 3.45251e+12 5.43562e+12 7.32156e+12 8.79051e+12 9.5931e+12 9.5931e+12 8.79051e+12 7.32156e+12 5.43562e+12 3.45251e+12 1.70707e+12 4.91351e+11 5.67865e+09 1.14072e+08 2.70895e+06 64470.1 1535.61 34.982
11.8176 496.908 19913.9 798967 3.22567e+07 1.56717e+09 1.40566e+11 4.89558e+11 9.91057e+11 1.56107e+12 2.10327e+12 2.52562e+12 2.75639e+12 2.75639e+12 2.52562e+12 2.10327e+12 1.56107e+12 9.91057e+11 4.89558e+11 1.40566e+11 1.56717e+09 3.22567e+07 798967 19913.9 496.908 11.8176
2.03219 70.2933 2124.13 55726.7 1.0959e+06 1.57806e+07 1.4749e+09 5.33737e+09 1.09684e+10 1.74082e+10 2.35526e+10 2.83462e+10 3.09671e+10 3.09671e+10 2.83462e+10 2.35526e+10 1.74082e+10 1.09684e+10 5.33737e+09 1.4749e+09 1.57806e+07 1.0959e+06 55726.7 2124.13 70.2933 2.03219
0.219562 6.18269 144.206 2827.8 47058.9 1.02819e+06 2.99675e+07 1.05948e+08 2.17736e+08 3.4586e+08 4.6818e+08 5.63631e+08 6.15824e+08 6.15824e+08 5.63631e+08 4.6818e+08 3.4586e+08 2.17736e+08 1.05948e+08 2.99675e+07 1.02819e+06 47058.9 2827.8 144.206 6.18269 0.219562
0.0178764 0.42814 8.49516 152.199 2713.69 52058.6 742306 2.51616e+06 5.14734e+06 8.17065e+06 1.10585e+07 1.33121e+07 1.45444e+07 1.45444e+07 1.33121e+07 1.10585e+07 8.17065e+06 5.14734e+06 2.51616e+06 742306 52058.6 2713.69 152.199 8.49516 0.42814 0.0178764
0.00123373 0.0264745 0.481122 8.2424 136.264 1980.53 18502 59884.7 121700 192966 261102 314286 343368 343368 314286 261102 192966 121700 59884.7 18502 1980.53 136.264 8.2424 0.481122 0.0264745 0.00123373
7.67e-05 0.00152458 0.0258516 0.408488 5.80374 65.4715 461.678 1426.45 2875.01 4551.35 6156.18 7409.3 8094.6 8094.6 7409.3 6156.18 4551.35 2875.01 1426.45 461.678 65.4715 5.80374 0.408488 0.0258516 0.00152458 7.67e-05
4.02786e-06 7.52877e-05 0.00118661 0.0169062 0.205433 1.89156 10.9796 32.4964 64.9035 102.545 138.638 166.835 182.258 182.258 166.835 138.638 102.545 64.9035 32.4964 10.9796 1.89156 0.205433 0.0169062 0.00118661 7.52877e-05 4.02786e-06
