1.76954e-08 3.321e-07 5.26866e-06 7.56648e-05 0.000926403 0.00857997 0.0500029 0.148493 0.29769 0.472191 0.6407 0.773147 0.845886 0.845886 0.773147 0.6407 0.472191 0.29769 0.148493 0.0500029 0.00857997 0.000926403 7.56648e-05 5.26866e-06 3.321e-07 1.76954e-08
3.36399e-07 6.7017e-06 0.000114242 0.00182042 0.0261084 0.296754 2.10244 6.51858 13.1891 20.9646 28.4635 34.3561 37.5923 37.5923 34.3561 28.4635 20.9646 13.1891 6.51858 2.10244 0.296754 0.0261084 0.00182042 0.000114242 6.7017e-06 3.36399e-07
5.41302e-06 0.000116133 0.00211515 0.0364905 0.610209 8.9642 84.2437 273.652 558.358 889.089 1207.73 1458.09 1595.6 1595.6 1458.09 1207.73 889.089 558.358 273.652 84.2437 8.9642 0.610209 0.0364905 0.00211515 0.000116133 5.41302e-06
7.86815e-05 0.00188068 0.0372526 0.668486 12.0466 234.943 3379.04 11496.6 23616.5 37653.4 51169.2 61789.1 67622.8 67622.8 61789.1 51169.2 37653.4 23616.5 11496.6 3379.04 234.943 12.0466 0.668486 0.0372526 0.00188068 7.86815e-05
0.000971445 0.0272977 0.634554 12.3844 205.808 4604.56 136368 483984 998938 1.59404e+06 2.16694e+06 2.61718e+06 2.86455e+06 2.86455e+06 2.61718e+06 2.16694e+06 1.59404e+06 998938 483984 136368 4604.56 205.808 12.3844 0.634554 0.0272977 0.000971445
0.00904393 0.312488 9.42361 246.223 4791.92 68118.4 6.69108e+06 2.43118e+07 5.01773e+07 8.00013e+07 1.08692e+08 1.31233e+08 1.43616e+08 1.43616e+08 1.31233e+08 1.08692e+08 8.00013e+07 5.01773e+07 2.43118e+07 6.69108e+06 68118.4 4791.92 246.223 9.42361 0.312488 0.00904393
0.0528692 2.22298 89.0755 3573.01 144209 7.02708e+06 6.37494e+08 2.22544e+09 4.51703e+09 7.13489e+09 9.63759e+09 1.15955e+10 1.26684e+10 1.26684e+10 1.15955e+10 9.63759e+09 7.13489e+09 4.51703e+09 2.22544e+09 6.37494e+08 7.02708e+06 144209 3573.01 89.0755 2.22298 0.0528692
0.157124 6.89816 289.619 12168.8 512347 2.55698e+07 2.23269e+09 7.77351e+09 1.57609e+10 2.48796e+10 3.35935e+10 4.04088e+10 4.41427e+10 4.41427e+10 4.04088e+10 3.35935e+10 2.48796e+10 1.57609e+10 7.77351e+09 2.23269e+09 2.55698e+07 512347 12168.8 289.619 6.89816 0.157124
0.314985 13.9568 590.921 24996.6 1.05743e+06 5.27795e+07 4.53651e+09 1.57776e+10 3.19754e+10 5.0463e+10 6.81271e+10 8.19408e+10 8.95085e+10 8.95085e+10 8.19408e+10 6.81271e+10 5.0463e+10 3.19754e+10 1.57776e+10 4.53651e+09 5.27795e+07 1.05743e+06 24996.6 590.921 13.9568 0.314985
0.499465 22.1776 940.622 39839.9 1.68678e+06 8.41282e+07 7.1685e+09 2.49165e+10 5.04842e+10 7.96624e+10 1.07538e+11 1.29337e+11 1.41278e+11 1.41278e+11 1.29337e+11 1.07538e+11 7.96624e+10 5.04842e+10 2.49165e+10 7.1685e+09 8.41282e+07 1.68678e+06 39839.9 940.622 22.1776 0.499465
0.677435 30.098 1277.2 54117.1 2.29199e+06 1.14257e+08 9.68413e+09 3.36479e+10 6.81652e+10 1.07554e+11 1.45182e+11 1.74605e+11 1.90723e+11 1.90724e+11 1.74605e+11 1.45182e+11 1.07554e+11 6.81652e+10 3.36479e+10 9.68414e+09 1.14257e+08 2.29199e+06 54117.1 1277.2 30.098 0.677435
0.817194 36.3161 1541.4 65324.5 2.76716e+06 1.37905e+08 1.16516e+10 4.04748e+10 8.19884e+10 1.29358e+11 1.74609e+11 2.09992e+11 2.29376e+11 2.29376e+11 2.09992e+11 1.74609e+11 1.29358e+11 8.19884e+10 4.04748e+10 1.16516e+10 1.37905e+08 2.76716e+06 65324.5 1541.4 36.3161 0.817194
0.8939 39.7288 1686.41 71476.8 3.02804e+06 1.50887e+08 1.27294e+10 4.42142e+10 8.95595e+10 1.413e+11 1.90726e+11 2.29374e+11 2.50545e+11 2.50545e+11 2.29374e+11 1.90726e+11 1.413e+11 8.95595e+10 4.42142e+10 1.27294e+10 1.50887e+08 3.02804e+06 71476.8 1686.41 39.7288 0.8939
0.8939 39.7288 1686.41 71476.8 3.02804e+06 1.50887e+08 1.27294e+10 4.42142e+10 8.95595e+10 1.413e+11 1.90726e+11 2.29374e+11 2.50545e+11 2.50545e+11 2.29374e+11 1.90726e+11 1.413e+11 8.95595e+10 4.42142e+10 1.27294e+10 1.50887e+08 3.02804e+06 71476.8 1686.41 39.7288 0.8939
0.817194 36.3161 1541.4 65324.5 2.76716e+06 1.37905e+08 1.16516e+10 4.04748e+10 8.19884e+10 1.29358e+11 1.74609e+11 2.09992e+11 2.29376e+11 2.29376e+11 2.09992e+11 1.74609e+11 1.29358e+11 8.19884e+10 4.04748e+10 1.16516e+10 1.37905e+08 2.76716e+06 65324.5 1541.4 36.3161 0.817194
0.677435 30.098 1277.2 54117.1 2.29199e+06 1.14257e+08 9.68414e+09 3.36479e+10 6.81652e+10 1.07554e+11 1.45182e+11 1.74605e+11 1.90724e+11 1.90723e+11 1.74605e+11 1.45182e+11 1.07554e+11 6.81652e+10 3.36479e+10 9.68413e+09 1.14257e+08 2.29199e+06 54117.1 1277.2 30.098 0.677435
0.499465 22.1776 940.622 39839.9 1.68678e+06 8.41282e+07 7.1685e+09 2.49165e+10 5.04842e+10 7.96624e+10 1.07538e+11 1.29337e+11 1.41278e+11 1.41278e+11 1.29337e+11 1.07538e+11 7.96624e+10 5.04842e+10 2.49165e+10 7.1685e+09 8.41282e+07 1.68678e+06 39839.9 940.622 22.1776 0.499465
0.314985 13.9568 590.921 24996.6 1.05743e+06 5.27795e+07 4.53651e+09 1.57776e+10 3.19754e+10 5.0463e+10 6.81271e+10 8.19408e+10 8.95085e+10 8.95085e+10 8.19408e+10 6.81271e+10 5.0463e+10 3.19754e+10 1.57776e+10 4.53651e+09 5.27795e+07 1.05743e+06 24996.6 590.921 13.9568 0.314985
0.157124 6.89816 289.619 12168.8 512347 2.55698e+07 2.23269e+09 7.77351e+09 1.57609e+10 2.48796e+10 3.35935e+10 4.04088e+10 4.41427e+10 4.41427e+10 4.04088e+10 3.35935e+10 2.48796e+10 1.57609e+10 7.77351e+09 2.23269e+09 2.55698e+07 512347 12168.8 289.619 6.89816 0.157124
0.0528692 2.22298 89.0755 3573.01 144209 7.02708e+06 6.37494e+08 2.22544e+09 4.51703e+09 7.13489e+09 9.63759e+09 1.15955e+10 1.26684e+10 1.26684e+10 1.15955e+10 9.63759e+09 7.13489e+09 4.51703e+09 2.22544e+09 6.37494e+08 7.02708e+06 144209 3573.01 89.0755 2.22298 0.0528692
0.00904393 0.312488 9.42361 246.223 4791.92 68118.4 6.69108e+06 2.43118e+07 5.01773e+07 8.00013e+07 1.08692e+08 1.31233e+08 1.43616e+08 1.43616e+08 1.31233e+08 1.08692e+08 8.00013e+07 5.01773e+07 2.43118e+07 6.69108e+06 68118.4 4791.92 246.223 9.42361 0.312488 0.00904393
0.000971445 0.0272977 0.634554 12.3844 205.808 4604.56 136368 483984 998938 1.59404e+06 2.16694e+06 2.61718e+06 2.86455e+06 2.86455e+06 2.61718e+06 2.16694e+06 1.59404e+06 998938 483984 136368 4604.56 205.808 12.3844 0.634554 0.0272977 0.000971445
7.86815e-05 0.00188068 0.0372526 0.668486 12.0466 234.943 3379.04 11496.6 23616.5 37653.4 51169.2 61789.1 67622.8 67622.8 61789.1 51169.2 37653.4 23616.5 11496.6 3379.04 234.943 12.0466 0.668486 0.0372526 0.00188068 7.86815e-05
5.41302e-06 0.000116133 0.00211515 0.0364905 0.610209 8.9642 84.2437 273.652 558.358 889.089 1207.73 1458.09 1595.6 1595.6 1458.09 1207.73 889.089 558.358 273.652 84.2437 8.9642 0.610209 0.0364905 0.00211515 0.000116133 5.41302e-06
3.36399e-07 6.7017e-06 0.000114242 0.00182042 0.0261084 0.296754 2.10244 6.51858 13.1891 20.9646 28.4635 34.3561 37.5923 37.5923 34.3561 28.4635 20.9646 13.1891 6.51858 2.10244 0.296754 0.0261084 0.00182042 0.000114242 6.7017e-06 3.36399e-07
1.76954e-08 3.321e-07 5.26866e-06 7.56648e-05 0.000926403 0.00857997 0.0500029 0.148493 0.29769 0.472191 0.6407 0.773147 0.845886 0.845886 0.773147 0.6407 0.472191 0.29769 0.148493 0.0500029 0.00857997 0.000926403 7.56648e-05 5.26866e-06 3.321e-07 1.76954e-08
