0.000287458 0.00539653 0.0855589 1.22721 15.0096 138.977 810.526 2410.89 4841.95 7692.47 10450 12619.6 13811.6 13811.6 12619.6 10450 7692.47 4841.95 2410.89 810.526 138.977 15.0096 1.22721 0.0855589 0.00539653 0.000287457
0.00548126 0.109327 1.86351 29.6509 424.453 4819.44 34157 106084 215063 342440 465517 562329 615523 615523 562329 465517 342440 215063 106084 34157 4819.44 424.453 29.6509 1.86351 0.109327 0.00548126
0.0884011 1.90102 34.6659 597.449 9961.47 145967 1.37128e+06 4.46244e+06 9.12449e+06 1.4556e+07 1.97993e+07 2.39233e+07 2.61893e+07 2.61893e+07 2.39233e+07 1.97993e+07 1.4556e+07 9.12449e+06 4.46244e+06 1.37128e+06 145967 9961.47 597.449 34.6659 1.90102 0.0884011
1.28627 30.8424 612.688 11006.9 197771 3.83661e+06 5.50813e+07 1.87766e+08 3.86595e+08 6.17583e+08 8.40445e+08 1.01574e+09 1.11207e+09 1.11207e+09 1.01574e+09 8.40445e+08 6.17583e+08 3.86595e+08 1.87766e+08 5.50813e+07 3.83661e+06 197771 11006.9 612.688 30.8424 1.28627
15.882 447.732 10445 204619 3.40675e+06 7.55315e+07 2.22499e+09 7.91315e+09 1.63728e+10 2.61807e+10 3.56421e+10 4.30854e+10 4.71764e+10 4.71764e+10 4.30854e+10 3.56421e+10 2.61807e+10 1.63728e+10 7.91315e+09 2.22499e+09 7.55315e+07 3.40675e+06 204619 10445 447.732 15.882
147.827 5121.91 154908 4.06108e+06 7.94844e+07 1.13653e+09 1.09346e+11 3.98143e+11 8.23817e+11 1.31626e+12 1.79099e+12 2.16434e+12 2.36951e+12 2.36951e+12 2.16434e+12 1.79099e+12 1.31626e+12 8.23817e+11 3.98143e+11 1.09346e+11 1.13653e+09 7.94844e+07 4.06108e+06 154908 5121.91 147.827
864.34 36424.6 1.46232e+06 5.87401e+07 2.37294e+09 1.155e+11 1.04293e+13 3.64734e+13 7.41919e+13 1.17417e+14 1.58838e+14 1.91289e+14 2.09085e+14 2.09085e+14 1.91289e+14 1.58838e+14 1.17417e+14 7.41919e+13 3.64734e+13 1.04293e+13 1.155e+11 2.37294e+09 5.87401e+07 1.46232e+06 36424.6 864.34
2572.28 113193 4.76186e+06 2.00382e+08 8.44559e+09 4.21167e+11 3.6604e+13 1.27662e+14 2.59384e+14 4.10238e+14 5.54733e+14 6.67912e+14 7.29969e+14 7.29969e+14 6.67912e+14 5.54733e+14 4.10238e+14 2.59384e+14 1.27662e+14 3.6604e+13 4.21167e+11 8.44559e+09 2.00382e+08 4.76186e+06 113193 2572.28
5165.15 229434 9.73494e+06 4.12491e+08 1.74709e+10 8.71506e+11 7.4544e+13 2.5969e+14 5.27389e+14 8.33888e+14 1.12742e+15 1.35731e+15 1.48336e+15 1.48336e+15 1.35731e+15 1.12742e+15 8.33888e+14 5.27389e+14 2.5969e+14 7.4544e+13 8.71506e+11 1.74709e+10 4.12491e+08 9.73494e+06 229434 5165.15
8202.25 365154 1.55225e+07 6.58632e+08 2.79227e+10 1.39197e+12 1.18024e+14 4.10903e+14 8.34261e+14 1.3189e+15 1.78299e+15 2.14645e+15 2.34572e+15 2.34572e+15 2.14645e+15 1.78299e+15 1.3189e+15 8.34261e+14 4.10903e+14 1.18024e+14 1.39197e+12 2.79227e+10 6.58632e+08 1.55225e+07 365154 8202.25
11136.8 496133 2.11024e+07 8.95805e+08 3.79918e+10 1.8931e+12 1.59674e+14 5.55698e+14 1.12806e+15 1.78322e+15 2.41055e+15 2.90183e+15 3.17118e+15 3.17118e+15 2.90183e+15 2.41055e+15 1.78322e+15 1.12806e+15 5.55698e+14 1.59674e+14 1.8931e+12 3.79918e+10 8.95805e+08 2.11024e+07 496133 11136.8
13443.1 599045 2.54861e+07 1.08213e+09 4.59034e+10 2.28675e+12 1.92291e+14 6.69065e+14 1.35808e+15 2.1467e+15 2.90181e+15 3.49315e+15 3.81734e+15 3.81734e+15 3.49315e+15 2.90181e+15 2.1467e+15 1.35808e+15 6.69065e+14 1.92291e+14 2.28676e+12 4.59034e+10 1.08213e+09 2.54861e+07 599045 13443.1
14709.3 655545 2.78929e+07 1.18444e+09 5.0248e+10 2.5029e+12 2.10171e+14 7.31203e+14 1.48415e+15 2.34593e+15 3.17106e+15 3.81723e+15 4.17149e+15 4.17149e+15 3.81723e+15 3.17106e+15 2.34593e+15 1.48415e+15 7.31203e+14 2.10171e+14 2.5029e+12 5.0248e+10 1.18444e+09 2.78929e+07 655545 14709.3
14709.3 655545 2.78929e+07 1.18444e+09 5.0248e+10 2.5029e+12 2.10171e+14 7.31203e+14 1.48415e+15 2.34593e+15 3.17106e+15 3.81723e+15 4.17149e+15 4.17149e+15 3.81723e+15 3.17106e+15 2.34593e+15 1.48415e+15 7.31203e+14 2.10171e+14 2.5029e+12 5.0248e+10 1.18444e+09 2.78929e+07 655545 14709.3
13443.1 599045 2.54861e+07 1.08213e+09 4.59034e+10 2.28676e+12 1.92291e+14 6.69065e+14 1.35808e+15 2.1467e+15 2.90181e+15 3.49315e+15 3.81734e+15 3.81734e+15 3.49315e+15 2.90181e+15 2.1467e+15 1.35808e+15 6.69065e+14 1.92291e+14 2.28675e+12 4.59034e+10 1.08213e+09 2.54861e+07 599045 13443.1
11136.8 496133 2.11024e+07 8.95805e+08 3.79918e+10 1.8931e+12 1.59674e+14 5.55698e+14 1.12806e+15 1.78322e+15 2.41055e+15 2.90183e+15 3.17118e+15 3.17118e+15 2.90183e+15 2.41055e+15 1.78322e+15 1.12806e+15 5.55698e+14 1.59674e+14 1.8931e+12 3.79918e+10 8.95805e+08 2.11024e+07 496133 11136.8
8202.25 365154 1.55225e+07 6.58632e+08 2.79227e+10 1.39197e+12 1.18024e+14 4.10903e+14 8.34261e+14 1.3189e+15 1.78299e+15 2.14645e+15 2.34572e+15 2.34572e+15 2.14645e+15 1.78299e+15 1.3189e+15 8.34261e+14 4.10903e+14 1.18024e+14 1.39197e+12 2.79227e+10 6.58632e+08 1.55225e+07 365154 8202.25
5165.15 229434 9.73494e+06 4.12491e+08 1.74709e+10 8.71506e+11 7.4544e+13 2.5969e+14 5.27389e+14 8.33888e+14 1.12742e+15 1.35731e+15 1.48336e+15 1.48336e+15 1.35731e+15 1.12742e+15 8.33888e+14 5.27389e+14 2.5969e+14 7.4544e+13 8.71506e+11 1.74709e+10 4.12491e+08 9.73494e+06 229434 5165.15
2572.28 113193 4.76186e+06 2.00382e+08 8.44559e+09 4.21167e+11 3.6604e+13 1.27662e+14 2.59384e+14 4.10238e+14 5.54733e+14 6.67912e+14 7.29969e+14 7.29969e+14 6.67912e+14 5.54733e+14 4.10238e+14 2.59384e+14 1.27662e+14 3.6604e+13 4.21167e+11 8.44559e+09 2.00382e+08 4.76186e+06 113193 2572.28
864.34 36424.6 1.46232e+06 5.87401e+07 2.37294e+09 1.155e+11 1.04293e+13 3.64734e+13 7.41919e+13 1.17417e+14 1.58838e+14 1.91289e+14 2.09085e+14 2.09085e+14 1.91289e+14 1.58838e+14 1.17417e+14 7.41919e+13 3.64734e+13 1.04293e+13 1.155e+11 2.37294e+09 5.87401e+07 1.46232e+06 36424.6 864.34
147.827 5121.91 154908 4.06108e+06 7.94844e+07 1.13653e+09 1.09346e+11 3.98143e+11 8.23817e+11 1.31626e+12 1.79099e+12 2.16434e+12 2.36951e+12 2.36951e+12 2.16434e+12 1.79099e+12 1.31626e+12 8.23817e+11 3.98143e+11 1.09346e+11 1.13653e+09 7.94844e+07 4.06108e+06 154908 5121.91 147.827
15.882 447.732 10445 204619 3.40675e+06 7.55315e+07 2.22499e+09 7.91315e+09 1.63728e+10 2.61807e+10 3.56421e+10 4.30854e+10 4.71764e+10 4.71764e+10 4.30854e+10 3.56421e+10 2.61807e+10 1.63728e+10 7.91315e+09 2.22499e+09 7.55315e+07 3.40675e+06 204619 10445 447.732 15.882
1.28627 30.8424 612.688 11006.9 197771 3.83661e+06 5.50813e+07 1.87766e+08 3.86595e+08 6.17583e+08 8.40445e+08 1.01574e+09 1.11207e+09 1.11207e+09 1.01574e+09 8.40445e+08 6.17583e+08 3.86595e+08 1.87766e+08 5.50813e+07 3.83661e+06 197771 11006.9 612.688 30.8424 1.28627
0.0884011 1.90102 34.6659 597.449 9961.47 145967 1.37128e+06 4.46244e+06 9.12449e+06 1.4556e+07 1.97993e+07 2.39233e+07 2.61893e+07 2.61893e+07 2.39233e+07 1.97993e+07 1.4556e+07 9.12449e+06 4.46244e+06 1.37128e+06 145967 9961.47 597.449 34.6659 1.90102 0.0884011
0.00548126 0.109327 1.86351 29.6509 424.453 4819.44 34157 106084 215063 342440 465517 562329 615523 615523 562329 465517 342440 215063 106084 34157 4819.44 424.453 29.6509 1.86351 0.109327 0.00548126
0.000287457 0.00539653 0.0855589 1.22721 15.0096 138.977 810.526 2410.89 4841.95 7692.47 10450 12619.6 13811.6 13811.6 12619.6 10450 7692.47 4841.95 2410.89 810.526 138.977 15.0096 1.22721 0.0855589 0.00539653 0.000287457
