8.36438 155.141 2406.24 33537 398642 3.60951e+06 2.07401e+07 6.09611e+07 1.20726e+08 1.88795e+08 2.52575e+08 3.01329e+08 3.27583e+08 3.27583e+08 3.01329e+08 2.52575e+08 1.88795e+08 1.20726e+08 6.09611e+07 2.07401e+07 3.60951e+06 398642 33537 2406.24 155.141 8.36438
160.764 3190.46 53493.5 826200 1.14122e+07 1.25786e+08 8.75437e+08 2.68512e+09 5.36387e+09 8.3996e+09 1.12352e+10 1.33986e+10 1.45622e+10 1.45622e+10 1.33986e+10 1.12352e+10 8.3996e+09 5.36387e+09 2.68512e+09 8.75437e+08 1.25786e+08 1.14122e+07 826200 53493.5 3190.46 160.764
2593.04 55999.4 1.01695e+06 1.71295e+07 2.73633e+08 3.84168e+09 3.52322e+10 1.13159e+11 2.2783e+11 3.57112e+11 4.77508e+11 5.69185e+11 6.1844e+11 6.1844e+11 5.69185e+11 4.77508e+11 3.57112e+11 2.2783e+11 1.13159e+11 3.52322e+10 3.84168e+09 2.73633e+08 1.71295e+07 1.01695e+06 55999.4 2593.04
37326.7 904620 1.81634e+07 3.25911e+08 5.64292e+09 1.025e+11 1.41937e+12 4.77276e+12 9.66902e+12 1.51626e+13 2.02649e+13 2.4143e+13 2.62242e+13 2.62242e+13 2.4143e+13 2.02649e+13 1.51626e+13 9.66902e+12 4.77276e+12 1.41937e+12 1.025e+11 5.64292e+09 3.25911e+08 1.81634e+07 904620 37326.7
452221 1.2885e+07 3.05582e+08 6.12336e+09 1.03116e+11 2.09072e+12 5.75108e+13 2.01666e+14 4.10271e+14 6.43375e+14 8.59379e+14 1.02327e+15 1.11112e+15 1.11112e+15 1.02327e+15 8.59379e+14 6.43375e+14 4.10271e+14 2.01666e+14 5.75108e+13 2.09072e+12 1.03116e+11 6.12336e+09 3.05582e+08 1.2885e+07 452221
4.119e+06 1.43598e+08 4.38919e+09 1.1729e+11 2.39956e+12 3.63087e+13 2.8656e+15 1.02824e+16 2.09203e+16 3.27849e+16 4.37765e+16 5.21179e+16 5.659e+16 5.659e+16 5.21179e+16 4.37765e+16 3.27849e+16 2.09203e+16 1.02824e+16 2.8656e+15 3.63087e+13 2.39956e+12 1.1729e+11 4.38919e+09 1.43598e+08 4.119e+06
2.36183e+07 9.96754e+08 4.01078e+10 1.61552e+12 6.54457e+13 3.15048e+15 2.7218e+17 9.44509e+17 1.90241e+18 2.97622e+18 3.98081e+18 4.75123e+18 5.16754e+18 5.16754e+18 4.75123e+18 3.98081e+18 2.97622e+18 1.90241e+18 9.44509e+17 2.7218e+17 3.15048e+15 6.54457e+13 1.61552e+12 4.01078e+10 9.96754e+08 2.36183e+07
6.93118e+07 3.05209e+09 1.28587e+11 5.42191e+12 2.2903e+14 1.13158e+16 9.48969e+17 3.28467e+18 6.60739e+18 1.03283e+19 1.38067e+19 1.64731e+19 1.79137e+19 1.79137e+19 1.64731e+19 1.38067e+19 1.03283e+19 6.60739e+18 3.28467e+18 9.48969e+17 1.13158e+16 2.2903e+14 5.42191e+12 1.28587e+11 3.05209e+09 6.93118e+07
1.37098e+08 6.08936e+09 2.58562e+11 1.09698e+13 4.65323e+14 2.30085e+16 1.91292e+18 6.6128e+18 1.32876e+19 2.0749e+19 2.7713e+19 3.30443e+19 3.59221e+19 3.59221e+19 3.30443e+19 2.7713e+19 2.0749e+19 1.32876e+19 6.6128e+18 1.91292e+18 2.30085e+16 4.65323e+14 1.09698e+13 2.58562e+11 6.08936e+09 1.37098e+08
2.14171e+08 9.52533e+09 4.0483e+11 1.71826e+13 7.28842e+14 3.60193e+16 2.99134e+18 1.03325e+19 2.07407e+19 3.2353e+19 4.31707e+19 5.14392e+19 5.58978e+19 5.58978e+19 5.14392e+19 4.31707e+19 3.2353e+19 2.07407e+19 1.03325e+19 2.99134e+18 3.60193e+16 7.28842e+14 1.71826e+13 4.0483e+11 9.52533e+09 2.14171e+08
2.86264e+08 1.27291e+10 5.40792e+11 2.29419e+13 9.72539e+14 4.80414e+16 3.99755e+18 1.38009e+19 2.76791e+19 4.31353e+19 5.75085e+19 6.84784e+19 7.4388e+19 7.4388e+19 6.84784e+19 5.75085e+19 4.31353e+19 2.76791e+19 1.38009e+19 3.99755e+18 4.80414e+16 9.72539e+14 2.29419e+13 5.40792e+11 1.27291e+10 2.86264e+08
3.4129e+08 1.51695e+10 6.44155e+11 2.7312e+13 1.15712e+15 5.71431e+16 4.76722e+18 1.64528e+19 3.29776e+19 5.13562e+19 6.84242e+19 8.14362e+19 8.84406e+19 8.84406e+19 8.14362e+19 6.84242e+19 5.13562e+19 3.29776e+19 1.64528e+19 4.76722e+18 5.71431e+16 1.15712e+15 2.7312e+13 6.44155e+11 1.51695e+10 3.4129e+08
3.70892e+08 1.64808e+10 6.99625e+11 2.96543e+13 1.25594e+15 6.20145e+16 5.18237e+18 1.78829e+19 3.58324e+19 5.57813e+19 7.42941e+19 8.8399e+19 9.59885e+19 9.59885e+19 8.8399e+19 7.42941e+19 5.57813e+19 3.58324e+19 1.78829e+19 5.18237e+18 6.20145e+16 1.25594e+15 2.96543e+13 6.99625e+11 1.64808e+10 3.70892e+08
3.70892e+08 1.64808e+10 6.99625e+11 2.96543e+13 1.25594e+15 6.20145e+16 5.18237e+18 1.78829e+19 3.58324e+19 5.57813e+19 7.42941e+19 8.8399e+19 9.59885e+19 9.59885e+19 8.8399e+19 7.42941e+19 5.57813e+19 3.58324e+19 1.78829e+19 5.18237e+18 6.20145e+16 1.25594e+15 2.96543e+13 6.99625e+11 1.64808e+10 3.70892e+08
3.4129e+08 1.51695e+10 6.44155e+11 2.7312e+13 1.15712e+15 5.71431e+16 4.76722e+18 1.64528e+19 3.29776e+19 5.13562e+19 6.84242e+19 8.14362e+19 8.84406e+19 8.84406e+19 8.14362e+19 6.84242e+19 5.13562e+19 3.29776e+19 1.64528e+19 4.76722e+18 5.71431e+16 1.15712e+15 2.7312e+13 6.44155e+11 1.51695e+10 3.4129e+08
2.86264e+08 1.27291e+10 5.40792e+11 2.29419e+13 9.72539e+14 4.80414e+16 3.99755e+18 1.38009e+19 2.76791e+19 4.31353e+19 5.75085e+19 6.84784e+19 7.4388e+19 7.4388e+19 6.84784e+19 5.75085e+19 4.31353e+19 2.76791e+19 1.38009e+19 3.99755e+18 4.80414e+16 9.72539e+14 2.29419e+13 5.40792e+11 1.27291e+10 2.86264e+08
2.14171e+08 9.52533e+09 4.0483e+11 1.71826e+13 7.28842e+14 3.60193e+16 2.99134e+18 1.03325e+19 2.07407e+19 3.2353e+19 4.31707e+19 5.14392e+19 5.58978e+19 5.58978e+19 5.14392e+19 4.31707e+19 3.2353e+19 2.07407e+19 1.03325e+19 2.99134e+18 3.60193e+16 7.28842e+14 1.71826e+13 4.0483e+11 9.52533e+09 2.14171e+08
1.37098e+08 6.08936e+09 2.58562e+11 1.09698e+13 4.65323e+14 2.30085e+16 1.91292e+18 6.6128e+18 1.32876e+19 2.0749e+19 2.7713e+19 3.30443e+19 3.59221e+19 3.59221e+19 3.30443e+19 2.7713e+19 2.0749e+19 1.32876e+19 6.6128e+18 1.91292e+18 2.30085e+16 4.65323e+14 1.09698e+13 2.58562e+11 6.08936e+09 1.37098e+08
6.93118e+07 3.05209e+09 1.28587e+11 5.42191e+12 2.2903e+14 1.13158e+16 9.48969e+17 3.28467e+18 6.60739e+18 1.03283e+19 1.38067e+19 1.64731e+19 1.79137e+19 1.79137e+19 1.64731e+19 1.38067e+19 1.03283e+19 6.60739e+18 3.28467e+18 9.48969e+17 1.13158e+16 2.2903e+14 5.42191e+12 1.28587e+11 3.05209e+09 6.93118e+07
2.36183e+07 9.96754e+08 4.01078e+10 1.61552e+12 6.54457e+13 3.15048e+15 2.7218e+17 9.44509e+17 1.90241e+18 2.97622e+18 3.98081e+18 4.75123e+18 5.16754e+18 5.16754e+18 4.75123e+18 3.98081e+18 2.97622e+18 1.90241e+18 9.44509e+17 2.7218e+17 3.15048e+15 6.54457e+13 1.61552e+12 4.01078e+10 9.96754e+08 2.36183e+07
4.119e+06 1.43598e+08 4.38919e+09 1.1729e+11 2.39956e+12 3.63087e+13 2.8656e+15 1.02824e+16 2.09203e+16 3.27849e+16 4.37765e+16 5.21179e+16 5.659e+16 5.659e+16 5.21179e+16 4.37765e+16 3.27849e+16 2.09203e+16 1.02824e+16 2.8656e+15 3.63087e+13 2.39956e+12 1.1729e+11 4.38919e+09 1.43598e+08 4.119e+06
452221 1.2885e+07 3.05582e+08 6.12336e+09 1.03116e+11 2.09072e+12 5.75108e+13 2.01666e+14 4.10271e+14 6.43375e+14 8.59379e+14 1.02327e+15 1.11112e+15 1.11112e+15 1.02327e+15 8.59379e+14 6.43375e+14 4.10271e+14 2.01666e+14 5.75108e+13 2.09072e+12 1.03116e+11 6.12336e+09 3.05582e+08 1.2885e+07 452221
37326.7 904620 1.81634e+07 3.25911e+08 5.64292e+09 1.025e+11 1.41937e+12 4.77276e+12 9.66902e+12 1.51626e+13 2.02649e+13 2.4143e+13 2.62242e+13 2.62242e+13 2.4143e+13 2.02649e+13 1.51626e+13 9.66902e+12 4.77276e+12 1.41937e+12 1.025e+11 5.64292e+09 3.25911e+08 1.81634e+07 904620 37326.7
2593.04 55999.4 1.01695e+06 1.71295e+07 2.73633e+08 3.84168e+09 3.52322e+10 1.13159e+11 2.2783e+11 3.57112e+11 4.77508e+11 5.69185e+11 6.1844e+11 6.1844e+11 5.69185e+11 4.77508e+11 3.57112e+11 2.2783e+11 1.13159e+11 3.52322e+10 3.84168e+09 2.73633e+08 1.71295e+07 1.01695e+06 55999.4 2593.04
160.764 3190.46 53493.5 826200 1.14122e+07 1.25786e+08 8.75437e+08 2.68512e+09 5.36387e+09 8.3996e+09 1.12352e+10 1.33986e+10 1.45622e+10 1.45622e+10 1.33986e+10 1.12352e+10 8.3996e+09 5.36387e+09 2.68512e+09 8.75437e+08 1.25786e+08 1.14122e+07 826200 53493.5 3190.46 160.764
8.36439 155.141 2406.24 33537 398642 3.60951e+06 2.07401e+07 6.09611e+07 1.20726e+08 1.88795e+08 2.52575e+08 3.01329e+08 3.27583e+08 3.27583e+08 3.01329e+08 2.52575e+08 1.88795e+08 1.20726e+08 6.09611e+07 2.07401e+07 3.60951e+06 398642 33537 2406.24 155.141 8.36438
