0.0401326 0.756152 12.045 173.639 2133.18 19813.1 115704 343807 688772 1.09054e+06 1.47615e+06 1.77729e+06 1.94187e+06 1.94187e+06 1.77729e+06 1.47615e+06 1.09054e+06 688772 343807 115704 19813.1 2133.18 173.639 12.045 0.756152 0.0401326
0.765449 15.3134 262.174 4194.77 60382.9 688451 4.88854e+06 1.51688e+07 3.06751e+07 4.86743e+07 6.5924e+07 7.93879e+07 8.67448e+07 8.67448e+07 7.93879e+07 6.5924e+07 4.86743e+07 3.06751e+07 1.51688e+07 4.88854e+06 688451 60382.9 4194.77 262.174 15.3134 0.765449
12.3584 266.294 4871.31 84391.4 1.41676e+06 2.08818e+07 1.96712e+08 6.3961e+08 1.30457e+09 2.07377e+09 2.81001e+09 3.38441e+09 3.69822e+09 3.69822e+09 3.38441e+09 2.81001e+09 2.07377e+09 1.30457e+09 6.3961e+08 1.96712e+08 2.08818e+07 1.41676e+06 84391.4 4871.31 266.294 12.3584
180.217 4326.56 86061.8 1.55041e+06 2.80502e+07 5.49081e+08 7.91678e+09 2.69669e+10 5.53832e+10 8.81521e+10 1.19488e+11 1.43929e+11 1.57279e+11 1.57279e+11 1.43929e+11 1.19488e+11 8.81521e+10 5.53832e+10 2.69669e+10 7.91678e+09 5.49081e+08 2.80502e+07 1.55041e+06 86061.8 4326.56 180.217
2231.86 62996.9 1.47036e+06 2.87937e+07 4.79983e+08 1.07848e+10 3.2029e+11 1.13832e+12 2.34927e+12 3.74245e+12 5.07398e+12 6.11227e+12 6.67932e+12 6.67932e+12 6.11227e+12 5.07398e+12 3.74245e+12 2.34927e+12 1.13832e+12 3.2029e+11 1.07848e+10 4.79983e+08 2.87937e+07 1.47036e+06 62996.9 2231.86
20834.3 723231 2.19002e+07 5.74072e+08 1.11956e+10 1.59405e+11 1.5737e+13 5.72813e+13 1.18251e+14 1.88265e+14 2.55151e+14 3.073e+14 3.35779e+14 3.35779e+14 3.073e+14 2.55151e+14 1.88265e+14 1.18251e+14 5.72813e+13 1.5737e+13 1.59405e+11 1.11956e+10 5.74072e+08 2.19002e+07 723231 20834.3
122028 5.15617e+06 2.07503e+08 8.35224e+09 3.37972e+11 1.65018e+13 1.50012e+15 5.24793e+15 1.06672e+16 1.68566e+16 2.27607e+16 2.73657e+16 2.98827e+16 2.98827e+16 2.73657e+16 2.27607e+16 1.68566e+16 1.06672e+16 5.24793e+15 1.50012e+15 1.65018e+13 3.37972e+11 8.35224e+09 2.07503e+08 5.15617e+06 122028
362735 1.60068e+07 6.75084e+08 2.84686e+10 1.20198e+12 6.01284e+13 5.2633e+15 1.83638e+16 3.72875e+16 5.88906e+16 7.94949e+16 9.55654e+16 1.0435e+17 1.0435e+17 9.55654e+16 7.94949e+16 5.88906e+16 3.72875e+16 1.83638e+16 5.2633e+15 6.01284e+13 1.20198e+12 2.84686e+10 6.75084e+08 1.60068e+07 362735
726246 3.23496e+07 1.37605e+09 5.84287e+10 2.47894e+12 1.24062e+14 1.07046e+16 3.73097e+16 7.57234e+16 1.19565e+17 1.61375e+17 1.93984e+17 2.11807e+17 2.11807e+17 1.93984e+17 1.61375e+17 1.19565e+17 7.57234e+16 3.73097e+16 1.07046e+16 1.24062e+14 2.47894e+12 5.84287e+10 1.37605e+09 3.23496e+07 726246
1.14869e+06 5.12769e+07 2.18498e+09 9.28942e+10 3.9444e+12 1.97303e+14 1.6912e+16 5.89154e+16 1.19546e+17 1.88731e+17 2.54702e+17 3.0615e+17 3.3427e+17 3.3427e+17 3.0615e+17 2.54702e+17 1.88731e+17 1.19546e+17 5.89154e+16 1.6912e+16 1.97303e+14 3.9444e+12 9.28942e+10 2.18498e+09 5.12769e+07 1.14869e+06
1.55312e+06 6.9369e+07 2.95719e+09 1.25761e+11 5.341e+12 2.67076e+14 2.28239e+16 7.94911e+16 1.61275e+17 2.54586e+17 3.43552e+17 4.12928e+17 4.50845e+17 4.50845e+17 4.12928e+17 3.43552e+17 2.54586e+17 1.61275e+17 7.94911e+16 2.28239e+16 2.67076e+14 5.341e+12 1.25761e+11 2.95719e+09 6.9369e+07 1.55312e+06
1.86824e+06 8.34567e+07 3.55816e+09 1.5133e+11 6.4271e+12 3.21333e+14 2.74277e+16 9.55149e+16 1.93772e+17 3.05868e+17 4.12736e+17 4.96066e+17 5.41609e+17 5.41609e+17 4.96066e+17 4.12736e+17 3.05868e+17 1.93772e+17 9.55149e+16 2.74277e+16 3.21333e+14 6.4271e+12 1.5133e+11 3.55816e+09 8.34567e+07 1.86824e+06
2.04018e+06 9.11415e+07 3.8859e+09 1.6527e+11 7.01915e+12 3.50909e+14 2.99411e+16 1.04264e+17 2.11515e+17 3.33868e+17 4.50508e+17 5.41456e+17 5.9116e+17 5.9116e+17 5.41456e+17 4.50508e+17 3.33868e+17 2.11515e+17 1.04264e+17 2.99411e+16 3.50909e+14 7.01915e+12 1.6527e+11 3.8859e+09 9.11415e+07 2.04018e+06
2.04018e+06 9.11415e+07 3.8859e+09 1.6527e+11 7.01915e+12 3.50909e+14 2.99411e+16 1.04264e+17 2.11515e+17 3.33868e+17 4.50508e+17 5.41456e+17 5.9116e+17 5.9116e+17 5.41456e+17 4.50508e+17 3.33868e+17 2.11515e+17 1.04264e+17 2.99411e+16 3.50909e+14 7.01915e+12 1.6527e+11 3.8859e+09 9.11415e+07 2.04018e+06
1.86824e+06 8.34567e+07 3.55816e+09 1.5133e+11 6.4271e+12 3.21333e+14 2.74277e+16 9.55149e+16 1.93772e+17 3.05868e+17 4.12736e+17 4.96066e+17 5.41609e+17 5.41609e+17 4.96066e+17 4.12736e+17 3.05868e+17 1.93772e+17 9.55149e+16 2.74277e+16 3.21333e+14 6.4271e+12 1.5133e+11 3.55816e+09 8.34567e+07 1.86824e+06
1.55312e+06 6.9369e+07 2.95719e+09 1.25761e+11 5.341e+12 2.67076e+14 2.28239e+16 7.94911e+16 1.61275e+17 2.54586e+17 3.43552e+17 4.12928e+17 4.50845e+17 4.50845e+17 4.12928e+17 3.43552e+17 2.54586e+17 1.61275e+17 7.94911e+16 2.28239e+16 2.67076e+14 5.341e+12 1.25761e+11 2.95719e+09 6.9369e+07 1.55312e+06
1.14869e+06 5.12769e+07 2.18498e+09 9.28942e+10 3.9444e+12 1.97303e+14 1.6912e+16 5.89154e+16 1.19546e+17 1.88731e+17 2.54702e+17 3.0615e+17 3.3427e+17 3.3427e+17 3.0615e+17 2.54702e+17 1.88731e+17 1.19546e+17 5.89154e+16 1.6912e+16 1.97303e+14 3.9444e+12 9.28942e+10 2.18498e+09 5.12769e+07 1.14869e+06
726246 3.23496e+07 1.37605e+09 5.84287e+10 2.47894e+12 1.24062e+14 1.07046e+16 3.73097e+16 7.57234e+16 1.19565e+17 1.61375e+17 1.93984e+17 2.11807e+17 2.11807e+17 1.93984e+17 1.61375e+17 1.19565e+17 7.57234e+16 3.73097e+16 1.07046e+16 1.24062e+14 2.47894e+12 5.84287e+10 1.37605e+09 3.23496e+07 726246
362735 1.60068e+07 6.75084e+08 2.84686e+10 1.20198e+12 6.01284e+13 5.2633e+15 1.83638e+16 3.72875e+16 5.88906e+16 7.94949e+16 9.55654e+16 1.0435e+17 1.0435e+17 9.55654e+16 7.94949e+16 5.88906e+16 3.72875e+16 1.83638e+16 5.2633e+15 6.01284e+13 1.20198e+12 2.84686e+10 6.75084e+08 1.60068e+07 362735
122028 5.15617e+06 2.07503e+08 8.35224e+09 3.37972e+11 1.65018e+13 1.50012e+15 5.24793e+15 1.06672e+16 1.68566e+16 2.27607e+16 2.73657e+16 2.98827e+16 2.98827e+16 2.73657e+16 2.27607e+16 1.68566e+16 1.06672e+16 5.24793e+15 1.50012e+15 1.65018e+13 3.37972e+11 8.35224e+09 2.07503e+08 5.15617e+06 122028
20834.3 723231 2.19002e+07 5.74072e+08 1.11956e+10 1.59405e+11 1.5737e+13 5.72813e+13 1.18251e+14 1.88265e+14 2.55151e+14 3.073e+14 3.35779e+14 3.35779e+14 3.073e+14 2.55151e+14 1.88265e+14 1.18251e+14 5.72813e+13 1.5737e+13 1.59405e+11 1.11956e+10 5.74072e+08 2.19002e+07 723231 20834.3
2231.86 62996.9 1.47036e+06 2.87937e+07 4.79983e+08 1.07848e+10 3.2029e+11 1.13832e+12 2.34927e+12 3.74245e+12 5.07398e+12 6.11227e+12 6.67932e+12 6.67932e+12 6.11227e+12 5.07398e+12 3.74245e+12 2.34927e+12 1.13832e+12 3.2029e+11 1.07848e+10 4.79983e+08 2.87937e+07 1.47036e+06 62996.8 2231.86
180.217 4326.56 86061.8 1.55041e+06 2.80502e+07 5.49081e+08 7.91678e+09 2.69669e+10 5.53832e+10 8.81521e+10 1.19488e+11 1.43929e+11 1.57279e+11 1.57279e+11 1.43929e+11 1.19488e+11 8.81521e+10 5.53832e+10 2.69669e+10 7.91678e+09 5.49081e+08 2.80502e+07 1.55041e+06 86061.8 4326.56 180.217
12.3584 266.294 4871.31 84391.4 1.41676e+06 2.08818e+07 1.96712e+08 6.3961e+08 1.30457e+09 2.07377e+09 2.81001e+09 3.38441e+09 3.69822e+09 3.69822e+09 3.38441e+09 2.81001e+09 2.07377e+09 1.30457e+09 6.3961e+08 1.96712e+08 2.08818e+07 1.41676e+06 84391.4 4871.31 266.294 12.3584
0.765449 15.3134 262.174 4194.77 60382.9 688451 4.88854e+06 1.51688e+07 3.06751e+07 4.86743e+07 6.5924e+07 7.93879e+07 8.67448e+07 8.67448e+07 7.93879e+07 6.5924e+07 4.86743e+07 3.06751e+07 1.51688e+07 4.88854e+06 688451 60382.9 4194.77 262.174 15.3134 0.765449
0.0401326 0.756152 12.045 173.639 2133.18 19813.1 115704 343807 688772 1.09054e+06 1.47615e+06 1.77729e+06 1.94187e+06 1.94187e+06 1.77729e+06 1.47615e+06 1.09054e+06 688772 343807 115704 19813.1 2133.18 173.639 12.045 0.756152 0.0401326
