0.0229171 0.425262 6.61078 92.4976 1104.41 10040.8 57917.3 171235 341991 540284 730206 878355 959284 959284 878355 730206 540284 341991 171235 57917.3 10040.8 1104.41 92.4976 6.61078 0.425262 0.0229171
0.439514 8.71434 146.26 2267.36 31489.8 348888 2.43843e+06 7.52403e+06 1.51629e+07 2.39989e+07 3.24463e+07 3.90305e+07 4.26261e+07 4.26261e+07 3.90305e+07 3.24463e+07 2.39989e+07 1.51629e+07 7.52403e+06 2.43843e+06 348888 31489.8 2267.36 146.26 8.71434 0.439514
7.08415 152.59 2767.41 46712 750848 1.06182e+07 9.78688e+07 3.16274e+08 6.42626e+08 1.01862e+09 1.37749e+09 1.65703e+09 1.80965e+09 1.80965e+09 1.65703e+09 1.37749e+09 1.01862e+09 6.42626e+08 3.16274e+08 9.78688e+07 1.06182e+07 750848 46712 2767.41 152.59 7.08415
102.113 2465.51 49312.5 883167 1.53602e+07 2.8202e+08 3.93231e+09 1.33062e+10 2.7215e+10 4.31822e+10 5.84035e+10 7.02544e+10 7.67227e+10 7.67227e+10 7.02544e+10 5.84035e+10 4.31822e+10 2.7215e+10 1.33062e+10 3.93231e+09 2.8202e+08 1.53602e+07 883167 49312.5 2465.51 102.113
1240.87 35222.7 831326 1.65616e+07 2.77757e+08 5.70713e+09 1.58938e+11 5.60927e+11 1.15254e+12 1.82985e+12 2.47499e+12 2.97711e+12 3.25112e+12 3.25112e+12 2.97711e+12 2.47499e+12 1.82985e+12 1.15254e+12 5.60927e+11 1.58938e+11 5.70713e+09 2.77757e+08 1.65616e+07 831326 35222.7 1240.87
11347.4 394360 1.20072e+07 3.19197e+08 6.47034e+09 9.67451e+10 7.88772e+12 2.84791e+13 5.85043e+13 9.27997e+13 1.25444e+14 1.50844e+14 1.64704e+14 1.64704e+14 1.50844e+14 1.25444e+14 9.27997e+13 5.85043e+13 2.84791e+13 7.88772e+12 9.67451e+10 6.47034e+09 3.19197e+08 1.20072e+07 394360 11347.4
65372 2.75186e+06 1.10432e+08 4.43643e+09 1.79284e+11 8.63126e+12 7.50562e+14 2.61253e+15 5.29006e+15 8.33303e+15 1.12248e+16 1.34745e+16 1.47026e+16 1.47026e+16 1.34745e+16 1.12248e+16 8.33303e+15 5.29006e+15 2.61253e+15 7.50562e+14 8.63126e+12 1.79284e+11 4.43643e+09 1.10432e+08 2.75186e+06 65372
193057 8.48094e+06 3.56414e+08 1.49915e+10 6.31822e+11 3.12049e+13 2.62566e+15 9.11649e+15 1.84405e+16 2.90313e+16 3.90929e+16 4.692e+16 5.11921e+16 5.11921e+16 4.692e+16 3.90929e+16 2.90313e+16 1.84405e+16 9.11649e+15 2.62566e+15 3.12049e+13 6.31822e+11 1.49915e+10 3.56414e+08 8.48094e+06 193057
385220 1.70752e+07 7.23487e+08 3.06316e+10 1.29691e+12 6.4094e+13 5.32459e+15 1.84683e+16 3.73387e+16 5.87655e+16 7.91172e+16 9.49468e+16 1.03586e+17 1.03586e+17 9.49468e+16 7.91172e+16 5.87655e+16 3.73387e+16 1.84683e+16 5.32459e+15 6.4094e+13 1.29691e+12 3.06316e+10 7.23487e+08 1.70752e+07 385220
608075 2.70028e+07 1.1458e+09 4.85603e+10 2.05719e+12 1.01613e+14 8.39113e+15 2.90886e+16 5.87932e+16 9.25128e+16 1.24534e+17 1.49438e+17 1.63028e+17 1.63028e+17 1.49438e+17 1.24534e+17 9.25128e+16 5.87932e+16 2.90886e+16 8.39113e+15 1.01613e+14 2.05719e+12 4.85603e+10 1.1458e+09 2.70028e+07 608075
821238 3.64806e+07 1.54831e+09 6.56262e+10 2.78025e+12 1.37274e+14 1.13032e+16 3.91716e+16 7.91578e+16 1.2454e+17 1.6763e+17 2.01138e+17 2.19423e+17 2.19423e+17 2.01138e+17 1.6763e+17 1.2454e+17 7.91578e+16 3.91716e+16 1.13032e+16 1.37274e+14 2.78025e+12 6.56262e+10 1.54831e+09 3.64806e+07 821238
987326 4.38593e+07 1.86145e+09 7.88961e+10 3.34227e+12 1.64985e+14 1.35669e+16 4.70091e+16 9.49854e+16 1.49429e+17 2.01117e+17 2.41308e+17 2.6324e+17 2.6324e+17 2.41308e+17 2.01117e+17 1.49429e+17 9.49854e+16 4.70091e+16 1.35669e+16 1.64985e+14 3.34227e+12 7.88961e+10 1.86145e+09 4.38593e+07 987326
1.07798e+06 4.78854e+07 2.03226e+09 8.61326e+10 3.64869e+12 1.80091e+14 1.48018e+16 5.12844e+16 1.03619e+17 1.63004e+17 2.19381e+17 2.63216e+17 2.87136e+17 2.87136e+17 2.63216e+17 2.19381e+17 1.63004e+17 1.03619e+17 5.12844e+16 1.48018e+16 1.80091e+14 3.64869e+12 8.61326e+10 2.03226e+09 4.78854e+07 1.07798e+06
1.07798e+06 4.78854e+07 2.03226e+09 8.61326e+10 3.64869e+12 1.80091e+14 1.48018e+16 5.12844e+16 1.03619e+17 1.63004e+17 2.19381e+17 2.63216e+17 2.87136e+17 2.87136e+17 2.63216e+17 2.19381e+17 1.63004e+17 1.03619e+17 5.12844e+16 1.48018e+16 1.80091e+14 3.64869e+12 8.61326e+10 2.03226e+09 4.78854e+07 1.07798e+06
987326 4.38593e+07 1.86145e+09 7.88961e+10 3.34227e+12 1.64985e+14 1.35669e+16 4.70091e+16 9.49854e+16 1.49429e+17 2.01117e+17 2.41308e+17 2.6324e+17 2.6324e+17 2.41308e+17 2.01117e+17 1.49429e+17 9.49854e+16 4.70091e+16 1.35669e+16 1.64985e+14 3.34227e+12 7.88961e+10 1.86145e+09 4.38593e+07 987326
821238 3.64806e+07 1.54831e+09 6.56262e+10 2.78025e+12 1.37274e+14 1.13032e+16 3.91716e+16 7.91578e+16 1.2454e+17 1.6763e+17 2.01138e+17 2.19423e+17 2.19423e+17 2.01138e+17 1.6763e+17 1.2454e+17 7.91578e+16 3.91716e+16 1.13032e+16 1.37274e+14 2.78025e+12 6.56262e+10 1.54831e+09 3.64806e+07 821238
608075 2.70028e+07 1.1458e+09 4.85603e+10 2.05719e+12 1.01613e+14 8.39113e+15 2.90886e+16 5.87932e+16 9.25128e+16 1.24534e+17 1.49438e+17 1.63028e+17 1.63028e+17 1.49438e+17 1.24534e+17 9.25128e+16 5.87932e+16 2.90886e+16 8.39113e+15 1.01613e+14 2.05719e+12 4.85603e+10 1.1458e+09 2.70028e+07 608075
385220 1.70752e+07 7.23487e+08 3.06316e+10 1.29691e+12 6.4094e+13 5.32459e+15 1.84683e+16 3.73387e+16 5.87655e+16 7.91172e+16 9.49468e+16 1.03586e+17 1.03586e+17 9.49468e+16 7.91172e+16 5.87655e+16 3.73387e+16 1.84683e+16 5.32459e+15 6.4094e+13 1.29691e+12 3.06316e+10 7.23487e+08 1.70752e+07 385220
193057 8.48094e+06 3.56414e+08 1.49915e+10 6.31822e+11 3.12049e+13 2.62566e+15 9.11649e+15 1.84405e+16 2.90313e+16 3.90929e+16 4.692e+16 5.11921e+16 5.11921e+16 4.692e+16 3.90929e+16 2.90313e+16 1.84405e+16 9.11649e+15 2.62566e+15 3.12049e+13 6.31822e+11 1.49915e+10 3.56414e+08 8.48094e+06 193057
65372 2.75186e+06 1.10432e+08 4.43643e+09 1.79284e+11 8.63126e+12 7.50562e+14 2.61253e+15 5.29006e+15 8.33303e+15 1.12248e+16 1.34745e+16 1.47026e+16 1.47026e+16 1.34745e+16 1.12248e+16 8.33303e+15 5.29006e+15 2.61253e+15 7.50562e+14 8.63126e+12 1.79284e+11 4.43643e+09 1.10432e+08 2.75186e+06 65372
11347.4 394360 1.20072e+07 3.19197e+08 6.47034e+09 9.67451e+10 7.88772e+12 2.84791e+13 5.85043e+13 9.27997e+13 1.25444e+14 1.50844e+14 1.64704e+14 1.64704e+14 1.50844e+14 1.25444e+14 9.27997e+13 5.85043e+13 2.84791e+13 7.88772e+12 9.67451e+10 6.47034e+09 3.19197e+08 1.20072e+07 394360 11347.4
1240.87 35222.7 831326 1.65616e+07 2.77757e+08 5.70713e+09 1.58938e+11 5.60927e+11 1.15254e+12 1.82985e+12 2.47499e+12 2.97711e+12 3.25112e+12 3.25112e+12 2.97711e+12 2.47499e+12 1.82985e+12 1.15254e+12 5.60927e+11 1.58938e+11 5.70713e+09 2.77757e+08 1.65616e+07 831326 35222.7 1240.87
102.113 2465.51 49312.5 883167 1.53602e+07 2.8202e+08 3.93231e+09 1.33062e+10 2.7215e+10 4.31822e+10 5.84035e+10 7.02544e+10 7.67227e+10 7.67227e+10 7.02544e+10 5.84035e+10 4.31822e+10 2.7215e+10 1.33062e+10 3.93231e+09 2.8202e+08 1.53602e+07 883167 49312.5 2465.51 102.113
7.08415 152.59 2767.41 46712 750848 1.06182e+07 9.78688e+07 3.16274e+08 6.42626e+08 1.01862e+09 1.37749e+09 1.65703e+09 1.80965e+09 1.80965e+09 1.65703e+09 1.37749e+09 1.01862e+09 6.42626e+08 3.16274e+08 9.78688e+07 1.06182e+07 750848 46712 2767.41 152.59 7.08415
0.439514 8.71434 146.26 2267.36 31489.8 348888 2.43843e+06 7.52403e+06 1.51629e+07 2.39989e+07 3.24463e+07 3.90305e+07 4.26261e+07 4.26261e+07 3.90305e+07 3.24463e+07 2.39989e+07 1.51629e+07 7.52403e+06 2.43843e+06 348888 31489.8 2267.36 146.26 8.71434 0.439514
0.0229171 0.425262 6.61078 92.4976 1104.41 10040.8 57917.3 171235 341991 540284 730206 878355 959284 959284 878355 730206 540284 341991 171235 57917.3 10040.8 1104.41 92.4976 6.61078 0.425262 0.0229171
