0.00703344 0.132909 2.1252 30.7671 379.597 3540.36 20768.6 62118.3 125474 200415 273463 331260 363124 363124 331260 273463 200415 125474 62118.3 20768.6 3540.36 379.597 30.7671 2.1252 0.132909 0.00703344
0.134341 2.6942 46.2846 743.74 10755.7 123170 878477 2.7443e+06 5.59748e+06 8.96361e+06 1.22421e+07 1.48361e+07 1.62664e+07 1.62664e+07 1.48361e+07 1.22421e+07 8.96361e+06 5.59748e+06 2.7443e+06 878477 123170 10755.7 743.74 46.2846 2.6942 0.134341
2.17372 46.9206 860.44 14962.5 252444 3.73908e+06 3.53757e+07 1.15828e+08 2.38373e+08 3.82564e+08 5.22924e+08 6.33991e+08 6.9524e+08 6.9524e+08 6.33991e+08 5.22924e+08 3.82564e+08 2.38373e+08 1.15828e+08 3.53757e+07 3.73908e+06 252444 14962.5 860.44 46.9206 2.17372
31.794 764.213 15220.4 274763 4.99338e+06 9.8336e+07 1.4241e+09 4.88602e+09 1.0129e+10 1.62839e+10 2.2274e+10 2.70151e+10 2.96301e+10 2.96301e+10 2.70151e+10 2.2274e+10 1.62839e+10 1.0129e+10 4.88602e+09 1.4241e+09 9.8336e+07 4.99338e+06 274763 15220.4 764.213 31.794
395.202 11166.8 260795 5.10745e+06 8.52173e+07 1.92901e+09 5.76015e+10 2.06264e+11 4.29872e+11 6.91969e+11 9.47086e+11 1.14907e+12 1.2605e+12 1.2605e+12 1.14907e+12 9.47086e+11 6.91969e+11 4.29872e+11 2.06264e+11 5.76015e+10 1.92901e+09 8.52173e+07 5.10745e+06 260795 11166.8 395.202
3704.61 128743 3.90103e+06 1.02244e+08 1.99e+09 2.82543e+10 2.82613e+12 1.03652e+13 2.1608e+13 3.47598e+13 4.75535e+13 5.76797e+13 6.32652e+13 6.32652e+13 5.76797e+13 4.75535e+13 3.47598e+13 2.1608e+13 1.03652e+13 2.82613e+12 2.82543e+10 1.99e+09 1.02244e+08 3.90103e+06 128743 3704.61
21804.8 922347 3.71443e+07 1.49541e+09 6.04936e+10 2.95356e+12 2.6941e+14 9.47085e+14 1.93741e+15 3.08233e+15 4.18752e+15 5.05804e+15 5.53695e+15 5.53695e+15 5.05804e+15 4.18752e+15 3.08233e+15 1.93741e+15 9.47084e+14 2.6941e+14 2.95356e+12 6.04936e+10 1.49541e+09 3.71443e+07 922347 21804.8
65265.8 2.8838e+06 1.21736e+08 5.13617e+09 2.16863e+11 1.08473e+13 9.4999e+14 3.32947e+15 6.80167e+15 1.08124e+16 1.46818e+16 1.77285e+16 1.94044e+16 1.94044e+16 1.77285e+16 1.46818e+16 1.08124e+16 6.80167e+15 3.32947e+15 9.4999e+14 1.08473e+13 2.16863e+11 5.13617e+09 1.21736e+08 2.8838e+06 65265.8
131802 5.8807e+06 2.50477e+08 1.06452e+10 4.51858e+11 2.26104e+13 1.94517e+15 6.80817e+15 1.38998e+16 2.2088e+16 2.99857e+16 3.62035e+16 3.96233e+16 3.96233e+16 3.62035e+16 2.99857e+16 2.2088e+16 1.38998e+16 6.80817e+15 1.94517e+15 2.26104e+13 4.51858e+11 1.06452e+10 2.50477e+08 5.8807e+06 131802
210389 9.41105e+06 4.01723e+08 1.71021e+10 7.26856e+11 3.63502e+13 3.09536e+15 1.08255e+16 2.20938e+16 3.51012e+16 4.76452e+16 5.752e+16 6.2951e+16 6.2951e+16 5.752e+16 4.76452e+16 3.51012e+16 2.20938e+16 1.08255e+16 3.09536e+15 3.63502e+13 7.26856e+11 1.71021e+10 4.01723e+08 9.41105e+06 210389
286858 1.28433e+07 5.48678e+08 2.33742e+10 9.94004e+11 4.96908e+13 4.20481e+15 1.46986e+16 2.99918e+16 4.76427e+16 6.46627e+16 7.80602e+16 8.54283e+16 8.54283e+16 7.80602e+16 6.46627e+16 4.76427e+16 2.99918e+16 1.46986e+16 4.20481e+15 4.96908e+13 9.94004e+11 2.33742e+10 5.48678e+08 1.28433e+07 286858
347262 1.55544e+07 6.64762e+08 2.83295e+10 1.20512e+12 6.02307e+13 5.07795e+15 1.77458e+16 3.62051e+16 5.75081e+16 7.80482e+16 9.4216e+16 1.03107e+17 1.03107e+17 9.4216e+16 7.80482e+16 5.75081e+16 3.62051e+16 1.77458e+16 5.07795e+15 6.02307e+13 1.20512e+12 2.83295e+10 6.64762e+08 1.55544e+07 347262
380525 1.70475e+07 7.28698e+08 3.10592e+10 1.32144e+12 6.60369e+13 5.55797e+15 1.94209e+16 3.96204e+16 6.29305e+16 8.54053e+16 1.03095e+17 1.12824e+17 1.12824e+17 1.03095e+17 8.54053e+16 6.29305e+16 3.96204e+16 1.94209e+16 5.55797e+15 6.60369e+13 1.32144e+12 3.10592e+10 7.28698e+08 1.70475e+07 380525
380525 1.70475e+07 7.28698e+08 3.10592e+10 1.32144e+12 6.60369e+13 5.55797e+15 1.94209e+16 3.96204e+16 6.29305e+16 8.54053e+16 1.03095e+17 1.12824e+17 1.12824e+17 1.03095e+17 8.54053e+16 6.29305e+16 3.96204e+16 1.94209e+16 5.55797e+15 6.60369e+13 1.32144e+12 3.10592e+10 7.28698e+08 1.70475e+07 380525
347262 1.55544e+07 6.64762e+08 2.83295e+10 1.20512e+12 6.02307e+13 5.07795e+15 1.77458e+16 3.62051e+16 5.75081e+16 7.80482e+16 9.4216e+16 1.03107e+17 1.03107e+17 9.4216e+16 7.80482e+16 5.75081e+16 3.62051e+16 1.77458e+16 5.07795e+15 6.02307e+13 1.20512e+12 2.83295e+10 6.64762e+08 1.55544e+07 347262
286857 1.28433e+07 5.48678e+08 2.33742e+10 9.94004e+11 4.96908e+13 4.20481e+15 1.46986e+16 2.99918e+16 4.76427e+16 6.46627e+16 7.80602e+16 8.54283e+16 8.54283e+16 7.80602e+16 6.46627e+16 4.76427e+16 2.99918e+16 1.46986e+16 4.20481e+15 4.96908e+13 9.94004e+11 2.33742e+10 5.48678e+08 1.28433e+07 286857
210389 9.41105e+06 4.01723e+08 1.71021e+10 7.26856e+11 3.63502e+13 3.09536e+15 1.08255e+16 2.20938e+16 3.51012e+16 4.76452e+16 5.752e+16 6.2951e+16 6.2951e+16 5.752e+16 4.76452e+16 3.51012e+16 2.20938e+16 1.08255e+16 3.09536e+15 3.63502e+13 7.26856e+11 1.71021e+10 4.01723e+08 9.41105e+06 210389
131802 5.8807e+06 2.50477e+08 1.06452e+10 4.51858e+11 2.26104e+13 1.94517e+15 6.80817e+15 1.38998e+16 2.2088e+16 2.99857e+16 3.62035e+16 3.96233e+16 3.96233e+16 3.62035e+16 2.99857e+16 2.2088e+16 1.38998e+16 6.80817e+15 1.94517e+15 2.26104e+13 4.51858e+11 1.06452e+10 2.50477e+08 5.8807e+06 131802
65265.8 2.8838e+06 1.21736e+08 5.13617e+09 2.16863e+11 1.08473e+13 9.4999e+14 3.32947e+15 6.80167e+15 1.08124e+16 1.46818e+16 1.77285e+16 1.94044e+16 1.94044e+16 1.77285e+16 1.46818e+16 1.08124e+16 6.80167e+15 3.32947e+15 9.4999e+14 1.08473e+13 2.16863e+11 5.13617e+09 1.21736e+08 2.8838e+06 65265.8
21804.8 922347 3.71443e+07 1.49541e+09 6.04936e+10 2.95356e+12 2.6941e+14 9.47084e+14 1.93741e+15 3.08233e+15 4.18752e+15 5.05804e+15 5.53695e+15 5.53695e+15 5.05804e+15 4.18752e+15 3.08233e+15 1.93741e+15 9.47085e+14 2.6941e+14 2.95356e+12 6.04936e+10 1.49541e+09 3.71443e+07 922347 21804.8
3704.61 128743 3.90103e+06 1.02244e+08 1.99e+09 2.82543e+10 2.82613e+12 1.03652e+13 2.1608e+13 3.47598e+13 4.75535e+13 5.76797e+13 6.32652e+13 6.32652e+13 5.76797e+13 4.75535e+13 3.47598e+13 2.1608e+13 1.03652e+13 2.82613e+12 2.82543e+10 1.99e+09 1.02244e+08 3.90103e+06 128743 3704.61
395.202 11166.8 260795 5.10745e+06 8.52173e+07 1.92901e+09 5.76015e+10 2.06264e+11 4.29872e+11 6.91969e+11 9.47086e+11 1.14907e+12 1.2605e+12 1.2605e+12 1.14907e+12 9.47085e+11 6.91969e+11 4.29872e+11 2.06264e+11 5.76015e+10 1.92901e+09 8.52173e+07 5.10745e+06 260795 11166.8 395.202
31.794 764.213 15220.4 274763 4.99338e+06 9.8336e+07 1.4241e+09 4.88602e+09 1.0129e+10 1.62839e+10 2.2274e+10 2.70151e+10 2.96301e+10 2.96301e+10 2.70151e+10 2.2274e+10 1.62839e+10 1.0129e+10 4.88602e+09 1.4241e+09 9.8336e+07 4.99338e+06 274763 15220.4 764.213 31.794
2.17372 46.9206 860.44 14962.5 252444 3.73908e+06 3.53757e+07 1.15828e+08 2.38373e+08 3.82564e+08 5.22924e+08 6.33991e+08 6.9524e+08 6.9524e+08 6.33991e+08 5.22924e+08 3.82564e+08 2.38373e+08 1.15828e+08 3.53757e+07 3.73908e+06 252444 14962.5 860.44 46.9206 2.17372
0.134341 2.6942 46.2846 743.74 10755.7 123170 878477 2.7443e+06 5.59748e+06 8.96361e+06 1.22421e+07 1.48361e+07 1.62664e+07 1.62664e+07 1.48361e+07 1.22421e+07 8.96361e+06 5.59748e+06 2.7443e+06 878477 123170 10755.7 743.74 46.2846 2.6942 0.134341
0.00703344 0.132909 2.1252 30.7671 379.597 3540.36 20768.6 62118.3 125474 200415 273463 331260 363124 363124 331260 273463 200415 125474 62118.3 20768.6 3540.36 379.597 30.7671 2.1252 0.132909 0.00703344
