0.0719021 1.36311 21.844 316.63 3910.36 36515.3 214503 642066 1.29679e+06 2.06928e+06 2.81917e+06 3.40984e+06 3.73437e+06 3.73437e+06 3.40984e+06 2.81917e+06 2.06928e+06 1.29679e+06 642066 214503 36515.3 3910.36 316.63 21.844 1.36311 0.0719022
1.38036 27.8076 479.184 7709.74 111541 1.27812e+06 9.1264e+06 2.85357e+07 5.8206e+07 9.31223e+07 1.26985e+08 1.53653e+08 1.68304e+08 1.68304e+08 1.53653e+08 1.26985e+08 9.31223e+07 5.8206e+07 2.85357e+07 9.1264e+06 1.27812e+06 111541 7709.74 479.184 27.8076 1.38036
22.4287 486.935 8969.07 156257 2.63529e+06 3.90087e+07 3.69279e+08 1.21033e+09 2.49126e+09 3.99462e+09 5.45153e+09 6.59868e+09 7.22888e+09 7.22888e+09 6.59868e+09 5.45153e+09 3.99462e+09 2.49126e+09 1.21033e+09 3.69279e+08 3.90087e+07 2.63529e+06 156257 8969.07 486.935 22.4287
328.953 7958.92 159444 2.88912e+06 5.24923e+07 1.03077e+09 1.49185e+10 5.12435e+10 1.06262e+11 1.7068e+11 2.33079e+11 2.82207e+11 3.09195e+11 3.09195e+11 2.82207e+11 2.33079e+11 1.7068e+11 1.06262e+11 5.12435e+10 1.49185e+10 1.03077e+09 5.24923e+07 2.88912e+06 159444 7958.92 328.953
4095.71 116496 2.73788e+06 5.39297e+07 9.03229e+08 2.03298e+10 6.04877e+11 2.16887e+12 4.52197e+12 7.27259e+12 9.93652e+12 1.20339e+13 1.3186e+13 1.3186e+13 1.20339e+13 9.93652e+12 7.27259e+12 4.52197e+12 2.16887e+12 6.04877e+11 2.03298e+10 9.03229e+08 5.39297e+07 2.73788e+06 116496 4095.71
38436.7 1.34409e+06 4.09562e+07 1.07903e+09 2.11384e+10 3.02207e+11 2.97447e+13 1.0926e+14 2.27915e+14 3.66366e+14 5.00389e+14 6.05882e+14 6.63823e+14 6.63823e+14 6.05882e+14 5.00389e+14 3.66366e+14 2.27915e+14 1.0926e+14 2.97447e+13 3.02207e+11 2.11384e+10 1.07903e+09 4.09562e+07 1.34409e+06 38436.7
226433 9.63442e+06 3.89857e+08 1.57511e+10 6.38711e+11 3.11931e+13 2.83732e+15 9.99266e+15 2.04707e+16 3.25865e+16 4.42644e+16 5.34422e+16 5.84817e+16 5.84817e+16 5.34422e+16 4.42644e+16 3.25865e+16 2.04707e+16 9.99266e+15 2.83732e+15 3.11931e+13 6.38711e+11 1.57511e+10 3.89857e+08 9.63442e+06 226433
678090 3.01412e+07 1.27862e+09 5.41442e+10 2.29204e+12 1.14728e+14 1.00246e+16 3.51966e+16 7.20043e+16 1.14533e+17 1.55511e+17 1.87712e+17 2.05393e+17 2.05393e+17 1.87712e+17 1.55511e+17 1.14533e+17 7.20043e+16 3.51966e+16 1.00246e+16 1.14728e+14 2.29204e+12 5.41442e+10 1.27862e+09 3.01412e+07 678090
1.36893e+06 6.14527e+07 2.63064e+09 1.12225e+11 4.77654e+12 2.39254e+14 2.05541e+16 7.20691e+16 1.47345e+17 2.34287e+17 3.18039e+17 3.83846e+17 4.19979e+17 4.19979e+17 3.83846e+17 3.18039e+17 2.34287e+17 1.47345e+17 7.20691e+16 2.05541e+16 2.39254e+14 4.77654e+12 1.12225e+11 2.63064e+09 6.14527e+07 1.36893e+06
2.1825e+06 9.82295e+07 4.21427e+09 1.8009e+11 7.67466e+12 3.84272e+14 3.27213e+16 1.14648e+17 2.34312e+17 3.72483e+17 5.05561e+17 6.10117e+17 6.67523e+17 6.67523e+17 6.10117e+17 5.05561e+17 3.72483e+17 2.34312e+17 1.14648e+17 3.27213e+16 3.84272e+14 7.67466e+12 1.8009e+11 4.21427e+09 9.82295e+07 2.1825e+06
2.97052e+06 1.33816e+08 5.74535e+09 2.45667e+11 1.04743e+13 5.24306e+14 4.44341e+16 1.55625e+17 3.17993e+17 5.05436e+17 6.85947e+17 8.27756e+17 9.05613e+17 9.05613e+17 8.27756e+17 6.85947e+17 5.05436e+17 3.17993e+17 1.55625e+17 4.44341e+16 5.24306e+14 1.04743e+13 2.45667e+11 5.74535e+09 1.33816e+08 2.97052e+06
3.58996e+06 1.6178e+08 6.94822e+09 2.97178e+11 1.26733e+13 6.34271e+14 5.36269e+16 1.87785e+17 3.83663e+17 6.09766e+17 8.27485e+17 9.98516e+17 1.09241e+18 1.09241e+18 9.98516e+17 8.27485e+17 6.09766e+17 3.83663e+17 1.87785e+17 5.36269e+16 6.34271e+14 1.26733e+13 2.97178e+11 6.94822e+09 1.6178e+08 3.58996e+06
3.92979e+06 1.7712e+08 7.60799e+09 3.25428e+11 1.38791e+13 6.94564e+14 5.86695e+16 2.05426e+17 4.19686e+17 6.66994e+17 9.05121e+17 1.09218e+18 1.19487e+18 1.19487e+18 1.09218e+18 9.05121e+17 6.66993e+17 4.19686e+17 2.05426e+17 5.86695e+16 6.94564e+14 1.38791e+13 3.25428e+11 7.60799e+09 1.7712e+08 3.92979e+06
3.92979e+06 1.7712e+08 7.60799e+09 3.25428e+11 1.38791e+13 6.94564e+14 5.86695e+16 2.05426e+17 4.19686e+17 6.66993e+17 9.05121e+17 1.09218e+18 1.19487e+18 1.19487e+18 1.09218e+18 9.05121e+17 6.66994e+17 4.19686e+17 2.05426e+17 5.86695e+16 6.94564e+14 1.38791e+13 3.25428e+11 7.60799e+09 1.7712e+08 3.92979e+06
3.58996e+06 1.6178e+08 6.94822e+09 2.97178e+11 1.26733e+13 6.34271e+14 5.36269e+16 1.87785e+17 3.83663e+17 6.09766e+17 8.27485e+17 9.98516e+17 1.09241e+18 1.09241e+18 9.98516e+17 8.27485e+17 6.09766e+17 3.83663e+17 1.87785e+17 5.36269e+16 6.34271e+14 1.26733e+13 2.97178e+11 6.94822e+09 1.6178e+08 3.58996e+06
2.97052e+06 1.33816e+08 5.74535e+09 2.45667e+11 1.04743e+13 5.24306e+14 4.44341e+16 1.55625e+17 3.17993e+17 5.05436e+17 6.85947e+17 8.27756e+17 9.05613e+17 9.05613e+17 8.27756e+17 6.85947e+17 5.05436e+17 3.17993e+17 1.55625e+17 4.44341e+16 5.24306e+14 1.04743e+13 2.45667e+11 5.74535e+09 1.33816e+08 2.97052e+06
2.1825e+06 9.82295e+07 4.21427e+09 1.8009e+11 7.67466e+12 3.84272e+14 3.27213e+16 1.14648e+17 2.34312e+17 3.72483e+17 5.05561e+17 6.10117e+17 6.67523e+17 6.67523e+17 6.10117e+17 5.05561e+17 3.72483e+17 2.34312e+17 1.14648e+17 3.27213e+16 3.84272e+14 7.67466e+12 1.8009e+11 4.21427e+09 9.82295e+07 2.1825e+06
1.36893e+06 6.14527e+07 2.63064e+09 1.12225e+11 4.77654e+12 2.39254e+14 2.05541e+16 7.20691e+16 1.47345e+17 2.34287e+17 3.18039e+17 3.83846e+17 4.19979e+17 4.19979e+17 3.83846e+17 3.18039e+17 2.34287e+17 1.47345e+17 7.20691e+16 2.05541e+16 2.39254e+14 4.77654e+12 1.12225e+11 2.63064e+09 6.14527e+07 1.36893e+06
678090 3.01412e+07 1.27862e+09 5.41442e+10 2.29204e+12 1.14728e+14 1.00246e+16 3.51966e+16 7.20043e+16 1.14533e+17 1.55511e+17 1.87712e+17 2.05393e+17 2.05393e+17 1.87712e+17 1.55511e+17 1.14533e+17 7.20043e+16 3.51966e+16 1.00246e+16 1.14728e+14 2.29204e+12 5.41442e+10 1.27862e+09 3.01412e+07 678090
226433 9.63442e+06 3.89857e+08 1.57511e+10 6.38711e+11 3.11931e+13 2.83732e+15 9.99266e+15 2.04707e+16 3.25865e+16 4.42644e+16 5.34422e+16 5.84817e+16 5.84817e+16 5.34422e+16 4.42644e+16 3.25865e+16 2.04707e+16 9.99266e+15 2.83732e+15 3.11931e+13 6.38711e+11 1.57511e+10 3.89857e+08 9.63442e+06 226433
38436.7 1.34409e+06 4.09562e+07 1.07903e+09 2.11384e+10 3.02207e+11 2.97447e+13 1.0926e+14 2.27915e+14 3.66366e+14 5.00389e+14 6.05882e+14 6.63823e+14 6.63823e+14 6.05882e+14 5.00389e+14 3.66366e+14 2.27915e+14 1.0926e+14 2.97447e+13 3.02207e+11 2.11384e+10 1.07903e+09 4.09562e+07 1.34409e+06 38436.7
4095.71 116496 2.73788e+06 5.39297e+07 9.03229e+08 2.03298e+10 6.04877e+11 2.16887e+12 4.52197e+12 7.27259e+12 9.93652e+12 1.20339e+13 1.3186e+13 1.3186e+13 1.20339e+13 9.93652e+12 7.27259e+12 4.52197e+12 2.16887e+12 6.04877e+11 2.03298e+10 9.03229e+08 5.39297e+07 2.73788e+06 116496 4095.71
328.953 7958.92 159444 2.88912e+06 5.24923e+07 1.03077e+09 1.49185e+10 5.12435e+10 1.06262e+11 1.7068e+11 2.33079e+11 2.82207e+11 3.09195e+11 3.09195e+11 2.82207e+11 2.33079e+11 1.7068e+11 1.06262e+11 5.12435e+10 1.49185e+10 1.03077e+09 5.24923e+07 2.88912e+06 159444 7958.92 328.953
22.4287 486.935 8969.07 156257 2.63529e+06 3.90087e+07 3.69279e+08 1.21033e+09 2.49126e+09 3.99462e+09 5.45153e+09 6.59868e+09 7.22888e+09 7.22888e+09 6.59868e+09 5.45153e+09 3.99462e+09 2.49126e+09 1.21033e+09 3.69279e+08 3.90087e+07 2.63529e+06 156257 8969.07 486.935 22.4287
1.38036 27.8076 479.184 7709.74 111541 1.27812e+06 9.1264e+06 2.85357e+07 5.8206e+07 9.31223e+07 1.26985e+08 1.53653e+08 1.68304e+08 1.68304e+08 1.53653e+08 1.26985e+08 9.31223e+07 5.8206e+07 2.85357e+07 9.1264e+06 1.27812e+06 111541 7709.74 479.184 27.8076 1.38036
0.0719022 1.36311 21.844 316.63 3910.36 36515.3 214503 642066 1.29679e+06 2.06928e+06 2.81917e+06 3.40984e+06 3.73437e+06 3.73437e+06 3.40984e+06 2.81917e+06 2.06928e+06 1.29679e+06 642066 214503 36515.3 3910.36 316.63 21.844 1.36311 0.0719022
