1.37811 25.9593 411.46 5880.99 71627.2 661348 3.85147e+06 1.14243e+07 2.28144e+07 3.59487e+07 4.83904e+07 5.79795e+07 6.31693e+07 6.31693e+07 5.79795e+07 4.83904e+07 3.59487e+07 2.28144e+07 1.14243e+07 3.85147e+06 661348 71627.2 5880.99 411.46 25.9594 1.37811
26.5494 532.985 9103.13 144280 2.05128e+06 2.31648e+07 1.63769e+08 5.07215e+08 1.02237e+09 1.61412e+09 2.1734e+09 2.60387e+09 2.83665e+09 2.83665e+09 2.60387e+09 2.1734e+09 1.61412e+09 1.02237e+09 5.07215e+08 1.63769e+08 2.31648e+07 2.05128e+06 144280 9103.13 532.985 26.5494
431.286 9369.42 172015 2.96043e+06 4.88865e+07 7.09023e+08 6.6303e+09 2.1517e+10 4.37421e+10 6.91686e+10 9.31495e+10 1.11582e+11 1.21542e+11 1.21542e+11 1.11582e+11 9.31495e+10 6.91686e+10 4.37421e+10 2.1517e+10 6.6303e+09 7.09023e+08 4.88865e+07 2.96043e+06 172015 9369.42 431.286
6289.91 152722 3.0712e+06 5.55399e+07 9.90171e+08 1.88494e+10 2.68184e+11 9.1178e+11 1.86636e+12 2.95441e+12 3.97871e+12 4.76505e+12 5.18956e+12 5.18956e+12 4.76505e+12 3.97871e+12 2.95441e+12 1.86636e+12 9.1178e+11 2.68184e+11 1.88494e+10 9.90171e+08 5.55399e+07 3.0712e+06 152722 6289.91
77551.1 2.2134e+06 5.23663e+07 1.04155e+09 1.75157e+10 3.77569e+11 1.08916e+13 3.86416e+13 7.94852e+13 1.25901e+14 1.69531e+14 2.02984e+14 2.21027e+14 2.21027e+14 2.02984e+14 1.69531e+14 1.25901e+14 7.94852e+13 3.86416e+13 1.08916e+13 3.77569e+11 1.75157e+10 1.04155e+09 5.23663e+07 2.2134e+06 77551.1
719574 2.51973e+07 7.70906e+08 2.04794e+10 4.09507e+11 6.01174e+12 5.39226e+14 1.95944e+15 4.03283e+15 6.38548e+15 8.59665e+15 1.02923e+16 1.1207e+16 1.1207e+16 1.02923e+16 8.59665e+15 6.38548e+15 4.03283e+15 1.95944e+15 5.39226e+14 6.01174e+12 4.09507e+11 2.04794e+10 7.70906e+08 2.51973e+07 719574
4.19265e+06 1.78278e+08 7.21788e+09 2.91963e+11 1.1858e+13 5.76601e+14 5.13881e+16 1.79868e+17 3.65486e+17 5.7646e+17 7.76184e+17 9.30704e+17 1.01465e+18 1.01465e+18 9.30704e+17 7.76184e+17 5.7646e+17 3.65486e+17 1.79868e+17 5.13881e+16 5.76601e+14 1.1858e+13 2.91963e+11 7.21788e+09 1.78278e+08 4.19265e+06
1.24284e+07 5.51802e+08 2.34091e+10 9.91989e+11 4.20427e+13 2.09718e+15 1.80535e+17 6.30227e+17 1.27921e+18 2.0166e+18 2.71472e+18 3.25496e+18 3.54853e+18 3.54853e+18 3.25496e+18 2.71472e+18 2.0166e+18 1.27921e+18 6.30227e+17 1.80535e+17 2.09718e+15 4.20427e+13 9.91989e+11 2.34091e+10 5.51802e+08 1.24284e+07
2.47928e+07 1.11102e+09 4.75347e+10 2.02819e+12 8.63784e+13 4.31309e+15 3.67062e+17 1.28002e+18 2.59658e+18 4.09161e+18 5.50639e+18 6.6009e+18 7.19555e+18 7.19555e+18 6.6009e+18 5.50639e+18 4.09161e+18 2.59658e+18 1.28002e+18 3.67062e+17 4.31309e+15 8.63784e+13 2.02819e+12 4.75347e+10 1.11102e+09 2.47928e+07
3.90156e+07 1.75173e+09 7.50623e+10 3.20601e+12 1.36619e+14 6.8202e+15 5.78677e+17 2.01703e+18 4.08992e+18 6.44226e+18 8.66699e+18 1.03873e+19 1.13216e+19 1.13216e+19 1.03873e+19 8.66699e+18 6.44226e+18 4.08992e+18 2.01703e+18 5.78677e+17 6.8202e+15 1.36619e+14 3.20601e+12 7.50623e+10 1.75173e+09 3.90156e+07
5.24514e+07 2.35557e+09 1.00947e+11 4.31138e+12 1.8369e+14 9.16845e+15 7.78488e+17 2.71304e+18 5.49962e+18 8.65997e+18 1.16471e+19 1.39556e+19 1.52091e+19 1.52091e+19 1.39556e+19 1.16471e+19 8.65997e+18 5.49962e+18 2.71304e+18 7.78488e+17 9.16845e+15 1.8369e+14 4.31138e+12 1.00947e+11 2.35557e+09 5.24514e+07
6.27803e+07 2.81909e+09 1.20789e+11 5.15749e+12 2.19671e+14 1.09633e+16 9.32678e+17 3.25031e+18 6.58754e+18 1.03706e+19 1.39446e+19 1.67057e+19 1.82043e+19 1.82043e+19 1.67057e+19 1.39446e+19 1.03706e+19 6.58754e+18 3.25031e+18 9.32678e+17 1.09633e+16 2.19671e+14 5.15749e+12 1.20789e+11 2.81909e+09 6.27803e+07
6.83604e+07 3.06928e+09 1.31488e+11 5.61332e+12 2.39036e+14 1.19293e+16 1.01629e+18 3.54173e+18 7.17754e+18 1.12981e+19 1.51899e+19 1.81957e+19 1.9827e+19 1.9827e+19 1.81957e+19 1.51899e+19 1.12981e+19 7.17754e+18 3.54173e+18 1.01629e+18 1.19293e+16 2.39036e+14 5.61332e+12 1.31488e+11 3.06928e+09 6.83604e+07
6.83604e+07 3.06928e+09 1.31488e+11 5.61332e+12 2.39036e+14 1.19293e+16 1.01629e+18 3.54173e+18 7.17754e+18 1.12981e+19 1.51899e+19 1.81957e+19 1.9827e+19 1.9827e+19 1.81957e+19 1.51899e+19 1.12981e+19 7.17754e+18 3.54173e+18 1.01629e+18 1.19293e+16 2.39036e+14 5.61332e+12 1.31488e+11 3.06928e+09 6.83604e+07
6.27803e+07 2.81909e+09 1.20789e+11 5.15749e+12 2.19671e+14 1.09633e+16 9.32678e+17 3.25031e+18 6.58754e+18 1.03706e+19 1.39446e+19 1.67057e+19 1.82043e+19 1.82043e+19 1.67057e+19 1.39446e+19 1.03706e+19 6.58754e+18 3.25031e+18 9.32678e+17 1.09633e+16 2.19671e+14 5.15749e+12 1.20789e+11 2.81909e+09 6.27803e+07
5.24514e+07 2.35557e+09 1.00947e+11 4.31138e+12 1.8369e+14 9.16845e+15 7.78488e+17 2.71304e+18 5.49962e+18 8.65997e+18 1.16471e+19 1.39556e+19 1.52091e+19 1.52091e+19 1.39556e+19 1.16471e+19 8.65997e+18 5.49962e+18 2.71304e+18 7.78488e+17 9.16845e+15 1.8369e+14 4.31138e+12 1.00947e+11 2.35557e+09 5.24514e+07
3.90156e+07 1.75173e+09 7.50623e+10 3.20601e+12 1.36619e+14 6.8202e+15 5.78677e+17 2.01703e+18 4.08992e+18 6.44226e+18 8.66699e+18 1.03873e+19 1.13216e+19 1.13216e+19 1.03873e+19 8.66699e+18 6.44226e+18 4.08992e+18 2.01703e+18 5.78677e+17 6.8202e+15 1.36619e+14 3.20601e+12 7.50623e+10 1.75173e+09 3.90156e+07
2.47928e+07 1.11102e+09 4.75347e+10 2.02819e+12 8.63784e+13 4.31309e+15 3.67062e+17 1.28002e+18 2.59658e+18 4.09161e+18 5.50639e+18 6.6009e+18 7.19555e+18 7.19555e+18 6.6009e+18 5.50639e+18 4.09161e+18 2.59658e+18 1.28002e+18 3.67062e+17 4.31309e+15 8.63784e+13 2.02819e+12 4.75347e+10 1.11102e+09 2.47928e+07
1.24284e+07 5.51802e+08 2.34091e+10 9.91989e+11 4.20427e+13 2.09718e+15 1.80535e+17 6.30227e+17 1.27921e+18 2.0166e+18 2.71472e+18 3.25496e+18 3.54853e+18 3.54853e+18 3.25496e+18 2.71472e+18 2.0166e+18 1.27921e+18 6.30227e+17 1.80535e+17 2.09718e+15 4.20427e+13 9.91989e+11 2.34091e+10 5.51802e+08 1.24284e+07
4.19265e+06 1.78278e+08 7.21788e+09 2.91963e+11 1.1858e+13 5.76601e+14 5.13881e+16 1.79868e+17 3.65486e+17 5.7646e+17 7.76184e+17 9.30704e+17 1.01465e+18 1.01465e+18 9.30704e+17 7.76183e+17 5.7646e+17 3.65486e+17 1.79868e+17 5.13881e+16 5.76601e+14 1.1858e+13 2.91963e+11 7.21788e+09 1.78278e+08 4.19265e+06
719574 2.51973e+07 7.70906e+08 2.04794e+10 4.09507e+11 6.01174e+12 5.39226e+14 1.95944e+15 4.03283e+15 6.38548e+15 8.59665e+15 1.02923e+16 1.1207e+16 1.1207e+16 1.02923e+16 8.59665e+15 6.38548e+15 4.03283e+15 1.95944e+15 5.39226e+14 6.01174e+12 4.09507e+11 2.04794e+10 7.70906e+08 2.51973e+07 719574
77551.1 2.2134e+06 5.23663e+07 1.04155e+09 1.75157e+10 3.77569e+11 1.08916e+13 3.86416e+13 7.94852e+13 1.25901e+14 1.69531e+14 2.02984e+14 2.21027e+14 2.21027e+14 2.02984e+14 1.69531e+14 1.25901e+14 7.94852e+13 3.86416e+13 1.08916e+13 3.77569e+11 1.75157e+10 1.04155e+09 5.23663e+07 2.2134e+06 77551.1
6289.91 152722 3.0712e+06 5.55399e+07 9.90171e+08 1.88494e+10 2.68184e+11 9.1178e+11 1.86636e+12 2.95441e+12 3.97871e+12 4.76505e+12 5.18956e+12 5.18956e+12 4.76505e+12 3.97871e+12 2.95441e+12 1.86636e+12 9.1178e+11 2.68184e+11 1.88494e+10 9.90171e+08 5.55399e+07 3.0712e+06 152722 6289.91
431.286 9369.42 172015 2.96043e+06 4.88865e+07 7.09023e+08 6.6303e+09 2.1517e+10 4.37421e+10 6.91686e+10 9.31495e+10 1.11582e+11 1.21542e+11 1.21542e+11 1.11582e+11 9.31495e+10 6.91686e+10 4.37421e+10 2.1517e+10 6.6303e+09 7.09023e+08 4.88865e+07 2.96043e+06 172015 9369.42 431.286
26.5494 532.985 9103.13 144280 2.05128e+06 2.31648e+07 1.63769e+08 5.07215e+08 1.02237e+09 1.61412e+09 2.1734e+09 2.60387e+09 2.83665e+09 2.83665e+09 2.60387e+09 2.1734e+09 1.61412e+09 1.02237e+09 5.07215e+08 1.63769e+08 2.31648e+07 2.05128e+06 144280 9103.13 532.985 26.5494
1.37811 25.9594 411.46 5880.99 71627.2 661348 3.85147e+06 1.14243e+07 2.28144e+07 3.59487e+07 4.83904e+07 5.79795e+07 6.31693e+07 6.31693e+07 5.79795e+07 4.83904e+07 3.59487e+07 2.28144e+07 1.14243e+07 3.85147e+06 661348 71627.2 5880.99 411.46 25.9594 1.37811
