2.33789e-06 4.35077e-05 0.000680833 0.00961499 0.115844 1.05959 6.12312 18.0629 35.9532 56.6082 76.2937 91.5939 99.9339 99.9339 91.5939 76.2937 56.6082 35.9532 18.0629 6.12312 1.05959 0.115844 0.00961499 0.000680833 4.35077e-05 2.33789e-06
4.45818e-05 0.000883993 0.0149041 0.233346 3.28075 36.6939 257.387 792.531 1591.69 2510.69 3384.95 4063.97 4433.99 4433.99 4063.97 3384.95 2510.69 1591.69 792.531 257.387 36.6939 3.28075 0.233346 0.0149041 0.000883993 4.45818e-05
0.000716517 0.015378 0.278809 4.74086 77.3977 1111.46 10313 33260.7 67345.3 106382 143459 172239 187919 187919 172239 143459 106382 67345.3 33260.7 10313 1111.46 77.3977 4.74086 0.278809 0.015378 0.000716517
0.0103431 0.248208 4.93377 88.2524 1555.84 29304.2 413742 1.39725e+06 2.84747e+06 4.50232e+06 6.07221e+06 7.29028e+06 7.95379e+06 7.95379e+06 7.29028e+06 6.07221e+06 4.50232e+06 2.84747e+06 1.39725e+06 413742 29304.2 1555.84 88.2524 4.93377 0.248208 0.0103431
0.126284 3.56332 83.4004 1643.74 27404.4 583731 1.67047e+07 5.88315e+07 1.20428e+08 1.90517e+08 2.56955e+08 3.0849e+08 3.36558e+08 3.36558e+08 3.0849e+08 2.56955e+08 1.90517e+08 1.20428e+08 5.88315e+07 1.67047e+07 583731 27404.4 1643.74 83.4004 3.56332 0.126284
1.16125 40.2026 1217.21 32069 637734 9.31533e+06 8.24751e+08 2.97249e+09 6.08416e+09 9.61734e+09 1.29649e+10 1.55612e+10 1.69752e+10 1.69752e+10 1.55612e+10 1.29649e+10 9.61734e+09 6.08416e+09 2.97249e+09 8.24751e+08 9.31533e+06 637734 32069 1217.21 40.2026 1.16125
6.71438 282.225 11307.7 453632 1.8315e+07 8.86705e+08 7.85591e+10 2.7295e+11 5.51161e+11 8.6594e+11 1.16403e+12 1.39537e+12 1.52147e+12 1.52147e+12 1.39537e+12 1.16403e+12 8.6594e+11 5.51161e+11 2.7295e+11 7.85591e+10 8.86705e+08 1.8315e+07 453632 11307.7 282.225 6.71438
19.7992 868.66 36453.6 1.5313e+06 6.44729e+07 3.19966e+09 2.74061e+11 9.50048e+11 1.91684e+12 3.01046e+12 4.04605e+12 4.84981e+12 5.28794e+12 5.28794e+12 4.84981e+12 4.04605e+12 3.01046e+12 1.91684e+12 9.50048e+11 2.74061e+11 3.19966e+09 6.44729e+07 1.5313e+06 36453.6 868.66 19.7992
39.3831 1743.4 73758.5 3.11841e+06 1.31878e+08 6.54748e+09 5.53983e+11 1.91887e+12 3.87047e+12 6.07794e+12 8.16825e+12 9.79067e+12 1.06751e+13 1.06751e+13 9.79067e+12 8.16825e+12 6.07794e+12 3.87047e+12 1.91887e+12 5.53983e+11 6.54748e+09 1.31878e+08 3.11841e+06 73758.5 1743.4 39.3831
61.9613 2747.84 116419 4.92662e+06 2.08452e+08 1.03431e+10 8.70507e+11 3.01418e+12 6.07903e+12 9.54559e+12 1.28282e+13 1.5376e+13 1.67648e+13 1.67648e+13 1.5376e+13 1.28282e+13 9.54559e+12 6.07903e+12 3.01418e+12 8.70507e+11 1.03431e+10 2.08452e+08 4.92662e+06 116419 2747.84 61.9613
83.4474 3701.89 156872 6.63913e+06 2.80912e+08 1.39332e+10 1.16995e+12 4.05041e+12 8.16848e+12 1.28262e+13 1.72368e+13 2.06601e+13 2.25262e+13 2.25262e+13 2.06601e+13 1.72368e+13 1.28262e+13 8.16848e+12 4.05041e+12 1.16995e+12 1.39332e+10 2.80912e+08 6.63913e+06 156872 3701.89 83.4474
100.125 4441.86 188228 7.9659e+06 3.37032e+08 1.67134e+10 1.40212e+12 4.8539e+12 9.7887e+12 1.53702e+13 2.06555e+13 2.47577e+13 2.69939e+13 2.69939e+13 2.47577e+13 2.06555e+13 1.53702e+13 9.7887e+12 4.8539e+12 1.40212e+12 1.67134e+10 3.37032e+08 7.9659e+06 188228 4441.86 100.125
109.207 4844.72 205294 8.68788e+06 3.67565e+08 1.8226e+10 1.52858e+12 5.29159e+12 1.06713e+13 1.6756e+13 2.25178e+13 2.69899e+13 2.94277e+13 2.94277e+13 2.69899e+13 2.25178e+13 1.6756e+13 1.06713e+13 5.29158e+12 1.52858e+12 1.8226e+10 3.67565e+08 8.68788e+06 205294 4844.72 109.207
109.207 4844.72 205294 8.68788e+06 3.67565e+08 1.8226e+10 1.52858e+12 5.29158e+12 1.06713e+13 1.6756e+13 2.25178e+13 2.69899e+13 2.94277e+13 2.94277e+13 2.69899e+13 2.25178e+13 1.6756e+13 1.06713e+13 5.29159e+12 1.52858e+12 1.8226e+10 3.67565e+08 8.68788e+06 205294 4844.72 109.207
100.125 4441.86 188228 7.9659e+06 3.37032e+08 1.67134e+10 1.40212e+12 4.8539e+12 9.7887e+12 1.53702e+13 2.06555e+13 2.47577e+13 2.69939e+13 2.69939e+13 2.47577e+13 2.06555e+13 1.53702e+13 9.7887e+12 4.8539e+12 1.40212e+12 1.67134e+10 3.37032e+08 7.9659e+06 188228 4441.86 100.125
83.4474 3701.89 156872 6.63913e+06 2.80912e+08 1.39332e+10 1.16995e+12 4.05041e+12 8.16848e+12 1.28262e+13 1.72368e+13 2.06601e+13 2.25262e+13 2.25262e+13 2.06601e+13 1.72368e+13 1.28262e+13 8.16848e+12 4.05041e+12 1.16995e+12 1.39332e+10 2.80912e+08 6.63913e+06 156872 3701.89 83.4474
61.9613 2747.84 116419 4.92662e+06 2.08452e+08 1.03431e+10 8.70507e+11 3.01418e+12 6.07903e+12 9.54559e+12 1.28282e+13 1.5376e+13 1.67648e+13 1.67648e+13 1.5376e+13 1.28282e+13 9.54559e+12 6.07903e+12 3.01418e+12 8.70507e+11 1.03431e+10 2.08452e+08 4.92662e+06 116419 2747.84 61.9613
39.3831 1743.4 73758.5 3.11841e+06 1.31878e+08 6.54748e+09 5.53983e+11 1.91887e+12 3.87047e+12 6.07794e+12 8.16825e+12 9.79067e+12 1.06751e+13 1.06751e+13 9.79067e+12 8.16825e+12 6.07794e+12 3.87047e+12 1.91887e+12 5.53983e+11 6.54748e+09 1.31878e+08 3.11841e+06 73758.5 1743.4 39.3831
19.7992 868.66 36453.6 1.5313e+06 6.44729e+07 3.19966e+09 2.74061e+11 9.50048e+11 1.91684e+12 3.01046e+12 4.04605e+12 4.84981e+12 5.28794e+12 5.28794e+12 4.84981e+12 4.04605e+12 3.01046e+12 1.91684e+12 9.50048e+11 2.74061e+11 3.19966e+09 6.44729e+07 1.5313e+06 36453.6 868.66 19.7992
6.71438 282.225 11307.7 453632 1.8315e+07 8.86705e+08 7.85591e+10 2.7295e+11 5.51161e+11 8.6594e+11 1.16403e+12 1.39537e+12 1.52147e+12 1.52147e+12 1.39537e+12 1.16403e+12 8.6594e+11 5.51161e+11 2.7295e+11 7.85591e+10 8.86705e+08 1.8315e+07 453632 11307.7 282.225 6.71438
1.16125 40.2026 1217.21 32069 637734 9.31533e+06 8.24751e+08 2.97249e+09 6.08416e+09 9.61734e+09 1.29649e+10 1.55612e+10 1.69752e+10 1.69752e+10 1.55612e+10 1.29649e+10 9.61734e+09 6.08416e+09 2.97249e+09 8.24751e+08 9.31533e+06 637734 32069 1217.21 40.2026 1.16125
0.126284 3.56332 83.4004 1643.74 27404.4 583731 1.67047e+07 5.88315e+07 1.20428e+08 1.90517e+08 2.56955e+08 3.0849e+08 3.36558e+08 3.36558e+08 3.0849e+08 2.56955e+08 1.90517e+08 1.20428e+08 5.88315e+07 1.67047e+07 583731 27404.4 1643.74 83.4004 3.56332 0.126284
0.0103431 0.248208 4.93377 88.2524 1555.84 29304.2 413742 1.39725e+06 2.84747e+06 4.50232e+06 6.07221e+06 7.29028e+06 7.95379e+06 7.95379e+06 7.29028e+06 6.07221e+06 4.50232e+06 2.84747e+06 1.39725e+06 413742 29304.2 1555.84 88.2524 4.93377 0.248208 0.0103431
0.000716517 0.015378 0.278809 4.74086 77.3977 1111.46 10313 33260.7 67345.3 106382 143459 172239 187919 187919 172239 143459 106382 67345.3 33260.7 10313 1111.46 77.3977 4.74086 0.278809 0.015378 0.000716517
4.45818e-05 0.000883993 0.0149041 0.233346 3.28075 36.6939 257.387 792.531 1591.69 2510.69 3384.95 4063.97 4433.99 4433.99 4063.97 3384.95 2510.69 1591.69 792.531 257.387 36.6939 3.28075 0.233346 0.0149041 0.000883993 4.45818e-05
2.33789e-06 4.35077e-05 0.000680833 0.00961499 0.115844 1.05959 6.12312 18.0629 35.9532 56.6082 76.2937 91.5939 99.9339 99.9339 91.5939 76.2937 56.6082 35.9532 18.0629 6.12312 1.05959 0.115844 0.00961499 0.000680833 4.35077e-05 2.33789e-06
