0.0330987 0.626825 10.0392 145.492 1796.56 16770.6 98455.3 294478 594343 947892 1.29101e+06 1.5613e+06 1.70983e+06 1.70983e+06 1.5613e+06 1.29101e+06 947892 594343 294478 98455.3 16770.6 1796.56 145.492 10.0392 0.626825 0.0330987
0.634208 12.7562 219.613 3532.86 51120.2 585751 4.18063e+06 1.30611e+07 2.66207e+07 4.25652e+07 5.80244e+07 7.01995e+07 7.68897e+07 7.68897e+07 7.01995e+07 5.80244e+07 4.25652e+07 2.66207e+07 1.30611e+07 4.18063e+06 585751 51120.1 3532.86 219.613 12.7562 0.634208
10.2895 222.916 4099.84 71398.1 1.20481e+06 1.78442e+07 1.68898e+08 5.53097e+08 1.13749e+09 1.82276e+09 2.48666e+09 3.00946e+09 3.29673e+09 3.29673e+09 3.00946e+09 2.48666e+09 1.82276e+09 1.13749e+09 5.53097e+08 1.68898e+08 1.78442e+07 1.20481e+06 71398.1 4099.84 222.916 10.2895
150.778 3639.14 72749.1 1.31658e+06 2.3933e+07 4.70733e+08 6.81598e+09 2.33908e+10 4.84595e+10 7.77844e+10 1.06181e+11 1.28542e+11 1.40828e+11 1.40828e+11 1.28542e+11 1.06181e+11 7.77844e+10 4.84595e+10 2.33908e+10 6.81598e+09 4.70733e+08 2.3933e+07 1.31658e+06 72749.1 3639.14 150.778
1876.44 53243.1 1.24842e+06 2.45377e+07 4.10403e+08 9.26463e+09 2.7617e+11 9.89264e+11 2.06048e+12 3.31144e+12 4.52264e+12 5.47638e+12 6.00043e+12 6.00043e+12 5.47638e+12 4.52264e+12 3.31144e+12 2.06048e+12 9.89264e+11 2.7617e+11 9.26463e+09 4.10403e+08 2.45377e+07 1.24842e+06 53243.1 1876.44
17604.3 614246 1.868e+07 4.91215e+08 9.5978e+09 1.36812e+11 1.35707e+13 4.97971e+13 1.03765e+14 1.66672e+14 2.27547e+14 2.75471e+14 3.018e+14 3.018e+14 2.75471e+14 2.27547e+14 1.66672e+14 1.03765e+14 4.97971e+13 1.35707e+13 1.36812e+11 9.5978e+09 4.91215e+08 1.868e+07 614246 17604.3
103668 4.40218e+06 1.77859e+08 7.17822e+09 2.90885e+11 1.42092e+13 1.2943e+15 4.55411e+15 9.32011e+15 1.48243e+16 2.01256e+16 2.42906e+16 2.65773e+16 2.65773e+16 2.42906e+16 2.01256e+16 1.48243e+16 9.32011e+15 4.55411e+15 1.2943e+15 1.42092e+13 2.90885e+11 7.17822e+09 1.77859e+08 4.40218e+06 103668
310247 1.37626e+07 5.82903e+08 2.46557e+10 1.04295e+12 5.22079e+13 4.5683e+15 1.6025e+16 3.27514e+16 5.20536e+16 7.06371e+16 8.52347e+16 9.32489e+16 9.32489e+16 8.52347e+16 7.06371e+16 5.20536e+16 3.27514e+16 1.6025e+16 4.5683e+15 5.22079e+13 1.04295e+12 2.46557e+10 5.82903e+08 1.37626e+07 310247
625927 2.80398e+07 1.19832e+09 5.10602e+10 2.17145e+12 1.08763e+14 9.35716e+15 3.27803e+16 6.69535e+16 1.06373e+17 1.44316e+17 1.74116e+17 1.90476e+17 1.90476e+17 1.74116e+17 1.44316e+17 1.06373e+17 6.69535e+16 3.27803e+16 9.35716e+15 1.08763e+14 2.17145e+12 5.10602e+10 1.19832e+09 2.80398e+07 625927
997465 4.47974e+07 1.91864e+09 8.18881e+10 3.48669e+12 1.74562e+14 1.48844e+16 5.21052e+16 1.06386e+17 1.68981e+17 2.29218e+17 2.76524e+17 3.02493e+17 3.02493e+17 2.76524e+17 2.29218e+17 1.68981e+17 1.06386e+17 5.21052e+16 1.48844e+16 1.74562e+14 3.48669e+12 8.18881e+10 1.91864e+09 4.47974e+07 997465
1.35729e+06 6.10099e+07 2.61492e+09 1.11671e+11 4.75707e+12 2.38089e+14 2.02017e+16 7.06906e+16 1.44301e+17 2.29169e+17 3.10827e+17 3.74949e+17 4.10147e+17 4.10147e+17 3.74949e+17 3.10827e+17 2.29169e+17 1.44301e+17 7.06906e+16 2.02017e+16 2.38089e+14 4.75707e+12 1.11671e+11 2.61492e+09 6.10099e+07 1.35729e+06
1.64018e+06 7.37525e+07 3.16206e+09 1.35072e+11 5.75514e+12 2.87989e+14 2.43741e+16 8.52726e+16 1.74046e+17 2.76382e+17 3.74838e+17 4.52144e+17 4.94576e+17 4.94576e+17 4.52144e+17 3.74838e+17 2.76382e+17 1.74046e+17 8.52726e+16 2.43741e+16 2.87989e+14 5.75514e+12 1.35072e+11 3.16206e+09 7.37525e+07 1.64018e+06
1.79542e+06 8.07443e+07 3.46225e+09 1.4791e+11 6.30264e+12 3.15359e+14 2.66628e+16 9.32711e+16 1.90361e+17 3.02277e+17 4.09944e+17 4.94479e+17 5.40877e+17 5.40877e+17 4.94479e+17 4.09944e+17 3.02277e+17 1.90361e+17 9.32711e+16 2.66628e+16 3.15359e+14 6.30264e+12 1.4791e+11 3.46225e+09 8.07443e+07 1.79542e+06
1.79542e+06 8.07443e+07 3.46225e+09 1.4791e+11 6.30264e+12 3.15359e+14 2.66628e+16 9.32711e+16 1.90361e+17 3.02277e+17 4.09944e+17 4.94479e+17 5.40877e+17 5.40877e+17 4.94479e+17 4.09944e+17 3.02277e+17 1.90361e+17 9.32711e+16 2.66628e+16 3.15359e+14 6.30264e+12 1.4791e+11 3.46225e+09 8.07443e+07 1.79542e+06
1.64018e+06 7.37525e+07 3.16206e+09 1.35072e+11 5.75514e+12 2.87989e+14 2.43741e+16 8.52726e+16 1.74046e+17 2.76382e+17 3.74838e+17 4.52144e+17 4.94576e+17 4.94576e+17 4.52144e+17 3.74838e+17 2.76382e+17 1.74046e+17 8.52726e+16 2.43741e+16 2.87989e+14 5.75514e+12 1.35072e+11 3.16206e+09 7.37525e+07 1.64018e+06
1.35729e+06 6.10099e+07 2.61492e+09 1.11671e+11 4.75707e+12 2.38089e+14 2.02017e+16 7.06906e+16 1.44301e+17 2.29169e+17 3.10827e+17 3.74949e+17 4.10147e+17 4.10147e+17 3.74949e+17 3.10827e+17 2.29169e+17 1.44301e+17 7.06906e+16 2.02017e+16 2.38089e+14 4.75707e+12 1.11671e+11 2.61492e+09 6.10099e+07 1.35729e+06
997465 4.47974e+07 1.91864e+09 8.18881e+10 3.48669e+12 1.74562e+14 1.48844e+16 5.21052e+16 1.06386e+17 1.68981e+17 2.29218e+17 2.76524e+17 3.02493e+17 3.02493e+17 2.76524e+17 2.29218e+17 1.68981e+17 1.06386e+17 5.21052e+16 1.48844e+16 1.74562e+14 3.48669e+12 8.18881e+10 1.91864e+09 4.47974e+07 997465
625927 2.80398e+07 1.19832e+09 5.10602e+10 2.17145e+12 1.08763e+14 9.35716e+15 3.27803e+16 6.69535e+16 1.06373e+17 1.44316e+17 1.74116e+17 1.90476e+17 1.90476e+17 1.74116e+17 1.44316e+17 1.06373e+17 6.69535e+16 3.27803e+16 9.35716e+15 1.08763e+14 2.17145e+12 5.10602e+10 1.19832e+09 2.80398e+07 625927
310247 1.37626e+07 5.82903e+08 2.46557e+10 1.04295e+12 5.22079e+13 4.5683e+15 1.6025e+16 3.27514e+16 5.20536e+16 7.06371e+16 8.52347e+16 9.32489e+16 9.32489e+16 8.52347e+16 7.06371e+16 5.20536e+16 3.27514e+16 1.6025e+16 4.5683e+15 5.22079e+13 1.04295e+12 2.46557e+10 5.82903e+08 1.37626e+07 310247
103668 4.40218e+06 1.77859e+08 7.17822e+09 2.90885e+11 1.42092e+13 1.2943e+15 4.55411e+15 9.32011e+15 1.48243e+16 2.01256e+16 2.42906e+16 2.65773e+16 2.65773e+16 2.42906e+16 2.01256e+16 1.48243e+16 9.32011e+15 4.55411e+15 1.2943e+15 1.42092e+13 2.90885e+11 7.17822e+09 1.77859e+08 4.40218e+06 103668
17604.3 614246 1.868e+07 4.91215e+08 9.5978e+09 1.36812e+11 1.35707e+13 4.97971e+13 1.03765e+14 1.66672e+14 2.27547e+14 2.75471e+14 3.018e+14 3.018e+14 2.75471e+14 2.27547e+14 1.66672e+14 1.03765e+14 4.97971e+13 1.35707e+13 1.36812e+11 9.5978e+09 4.91215e+08 1.868e+07 614246 17604.3
1876.44 53243.1 1.24842e+06 2.45377e+07 4.10403e+08 9.26463e+09 2.7617e+11 9.89264e+11 2.06048e+12 3.31144e+12 4.52264e+12 5.47638e+12 6.00043e+12 6.00043e+12 5.47638e+12 4.52264e+12 3.31144e+12 2.06048e+12 9.89264e+11 2.7617e+11 9.26463e+09 4.10403e+08 2.45377e+07 1.24842e+06 53243.1 1876.44
150.778 3639.14 72749.1 1.31658e+06 2.3933e+07 4.70733e+08 6.81598e+09 2.33908e+10 4.84595e+10 7.77844e+10 1.06181e+11 1.28542e+11 1.40828e+11 1.40828e+11 1.28542e+11 1.06181e+11 7.77844e+10 4.84595e+10 2.33908e+10 6.81598e+09 4.70733e+08 2.3933e+07 1.31658e+06 72749.1 3639.14 150.778
10.2895 222.916 4099.84 71398.1 1.20481e+06 1.78442e+07 1.68898e+08 5.53097e+08 1.13749e+09 1.82276e+09 2.48666e+09 3.00946e+09 3.29673e+09 3.29673e+09 3.00946e+09 2.48666e+09 1.82276e+09 1.13749e+09 5.53097e+08 1.68898e+08 1.78442e+07 1.20481e+06 71398.1 4099.84 222.916 10.2895
0.634208 12.7562 219.613 3532.86 51120.1 585751 4.18063e+06 1.30611e+07 2.66207e+07 4.25652e+07 5.80244e+07 7.01995e+07 7.68897e+07 7.68897e+07 7.01995e+07 5.80244e+07 4.25652e+07 2.66207e+07 1.30611e+07 4.18063e+06 585751 51120.1 3532.86 219.613 12.7562 0.634208
0.0330987 0.626825 10.0392 145.492 1796.56 16770.6 98455.3 294478 594343 947892 1.29101e+06 1.5613e+06 1.70983e+06 1.70983e+06 1.5613e+06 1.29101e+06 947892 594343 294478 98455.3 16770.6 1796.56 145.492 10.0392 0.626825 0.0330987
