0.000195918 0.00367714 0.0582919 0.836086 10.2255 94.6662 551.926 1640.82 3293.34 5229.06 7100.03 8571.17 9379.16 9379.16 8571.17 7100.03 5229.06 3293.34 1640.82 551.926 94.6662 10.2255 0.836086 0.0582919 0.00367714 0.000195918
0.00373368 0.0744424 1.26863 20.1854 288.975 3281.05 23248 72163.5 146200 232644 316096 381696 417726 417726 381696 316096 232644 146200 72163.5 23248 3281.05 288.975 20.1854 1.26863 0.0744424 0.00373368
0.0601885 1.29363 23.5805 406.367 6776.95 99322.4 932957 3.03429e+06 6.19998e+06 9.88403e+06 1.34371e+07 1.62298e+07 1.77638e+07 1.77638e+07 1.62298e+07 1.34371e+07 9.88403e+06 6.19998e+06 3.03429e+06 932957 99322.4 6776.95 406.367 23.5805 1.29363 0.0601885
0.875515 20.9797 416.51 7479.84 134424 2.60925e+06 3.74644e+07 1.27634e+08 2.62594e+08 4.19197e+08 5.70146e+08 6.88796e+08 7.53972e+08 7.53972e+08 6.88796e+08 5.70146e+08 4.19197e+08 2.62594e+08 1.27634e+08 3.74644e+07 2.60925e+06 134424 7479.84 416.51 20.9797 0.875515
10.8085 304.509 7098.99 138974 2.31274e+06 5.13312e+07 1.5131e+09 5.37785e+09 1.11184e+10 1.77656e+10 2.41717e+10 2.92078e+10 3.19746e+10 3.19746e+10 2.92078e+10 2.41717e+10 1.77656e+10 1.11184e+10 5.37785e+09 1.5131e+09 5.13312e+07 2.31274e+06 138974 7098.99 304.509 10.8085
100.589 3483.27 105290 2.75866e+06 5.39447e+07 7.70561e+08 7.43455e+10 2.70525e+11 5.59308e+11 8.92977e+11 1.21432e+12 1.46687e+12 1.6056e+12 1.6056e+12 1.46687e+12 1.21432e+12 8.92977e+11 5.59308e+11 2.70525e+11 7.43455e+10 7.70561e+08 5.39447e+07 2.75866e+06 105290 3483.27 100.589
588.003 24767.7 993950 3.9915e+07 1.6122e+09 7.84843e+10 7.09063e+12 2.47848e+13 5.03848e+13 7.96937e+13 1.07756e+14 1.29729e+14 1.41774e+14 1.41774e+14 1.29729e+14 1.07756e+14 7.96937e+13 5.03848e+13 2.47848e+13 7.09063e+12 7.84843e+10 1.6122e+09 3.9915e+07 993950 24767.7 588.003
1749.02 76927.7 3.23489e+06 1.36084e+08 5.73448e+09 2.85998e+11 2.48724e+13 8.67052e+13 1.76064e+14 2.78304e+14 3.76155e+14 4.52755e+14 4.94741e+14 4.94741e+14 4.52755e+14 3.76155e+14 2.78304e+14 1.76064e+14 8.67052e+13 2.48724e+13 2.85998e+11 5.73448e+09 1.36084e+08 3.23489e+06 76927.7 1749.02
3509.9 155825 6.6087e+06 2.79928e+08 1.18534e+10 5.91327e+11 5.062e+13 1.76266e+14 3.57762e+14 5.65368e+14 7.64033e+14 9.19537e+14 1.00477e+15 1.00477e+15 9.19537e+14 7.64033e+14 5.65368e+14 3.57762e+14 1.76266e+14 5.062e+13 5.91327e+11 1.18534e+10 2.79928e+08 6.6087e+06 155825 3509.9
5570.42 247847 1.05306e+07 4.46653e+08 1.89306e+10 9.43761e+11 8.00978e+13 2.7874e+14 5.65609e+14 8.93698e+14 1.20763e+15 1.45334e+15 1.58801e+15 1.58801e+15 1.45334e+15 1.20763e+15 8.93698e+14 5.65609e+14 2.7874e+14 8.00978e+13 9.43761e+11 1.89306e+10 4.46653e+08 1.05306e+07 247847 5570.42
7559.65 336574 1.43084e+07 6.07149e+08 2.57419e+10 1.28276e+12 1.08311e+14 3.76784e+14 7.64443e+14 1.20776e+15 1.63193e+15 1.96391e+15 2.14586e+15 2.14586e+15 1.96391e+15 1.63193e+15 1.20776e+15 7.64443e+14 3.76784e+14 1.08311e+14 1.28276e+12 2.57419e+10 6.07149e+08 1.43084e+07 336574 7559.65
9122.07 406244 1.72743e+07 7.33152e+08 3.109e+10 1.54888e+12 1.30392e+14 4.53502e+14 9.20015e+14 1.45348e+15 1.96388e+15 2.36336e+15 2.58229e+15 2.58229e+15 2.36336e+15 1.96388e+15 1.45348e+15 9.20014e+14 4.53502e+14 1.30392e+14 1.54888e+12 3.109e+10 7.33152e+08 1.72743e+07 406244 9122.07
9979.54 444478 1.8902e+07 8.02311e+08 3.40257e+10 1.69493e+12 1.42492e+14 4.95538e+14 1.00525e+15 1.58811e+15 2.14576e+15 2.58221e+15 2.8214e+15 2.8214e+15 2.58221e+15 2.14576e+15 1.58811e+15 1.00525e+15 4.95538e+14 1.42492e+14 1.69493e+12 3.40257e+10 8.02311e+08 1.8902e+07 444478 9979.54
9979.54 444478 1.8902e+07 8.02311e+08 3.40257e+10 1.69493e+12 1.42492e+14 4.95538e+14 1.00525e+15 1.58811e+15 2.14576e+15 2.58221e+15 2.8214e+15 2.8214e+15 2.58221e+15 2.14576e+15 1.58811e+15 1.00525e+15 4.95538e+14 1.42492e+14 1.69493e+12 3.40257e+10 8.02311e+08 1.8902e+07 444478 9979.54
9122.07 406244 1.72743e+07 7.33152e+08 3.109e+10 1.54888e+12 1.30392e+14 4.53502e+14 9.20014e+14 1.45348e+15 1.96388e+15 2.36336e+15 2.58229e+15 2.58229e+15 2.36336e+15 1.96388e+15 1.45348e+15 9.20015e+14 4.53502e+14 1.30392e+14 1.54888e+12 3.109e+10 7.33152e+08 1.72743e+07 406244 9122.07
7559.65 336574 1.43084e+07 6.07149e+08 2.57419e+10 1.28276e+12 1.08311e+14 3.76784e+14 7.64443e+14 1.20776e+15 1.63193e+15 1.96391e+15 2.14586e+15 2.14586e+15 1.96391e+15 1.63193e+15 1.20776e+15 7.64443e+14 3.76784e+14 1.08311e+14 1.28276e+12 2.57419e+10 6.07149e+08 1.43084e+07 336574 7559.65
5570.42 247847 1.05306e+07 4.46653e+08 1.89306e+10 9.43761e+11 8.00978e+13 2.7874e+14 5.65609e+14 8.93698e+14 1.20763e+15 1.45334e+15 1.58801e+15 1.58801e+15 1.45334e+15 1.20763e+15 8.93698e+14 5.65609e+14 2.7874e+14 8.00978e+13 9.43761e+11 1.89306e+10 4.46653e+08 1.05306e+07 247847 5570.42
3509.9 155825 6.6087e+06 2.79928e+08 1.18534e+10 5.91327e+11 5.062e+13 1.76266e+14 3.57762e+14 5.65368e+14 7.64033e+14 9.19537e+14 1.00477e+15 1.00477e+15 9.19537e+14 7.64033e+14 5.65368e+14 3.57762e+14 1.76266e+14 5.062e+13 5.91327e+11 1.18534e+10 2.79928e+08 6.6087e+06 155825 3509.9
1749.02 76927.7 3.23489e+06 1.36084e+08 5.73448e+09 2.85998e+11 2.48724e+13 8.67052e+13 1.76064e+14 2.78304e+14 3.76155e+14 4.52755e+14 4.94741e+14 4.94741e+14 4.52755e+14 3.76155e+14 2.78304e+14 1.76064e+14 8.67052e+13 2.48724e+13 2.85998e+11 5.73448e+09 1.36084e+08 3.23489e+06 76927.7 1749.02
588.003 24767.7 993950 3.9915e+07 1.6122e+09 7.84843e+10 7.09063e+12 2.47848e+13 5.03848e+13 7.96937e+13 1.07756e+14 1.29729e+14 1.41774e+14 1.41774e+14 1.29729e+14 1.07756e+14 7.96937e+13 5.03848e+13 2.47848e+13 7.09063e+12 7.84843e+10 1.6122e+09 3.9915e+07 993950 24767.7 588.003
100.589 3483.27 105290 2.75866e+06 5.39447e+07 7.70561e+08 7.43455e+10 2.70525e+11 5.59308e+11 8.92977e+11 1.21432e+12 1.46687e+12 1.6056e+12 1.6056e+12 1.46687e+12 1.21432e+12 8.92977e+11 5.59308e+11 2.70525e+11 7.43455e+10 7.70561e+08 5.39447e+07 2.75866e+06 105290 3483.27 100.589
10.8085 304.509 7098.99 138974 2.31274e+06 5.13312e+07 1.5131e+09 5.37785e+09 1.11184e+10 1.77656e+10 2.41717e+10 2.92078e+10 3.19746e+10 3.19746e+10 2.92078e+10 2.41717e+10 1.77656e+10 1.11184e+10 5.37785e+09 1.5131e+09 5.13312e+07 2.31274e+06 138974 7098.99 304.509 10.8085
0.875515 20.9797 416.51 7479.84 134424 2.60925e+06 3.74644e+07 1.27634e+08 2.62594e+08 4.19197e+08 5.70146e+08 6.88796e+08 7.53972e+08 7.53972e+08 6.88796e+08 5.70146e+08 4.19197e+08 2.62594e+08 1.27634e+08 3.74644e+07 2.60925e+06 134424 7479.84 416.51 20.9797 0.875515
0.0601885 1.29363 23.5805 406.367 6776.95 99322.4 932957 3.03429e+06 6.19998e+06 9.88403e+06 1.34371e+07 1.62298e+07 1.77638e+07 1.77638e+07 1.62298e+07 1.34371e+07 9.88403e+06 6.19998e+06 3.03429e+06 932957 99322.4 6776.95 406.367 23.5805 1.29363 0.0601885
0.00373368 0.0744424 1.26863 20.1854 288.975 3281.05 23248 72163.5 146200 232644 316096 381696 417726 417726 381696 316096 232644 146200 72163.5 23248 3281.05 288.975 20.1854 1.26863 0.0744424 0.00373368
0.000195918 0.00367714 0.0582919 0.836086 10.2255 94.6662 551.926 1640.82 3293.34 5229.06 7100.03 8571.17 9379.16 9379.16 8571.17 7100.03 5229.06 3293.34 1640.82 551.926 94.6662 10.2255 0.836086 0.0582919 0.00367714 0.000195918
