0.201135 3.78652 60.197 865.397 10601.9 98243.6 572568 1.69658e+06 3.38595e+06 5.3376e+06 7.19424e+06 8.6327e+06 9.41453e+06 9.41453e+06 8.6327e+06 7.19424e+06 5.3376e+06 3.38595e+06 1.69658e+06 572568 98243.6 10601.9 865.397 60.197 3.78652 0.201135
3.84168 76.8646 1314.27 20968.6 300789 3.41933e+06 2.42266e+07 7.49592e+07 1.50994e+08 2.38508e+08 3.21606e+08 3.8593e+08 4.20875e+08 4.20875e+08 3.8593e+08 3.21606e+08 2.38508e+08 1.50994e+08 7.49592e+07 2.42266e+07 3.41933e+06 300789 20968.6 1314.27 76.8646 3.84168
62.0517 1338.8 24494.6 423455 7.07868e+06 1.03896e+08 9.76163e+08 3.16476e+09 6.42893e+09 1.01714e+10 1.3719e+10 1.64629e+10 1.79529e+10 1.79529e+10 1.64629e+10 1.3719e+10 1.01714e+10 6.42893e+09 3.16476e+09 9.76163e+08 1.03896e+08 7.07868e+06 423455 24494.6 1338.8 62.0517
904.038 21749.7 433459 7.81118e+06 1.40785e+08 2.7378e+09 3.93313e+10 1.33574e+11 2.73182e+11 4.32686e+11 5.83679e+11 7.00377e+11 7.63718e+11 7.63718e+11 7.00377e+11 5.83679e+11 4.32686e+11 2.73182e+11 1.33574e+11 3.93313e+10 2.7378e+09 1.40785e+08 7.81118e+06 433459 21749.7 904.039
11174.2 316097 7.39705e+06 1.45291e+08 2.42552e+09 5.39881e+10 1.59279e+12 5.64348e+12 1.15966e+13 1.83794e+13 2.47937e+13 2.97478e+13 3.24357e+13 3.24357e+13 2.97478e+13 2.47937e+13 1.83794e+13 1.15966e+13 5.64348e+12 1.59279e+12 5.39881e+10 2.42552e+09 1.45291e+08 7.39705e+06 316097 11174.2
104061 3.6189e+06 1.09809e+08 2.88618e+09 5.65801e+10 8.10828e+11 7.84078e+13 2.84527e+14 5.84879e+14 9.26488e+14 1.24945e+15 1.49889e+15 1.63423e+15 1.63423e+15 1.49889e+15 1.24945e+15 9.26488e+14 5.84879e+14 2.84527e+14 7.84078e+13 8.10828e+11 5.65801e+10 2.88618e+09 1.09809e+08 3.6189e+06 104061
607916 2.57248e+07 1.03665e+09 4.17747e+10 1.69207e+12 8.25747e+13 7.47387e+15 2.61035e+16 5.29314e+16 8.34002e+16 1.12288e+17 1.34696e+17 1.46898e+17 1.46898e+17 1.34696e+17 1.12288e+17 8.34002e+16 5.29314e+16 2.61035e+16 7.47387e+15 8.25747e+13 1.69207e+12 4.17747e+10 1.03665e+09 2.57248e+07 607916
1.8014e+06 7.96045e+07 3.36153e+09 1.41908e+11 5.99687e+12 2.99915e+14 2.61811e+16 9.12082e+16 1.84765e+17 2.90988e+17 3.917e+17 4.69834e+17 5.12388e+17 5.12387e+17 4.69834e+17 3.91699e+17 2.90988e+17 1.84765e+17 9.12082e+16 2.61811e+16 2.99915e+14 5.99687e+12 1.41908e+11 3.36153e+09 7.96045e+07 1.8014e+06
3.59202e+06 1.60208e+08 6.82236e+09 2.89951e+11 1.23107e+13 6.16033e+14 5.31097e+16 1.84844e+17 3.7428e+17 5.89294e+17 7.93114e+17 9.51225e+17 1.03733e+18 1.03733e+18 9.51225e+17 7.93114e+17 5.89294e+17 3.7428e+17 1.84844e+17 5.31097e+16 6.16033e+14 1.23107e+13 2.89951e+11 6.82236e+09 1.60208e+08 3.59202e+06
5.65521e+06 2.52728e+08 1.07792e+10 4.58599e+11 1.94827e+13 9.74519e+14 8.36424e+16 2.90989e+17 5.89051e+17 9.27253e+17 1.24776e+18 1.49634e+18 1.6317e+18 1.6317e+18 1.49634e+18 1.24776e+18 9.27253e+17 5.89051e+17 2.90989e+17 8.36424e+16 9.74519e+14 1.94827e+13 4.58599e+11 1.07792e+10 2.52728e+08 5.65521e+06
7.61214e+06 3.4031e+08 1.4518e+10 6.17718e+11 2.62417e+13 1.31227e+15 1.12527e+17 3.91416e+17 7.92221e+17 1.24688e+18 1.67763e+18 2.01166e+18 2.19352e+18 2.19352e+18 2.01166e+18 1.67763e+18 1.24688e+18 7.92221e+17 3.91416e+17 1.12527e+17 1.31227e+15 2.62417e+13 6.17718e+11 1.4518e+10 3.4031e+08 7.61214e+06
9.12415e+06 4.07912e+08 1.74011e+10 7.40316e+11 3.14453e+13 1.57231e+15 1.34886e+17 4.69171e+17 9.49512e+17 1.49428e+18 2.01031e+18 2.41039e+18 2.62819e+18 2.62819e+18 2.41039e+18 2.01031e+18 1.49428e+18 9.49512e+17 4.69171e+17 1.34886e+17 1.57231e+15 3.14453e+13 7.40316e+11 1.74011e+10 4.07912e+08 9.12415e+06
9.94436e+06 4.44564e+08 1.89635e+10 8.06715e+11 3.4262e+13 1.71307e+15 1.47042e+17 5.11455e+17 1.03505e+18 1.6288e+18 2.19117e+18 2.62714e+18 2.86447e+18 2.86447e+18 2.62714e+18 2.19117e+18 1.6288e+18 1.03505e+18 5.11455e+17 1.47042e+17 1.71307e+15 3.4262e+13 8.06715e+11 1.89635e+10 4.44564e+08 9.94436e+06
9.94436e+06 4.44564e+08 1.89635e+10 8.06715e+11 3.4262e+13 1.71307e+15 1.47042e+17 5.11455e+17 1.03505e+18 1.6288e+18 2.19117e+18 2.62714e+18 2.86447e+18 2.86447e+18 2.62714e+18 2.19117e+18 1.6288e+18 1.03504e+18 5.11455e+17 1.47042e+17 1.71307e+15 3.4262e+13 8.06715e+11 1.89635e+10 4.44564e+08 9.94436e+06
9.12415e+06 4.07912e+08 1.74011e+10 7.40316e+11 3.14453e+13 1.57231e+15 1.34886e+17 4.69171e+17 9.49512e+17 1.49428e+18 2.01031e+18 2.41039e+18 2.62819e+18 2.62819e+18 2.41039e+18 2.01031e+18 1.49428e+18 9.49512e+17 4.69171e+17 1.34886e+17 1.57231e+15 3.14453e+13 7.40316e+11 1.74011e+10 4.07912e+08 9.12415e+06
7.61214e+06 3.4031e+08 1.4518e+10 6.17718e+11 2.62417e+13 1.31227e+15 1.12527e+17 3.91416e+17 7.92221e+17 1.24688e+18 1.67763e+18 2.01166e+18 2.19352e+18 2.19352e+18 2.01166e+18 1.67763e+18 1.24688e+18 7.92221e+17 3.91416e+17 1.12527e+17 1.31227e+15 2.62417e+13 6.17718e+11 1.4518e+10 3.4031e+08 7.61214e+06
5.65521e+06 2.52728e+08 1.07792e+10 4.58599e+11 1.94827e+13 9.74519e+14 8.36424e+16 2.90989e+17 5.89051e+17 9.27253e+17 1.24776e+18 1.49634e+18 1.6317e+18 1.6317e+18 1.49634e+18 1.24776e+18 9.27253e+17 5.89051e+17 2.90989e+17 8.36424e+16 9.74519e+14 1.94827e+13 4.58599e+11 1.07792e+10 2.52728e+08 5.65521e+06
3.59202e+06 1.60208e+08 6.82236e+09 2.89951e+11 1.23107e+13 6.16033e+14 5.31097e+16 1.84844e+17 3.7428e+17 5.89294e+17 7.93114e+17 9.51225e+17 1.03733e+18 1.03733e+18 9.51225e+17 7.93114e+17 5.89294e+17 3.7428e+17 1.84844e+17 5.31097e+16 6.16033e+14 1.23107e+13 2.89951e+11 6.82236e+09 1.60208e+08 3.59202e+06
1.8014e+06 7.96045e+07 3.36153e+09 1.41908e+11 5.99687e+12 2.99915e+14 2.61811e+16 9.12082e+16 1.84765e+17 2.90988e+17 3.91699e+17 4.69834e+17 5.12387e+17 5.12388e+17 4.69834e+17 3.917e+17 2.90988e+17 1.84765e+17 9.12082e+16 2.61811e+16 2.99915e+14 5.99687e+12 1.41908e+11 3.36153e+09 7.96045e+07 1.8014e+06
607916 2.57248e+07 1.03665e+09 4.17747e+10 1.69207e+12 8.25747e+13 7.47387e+15 2.61035e+16 5.29314e+16 8.34002e+16 1.12288e+17 1.34696e+17 1.46898e+17 1.46898e+17 1.34696e+17 1.12288e+17 8.34002e+16 5.29314e+16 2.61035e+16 7.47387e+15 8.25747e+13 1.69207e+12 4.17747e+10 1.03665e+09 2.57248e+07 607916
104061 3.6189e+06 1.09809e+08 2.88618e+09 5.65801e+10 8.10828e+11 7.84078e+13 2.84527e+14 5.84879e+14 9.26488e+14 1.24945e+15 1.49889e+15 1.63423e+15 1.63423e+15 1.49889e+15 1.24945e+15 9.26488e+14 5.84879e+14 2.84527e+14 7.84078e+13 8.10828e+11 5.65801e+10 2.88618e+09 1.09809e+08 3.6189e+06 104061
11174.2 316097 7.39705e+06 1.45291e+08 2.42552e+09 5.39881e+10 1.59279e+12 5.64348e+12 1.15966e+13 1.83794e+13 2.47937e+13 2.97478e+13 3.24357e+13 3.24357e+13 2.97478e+13 2.47937e+13 1.83794e+13 1.15966e+13 5.64348e+12 1.59279e+12 5.39881e+10 2.42552e+09 1.45291e+08 7.39705e+06 316097 11174.2
904.039 21749.7 433459 7.81118e+06 1.40785e+08 2.7378e+09 3.93313e+10 1.33574e+11 2.73182e+11 4.32686e+11 5.83679e+11 7.00377e+11 7.63718e+11 7.63718e+11 7.00377e+11 5.83679e+11 4.32686e+11 2.73182e+11 1.33574e+11 3.93313e+10 2.7378e+09 1.40785e+08 7.81118e+06 433459 21749.7 904.039
62.0517 1338.8 24494.6 423455 7.07868e+06 1.03896e+08 9.76163e+08 3.16476e+09 6.42893e+09 1.01714e+10 1.3719e+10 1.64629e+10 1.79529e+10 1.79529e+10 1.64629e+10 1.3719e+10 1.01714e+10 6.42893e+09 3.16476e+09 9.76163e+08 1.03896e+08 7.07868e+06 423455 24494.6 1338.8 62.0517
3.84168 76.8646 1314.27 20968.6 300789 3.41933e+06 2.42266e+07 7.49592e+07 1.50994e+08 2.38508e+08 3.21606e+08 3.8593e+08 4.20875e+08 4.20875e+08 3.8593e+08 3.21606e+08 2.38508e+08 1.50994e+08 7.49592e+07 2.42266e+07 3.41933e+06 300789 20968.6 1314.27 76.8646 3.84168
0.201135 3.78652 60.197 865.397 10601.9 98243.6 572568 1.69658e+06 3.38595e+06 5.3376e+06 7.19424e+06 8.6327e+06 9.41453e+06 9.41453e+06 8.6327e+06 7.19424e+06 5.3376e+06 3.38595e+06 1.69658e+06 572568 98243.6 10601.9 865.397 60.197 3.78652 0.201135
