0.33917 6.4284 102.747 1483.2 18241 169772 994705 2.96738e+06 5.9662e+06 9.47079e+06 1.28378e+07 1.54655e+07 1.69e+07 1.69e+07 1.54655e+07 1.28378e+07 9.47079e+06 5.9662e+06 2.96738e+06 994705 169772 18241 1483.2 102.747 6.4284 0.33917
6.53361 131.863 2269.25 36353.5 523075 5.96663e+06 4.24736e+07 1.32343e+08 2.68693e+08 4.27563e+08 5.79986e+08 6.98863e+08 7.63736e+08 7.63736e+08 6.98863e+08 5.79986e+08 4.27563e+08 2.68693e+08 1.32343e+08 4.24736e+07 5.96663e+06 523075 36353.5 2269.25 131.863 6.53361
106.305 2316.91 42719.5 741845 1.24255e+07 1.82692e+08 1.72265e+09 5.62585e+09 1.15242e+10 1.8375e+10 2.49395e+10 3.00561e+10 3.28472e+10 3.28472e+10 3.00561e+10 2.49395e+10 1.8375e+10 1.15242e+10 5.62585e+09 1.72265e+09 1.82692e+08 1.24255e+07 741845 42719.5 2316.91 106.305
1557.46 37877 761639 1.38087e+07 2.49336e+08 4.84389e+09 6.9705e+10 2.38547e+11 4.92201e+11 7.85972e+11 1.06718e+12 1.28623e+12 1.40569e+12 1.40569e+12 1.28623e+12 1.06718e+12 7.85972e+11 4.92201e+11 2.38547e+11 6.9705e+10 4.84389e+09 2.49336e+08 1.38087e+07 761639 37877 1557.46
19338.4 552880 1.30554e+07 2.58415e+08 4.3377e+09 9.61373e+10 2.82973e+12 1.01081e+13 2.0966e+13 3.3514e+13 4.55166e+13 5.48617e+13 5.99554e+13 5.99554e+13 5.48617e+13 4.55166e+13 3.3514e+13 2.0966e+13 1.01081e+13 2.82973e+12 9.61373e+10 4.3377e+09 2.58415e+08 1.30554e+07 552880 19338.4
180867 6.35219e+06 1.94274e+08 5.14016e+09 1.01532e+11 1.46653e+12 1.39538e+14 5.10617e+14 1.05971e+15 1.69322e+15 2.29899e+15 2.77058e+15 3.02763e+15 3.02763e+15 2.77058e+15 2.29899e+15 1.69322e+15 1.05971e+15 5.10617e+14 1.39538e+14 1.46653e+12 1.01532e+11 5.14016e+09 1.94274e+08 6.35219e+06 180867
1.06177e+06 4.53392e+07 1.83898e+09 7.44183e+10 3.02141e+12 1.4738e+14 1.33091e+16 4.6779e+16 9.55526e+16 1.51575e+17 2.05182e+17 2.47039e+17 2.6992e+17 2.6992e+17 2.47039e+17 2.05182e+17 1.51575e+17 9.55526e+16 4.6779e+16 1.33091e+16 1.4738e+14 3.02141e+12 7.44183e+10 1.83898e+09 4.53392e+07 1.06177e+06
3.16743e+06 1.41281e+08 6.00655e+09 2.54724e+11 1.07951e+13 5.39907e+14 4.69368e+16 1.64494e+17 3.35589e+17 5.32014e+17 7.19949e+17 8.66708e+17 9.46944e+17 9.46944e+17 8.66708e+17 7.19949e+17 5.32014e+17 3.35589e+17 1.64494e+17 4.69368e+16 5.39907e+14 1.07951e+13 2.54724e+11 6.00655e+09 1.41281e+08 3.16743e+06
6.36353e+06 2.86615e+08 1.22942e+10 5.25152e+11 2.23724e+13 1.11992e+15 9.59462e+16 3.35848e+17 6.84773e+17 1.0852e+18 1.46824e+18 1.76732e+18 1.93083e+18 1.93083e+18 1.76732e+18 1.46824e+18 1.0852e+18 6.84773e+17 3.35848e+17 9.59462e+16 1.11992e+15 2.23724e+13 5.25152e+11 1.22942e+10 2.86615e+08 6.36353e+06
1.00901e+07 4.55555e+08 1.95796e+10 8.37562e+11 3.5717e+13 1.78743e+15 1.52172e+17 5.32349e+17 1.08506e+18 1.71912e+18 2.3255e+18 2.7989e+18 3.05768e+18 3.05768e+18 2.7989e+18 2.3255e+18 1.71912e+18 1.08506e+18 5.32349e+17 1.52172e+17 1.78743e+15 3.5717e+13 8.37562e+11 1.95796e+10 4.55555e+08 1.00901e+07
1.36612e+07 6.172e+08 2.65406e+10 1.13573e+12 4.84425e+13 2.42378e+15 2.05874e+17 7.20026e+17 1.4673e+18 2.32433e+18 3.14374e+18 3.78334e+18 4.13293e+18 4.13293e+18 3.78334e+18 3.14374e+18 2.32433e+18 1.4673e+18 7.20026e+17 2.05874e+17 2.42378e+15 4.84425e+13 1.13573e+12 2.65406e+10 6.172e+08 1.36612e+07
1.64412e+07 7.42948e+08 3.19519e+10 1.36736e+12 5.83218e+13 2.91774e+15 2.47725e+17 8.66316e+17 1.76522e+18 2.79597e+18 3.78129e+18 4.55027e+18 4.97054e+18 4.97054e+18 4.55027e+18 3.78129e+18 2.79597e+18 1.76522e+18 8.66316e+17 2.47725e+17 2.91774e+15 5.83218e+13 1.36736e+12 3.19519e+10 7.42948e+08 1.64412e+07
1.79562e+07 8.11444e+08 3.48982e+10 1.49341e+12 6.36956e+13 3.18642e+15 2.70569e+17 9.46185e+17 1.92788e+18 3.05344e+18 4.1293e+18 4.96887e+18 5.42769e+18 5.42769e+18 4.96887e+18 4.1293e+18 3.05344e+18 1.92788e+18 9.46185e+17 2.70569e+17 3.18642e+15 6.36956e+13 1.49341e+12 3.48982e+10 8.11444e+08 1.79562e+07
1.79562e+07 8.11444e+08 3.48982e+10 1.49341e+12 6.36956e+13 3.18642e+15 2.70569e+17 9.46185e+17 1.92788e+18 3.05344e+18 4.1293e+18 4.96887e+18 5.42769e+18 5.42769e+18 4.96887e+18 4.1293e+18 3.05344e+18 1.92788e+18 9.46185e+17 2.70569e+17 3.18642e+15 6.36956e+13 1.49341e+12 3.48982e+10 8.11444e+08 1.79562e+07
1.64412e+07 7.42948e+08 3.19519e+10 1.36736e+12 5.83218e+13 2.91774e+15 2.47725e+17 8.66316e+17 1.76522e+18 2.79597e+18 3.78129e+18 4.55027e+18 4.97054e+18 4.97054e+18 4.55027e+18 3.78129e+18 2.79597e+18 1.76522e+18 8.66316e+17 2.47725e+17 2.91774e+15 5.83218e+13 1.36736e+12 3.19519e+10 7.42948e+08 1.64412e+07
1.36612e+07 6.172e+08 2.65406e+10 1.13573e+12 4.84425e+13 2.42378e+15 2.05874e+17 7.20026e+17 1.4673e+18 2.32433e+18 3.14374e+18 3.78334e+18 4.13293e+18 4.13293e+18 3.78334e+18 3.14374e+18 2.32433e+18 1.4673e+18 7.20026e+17 2.05874e+17 2.42378e+15 4.84425e+13 1.13573e+12 2.65406e+10 6.172e+08 1.36612e+07
1.00901e+07 4.55555e+08 1.95796e+10 8.37562e+11 3.5717e+13 1.78743e+15 1.52172e+17 5.32349e+17 1.08506e+18 1.71912e+18 2.3255e+18 2.7989e+18 3.05768e+18 3.05768e+18 2.7989e+18 2.3255e+18 1.71912e+18 1.08506e+18 5.32349e+17 1.52172e+17 1.78743e+15 3.5717e+13 8.37562e+11 1.95796e+10 4.55555e+08 1.00901e+07
6.36353e+06 2.86615e+08 1.22942e+10 5.25152e+11 2.23724e+13 1.11992e+15 9.59462e+16 3.35848e+17 6.84773e+17 1.0852e+18 1.46824e+18 1.76732e+18 1.93083e+18 1.93083e+18 1.76732e+18 1.46824e+18 1.0852e+18 6.84773e+17 3.35848e+17 9.59462e+16 1.11992e+15 2.23724e+13 5.25152e+11 1.22942e+10 2.86615e+08 6.36353e+06
3.16743e+06 1.41281e+08 6.00655e+09 2.54724e+11 1.07951e+13 5.39907e+14 4.69368e+16 1.64494e+17 3.35589e+17 5.32014e+17 7.19949e+17 8.66708e+17 9.46944e+17 9.46944e+17 8.66708e+17 7.19949e+17 5.32014e+17 3.35589e+17 1.64494e+17 4.69368e+16 5.39907e+14 1.07951e+13 2.54724e+11 6.00655e+09 1.41281e+08 3.16743e+06
1.06177e+06 4.53392e+07 1.83898e+09 7.44183e+10 3.02141e+12 1.4738e+14 1.33091e+16 4.6779e+16 9.55526e+16 1.51575e+17 2.05182e+17 2.47039e+17 2.6992e+17 2.6992e+17 2.47039e+17 2.05182e+17 1.51575e+17 9.55526e+16 4.6779e+16 1.33091e+16 1.4738e+14 3.02141e+12 7.44183e+10 1.83898e+09 4.53392e+07 1.06177e+06
180867 6.35219e+06 1.94274e+08 5.14016e+09 1.01532e+11 1.46653e+12 1.39538e+14 5.10617e+14 1.05971e+15 1.69322e+15 2.29899e+15 2.77058e+15 3.02763e+15 3.02763e+15 2.77058e+15 2.29899e+15 1.69322e+15 1.05971e+15 5.10617e+14 1.39538e+14 1.46653e+12 1.01532e+11 5.14016e+09 1.94274e+08 6.35219e+06 180867
19338.4 552880 1.30554e+07 2.58415e+08 4.3377e+09 9.61373e+10 2.82973e+12 1.01081e+13 2.0966e+13 3.3514e+13 4.55166e+13 5.48617e+13 5.99554e+13 5.99554e+13 5.48617e+13 4.55166e+13 3.3514e+13 2.0966e+13 1.01081e+13 2.82973e+12 9.61373e+10 4.3377e+09 2.58415e+08 1.30554e+07 552880 19338.4
1557.46 37877 761639 1.38087e+07 2.49336e+08 4.84389e+09 6.9705e+10 2.38547e+11 4.92201e+11 7.85972e+11 1.06718e+12 1.28623e+12 1.40569e+12 1.40569e+12 1.28623e+12 1.06718e+12 7.85972e+11 4.92201e+11 2.38547e+11 6.9705e+10 4.84389e+09 2.49336e+08 1.38087e+07 761639 37877 1557.46
106.305 2316.91 42719.5 741845 1.24255e+07 1.82692e+08 1.72265e+09 5.62585e+09 1.15242e+10 1.8375e+10 2.49395e+10 3.00561e+10 3.28472e+10 3.28472e+10 3.00561e+10 2.49395e+10 1.8375e+10 1.15242e+10 5.62585e+09 1.72265e+09 1.82692e+08 1.24255e+07 741845 42719.5 2316.91 106.305
6.53361 131.863 2269.25 36353.5 523075 5.96663e+06 4.24736e+07 1.32343e+08 2.68693e+08 4.27563e+08 5.79986e+08 6.98863e+08 7.63736e+08 7.63736e+08 6.98863e+08 5.79986e+08 4.27563e+08 2.68693e+08 1.32343e+08 4.24736e+07 5.96663e+06 523075 36353.5 2269.25 131.863 6.53361
0.33917 6.4284 102.747 1483.2 18241 169772 994705 2.96738e+06 5.9662e+06 9.47079e+06 1.28378e+07 1.54655e+07 1.69e+07 1.69e+07 1.54655e+07 1.28378e+07 9.47079e+06 5.9662e+06 2.96738e+06 994705 169772 18241 1483.2 102.747 6.4284 0.33917
