0.0276687 0.521998 8.32891 120.289 1480.49 13775.7 80609.6 240242 483109 767997 1.04338e+06 1.25975e+06 1.37848e+06 1.37848e+06 1.25975e+06 1.04338e+06 767997 483109 240242 80609.6 13775.7 1480.49 120.289 8.32891 0.521998 0.0276687
0.52806 10.5761 181.346 2906.94 41927.9 478941 3.40752e+06 1.06058e+07 2.15321e+07 3.43105e+07 4.66485e+07 5.63396e+07 6.16572e+07 6.16572e+07 5.63396e+07 4.66485e+07 3.43105e+07 2.15321e+07 1.06058e+07 3.40752e+06 478941 41927.9 2906.94 181.346 10.5761 0.52806
8.53368 184.036 3370.43 58487.1 983969 1.45329e+07 1.37162e+08 4.47404e+08 9.16299e+08 1.46298e+09 1.99034e+09 2.40449e+09 2.63174e+09 2.63174e+09 2.40449e+09 1.99034e+09 1.46298e+09 9.16299e+08 4.47404e+08 1.37162e+08 1.45329e+07 983969 58487.1 3370.43 184.036 8.53368
124.601 2993.18 59577.7 1.07437e+06 1.94757e+07 3.82192e+08 5.52086e+09 1.88677e+10 3.89165e+10 6.22276e+10 8.47019e+10 1.02351e+11 1.12035e+11 1.12035e+11 1.02351e+11 8.47019e+10 6.22276e+10 3.89165e+10 1.88677e+10 5.52086e+09 3.82192e+08 1.94757e+07 1.07437e+06 59577.7 2993.18 124.601
1545.49 43646.4 1.01909e+06 1.99602e+07 3.32921e+08 7.5036e+09 2.23335e+11 7.96475e+11 1.65117e+12 2.64301e+12 3.59904e+12 4.34983e+12 4.7618e+12 4.7618e+12 4.34983e+12 3.59904e+12 2.64301e+12 1.65117e+12 7.96475e+11 2.23335e+11 7.5036e+09 3.32921e+08 1.99602e+07 1.01909e+06 43646.4 1545.49
14452.8 501973 1.52054e+07 3.98592e+08 7.76813e+09 1.10515e+11 1.09664e+13 4.00554e+13 8.30628e+13 1.32875e+14 1.80864e+14 2.18543e+14 2.39216e+14 2.39216e+14 2.18543e+14 1.80864e+14 1.32875e+14 8.30628e+13 4.00554e+13 1.09664e+13 1.10515e+11 7.76813e+09 3.98592e+08 1.52054e+07 501973 14452.8
84833.4 3.58632e+06 1.44372e+08 5.81171e+09 2.3514e+11 1.14804e+13 1.04521e+15 3.66474e+15 7.47119e+15 1.18432e+16 1.60369e+16 1.93227e+16 2.11242e+16 2.11242e+16 1.93227e+16 1.60369e+16 1.18432e+16 7.47119e+15 3.66474e+15 1.04521e+15 1.14804e+13 2.3514e+11 5.81171e+09 1.44372e+08 3.58632e+06 84833.4
252959 1.11692e+07 4.71258e+08 1.98777e+10 8.39281e+11 4.19815e+13 3.67563e+15 1.28512e+16 2.61684e+16 4.14549e+16 5.6113e+16 6.75967e+16 7.38922e+16 7.38922e+16 6.75967e+16 5.6113e+16 4.14549e+16 2.61684e+16 1.28512e+16 3.67563e+15 4.19815e+13 8.39281e+11 1.98777e+10 4.71258e+08 1.11692e+07 252959
508443 2.26651e+07 9.64686e+08 4.09791e+10 1.73902e+12 8.70243e+13 7.49876e+15 2.61878e+16 5.32984e+16 8.44098e+16 1.14238e+17 1.37605e+17 1.50414e+17 1.50414e+17 1.37605e+17 1.14238e+17 8.44098e+16 5.32985e+16 2.61878e+16 7.49876e+15 8.70243e+13 1.73902e+12 4.09791e+10 9.64686e+08 2.26651e+07 508443
807556 3.60829e+07 1.5388e+09 6.54627e+10 2.78087e+12 1.39087e+14 1.18866e+16 4.14858e+16 8.44107e+16 1.33661e+17 1.80876e+17 2.17862e+17 2.38136e+17 2.38136e+17 2.17862e+17 1.80876e+17 1.33661e+17 8.44107e+16 4.14858e+16 1.18866e+16 1.39087e+14 2.78087e+12 6.54627e+10 1.5388e+09 3.60829e+07 807556
1.09605e+06 4.90089e+07 2.09131e+09 8.90097e+10 3.78256e+12 1.89122e+14 1.60901e+16 5.61378e+16 1.14206e+17 1.80824e+17 2.44684e+17 2.94706e+17 3.22127e+17 3.22127e+17 2.94706e+17 2.44684e+17 1.80824e+17 1.14206e+17 5.61378e+16 1.60901e+16 1.89122e+14 3.78256e+12 8.90097e+10 2.09131e+09 4.90089e+07 1.09605e+06
1.32226e+06 5.91403e+07 2.52426e+09 1.07459e+11 4.56736e+12 2.28317e+14 1.93795e+16 6.76028e+16 1.37519e+17 2.17725e+17 2.94607e+17 3.54827e+17 3.87838e+17 3.87838e+17 3.54827e+17 2.94607e+17 2.17725e+17 1.37519e+17 6.76028e+16 1.93795e+16 2.28317e+14 4.56736e+12 1.07459e+11 2.52426e+09 5.91403e+07 1.32226e+06
1.44621e+06 6.46912e+07 2.76145e+09 1.17566e+11 4.99727e+12 2.49786e+14 2.11811e+16 7.38823e+16 1.50288e+17 2.37936e+17 3.21949e+17 3.87755e+17 4.23827e+17 4.23827e+17 3.87755e+17 3.21949e+17 2.37936e+17 1.50288e+17 7.38823e+16 2.11811e+16 2.49786e+14 4.99727e+12 1.17566e+11 2.76145e+09 6.46912e+07 1.44621e+06
1.44621e+06 6.46912e+07 2.76145e+09 1.17566e+11 4.99727e+12 2.49786e+14 2.11811e+16 7.38823e+16 1.50288e+17 2.37936e+17 3.21949e+17 3.87755e+17 4.23827e+17 4.23827e+17 3.87755e+17 3.21949e+17 2.37936e+17 1.50288e+17 7.38823e+16 2.11811e+16 2.49786e+14 4.99727e+12 1.17566e+11 2.76145e+09 6.46912e+07 1.44621e+06
1.32226e+06 5.91403e+07 2.52426e+09 1.07459e+11 4.56736e+12 2.28317e+14 1.93795e+16 6.76028e+16 1.37519e+17 2.17725e+17 2.94607e+17 3.54827e+17 3.87838e+17 3.87838e+17 3.54827e+17 2.94607e+17 2.17725e+17 1.37519e+17 6.76028e+16 1.93795e+16 2.28317e+14 4.56736e+12 1.07459e+11 2.52426e+09 5.91403e+07 1.32226e+06
1.09605e+06 4.90089e+07 2.09131e+09 8.90097e+10 3.78256e+12 1.89122e+14 1.60901e+16 5.61378e+16 1.14206e+17 1.80824e+17 2.44684e+17 2.94706e+17 3.22127e+17 3.22127e+17 2.94706e+17 2.44684e+17 1.80824e+17 1.14206e+17 5.61378e+16 1.60901e+16 1.89122e+14 3.78256e+12 8.90097e+10 2.09131e+09 4.90089e+07 1.09605e+06
807556 3.60829e+07 1.5388e+09 6.54627e+10 2.78087e+12 1.39087e+14 1.18866e+16 4.14858e+16 8.44107e+16 1.33661e+17 1.80876e+17 2.17862e+17 2.38136e+17 2.38136e+17 2.17862e+17 1.80876e+17 1.33661e+17 8.44107e+16 4.14858e+16 1.18866e+16 1.39087e+14 2.78087e+12 6.54627e+10 1.5388e+09 3.60829e+07 807556
508443 2.26651e+07 9.64686e+08 4.09791e+10 1.73902e+12 8.70243e+13 7.49876e+15 2.61878e+16 5.32985e+16 8.44098e+16 1.14238e+17 1.37605e+17 1.50414e+17 1.50414e+17 1.37605e+17 1.14238e+17 8.44098e+16 5.32984e+16 2.61878e+16 7.49876e+15 8.70243e+13 1.73902e+12 4.09791e+10 9.64686e+08 2.26651e+07 508443
252959 1.11692e+07 4.71258e+08 1.98777e+10 8.39281e+11 4.19815e+13 3.67563e+15 1.28512e+16 2.61684e+16 4.14549e+16 5.6113e+16 6.75967e+16 7.38922e+16 7.38922e+16 6.75967e+16 5.6113e+16 4.14549e+16 2.61684e+16 1.28512e+16 3.67563e+15 4.19815e+13 8.39281e+11 1.98777e+10 4.71258e+08 1.11692e+07 252959
84833.4 3.58632e+06 1.44372e+08 5.81171e+09 2.3514e+11 1.14804e+13 1.04521e+15 3.66474e+15 7.47119e+15 1.18432e+16 1.60369e+16 1.93227e+16 2.11242e+16 2.11242e+16 1.93227e+16 1.60369e+16 1.18432e+16 7.47119e+15 3.66474e+15 1.04521e+15 1.14804e+13 2.3514e+11 5.81171e+09 1.44372e+08 3.58632e+06 84833.4
14452.8 501973 1.52054e+07 3.98592e+08 7.76813e+09 1.10515e+11 1.09664e+13 4.00554e+13 8.30628e+13 1.32875e+14 1.80864e+14 2.18543e+14 2.39216e+14 2.39216e+14 2.18543e+14 1.80864e+14 1.32875e+14 8.30628e+13 4.00554e+13 1.09664e+13 1.10515e+11 7.76813e+09 3.98592e+08 1.52054e+07 501973 14452.8
1545.49 43646.4 1.01909e+06 1.99602e+07 3.32921e+08 7.5036e+09 2.23335e+11 7.96475e+11 1.65117e+12 2.64301e+12 3.59904e+12 4.34983e+12 4.7618e+12 4.7618e+12 4.34983e+12 3.59904e+12 2.64301e+12 1.65117e+12 7.96475e+11 2.23335e+11 7.5036e+09 3.32921e+08 1.99602e+07 1.01909e+06 43646.4 1545.49
124.601 2993.18 59577.7 1.07437e+06 1.94757e+07 3.82192e+08 5.52086e+09 1.88677e+10 3.89165e+10 6.22276e+10 8.47019e+10 1.02351e+11 1.12035e+11 1.12035e+11 1.02351e+11 8.47019e+10 6.22276e+10 3.89165e+10 1.88677e+10 5.52086e+09 3.82192e+08 1.94757e+07 1.07437e+06 59577.7 2993.18 124.601
8.53368 184.036 3370.43 58487.1 983969 1.45329e+07 1.37162e+08 4.47404e+08 9.16299e+08 1.46298e+09 1.99034e+09 2.40449e+09 2.63174e+09 2.63174e+09 2.40449e+09 1.99034e+09 1.46298e+09 9.16299e+08 4.47404e+08 1.37162e+08 1.45329e+07 983969 58487.1 3370.43 184.036 8.53368
0.52806 10.5761 181.346 2906.94 41927.9 478941 3.40752e+06 1.06058e+07 2.15321e+07 3.43105e+07 4.66485e+07 5.63396e+07 6.16572e+07 6.16572e+07 5.63396e+07 4.66485e+07 3.43105e+07 2.15321e+07 1.06058e+07 3.40752e+06 478941 41927.9 2906.94 181.346 10.5761 0.52806
0.0276687 0.521998 8.32891 120.289 1480.49 13775.7 80609.6 240242 483109 767997 1.04338e+06 1.25975e+06 1.37848e+06 1.37848e+06 1.25975e+06 1.04338e+06 767997 483109 240242 80609.6 13775.7 1480.49 120.289 8.32891 0.521998 0.0276687
