6.96826e-06 0.000130958 0.00208193 0.0299722 0.367795 3.41219 19.9075 59.1593 118.67 188.331 255.646 308.582 337.662 337.662 308.582 255.646 188.331 118.67 59.1593 19.9075 3.41219 0.367795 0.0299722 0.00208193 0.000130958 6.96825e-06
0.000132425 0.0026405 0.0450912 0.720399 10.3611 118.027 837.295 2597.9 5259.68 8365.15 11362.4 13718.7 15013.3 15013.3 13718.7 11362.4 8365.15 5259.68 2597.9 837.295 118.027 10.3611 0.720399 0.0450912 0.0026405 0.000132425
0.00213138 0.0457365 0.83375 14.4162 241.908 3564.85 33558.6 109094 222743 354890 482308 582474 637506 637506 582474 482308 354890 222743 109094 33558.6 3564.85 241.908 14.4162 0.83375 0.0457365 0.00213138
0.0310126 0.74105 14.6752 263.53 4764.68 93376.6 1.34629e+06 4.58426e+06 9.42378e+06 1.50344e+07 2.04411e+07 2.46918e+07 2.70275e+07 2.70275e+07 2.46918e+07 2.04411e+07 1.50344e+07 9.42378e+06 4.58426e+06 1.34629e+06 93376.6 4764.68 263.53 14.6752 0.74105 0.0310126
0.383507 10.7731 250.25 4878.47 81056.9 1.82637e+06 5.43388e+07 1.93019e+08 3.98689e+08 6.36622e+08 8.65874e+08 1.04615e+09 1.14522e+09 1.14522e+09 1.04615e+09 8.65874e+08 6.36622e+08 3.98689e+08 1.93019e+08 5.43388e+07 1.82637e+06 81056.9 4878.47 250.25 10.7731 0.383507
3.57645 123.574 3725.44 97248.3 1.88723e+06 2.67312e+07 2.66434e+09 9.68997e+09 2.00151e+10 3.19334e+10 4.3409e+10 5.24301e+10 5.73873e+10 5.73873e+10 5.24301e+10 4.3409e+10 3.19334e+10 2.00151e+10 9.68997e+09 2.66434e+09 2.67312e+07 1.88723e+06 97248.3 3725.44 123.574 3.57645
20.9368 880.622 35296.8 1.41614e+06 5.7165e+07 2.78851e+09 2.53822e+11 8.86627e+11 1.80067e+12 2.84575e+12 3.84557e+12 4.62815e+12 5.05711e+12 5.05711e+12 4.62815e+12 3.84557e+12 2.84575e+12 1.80067e+12 8.86627e+11 2.53822e+11 2.78851e+09 5.7165e+07 1.41614e+06 35296.8 880.622 20.9368
62.2702 2734.89 114864 4.8275e+06 2.03294e+08 1.01557e+10 8.89338e+11 3.09823e+12 6.28525e+12 9.92679e+12 1.34091e+13 1.6134e+13 1.76273e+13 1.76273e+13 1.6134e+13 1.34091e+13 9.92679e+12 6.28525e+12 3.09823e+12 8.89338e+11 1.01557e+10 2.03294e+08 4.8275e+06 114864 2734.89 62.2702
124.902 5536.67 234508 9.92304e+06 4.19875e+08 2.09772e+10 1.80785e+12 6.2912e+12 1.2757e+13 2.01431e+13 2.7205e+13 3.27303e+13 3.57582e+13 3.57582e+13 3.27303e+13 2.7205e+13 2.01431e+13 1.2757e+13 6.2912e+12 1.80785e+12 2.09772e+10 4.19875e+08 9.92304e+06 234508 5536.67 124.902
198.141 8801.99 373474 1.58238e+07 6.70144e+08 3.34554e+10 2.85793e+12 9.93928e+12 2.01494e+13 3.1811e+13 4.29598e+13 5.16823e+13 5.6462e+13 5.6462e+13 5.16823e+13 4.29598e+13 3.1811e+13 2.01494e+13 9.93928e+12 2.85793e+12 3.34554e+10 6.70144e+08 1.58238e+07 373474 8801.99 198.141
268.827 11949.6 507295 2.15027e+07 9.10958e+08 4.5455e+10 3.86211e+12 1.34265e+13 2.72148e+13 4.29619e+13 5.80157e+13 6.97928e+13 7.62463e+13 7.62463e+13 6.97928e+13 5.80157e+13 4.29619e+13 2.72148e+13 1.34265e+13 3.86211e+12 4.5455e+10 9.10958e+08 2.15027e+07 507295 11949.6 268.827
324.353 14421.3 612371 2.5962e+07 1.10009e+09 5.48768e+10 4.64773e+12 1.61541e+13 3.27405e+13 5.16823e+13 6.97894e+13 8.39549e+13 9.17172e+13 9.17172e+13 8.39549e+13 6.97894e+13 5.16823e+13 3.27405e+13 1.61541e+13 4.64773e+12 5.48768e+10 1.10009e+09 2.5962e+07 612371 14421.3 324.353
354.831 15778.1 670053 2.84103e+07 1.20394e+09 6.00498e+10 5.07818e+12 1.76483e+13 3.57676e+13 5.64593e+13 7.62389e+13 9.17127e+13 1.00192e+14 1.00192e+14 9.17128e+13 7.62389e+13 5.64593e+13 3.57676e+13 1.76483e+13 5.07818e+12 6.00498e+10 1.20394e+09 2.84103e+07 670053 15778.1 354.831
354.831 15778.1 670053 2.84103e+07 1.20394e+09 6.00498e+10 5.07818e+12 1.76483e+13 3.57676e+13 5.64593e+13 7.62389e+13 9.17128e+13 1.00192e+14 1.00192e+14 9.17127e+13 7.62389e+13 5.64593e+13 3.57676e+13 1.76483e+13 5.07818e+12 6.00498e+10 1.20394e+09 2.84103e+07 670053 15778.1 354.831
324.353 14421.3 612371 2.5962e+07 1.10009e+09 5.48768e+10 4.64773e+12 1.61541e+13 3.27405e+13 5.16823e+13 6.97894e+13 8.39549e+13 9.17172e+13 9.17172e+13 8.39549e+13 6.97894e+13 5.16823e+13 3.27405e+13 1.61541e+13 4.64773e+12 5.48768e+10 1.10009e+09 2.5962e+07 612371 14421.3 324.353
268.827 11949.6 507295 2.15027e+07 9.10958e+08 4.5455e+10 3.86211e+12 1.34265e+13 2.72148e+13 4.29619e+13 5.80157e+13 6.97928e+13 7.62463e+13 7.62463e+13 6.97928e+13 5.80157e+13 4.29619e+13 2.72148e+13 1.34265e+13 3.86211e+12 4.5455e+10 9.10958e+08 2.15027e+07 507295 11949.6 268.827
198.141 8801.99 373474 1.58238e+07 6.70144e+08 3.34554e+10 2.85793e+12 9.93928e+12 2.01494e+13 3.1811e+13 4.29598e+13 5.16823e+13 5.6462e+13 5.6462e+13 5.16823e+13 4.29598e+13 3.1811e+13 2.01494e+13 9.93928e+12 2.85793e+12 3.34554e+10 6.70144e+08 1.58238e+07 373474 8801.99 198.141
124.902 5536.67 234508 9.92304e+06 4.19875e+08 2.09772e+10 1.80785e+12 6.2912e+12 1.2757e+13 2.01431e+13 2.7205e+13 3.27303e+13 3.57582e+13 3.57582e+13 3.27303e+13 2.7205e+13 2.01431e+13 1.2757e+13 6.2912e+12 1.80785e+12 2.09772e+10 4.19875e+08 9.92304e+06 234508 5536.67 124.902
62.2702 2734.89 114864 4.8275e+06 2.03294e+08 1.01557e+10 8.89338e+11 3.09823e+12 6.28525e+12 9.92679e+12 1.34091e+13 1.6134e+13 1.76273e+13 1.76273e+13 1.6134e+13 1.34091e+13 9.92679e+12 6.28525e+12 3.09823e+12 8.89338e+11 1.01557e+10 2.03294e+08 4.8275e+06 114864 2734.89 62.2702
20.9368 880.622 35296.8 1.41614e+06 5.7165e+07 2.78851e+09 2.53822e+11 8.86627e+11 1.80067e+12 2.84575e+12 3.84557e+12 4.62815e+12 5.05711e+12 5.05711e+12 4.62815e+12 3.84557e+12 2.84575e+12 1.80067e+12 8.86627e+11 2.53822e+11 2.78851e+09 5.7165e+07 1.41614e+06 35296.8 880.622 20.9368
3.57645 123.574 3725.44 97248.3 1.88723e+06 2.67312e+07 2.66434e+09 9.68997e+09 2.00151e+10 3.19334e+10 4.3409e+10 5.24301e+10 5.73873e+10 5.73873e+10 5.24301e+10 4.3409e+10 3.19334e+10 2.00151e+10 9.68997e+09 2.66434e+09 2.67312e+07 1.88723e+06 97248.3 3725.44 123.574 3.57645
0.383507 10.7731 250.25 4878.47 81056.9 1.82637e+06 5.43388e+07 1.93019e+08 3.98689e+08 6.36622e+08 8.65874e+08 1.04615e+09 1.14522e+09 1.14522e+09 1.04615e+09 8.65874e+08 6.36622e+08 3.98689e+08 1.93019e+08 5.43388e+07 1.82637e+06 81056.9 4878.47 250.25 10.7731 0.383507
0.0310126 0.74105 14.6752 263.53 4764.68 93376.6 1.34629e+06 4.58426e+06 9.42378e+06 1.50344e+07 2.04411e+07 2.46918e+07 2.70275e+07 2.70275e+07 2.46918e+07 2.04411e+07 1.50344e+07 9.42378e+06 4.58426e+06 1.34629e+06 93376.6 4764.68 263.53 14.6752 0.74105 0.0310126
0.00213138 0.0457365 0.83375 14.4162 241.908 3564.85 33558.6 109094 222743 354890 482308 582474 637506 637506 582474 482308 354890 222743 109094 33558.6 3564.85 241.908 14.4162 0.83375 0.0457365 0.00213138
0.000132425 0.0026405 0.0450912 0.720399 10.3611 118.027 837.295 2597.9 5259.68 8365.15 11362.4 13718.7 15013.3 15013.3 13718.7 11362.4 8365.15 5259.68 2597.9 837.295 118.027 10.3611 0.720399 0.0450912 0.0026405 0.000132425
6.96826e-06 0.000130958 0.00208193 0.0299722 0.367795 3.41219 19.9075 59.1593 118.67 188.331 255.646 308.582 337.662 337.662 308.582 255.646 188.331 118.67 59.1593 19.9075 3.41219 0.367795 0.0299722 0.00208193 0.000130958 6.96826e-06
