0.000265691 0.00496034 0.0780381 1.10941 13.4515 123.625 716.433 2116.52 4217.82 6648.25 8968.71 10774.9 11760.5 11760.5 10774.9 8968.71 6648.25 4217.82 2116.52 716.433 123.625 13.4515 1.10941 0.0780381 0.00496034 0.000265691
0.00505909 0.100484 1.70134 26.823 380.125 4278.62 30119.2 92882.9 186773 294947 398046 478245 521993 521993 478245 398046 294947 186773 92882.9 30119.2 4278.62 380.125 26.823 1.70134 0.100484 0.00505909
0.0813282 1.74488 31.6866 541.855 8931.76 129445 1.20691e+06 3.89871e+06 7.90406e+06 1.25005e+07 1.68746e+07 2.02754e+07 2.21302e+07 2.21302e+07 2.02754e+07 1.68746e+07 1.25005e+07 7.90406e+06 3.89871e+06 1.20691e+06 129445 8931.76 541.855 31.6866 1.74488 0.0813282
1.17697 28.1941 559.528 10019.4 178187 3.40426e+06 4.84216e+07 1.63799e+08 3.34249e+08 5.29155e+08 7.14429e+08 8.58426e+08 9.36949e+08 9.36949e+08 8.58426e+08 7.14429e+08 5.29155e+08 3.34249e+08 1.63799e+08 4.84216e+07 3.40426e+06 178187 10019.4 559.528 28.1941 1.17697
14.431 406.455 9485.48 186180 3.09934e+06 6.73508e+07 1.95502e+09 6.89728e+09 1.41379e+10 2.23948e+10 3.02382e+10 3.63328e+10 3.96559e+10 3.96559e+10 3.63328e+10 3.02382e+10 2.23948e+10 1.41379e+10 6.89728e+09 1.95502e+09 6.73508e+07 3.09934e+06 186180 9485.48 406.455 14.431
133.316 4611.41 139386 3.6597e+06 7.21372e+07 1.0421e+09 9.62965e+10 3.47733e+11 7.12747e+11 1.12811e+12 1.52247e+12 1.82886e+12 1.99592e+12 1.99592e+12 1.82886e+12 1.52247e+12 1.12811e+12 7.12747e+11 3.47733e+11 9.62965e+10 1.0421e+09 7.21372e+07 3.6597e+06 139386 4611.41 133.316
773.774 32529.6 1.30351e+06 5.22983e+07 2.11166e+09 1.02541e+11 9.17464e+12 3.19116e+13 6.44961e+13 1.01416e+14 1.36424e+14 1.63623e+14 1.78459e+14 1.78459e+14 1.63623e+14 1.36424e+14 1.01416e+14 6.44961e+13 3.19116e+13 9.17464e+12 1.02541e+11 2.11166e+09 5.22983e+07 1.30351e+06 32529.6 773.774
2285.86 100317 4.2109e+06 1.76923e+08 7.45024e+09 3.70727e+11 3.20281e+13 1.1114e+14 2.2443e+14 3.52756e+14 4.7443e+14 5.68964e+14 6.20529e+14 6.20529e+14 5.68964e+14 4.7443e+14 3.52756e+14 2.2443e+14 1.1114e+14 3.20281e+13 3.70727e+11 7.45024e+09 1.76923e+08 4.2109e+06 100317 2285.86
4552.84 201610 8.53211e+06 3.60815e+08 1.5262e+10 7.59677e+11 6.47908e+13 2.24639e+14 4.53486e+14 7.12684e+14 9.58437e+14 1.14938e+15 1.25353e+15 1.25353e+15 1.14938e+15 9.58437e+14 7.12684e+14 4.53486e+14 2.24639e+14 6.47908e+13 7.59677e+11 1.5262e+10 3.60815e+08 8.53211e+06 201610 4552.84
7171.05 318137 1.34832e+07 5.70752e+08 2.41552e+10 1.20159e+12 1.01889e+14 3.5313e+14 7.12778e+14 1.12011e+15 1.5063e+15 1.80636e+15 1.97004e+15 1.97004e+15 1.80636e+15 1.5063e+15 1.12011e+15 7.12778e+14 3.5313e+14 1.01889e+14 1.20159e+12 2.41552e+10 5.70752e+08 1.34832e+07 318137 7171.05
9666.82 429014 1.81869e+07 7.69961e+08 3.25876e+10 1.62042e+12 1.37033e+14 4.74848e+14 9.58399e+14 1.50605e+15 2.02528e+15 2.4287e+15 2.64876e+15 2.64876e+15 2.4287e+15 2.02528e+15 1.50605e+15 9.58399e+14 4.74848e+14 1.37033e+14 1.62042e+12 3.25876e+10 7.69961e+08 1.81869e+07 429014 9666.82
11606.7 515136 2.18383e+07 9.24544e+08 3.91292e+10 1.94529e+12 1.64312e+14 5.69329e+14 1.14906e+15 1.80564e+15 2.42814e+15 2.9118e+15 3.17563e+15 3.17563e+15 2.9118e+15 2.42814e+15 1.80564e+15 1.14906e+15 5.69329e+14 1.64312e+14 1.94529e+12 3.91292e+10 9.24544e+08 2.18383e+07 515136 11606.7
12664.2 562067 2.38276e+07 1.00875e+09 4.2692e+10 2.12223e+12 1.79181e+14 6.20831e+14 1.253e+15 1.96895e+15 2.64775e+15 3.17515e+15 3.46284e+15 3.46284e+15 3.17515e+15 2.64775e+15 1.96895e+15 1.253e+15 6.20831e+14 1.79181e+14 2.12223e+12 4.2692e+10 1.00875e+09 2.38276e+07 562067 12664.2
12664.2 562067 2.38276e+07 1.00875e+09 4.2692e+10 2.12223e+12 1.79181e+14 6.20831e+14 1.253e+15 1.96895e+15 2.64775e+15 3.17515e+15 3.46284e+15 3.46284e+15 3.17515e+15 2.64775e+15 1.96895e+15 1.253e+15 6.20831e+14 1.79181e+14 2.12223e+12 4.2692e+10 1.00875e+09 2.38276e+07 562067 12664.2
11606.7 515136 2.18383e+07 9.24544e+08 3.91292e+10 1.94529e+12 1.64312e+14 5.69329e+14 1.14906e+15 1.80564e+15 2.42814e+15 2.9118e+15 3.17563e+15 3.17563e+15 2.9118e+15 2.42814e+15 1.80564e+15 1.14906e+15 5.69329e+14 1.64312e+14 1.94529e+12 3.91292e+10 9.24544e+08 2.18383e+07 515136 11606.7
9666.82 429014 1.81869e+07 7.69961e+08 3.25876e+10 1.62042e+12 1.37033e+14 4.74848e+14 9.58399e+14 1.50605e+15 2.02528e+15 2.4287e+15 2.64876e+15 2.64876e+15 2.4287e+15 2.02528e+15 1.50605e+15 9.58399e+14 4.74848e+14 1.37033e+14 1.62042e+12 3.25876e+10 7.69961e+08 1.81869e+07 429014 9666.82
7171.05 318137 1.34832e+07 5.70752e+08 2.41552e+10 1.20159e+12 1.01889e+14 3.5313e+14 7.12778e+14 1.12011e+15 1.5063e+15 1.80636e+15 1.97004e+15 1.97004e+15 1.80636e+15 1.5063e+15 1.12011e+15 7.12778e+14 3.5313e+14 1.01889e+14 1.20159e+12 2.41552e+10 5.70752e+08 1.34832e+07 318137 7171.05
4552.84 201610 8.53211e+06 3.60815e+08 1.5262e+10 7.59677e+11 6.47908e+13 2.24639e+14 4.53486e+14 7.12684e+14 9.58437e+14 1.14938e+15 1.25353e+15 1.25353e+15 1.14938e+15 9.58437e+14 7.12684e+14 4.53486e+14 2.24639e+14 6.47908e+13 7.59677e+11 1.5262e+10 3.60815e+08 8.53211e+06 201610 4552.84
2285.86 100317 4.2109e+06 1.76923e+08 7.45024e+09 3.70727e+11 3.20281e+13 1.1114e+14 2.2443e+14 3.52756e+14 4.7443e+14 5.68964e+14 6.20529e+14 6.20529e+14 5.68964e+14 4.7443e+14 3.52756e+14 2.2443e+14 1.1114e+14 3.20281e+13 3.70727e+11 7.45024e+09 1.76923e+08 4.2109e+06 100317 2285.86
773.774 32529.6 1.30351e+06 5.22983e+07 2.11166e+09 1.02541e+11 9.17464e+12 3.19116e+13 6.44961e+13 1.01416e+14 1.36424e+14 1.63623e+14 1.78459e+14 1.78459e+14 1.63623e+14 1.36424e+14 1.01416e+14 6.44961e+13 3.19116e+13 9.17464e+12 1.02541e+11 2.11166e+09 5.22983e+07 1.30351e+06 32529.6 773.774
133.316 4611.41 139386 3.6597e+06 7.21372e+07 1.0421e+09 9.62965e+10 3.47733e+11 7.12747e+11 1.12811e+12 1.52247e+12 1.82886e+12 1.99592e+12 1.99592e+12 1.82886e+12 1.52247e+12 1.12811e+12 7.12747e+11 3.47733e+11 9.62965e+10 1.0421e+09 7.21372e+07 3.6597e+06 139386 4611.41 133.316
14.431 406.455 9485.48 186180 3.09934e+06 6.73508e+07 1.95502e+09 6.89728e+09 1.41379e+10 2.23948e+10 3.02382e+10 3.63328e+10 3.96559e+10 3.96559e+10 3.63328e+10 3.02382e+10 2.23948e+10 1.41379e+10 6.89728e+09 1.95502e+09 6.73508e+07 3.09934e+06 186180 9485.48 406.455 14.431
1.17697 28.1941 559.528 10019.4 178187 3.40426e+06 4.84216e+07 1.63799e+08 3.34249e+08 5.29155e+08 7.14429e+08 8.58426e+08 9.36949e+08 9.36949e+08 8.58426e+08 7.14429e+08 5.29155e+08 3.34249e+08 1.63799e+08 4.84216e+07 3.40426e+06 178187 10019.4 559.528 28.1941 1.17697
0.0813282 1.74488 31.6866 541.855 8931.76 129445 1.20691e+06 3.89871e+06 7.90406e+06 1.25005e+07 1.68746e+07 2.02754e+07 2.21302e+07 2.21302e+07 2.02754e+07 1.68746e+07 1.25005e+07 7.90406e+06 3.89871e+06 1.20691e+06 129445 8931.76 541.855 31.6866 1.74488 0.0813282
0.00505909 0.100484 1.70134 26.823 380.125 4278.62 30119.2 92882.9 186773 294947 398046 478245 521993 521993 478245 398046 294947 186773 92882.9 30119.2 4278.62 380.125 26.823 1.70134 0.100484 0.00505909
0.000265691 0.00496034 0.0780381 1.10941 13.4515 123.625 716.433 2116.52 4217.82 6648.25 8968.71 10774.9 11760.5 11760.5 10774.9 8968.71 6648.25 4217.82 2116.52 716.433 123.625 13.4515 1.10941 0.0780381 0.00496034 0.000265691
