5.46895e-06 0.000102165 0.00160863 0.0228903 0.277805 2.55539 14.8221 43.8404 87.4957 138.132 186.615 224.446 245.12 245.12 224.446 186.615 138.132 87.4957 43.8404 14.8221 2.55539 0.277805 0.0228903 0.00160863 0.000102165 5.46896e-06
0.000104156 0.00206974 0.0350692 0.553429 7.85126 88.4578 623.249 1924.37 3875.59 6130.36 8285.75 9966.62 10885.1 10885.1 9966.62 8285.75 6130.36 3875.59 1924.37 623.249 88.4578 7.85126 0.553429 0.0350692 0.00206974 0.000104156
0.00167501 0.0359476 0.653117 11.1778 184.467 2676.47 24977.5 80787.8 164050 259897 351392 422715 461681 461681 422715 351392 259897 164050 80787.8 24977.5 2676.47 184.467 11.1778 0.653117 0.0359476 0.00167501
0.0242548 0.581109 11.5345 206.629 3678.59 70384.7 1.00215e+06 3.3945e+06 6.93848e+06 1.10042e+07 1.48815e+07 1.79031e+07 1.95539e+07 1.95539e+07 1.79031e+07 1.48815e+07 1.10042e+07 6.93848e+06 3.3945e+06 1.00215e+06 70384.7 3678.59 206.629 11.5345 0.581109 0.0242548
0.297618 8.38358 195.652 3839.88 63930.9 1.3919e+06 4.046e+07 1.42938e+08 2.93506e+08 4.65792e+08 6.3e+08 7.57955e+08 8.27855e+08 8.27855e+08 7.57955e+08 6.3e+08 4.65792e+08 2.93506e+08 1.42938e+08 4.046e+07 1.3919e+06 63930.9 3839.88 195.652 8.38358 0.297618
2.75181 95.2007 2877.74 75548.2 1.48827e+06 2.14833e+07 1.99224e+09 7.20404e+09 1.47919e+10 2.34556e+10 3.17083e+10 3.81377e+10 4.16498e+10 4.16498e+10 3.81377e+10 3.17083e+10 2.34556e+10 1.47919e+10 7.20404e+09 1.99224e+09 2.14833e+07 1.48827e+06 75548.2 2877.74 95.2007 2.75181
15.9872 672.232 26940.5 1.08093e+06 4.36427e+07 2.11946e+09 1.89808e+11 6.60775e+11 1.33699e+12 2.10483e+12 2.83446e+12 3.40234e+12 3.71245e+12 3.71245e+12 3.40234e+12 2.83446e+12 2.10483e+12 1.33699e+12 6.60775e+11 1.89808e+11 2.11946e+09 4.36427e+07 1.08093e+06 26940.5 672.232 15.9872
47.289 2075.79 87147.4 3.66185e+06 1.54202e+08 7.67367e+09 6.63203e+11 2.30323e+12 4.656e+12 7.32661e+12 9.86393e+12 1.18387e+13 1.2917e+13 1.2917e+13 1.18387e+13 9.86393e+12 7.32661e+12 4.656e+12 2.30323e+12 6.63203e+11 7.67367e+09 1.54202e+08 3.66185e+06 87147.4 2075.79 47.289
94.3345 4178.56 176877 7.48115e+06 3.16469e+08 1.57534e+10 1.34324e+12 4.66071e+12 9.41856e+12 1.48185e+13 1.99486e+13 2.39412e+13 2.61214e+13 2.61214e+13 2.39412e+13 1.99486e+13 1.48185e+13 9.41856e+12 4.66072e+12 1.34324e+12 1.57534e+10 3.16469e+08 7.48115e+06 176877 4178.56 94.3345
148.83 6605.11 280022 1.18563e+07 5.0186e+08 2.49661e+10 2.1151e+12 7.33569e+12 1.48219e+13 2.33178e+13 3.13891e+13 3.76706e+13 4.11008e+13 4.11008e+13 3.76706e+13 3.13891e+13 2.33178e+13 1.48219e+13 7.33569e+12 2.1151e+12 2.49661e+10 5.01861e+08 1.18563e+07 280022 6605.11 148.83
200.933 8921.23 378332 1.6022e+07 6.78268e+08 3.3728e+10 2.84798e+12 9.87532e+12 1.99516e+13 3.13867e+13 4.22501e+13 5.07046e+13 5.53213e+13 5.53213e+13 5.07046e+13 4.22501e+13 3.13867e+13 1.99516e+13 9.87532e+12 2.84798e+12 3.3728e+10 6.78268e+08 1.6022e+07 378332 8921.23 200.933
241.536 10725 454860 1.92638e+07 8.15525e+08 4.05443e+10 3.41794e+12 1.18503e+13 2.3941e+13 3.76618e+13 5.06965e+13 6.08408e+13 6.63803e+13 6.63803e+13 6.08408e+13 5.06965e+13 3.76618e+13 2.3941e+13 1.18503e+13 3.41794e+12 4.05443e+10 8.15525e+08 1.92638e+07 454860 10725 241.536
263.705 11709.7 496631 2.1033e+07 8.90429e+08 4.4264e+10 3.729e+12 1.29283e+13 2.61182e+13 4.10866e+13 5.53064e+13 6.6373e+13 7.24161e+13 7.24161e+13 6.6373e+13 5.53064e+13 4.10866e+13 2.61182e+13 1.29283e+13 3.729e+12 4.4264e+10 8.90429e+08 2.1033e+07 496631 11709.7 263.705
263.705 11709.7 496631 2.1033e+07 8.90429e+08 4.4264e+10 3.729e+12 1.29283e+13 2.61182e+13 4.10866e+13 5.53064e+13 6.6373e+13 7.24161e+13 7.24161e+13 6.6373e+13 5.53064e+13 4.10866e+13 2.61182e+13 1.29283e+13 3.729e+12 4.4264e+10 8.90429e+08 2.1033e+07 496631 11709.7 263.705
241.536 10725 454860 1.92638e+07 8.15525e+08 4.05443e+10 3.41794e+12 1.18503e+13 2.3941e+13 3.76618e+13 5.06965e+13 6.08408e+13 6.63803e+13 6.63803e+13 6.08408e+13 5.06965e+13 3.76618e+13 2.3941e+13 1.18503e+13 3.41794e+12 4.05443e+10 8.15525e+08 1.92638e+07 454860 10725 241.536
200.933 8921.23 378332 1.6022e+07 6.78268e+08 3.3728e+10 2.84798e+12 9.87532e+12 1.99516e+13 3.13867e+13 4.22501e+13 5.07046e+13 5.53213e+13 5.53213e+13 5.07046e+13 4.22501e+13 3.13867e+13 1.99516e+13 9.87532e+12 2.84798e+12 3.3728e+10 6.78268e+08 1.6022e+07 378332 8921.23 200.933
148.83 6605.11 280022 1.18563e+07 5.0186e+08 2.49661e+10 2.1151e+12 7.33569e+12 1.48219e+13 2.33178e+13 3.13891e+13 3.76706e+13 4.11008e+13 4.11008e+13 3.76706e+13 3.13891e+13 2.33178e+13 1.48219e+13 7.33569e+12 2.1151e+12 2.49661e+10 5.0186e+08 1.18563e+07 280022 6605.11 148.83
94.3345 4178.56 176877 7.48115e+06 3.16469e+08 1.57534e+10 1.34324e+12 4.66072e+12 9.41856e+12 1.48185e+13 1.99486e+13 2.39412e+13 2.61214e+13 2.61214e+13 2.39412e+13 1.99486e+13 1.48185e+13 9.41856e+12 4.66071e+12 1.34324e+12 1.57534e+10 3.16469e+08 7.48115e+06 176877 4178.56 94.3345
47.289 2075.79 87147.4 3.66185e+06 1.54202e+08 7.67367e+09 6.63203e+11 2.30323e+12 4.656e+12 7.32661e+12 9.86393e+12 1.18387e+13 1.2917e+13 1.2917e+13 1.18387e+13 9.86393e+12 7.32661e+12 4.656e+12 2.30323e+12 6.63203e+11 7.67367e+09 1.54202e+08 3.66185e+06 87147.4 2075.79 47.289
15.9872 672.232 26940.5 1.08093e+06 4.36427e+07 2.11946e+09 1.89808e+11 6.60775e+11 1.33699e+12 2.10483e+12 2.83446e+12 3.40234e+12 3.71245e+12 3.71245e+12 3.40234e+12 2.83446e+12 2.10483e+12 1.33699e+12 6.60775e+11 1.89808e+11 2.11946e+09 4.36427e+07 1.08093e+06 26940.5 672.232 15.9872
2.75181 95.2007 2877.74 75548.2 1.48827e+06 2.14833e+07 1.99224e+09 7.20404e+09 1.47919e+10 2.34556e+10 3.17083e+10 3.81377e+10 4.16498e+10 4.16498e+10 3.81377e+10 3.17083e+10 2.34556e+10 1.47919e+10 7.20404e+09 1.99224e+09 2.14833e+07 1.48827e+06 75548.2 2877.74 95.2007 2.75181
0.297618 8.38358 195.652 3839.88 63930.9 1.3919e+06 4.046e+07 1.42938e+08 2.93506e+08 4.65792e+08 6.3e+08 7.57955e+08 8.27855e+08 8.27855e+08 7.57955e+08 6.3e+08 4.65792e+08 2.93506e+08 1.42938e+08 4.046e+07 1.3919e+06 63930.9 3839.88 195.652 8.38358 0.297618
0.0242548 0.581109 11.5345 206.629 3678.59 70384.7 1.00215e+06 3.3945e+06 6.93848e+06 1.10042e+07 1.48815e+07 1.79031e+07 1.95539e+07 1.95539e+07 1.79031e+07 1.48815e+07 1.10042e+07 6.93848e+06 3.3945e+06 1.00215e+06 70384.7 3678.59 206.629 11.5345 0.581109 0.0242548
0.00167501 0.0359476 0.653117 11.1778 184.467 2676.47 24977.5 80787.8 164050 259897 351392 422715 461681 461681 422715 351392 259897 164050 80787.8 24977.5 2676.47 184.467 11.1778 0.653117 0.0359476 0.00167501
0.000104156 0.00206974 0.0350692 0.553429 7.85126 88.4578 623.249 1924.37 3875.59 6130.36 8285.75 9966.62 10885.1 10885.1 9966.62 8285.75 6130.36 3875.59 1924.37 623.249 88.4578 7.85126 0.553429 0.0350692 0.00206974 0.000104156
5.46895e-06 0.000102165 0.00160863 0.0228903 0.277805 2.55539 14.8221 43.8404 87.4957 138.132 186.615 224.446 245.12 245.12 224.446 186.615 138.132 87.4957 43.8404 14.8221 2.55539 0.277805 0.0228903 0.00160863 0.000102165 5.46896e-06
