0.129885 2.47 39.6889 576.425 7131.7 66746.7 393334 1.1829e+06 2.4017e+06 3.85131e+06 5.26825e+06 6.3901e+06 7.00839e+06 7.00839e+06 6.3901e+06 5.26825e+06 3.85131e+06 2.4017e+06 1.1829e+06 393334 66746.7 7131.7 576.425 39.6889 2.47 0.129885
2.50607 50.6477 875.013 14096.3 204081 2.34135e+06 1.67603e+07 5.26477e+07 1.07958e+08 1.73581e+08 2.37667e+08 2.88395e+08 3.16351e+08 3.16351e+08 2.88395e+08 2.37667e+08 1.73581e+08 1.07958e+08 5.26477e+07 1.67603e+07 2.34135e+06 204081 14096.3 875.013 50.6477 2.50607
40.9137 891.368 16470.3 287315 4.84338e+06 7.16697e+07 6.79525e+08 2.23756e+09 4.63069e+09 7.46299e+09 1.02271e+10 1.24147e+10 1.36202e+10 1.36202e+10 1.24147e+10 1.02271e+10 7.46299e+09 4.63069e+09 2.23756e+09 6.79525e+08 7.16697e+07 4.84338e+06 287315 16470.3 891.368 40.9137
602.186 14622 294114 5.34403e+06 9.70373e+07 1.9e+09 2.74989e+10 9.4909e+10 1.97919e+11 3.19573e+11 4.38252e+11 5.32175e+11 5.83929e+11 5.83929e+11 5.32175e+11 4.38252e+11 3.19573e+11 1.97919e+11 9.4909e+10 2.74989e+10 1.9e+09 9.70373e+07 5.34403e+06 294114 14622 602.186
7516.67 214468 5.06134e+06 1.00149e+08 1.6828e+09 3.76501e+10 1.11627e+12 4.02277e+12 8.43677e+12 1.36423e+13 1.87204e+13 2.27391e+13 2.49534e+13 2.49534e+13 2.27391e+13 1.87204e+13 1.36423e+13 8.43677e+12 4.02277e+12 1.11627e+12 3.76501e+10 1.6828e+09 1.00149e+08 5.06134e+06 214468 7516.67
70696.7 2.47783e+06 7.57424e+07 2.00294e+09 3.9467e+10 5.68056e+11 5.49677e+13 2.02952e+14 4.25881e+14 6.88311e+14 9.44159e+14 1.14657e+15 1.25808e+15 1.25808e+15 1.14657e+15 9.44159e+14 6.88311e+14 4.25881e+14 2.02952e+14 5.49677e+13 5.68056e+11 3.9467e+10 2.00294e+09 7.57424e+07 2.47783e+06 70696.7
417629 1.77953e+07 7.21486e+08 2.91972e+10 1.18525e+12 5.78366e+13 5.24552e+15 1.85458e+16 3.81648e+16 6.10088e+16 8.31533e+16 1.00629e+17 1.10249e+17 1.10249e+17 1.00629e+17 8.31533e+16 6.10088e+16 3.81648e+16 1.85458e+16 5.24552e+15 5.78366e+13 1.18525e+12 2.91972e+10 7.21486e+08 1.77953e+07 417629
1.25655e+06 5.59297e+07 2.37725e+09 1.00843e+11 4.2747e+12 2.13866e+14 1.86124e+16 6.55839e+16 1.34748e+17 2.15199e+17 2.93145e+17 3.54642e+17 3.88491e+17 3.88491e+17 3.54642e+17 2.93145e+17 2.15199e+17 1.34748e+17 6.55839e+16 1.86124e+16 2.13866e+14 4.2747e+12 1.00843e+11 2.37725e+09 5.59297e+07 1.25655e+06
2.55051e+06 1.14657e+08 4.91849e+09 2.10241e+11 8.9629e+12 4.48805e+14 3.83489e+16 1.34916e+17 2.76975e+17 4.42117e+17 6.02057e+17 7.28221e+17 7.97657e+17 7.97657e+17 7.28221e+17 6.02057e+17 4.42117e+17 2.76975e+17 1.34916e+17 3.83489e+16 4.48805e+14 8.9629e+12 2.10241e+11 4.91849e+09 1.14657e+08 2.55051e+06
4.08742e+06 1.84236e+08 7.92174e+09 3.39246e+11 1.44835e+13 7.25002e+14 6.13265e+16 2.15557e+17 4.42304e+17 7.05778e+17 9.60873e+17 1.16206e+18 1.27277e+18 1.27277e+18 1.16206e+18 9.60873e+17 7.05778e+17 4.42304e+17 2.15557e+17 6.13265e+16 7.25002e+14 1.44835e+13 3.39246e+11 7.92174e+09 1.84236e+08 4.08742e+06
5.5872e+06 2.52069e+08 1.08475e+10 4.64866e+11 1.98585e+13 9.93783e+14 8.35837e+16 2.93632e+17 6.02319e+17 9.60888e+17 1.30797e+18 1.58166e+18 1.73226e+18 1.73226e+18 1.58166e+18 1.30797e+18 9.60888e+17 6.02319e+17 2.93632e+17 8.35837e+16 9.93783e+14 1.98585e+13 4.64866e+11 1.08475e+10 2.52069e+08 5.5872e+06
6.77276e+06 3.05675e+08 1.3159e+10 5.64103e+11 2.41043e+13 1.20604e+15 1.01132e+17 3.55177e+17 7.28432e+17 1.16191e+18 1.58144e+18 1.91222e+18 2.09421e+18 2.09421e+18 1.91222e+18 1.58144e+18 1.16191e+18 7.28432e+17 3.55177e+17 1.01132e+17 1.20604e+15 2.41043e+13 5.64103e+11 1.3159e+10 3.05675e+08 6.77276e+06
7.42541e+06 3.35181e+08 1.44313e+10 6.18716e+11 2.64406e+13 1.32281e+15 1.10784e+17 3.89027e+17 7.9779e+17 1.27246e+18 1.73181e+18 2.09397e+18 2.29322e+18 2.29322e+18 2.09397e+18 1.73181e+18 1.27246e+18 7.9779e+17 3.89027e+17 1.10784e+17 1.32281e+15 2.64406e+13 6.18716e+11 1.44313e+10 3.35181e+08 7.42541e+06
7.42541e+06 3.35181e+08 1.44313e+10 6.18716e+11 2.64406e+13 1.32281e+15 1.10784e+17 3.89027e+17 7.9779e+17 1.27246e+18 1.73181e+18 2.09397e+18 2.29322e+18 2.29322e+18 2.09397e+18 1.73181e+18 1.27246e+18 7.9779e+17 3.89027e+17 1.10784e+17 1.32281e+15 2.64406e+13 6.18716e+11 1.44313e+10 3.35181e+08 7.42541e+06
6.77276e+06 3.05675e+08 1.3159e+10 5.64103e+11 2.41043e+13 1.20604e+15 1.01132e+17 3.55177e+17 7.28432e+17 1.16191e+18 1.58144e+18 1.91222e+18 2.09421e+18 2.09421e+18 1.91222e+18 1.58144e+18 1.16191e+18 7.28432e+17 3.55177e+17 1.01132e+17 1.20604e+15 2.41043e+13 5.64103e+11 1.3159e+10 3.05675e+08 6.77276e+06
5.5872e+06 2.52069e+08 1.08475e+10 4.64866e+11 1.98585e+13 9.93783e+14 8.35837e+16 2.93632e+17 6.02319e+17 9.60888e+17 1.30797e+18 1.58166e+18 1.73226e+18 1.73226e+18 1.58166e+18 1.30797e+18 9.60888e+17 6.02319e+17 2.93632e+17 8.35837e+16 9.93783e+14 1.98585e+13 4.64866e+11 1.08475e+10 2.52069e+08 5.5872e+06
4.08742e+06 1.84236e+08 7.92174e+09 3.39246e+11 1.44835e+13 7.25002e+14 6.13265e+16 2.15557e+17 4.42304e+17 7.05778e+17 9.60873e+17 1.16206e+18 1.27277e+18 1.27277e+18 1.16206e+18 9.60873e+17 7.05778e+17 4.42304e+17 2.15557e+17 6.13265e+16 7.25002e+14 1.44835e+13 3.39246e+11 7.92174e+09 1.84236e+08 4.08742e+06
2.55051e+06 1.14657e+08 4.91849e+09 2.10241e+11 8.9629e+12 4.48805e+14 3.83489e+16 1.34916e+17 2.76975e+17 4.42117e+17 6.02057e+17 7.28221e+17 7.97657e+17 7.97657e+17 7.28221e+17 6.02057e+17 4.42117e+17 2.76975e+17 1.34916e+17 3.83489e+16 4.48805e+14 8.9629e+12 2.10241e+11 4.91849e+09 1.14657e+08 2.55051e+06
1.25655e+06 5.59297e+07 2.37725e+09 1.00843e+11 4.2747e+12 2.13866e+14 1.86124e+16 6.55839e+16 1.34748e+17 2.15199e+17 2.93145e+17 3.54642e+17 3.88491e+17 3.88491e+17 3.54642e+17 2.93145e+17 2.15199e+17 1.34748e+17 6.55839e+16 1.86124e+16 2.13866e+14 4.2747e+12 1.00843e+11 2.37725e+09 5.59297e+07 1.25655e+06
417629 1.77953e+07 7.21486e+08 2.91972e+10 1.18525e+12 5.78366e+13 5.24552e+15 1.85458e+16 3.81648e+16 6.10088e+16 8.31533e+16 1.00629e+17 1.10249e+17 1.10249e+17 1.00629e+17 8.31533e+16 6.10088e+16 3.81648e+16 1.85458e+16 5.24552e+15 5.78366e+13 1.18525e+12 2.91972e+10 7.21486e+08 1.77953e+07 417629
70696.7 2.47783e+06 7.57424e+07 2.00294e+09 3.9467e+10 5.68056e+11 5.49677e+13 2.02952e+14 4.25881e+14 6.88311e+14 9.44159e+14 1.14657e+15 1.25808e+15 1.25808e+15 1.14657e+15 9.44159e+14 6.88311e+14 4.25881e+14 2.02952e+14 5.49677e+13 5.68056e+11 3.9467e+10 2.00294e+09 7.57424e+07 2.47783e+06 70696.7
7516.67 214468 5.06134e+06 1.00149e+08 1.6828e+09 3.76501e+10 1.11627e+12 4.02277e+12 8.43677e+12 1.36423e+13 1.87204e+13 2.27391e+13 2.49534e+13 2.49534e+13 2.27391e+13 1.87204e+13 1.36423e+13 8.43677e+12 4.02277e+12 1.11627e+12 3.76501e+10 1.6828e+09 1.00149e+08 5.06134e+06 214468 7516.67
602.186 14622 294114 5.34403e+06 9.70373e+07 1.9e+09 2.74989e+10 9.4909e+10 1.97919e+11 3.19573e+11 4.38252e+11 5.32175e+11 5.83929e+11 5.83929e+11 5.32175e+11 4.38252e+11 3.19573e+11 1.97919e+11 9.4909e+10 2.74989e+10 1.9e+09 9.70373e+07 5.34403e+06 294114 14622 602.186
40.9137 891.368 16470.3 287315 4.84338e+06 7.16697e+07 6.79525e+08 2.23756e+09 4.63069e+09 7.46299e+09 1.02271e+10 1.24147e+10 1.36202e+10 1.36202e+10 1.24147e+10 1.02271e+10 7.46299e+09 4.63069e+09 2.23756e+09 6.79525e+08 7.16697e+07 4.84338e+06 287315 16470.3 891.368 40.9137
2.50607 50.6477 875.013 14096.3 204081 2.34135e+06 1.67603e+07 5.26477e+07 1.07958e+08 1.73581e+08 2.37667e+08 2.88395e+08 3.16351e+08 3.16351e+08 2.88395e+08 2.37667e+08 1.73581e+08 1.07958e+08 5.26477e+07 1.67603e+07 2.34135e+06 204081 14096.3 875.013 50.6477 2.50607
0.129885 2.47 39.6888 576.425 7131.7 66746.7 393334 1.1829e+06 2.4017e+06 3.85131e+06 5.26825e+06 6.3901e+06 7.00839e+06 7.00839e+06 6.3901e+06 5.26825e+06 3.85131e+06 2.4017e+06 1.1829e+06 393334 66746.7 7131.7 576.425 39.6889 2.47 0.129885
