0.0122968 0.231816 3.69644 53.3582 656.391 6103.86 35688 106239 213359 338754 459751 554693 606750 606750 554693 459751 338754 213359 106239 35688 6103.86 656.391 53.3582 3.69644 0.231816 0.0122968
0.234443 4.69105 80.3743 1287.73 18566.3 211980 1.50707e+06 4.68503e+06 9.49837e+06 1.51152e+07 2.05283e+07 2.47744e+07 2.71024e+07 2.71024e+07 2.47744e+07 2.05283e+07 1.51152e+07 9.49837e+06 4.68503e+06 1.50707e+06 211980 18566.3 1287.73 80.3743 4.69105 0.234443
3.78516 81.5371 1491.8 25871.8 435161 6.42582e+06 6.06131e+07 1.9746e+08 4.03804e+08 6.43817e+08 8.74894e+08 1.05611e+09 1.15546e+09 1.15546e+09 1.05611e+09 8.74894e+08 6.43817e+08 4.03804e+08 1.9746e+08 6.06131e+07 6.42582e+06 435161 25871.8 1491.8 81.5371 3.78516
55.2274 1325.02 26342.1 474599 8.60124e+06 1.68833e+08 2.43824e+09 8.32161e+09 1.7137e+10 2.73616e+10 3.71991e+10 4.49132e+10 4.91424e+10 4.91424e+10 4.49132e+10 3.71991e+10 2.73616e+10 1.7137e+10 8.32161e+09 2.43824e+09 1.68833e+08 8.60124e+06 474599 26342.1 1325.02 55.2274
684.621 19310.6 450318 8.80933e+06 1.46794e+08 3.31117e+09 9.85987e+10 3.51129e+11 7.26705e+11 1.16142e+12 1.57956e+12 1.90744e+12 2.0872e+12 2.0872e+12 1.90744e+12 1.57956e+12 1.16142e+12 7.26705e+11 3.51129e+11 9.85987e+10 3.31117e+09 1.46794e+08 8.80933e+06 450318 19310.6 684.621
6398.65 221987 6.71716e+06 1.75903e+08 3.42368e+09 4.86333e+10 4.84024e+12 1.76532e+13 3.65446e+13 5.83678e+13 7.93478e+13 9.57959e+13 1.04813e+14 1.04813e+14 9.57959e+13 7.93478e+13 5.83678e+13 3.65446e+13 1.76532e+13 4.84024e+12 4.86333e+10 3.42368e+09 1.75903e+08 6.71716e+06 221987 6398.65
37531.1 1.58502e+06 6.37541e+07 2.5649e+09 1.03739e+11 5.06541e+12 4.61323e+14 1.61569e+15 3.28949e+15 5.20795e+15 7.0449e+15 8.4824e+15 9.26989e+15 9.26989e+15 8.4824e+15 7.0449e+15 5.20795e+15 3.28949e+15 1.61569e+15 4.61323e+14 5.06541e+12 1.03739e+11 2.5649e+09 6.37541e+07 1.58502e+06 37531.1
111787 4.9306e+06 2.0785e+08 8.76132e+09 3.69761e+11 1.8496e+13 1.62043e+15 5.65955e+15 1.15095e+16 1.82106e+16 2.46251e+16 2.96442e+16 3.23936e+16 3.23936e+16 2.96442e+16 2.46251e+16 1.82106e+16 1.15095e+16 5.65955e+15 1.62043e+15 1.8496e+13 3.69761e+11 8.76132e+09 2.0785e+08 4.9306e+06 111787
224402 9.99172e+06 4.24857e+08 1.80339e+10 7.64887e+11 3.82749e+13 3.30141e+15 1.15177e+16 2.34117e+16 3.70327e+16 5.00693e+16 6.0269e+16 6.58563e+16 6.58563e+16 6.0269e+16 5.00693e+16 3.70327e+16 2.34117e+16 1.15177e+16 3.30141e+15 3.82749e+13 7.64887e+11 1.80339e+10 4.24857e+08 9.99172e+06 224402
355980 1.58862e+07 6.76765e+08 2.87666e+10 1.22126e+12 6.10773e+13 5.22659e+15 1.82234e+16 3.70326e+16 5.85692e+16 7.91797e+16 9.53042e+16 1.04137e+17 1.04137e+17 9.53042e+16 7.91797e+16 5.85692e+16 3.70326e+16 1.82234e+16 5.22659e+15 6.10773e+13 1.22126e+12 2.87666e+10 6.76765e+08 1.58862e+07 355980
482670 2.15543e+07 9.18734e+08 3.90682e+10 1.65914e+12 8.29462e+13 7.06771e+15 2.46349e+16 5.00543e+16 7.91566e+16 1.07005e+17 1.28791e+17 1.40724e+17 1.40724e+17 1.28791e+17 1.07005e+17 7.91566e+16 5.00543e+16 2.46349e+16 7.06771e+15 8.29462e+13 1.65914e+12 3.90682e+10 9.18734e+08 2.15543e+07 482670
581879 2.59911e+07 1.10809e+09 4.71283e+10 2.00172e+12 1.00053e+14 8.50666e+15 2.96456e+16 6.02306e+16 9.52444e+16 1.28748e+17 1.54957e+17 1.69313e+17 1.69313e+17 1.54957e+17 1.28748e+17 9.52444e+16 6.02306e+16 2.96456e+16 8.50666e+15 1.00053e+14 2.00172e+12 4.71283e+10 1.10809e+09 2.59911e+07 581879
636199 2.84201e+07 1.21174e+09 5.15402e+10 2.18923e+12 1.09415e+14 9.29421e+15 3.2388e+16 6.58001e+16 1.04049e+17 1.40648e+17 1.69277e+17 1.84959e+17 1.84959e+17 1.69277e+17 1.40648e+17 1.04049e+17 6.58001e+16 3.2388e+16 9.29421e+15 1.09415e+14 2.18923e+12 5.15402e+10 1.21174e+09 2.84201e+07 636199
636199 2.84201e+07 1.21174e+09 5.15402e+10 2.18923e+12 1.09415e+14 9.29421e+15 3.2388e+16 6.58001e+16 1.04049e+17 1.40648e+17 1.69277e+17 1.84959e+17 1.84959e+17 1.69277e+17 1.40648e+17 1.04049e+17 6.58001e+16 3.2388e+16 9.29421e+15 1.09415e+14 2.18923e+12 5.15402e+10 1.21174e+09 2.84201e+07 636199
581879 2.59911e+07 1.10809e+09 4.71283e+10 2.00172e+12 1.00053e+14 8.50666e+15 2.96456e+16 6.02306e+16 9.52444e+16 1.28748e+17 1.54957e+17 1.69313e+17 1.69313e+17 1.54957e+17 1.28748e+17 9.52444e+16 6.02306e+16 2.96456e+16 8.50666e+15 1.00053e+14 2.00172e+12 4.71283e+10 1.10809e+09 2.59911e+07 581879
482670 2.15543e+07 9.18734e+08 3.90682e+10 1.65914e+12 8.29462e+13 7.06771e+15 2.46349e+16 5.00543e+16 7.91566e+16 1.07005e+17 1.28791e+17 1.40724e+17 1.40724e+17 1.28791e+17 1.07005e+17 7.91566e+16 5.00543e+16 2.46349e+16 7.06771e+15 8.29462e+13 1.65914e+12 3.90682e+10 9.18734e+08 2.15543e+07 482670
355980 1.58862e+07 6.76765e+08 2.87666e+10 1.22126e+12 6.10773e+13 5.22659e+15 1.82234e+16 3.70326e+16 5.85692e+16 7.91797e+16 9.53042e+16 1.04137e+17 1.04137e+17 9.53042e+16 7.91797e+16 5.85692e+16 3.70326e+16 1.82234e+16 5.22659e+15 6.10773e+13 1.22126e+12 2.87666e+10 6.76765e+08 1.58862e+07 355980
224402 9.99172e+06 4.24857e+08 1.80339e+10 7.64887e+11 3.82749e+13 3.30141e+15 1.15177e+16 2.34117e+16 3.70327e+16 5.00693e+16 6.0269e+16 6.58563e+16 6.58563e+16 6.0269e+16 5.00693e+16 3.70327e+16 2.34117e+16 1.15177e+16 3.30141e+15 3.82749e+13 7.64887e+11 1.80339e+10 4.24857e+08 9.99172e+06 224402
111787 4.9306e+06 2.0785e+08 8.76132e+09 3.69761e+11 1.8496e+13 1.62043e+15 5.65955e+15 1.15095e+16 1.82106e+16 2.46251e+16 2.96442e+16 3.23936e+16 3.23936e+16 2.96442e+16 2.46251e+16 1.82106e+16 1.15095e+16 5.65955e+15 1.62043e+15 1.8496e+13 3.69761e+11 8.76132e+09 2.0785e+08 4.9306e+06 111787
37531.1 1.58502e+06 6.37541e+07 2.5649e+09 1.03739e+11 5.06541e+12 4.61323e+14 1.61569e+15 3.28949e+15 5.20795e+15 7.0449e+15 8.4824e+15 9.26989e+15 9.26989e+15 8.4824e+15 7.0449e+15 5.20795e+15 3.28949e+15 1.61569e+15 4.61323e+14 5.06541e+12 1.03739e+11 2.5649e+09 6.37541e+07 1.58502e+06 37531.1
6398.65 221987 6.71716e+06 1.75903e+08 3.42368e+09 4.86333e+10 4.84024e+12 1.76532e+13 3.65446e+13 5.83678e+13 7.93478e+13 9.57959e+13 1.04813e+14 1.04813e+14 9.57959e+13 7.93478e+13 5.83678e+13 3.65446e+13 1.76532e+13 4.84024e+12 4.86333e+10 3.42368e+09 1.75903e+08 6.71716e+06 221987 6398.65
684.621 19310.6 450318 8.80933e+06 1.46794e+08 3.31117e+09 9.85987e+10 3.51129e+11 7.26705e+11 1.16142e+12 1.57956e+12 1.90744e+12 2.0872e+12 2.0872e+12 1.90744e+12 1.57956e+12 1.16142e+12 7.26705e+11 3.51129e+11 9.85987e+10 3.31117e+09 1.46794e+08 8.80933e+06 450318 19310.6 684.621
55.2274 1325.02 26342 474599 8.60124e+06 1.68833e+08 2.43824e+09 8.32161e+09 1.7137e+10 2.73616e+10 3.71991e+10 4.49132e+10 4.91424e+10 4.91424e+10 4.49132e+10 3.71991e+10 2.73616e+10 1.7137e+10 8.32161e+09 2.43824e+09 1.68833e+08 8.60124e+06 474599 26342.1 1325.02 55.2274
3.78516 81.5371 1491.8 25871.8 435161 6.42582e+06 6.06131e+07 1.9746e+08 4.03804e+08 6.43817e+08 8.74894e+08 1.05611e+09 1.15546e+09 1.15546e+09 1.05611e+09 8.74894e+08 6.43817e+08 4.03804e+08 1.9746e+08 6.06131e+07 6.42582e+06 435161 25871.8 1491.8 81.5371 3.78516
0.234443 4.69105 80.3743 1287.73 18566.3 211980 1.50707e+06 4.68503e+06 9.49837e+06 1.51152e+07 2.05283e+07 2.47744e+07 2.71024e+07 2.71024e+07 2.47744e+07 2.05283e+07 1.51152e+07 9.49837e+06 4.68503e+06 1.50707e+06 211980 18566.3 1287.73 80.3743 4.69105 0.234443
0.0122968 0.231816 3.69644 53.3582 656.391 6103.86 35688 106239 213359 338754 459751 554693 606750 606750 554693 459751 338754 213359 106239 35688 6103.86 656.391 53.3582 3.69644 0.231816 0.0122968
