0.206036 3.90306 62.4238 902.341 11112.9 103533 606981 1.81208e+06 3.64736e+06 5.79773e+06 7.86988e+06 9.49154e+06 1.03786e+07 1.03786e+07 9.49154e+06 7.86988e+06 5.79773e+06 3.64736e+06 1.81208e+06 606981 103533 11112.9 902.341 62.4238 3.90306 0.206036
3.9607 79.8093 1373.51 22035.8 317698 3.62968e+06 2.58607e+07 8.06412e+07 1.63906e+08 2.61186e+08 3.54809e+08 4.28042e+08 4.68088e+08 4.68088e+08 4.28042e+08 3.54809e+08 2.61186e+08 1.63906e+08 8.06412e+07 2.58607e+07 3.62968e+06 317698 22035.8 1373.51 79.8093 3.9607
64.3733 1399.49 25779.3 448129 7.52582e+06 1.1094e+08 1.04747e+09 3.42359e+09 7.02106e+09 1.12113e+10 1.52396e+10 1.8389e+10 2.01109e+10 2.01109e+10 1.8389e+10 1.52396e+10 1.12113e+10 7.02106e+09 3.42359e+09 1.04747e+09 1.1094e+08 7.52582e+06 448129 25779.3 1399.49 64.3733
943.16 22867.9 458870 8.3147e+06 1.50494e+08 2.9365e+09 4.23497e+10 1.4505e+11 2.9964e+11 4.79212e+11 6.51699e+11 7.86504e+11 8.60184e+11 8.60184e+11 7.86504e+11 6.51699e+11 4.79212e+11 2.9964e+11 1.4505e+11 4.23497e+10 2.9365e+09 1.50494e+08 8.3147e+06 458870 22867.9 943.16
11719.8 334069 7.86899e+06 1.55387e+08 2.60518e+09 5.81136e+10 1.71822e+12 6.14273e+12 1.27567e+13 2.0424e+13 2.77849e+13 3.35358e+13 3.66781e+13 3.66781e+13 3.35358e+13 2.77849e+13 2.0424e+13 1.27567e+13 6.14273e+12 1.71822e+12 5.81136e+10 2.60518e+09 1.55387e+08 7.86899e+06 334069 11719.8
109725 3.8437e+06 1.17324e+08 3.09782e+09 6.0963e+10 8.76558e+11 8.46289e+13 3.09942e+14 6.44003e+14 1.03061e+15 1.40162e+15 1.69144e+15 1.84979e+15 1.84979e+15 1.69144e+15 1.40162e+15 1.03061e+15 6.44003e+14 3.09942e+14 8.46289e+13 8.76558e+11 6.0963e+10 3.09782e+09 1.17324e+08 3.8437e+06 109725
644776 2.74724e+07 1.11283e+09 4.49961e+10 1.82583e+12 8.91128e+13 8.07204e+15 2.83807e+16 5.80045e+16 9.20876e+16 1.24766e+17 1.5033e+17 1.64323e+17 1.64323e+17 1.5033e+17 1.24766e+17 9.20876e+16 5.80045e+16 2.83807e+16 8.07204e+15 8.91128e+13 1.82583e+12 4.49961e+10 1.11283e+09 2.74724e+07 644776
1.92524e+06 8.56885e+07 3.6384e+09 1.54175e+11 6.53026e+12 3.26735e+14 2.84733e+16 9.98163e+16 2.03749e+17 3.2326e+17 4.37828e+17 5.27457e+17 5.76522e+17 5.76522e+17 5.27457e+17 4.37828e+17 3.2326e+17 2.03749e+17 9.98163e+16 2.84733e+16 3.26735e+14 6.53026e+12 1.54175e+11 3.6384e+09 8.56885e+07 1.92524e+06
3.8725e+06 1.74046e+08 7.4564e+09 3.18265e+11 1.35516e+13 6.78582e+14 5.82376e+16 2.03908e+17 4.15986e+17 6.59764e+17 8.93414e+17 1.07619e+18 1.17625e+18 1.17625e+18 1.07619e+18 8.93414e+17 6.59764e+17 4.15986e+17 2.03908e+17 5.82376e+16 6.78582e+14 1.35516e+13 3.18265e+11 7.4564e+09 1.74046e+08 3.8725e+06
6.14906e+06 2.7704e+08 1.18931e+10 5.08409e+11 2.16709e+13 1.0848e+15 9.24459e+16 3.23485e+17 6.59713e+17 1.04608e+18 1.41633e+18 1.70593e+18 1.86445e+18 1.86445e+18 1.70593e+18 1.41633e+18 1.04608e+18 6.59713e+17 3.23485e+17 9.24459e+16 1.0848e+15 2.16709e+13 5.08409e+11 1.18931e+10 2.7704e+08 6.14906e+06
8.33725e+06 3.75902e+08 1.61466e+10 6.90534e+11 2.94428e+13 1.47351e+15 1.25189e+17 4.37932e+17 8.92949e+17 1.41571e+18 1.91656e+18 2.30827e+18 2.52266e+18 2.52266e+18 2.30827e+18 1.91656e+18 1.41571e+18 8.92949e+17 4.37932e+17 1.25189e+17 1.47351e+15 2.94428e+13 6.90534e+11 1.61466e+10 3.75902e+08 8.33725e+06
1.00457e+07 4.53042e+08 1.94636e+10 8.3249e+11 3.54977e+13 1.77631e+15 1.50759e+17 5.27318e+17 1.07511e+18 1.70435e+18 2.30716e+18 2.77854e+18 3.03653e+18 3.03653e+18 2.77854e+18 2.30716e+18 1.70435e+18 1.07511e+18 5.27318e+17 1.50759e+17 1.77631e+15 3.54977e+13 8.3249e+11 1.94636e+10 4.53042e+08 1.00457e+07
1.09785e+07 4.95151e+08 2.12738e+10 9.09929e+11 3.87995e+13 1.94142e+15 1.64737e+17 5.76189e+17 1.1747e+18 1.86216e+18 2.52068e+18 3.03562e+18 3.31743e+18 3.31743e+18 3.03562e+18 2.52068e+18 1.86216e+18 1.1747e+18 5.76189e+17 1.64737e+17 1.94142e+15 3.87995e+13 9.09929e+11 2.12738e+10 4.95151e+08 1.09785e+07
1.09785e+07 4.95151e+08 2.12738e+10 9.09929e+11 3.87995e+13 1.94142e+15 1.64737e+17 5.76189e+17 1.1747e+18 1.86216e+18 2.52068e+18 3.03562e+18 3.31743e+18 3.31743e+18 3.03562e+18 2.52068e+18 1.86216e+18 1.1747e+18 5.76189e+17 1.64737e+17 1.94142e+15 3.87995e+13 9.09929e+11 2.12738e+10 4.95151e+08 1.09785e+07
1.00457e+07 4.53042e+08 1.94636e+10 8.3249e+11 3.54977e+13 1.77631e+15 1.50759e+17 5.27318e+17 1.07511e+18 1.70435e+18 2.30716e+18 2.77854e+18 3.03653e+18 3.03653e+18 2.77854e+18 2.30716e+18 1.70435e+18 1.07511e+18 5.27318e+17 1.50759e+17 1.77631e+15 3.54977e+13 8.3249e+11 1.94636e+10 4.53042e+08 1.00457e+07
8.33725e+06 3.75902e+08 1.61466e+10 6.90534e+11 2.94428e+13 1.47351e+15 1.25189e+17 4.37932e+17 8.92949e+17 1.41571e+18 1.91656e+18 2.30827e+18 2.52266e+18 2.52266e+18 2.30827e+18 1.91656e+18 1.41571e+18 8.92949e+17 4.37932e+17 1.25189e+17 1.47351e+15 2.94428e+13 6.90534e+11 1.61466e+10 3.75902e+08 8.33725e+06
6.14906e+06 2.7704e+08 1.18931e+10 5.08409e+11 2.16709e+13 1.0848e+15 9.24459e+16 3.23485e+17 6.59713e+17 1.04608e+18 1.41633e+18 1.70593e+18 1.86445e+18 1.86445e+18 1.70593e+18 1.41633e+18 1.04608e+18 6.59713e+17 3.23485e+17 9.24459e+16 1.0848e+15 2.16709e+13 5.08409e+11 1.18931e+10 2.7704e+08 6.14906e+06
3.8725e+06 1.74046e+08 7.4564e+09 3.18265e+11 1.35516e+13 6.78582e+14 5.82376e+16 2.03908e+17 4.15986e+17 6.59764e+17 8.93414e+17 1.07619e+18 1.17625e+18 1.17625e+18 1.07619e+18 8.93414e+17 6.59764e+17 4.15986e+17 2.03908e+17 5.82376e+16 6.78582e+14 1.35516e+13 3.18265e+11 7.4564e+09 1.74046e+08 3.8725e+06
1.92524e+06 8.56885e+07 3.6384e+09 1.54175e+11 6.53026e+12 3.26735e+14 2.84733e+16 9.98163e+16 2.03749e+17 3.2326e+17 4.37828e+17 5.27457e+17 5.76522e+17 5.76522e+17 5.27457e+17 4.37828e+17 3.2326e+17 2.03749e+17 9.98163e+16 2.84733e+16 3.26735e+14 6.53026e+12 1.54175e+11 3.6384e+09 8.56885e+07 1.92524e+06
644776 2.74724e+07 1.11283e+09 4.49961e+10 1.82583e+12 8.91128e+13 8.07204e+15 2.83807e+16 5.80045e+16 9.20876e+16 1.24766e+17 1.5033e+17 1.64323e+17 1.64323e+17 1.5033e+17 1.24766e+17 9.20875e+16 5.80045e+16 2.83807e+16 8.07204e+15 8.91128e+13 1.82583e+12 4.49961e+10 1.11283e+09 2.74724e+07 644776
109725 3.8437e+06 1.17324e+08 3.09782e+09 6.0963e+10 8.76558e+11 8.46289e+13 3.09942e+14 6.44003e+14 1.03061e+15 1.40162e+15 1.69144e+15 1.84979e+15 1.84979e+15 1.69144e+15 1.40162e+15 1.03061e+15 6.44003e+14 3.09942e+14 8.46289e+13 8.76558e+11 6.0963e+10 3.09782e+09 1.17324e+08 3.8437e+06 109725
11719.8 334069 7.86899e+06 1.55387e+08 2.60518e+09 5.81136e+10 1.71822e+12 6.14273e+12 1.27567e+13 2.0424e+13 2.77849e+13 3.35358e+13 3.66781e+13 3.66781e+13 3.35358e+13 2.77849e+13 2.0424e+13 1.27567e+13 6.14273e+12 1.71822e+12 5.81136e+10 2.60518e+09 1.55387e+08 7.86899e+06 334069 11719.8
943.16 22867.9 458870 8.3147e+06 1.50494e+08 2.9365e+09 4.23497e+10 1.4505e+11 2.9964e+11 4.79212e+11 6.51699e+11 7.86504e+11 8.60184e+11 8.60184e+11 7.86504e+11 6.51699e+11 4.79212e+11 2.9964e+11 1.4505e+11 4.23497e+10 2.9365e+09 1.50494e+08 8.3147e+06 458870 22867.9 943.16
64.3733 1399.49 25779.3 448129 7.52582e+06 1.1094e+08 1.04747e+09 3.42359e+09 7.02106e+09 1.12113e+10 1.52396e+10 1.8389e+10 2.01109e+10 2.01109e+10 1.8389e+10 1.52396e+10 1.12113e+10 7.02106e+09 3.42359e+09 1.04747e+09 1.1094e+08 7.52582e+06 448129 25779.3 1399.49 64.3733
3.9607 79.8093 1373.51 22035.8 317698 3.62968e+06 2.58607e+07 8.06412e+07 1.63906e+08 2.61186e+08 3.54809e+08 4.28042e+08 4.68088e+08 4.68088e+08 4.28042e+08 3.54809e+08 2.61186e+08 1.63906e+08 8.06412e+07 2.58607e+07 3.62968e+06 317698 22035.8 1373.51 79.8093 3.9607
0.206036 3.90306 62.4238 902.341 11112.9 103533 606981 1.81208e+06 3.64736e+06 5.79773e+06 7.86988e+06 9.49154e+06 1.03786e+07 1.03786e+07 9.49154e+06 7.86988e+06 5.79773e+06 3.64736e+06 1.81208e+06 606981 103533 11112.9 902.341 62.4238 3.90306 0.206036
