4.57635e-06 8.54599e-05 0.00134484 0.0191234 0.231935 2.13235 12.3639 36.5589 72.9402 115.115 155.473 186.948 204.144 204.144 186.948 155.473 115.115 72.9402 36.5589 12.3639 2.13235 0.231935 0.0191234 0.00134484 8.54599e-05 4.57635e-06
8.71666e-05 0.00173178 0.0293293 0.462511 6.55609 73.8165 519.873 1604.69 3230.72 5108.57 6902.56 8300.87 9064.66 9064.66 8300.87 6902.56 5108.57 3230.72 1604.69 519.873 73.8165 6.55609 0.462511 0.0293293 0.00173178 8.71666e-05
0.00140171 0.0300822 0.54644 9.34649 154.093 2233.69 20834.4 67365.9 136748 216567 292714 352040 384441 384441 352040 292714 216567 136748 67365.9 20834.4 2233.69 154.093 9.34649 0.54644 0.0300822 0.00140171
0.0202915 0.486225 9.65228 172.886 3075.09 58754.2 835918 2.83052e+06 5.78363e+06 9.16925e+06 1.23958e+07 1.4909e+07 1.62814e+07 1.62814e+07 1.4909e+07 1.23958e+07 9.16925e+06 5.78363e+06 2.83052e+06 835918 58754.2 3075.09 172.886 9.65228 0.486225 0.0202915
0.248874 7.01157 163.675 3213.5 53507.8 1.16265e+06 3.37493e+07 1.19189e+08 2.44651e+08 3.88111e+08 5.24751e+08 6.31162e+08 6.8927e+08 6.8927e+08 6.31162e+08 5.24751e+08 3.88111e+08 2.44651e+08 1.19189e+08 3.37493e+07 1.16265e+06 53507.8 3213.5 163.675 7.01157 0.248874
2.29995 79.5736 2405.71 63176.7 1.24561e+06 1.79995e+07 1.66223e+09 6.00856e+09 1.23327e+10 1.95485e+10 2.64174e+10 3.17657e+10 3.46861e+10 3.46861e+10 3.17657e+10 2.64174e+10 1.95485e+10 1.23327e+10 6.00856e+09 1.66223e+09 1.79995e+07 1.24561e+06 63176.7 2405.71 79.5736 2.29995
13.356 561.578 22505.7 902987 3.64587e+07 1.77011e+09 1.58368e+11 5.51206e+11 1.11503e+12 1.75498e+12 2.36282e+12 2.83574e+12 3.09393e+12 3.09393e+12 2.83574e+12 2.36282e+12 1.75498e+12 1.11503e+12 5.51206e+11 1.58368e+11 1.77011e+09 3.64587e+07 902987 22505.7 561.578 13.356
39.4926 1733.49 72774.6 3.05787e+06 1.28768e+08 6.40649e+09 5.5325e+11 1.921e+12 3.88246e+12 6.10797e+12 8.22155e+12 9.86592e+12 1.07637e+13 1.07637e+13 9.86592e+12 8.22155e+12 6.10797e+12 3.88246e+12 1.921e+12 5.5325e+11 6.40649e+09 1.28768e+08 3.05787e+06 72774.6 1733.49 39.4926
78.7548 3488.28 147651 6.24484e+06 2.64165e+08 1.31469e+10 1.12028e+12 3.88639e+12 7.85208e+12 1.23511e+13 1.66236e+13 1.99477e+13 2.17624e+13 2.17624e+13 1.99477e+13 1.66236e+13 1.23511e+13 7.85208e+12 3.88639e+12 1.12028e+12 1.31469e+10 2.64165e+08 6.24484e+06 147651 3488.28 78.7548
124.208 5512 233667 9.89311e+06 4.18747e+08 2.0827e+10 1.76357e+12 6.11546e+12 1.23538e+13 1.94307e+13 2.61513e+13 3.13798e+13 3.42343e+13 3.42343e+13 3.13798e+13 2.61513e+13 1.94307e+13 1.23538e+13 6.11546e+12 1.76357e+12 2.0827e+10 4.18747e+08 9.89311e+06 233667 5512 124.208
167.639 7442.4 315596 1.33644e+07 5.65734e+08 2.81262e+10 2.37411e+12 8.23083e+12 1.66258e+13 2.61489e+13 3.51924e+13 4.22281e+13 4.60693e+13 4.60692e+13 4.22281e+13 3.51924e+13 2.61489e+13 1.66258e+13 8.23083e+12 2.37411e+12 2.81262e+10 5.65734e+08 1.33644e+07 315596 7442.4 167.639
201.466 8945 379337 1.60642e+07 6.80031e+08 3.38013e+10 2.84873e+12 9.8753e+12 1.99468e+13 3.13716e+13 4.22209e+13 5.06615e+13 5.52697e+13 5.52698e+13 5.06615e+13 4.22209e+13 3.13716e+13 1.99468e+13 9.8753e+12 2.84873e+12 3.38013e+10 6.80031e+08 1.60642e+07 379337 8945 201.466
219.929 9764.97 414115 1.7537e+07 7.4238e+08 3.68969e+10 3.1077e+12 1.07726e+13 2.17589e+13 3.42214e+13 4.6056e+13 5.52633e+13 6.029e+13 6.029e+13 5.52633e+13 4.6056e+13 3.42214e+13 2.17588e+13 1.07726e+13 3.1077e+12 3.68969e+10 7.4238e+08 1.7537e+07 414115 9764.97 219.929
219.929 9764.97 414115 1.7537e+07 7.4238e+08 3.68969e+10 3.1077e+12 1.07726e+13 2.17588e+13 3.42214e+13 4.6056e+13 5.52633e+13 6.029e+13 6.029e+13 5.52633e+13 4.6056e+13 3.42214e+13 2.17589e+13 1.07726e+13 3.1077e+12 3.68969e+10 7.4238e+08 1.7537e+07 414115 9764.97 219.929
201.466 8945 379337 1.60642e+07 6.80031e+08 3.38013e+10 2.84873e+12 9.8753e+12 1.99468e+13 3.13716e+13 4.22209e+13 5.06615e+13 5.52698e+13 5.52697e+13 5.06615e+13 4.22209e+13 3.13716e+13 1.99468e+13 9.8753e+12 2.84873e+12 3.38013e+10 6.80031e+08 1.60642e+07 379337 8945 201.466
167.639 7442.4 315596 1.33644e+07 5.65734e+08 2.81262e+10 2.37411e+12 8.23083e+12 1.66258e+13 2.61489e+13 3.51924e+13 4.22281e+13 4.60692e+13 4.60693e+13 4.22281e+13 3.51924e+13 2.61489e+13 1.66258e+13 8.23083e+12 2.37411e+12 2.81262e+10 5.65734e+08 1.33644e+07 315596 7442.4 167.639
124.208 5512 233667 9.89311e+06 4.18747e+08 2.0827e+10 1.76357e+12 6.11546e+12 1.23538e+13 1.94307e+13 2.61513e+13 3.13798e+13 3.42343e+13 3.42343e+13 3.13798e+13 2.61513e+13 1.94307e+13 1.23538e+13 6.11546e+12 1.76357e+12 2.0827e+10 4.18747e+08 9.89311e+06 233667 5512 124.208
78.7548 3488.28 147651 6.24484e+06 2.64165e+08 1.31469e+10 1.12028e+12 3.88639e+12 7.85208e+12 1.23511e+13 1.66236e+13 1.99477e+13 2.17624e+13 2.17624e+13 1.99477e+13 1.66236e+13 1.23511e+13 7.85208e+12 3.88639e+12 1.12028e+12 1.31469e+10 2.64165e+08 6.24484e+06 147651 3488.28 78.7548
39.4926 1733.49 72774.6 3.05787e+06 1.28768e+08 6.40649e+09 5.5325e+11 1.921e+12 3.88246e+12 6.10797e+12 8.22155e+12 9.86592e+12 1.07637e+13 1.07637e+13 9.86592e+12 8.22155e+12 6.10797e+12 3.88246e+12 1.921e+12 5.5325e+11 6.40649e+09 1.28768e+08 3.05787e+06 72774.6 1733.49 39.4926
13.356 561.578 22505.7 902987 3.64587e+07 1.77011e+09 1.58368e+11 5.51206e+11 1.11503e+12 1.75498e+12 2.36282e+12 2.83574e+12 3.09393e+12 3.09393e+12 2.83574e+12 2.36282e+12 1.75498e+12 1.11503e+12 5.51206e+11 1.58368e+11 1.77011e+09 3.64587e+07 902987 22505.7 561.578 13.356
2.29995 79.5736 2405.71 63176.7 1.24561e+06 1.79995e+07 1.66223e+09 6.00856e+09 1.23327e+10 1.95485e+10 2.64174e+10 3.17657e+10 3.46861e+10 3.46861e+10 3.17657e+10 2.64174e+10 1.95485e+10 1.23327e+10 6.00856e+09 1.66223e+09 1.79995e+07 1.24561e+06 63176.7 2405.71 79.5736 2.29995
0.248874 7.01157 163.675 3213.5 53507.8 1.16265e+06 3.37493e+07 1.19189e+08 2.44651e+08 3.88111e+08 5.24751e+08 6.31162e+08 6.8927e+08 6.8927e+08 6.31162e+08 5.24751e+08 3.88111e+08 2.44651e+08 1.19189e+08 3.37493e+07 1.16265e+06 53507.8 3213.5 163.675 7.01157 0.248874
0.0202915 0.486225 9.65228 172.886 3075.09 58754.2 835918 2.83052e+06 5.78363e+06 9.16925e+06 1.23958e+07 1.4909e+07 1.62814e+07 1.62814e+07 1.4909e+07 1.23958e+07 9.16925e+06 5.78363e+06 2.83052e+06 835918 58754.2 3075.09 172.886 9.65228 0.486225 0.0202915
0.00140171 0.0300822 0.54644 9.34649 154.093 2233.69 20834.4 67365.9 136748 216567 292714 352040 384441 384441 352040 292714 216567 136748 67365.9 20834.4 2233.69 154.093 9.34649 0.54644 0.0300822 0.00140171
8.71666e-05 0.00173178 0.0293293 0.462511 6.55609 73.8165 519.873 1604.69 3230.72 5108.57 6902.56 8300.87 9064.66 9064.66 8300.87 6902.56 5108.57 3230.72 1604.69 519.873 73.8165 6.55609 0.462511 0.0293293 0.00173178 8.71666e-05
4.57635e-06 8.54599e-05 0.00134484 0.0191234 0.231935 2.13235 12.3639 36.5589 72.9402 115.115 155.473 186.948 204.144 204.144 186.948 155.473 115.115 72.9402 36.5589 12.3639 2.13235 0.231935 0.0191234 0.00134484 8.54599e-05 4.57635e-06
