12.5461 232.295 3593.35 49915.8 591176 5.3328e+06 3.05075e+07 8.90357e+07 1.74654e+08 2.70215e+08 3.57806e+08 4.23436e+08 4.58284e+08 4.58284e+08 4.23436e+08 3.57806e+08 2.70215e+08 1.74654e+08 8.90357e+07 3.05075e+07 5.3328e+06 591176 49915.8 3593.35 232.295 12.5461
241.047 4778.08 79941.6 1.23074e+06 1.69343e+07 1.85916e+08 1.28844e+09 3.92343e+09 7.76071e+09 1.20181e+10 1.59041e+10 1.88071e+10 2.03457e+10 2.03457e+10 1.88071e+10 1.59041e+10 1.20181e+10 7.76071e+09 3.92343e+09 1.28844e+09 1.85916e+08 1.69343e+07 1.23074e+06 79941.6 4778.08 241.047
3883.79 83836.3 1.52067e+06 2.5549e+07 4.06481e+08 5.68156e+09 5.18901e+10 1.65436e+11 3.29692e+11 5.10797e+11 6.7541e+11 7.98015e+11 8.62867e+11 8.62867e+11 7.98015e+11 6.7541e+11 5.10797e+11 3.29692e+11 1.65436e+11 5.18901e+10 5.68156e+09 4.06481e+08 2.5549e+07 1.52067e+06 83836.3 3883.79
55799.4 1.35248e+06 2.71539e+07 4.86747e+08 8.39921e+09 1.5174e+11 2.09226e+12 6.98225e+12 1.39956e+13 2.16824e+13 2.8642e+13 3.38101e+13 3.65383e+13 3.65383e+13 3.38101e+13 2.8642e+13 2.16824e+13 1.39956e+13 6.98225e+12 2.09226e+12 1.5174e+11 8.39921e+09 4.86747e+08 2.71539e+07 1.35248e+06 55799.4
674192 1.92167e+07 4.56007e+08 9.14431e+09 1.53946e+11 3.10175e+12 8.48635e+13 2.9526e+14 5.94066e+14 9.19862e+14 1.21378e+15 1.4314e+15 1.54604e+15 1.54604e+15 1.4314e+15 1.21378e+15 9.19862e+14 5.94066e+14 2.9526e+14 8.48635e+13 3.10175e+12 1.53946e+11 9.14431e+09 4.56007e+08 1.92167e+07 674192
6.11991e+06 2.13444e+08 6.52825e+09 1.74636e+11 3.58086e+12 5.43039e+13 4.23714e+15 1.50874e+16 3.03655e+16 4.70007e+16 6.20152e+16 7.31426e+16 7.90095e+16 7.90095e+16 7.31426e+16 6.20152e+16 4.70007e+16 3.03655e+16 1.50874e+16 4.23714e+15 5.43039e+13 3.58086e+12 1.74636e+11 6.52825e+09 2.13444e+08 6.11991e+06
3.49344e+07 1.4751e+09 5.93956e+10 2.39439e+12 9.70957e+13 4.6761e+15 4.02581e+17 1.39036e+18 2.78149e+18 4.31816e+18 5.73374e+18 6.80473e+18 7.37813e+18 7.37813e+18 6.80473e+18 5.73374e+18 4.31816e+18 2.78149e+18 1.39036e+18 4.02581e+17 4.6761e+15 9.70957e+13 2.39439e+12 5.93956e+10 1.4751e+09 3.49344e+07
1.01797e+08 4.48434e+09 1.89024e+11 7.97518e+12 3.37139e+14 1.6666e+16 1.39666e+18 4.81216e+18 9.61522e+18 1.49152e+19 1.97937e+19 2.34827e+19 2.54571e+19 2.54571e+19 2.34827e+19 1.97937e+19 1.49152e+19 9.61522e+18 4.81216e+18 1.39666e+18 1.6666e+16 3.37139e+14 7.97518e+12 1.89024e+11 4.48434e+09 1.01797e+08
1.99464e+08 8.86001e+09 3.76257e+11 1.59665e+13 6.7749e+14 3.35172e+16 2.79487e+18 9.61818e+18 1.91931e+19 2.97327e+19 3.94105e+19 4.67133e+19 5.06164e+19 5.06164e+19 4.67133e+19 3.94105e+19 2.97327e+19 1.91931e+19 9.61818e+18 2.79487e+18 3.35172e+16 6.7749e+14 1.59665e+13 3.76257e+11 8.86001e+09 1.99464e+08
3.08314e+08 1.37074e+10 5.82368e+11 2.47109e+13 1.04794e+15 5.18158e+16 4.33429e+18 1.49043e+19 2.97021e+19 4.59432e+19 6.08111e+19 7.20009e+19 7.79709e+19 7.79709e+19 7.20009e+19 6.08111e+19 4.59432e+19 2.97021e+19 1.49043e+19 4.33429e+18 5.18158e+16 1.04794e+15 2.47109e+13 5.82368e+11 1.37074e+10 3.08314e+08
4.07944e+08 1.81253e+10 7.69418e+11 3.2615e+13 1.38158e+15 6.82814e+16 5.7466e+18 1.97505e+19 3.93132e+19 6.07238e+19 8.02667e+19 9.49372e+19 1.0275e+20 1.0275e+20 9.49372e+19 8.02667e+19 6.07238e+19 3.93132e+19 1.97505e+19 5.7466e+18 6.82814e+16 1.38158e+15 3.2615e+13 7.69418e+11 1.81253e+10 4.07944e+08
4.82501e+08 2.14215e+10 9.08549e+11 3.84765e+13 1.62825e+15 8.04498e+16 6.81097e+18 2.34011e+19 4.65383e+19 7.18058e+19 9.48162e+19 1.12055e+20 1.21223e+20 1.21223e+20 1.12055e+20 9.48162e+19 7.18058e+19 4.65383e+19 2.34011e+19 6.81097e+18 8.04498e+16 1.62825e+15 3.84765e+13 9.08549e+11 2.14215e+10 4.82501e+08
5.22058e+08 2.3167e+10 9.82076e+11 4.15677e+13 1.75807e+15 8.68526e+16 7.37925e+18 2.53497e+19 5.03895e+19 7.77023e+19 1.02544e+20 1.21134e+20 1.31013e+20 1.31013e+20 1.21134e+20 1.02544e+20 7.77023e+19 5.03895e+19 2.53497e+19 7.37925e+18 8.68526e+16 1.75807e+15 4.15677e+13 9.82076e+11 2.3167e+10 5.22058e+08
5.22058e+08 2.3167e+10 9.82076e+11 4.15677e+13 1.75807e+15 8.68526e+16 7.37925e+18 2.53497e+19 5.03895e+19 7.77023e+19 1.02544e+20 1.21134e+20 1.31013e+20 1.31013e+20 1.21134e+20 1.02544e+20 7.77023e+19 5.03895e+19 2.53497e+19 7.37925e+18 8.68526e+16 1.75807e+15 4.15677e+13 9.82076e+11 2.3167e+10 5.22058e+08
4.82501e+08 2.14215e+10 9.08549e+11 3.84765e+13 1.62825e+15 8.04498e+16 6.81097e+18 2.34011e+19 4.65383e+19 7.18058e+19 9.48162e+19 1.12055e+20 1.21223e+20 1.21223e+20 1.12055e+20 9.48162e+19 7.18058e+19 4.65383e+19 2.34011e+19 6.81097e+18 8.04498e+16 1.62825e+15 3.84765e+13 9.08549e+11 2.14215e+10 4.82501e+08
4.07944e+08 1.81253e+10 7.69418e+11 3.2615e+13 1.38158e+15 6.82814e+16 5.7466e+18 1.97505e+19 3.93132e+19 6.07238e+19 8.02667e+19 9.49372e+19 1.0275e+20 1.0275e+20 9.49372e+19 8.02667e+19 6.07238e+19 3.93132e+19 1.97505e+19 5.7466e+18 6.82814e+16 1.38158e+15 3.2615e+13 7.69418e+11 1.81253e+10 4.07944e+08
3.08314e+08 1.37074e+10 5.82368e+11 2.47109e+13 1.04794e+15 5.18158e+16 4.33429e+18 1.49043e+19 2.97021e+19 4.59432e+19 6.08111e+19 7.20009e+19 7.79709e+19 7.79709e+19 7.20009e+19 6.08111e+19 4.59432e+19 2.97021e+19 1.49043e+19 4.33429e+18 5.18158e+16 1.04794e+15 2.47109e+13 5.82368e+11 1.37074e+10 3.08314e+08
1.99464e+08 8.86001e+09 3.76257e+11 1.59665e+13 6.7749e+14 3.35172e+16 2.79487e+18 9.61818e+18 1.91931e+19 2.97327e+19 3.94105e+19 4.67133e+19 5.06164e+19 5.06164e+19 4.67133e+19 3.94105e+19 2.97327e+19 1.91931e+19 9.61818e+18 2.79487e+18 3.35172e+16 6.7749e+14 1.59665e+13 3.76257e+11 8.86001e+09 1.99464e+08
1.01797e+08 4.48434e+09 1.89024e+11 7.97518e+12 3.37139e+14 1.6666e+16 1.39666e+18 4.81216e+18 9.61522e+18 1.49152e+19 1.97937e+19 2.34827e+19 2.54571e+19 2.54571e+19 2.34827e+19 1.97937e+19 1.49152e+19 9.61522e+18 4.81216e+18 1.39666e+18 1.6666e+16 3.37139e+14 7.97518e+12 1.89024e+11 4.48434e+09 1.01797e+08
3.49344e+07 1.4751e+09 5.93956e+10 2.39439e+12 9.70957e+13 4.6761e+15 4.02581e+17 1.39036e+18 2.78149e+18 4.31816e+18 5.73374e+18 6.80473e+18 7.37813e+18 7.37813e+18 6.80473e+18 5.73374e+18 4.31816e+18 2.78149e+18 1.39036e+18 4.02581e+17 4.6761e+15 9.70957e+13 2.39439e+12 5.93956e+10 1.4751e+09 3.49344e+07
6.11991e+06 2.13444e+08 6.52825e+09 1.74636e+11 3.58086e+12 5.43039e+13 4.23714e+15 1.50874e+16 3.03655e+16 4.70007e+16 6.20152e+16 7.31426e+16 7.90095e+16 7.90095e+16 7.31426e+16 6.20152e+16 4.70007e+16 3.03655e+16 1.50874e+16 4.23714e+15 5.43039e+13 3.58086e+12 1.74636e+11 6.52825e+09 2.13444e+08 6.11991e+06
674192 1.92167e+07 4.56007e+08 9.14431e+09 1.53946e+11 3.10175e+12 8.48635e+13 2.9526e+14 5.94066e+14 9.19862e+14 1.21378e+15 1.4314e+15 1.54604e+15 1.54604e+15 1.4314e+15 1.21378e+15 9.19862e+14 5.94066e+14 2.9526e+14 8.48635e+13 3.10175e+12 1.53946e+11 9.14431e+09 4.56007e+08 1.92167e+07 674192
55799.4 1.35248e+06 2.71539e+07 4.86747e+08 8.39921e+09 1.5174e+11 2.09226e+12 6.98225e+12 1.39956e+13 2.16824e+13 2.8642e+13 3.38101e+13 3.65383e+13 3.65383e+13 3.38101e+13 2.8642e+13 2.16824e+13 1.39956e+13 6.98225e+12 2.09226e+12 1.5174e+11 8.39921e+09 4.86747e+08 2.71539e+07 1.35248e+06 55799.4
3883.79 83836.3 1.52067e+06 2.5549e+07 4.06481e+08 5.68156e+09 5.18901e+10 1.65436e+11 3.29692e+11 5.10797e+11 6.7541e+11 7.98015e+11 8.62867e+11 8.62867e+11 7.98015e+11 6.7541e+11 5.10797e+11 3.29692e+11 1.65436e+11 5.18901e+10 5.68156e+09 4.06481e+08 2.5549e+07 1.52067e+06 83836.3 3883.79
241.047 4778.08 79941.6 1.23074e+06 1.69343e+07 1.85916e+08 1.28844e+09 3.92343e+09 7.76071e+09 1.20181e+10 1.59041e+10 1.88071e+10 2.03457e+10 2.03457e+10 1.88071e+10 1.59041e+10 1.20181e+10 7.76071e+09 3.92343e+09 1.28844e+09 1.85916e+08 1.69343e+07 1.23074e+06 79941.6 4778.08 241.047
12.5461 232.295 3593.35 49915.8 591176 5.3328e+06 3.05075e+07 8.90357e+07 1.74654e+08 2.70215e+08 3.57806e+08 4.23436e+08 4.58284e+08 4.58284e+08 4.23436e+08 3.57806e+08 2.70215e+08 1.74654e+08 8.90357e+07 3.05075e+07 5.3328e+06 591176 49915.8 3593.35 232.295 12.5461
