8.8064 163.436 2537.75 35420 421485 3.81635e+06 2.18843e+07 6.39536e+07 1.25595e+08 1.94528e+08 2.57843e+08 3.05375e+08 3.30649e+08 3.30649e+08 3.05375e+08 2.57843e+08 1.94528e+08 1.25595e+08 6.39536e+07 2.18843e+07 3.81635e+06 421485 35420 2537.75 163.436 8.80641
169.134 3357.22 56337.7 871531 1.20601e+07 1.33043e+08 9.2471e+08 2.81979e+09 5.58444e+09 8.65827e+09 1.14704e+10 1.35758e+10 1.46933e+10 1.46933e+10 1.35758e+10 1.14704e+10 8.65827e+09 5.58444e+09 2.81979e+09 9.2471e+08 1.33043e+08 1.20601e+07 871531 56337.7 3357.22 169.134
2727.09 58875.9 1.06936e+06 1.80352e+07 2.88825e+08 4.06398e+09 3.7259e+10 1.18966e+11 2.37393e+11 3.6827e+11 4.87534e+11 5.76576e+11 6.23757e+11 6.23757e+11 5.76576e+11 4.87534e+11 3.6827e+11 2.37393e+11 1.18966e+11 3.7259e+10 4.06398e+09 2.88825e+08 1.80352e+07 1.06936e+06 58875.9 2727.09
39263.5 950992 1.90816e+07 3.4237e+08 5.94122e+09 1.08386e+11 1.5029e+12 5.02339e+12 1.00831e+13 1.56428e+13 2.06907e+13 2.44493e+13 2.64372e+13 2.64372e+13 2.44493e+13 2.06907e+13 1.56428e+13 1.00831e+13 5.02339e+12 1.5029e+12 1.08386e+11 5.94122e+09 3.4237e+08 1.90816e+07 950992 39263.5
475889 1.35542e+07 3.21187e+08 6.42678e+09 1.08116e+11 2.20592e+12 6.09758e+13 2.12501e+14 4.28183e+14 6.64e+14 8.774e+14 1.03587e+15 1.11953e+15 1.11953e+15 1.03587e+15 8.774e+14 6.64e+14 4.28183e+14 2.12501e+14 6.09758e+13 2.20592e+12 1.08116e+11 6.42678e+09 3.21187e+08 1.35542e+07 475889
4.33451e+06 1.51152e+08 4.62004e+09 1.23367e+11 2.51673e+12 3.79228e+13 3.03997e+15 1.08441e+16 2.18587e+16 3.38859e+16 4.47755e+16 5.28702e+16 5.71475e+16 5.71475e+16 5.28702e+16 4.47755e+16 3.38859e+16 2.18587e+16 1.08441e+16 3.03997e+15 3.79228e+13 2.51673e+12 1.23367e+11 4.62004e+09 1.51152e+08 4.33451e+06
2.48133e+07 1.04832e+09 4.22335e+10 1.70332e+12 6.90964e+13 3.33494e+15 2.89054e+17 9.995e+17 2.00199e+18 3.11192e+18 4.1369e+18 4.91411e+18 5.33088e+18 5.33088e+18 4.91411e+18 4.1369e+18 3.11192e+18 2.00199e+18 9.995e+17 2.89054e+17 3.33494e+15 6.90964e+13 1.70332e+12 4.22335e+10 1.04832e+09 2.48133e+07
7.24091e+07 3.19183e+09 1.34629e+11 5.68338e+12 2.40364e+14 1.19063e+16 1.00377e+18 3.46283e+18 6.9284e+18 1.07627e+19 1.43021e+19 1.69856e+19 1.84246e+19 1.84246e+19 1.69856e+19 1.43021e+19 1.07627e+19 6.9284e+18 3.46283e+18 1.00377e+18 1.19063e+16 2.40364e+14 5.68338e+12 1.34629e+11 3.19183e+09 7.24091e+07
1.42033e+08 6.31355e+09 2.68311e+11 1.13932e+13 4.83686e+14 2.39788e+16 2.01094e+18 6.92999e+18 1.38505e+19 2.14928e+19 2.85352e+19 3.38667e+19 3.67229e+19 3.67229e+19 3.38667e+19 2.85352e+19 2.14928e+19 1.38505e+19 6.92999e+18 2.01094e+18 2.39788e+16 4.83686e+14 1.13932e+13 2.68311e+11 6.31355e+09 1.42033e+08
2.19749e+08 9.7778e+09 4.15755e+11 1.76542e+13 7.49149e+14 3.71216e+16 3.12239e+18 1.07536e+19 2.14701e+19 3.32784e+19 4.41356e+19 5.23402e+19 5.67301e+19 5.67301e+19 5.23402e+19 4.41356e+19 3.32784e+19 2.14701e+19 1.07536e+19 3.12239e+18 3.71216e+16 7.49149e+14 1.76542e+13 4.15755e+11 9.7778e+09 2.19749e+08
2.90998e+08 1.29409e+10 5.49839e+11 2.33267e+13 9.88836e+14 4.89809e+16 4.1446e+18 1.42693e+19 2.84638e+19 4.4072e+19 5.83933e+19 6.91962e+19 7.49696e+19 7.49696e+19 6.91962e+19 5.83933e+19 4.4072e+19 2.84638e+19 1.42693e+19 4.1446e+18 4.89809e+16 9.88836e+14 2.33267e+13 5.49839e+11 1.29409e+10 2.90998e+08
3.44398e+08 1.53049e+10 6.49764e+11 2.75422e+13 1.16647e+15 5.77684e+16 4.91673e+18 1.69247e+19 3.37388e+19 5.21982e+19 6.91083e+19 8.18464e+19 8.86476e+19 8.86476e+19 8.18464e+19 6.91083e+19 5.21982e+19 3.37388e+19 1.69247e+19 4.91673e+18 5.77684e+16 1.16647e+15 2.75422e+13 6.49764e+11 1.53049e+10 3.44398e+08
3.72759e+08 1.65583e+10 7.02645e+11 2.97689e+13 1.26012e+15 6.24012e+16 5.32965e+18 1.83448e+19 3.65572e+19 5.65348e+19 7.48195e+19 8.85828e+19 9.59276e+19 9.59276e+19 8.85828e+19 7.48195e+19 5.65348e+19 3.65572e+19 1.83448e+19 5.32965e+18 6.24012e+16 1.26012e+15 2.97689e+13 7.02645e+11 1.65583e+10 3.72759e+08
3.72759e+08 1.65583e+10 7.02645e+11 2.97689e+13 1.26012e+15 6.24012e+16 5.32965e+18 1.83448e+19 3.65572e+19 5.65348e+19 7.48195e+19 8.85828e+19 9.59276e+19 9.59276e+19 8.85828e+19 7.48195e+19 5.65348e+19 3.65572e+19 1.83448e+19 5.32965e+18 6.24012e+16 1.26012e+15 2.97689e+13 7.02645e+11 1.65583e+10 3.72759e+08
3.44398e+08 1.53049e+10 6.49764e+11 2.75422e+13 1.16647e+15 5.77684e+16 4.91673e+18 1.69247e+19 3.37388e+19 5.21982e+19 6.91083e+19 8.18464e+19 8.86476e+19 8.86476e+19 8.18464e+19 6.91083e+19 5.21982e+19 3.37388e+19 1.69247e+19 4.91673e+18 5.77684e+16 1.16647e+15 2.75422e+13 6.49764e+11 1.53049e+10 3.44398e+08
2.90998e+08 1.29409e+10 5.49839e+11 2.33267e+13 9.88836e+14 4.89809e+16 4.1446e+18 1.42693e+19 2.84638e+19 4.4072e+19 5.83933e+19 6.91962e+19 7.49696e+19 7.49696e+19 6.91962e+19 5.83933e+19 4.4072e+19 2.84638e+19 1.42693e+19 4.1446e+18 4.89809e+16 9.88836e+14 2.33267e+13 5.49839e+11 1.29409e+10 2.90998e+08
2.19749e+08 9.7778e+09 4.15755e+11 1.76542e+13 7.49149e+14 3.71216e+16 3.12239e+18 1.07536e+19 2.14701e+19 3.32784e+19 4.41356e+19 5.23402e+19 5.67301e+19 5.67301e+19 5.23402e+19 4.41356e+19 3.32784e+19 2.14701e+19 1.07536e+19 3.12239e+18 3.71216e+16 7.49149e+14 1.76542e+13 4.15755e+11 9.7778e+09 2.19749e+08
1.42033e+08 6.31355e+09 2.68311e+11 1.13932e+13 4.83686e+14 2.39788e+16 2.01094e+18 6.92999e+18 1.38505e+19 2.14928e+19 2.85352e+19 3.38667e+19 3.67229e+19 3.67229e+19 3.38667e+19 2.85352e+19 2.14928e+19 1.38505e+19 6.92999e+18 2.01094e+18 2.39788e+16 4.83686e+14 1.13932e+13 2.68311e+11 6.31355e+09 1.42033e+08
7.24091e+07 3.19183e+09 1.34629e+11 5.68338e+12 2.40364e+14 1.19063e+16 1.00377e+18 3.46283e+18 6.9284e+18 1.07627e+19 1.43021e+19 1.69856e+19 1.84246e+19 1.84246e+19 1.69856e+19 1.43021e+19 1.07627e+19 6.9284e+18 3.46283e+18 1.00377e+18 1.19063e+16 2.40364e+14 5.68338e+12 1.34629e+11 3.19183e+09 7.24091e+07
2.48133e+07 1.04832e+09 4.22335e+10 1.70332e+12 6.90964e+13 3.33494e+15 2.89054e+17 9.995e+17 2.00199e+18 3.11192e+18 4.1369e+18 4.91411e+18 5.33088e+18 5.33088e+18 4.91411e+18 4.1369e+18 3.11192e+18 2.00199e+18 9.995e+17 2.89054e+17 3.33494e+15 6.90964e+13 1.70332e+12 4.22335e+10 1.04832e+09 2.48133e+07
4.33451e+06 1.51152e+08 4.62004e+09 1.23367e+11 2.51673e+12 3.79228e+13 3.03997e+15 1.08441e+16 2.18587e+16 3.38859e+16 4.47755e+16 5.28702e+16 5.71475e+16 5.71475e+16 5.28702e+16 4.47755e+16 3.38859e+16 2.18587e+16 1.08441e+16 3.03997e+15 3.79228e+13 2.51673e+12 1.23367e+11 4.62004e+09 1.51152e+08 4.33451e+06
475889 1.35542e+07 3.21187e+08 6.42678e+09 1.08116e+11 2.20592e+12 6.09758e+13 2.12501e+14 4.28183e+14 6.64e+14 8.774e+14 1.03587e+15 1.11953e+15 1.11953e+15 1.03587e+15 8.774e+14 6.64e+14 4.28183e+14 2.12501e+14 6.09758e+13 2.20592e+12 1.08116e+11 6.42678e+09 3.21187e+08 1.35542e+07 475889
39263.5 950992 1.90816e+07 3.4237e+08 5.94122e+09 1.08386e+11 1.5029e+12 5.02339e+12 1.00831e+13 1.56428e+13 2.06907e+13 2.44493e+13 2.64372e+13 2.64372e+13 2.44493e+13 2.06907e+13 1.56428e+13 1.00831e+13 5.02339e+12 1.5029e+12 1.08386e+11 5.94122e+09 3.4237e+08 1.90816e+07 950992 39263.5
2727.09 58875.9 1.06936e+06 1.80352e+07 2.88825e+08 4.06398e+09 3.7259e+10 1.18966e+11 2.37393e+11 3.6827e+11 4.87534e+11 5.76576e+11 6.23757e+11 6.23757e+11 5.76576e+11 4.87534e+11 3.6827e+11 2.37393e+11 1.18966e+11 3.7259e+10 4.06398e+09 2.88825e+08 1.80352e+07 1.06936e+06 58875.9 2727.09
169.134 3357.22 56337.7 871531 1.20601e+07 1.33043e+08 9.2471e+08 2.81979e+09 5.58444e+09 8.65827e+09 1.14704e+10 1.35758e+10 1.46933e+10 1.46933e+10 1.35758e+10 1.14704e+10 8.65827e+09 5.58444e+09 2.81979e+09 9.2471e+08 1.33043e+08 1.20601e+07 871531 56337.7 3357.22 169.134
8.8064 163.435 2537.75 35420 421485 3.81635e+06 2.18843e+07 6.39536e+07 1.25595e+08 1.94528e+08 2.57843e+08 3.05375e+08 3.30649e+08 3.30649e+08 3.05375e+08 2.57843e+08 1.94528e+08 1.25595e+08 6.39536e+07 2.18843e+07 3.81635e+06 421485 35420 2537.75 163.436 8.8064
