15.5433 287.494 4440.63 61572.7 727775 6.5514e+06 3.7389e+07 1.08717e+08 2.12241e+08 3.26642e+08 4.30391e+08 5.07387e+08 5.47998e+08 5.47998e+08 5.07387e+08 4.30391e+08 3.26642e+08 2.12241e+08 1.08717e+08 3.7389e+07 6.5514e+06 727775 61572.7 4440.63 287.494 15.5433
298.458 5911.69 98788.5 1.51828e+06 2.08473e+07 2.28383e+08 1.57908e+09 4.79036e+09 9.42842e+09 1.45207e+10 1.9117e+10 2.25164e+10 2.43055e+10 2.43055e+10 2.25164e+10 1.9117e+10 1.45207e+10 9.42842e+09 4.79036e+09 1.57908e+09 2.28383e+08 2.08473e+07 1.51828e+06 98788.5 5911.69 298.458
4804.2 103662 1.87889e+06 3.15248e+07 5.00511e+08 6.97949e+09 6.36002e+10 2.01986e+11 4.00446e+11 6.16862e+11 8.1127e+11 9.54545e+11 1.02977e+12 1.02977e+12 9.54545e+11 8.1127e+11 6.16862e+11 4.00446e+11 2.01986e+11 6.36002e+10 6.97949e+09 5.00511e+08 3.15248e+07 1.87889e+06 103662 4804.2
68929.2 1.67046e+06 3.35305e+07 6.00698e+08 1.03484e+10 1.86446e+11 2.5649e+12 8.52535e+12 1.69961e+13 2.61732e+13 3.43798e+13 4.04067e+13 4.35635e+13 4.35635e+13 4.04067e+13 3.43798e+13 2.61732e+13 1.69961e+13 8.52535e+12 2.5649e+12 1.86446e+11 1.03484e+10 6.00698e+08 3.35305e+07 1.67046e+06 68929.2
831418 2.36966e+07 5.62338e+08 1.12787e+10 1.89853e+11 3.81425e+12 1.04068e+14 3.60573e+14 7.21365e+14 1.10997e+15 1.45602e+15 1.70927e+15 1.8416e+15 1.8416e+15 1.70927e+15 1.45602e+15 1.10997e+15 7.21365e+14 3.60573e+14 1.04068e+14 3.81425e+12 1.89853e+11 1.12787e+10 5.62338e+08 2.36966e+07 831418
7.5321e+06 2.62682e+08 8.03461e+09 2.14993e+11 4.41242e+12 6.70006e+13 5.20013e+15 1.844e+16 3.69052e+16 5.6771e+16 7.44763e+16 8.74513e+16 9.4239e+16 9.4239e+16 8.74513e+16 7.44763e+16 5.6771e+16 3.69052e+16 1.844e+16 5.20013e+15 6.70006e+13 4.41242e+12 2.14993e+11 8.03461e+09 2.62682e+08 7.5321e+06
4.28896e+07 1.81099e+09 7.29246e+10 2.94027e+12 1.19268e+14 5.74472e+15 4.93877e+17 1.70107e+18 3.39048e+18 5.24245e+18 6.93541e+18 8.20795e+18 8.88629e+18 8.88629e+18 8.20795e+18 6.93541e+18 5.24245e+18 3.39048e+18 1.70107e+18 4.93877e+17 5.74472e+15 1.19268e+14 2.94027e+12 7.29246e+10 1.81099e+09 4.28896e+07
1.24517e+08 5.48466e+09 2.31179e+11 9.75412e+12 4.124e+14 2.03891e+16 1.7085e+18 5.87109e+18 1.16876e+19 1.80562e+19 2.38729e+19 2.82423e+19 3.05706e+19 3.05706e+19 2.82423e+19 2.38729e+19 1.80562e+19 1.16876e+19 5.87109e+18 1.7085e+18 2.03891e+16 4.124e+14 9.75412e+12 2.31179e+11 5.48466e+09 1.24517e+08
2.42823e+08 1.07829e+10 4.57799e+11 1.9423e+13 8.24064e+14 4.07718e+16 3.40535e+18 1.1688e+19 2.32335e+19 3.58385e+19 4.73175e+19 5.59186e+19 6.04941e+19 6.04941e+19 5.59186e+19 4.73175e+19 3.58385e+19 2.32335e+19 1.1688e+19 3.40535e+18 4.07718e+16 8.24064e+14 1.9423e+13 4.57799e+11 1.07829e+10 2.42823e+08
3.73383e+08 1.65919e+10 7.04563e+11 2.98821e+13 1.26675e+15 6.26372e+16 5.2582e+18 1.80327e+19 3.57909e+19 5.51116e+19 7.26426e+19 8.57371e+19 9.26878e+19 9.26878e+19 8.57371e+19 7.26426e+19 5.51116e+19 3.57909e+19 1.80327e+19 5.2582e+18 6.26372e+16 1.26675e+15 2.98821e+13 7.04563e+11 1.65919e+10 3.73383e+08
4.91634e+08 2.18281e+10 9.25921e+11 3.92215e+13 1.66037e+15 8.20613e+16 6.94394e+18 2.38005e+19 4.71733e+19 7.25181e+19 9.54345e+19 1.12499e+20 1.21537e+20 1.21537e+20 1.12499e+20 9.54345e+19 7.25181e+19 4.71733e+19 2.38005e+19 6.94394e+18 8.20613e+16 1.66037e+15 3.92215e+13 9.25921e+11 2.18281e+10 4.91634e+08
5.79298e+08 2.56964e+10 1.08886e+12 4.60719e+13 1.94805e+15 9.62526e+16 8.20539e+18 2.81142e+19 5.56649e+19 8.54628e+19 1.12332e+20 1.3229e+20 1.42844e+20 1.42844e+20 1.3229e+20 1.12332e+20 8.54628e+19 5.56649e+19 2.81142e+19 8.20539e+18 9.62526e+16 1.94805e+15 4.60719e+13 1.08886e+12 2.56964e+10 5.79298e+08
6.25503e+08 2.77307e+10 1.17435e+12 4.96572e+13 2.09824e+15 1.03661e+17 8.8757e+18 3.04057e+19 6.01682e+19 9.23127e+19 1.21254e+20 1.42723e+20 1.54065e+20 1.54065e+20 1.42723e+20 1.21254e+20 9.23127e+19 6.01682e+19 3.04057e+19 8.8757e+18 1.03661e+17 2.09824e+15 4.96572e+13 1.17435e+12 2.77307e+10 6.25503e+08
6.25503e+08 2.77307e+10 1.17435e+12 4.96572e+13 2.09824e+15 1.03661e+17 8.8757e+18 3.04057e+19 6.01682e+19 9.23127e+19 1.21254e+20 1.42723e+20 1.54065e+20 1.54065e+20 1.42723e+20 1.21254e+20 9.23127e+19 6.01682e+19 3.04057e+19 8.8757e+18 1.03661e+17 2.09824e+15 4.96572e+13 1.17435e+12 2.77307e+10 6.25503e+08
5.79298e+08 2.56964e+10 1.08886e+12 4.60719e+13 1.94805e+15 9.62526e+16 8.20539e+18 2.81142e+19 5.56649e+19 8.54628e+19 1.12332e+20 1.3229e+20 1.42844e+20 1.42844e+20 1.3229e+20 1.12332e+20 8.54628e+19 5.56649e+19 2.81142e+19 8.20539e+18 9.62526e+16 1.94805e+15 4.60719e+13 1.08886e+12 2.56964e+10 5.79298e+08
4.91634e+08 2.18281e+10 9.25921e+11 3.92215e+13 1.66037e+15 8.20613e+16 6.94394e+18 2.38005e+19 4.71733e+19 7.25181e+19 9.54345e+19 1.12499e+20 1.21537e+20 1.21537e+20 1.12499e+20 9.54345e+19 7.25181e+19 4.71733e+19 2.38005e+19 6.94394e+18 8.20613e+16 1.66037e+15 3.92215e+13 9.25921e+11 2.18281e+10 4.91634e+08
3.73383e+08 1.65919e+10 7.04563e+11 2.98821e+13 1.26675e+15 6.26372e+16 5.2582e+18 1.80327e+19 3.57909e+19 5.51116e+19 7.26426e+19 8.57371e+19 9.26878e+19 9.26878e+19 8.57371e+19 7.26426e+19 5.51116e+19 3.57909e+19 1.80327e+19 5.2582e+18 6.26372e+16 1.26675e+15 2.98821e+13 7.04563e+11 1.65919e+10 3.73383e+08
2.42823e+08 1.07829e+10 4.57799e+11 1.9423e+13 8.24064e+14 4.07718e+16 3.40535e+18 1.1688e+19 2.32335e+19 3.58385e+19 4.73175e+19 5.59186e+19 6.04941e+19 6.04941e+19 5.59186e+19 4.73175e+19 3.58385e+19 2.32335e+19 1.1688e+19 3.40535e+18 4.07718e+16 8.24064e+14 1.9423e+13 4.57799e+11 1.07829e+10 2.42823e+08
1.24517e+08 5.48466e+09 2.31179e+11 9.75412e+12 4.124e+14 2.03891e+16 1.7085e+18 5.87109e+18 1.16876e+19 1.80562e+19 2.38729e+19 2.82423e+19 3.05706e+19 3.05706e+19 2.82423e+19 2.38729e+19 1.80562e+19 1.16876e+19 5.87109e+18 1.7085e+18 2.03891e+16 4.124e+14 9.75412e+12 2.31179e+11 5.48466e+09 1.24517e+08
4.28896e+07 1.81099e+09 7.29246e+10 2.94027e+12 1.19268e+14 5.74472e+15 4.93877e+17 1.70107e+18 3.39048e+18 5.24245e+18 6.93541e+18 8.20795e+18 8.88629e+18 8.88629e+18 8.20795e+18 6.93541e+18 5.24245e+18 3.39048e+18 1.70107e+18 4.93877e+17 5.74472e+15 1.19268e+14 2.94027e+12 7.29246e+10 1.81099e+09 4.28896e+07
7.5321e+06 2.62682e+08 8.03461e+09 2.14993e+11 4.41242e+12 6.70006e+13 5.20013e+15 1.844e+16 3.69052e+16 5.6771e+16 7.44763e+16 8.74513e+16 9.4239e+16 9.4239e+16 8.74513e+16 7.44763e+16 5.6771e+16 3.69052e+16 1.844e+16 5.20013e+15 6.70006e+13 4.41242e+12 2.14993e+11 8.03461e+09 2.62682e+08 7.5321e+06
831418 2.36966e+07 5.62338e+08 1.12787e+10 1.89853e+11 3.81425e+12 1.04068e+14 3.60573e+14 7.21365e+14 1.10997e+15 1.45602e+15 1.70927e+15 1.8416e+15 1.8416e+15 1.70927e+15 1.45602e+15 1.10997e+15 7.21365e+14 3.60573e+14 1.04068e+14 3.81425e+12 1.89853e+11 1.12787e+10 5.62338e+08 2.36966e+07 831418
68929.2 1.67046e+06 3.35305e+07 6.00698e+08 1.03484e+10 1.86446e+11 2.5649e+12 8.52535e+12 1.69961e+13 2.61732e+13 3.43798e+13 4.04067e+13 4.35635e+13 4.35635e+13 4.04067e+13 3.43798e+13 2.61732e+13 1.69961e+13 8.52535e+12 2.5649e+12 1.86446e+11 1.03484e+10 6.00698e+08 3.35305e+07 1.67046e+06 68929.2
4804.2 103662 1.87889e+06 3.15248e+07 5.00511e+08 6.97949e+09 6.36002e+10 2.01986e+11 4.00446e+11 6.16862e+11 8.1127e+11 9.54545e+11 1.02977e+12 1.02977e+12 9.54545e+11 8.1127e+11 6.16862e+11 4.00446e+11 2.01986e+11 6.36002e+10 6.97949e+09 5.00511e+08 3.15248e+07 1.87889e+06 103662 4804.2
298.458 5911.69 98788.5 1.51828e+06 2.08473e+07 2.28383e+08 1.57908e+09 4.79036e+09 9.42842e+09 1.45207e+10 1.9117e+10 2.25164e+10 2.43055e+10 2.43055e+10 2.25164e+10 1.9117e+10 1.45207e+10 9.42842e+09 4.79036e+09 1.57908e+09 2.28383e+08 2.08473e+07 1.51828e+06 98788.5 5911.69 298.458
15.5433 287.494 4440.63 61572.7 727775 6.5514e+06 3.7389e+07 1.08717e+08 2.12241e+08 3.26642e+08 4.30391e+08 5.07387e+08 5.47998e+08 5.47998e+08 5.07387e+08 4.30391e+08 3.26642e+08 2.12241e+08 1.08717e+08 3.7389e+07 6.5514e+06 727775 61572.7 4440.63 287.494 15.5433
