0.000926274 0.0174885 0.279466 4.04437 49.8839 465.124 2728.19 8163.65 16506.7 26403.3 36082.9 43766.5 48012.4 48012.4 43766.5 36082.9 26403.3 16506.7 8163.65 2728.19 465.124 49.8839 4.04437 0.279466 0.0174885 0.000926274
0.017669 0.353942 6.07535 97.5828 1410.94 16154.5 115202 360031 735074 1.17883e+06 1.61256e+06 1.9569e+06 2.14722e+06 2.14722e+06 1.9569e+06 1.61256e+06 1.17883e+06 735074 360031 115202 16154.5 1410.94 97.5828 6.07535 0.353942 0.017669
0.28558 6.15527 112.742 1959.34 33056.3 489642 4.63219e+06 1.51725e+07 3.12554e+07 5.02355e+07 6.87796e+07 8.35056e+07 9.16472e+07 9.16472e+07 8.35056e+07 6.87796e+07 5.02355e+07 3.12554e+07 1.51725e+07 4.63219e+06 489642 33056.3 1959.34 112.742 6.15527 0.28558
4.17396 100.157 1991.61 35914.5 652620 1.28592e+07 1.8625e+08 6.39232e+08 1.32645e+09 2.13569e+09 2.92629e+09 3.55437e+09 3.90173e+09 3.90173e+09 3.55437e+09 2.92629e+09 2.13569e+09 1.32645e+09 6.39232e+08 1.8625e+08 1.28592e+07 652620 35914.5 1991.61 100.157 4.17396
51.8599 1462.77 34103.3 666818 1.11138e+07 2.51869e+08 7.5265e+09 2.69593e+10 5.62396e+10 9.06702e+10 1.24319e+11 1.51064e+11 1.65861e+11 1.65861e+11 1.51064e+11 1.24319e+11 9.06702e+10 5.62396e+10 2.69593e+10 7.5265e+09 2.51869e+08 1.11138e+07 666818 34103.3 1462.77 51.8599
486.021 16861.1 510077 1.33485e+07 2.59345e+08 3.6757e+09 3.68965e+11 1.35348e+12 2.82398e+12 4.5495e+12 6.23468e+12 7.57363e+12 8.31422e+12 8.31422e+12 7.57362e+12 6.23468e+12 4.5495e+12 2.82398e+12 1.35348e+12 3.68965e+11 3.6757e+09 2.59345e+08 1.33485e+07 510077 16861.1 486.021
2860.73 120801 4.85749e+06 1.9532e+08 7.8938e+09 3.85252e+11 3.51614e+13 1.23578e+14 2.52827e+14 4.02438e+14 5.47125e+14 6.61312e+14 7.24221e+14 7.24221e+14 6.61312e+14 5.47125e+14 4.02438e+14 2.52827e+14 1.23578e+14 3.51614e+13 3.85252e+11 7.8938e+09 1.9532e+08 4.85749e+06 120801 2860.73
8567.92 377912 1.59284e+07 6.71186e+08 2.83115e+10 1.4153e+12 1.23961e+14 4.34336e+14 8.87349e+14 1.4112e+15 1.91745e+15 2.31679e+15 2.53674e+15 2.53674e+15 2.31679e+15 1.91745e+15 1.4112e+15 8.87349e+14 4.34336e+14 1.23961e+14 1.4153e+12 2.83115e+10 6.71186e+08 1.59284e+07 377912 8567.92
17323.4 771560 3.28119e+07 1.39273e+09 5.90593e+10 2.9532e+12 2.53881e+14 8.88308e+14 1.81366e+15 2.88322e+15 3.91653e+15 4.73145e+15 5.18024e+15 5.18024e+15 4.73145e+15 3.91653e+15 2.88322e+15 1.81366e+15 8.88308e+14 2.53881e+14 2.9532e+12 5.90593e+10 1.39273e+09 3.28119e+07 771560 17323.4
27698.1 1.23681e+06 5.27144e+07 2.24141e+09 9.51735e+10 4.75591e+12 4.04278e+14 1.41333e+15 2.88448e+15 4.5844e+15 6.22636e+15 7.52114e+15 8.23415e+15 8.23415e+15 7.52114e+15 6.22636e+15 4.5844e+15 2.88448e+15 1.41333e+15 4.04278e+14 4.75591e+12 9.51735e+10 2.24141e+09 5.27144e+07 1.23681e+06 27698.1
37832 1.69095e+06 7.21329e+07 3.06939e+09 1.30417e+11 6.51406e+12 5.49677e+14 1.92057e+15 3.91872e+15 6.22716e+15 8.45659e+15 1.02145e+16 1.11824e+16 1.11824e+16 1.02145e+16 8.45659e+15 6.22716e+15 3.91872e+15 1.92057e+15 5.49677e+14 6.51406e+12 1.30417e+11 3.06939e+09 7.21329e+07 1.69095e+06 37832
45866.3 2.05103e+06 8.75331e+07 3.72627e+09 1.5839e+11 7.90912e+12 6.64371e+14 2.32052e+15 4.73405e+15 7.52205e+15 1.02144e+16 1.23371e+16 1.3506e+16 1.3506e+16 1.23371e+16 1.02144e+16 7.52205e+15 4.73405e+15 2.32052e+15 6.64371e+14 7.90912e+12 1.5839e+11 3.72627e+09 8.75331e+07 2.05103e+06 45866.3
50302.1 2.24987e+06 9.60394e+07 4.0892e+09 1.73851e+11 8.68001e+12 7.27535e+14 2.54072e+15 5.18291e+15 8.23488e+15 1.1182e+16 1.35055e+16 1.47849e+16 1.47849e+16 1.35055e+16 1.1182e+16 8.23488e+15 5.18291e+15 2.54072e+15 7.27535e+14 8.68001e+12 1.73851e+11 4.0892e+09 9.60394e+07 2.24987e+06 50302.1
50302.1 2.24987e+06 9.60394e+07 4.0892e+09 1.73851e+11 8.68001e+12 7.27535e+14 2.54072e+15 5.18291e+15 8.23488e+15 1.1182e+16 1.35055e+16 1.47849e+16 1.47849e+16 1.35055e+16 1.1182e+16 8.23488e+15 5.18291e+15 2.54072e+15 7.27535e+14 8.68001e+12 1.73851e+11 4.0892e+09 9.60394e+07 2.24987e+06 50302.1
45866.3 2.05103e+06 8.75331e+07 3.72627e+09 1.5839e+11 7.90912e+12 6.64371e+14 2.32052e+15 4.73405e+15 7.52205e+15 1.02144e+16 1.23371e+16 1.3506e+16 1.3506e+16 1.23371e+16 1.02144e+16 7.52205e+15 4.73405e+15 2.32052e+15 6.64371e+14 7.90912e+12 1.5839e+11 3.72627e+09 8.75331e+07 2.05103e+06 45866.3
37832 1.69095e+06 7.21329e+07 3.06939e+09 1.30417e+11 6.51406e+12 5.49677e+14 1.92057e+15 3.91872e+15 6.22716e+15 8.45659e+15 1.02145e+16 1.11824e+16 1.11824e+16 1.02145e+16 8.45659e+15 6.22716e+15 3.91872e+15 1.92057e+15 5.49677e+14 6.51406e+12 1.30417e+11 3.06939e+09 7.21329e+07 1.69095e+06 37832
27698.1 1.23681e+06 5.27144e+07 2.24141e+09 9.51735e+10 4.75591e+12 4.04278e+14 1.41333e+15 2.88448e+15 4.5844e+15 6.22636e+15 7.52114e+15 8.23415e+15 8.23415e+15 7.52114e+15 6.22636e+15 4.5844e+15 2.88448e+15 1.41333e+15 4.04278e+14 4.75591e+12 9.51735e+10 2.24141e+09 5.27144e+07 1.23681e+06 27698.1
17323.4 771560 3.28119e+07 1.39273e+09 5.90593e+10 2.9532e+12 2.53881e+14 8.88308e+14 1.81366e+15 2.88322e+15 3.91653e+15 4.73145e+15 5.18024e+15 5.18024e+15 4.73145e+15 3.91653e+15 2.88322e+15 1.81366e+15 8.88308e+14 2.53881e+14 2.9532e+12 5.90593e+10 1.39273e+09 3.28119e+07 771560 17323.4
8567.92 377912 1.59284e+07 6.71186e+08 2.83115e+10 1.4153e+12 1.23961e+14 4.34336e+14 8.87349e+14 1.4112e+15 1.91745e+15 2.31679e+15 2.53674e+15 2.53674e+15 2.31679e+15 1.91745e+15 1.4112e+15 8.87349e+14 4.34336e+14 1.23961e+14 1.4153e+12 2.83115e+10 6.71186e+08 1.59284e+07 377912 8567.92
2860.73 120801 4.85749e+06 1.9532e+08 7.8938e+09 3.85252e+11 3.51614e+13 1.23578e+14 2.52827e+14 4.02438e+14 5.47125e+14 6.61312e+14 7.24221e+14 7.24221e+14 6.61312e+14 5.47125e+14 4.02438e+14 2.52827e+14 1.23578e+14 3.51614e+13 3.85252e+11 7.8938e+09 1.9532e+08 4.85749e+06 120801 2860.73
486.021 16861.1 510077 1.33485e+07 2.59345e+08 3.6757e+09 3.68965e+11 1.35348e+12 2.82398e+12 4.5495e+12 6.23468e+12 7.57362e+12 8.31422e+12 8.31422e+12 7.57363e+12 6.23468e+12 4.5495e+12 2.82398e+12 1.35348e+12 3.68965e+11 3.6757e+09 2.59345e+08 1.33485e+07 510077 16861.1 486.021
51.8599 1462.77 34103.3 666818 1.11138e+07 2.51869e+08 7.5265e+09 2.69593e+10 5.62397e+10 9.06702e+10 1.24319e+11 1.51064e+11 1.65861e+11 1.65861e+11 1.51064e+11 1.24319e+11 9.06702e+10 5.62396e+10 2.69593e+10 7.5265e+09 2.51869e+08 1.11138e+07 666818 34103.3 1462.77 51.8599
4.17396 100.157 1991.61 35914.5 652620 1.28592e+07 1.8625e+08 6.39232e+08 1.32645e+09 2.13569e+09 2.92629e+09 3.55437e+09 3.90173e+09 3.90173e+09 3.55437e+09 2.92629e+09 2.13569e+09 1.32645e+09 6.39232e+08 1.8625e+08 1.28592e+07 652620 35914.5 1991.61 100.157 4.17396
0.28558 6.15527 112.742 1959.34 33056.3 489642 4.63219e+06 1.51725e+07 3.12554e+07 5.02355e+07 6.87796e+07 8.35056e+07 9.16472e+07 9.16472e+07 8.35056e+07 6.87796e+07 5.02355e+07 3.12554e+07 1.51725e+07 4.63219e+06 489642 33056.3 1959.34 112.742 6.15527 0.28558
0.017669 0.353942 6.07535 97.5828 1410.94 16154.5 115202 360031 735074 1.17883e+06 1.61256e+06 1.9569e+06 2.14722e+06 2.14722e+06 1.9569e+06 1.61256e+06 1.17883e+06 735074 360031 115202 16154.5 1410.94 97.5828 6.07535 0.353942 0.017669
0.000926274 0.0174885 0.279467 4.04437 49.8839 465.124 2728.19 8163.65 16506.7 26403.3 36082.9 43766.5 48012.4 48012.4 43766.5 36082.9 26403.3 16506.7 8163.65 2728.19 465.124 49.8839 4.04437 0.279466 0.0174885 0.000926273
