0.00207966 0.0390032 0.61801 8.86124 108.312 1001.55 5826.53 17252.7 34451.1 54403.3 73505.1 88405.8 96546.8 96546.8 88405.8 73505.1 54403.3 34451.1 17252.7 5826.53 1001.55 108.312 8.86124 0.61801 0.0390032 0.00207966
0.0395456 0.787603 13.4139 213.407 3054.85 34660.5 245135 757800 1.52706e+06 2.41619e+06 3.26605e+06 3.92862e+06 4.29056e+06 4.29056e+06 3.92862e+06 3.26605e+06 2.41619e+06 1.52706e+06 757800 245135 34660.5 3054.85 213.407 13.4139 0.787603 0.0395456
0.636195 13.6527 248.601 4283.64 71478 1.04773e+06 9.82889e+06 3.1832e+07 6.46789e+07 1.025e+08 1.38602e+08 1.66735e+08 1.82102e+08 1.82102e+08 1.66735e+08 1.38602e+08 1.025e+08 6.46789e+07 3.1832e+07 9.82889e+06 1.04773e+06 71478 4283.64 248.601 13.6527 0.636195
9.23981 220.997 4380.04 78590.7 1.41362e+06 2.7485e+07 3.94507e+08 1.33814e+09 2.73699e+09 4.34225e+09 5.87299e+09 7.06557e+09 7.71689e+09 7.71689e+09 7.06557e+09 5.87299e+09 4.34225e+09 2.73699e+09 1.33814e+09 3.94507e+08 2.7485e+07 1.41362e+06 78590.7 4380.04 220.997 9.23981
113.928 3203.77 74544.8 1.45655e+06 2.42168e+07 5.39583e+08 1.59323e+10 5.63678e+10 1.15824e+11 1.83879e+11 2.48737e+11 2.9926e+11 3.26851e+11 3.26851e+11 2.9926e+11 2.48737e+11 1.83879e+11 1.15824e+11 5.63678e+10 1.59323e+10 5.39583e+08 2.42168e+07 1.45655e+06 74544.8 3203.77 113.928
1058.89 36611.6 1.10501e+06 2.89053e+07 5.63791e+08 8.03624e+09 7.82664e+11 2.83502e+12 5.82571e+12 9.24181e+12 1.24958e+13 1.50301e+13 1.64141e+13 1.64141e+13 1.50301e+13 1.24958e+13 9.24181e+12 5.82571e+12 2.83502e+12 7.82664e+11 8.03624e+09 5.63791e+08 2.89053e+07 1.10501e+06 36611.6 1058.89
6177.01 259896 1.04215e+07 4.18338e+08 1.68973e+10 8.23587e+11 7.45763e+13 2.599e+14 5.26218e+14 8.28796e+14 1.1164e+15 1.34025e+15 1.46249e+15 1.46249e+15 1.34025e+15 1.1164e+15 8.28796e+14 5.26218e+14 2.599e+14 7.45763e+13 8.23587e+11 1.68973e+10 4.18338e+08 1.04215e+07 259896 6177.01
18297.8 803814 3.37701e+07 1.41984e+09 5.98196e+10 2.98666e+12 2.60705e+14 9.0632e+14 1.83331e+15 2.88613e+15 3.8867e+15 4.66547e+15 5.09073e+15 5.09073e+15 4.66547e+15 3.8867e+15 2.88613e+15 1.83331e+15 9.0632e+14 2.60705e+14 2.98666e+12 5.98196e+10 1.41984e+09 3.37701e+07 803814 18297.8
36521.4 1.61903e+06 6.85836e+07 2.90263e+09 1.22851e+11 6.13514e+12 5.28219e+14 1.83463e+15 3.70984e+15 5.83932e+15 7.86301e+15 9.43808e+15 1.02982e+16 1.02982e+16 9.43808e+15 7.86301e+15 5.83932e+15 3.70984e+15 1.83463e+15 5.28219e+14 6.13514e+12 1.22851e+11 2.90263e+09 6.85836e+07 1.61903e+06 36521.4
57627 2.55962e+06 1.08597e+08 4.60102e+09 1.94859e+11 9.72489e+12 8.3192e+14 2.88821e+15 5.83934e+15 9.19042e+15 1.23749e+16 1.48535e+16 1.62069e+16 1.62069e+16 1.48535e+16 1.23749e+16 9.19042e+15 5.83934e+15 2.88821e+15 8.3192e+14 9.72489e+12 1.94859e+11 4.60102e+09 1.08597e+08 2.55962e+06 57627
77794.6 3.4569e+06 1.46713e+08 6.21717e+09 2.63336e+11 1.31371e+13 1.12026e+15 3.88842e+15 7.86092e+15 1.23716e+16 1.6658e+16 1.99942e+16 2.18159e+16 2.18159e+16 1.99942e+16 1.6658e+16 1.23716e+16 7.86092e+15 3.88842e+15 1.12026e+15 1.31371e+13 2.63336e+11 6.21717e+09 1.46713e+08 3.4569e+06 77794.6
93499.5 4.1552e+06 1.76361e+08 7.47389e+09 3.16573e+11 1.57896e+13 1.34445e+15 4.66609e+15 9.43273e+15 1.48451e+16 1.99882e+16 2.39911e+16 2.6177e+16 2.6177e+16 2.39911e+16 1.99882e+16 1.48451e+16 9.43273e+15 4.66609e+15 1.34444e+15 1.57896e+13 3.16573e+11 7.47389e+09 1.76361e+08 4.1552e+06 93499.5
102070 4.53617e+06 1.92534e+08 8.15932e+09 3.45605e+11 1.72361e+13 1.46676e+15 5.09042e+15 1.02904e+16 1.61947e+16 2.18053e+16 2.61721e+16 2.85567e+16 2.85567e+16 2.61721e+16 2.18053e+16 1.61947e+16 1.02904e+16 5.09042e+15 1.46676e+15 1.72361e+13 3.45605e+11 8.15932e+09 1.92534e+08 4.53617e+06 102070
102070 4.53617e+06 1.92534e+08 8.15932e+09 3.45605e+11 1.72361e+13 1.46676e+15 5.09042e+15 1.02904e+16 1.61947e+16 2.18053e+16 2.61721e+16 2.85567e+16 2.85567e+16 2.61721e+16 2.18053e+16 1.61947e+16 1.02904e+16 5.09042e+15 1.46676e+15 1.72361e+13 3.45605e+11 8.15932e+09 1.92534e+08 4.53617e+06 102070
93499.5 4.1552e+06 1.76361e+08 7.47389e+09 3.16573e+11 1.57896e+13 1.34444e+15 4.66609e+15 9.43273e+15 1.48451e+16 1.99882e+16 2.39911e+16 2.6177e+16 2.6177e+16 2.39911e+16 1.99882e+16 1.48451e+16 9.43273e+15 4.66609e+15 1.34445e+15 1.57896e+13 3.16573e+11 7.47389e+09 1.76361e+08 4.1552e+06 93499.5
77794.6 3.4569e+06 1.46713e+08 6.21717e+09 2.63336e+11 1.31371e+13 1.12026e+15 3.88842e+15 7.86092e+15 1.23716e+16 1.6658e+16 1.99942e+16 2.18159e+16 2.18159e+16 1.99942e+16 1.6658e+16 1.23716e+16 7.86092e+15 3.88842e+15 1.12026e+15 1.31371e+13 2.63336e+11 6.21717e+09 1.46713e+08 3.4569e+06 77794.6
57627 2.55962e+06 1.08597e+08 4.60102e+09 1.94859e+11 9.72489e+12 8.3192e+14 2.88821e+15 5.83934e+15 9.19042e+15 1.23749e+16 1.48535e+16 1.62069e+16 1.62069e+16 1.48535e+16 1.23749e+16 9.19042e+15 5.83934e+15 2.88821e+15 8.3192e+14 9.72489e+12 1.94859e+11 4.60102e+09 1.08597e+08 2.55962e+06 57627
36521.4 1.61903e+06 6.85836e+07 2.90263e+09 1.22851e+11 6.13514e+12 5.28219e+14 1.83463e+15 3.70984e+15 5.83932e+15 7.86301e+15 9.43808e+15 1.02982e+16 1.02982e+16 9.43808e+15 7.86301e+15 5.83932e+15 3.70984e+15 1.83463e+15 5.28219e+14 6.13514e+12 1.22851e+11 2.90263e+09 6.85836e+07 1.61903e+06 36521.4
18297.8 803814 3.37701e+07 1.41984e+09 5.98196e+10 2.98666e+12 2.60705e+14 9.0632e+14 1.83331e+15 2.88613e+15 3.8867e+15 4.66547e+15 5.09073e+15 5.09073e+15 4.66547e+15 3.8867e+15 2.88613e+15 1.83331e+15 9.0632e+14 2.60705e+14 2.98666e+12 5.98196e+10 1.41984e+09 3.37701e+07 803814 18297.8
6177.01 259896 1.04215e+07 4.18338e+08 1.68973e+10 8.23587e+11 7.45763e+13 2.599e+14 5.26218e+14 8.28796e+14 1.1164e+15 1.34025e+15 1.46249e+15 1.46249e+15 1.34025e+15 1.1164e+15 8.28796e+14 5.26218e+14 2.599e+14 7.45763e+13 8.23587e+11 1.68973e+10 4.18338e+08 1.04215e+07 259896 6177.01
1058.89 36611.6 1.10501e+06 2.89053e+07 5.63791e+08 8.03624e+09 7.82664e+11 2.83502e+12 5.82571e+12 9.24181e+12 1.24958e+13 1.50301e+13 1.64141e+13 1.64141e+13 1.50301e+13 1.24958e+13 9.24181e+12 5.82571e+12 2.83502e+12 7.82664e+11 8.03624e+09 5.63791e+08 2.89053e+07 1.10501e+06 36611.6 1058.89
113.928 3203.77 74544.8 1.45655e+06 2.42168e+07 5.39583e+08 1.59323e+10 5.63678e+10 1.15824e+11 1.83879e+11 2.48737e+11 2.9926e+11 3.26851e+11 3.26851e+11 2.9926e+11 2.48737e+11 1.83879e+11 1.15824e+11 5.63678e+10 1.59323e+10 5.39583e+08 2.42168e+07 1.45655e+06 74544.8 3203.77 113.928
9.23981 220.997 4380.04 78590.7 1.41362e+06 2.7485e+07 3.94507e+08 1.33814e+09 2.73699e+09 4.34225e+09 5.87299e+09 7.06557e+09 7.71689e+09 7.71689e+09 7.06557e+09 5.87299e+09 4.34225e+09 2.73699e+09 1.33814e+09 3.94507e+08 2.7485e+07 1.41362e+06 78590.7 4380.04 220.997 9.23981
0.636195 13.6527 248.601 4283.64 71478 1.04773e+06 9.82889e+06 3.1832e+07 6.46789e+07 1.025e+08 1.38602e+08 1.66735e+08 1.82102e+08 1.82102e+08 1.66735e+08 1.38602e+08 1.025e+08 6.46789e+07 3.1832e+07 9.82889e+06 1.04773e+06 71478 4283.64 248.601 13.6527 0.636195
0.0395456 0.787603 13.4139 213.407 3054.85 34660.5 245135 757800 1.52706e+06 2.41619e+06 3.26605e+06 3.92862e+06 4.29056e+06 4.29056e+06 3.92862e+06 3.26605e+06 2.41619e+06 1.52706e+06 757800 245135 34660.5 3054.85 213.407 13.4139 0.787603 0.0395456
0.00207966 0.0390032 0.61801 8.86124 108.312 1001.55 5826.53 17252.7 34451.1 54403.3 73505.1 88405.8 96546.8 96546.8 88405.8 73505.1 54403.3 34451.1 17252.7 5826.53 1001.55 108.312 8.86124 0.61801 0.0390032 0.00207966
