1.29516e-05 0.0002435 0.00387305 0.0557884 0.684958 6.35769 37.1092 110.342 221.491 351.76 477.792 576.998 631.531 631.531 576.998 477.792 351.76 221.491 110.342 37.1092 6.35769 0.684958 0.0557884 0.00387305 0.0002435 1.29516e-05
0.000246165 0.00490999 0.0838852 1.34096 19.2979 219.948 1561.06 4846.47 9819.2 15628.4 21242 25659.9 28088.5 28088.5 25659.9 21242 15628.4 9819.2 4846.47 1561.06 219.948 19.2979 1.34096 0.0838852 0.00490999 0.000246165
0.00396291 0.0850572 1.55105 26.8327 450.569 6644.01 62575.3 203549 415915 663183 901911 1.08978e+06 1.19306e+06 1.19306e+06 1.08978e+06 901911 663183 415915 203549 62575.3 6644.01 450.569 26.8327 1.55105 0.0850572 0.00396291
0.0576818 1.37851 27.3032 490.434 8872.86 174035 2.51058e+06 8.55433e+06 1.7599e+07 2.80998e+07 3.82326e+07 4.62077e+07 5.0593e+07 5.0593e+07 4.62077e+07 3.82326e+07 2.80998e+07 1.7599e+07 8.55433e+06 2.51058e+06 174035 8872.86 490.434 27.3032 1.37851 0.0576818
0.71361 20.0485 465.74 9079.25 150873 3.40333e+06 1.01334e+08 3.60197e+08 7.44624e+08 1.19002e+09 1.61978e+09 1.95809e+09 2.14417e+09 2.14417e+09 1.95809e+09 1.61978e+09 1.19002e+09 7.44624e+08 3.60197e+08 1.01334e+08 3.40333e+06 150873 9079.25 465.74 20.0485 0.71361
6.65802 230.083 6937.08 181080 3.51302e+06 4.974e+07 4.96788e+09 1.80804e+10 3.73772e+10 5.96852e+10 8.11947e+10 9.81224e+10 1.07431e+11 1.07431e+11 9.81224e+10 8.11947e+10 5.96852e+10 3.73772e+10 1.80804e+10 4.96788e+09 4.974e+07 3.51302e+06 181080 6937.08 230.083 6.65802
38.9962 1640.5 65762.8 2.63867e+06 1.06517e+08 5.19643e+09 4.73256e+11 1.6539e+12 3.36086e+12 5.31455e+12 7.18543e+12 8.65095e+12 9.45464e+12 9.45464e+12 8.65095e+12 7.18543e+12 5.31455e+12 3.36086e+12 1.6539e+12 4.73256e+11 5.19643e+09 1.06517e+08 2.63867e+06 65762.8 1640.5 38.9962
116.052 5097.97 214145 9.0011e+06 3.79074e+08 1.89385e+10 1.65893e+12 5.78181e+12 1.17357e+13 1.85455e+13 2.50636e+13 3.01678e+13 3.29664e+13 3.29664e+13 3.01678e+13 2.50636e+13 1.85455e+13 1.17357e+13 5.78181e+12 1.65893e+12 1.89385e+10 3.79074e+08 9.0011e+06 214145 5097.97 116.052
232.939 10328.2 437540 1.85169e+07 7.83584e+08 3.91519e+10 3.37424e+12 1.17469e+13 2.38324e+13 3.76514e+13 5.08762e+13 6.1231e+13 6.69081e+13 6.69081e+13 6.1231e+13 5.08762e+13 3.76514e+13 2.38324e+13 1.17469e+13 3.37424e+12 3.91519e+10 7.83584e+08 1.85169e+07 437540 10328.2 232.939
369.791 16431.6 697365 2.95523e+07 1.25172e+09 6.24949e+10 5.3373e+12 1.85691e+13 3.76637e+13 5.94938e+13 8.03829e+13 9.67378e+13 1.05704e+14 1.05704e+14 9.67378e+13 8.03829e+13 5.94938e+13 3.76637e+13 1.85691e+13 5.3373e+12 6.24949e+10 1.25172e+09 2.95523e+07 697365 16431.6 369.791
502.03 22322.2 947894 4.01871e+07 1.7028e+09 8.49737e+10 7.21639e+12 2.50967e+13 5.08955e+13 8.03875e+13 1.08606e+14 1.30699e+14 1.42811e+14 1.42811e+14 1.30699e+14 1.08606e+14 8.03875e+13 5.08955e+13 2.50967e+13 7.21639e+12 8.49737e+10 1.7028e+09 4.01871e+07 947894 22322.2 502.03
606.005 26952.7 1.14481e+06 4.85469e+07 2.05746e+09 1.02643e+11 8.68763e+12 3.02061e+13 6.12515e+13 9.67391e+13 1.30693e+14 1.57276e+14 1.71848e+14 1.71848e+14 1.57276e+14 1.30693e+14 9.67391e+13 6.12515e+13 3.02061e+13 8.68763e+12 1.02643e+11 2.05746e+09 4.85469e+07 1.14481e+06 26952.7 606.005
663.115 29496.2 1.25299e+06 5.31399e+07 2.25235e+09 1.12351e+11 9.49415e+12 3.30067e+13 6.69274e+13 1.05701e+14 1.42798e+14 1.71841e+14 1.87762e+14 1.87762e+14 1.71841e+14 1.42798e+14 1.05701e+14 6.69274e+13 3.30067e+13 9.49415e+12 1.12351e+11 2.25235e+09 5.31399e+07 1.25299e+06 29496.2 663.115
663.115 29496.2 1.25299e+06 5.31399e+07 2.25235e+09 1.12351e+11 9.49415e+12 3.30067e+13 6.69274e+13 1.05701e+14 1.42798e+14 1.71841e+14 1.87762e+14 1.87762e+14 1.71841e+14 1.42798e+14 1.05701e+14 6.69274e+13 3.30067e+13 9.49415e+12 1.12351e+11 2.25235e+09 5.31399e+07 1.25299e+06 29496.2 663.115
606.005 26952.7 1.14481e+06 4.85469e+07 2.05746e+09 1.02643e+11 8.68763e+12 3.02061e+13 6.12515e+13 9.67391e+13 1.30693e+14 1.57276e+14 1.71848e+14 1.71848e+14 1.57276e+14 1.30693e+14 9.67391e+13 6.12515e+13 3.02061e+13 8.68763e+12 1.02643e+11 2.05746e+09 4.85469e+07 1.14481e+06 26952.7 606.005
502.03 22322.2 947894 4.01871e+07 1.7028e+09 8.49737e+10 7.21639e+12 2.50967e+13 5.08955e+13 8.03875e+13 1.08606e+14 1.30699e+14 1.42811e+14 1.42811e+14 1.30699e+14 1.08606e+14 8.03875e+13 5.08955e+13 2.50967e+13 7.21639e+12 8.49737e+10 1.7028e+09 4.01871e+07 947894 22322.2 502.03
369.791 16431.6 697365 2.95523e+07 1.25172e+09 6.24949e+10 5.3373e+12 1.85691e+13 3.76637e+13 5.94938e+13 8.03829e+13 9.67378e+13 1.05704e+14 1.05704e+14 9.67378e+13 8.03829e+13 5.94938e+13 3.76637e+13 1.85691e+13 5.3373e+12 6.24949e+10 1.25172e+09 2.95523e+07 697365 16431.6 369.791
232.939 10328.2 437540 1.85169e+07 7.83584e+08 3.91519e+10 3.37424e+12 1.17469e+13 2.38324e+13 3.76514e+13 5.08762e+13 6.1231e+13 6.69081e+13 6.69081e+13 6.1231e+13 5.08762e+13 3.76514e+13 2.38324e+13 1.17469e+13 3.37424e+12 3.91519e+10 7.83584e+08 1.85169e+07 437540 10328.2 232.939
116.052 5097.97 214145 9.0011e+06 3.79074e+08 1.89385e+10 1.65893e+12 5.78181e+12 1.17357e+13 1.85455e+13 2.50636e+13 3.01678e+13 3.29664e+13 3.29664e+13 3.01678e+13 2.50636e+13 1.85455e+13 1.17357e+13 5.78181e+12 1.65893e+12 1.89385e+10 3.79074e+08 9.0011e+06 214145 5097.97 116.052
38.9962 1640.5 65762.8 2.63867e+06 1.06517e+08 5.19643e+09 4.73256e+11 1.6539e+12 3.36086e+12 5.31455e+12 7.18543e+12 8.65095e+12 9.45464e+12 9.45464e+12 8.65095e+12 7.18543e+12 5.31455e+12 3.36086e+12 1.6539e+12 4.73256e+11 5.19643e+09 1.06517e+08 2.63867e+06 65762.8 1640.5 38.9962
6.65802 230.083 6937.08 181080 3.51302e+06 4.974e+07 4.96788e+09 1.80804e+10 3.73772e+10 5.96852e+10 8.11947e+10 9.81224e+10 1.07431e+11 1.07431e+11 9.81224e+10 8.11947e+10 5.96852e+10 3.73772e+10 1.80804e+10 4.96788e+09 4.974e+07 3.51302e+06 181080 6937.08 230.083 6.65802
0.71361 20.0485 465.74 9079.25 150873 3.40333e+06 1.01334e+08 3.60197e+08 7.44624e+08 1.19002e+09 1.61978e+09 1.95809e+09 2.14417e+09 2.14417e+09 1.95809e+09 1.61978e+09 1.19002e+09 7.44624e+08 3.60197e+08 1.01334e+08 3.40333e+06 150873 9079.25 465.74 20.0485 0.71361
0.0576818 1.37851 27.3032 490.434 8872.86 174035 2.51058e+06 8.55433e+06 1.7599e+07 2.80998e+07 3.82327e+07 4.62077e+07 5.0593e+07 5.0593e+07 4.62077e+07 3.82326e+07 2.80998e+07 1.7599e+07 8.55433e+06 2.51058e+06 174035 8872.86 490.434 27.3032 1.37851 0.0576818
0.00396291 0.0850572 1.55105 26.8327 450.569 6644.01 62575.3 203549 415915 663183 901911 1.08978e+06 1.19306e+06 1.19306e+06 1.08978e+06 901911 663183 415915 203549 62575.3 6644.01 450.569 26.8327 1.55105 0.0850572 0.00396291
0.000246165 0.00490999 0.0838852 1.34096 19.2979 219.948 1561.06 4846.47 9819.2 15628.4 21242 25659.9 28088.5 28088.5 25659.9 21242 15628.4 9819.2 4846.47 1561.06 219.948 19.2979 1.34096 0.0838852 0.00490999 0.000246165
1.29516e-05 0.0002435 0.00387305 0.0557884 0.684958 6.35769 37.1092 110.342 221.491 351.76 477.792 576.998 631.531 631.531 576.998 477.792 351.76 221.491 110.342 37.1092 6.35769 0.684958 0.0557884 0.00387305 0.0002435 1.29516e-05
