10.9722 203.277 3146.68 43746.6 518682 4.68697e+06 2.68969e+07 7.89995e+07 1.56337e+08 2.44291e+08 3.26559e+08 3.89337e+08 4.231e+08 4.231e+08 3.89337e+08 3.26559e+08 2.44291e+08 1.56337e+08 7.89995e+07 2.68969e+07 4.68697e+06 518682 43746.6 3146.68 203.277 10.9722
210.961 4184.13 70048.5 1.07914e+06 1.48603e+07 1.63364e+08 1.13519e+09 3.47913e+09 6.94473e+09 1.0866e+10 1.45217e+10 1.73054e+10 1.88007e+10 1.88007e+10 1.73054e+10 1.45217e+10 1.0866e+10 6.94473e+09 3.47913e+09 1.13519e+09 1.63364e+08 1.48603e+07 1.07914e+06 70048.5 4184.13 210.961
3401.84 73472.5 1.3335e+06 2.24169e+07 3.56827e+08 4.99144e+09 4.56812e+10 1.466e+11 2.94923e+11 4.61856e+11 6.1699e+11 7.34869e+11 7.98102e+11 7.98102e+11 7.34869e+11 6.1699e+11 4.61856e+11 2.94923e+11 1.466e+11 4.56812e+10 4.99144e+09 3.56827e+08 2.24169e+07 1.3335e+06 73472.5 3401.84
48918 1.18621e+06 2.38297e+07 4.27426e+08 7.37828e+09 1.33301e+11 1.84017e+12 6.18247e+12 1.25144e+13 1.96054e+13 2.61763e+13 3.1159e+13 3.38283e+13 3.38283e+13 3.1159e+13 2.61763e+13 1.96054e+13 1.25144e+13 6.18247e+12 1.84017e+12 1.33301e+11 7.37828e+09 4.27426e+08 2.38297e+07 1.18621e+06 48918
591679 1.68684e+07 4.00437e+08 8.03512e+09 1.35385e+11 2.72598e+12 7.45565e+13 2.61208e+14 5.30934e+14 8.31725e+14 1.10975e+15 1.32016e+15 1.43273e+15 1.43273e+15 1.32016e+15 1.10975e+15 8.31725e+14 5.30934e+14 2.61208e+14 7.45565e+13 2.72598e+12 1.35385e+11 8.03512e+09 4.00437e+08 1.68684e+07 591679
5.37947e+06 1.87587e+08 5.73683e+09 1.53479e+11 3.14932e+12 4.78293e+13 3.71822e+15 1.33291e+16 2.70943e+16 4.24148e+16 5.65711e+16 6.7286e+16 7.30191e+16 7.30191e+16 6.7286e+16 5.65711e+16 4.24148e+16 2.70943e+16 1.33291e+16 3.71822e+15 4.78293e+13 3.14932e+12 1.53479e+11 5.73683e+09 1.87587e+08 5.37947e+06
3.07982e+07 1.29959e+09 5.22864e+10 2.10583e+12 8.53e+13 4.10144e+15 3.53006e+17 1.22421e+18 2.46403e+18 3.85162e+18 5.14728e+18 6.13906e+18 6.67426e+18 6.67426e+18 6.13906e+18 5.14728e+18 3.85162e+18 2.46403e+18 1.22421e+18 3.53006e+17 4.10144e+15 8.53e+13 2.10583e+12 5.22864e+10 1.29959e+09 3.07982e+07
9.03077e+07 3.97587e+09 1.67476e+11 7.06053e+12 2.98208e+14 1.4718e+16 1.23017e+18 4.25511e+18 8.55259e+18 1.3356e+19 1.78365e+19 2.12636e+19 2.31122e+19 2.31122e+19 2.12636e+19 1.78365e+19 1.3356e+19 8.55259e+18 4.25511e+18 1.23017e+18 1.4718e+16 2.98208e+14 7.06053e+12 1.67476e+11 3.97587e+09 9.03077e+07
1.785e+08 7.92647e+09 3.36493e+11 1.42732e+13 6.05343e+14 2.99001e+16 2.4781e+18 8.55995e+18 1.71832e+19 2.68003e+19 3.57516e+19 4.25859e+19 4.62677e+19 4.62677e+19 4.25859e+19 3.57516e+19 2.68003e+19 1.71832e+19 8.55995e+18 2.4781e+18 2.99001e+16 6.05343e+14 1.42732e+13 3.36493e+11 7.92647e+09 1.785e+08
2.78641e+08 1.23892e+10 5.26395e+11 2.23364e+13 9.47225e+14 4.67601e+16 3.87195e+18 1.33621e+19 2.67897e+19 4.17273e+19 5.5595e+19 6.61598e+19 7.18429e+19 7.18429e+19 6.61598e+19 5.5595e+19 4.17273e+19 2.67897e+19 1.33621e+19 3.87195e+18 4.67601e+16 9.47225e+14 2.23364e+13 5.26395e+11 1.23892e+10 2.78641e+08
3.72164e+08 1.6543e+10 7.02579e+11 2.97952e+13 1.26266e+15 6.23004e+16 5.16989e+18 1.78296e+19 3.57076e+19 5.55487e+19 7.39238e+19 8.78926e+19 9.53961e+19 9.53961e+19 8.78926e+19 7.39238e+19 5.55487e+19 3.57076e+19 1.78296e+19 5.16989e+18 6.23004e+16 1.26266e+15 2.97952e+13 7.02579e+11 1.6543e+10 3.72164e+08
4.43434e+08 1.97017e+10 8.3626e+11 3.54427e+13 1.50101e+15 7.40359e+16 6.1608e+18 2.12378e+19 4.24989e+19 6.60511e+19 8.78216e+19 1.04344e+20 1.13209e+20 1.13209e+20 1.04344e+20 8.78216e+19 6.60511e+19 4.24989e+19 2.12378e+19 6.1608e+18 7.40359e+16 1.50101e+15 3.54427e+13 8.3626e+11 1.97017e+10 4.43434e+08
4.81729e+08 2.13967e+10 9.07898e+11 3.8465e+13 1.62838e+15 8.03049e+16 6.6945e+18 2.30728e+19 4.61508e+19 7.16903e+19 9.5273e+19 1.13155e+20 1.22743e+20 1.22743e+20 1.13155e+20 9.5273e+19 7.16903e+19 4.61508e+19 2.30728e+19 6.6945e+18 8.03049e+16 1.62838e+15 3.8465e+13 9.07898e+11 2.13967e+10 4.81729e+08
4.81729e+08 2.13967e+10 9.07898e+11 3.8465e+13 1.62838e+15 8.03049e+16 6.6945e+18 2.30728e+19 4.61508e+19 7.16903e+19 9.5273e+19 1.13155e+20 1.22743e+20 1.22743e+20 1.13155e+20 9.5273e+19 7.16903e+19 4.61508e+19 2.30728e+19 6.6945e+18 8.03049e+16 1.62838e+15 3.8465e+13 9.07898e+11 2.13967e+10 4.81729e+08
4.43434e+08 1.97017e+10 8.3626e+11 3.54427e+13 1.50101e+15 7.40359e+16 6.1608e+18 2.12378e+19 4.24989e+19 6.60511e+19 8.78216e+19 1.04344e+20 1.13209e+20 1.13209e+20 1.04344e+20 8.78216e+19 6.60511e+19 4.24989e+19 2.12378e+19 6.1608e+18 7.40359e+16 1.50101e+15 3.54427e+13 8.3626e+11 1.97017e+10 4.43434e+08
3.72164e+08 1.6543e+10 7.02579e+11 2.97952e+13 1.26266e+15 6.23004e+16 5.16989e+18 1.78296e+19 3.57076e+19 5.55487e+19 7.39238e+19 8.78926e+19 9.53961e+19 9.53961e+19 8.78926e+19 7.39238e+19 5.55487e+19 3.57076e+19 1.78296e+19 5.16989e+18 6.23004e+16 1.26266e+15 2.97952e+13 7.02579e+11 1.6543e+10 3.72164e+08
2.78641e+08 1.23892e+10 5.26395e+11 2.23364e+13 9.47225e+14 4.67601e+16 3.87195e+18 1.33621e+19 2.67897e+19 4.17273e+19 5.5595e+19 6.61598e+19 7.18429e+19 7.18429e+19 6.61598e+19 5.5595e+19 4.17273e+19 2.67897e+19 1.33621e+19 3.87195e+18 4.67601e+16 9.47225e+14 2.23364e+13 5.26395e+11 1.23892e+10 2.78641e+08
1.785e+08 7.92647e+09 3.36493e+11 1.42732e+13 6.05343e+14 2.99001e+16 2.4781e+18 8.55995e+18 1.71832e+19 2.68003e+19 3.57516e+19 4.25859e+19 4.62677e+19 4.62677e+19 4.25859e+19 3.57516e+19 2.68003e+19 1.71832e+19 8.55995e+18 2.4781e+18 2.99001e+16 6.05343e+14 1.42732e+13 3.36493e+11 7.92647e+09 1.785e+08
9.03077e+07 3.97587e+09 1.67476e+11 7.06053e+12 2.98208e+14 1.4718e+16 1.23017e+18 4.25511e+18 8.55259e+18 1.3356e+19 1.78365e+19 2.12636e+19 2.31122e+19 2.31122e+19 2.12636e+19 1.78365e+19 1.3356e+19 8.55259e+18 4.25511e+18 1.23017e+18 1.4718e+16 2.98208e+14 7.06053e+12 1.67476e+11 3.97587e+09 9.03077e+07
3.07982e+07 1.29959e+09 5.22864e+10 2.10583e+12 8.53e+13 4.10144e+15 3.53006e+17 1.22421e+18 2.46403e+18 3.85162e+18 5.14728e+18 6.13906e+18 6.67426e+18 6.67426e+18 6.13906e+18 5.14728e+18 3.85162e+18 2.46403e+18 1.22421e+18 3.53006e+17 4.10144e+15 8.53e+13 2.10583e+12 5.22864e+10 1.29959e+09 3.07982e+07
5.37947e+06 1.87587e+08 5.73683e+09 1.53479e+11 3.14932e+12 4.78293e+13 3.71822e+15 1.33291e+16 2.70943e+16 4.24148e+16 5.65711e+16 6.7286e+16 7.30191e+16 7.30191e+16 6.7286e+16 5.65711e+16 4.24148e+16 2.70943e+16 1.33291e+16 3.71822e+15 4.78293e+13 3.14932e+12 1.53479e+11 5.73683e+09 1.87587e+08 5.37947e+06
591679 1.68684e+07 4.00437e+08 8.03512e+09 1.35385e+11 2.72598e+12 7.45565e+13 2.61208e+14 5.30934e+14 8.31725e+14 1.10975e+15 1.32016e+15 1.43273e+15 1.43273e+15 1.32016e+15 1.10975e+15 8.31725e+14 5.30934e+14 2.61208e+14 7.45565e+13 2.72598e+12 1.35385e+11 8.03512e+09 4.00437e+08 1.68684e+07 591679
48918 1.18621e+06 2.38297e+07 4.27426e+08 7.37828e+09 1.33301e+11 1.84017e+12 6.18247e+12 1.25144e+13 1.96054e+13 2.61763e+13 3.1159e+13 3.38283e+13 3.38283e+13 3.1159e+13 2.61763e+13 1.96054e+13 1.25144e+13 6.18247e+12 1.84017e+12 1.33301e+11 7.37828e+09 4.27426e+08 2.38297e+07 1.18621e+06 48918
3401.84 73472.5 1.3335e+06 2.24169e+07 3.56827e+08 4.99144e+09 4.56812e+10 1.466e+11 2.94923e+11 4.61856e+11 6.1699e+11 7.34869e+11 7.98102e+11 7.98102e+11 7.34869e+11 6.1699e+11 4.61856e+11 2.94923e+11 1.466e+11 4.56812e+10 4.99144e+09 3.56827e+08 2.24169e+07 1.3335e+06 73472.5 3401.84
210.961 4184.13 70048.5 1.07914e+06 1.48603e+07 1.63364e+08 1.13519e+09 3.47913e+09 6.94473e+09 1.0866e+10 1.45217e+10 1.73054e+10 1.88007e+10 1.88007e+10 1.73054e+10 1.45217e+10 1.0866e+10 6.94473e+09 3.47913e+09 1.13519e+09 1.63364e+08 1.48603e+07 1.07914e+06 70048.5 4184.13 210.961
10.9722 203.277 3146.68 43746.6 518682 4.68697e+06 2.68969e+07 7.89995e+07 1.56337e+08 2.44291e+08 3.26559e+08 3.89337e+08 4.231e+08 4.231e+08 3.89337e+08 3.26559e+08 2.44291e+08 1.56337e+08 7.89995e+07 2.68969e+07 4.68697e+06 518682 43746.6 3146.68 203.277 10.9722
