15.0526 278.443 4301.31 59651 705257 6.35165e+06 3.62796e+07 1.05672e+08 2.06784e+08 3.19097e+08 4.21531e+08 4.97946e+08 5.38399e+08 5.38399e+08 4.97946e+08 4.21531e+08 3.19097e+08 2.06784e+08 1.05672e+08 3.62796e+07 6.35165e+06 705257 59651 4301.31 278.443 15.0526
289.114 5727 95709.3 1.4711e+06 2.02031e+07 2.21404e+08 1.53194e+09 4.65538e+09 9.18514e+09 1.41854e+10 1.87253e+10 2.21013e+10 2.3885e+10 2.3885e+10 2.21013e+10 1.87253e+10 1.41854e+10 9.18514e+09 4.65538e+09 1.53194e+09 2.21404e+08 2.02031e+07 1.4711e+06 95709.3 5727 289.114
4655.25 100454 1.82084e+06 3.05519e+07 4.8509e+08 6.76578e+09 6.16876e+10 1.96256e+11 3.90071e+11 6.02616e+11 7.94732e+11 9.37125e+11 1.01219e+12 1.01219e+12 9.37125e+11 7.94732e+11 6.02616e+11 3.90071e+11 1.96256e+11 6.16876e+10 6.76578e+09 4.8509e+08 3.05519e+07 1.82084e+06 100454 4655.25
66814.3 1.61929e+06 3.25052e+07 5.82342e+08 1.00316e+10 1.80731e+11 2.48713e+12 8.28172e+12 1.65537e+13 2.55685e+13 3.36824e+13 3.96768e+13 4.283e+13 4.283e+13 3.96768e+13 3.36824e+13 2.55685e+13 1.65537e+13 8.28172e+12 2.48713e+12 1.80731e+11 1.00316e+10 5.82342e+08 3.25052e+07 1.61929e+06 66814.3
806207 2.29784e+07 5.45316e+08 1.09378e+10 1.84117e+11 3.69762e+12 1.00882e+14 3.50184e+14 7.0249e+14 1.08431e+15 1.42663e+15 1.67871e+15 1.81102e+15 1.81102e+15 1.67871e+15 1.42663e+15 1.08431e+15 7.0249e+14 3.50184e+14 1.00882e+14 3.69762e+12 1.84117e+11 1.09378e+10 5.45316e+08 2.29784e+07 806207
7.30729e+06 2.54825e+08 7.79384e+09 2.08546e+11 4.28048e+12 6.49967e+13 5.03961e+15 1.79028e+16 3.5925e+16 5.54305e+16 7.29284e+16 8.58278e+16 9.26045e+16 9.26045e+16 8.58278e+16 7.29284e+16 5.54305e+16 3.5925e+16 1.79028e+16 5.03961e+15 6.49967e+13 4.28048e+12 2.08546e+11 7.79384e+09 2.54825e+08 7.30729e+06
4.16438e+07 1.75806e+09 7.07776e+10 2.85298e+12 1.15693e+14 5.57001e+15 4.78707e+17 1.6506e+18 3.29517e+18 5.10429e+18 6.76407e+18 8.01556e+18 8.6841e+18 8.6841e+18 8.01556e+18 6.76407e+18 5.10429e+18 3.29517e+18 1.6506e+18 4.78707e+17 5.57001e+15 1.15693e+14 2.85298e+12 7.07776e+10 1.75806e+09 4.16438e+07
1.21105e+08 5.33346e+09 2.24763e+11 9.48134e+12 4.0077e+14 1.98052e+16 1.65802e+18 5.70344e+18 1.13715e+19 1.75991e+19 2.33071e+19 2.7608e+19 2.99046e+19 2.99046e+19 2.7608e+19 2.33071e+19 1.75991e+19 1.13715e+19 5.70344e+18 1.65802e+18 1.98052e+16 4.0077e+14 9.48134e+12 2.24763e+11 5.33346e+09 1.21105e+08
2.36723e+08 1.05111e+10 4.46209e+11 1.8929e+13 8.02991e+14 3.97112e+16 3.31056e+18 1.13738e+19 2.26443e+19 3.49926e+19 4.62786e+19 5.4762e+19 5.92844e+19 5.92844e+19 5.4762e+19 4.62786e+19 3.49926e+19 2.26443e+19 1.13738e+19 3.31056e+18 3.97112e+16 8.02991e+14 1.8929e+13 4.46209e+11 1.05111e+10 2.36723e+08
3.64969e+08 1.62182e+10 6.88691e+11 2.92087e+13 1.23819e+15 6.11962e+16 5.12195e+18 1.75819e+19 3.49519e+19 5.39192e+19 7.11947e+19 8.41409e+19 9.10282e+19 9.10282e+19 8.41409e+19 7.11947e+19 5.39192e+19 3.49519e+19 1.75819e+19 5.12195e+18 6.11962e+16 1.23819e+15 2.92087e+13 6.88691e+11 1.62182e+10 3.64969e+08
4.81778e+08 2.13927e+10 9.07547e+11 3.84472e+13 1.62775e+15 8.041e+16 6.77652e+18 2.32476e+19 4.61526e+19 7.10838e+19 9.3715e+19 1.10625e+20 1.19602e+20 1.19602e+20 1.10625e+20 9.3715e+19 7.10838e+19 4.61526e+19 2.32476e+19 6.77652e+18 8.041e+16 1.62775e+15 3.84472e+13 9.07547e+11 2.13927e+10 4.81778e+08
5.68818e+08 2.52361e+10 1.06956e+12 4.52636e+13 1.91424e+15 9.45335e+16 8.01894e+18 2.74994e+19 5.45378e+19 8.38948e+19 1.10473e+20 1.30286e+20 1.40789e+20 1.40789e+20 1.30286e+20 1.10473e+20 8.38948e+19 5.45378e+19 2.74994e+19 8.01894e+18 9.45335e+16 1.91424e+15 4.52636e+13 1.06956e+12 2.52361e+10 5.68818e+08
6.14862e+08 2.7265e+10 1.1549e+12 4.88462e+13 2.06447e+15 1.01938e+17 8.68069e+18 2.97632e+19 5.89951e+19 9.06906e+19 1.19345e+20 1.40678e+20 1.51977e+20 1.51977e+20 1.40678e+20 1.19345e+20 9.06906e+19 5.89951e+19 2.97632e+19 8.68069e+18 1.01938e+17 2.06447e+15 4.88462e+13 1.1549e+12 2.7265e+10 6.14862e+08
6.14862e+08 2.7265e+10 1.1549e+12 4.88462e+13 2.06447e+15 1.01938e+17 8.68069e+18 2.97632e+19 5.89951e+19 9.06906e+19 1.19345e+20 1.40678e+20 1.51977e+20 1.51977e+20 1.40678e+20 1.19345e+20 9.06906e+19 5.89951e+19 2.97632e+19 8.68069e+18 1.01938e+17 2.06447e+15 4.88462e+13 1.1549e+12 2.7265e+10 6.14862e+08
5.68818e+08 2.52361e+10 1.06956e+12 4.52636e+13 1.91424e+15 9.45335e+16 8.01894e+18 2.74994e+19 5.45378e+19 8.38948e+19 1.10473e+20 1.30286e+20 1.40789e+20 1.40789e+20 1.30286e+20 1.10473e+20 8.38948e+19 5.45378e+19 2.74994e+19 8.01894e+18 9.45335e+16 1.91424e+15 4.52636e+13 1.06956e+12 2.52361e+10 5.68818e+08
4.81778e+08 2.13927e+10 9.07547e+11 3.84472e+13 1.62775e+15 8.041e+16 6.77652e+18 2.32476e+19 4.61526e+19 7.10838e+19 9.3715e+19 1.10625e+20 1.19602e+20 1.19602e+20 1.10625e+20 9.3715e+19 7.10838e+19 4.61526e+19 2.32476e+19 6.77652e+18 8.041e+16 1.62775e+15 3.84472e+13 9.07547e+11 2.13927e+10 4.81778e+08
3.64969e+08 1.62182e+10 6.88691e+11 2.92087e+13 1.23819e+15 6.11962e+16 5.12195e+18 1.75819e+19 3.49519e+19 5.39192e+19 7.11947e+19 8.41409e+19 9.10282e+19 9.10282e+19 8.41409e+19 7.11947e+19 5.39192e+19 3.49519e+19 1.75819e+19 5.12194e+18 6.11962e+16 1.23819e+15 2.92087e+13 6.88691e+11 1.62182e+10 3.64969e+08
2.36723e+08 1.05111e+10 4.46209e+11 1.8929e+13 8.02991e+14 3.97112e+16 3.31056e+18 1.13738e+19 2.26443e+19 3.49926e+19 4.62786e+19 5.4762e+19 5.92844e+19 5.92844e+19 5.4762e+19 4.62786e+19 3.49926e+19 2.26443e+19 1.13738e+19 3.31056e+18 3.97112e+16 8.02991e+14 1.8929e+13 4.46209e+11 1.05111e+10 2.36723e+08
1.21105e+08 5.33346e+09 2.24763e+11 9.48134e+12 4.0077e+14 1.98052e+16 1.65802e+18 5.70344e+18 1.13715e+19 1.75991e+19 2.33071e+19 2.7608e+19 2.99046e+19 2.99046e+19 2.7608e+19 2.33071e+19 1.75991e+19 1.13715e+19 5.70344e+18 1.65802e+18 1.98052e+16 4.0077e+14 9.48134e+12 2.24763e+11 5.33346e+09 1.21105e+08
4.16438e+07 1.75806e+09 7.07776e+10 2.85298e+12 1.15693e+14 5.57001e+15 4.78707e+17 1.6506e+18 3.29517e+18 5.10429e+18 6.76407e+18 8.01556e+18 8.6841e+18 8.6841e+18 8.01556e+18 6.76407e+18 5.10429e+18 3.29517e+18 1.6506e+18 4.78707e+17 5.57001e+15 1.15693e+14 2.85298e+12 7.07776e+10 1.75806e+09 4.16438e+07
7.30729e+06 2.54825e+08 7.79384e+09 2.08546e+11 4.28048e+12 6.49967e+13 5.03961e+15 1.79028e+16 3.5925e+16 5.54305e+16 7.29284e+16 8.58278e+16 9.26045e+16 9.26045e+16 8.58278e+16 7.29284e+16 5.54305e+16 3.5925e+16 1.79028e+16 5.03961e+15 6.49967e+13 4.28048e+12 2.08546e+11 7.79384e+09 2.54825e+08 7.30729e+06
806207 2.29784e+07 5.45316e+08 1.09378e+10 1.84117e+11 3.69762e+12 1.00882e+14 3.50184e+14 7.0249e+14 1.08431e+15 1.42663e+15 1.67871e+15 1.81102e+15 1.81102e+15 1.67871e+15 1.42663e+15 1.08431e+15 7.0249e+14 3.50184e+14 1.00882e+14 3.69762e+12 1.84117e+11 1.09378e+10 5.45316e+08 2.29784e+07 806207
66814.3 1.61929e+06 3.25052e+07 5.82342e+08 1.00316e+10 1.80731e+11 2.48713e+12 8.28172e+12 1.65537e+13 2.55685e+13 3.36824e+13 3.96768e+13 4.283e+13 4.283e+13 3.96768e+13 3.36824e+13 2.55685e+13 1.65537e+13 8.28172e+12 2.48713e+12 1.80731e+11 1.00316e+10 5.82342e+08 3.25052e+07 1.61929e+06 66814.3
4655.25 100454 1.82084e+06 3.05519e+07 4.8509e+08 6.76578e+09 6.16876e+10 1.96256e+11 3.90071e+11 6.02616e+11 7.94732e+11 9.37125e+11 1.01219e+12 1.01219e+12 9.37125e+11 7.94732e+11 6.02616e+11 3.90071e+11 1.96256e+11 6.16876e+10 6.76578e+09 4.8509e+08 3.05519e+07 1.82084e+06 100454 4655.25
289.114 5727 95709.3 1.4711e+06 2.02031e+07 2.21404e+08 1.53194e+09 4.65538e+09 9.18514e+09 1.41854e+10 1.87253e+10 2.21013e+10 2.3885e+10 2.3885e+10 2.21013e+10 1.87253e+10 1.41854e+10 9.18514e+09 4.65538e+09 1.53194e+09 2.21404e+08 2.02031e+07 1.4711e+06 95709.3 5727 289.114
15.0526 278.443 4301.31 59651 705257 6.35165e+06 3.62796e+07 1.05672e+08 2.06784e+08 3.19097e+08 4.21531e+08 4.97946e+08 5.38399e+08 5.38399e+08 4.97946e+08 4.21531e+08 3.19097e+08 2.06784e+08 1.05672e+08 3.62796e+07 6.35165e+06 705257 59651 4301.31 278.443 15.0526
