5.04885 94.0519 1468.73 20642.5 247367 2.25346e+06 1.29887e+07 3.81726e+07 7.54675e+07 1.17712e+08 1.57029e+08 1.86886e+08 2.02887e+08 2.02887e+08 1.86886e+08 1.57029e+08 1.17712e+08 7.54675e+07 3.81726e+07 1.29887e+07 2.25346e+06 247367 20642.5 1468.73 94.0519 5.04885
96.9898 1929.98 32538 506878 7.07103e+06 7.8568e+07 5.4911e+08 1.68422e+09 3.35876e+09 5.24586e+09 6.99635e+09 8.32276e+09 9.03266e+09 9.03266e+09 8.32276e+09 6.99635e+09 5.24586e+09 3.35876e+09 1.68422e+09 5.4911e+08 7.8568e+07 7.07103e+06 506878 32538 1929.98 96.9898
1566.58 33849.9 616340 1.04539e+07 1.68939e+08 2.39909e+09 2.2134e+10 7.10998e+10 1.4291e+11 2.23407e+11 2.97835e+11 3.54109e+11 3.84185e+11 3.84185e+11 3.54109e+11 2.97835e+11 2.23407e+11 1.4291e+11 7.10998e+10 2.2134e+10 2.39909e+09 1.68939e+08 1.04539e+07 616340 33849.9 1566.58
22635.9 548062 1.09958e+07 1.97679e+08 3.45746e+09 6.38851e+10 8.92967e+11 3.00344e+12 6.07453e+12 9.50004e+12 1.2658e+13 1.50407e+13 1.63124e+13 1.63124e+13 1.50407e+13 1.2658e+13 9.50004e+12 6.07453e+12 3.00344e+12 8.92967e+11 6.38851e+10 3.45746e+09 1.97679e+08 1.09958e+07 548062 22635.9
275733 7.84909e+06 1.85757e+08 3.70897e+09 6.23869e+10 1.29368e+12 3.62254e+13 1.27073e+14 2.58093e+14 4.03618e+14 5.37432e+14 6.38186e+14 6.91883e+14 6.91883e+14 6.38186e+14 5.37432e+14 4.03618e+14 2.58093e+14 1.27073e+14 3.62254e+13 1.29368e+12 6.23869e+10 3.70897e+09 1.85757e+08 7.84909e+06 275733
2.52559e+06 8.80705e+07 2.69025e+09 7.16925e+10 1.45383e+12 2.17488e+13 1.80163e+15 6.46973e+15 1.31452e+16 2.05485e+16 2.73571e+16 3.24862e+16 3.52212e+16 3.52212e+16 3.24862e+16 2.73571e+16 2.05485e+16 1.31452e+16 6.46973e+15 1.80163e+15 2.17488e+13 1.45383e+12 7.16925e+10 2.69025e+09 8.80705e+07 2.52559e+06
1.45404e+07 6.14656e+08 2.47741e+10 9.99404e+11 4.05401e+13 1.96048e+15 1.71385e+17 5.95215e+17 1.19864e+18 1.87366e+18 2.50326e+18 2.98462e+18 3.24415e+18 3.24415e+18 2.98462e+18 2.50326e+18 1.87366e+18 1.19864e+18 5.95215e+17 1.71385e+17 1.96048e+15 4.05401e+13 9.99404e+11 2.47741e+10 6.14656e+08 1.45404e+07
4.2679e+07 1.88275e+09 7.94683e+10 3.35644e+12 1.41987e+14 7.046e+15 5.9768e+17 2.07064e+18 4.16521e+18 6.5068e+18 8.6903e+18 1.03596e+19 1.12597e+19 1.12597e+19 1.03596e+19 8.6903e+18 6.5068e+18 4.16521e+18 2.07064e+18 5.9768e+17 7.046e+15 1.41987e+14 3.35644e+12 7.94683e+10 1.88275e+09 4.2679e+07
8.42744e+07 3.75e+09 1.59526e+11 6.77953e+12 2.87995e+14 1.4304e+16 1.20411e+18 4.16708e+18 8.37461e+18 1.30717e+19 1.74461e+19 2.0787e+19 2.25871e+19 2.25871e+19 2.0787e+19 1.74461e+19 1.30717e+19 8.37461e+18 4.16708e+18 1.20411e+18 1.4304e+16 2.87995e+14 6.77953e+12 1.59526e+11 3.75e+09 8.42744e+07
1.3129e+08 5.84962e+09 2.49061e+11 1.05885e+13 4.49762e+14 2.23298e+16 1.88071e+18 6.50481e+18 1.3062e+19 2.03701e+19 2.71655e+19 3.23486e+19 3.51389e+19 3.51389e+19 3.23486e+19 2.71655e+19 2.03701e+19 1.3062e+19 6.50481e+18 1.88071e+18 2.23298e+16 4.49762e+14 1.05885e+13 2.49061e+11 5.84962e+09 1.3129e+08
1.7495e+08 7.79269e+09 3.31643e+11 1.4091e+13 5.98112e+14 2.96859e+16 2.50969e+18 8.6776e+18 1.74132e+19 2.71346e+19 3.61602e+19 4.30358e+19 4.67343e+19 4.67343e+19 4.30358e+19 3.61602e+19 2.71346e+19 1.74132e+19 8.6776e+18 2.50969e+18 2.96859e+16 5.98112e+14 1.4091e+13 3.31643e+11 7.79269e+09 1.7495e+08
2.08038e+08 9.26192e+09 3.93944e+11 1.67275e+13 7.0954e+14 3.52102e+16 2.98902e+18 1.03336e+19 2.07261e+19 3.22783e+19 4.29912e+19 5.11442e+19 5.5527e+19 5.5527e+19 5.11442e+19 4.29912e+19 3.22783e+19 2.07261e+19 1.03336e+19 2.98902e+18 3.52102e+16 7.0954e+14 1.67275e+13 3.93944e+11 9.26192e+09 2.08038e+08
2.25745e+08 1.00471e+10 4.27189e+11 1.81323e+13 7.68824e+14 3.81493e+16 3.24686e+18 1.12244e+19 2.25072e+19 3.50413e+19 4.66576e+19 5.54934e+19 6.02415e+19 6.02415e+19 5.54934e+19 4.66576e+19 3.50413e+19 2.25072e+19 1.12244e+19 3.24686e+18 3.81493e+16 7.68824e+14 1.81323e+13 4.27189e+11 1.00471e+10 2.25745e+08
2.25745e+08 1.00471e+10 4.27189e+11 1.81323e+13 7.68824e+14 3.81493e+16 3.24686e+18 1.12244e+19 2.25072e+19 3.50413e+19 4.66576e+19 5.54934e+19 6.02415e+19 6.02415e+19 5.54934e+19 4.66576e+19 3.50413e+19 2.25072e+19 1.12244e+19 3.24686e+18 3.81493e+16 7.68824e+14 1.81323e+13 4.27189e+11 1.00471e+10 2.25745e+08
2.08038e+08 9.26192e+09 3.93944e+11 1.67275e+13 7.0954e+14 3.52102e+16 2.98902e+18 1.03336e+19 2.07261e+19 3.22783e+19 4.29912e+19 5.11442e+19 5.5527e+19 5.5527e+19 5.11442e+19 4.29912e+19 3.22783e+19 2.07261e+19 1.03336e+19 2.98902e+18 3.52102e+16 7.0954e+14 1.67275e+13 3.93944e+11 9.26192e+09 2.08038e+08
1.7495e+08 7.79269e+09 3.31643e+11 1.4091e+13 5.98112e+14 2.96859e+16 2.50969e+18 8.6776e+18 1.74132e+19 2.71346e+19 3.61602e+19 4.30358e+19 4.67343e+19 4.67343e+19 4.30358e+19 3.61602e+19 2.71346e+19 1.74132e+19 8.6776e+18 2.50969e+18 2.96859e+16 5.98112e+14 1.4091e+13 3.31643e+11 7.79269e+09 1.7495e+08
1.3129e+08 5.84962e+09 2.49061e+11 1.05885e+13 4.49762e+14 2.23298e+16 1.88071e+18 6.50481e+18 1.3062e+19 2.03701e+19 2.71655e+19 3.23486e+19 3.51389e+19 3.51389e+19 3.23486e+19 2.71655e+19 2.03701e+19 1.3062e+19 6.50481e+18 1.88071e+18 2.23298e+16 4.49762e+14 1.05885e+13 2.49061e+11 5.84962e+09 1.3129e+08
8.42744e+07 3.75e+09 1.59526e+11 6.77953e+12 2.87995e+14 1.4304e+16 1.20411e+18 4.16708e+18 8.37461e+18 1.30717e+19 1.74461e+19 2.0787e+19 2.25871e+19 2.25871e+19 2.0787e+19 1.74461e+19 1.30717e+19 8.37461e+18 4.16708e+18 1.20411e+18 1.4304e+16 2.87995e+14 6.77953e+12 1.59526e+11 3.75e+09 8.42744e+07
4.2679e+07 1.88275e+09 7.94683e+10 3.35644e+12 1.41987e+14 7.046e+15 5.9768e+17 2.07064e+18 4.16521e+18 6.5068e+18 8.6903e+18 1.03596e+19 1.12597e+19 1.12597e+19 1.03596e+19 8.6903e+18 6.5068e+18 4.16521e+18 2.07064e+18 5.9768e+17 7.046e+15 1.41987e+14 3.35644e+12 7.94683e+10 1.88275e+09 4.2679e+07
1.45404e+07 6.14656e+08 2.47741e+10 9.99404e+11 4.05401e+13 1.96048e+15 1.71385e+17 5.95215e+17 1.19864e+18 1.87366e+18 2.50326e+18 2.98462e+18 3.24415e+18 3.24415e+18 2.98462e+18 2.50326e+18 1.87366e+18 1.19864e+18 5.95215e+17 1.71385e+17 1.96048e+15 4.05401e+13 9.99404e+11 2.47741e+10 6.14656e+08 1.45404e+07
2.52559e+06 8.80705e+07 2.69025e+09 7.16925e+10 1.45383e+12 2.17488e+13 1.80163e+15 6.46973e+15 1.31452e+16 2.05485e+16 2.73571e+16 3.24862e+16 3.52212e+16 3.52212e+16 3.24862e+16 2.73571e+16 2.05485e+16 1.31452e+16 6.46973e+15 1.80163e+15 2.17488e+13 1.45383e+12 7.16925e+10 2.69025e+09 8.80705e+07 2.52559e+06
275733 7.84909e+06 1.85757e+08 3.70897e+09 6.23869e+10 1.29368e+12 3.62254e+13 1.27073e+14 2.58093e+14 4.03618e+14 5.37432e+14 6.38186e+14 6.91883e+14 6.91883e+14 6.38186e+14 5.37432e+14 4.03618e+14 2.58093e+14 1.27073e+14 3.62254e+13 1.29368e+12 6.23869e+10 3.70897e+09 1.85757e+08 7.84909e+06 275733
22635.9 548062 1.09958e+07 1.97679e+08 3.45746e+09 6.38851e+10 8.92967e+11 3.00344e+12 6.07453e+12 9.50004e+12 1.2658e+13 1.50407e+13 1.63124e+13 1.63124e+13 1.50407e+13 1.2658e+13 9.50004e+12 6.07453e+12 3.00344e+12 8.92967e+11 6.38851e+10 3.45746e+09 1.97679e+08 1.09958e+07 548062 22635.9
1566.58 33849.9 616340 1.04539e+07 1.68939e+08 2.39909e+09 2.2134e+10 7.10998e+10 1.4291e+11 2.23407e+11 2.97835e+11 3.54109e+11 3.84185e+11 3.84185e+11 3.54109e+11 2.97835e+11 2.23407e+11 1.4291e+11 7.10998e+10 2.2134e+10 2.39909e+09 1.68939e+08 1.04539e+07 616340 33849.9 1566.58
96.9898 1929.98 32538 506878 7.07103e+06 7.8568e+07 5.4911e+08 1.68422e+09 3.35876e+09 5.24586e+09 6.99635e+09 8.32276e+09 9.03266e+09 9.03266e+09 8.32276e+09 6.99635e+09 5.24586e+09 3.35876e+09 1.68422e+09 5.4911e+08 7.8568e+07 7.07103e+06 506878 32538 1929.98 96.9898
5.04885 94.0519 1468.73 20642.5 247367 2.25346e+06 1.29887e+07 3.81726e+07 7.54675e+07 1.17712e+08 1.57029e+08 1.86886e+08 2.02887e+08 2.02887e+08 1.86886e+08 1.57029e+08 1.17712e+08 7.54675e+07 3.81726e+07 1.29887e+07 2.25346e+06 247367 20642.5 1468.73 94.0519 5.04885
