4.93648 92.0037 1437.77 20223.9 242529 2.21037e+06 1.274e+07 3.74133e+07 7.38772e+07 1.15067e+08 1.53287e+08 1.82231e+08 1.97713e+08 1.97713e+08 1.82231e+08 1.53287e+08 1.15067e+08 7.38772e+07 3.74133e+07 1.274e+07 2.21037e+06 242529 20223.9 1437.77 92.0037 4.93648
94.8389 1887.82 31846.1 496523 6.93306e+06 7.7088e+07 5.38842e+08 1.6515e+09 3.28948e+09 5.13015e+09 6.83224e+09 8.1183e+09 8.80521e+09 8.80521e+09 8.1183e+09 6.83224e+09 5.13015e+09 3.28948e+09 1.6515e+09 5.38842e+08 7.7088e+07 6.93306e+06 496523 31846.1 1887.82 94.8389
1532.24 33112.6 603109 1.02366e+07 1.65613e+08 2.35437e+09 2.17299e+10 6.97509e+10 1.40024e+11 2.18567e+11 2.90953e+11 3.45521e+11 3.74624e+11 3.74624e+11 3.45521e+11 2.90953e+11 2.18567e+11 1.40024e+11 6.97509e+10 2.17299e+10 2.35437e+09 1.65613e+08 1.02366e+07 603109 33112.6 1532.24
22149.6 536302 1.07599e+07 1.93473e+08 3.38714e+09 6.26917e+10 8.77005e+11 2.94762e+12 5.95402e+12 9.29719e+12 1.23689e+13 1.46793e+13 1.59097e+13 1.59097e+13 1.46793e+13 1.23689e+13 9.29719e+12 5.95402e+12 2.94762e+12 8.77005e+11 6.26917e+10 3.38714e+09 1.93473e+08 1.07599e+07 536302 22149.6
269956 7.68523e+06 1.81863e+08 3.62998e+09 6.10428e+10 1.26864e+12 3.55891e+13 1.2475e+14 2.53043e+14 3.95089e+14 5.25248e+14 6.22935e+14 6.74878e+14 6.74878e+14 6.22935e+14 5.25248e+14 3.95089e+14 2.53043e+14 1.2475e+14 3.55891e+13 1.26864e+12 6.10428e+10 3.62998e+09 1.81863e+08 7.68523e+06 269956
2.4738e+06 8.62867e+07 2.63613e+09 7.02391e+10 1.42302e+12 2.12555e+13 1.76999e+15 6.35186e+15 1.28895e+16 2.01177e+16 2.67426e+16 3.17181e+16 3.43652e+16 3.43652e+16 3.17181e+16 2.67426e+16 2.01177e+16 1.28895e+16 6.35186e+15 1.76999e+15 2.12555e+13 1.42302e+12 7.02391e+10 2.63613e+09 8.62867e+07 2.4738e+06
1.42437e+07 6.02396e+08 2.42912e+10 9.80316e+11 3.97791e+13 1.9249e+15 1.68448e+17 5.84772e+17 1.17673e+18 1.83773e+18 2.45308e+18 2.92275e+18 3.17567e+18 3.17567e+18 2.92275e+18 2.45308e+18 1.83773e+18 1.17673e+18 5.84772e+17 1.68448e+17 1.9249e+15 3.97791e+13 9.80316e+11 2.42912e+10 6.02396e+08 1.42437e+07
4.17781e+07 1.84391e+09 7.78661e+10 3.29011e+12 1.39228e+14 6.91339e+15 5.87154e+17 2.03342e+18 4.08744e+18 6.37977e+18 8.51342e+18 1.0142e+19 1.10191e+19 1.10191e+19 1.0142e+19 8.51342e+18 6.37977e+18 4.08744e+18 2.03342e+18 5.87154e+17 6.91339e+15 1.39228e+14 3.29011e+12 7.78661e+10 1.84391e+09 4.17781e+07
8.23952e+07 3.66809e+09 1.56113e+11 6.637e+12 2.82023e+14 1.40165e+16 1.18192e+18 4.08892e+18 8.21188e+18 1.28068e+19 1.70783e+19 2.03354e+19 2.20885e+19 2.20885e+19 2.03354e+19 1.70783e+19 1.28068e+19 8.21188e+18 4.08892e+18 1.18192e+18 1.40165e+16 2.82023e+14 6.637e+12 1.56113e+11 3.66809e+09 8.23952e+07
1.28176e+08 5.71334e+09 2.43359e+11 1.03496e+13 4.39718e+14 2.18456e+16 1.84418e+18 6.37663e+18 1.2796e+19 1.99387e+19 2.6568e+19 3.16165e+19 3.43314e+19 3.43314e+19 3.16165e+19 2.6568e+19 1.99387e+19 1.2796e+19 6.37663e+18 1.84418e+18 2.18456e+16 4.39718e+14 1.03496e+13 2.43359e+11 5.71334e+09 1.28176e+08
1.70556e+08 7.59999e+09 3.23562e+11 1.37515e+13 5.83811e+14 2.89961e+16 2.45852e+18 8.4986e+18 1.70428e+19 2.65354e+19 3.53325e+19 4.20233e+19 4.56183e+19 4.56183e+19 4.20233e+19 3.53325e+19 2.65354e+19 1.70428e+19 8.4986e+18 2.45852e+18 2.89961e+16 5.83811e+14 1.37515e+13 3.23562e+11 7.59999e+09 1.70556e+08
2.02583e+08 9.02232e+09 3.83881e+11 1.63042e+13 6.9168e+14 3.43483e+16 2.92581e+18 1.01129e+19 2.02705e+19 3.15425e+19 4.19766e+19 4.99046e+19 5.41616e+19 5.41616e+19 4.99046e+19 4.19766e+19 3.15425e+19 2.02705e+19 1.01129e+19 2.92581e+18 3.43483e+16 6.9168e+14 1.63042e+13 3.83881e+11 9.02232e+09 2.02583e+08
2.19688e+08 9.78084e+09 4.15998e+11 1.76612e+13 7.48934e+14 3.71892e+16 3.17684e+18 1.09802e+19 2.20036e+19 3.42288e+19 4.55382e+19 5.41267e+19 5.87367e+19 5.87367e+19 5.41267e+19 4.55382e+19 3.42288e+19 2.20036e+19 1.09802e+19 3.17684e+18 3.71892e+16 7.48934e+14 1.76612e+13 4.15998e+11 9.78084e+09 2.19688e+08
2.19688e+08 9.78084e+09 4.15998e+11 1.76612e+13 7.48934e+14 3.71892e+16 3.17684e+18 1.09802e+19 2.20036e+19 3.42288e+19 4.55382e+19 5.41267e+19 5.87367e+19 5.87367e+19 5.41267e+19 4.55382e+19 3.42288e+19 2.20036e+19 1.09802e+19 3.17684e+18 3.71892e+16 7.48934e+14 1.76612e+13 4.15998e+11 9.78084e+09 2.19688e+08
2.02583e+08 9.02232e+09 3.83881e+11 1.63042e+13 6.9168e+14 3.43483e+16 2.92581e+18 1.01129e+19 2.02705e+19 3.15425e+19 4.19766e+19 4.99046e+19 5.41616e+19 5.41616e+19 4.99046e+19 4.19766e+19 3.15425e+19 2.02705e+19 1.01129e+19 2.92581e+18 3.43483e+16 6.9168e+14 1.63042e+13 3.83881e+11 9.02232e+09 2.02583e+08
1.70556e+08 7.59998e+09 3.23562e+11 1.37515e+13 5.83811e+14 2.89961e+16 2.45852e+18 8.4986e+18 1.70428e+19 2.65354e+19 3.53325e+19 4.20233e+19 4.56183e+19 4.56183e+19 4.20233e+19 3.53325e+19 2.65354e+19 1.70428e+19 8.49859e+18 2.45852e+18 2.89961e+16 5.83811e+14 1.37515e+13 3.23562e+11 7.59998e+09 1.70556e+08
1.28176e+08 5.71334e+09 2.43359e+11 1.03496e+13 4.39718e+14 2.18456e+16 1.84418e+18 6.37663e+18 1.2796e+19 1.99387e+19 2.6568e+19 3.16165e+19 3.43314e+19 3.43314e+19 3.16165e+19 2.6568e+19 1.99387e+19 1.2796e+19 6.37663e+18 1.84418e+18 2.18456e+16 4.39718e+14 1.03496e+13 2.43359e+11 5.71334e+09 1.28176e+08
8.23952e+07 3.66809e+09 1.56113e+11 6.637e+12 2.82023e+14 1.40165e+16 1.18192e+18 4.08892e+18 8.21188e+18 1.28068e+19 1.70783e+19 2.03354e+19 2.20885e+19 2.20885e+19 2.03354e+19 1.70783e+19 1.28068e+19 8.21188e+18 4.08892e+18 1.18192e+18 1.40165e+16 2.82023e+14 6.637e+12 1.56113e+11 3.66809e+09 8.23952e+07
4.17781e+07 1.84391e+09 7.78661e+10 3.29011e+12 1.39228e+14 6.91339e+15 5.87154e+17 2.03342e+18 4.08744e+18 6.37977e+18 8.51342e+18 1.0142e+19 1.10191e+19 1.10191e+19 1.0142e+19 8.51342e+18 6.37977e+18 4.08744e+18 2.03342e+18 5.87154e+17 6.91339e+15 1.39228e+14 3.29011e+12 7.78661e+10 1.84391e+09 4.17781e+07
1.42437e+07 6.02396e+08 2.42912e+10 9.80316e+11 3.97791e+13 1.9249e+15 1.68448e+17 5.84772e+17 1.17673e+18 1.83773e+18 2.45308e+18 2.92275e+18 3.17567e+18 3.17567e+18 2.92275e+18 2.45308e+18 1.83773e+18 1.17673e+18 5.84772e+17 1.68448e+17 1.9249e+15 3.97791e+13 9.80316e+11 2.42912e+10 6.02396e+08 1.42437e+07
2.4738e+06 8.62867e+07 2.63613e+09 7.02391e+10 1.42302e+12 2.12555e+13 1.76999e+15 6.35186e+15 1.28895e+16 2.01177e+16 2.67426e+16 3.17181e+16 3.43652e+16 3.43652e+16 3.17181e+16 2.67426e+16 2.01177e+16 1.28895e+16 6.35186e+15 1.76999e+15 2.12555e+13 1.42302e+12 7.02391e+10 2.63613e+09 8.62867e+07 2.4738e+06
269956 7.68523e+06 1.81863e+08 3.62998e+09 6.10428e+10 1.26864e+12 3.55891e+13 1.2475e+14 2.53043e+14 3.95089e+14 5.25248e+14 6.22935e+14 6.74878e+14 6.74878e+14 6.22935e+14 5.25248e+14 3.95089e+14 2.53043e+14 1.2475e+14 3.55891e+13 1.26864e+12 6.10428e+10 3.62998e+09 1.81863e+08 7.68523e+06 269956
22149.6 536302 1.07599e+07 1.93473e+08 3.38714e+09 6.26917e+10 8.77005e+11 2.94762e+12 5.95402e+12 9.29719e+12 1.23689e+13 1.46793e+13 1.59097e+13 1.59097e+13 1.46793e+13 1.23689e+13 9.29719e+12 5.95402e+12 2.94762e+12 8.77005e+11 6.26917e+10 3.38714e+09 1.93473e+08 1.07599e+07 536302 22149.6
1532.24 33112.6 603109 1.02366e+07 1.65613e+08 2.35437e+09 2.17299e+10 6.97509e+10 1.40024e+11 2.18567e+11 2.90953e+11 3.45521e+11 3.74624e+11 3.74624e+11 3.45521e+11 2.90953e+11 2.18567e+11 1.40024e+11 6.97509e+10 2.17299e+10 2.35437e+09 1.65613e+08 1.02366e+07 603109 33112.6 1532.24
94.8389 1887.82 31846.1 496523 6.93306e+06 7.7088e+07 5.38842e+08 1.6515e+09 3.28948e+09 5.13015e+09 6.83224e+09 8.1183e+09 8.80521e+09 8.80521e+09 8.1183e+09 6.83224e+09 5.13015e+09 3.28948e+09 1.6515e+09 5.38842e+08 7.7088e+07 6.93306e+06 496523 31846.1 1887.82 94.8389
4.93648 92.0037 1437.77 20223.9 242529 2.21037e+06 1.274e+07 3.74133e+07 7.38772e+07 1.15067e+08 1.53287e+08 1.82231e+08 1.97713e+08 1.97713e+08 1.82231e+08 1.53287e+08 1.15067e+08 7.38772e+07 3.74133e+07 1.274e+07 2.21037e+06 242529 20223.9 1437.77 92.0037 4.93649
