18.9436 350.024 5398.99 74742.2 882004 7.92781e+06 4.51809e+07 1.31169e+08 2.5565e+08 3.9287e+08 5.17082e+08 6.09164e+08 6.5771e+08 6.5771e+08 6.09164e+08 5.17082e+08 3.9287e+08 2.5565e+08 1.31169e+08 4.51809e+07 7.92781e+06 882004 74742.2 5398.99 350.024 18.9436
363.512 7194.11 120074 1.84255e+06 2.52561e+07 2.76229e+08 1.90714e+09 5.77611e+09 1.13487e+10 1.74509e+10 2.29481e+10 2.70093e+10 2.91458e+10 2.91458e+10 2.70093e+10 2.29481e+10 1.74509e+10 1.13487e+10 5.77611e+09 1.90714e+09 2.76229e+08 2.52561e+07 1.84256e+06 120074 7194.11 363.512
5845.83 126060 2.28285e+06 3.82527e+07 6.06237e+08 8.43802e+09 7.67745e+10 2.43405e+11 4.8166e+11 7.40739e+11 9.73e+11 1.14399e+12 1.23373e+12 1.23373e+12 1.14399e+12 9.73e+11 7.40739e+11 4.8166e+11 2.43405e+11 7.67745e+10 8.43802e+09 6.06237e+08 3.82527e+07 2.28285e+06 126060 5845.83
83773.3 2.02929e+06 4.07125e+07 7.28816e+08 1.25363e+10 2.25355e+11 3.09493e+12 1.02682e+13 2.04297e+13 3.14053e+13 4.11997e+13 4.83851e+13 5.21477e+13 5.21477e+13 4.83851e+13 4.11997e+13 3.14053e+13 2.04297e+13 1.02682e+13 3.09493e+12 2.25355e+11 1.25363e+10 7.28816e+08 4.07125e+07 2.02929e+06 83773.3
1.00907e+06 2.87479e+07 6.81982e+08 1.36758e+10 2.30121e+11 4.61165e+12 1.25539e+14 4.3411e+14 8.66613e+14 1.33097e+15 1.74358e+15 2.04524e+15 2.20283e+15 2.20283e+15 2.04524e+15 1.74358e+15 1.33097e+15 8.66613e+14 4.3411e+14 1.25539e+14 4.61165e+12 2.30121e+11 1.36758e+10 6.81982e+08 2.87479e+07 1.00907e+06
9.12812e+06 3.18192e+08 9.72861e+09 2.60277e+11 5.34405e+12 8.12092e+13 6.27397e+15 2.22017e+16 4.43339e+16 6.80664e+16 8.91722e+16 1.04624e+17 1.12706e+17 1.12706e+17 1.04624e+17 8.91722e+16 6.80664e+16 4.43339e+16 2.22017e+16 6.27397e+15 8.12092e+13 5.34405e+12 2.60277e+11 9.72861e+09 3.18192e+08 9.12812e+06
5.18999e+07 2.19026e+09 8.81521e+10 3.55276e+12 1.44073e+14 6.93668e+15 5.9558e+17 2.04807e+18 4.07456e+18 6.28957e+18 8.30997e+18 9.82658e+18 1.06345e+19 1.06345e+19 9.82658e+18 8.30997e+18 6.28957e+18 4.07456e+18 2.04807e+18 5.9558e+17 6.93668e+15 1.44073e+14 3.55276e+12 8.81521e+10 2.19026e+09 5.18999e+07
1.50431e+08 6.62203e+09 2.78951e+11 1.17636e+13 4.97152e+14 2.45672e+16 2.0569e+18 7.05686e+18 1.40212e+19 2.16237e+19 2.85514e+19 3.3748e+19 3.65152e+19 3.65152e+19 3.3748e+19 2.85514e+19 2.16237e+19 1.40212e+19 7.05686e+18 2.0569e+18 2.45672e+16 4.97152e+14 1.17636e+13 2.78951e+11 6.62203e+09 1.50431e+08
2.9286e+08 1.29956e+10 5.51339e+11 2.33762e+13 9.91227e+14 4.90127e+16 4.0918e+18 1.40205e+19 2.78144e+19 4.2827e+19 5.64663e+19 6.66718e+19 7.20971e+19 7.20971e+19 6.66718e+19 5.64663e+19 4.2827e+19 2.78144e+19 1.40205e+19 4.0918e+18 4.90127e+16 9.91227e+14 2.33762e+13 5.51339e+11 1.29956e+10 2.9286e+08
4.49636e+08 1.99644e+10 8.47074e+11 3.58988e+13 1.52079e+15 7.51463e+16 6.30697e+18 2.15918e+19 4.27665e+19 6.57306e+19 8.65191e+19 1.02026e+20 1.10252e+20 1.10252e+20 1.02026e+20 8.65191e+19 6.57306e+19 4.27665e+19 2.15918e+19 6.30697e+18 7.51463e+16 1.52079e+15 3.58988e+13 8.47074e+11 1.99644e+10 4.49636e+08
5.91352e+08 2.62331e+10 1.11179e+12 4.70561e+13 1.99056e+15 9.83083e+16 8.31771e+18 2.84582e+19 5.62865e+19 8.6366e+19 1.13502e+20 1.33684e+20 1.44369e+20 1.44369e+20 1.33684e+20 1.13502e+20 8.6366e+19 5.62865e+19 2.84582e+19 8.31771e+18 9.83083e+16 1.99056e+15 4.70561e+13 1.11179e+12 2.62331e+10 5.91352e+08
6.96285e+08 3.08585e+10 1.30642e+12 5.52302e+13 2.33353e+15 1.15212e+17 9.82025e+18 3.3586e+19 6.6358e+19 1.01691e+20 1.33481e+20 1.5707e+20 1.69538e+20 1.69538e+20 1.5707e+20 1.33481e+20 1.01691e+20 6.6358e+19 3.3586e+19 9.82025e+18 1.15212e+17 2.33353e+15 5.52302e+13 1.30642e+12 3.08585e+10 6.96285e+08
7.51561e+08 3.32898e+10 1.40849e+12 5.95065e+13 2.51252e+15 1.24033e+17 1.06181e+19 3.63081e+19 7.16955e+19 1.09795e+20 1.44025e+20 1.69392e+20 1.82789e+20 1.82789e+20 1.69392e+20 1.44025e+20 1.09795e+20 7.16955e+19 3.63081e+19 1.06181e+19 1.24033e+17 2.51252e+15 5.95065e+13 1.40849e+12 3.32898e+10 7.51561e+08
7.51561e+08 3.32898e+10 1.40849e+12 5.95065e+13 2.51252e+15 1.24033e+17 1.06181e+19 3.63081e+19 7.16955e+19 1.09795e+20 1.44025e+20 1.69392e+20 1.82789e+20 1.82789e+20 1.69392e+20 1.44025e+20 1.09795e+20 7.16955e+19 3.63081e+19 1.06181e+19 1.24033e+17 2.51252e+15 5.95065e+13 1.40849e+12 3.32898e+10 7.51561e+08
6.96285e+08 3.08585e+10 1.30642e+12 5.52302e+13 2.33353e+15 1.15212e+17 9.82025e+18 3.3586e+19 6.6358e+19 1.01691e+20 1.33481e+20 1.5707e+20 1.69538e+20 1.69538e+20 1.5707e+20 1.33481e+20 1.01691e+20 6.6358e+19 3.3586e+19 9.82025e+18 1.15212e+17 2.33353e+15 5.52302e+13 1.30642e+12 3.08585e+10 6.96285e+08
5.91352e+08 2.62331e+10 1.11179e+12 4.70561e+13 1.99056e+15 9.83083e+16 8.31771e+18 2.84582e+19 5.62865e+19 8.6366e+19 1.13502e+20 1.33684e+20 1.44369e+20 1.44369e+20 1.33684e+20 1.13502e+20 8.6366e+19 5.62865e+19 2.84582e+19 8.31771e+18 9.83083e+16 1.99056e+15 4.70561e+13 1.11179e+12 2.62331e+10 5.91352e+08
4.49636e+08 1.99644e+10 8.47074e+11 3.58988e+13 1.52079e+15 7.51463e+16 6.30697e+18 2.15918e+19 4.27665e+19 6.57306e+19 8.65191e+19 1.02026e+20 1.10252e+20 1.10252e+20 1.02026e+20 8.65191e+19 6.57306e+19 4.27665e+19 2.15918e+19 6.30697e+18 7.51463e+16 1.52079e+15 3.58988e+13 8.47074e+11 1.99644e+10 4.49636e+08
2.9286e+08 1.29956e+10 5.51339e+11 2.33762e+13 9.91227e+14 4.90127e+16 4.0918e+18 1.40205e+19 2.78144e+19 4.2827e+19 5.64663e+19 6.66718e+19 7.20971e+19 7.20971e+19 6.66718e+19 5.64663e+19 4.2827e+19 2.78144e+19 1.40205e+19 4.0918e+18 4.90127e+16 9.91227e+14 2.33762e+13 5.51339e+11 1.29956e+10 2.9286e+08
1.50431e+08 6.62203e+09 2.78951e+11 1.17636e+13 4.97152e+14 2.45672e+16 2.0569e+18 7.05686e+18 1.40212e+19 2.16237e+19 2.85514e+19 3.3748e+19 3.65152e+19 3.65152e+19 3.3748e+19 2.85514e+19 2.16237e+19 1.40212e+19 7.05686e+18 2.0569e+18 2.45672e+16 4.97152e+14 1.17636e+13 2.78951e+11 6.62203e+09 1.50431e+08
5.18999e+07 2.19026e+09 8.81521e+10 3.55276e+12 1.44073e+14 6.93668e+15 5.9558e+17 2.04807e+18 4.07456e+18 6.28957e+18 8.30997e+18 9.82658e+18 1.06345e+19 1.06345e+19 9.82658e+18 8.30997e+18 6.28957e+18 4.07456e+18 2.04807e+18 5.9558e+17 6.93668e+15 1.44073e+14 3.55276e+12 8.81521e+10 2.19026e+09 5.18999e+07
9.12812e+06 3.18192e+08 9.72861e+09 2.60277e+11 5.34405e+12 8.12092e+13 6.27397e+15 2.22017e+16 4.43339e+16 6.80664e+16 8.91722e+16 1.04624e+17 1.12706e+17 1.12706e+17 1.04624e+17 8.91722e+16 6.80664e+16 4.43339e+16 2.22017e+16 6.27397e+15 8.12092e+13 5.34405e+12 2.60277e+11 9.72861e+09 3.18192e+08 9.12812e+06
1.00907e+06 2.87479e+07 6.81982e+08 1.36758e+10 2.30121e+11 4.61165e+12 1.25539e+14 4.3411e+14 8.66613e+14 1.33097e+15 1.74358e+15 2.04524e+15 2.20283e+15 2.20283e+15 2.04524e+15 1.74358e+15 1.33097e+15 8.66613e+14 4.3411e+14 1.25539e+14 4.61165e+12 2.30121e+11 1.36758e+10 6.81982e+08 2.87479e+07 1.00907e+06
83773.3 2.02929e+06 4.07125e+07 7.28816e+08 1.25363e+10 2.25355e+11 3.09493e+12 1.02682e+13 2.04297e+13 3.14053e+13 4.11997e+13 4.83851e+13 5.21477e+13 5.21477e+13 4.83851e+13 4.11997e+13 3.14053e+13 2.04297e+13 1.02682e+13 3.09493e+12 2.25355e+11 1.25363e+10 7.28816e+08 4.07125e+07 2.02929e+06 83773.3
5845.83 126060 2.28285e+06 3.82527e+07 6.06237e+08 8.43802e+09 7.67745e+10 2.43405e+11 4.8166e+11 7.40739e+11 9.73e+11 1.14399e+12 1.23373e+12 1.23373e+12 1.14399e+12 9.73e+11 7.40739e+11 4.8166e+11 2.43405e+11 7.67745e+10 8.43802e+09 6.06237e+08 3.82527e+07 2.28285e+06 126060 5845.83
363.512 7194.11 120074 1.84255e+06 2.52561e+07 2.76229e+08 1.90714e+09 5.77611e+09 1.13487e+10 1.74509e+10 2.29481e+10 2.70093e+10 2.91458e+10 2.91458e+10 2.70093e+10 2.29481e+10 1.74509e+10 1.13487e+10 5.77611e+09 1.90714e+09 2.76229e+08 2.52561e+07 1.84255e+06 120074 7194.11 363.512
18.9437 350.024 5398.99 74742.2 882004 7.92781e+06 4.51809e+07 1.31169e+08 2.5565e+08 3.9287e+08 5.17082e+08 6.09164e+08 6.5771e+08 6.5771e+08 6.09164e+08 5.17082e+08 3.9287e+08 2.5565e+08 1.31169e+08 4.51809e+07 7.92781e+06 882004 74742.2 5398.99 350.024 18.9436
