0.000894096 0.0167901 0.266017 3.81043 46.5453 430.736 2513.02 7484.09 15052.4 23944.9 32560.4 39345.4 43075.1 43075.1 39345.4 32560.4 23944.9 15052.4 7484.09 2513.02 430.736 46.5453 3.81043 0.266017 0.0167901 0.000894096
0.0170913 0.341298 5.81721 92.4215 1320.34 14972 106112 329985 670012 1.06833e+06 1.45382e+06 1.75733e+06 1.92418e+06 1.92418e+06 1.75733e+06 1.45382e+06 1.06833e+06 670012 329985 106112 14972 1320.34 92.4215 5.81721 0.341298 0.0170913
0.276114 5.95116 108.657 1870.94 31103.7 454520 4.26692e+06 1.39043e+07 2.84781e+07 4.54975e+07 6.19546e+07 7.49112e+07 8.2034e+07 8.2034e+07 7.49112e+07 6.19546e+07 4.54975e+07 2.84781e+07 1.39043e+07 4.26692e+06 454520 31103.7 1870.94 108.657 5.95116 0.276114
4.01952 96.6695 1925.72 34638 620716 1.19775e+07 1.71597e+08 5.8579e+08 1.20826e+09 1.93322e+09 2.63387e+09 3.18552e+09 3.48881e+09 3.48881e+09 3.18552e+09 2.63387e+09 1.93322e+09 1.20826e+09 5.8579e+08 1.71597e+08 1.19775e+07 620716 34638 1925.72 96.6695 4.01952
49.6109 1402.78 32834.3 645571 1.07712e+07 2.36806e+08 6.93671e+09 2.47085e+10 5.12216e+10 8.20405e+10 1.11823e+11 1.35275e+11 1.4817e+11 1.4817e+11 1.35275e+11 1.11823e+11 8.20405e+10 5.12216e+10 2.47085e+10 6.93671e+09 2.36806e+08 1.07712e+07 645571 32834.3 1402.78 49.6109
461.496 16029.8 486068 1.27822e+07 2.51535e+08 3.61996e+09 3.41363e+11 1.24488e+12 2.5809e+12 4.13059e+12 5.62713e+12 6.8052e+12 7.45285e+12 7.45285e+12 6.8052e+12 5.62713e+12 4.13059e+12 2.5809e+12 1.24488e+12 3.41363e+11 3.61996e+09 2.51535e+08 1.27822e+07 486068 16029.8 461.496
2697.98 113918 4.58077e+06 1.84218e+08 7.44717e+09 3.6208e+11 3.25625e+13 1.1403e+14 2.32334e+14 3.68234e+14 4.98688e+14 6.01009e+14 6.57154e+14 6.57154e+14 6.01009e+14 4.98688e+14 3.68234e+14 2.32334e+14 1.1403e+14 3.25625e+13 3.6208e+11 7.44717e+09 1.84218e+08 4.58077e+06 113918 2697.98
8037.35 354391 1.49333e+07 6.29167e+08 2.65394e+10 1.32237e+12 1.14466e+14 3.99728e+14 8.13455e+14 1.28839e+15 1.74409e+15 2.10144e+15 2.2975e+15 2.2975e+15 2.10144e+15 1.74409e+15 1.28839e+15 8.13455e+14 3.99728e+14 1.14466e+14 1.32237e+12 2.65394e+10 6.29167e+08 1.49333e+07 354391 8037.35
16160.8 719371 3.05771e+07 1.29737e+09 5.50013e+10 2.74174e+12 2.3352e+14 8.14506e+14 1.65669e+15 2.62317e+15 3.55036e+15 4.27735e+15 4.67619e+15 4.67619e+15 4.27735e+15 3.55036e+15 2.62317e+15 1.65669e+15 8.14506e+14 2.3352e+14 2.74174e+12 5.50013e+10 1.29737e+09 3.05771e+07 719371 16160.8
25695.2 1.14644e+06 4.88254e+07 2.07467e+09 8.8046e+10 4.38645e+12 3.70293e+14 1.29071e+15 2.62452e+15 4.15489e+15 5.62288e+15 6.77383e+15 7.40523e+15 7.40523e+15 6.77383e+15 5.62288e+15 4.15489e+15 2.62452e+15 1.29071e+15 3.70293e+14 4.38645e+12 8.8046e+10 2.07467e+09 4.88254e+07 1.14644e+06 25695.2
34921.5 1.55924e+06 6.64478e+07 2.82491e+09 1.19935e+11 5.97277e+12 5.01541e+14 1.7475e+15 3.55274e+15 5.62377e+15 7.61023e+15 9.1676e+15 1.00219e+16 1.00219e+16 9.1676e+15 7.61023e+15 5.62377e+15 3.55274e+15 1.7475e+15 5.01541e+14 5.97277e+12 1.19935e+11 2.82491e+09 6.64478e+07 1.55924e+06 34921.5
42179.3 1.88389e+06 8.03052e+07 3.41487e+09 1.45013e+11 7.22002e+12 6.04436e+14 2.10554e+15 4.28023e+15 6.77494e+15 9.16766e+15 1.10435e+16 1.20725e+16 1.20725e+16 1.10435e+16 9.16766e+15 6.77494e+15 4.28023e+15 2.10554e+15 6.04436e+14 7.22002e+12 1.45013e+11 3.41487e+09 8.03052e+07 1.88389e+06 42179.3
46165.7 2.0622e+06 8.79167e+07 3.73893e+09 1.5879e+11 7.90512e+12 6.60872e+14 2.3019e+15 4.6792e+15 7.40624e+15 1.00217e+16 1.20722e+16 1.3197e+16 1.3197e+16 1.20722e+16 1.00217e+16 7.40624e+15 4.6792e+15 2.3019e+15 6.60872e+14 7.90512e+12 1.5879e+11 3.73893e+09 8.79167e+07 2.0622e+06 46165.7
46165.7 2.0622e+06 8.79167e+07 3.73893e+09 1.5879e+11 7.90512e+12 6.60872e+14 2.3019e+15 4.6792e+15 7.40624e+15 1.00217e+16 1.20722e+16 1.3197e+16 1.3197e+16 1.20722e+16 1.00217e+16 7.40624e+15 4.6792e+15 2.3019e+15 6.60872e+14 7.90512e+12 1.5879e+11 3.73893e+09 8.79167e+07 2.0622e+06 46165.7
42179.3 1.88389e+06 8.03052e+07 3.41487e+09 1.45013e+11 7.22002e+12 6.04436e+14 2.10554e+15 4.28023e+15 6.77494e+15 9.16766e+15 1.10435e+16 1.20725e+16 1.20725e+16 1.10435e+16 9.16766e+15 6.77494e+15 4.28023e+15 2.10554e+15 6.04436e+14 7.22002e+12 1.45013e+11 3.41487e+09 8.03052e+07 1.88389e+06 42179.3
34921.5 1.55924e+06 6.64478e+07 2.82491e+09 1.19935e+11 5.97277e+12 5.01541e+14 1.7475e+15 3.55274e+15 5.62377e+15 7.61023e+15 9.1676e+15 1.00219e+16 1.00219e+16 9.1676e+15 7.61023e+15 5.62377e+15 3.55274e+15 1.7475e+15 5.01541e+14 5.97277e+12 1.19935e+11 2.82491e+09 6.64478e+07 1.55924e+06 34921.5
25695.2 1.14644e+06 4.88254e+07 2.07467e+09 8.8046e+10 4.38645e+12 3.70293e+14 1.29071e+15 2.62452e+15 4.15489e+15 5.62288e+15 6.77383e+15 7.40523e+15 7.40523e+15 6.77383e+15 5.62288e+15 4.15489e+15 2.62452e+15 1.29071e+15 3.70293e+14 4.38645e+12 8.8046e+10 2.07467e+09 4.88254e+07 1.14644e+06 25695.2
16160.8 719371 3.05771e+07 1.29737e+09 5.50013e+10 2.74174e+12 2.3352e+14 8.14506e+14 1.65669e+15 2.62317e+15 3.55036e+15 4.27735e+15 4.67619e+15 4.67619e+15 4.27735e+15 3.55036e+15 2.62317e+15 1.65669e+15 8.14506e+14 2.3352e+14 2.74174e+12 5.50013e+10 1.29737e+09 3.05771e+07 719371 16160.8
8037.35 354391 1.49333e+07 6.29167e+08 2.65394e+10 1.32237e+12 1.14466e+14 3.99728e+14 8.13455e+14 1.28839e+15 1.74409e+15 2.10144e+15 2.2975e+15 2.2975e+15 2.10144e+15 1.74409e+15 1.28839e+15 8.13455e+14 3.99728e+14 1.14466e+14 1.32237e+12 2.65394e+10 6.29167e+08 1.49333e+07 354391 8037.35
2697.98 113918 4.58077e+06 1.84218e+08 7.44717e+09 3.6208e+11 3.25625e+13 1.1403e+14 2.32334e+14 3.68234e+14 4.98688e+14 6.01009e+14 6.57154e+14 6.57154e+14 6.01009e+14 4.98688e+14 3.68234e+14 2.32334e+14 1.1403e+14 3.25625e+13 3.6208e+11 7.44717e+09 1.84218e+08 4.58077e+06 113918 2697.98
461.496 16029.8 486068 1.27822e+07 2.51535e+08 3.61996e+09 3.41363e+11 1.24488e+12 2.5809e+12 4.13059e+12 5.62713e+12 6.8052e+12 7.45285e+12 7.45285e+12 6.8052e+12 5.62713e+12 4.13059e+12 2.5809e+12 1.24488e+12 3.41363e+11 3.61996e+09 2.51535e+08 1.27822e+07 486068 16029.8 461.496
49.6109 1402.78 32834.3 645571 1.07712e+07 2.36806e+08 6.93671e+09 2.47085e+10 5.12216e+10 8.20405e+10 1.11823e+11 1.35275e+11 1.4817e+11 1.4817e+11 1.35275e+11 1.11823e+11 8.20405e+10 5.12216e+10 2.47085e+10 6.93671e+09 2.36806e+08 1.07712e+07 645571 32834.3 1402.78 49.6109
4.01952 96.6695 1925.72 34638 620716 1.19775e+07 1.71597e+08 5.8579e+08 1.20826e+09 1.93322e+09 2.63387e+09 3.18552e+09 3.48881e+09 3.48881e+09 3.18552e+09 2.63387e+09 1.93322e+09 1.20826e+09 5.8579e+08 1.71597e+08 1.19775e+07 620716 34638 1925.72 96.6695 4.01952
0.276114 5.95116 108.657 1870.94 31103.7 454520 4.26692e+06 1.39043e+07 2.84781e+07 4.54975e+07 6.19546e+07 7.49112e+07 8.2034e+07 8.2034e+07 7.49112e+07 6.19546e+07 4.54975e+07 2.84781e+07 1.39043e+07 4.26692e+06 454520 31103.7 1870.94 108.657 5.95116 0.276114
0.0170913 0.341298 5.81721 92.4215 1320.34 14972 106112 329985 670012 1.06833e+06 1.45382e+06 1.75733e+06 1.92418e+06 1.92418e+06 1.75733e+06 1.45382e+06 1.06833e+06 670012 329985 106112 14972 1320.34 92.4215 5.81721 0.341298 0.0170913
0.000894096 0.0167901 0.266017 3.81043 46.5453 430.736 2513.02 7484.09 15052.4 23944.9 32560.4 39345.4 43075.1 43075.1 39345.4 32560.4 23944.9 15052.4 7484.09 2513.02 430.736 46.5453 3.81043 0.266017 0.0167901 0.000894096
