0.0662327 1.24842 19.8903 286.734 3522.45 32718.2 191088 567801 1.13728e+06 1.79998e+06 2.43525e+06 2.93075e+06 3.20131e+06 3.20131e+06 2.93075e+06 2.43525e+06 1.79998e+06 1.13728e+06 567801 191088 32718.2 3522.45 286.734 19.8903 1.24842 0.0662327
1.26435 25.3107 433.492 6935.8 99822 1.13801e+06 8.08127e+06 2.50759e+07 5.07006e+07 8.0419e+07 1.08865e+08 1.31039e+08 1.43143e+08 1.43143e+08 1.31039e+08 1.08865e+08 8.0419e+07 5.07006e+07 2.50759e+07 8.08127e+06 1.13801e+06 99822 6935.8 433.492 25.3107 1.26435
20.427 440.561 8064.6 139733 2.345e+06 3.45502e+07 3.25451e+08 1.05825e+09 2.15808e+09 3.42918e+09 4.64423e+09 5.59092e+09 6.10758e+09 6.10758e+09 5.59092e+09 4.64423e+09 3.42918e+09 2.15808e+09 1.05825e+09 3.25451e+08 3.45502e+07 2.345e+06 139733 8064.6 440.561 20.427
297.986 7161.84 142606 2.57066e+06 4.64951e+07 9.09309e+08 1.31063e+10 4.46466e+10 9.16792e+10 1.45865e+11 1.97611e+11 2.37912e+11 2.59901e+11 2.59901e+11 2.37912e+11 1.97611e+11 1.45865e+11 9.16792e+10 4.46466e+10 1.31063e+10 9.09309e+08 4.64951e+07 2.57066e+06 142606 7161.84 297.986
3690.82 104295 2.43708e+06 4.7779e+07 7.9705e+08 1.7881e+10 5.30486e+11 1.88553e+12 3.89082e+12 6.19565e+12 8.39529e+12 1.01079e+13 1.10421e+13 1.10421e+13 1.01079e+13 8.39529e+12 6.19565e+12 3.89082e+12 1.88553e+12 5.30486e+11 1.7881e+10 7.9705e+08 4.7779e+07 2.43708e+06 104295 3690.82
34454.4 1.19728e+06 3.62912e+07 9.52273e+08 1.85978e+10 2.65228e+11 2.60776e+13 9.4932e+13 1.95959e+14 3.11863e+14 4.22432e+14 5.08509e+14 5.55464e+14 5.55464e+14 5.08509e+14 4.22432e+14 3.11863e+14 1.95959e+14 9.4932e+13 2.60776e+13 2.65228e+11 1.85978e+10 9.52273e+08 3.62912e+07 1.19728e+06 34454.4
201799 8.53499e+06 3.43762e+08 1.38456e+10 5.60515e+11 2.73677e+13 2.48605e+15 8.6992e+15 1.76849e+16 2.7945e+16 3.77265e+16 4.53505e+16 4.95154e+16 4.95154e+16 4.53505e+16 3.77265e+16 2.7945e+16 1.76849e+16 8.6992e+15 2.48605e+15 2.73677e+13 5.60515e+11 1.38456e+10 3.43762e+08 8.53499e+06 201799
599812 2.64945e+07 1.11834e+09 4.71917e+10 1.99346e+12 9.9731e+13 8.72487e+15 3.04485e+16 6.18336e+16 9.76544e+16 1.318e+17 1.58415e+17 1.72956e+17 1.72956e+17 1.58415e+17 1.318e+17 9.76544e+16 6.18336e+16 3.04485e+16 8.72487e+15 9.9731e+13 1.99346e+12 4.71917e+10 1.11834e+09 2.64945e+07 599812
1.20059e+06 5.35321e+07 2.27903e+09 9.68353e+10 4.11045e+12 2.05745e+14 1.77467e+16 6.1869e+16 1.25584e+17 1.98283e+17 2.67574e+17 3.21579e+17 3.51083e+17 3.51083e+17 3.21579e+17 2.67574e+17 1.98283e+17 1.25584e+17 6.1869e+16 1.77467e+16 2.05745e+14 4.11045e+12 9.68353e+10 2.27903e+09 5.35321e+07 1.20059e+06
1.89811e+06 8.48149e+07 3.61716e+09 1.53885e+11 6.53729e+12 3.27064e+14 2.80353e+16 9.76886e+16 1.98241e+17 3.12949e+17 4.22262e+17 5.07451e+17 5.53988e+17 5.53988e+17 5.07451e+17 4.22262e+17 3.12949e+17 1.98241e+17 9.76886e+16 2.80353e+16 3.27064e+14 6.53729e+12 1.53885e+11 3.61716e+09 8.48149e+07 1.89811e+06
2.565e+06 1.14676e+08 4.89269e+09 2.08205e+11 8.84637e+12 4.42456e+14 3.78272e+16 1.31778e+17 2.67381e+17 4.22047e+17 5.69417e+17 6.84253e+17 7.46983e+17 7.46983e+17 6.84253e+17 5.69417e+17 4.22047e+17 2.67381e+17 1.31778e+17 3.78272e+16 4.42456e+14 8.84637e+12 2.08205e+11 4.89269e+09 1.14676e+08 2.565e+06
3.08392e+06 1.37896e+08 5.88391e+09 2.50397e+11 1.06391e+13 5.32039e+14 4.54461e+16 1.58305e+17 3.21181e+17 5.06934e+17 6.83904e+17 8.21795e+17 8.97114e+17 8.97114e+17 8.21795e+17 6.83904e+17 5.06934e+17 3.21181e+17 1.58305e+17 4.54461e+16 5.32039e+14 1.06391e+13 2.50397e+11 5.88391e+09 1.37896e+08 3.08392e+06
3.36677e+06 1.50549e+08 6.42387e+09 2.73374e+11 1.16151e+13 5.8081e+14 4.9603e+16 1.7278e+17 3.50539e+17 5.53252e+17 7.46371e+17 8.96836e+17 9.79021e+17 9.79021e+17 8.96836e+17 7.4637e+17 5.53252e+17 3.50539e+17 1.7278e+17 4.9603e+16 5.8081e+14 1.16151e+13 2.73374e+11 6.42387e+09 1.50549e+08 3.36677e+06
3.36677e+06 1.50549e+08 6.42387e+09 2.73374e+11 1.16151e+13 5.8081e+14 4.9603e+16 1.7278e+17 3.50539e+17 5.53252e+17 7.4637e+17 8.96836e+17 9.79021e+17 9.79021e+17 8.96836e+17 7.46371e+17 5.53252e+17 3.50539e+17 1.7278e+17 4.9603e+16 5.8081e+14 1.16151e+13 2.73374e+11 6.42387e+09 1.50549e+08 3.36677e+06
3.08392e+06 1.37896e+08 5.88391e+09 2.50397e+11 1.06391e+13 5.32039e+14 4.54461e+16 1.58305e+17 3.21181e+17 5.06934e+17 6.83904e+17 8.21795e+17 8.97114e+17 8.97114e+17 8.21795e+17 6.83904e+17 5.06934e+17 3.21181e+17 1.58305e+17 4.54461e+16 5.32039e+14 1.06391e+13 2.50397e+11 5.88391e+09 1.37896e+08 3.08392e+06
2.565e+06 1.14676e+08 4.89269e+09 2.08205e+11 8.84637e+12 4.42456e+14 3.78272e+16 1.31778e+17 2.67381e+17 4.22047e+17 5.69417e+17 6.84253e+17 7.46983e+17 7.46983e+17 6.84253e+17 5.69417e+17 4.22047e+17 2.67381e+17 1.31778e+17 3.78272e+16 4.42456e+14 8.84637e+12 2.08205e+11 4.89269e+09 1.14676e+08 2.565e+06
1.89811e+06 8.48149e+07 3.61716e+09 1.53885e+11 6.53729e+12 3.27064e+14 2.80353e+16 9.76886e+16 1.98241e+17 3.12949e+17 4.22262e+17 5.07451e+17 5.53988e+17 5.53988e+17 5.07451e+17 4.22262e+17 3.12949e+17 1.98241e+17 9.76886e+16 2.80353e+16 3.27064e+14 6.53729e+12 1.53885e+11 3.61716e+09 8.48149e+07 1.89811e+06
1.20059e+06 5.35321e+07 2.27903e+09 9.68353e+10 4.11045e+12 2.05745e+14 1.77467e+16 6.1869e+16 1.25584e+17 1.98283e+17 2.67574e+17 3.21579e+17 3.51083e+17 3.51083e+17 3.21579e+17 2.67574e+17 1.98283e+17 1.25584e+17 6.1869e+16 1.77467e+16 2.05745e+14 4.11045e+12 9.68353e+10 2.27903e+09 5.35321e+07 1.20059e+06
599812 2.64945e+07 1.11834e+09 4.71917e+10 1.99346e+12 9.9731e+13 8.72487e+15 3.04485e+16 6.18336e+16 9.76544e+16 1.318e+17 1.58415e+17 1.72956e+17 1.72956e+17 1.58415e+17 1.318e+17 9.76544e+16 6.18336e+16 3.04485e+16 8.72487e+15 9.9731e+13 1.99346e+12 4.71917e+10 1.11834e+09 2.64945e+07 599812
201799 8.53499e+06 3.43762e+08 1.38456e+10 5.60515e+11 2.73677e+13 2.48605e+15 8.6992e+15 1.76849e+16 2.7945e+16 3.77265e+16 4.53505e+16 4.95154e+16 4.95154e+16 4.53505e+16 3.77265e+16 2.7945e+16 1.76849e+16 8.6992e+15 2.48605e+15 2.73677e+13 5.60515e+11 1.38456e+10 3.43762e+08 8.53499e+06 201799
34454.4 1.19728e+06 3.62912e+07 9.52273e+08 1.85978e+10 2.65228e+11 2.60776e+13 9.4932e+13 1.95959e+14 3.11863e+14 4.22432e+14 5.08509e+14 5.55464e+14 5.55464e+14 5.08509e+14 4.22432e+14 3.11863e+14 1.95959e+14 9.4932e+13 2.60776e+13 2.65228e+11 1.85978e+10 9.52273e+08 3.62912e+07 1.19728e+06 34454.4
3690.82 104295 2.43708e+06 4.7779e+07 7.9705e+08 1.7881e+10 5.30486e+11 1.88553e+12 3.89082e+12 6.19565e+12 8.39529e+12 1.01079e+13 1.10421e+13 1.10421e+13 1.01079e+13 8.39529e+12 6.19565e+12 3.89082e+12 1.88553e+12 5.30486e+11 1.7881e+10 7.9705e+08 4.7779e+07 2.43708e+06 104295 3690.82
297.986 7161.84 142606 2.57066e+06 4.64951e+07 9.09309e+08 1.31063e+10 4.46466e+10 9.16792e+10 1.45865e+11 1.97611e+11 2.37912e+11 2.59901e+11 2.59901e+11 2.37912e+11 1.97611e+11 1.45865e+11 9.16792e+10 4.46466e+10 1.31063e+10 9.09309e+08 4.64951e+07 2.57066e+06 142606 7161.84 297.986
20.427 440.561 8064.6 139733 2.345e+06 3.45502e+07 3.25451e+08 1.05825e+09 2.15808e+09 3.42918e+09 4.64423e+09 5.59092e+09 6.10758e+09 6.10758e+09 5.59092e+09 4.64423e+09 3.42918e+09 2.15808e+09 1.05825e+09 3.25451e+08 3.45502e+07 2.345e+06 139733 8064.6 440.561 20.427
1.26435 25.3107 433.492 6935.8 99822 1.13801e+06 8.08127e+06 2.50759e+07 5.07006e+07 8.0419e+07 1.08865e+08 1.31039e+08 1.43143e+08 1.43143e+08 1.31039e+08 1.08865e+08 8.0419e+07 5.07006e+07 2.50759e+07 8.08127e+06 1.13801e+06 99822 6935.8 433.492 25.3107 1.26435
0.0662327 1.24842 19.8903 286.734 3522.45 32718.2 191088 567801 1.13728e+06 1.79998e+06 2.43525e+06 2.93075e+06 3.20131e+06 3.20131e+06 2.93075e+06 2.43525e+06 1.79998e+06 1.13728e+06 567801 191088 32718.2 3522.45 286.734 19.8903 1.24842 0.0662327
