0.547824 10.3877 165.799 2388.08 29306.3 272325 1.5939e+06 4.74973e+06 9.53614e+06 1.51125e+07 2.04515e+07 2.4605e+07 2.68674e+07 2.68674e+07 2.4605e+07 2.04515e+07 1.51125e+07 9.53614e+06 4.74973e+06 1.5939e+06 272325 29306.3 2388.08 165.799 10.3877 0.547824
10.5781 213.947 3678.92 58793.1 843455 9.59834e+06 6.82291e+07 2.12353e+08 4.30499e+08 6.83855e+08 9.26053e+08 1.11432e+09 1.21683e+09 1.21683e+09 1.11432e+09 9.26053e+08 6.83855e+08 4.30499e+08 2.12353e+08 6.82291e+07 9.59834e+06 843455 58793.1 3678.92 213.947 10.5781
172.234 3765.63 69451.6 1.20371e+06 2.0086e+07 2.94263e+08 2.76926e+09 9.03308e+09 1.84751e+10 2.94043e+10 3.98367e+10 4.79397e+10 5.23492e+10 5.23492e+10 4.79397e+10 3.98367e+10 2.94043e+10 1.84751e+10 9.03308e+09 2.76926e+09 2.94263e+08 2.0086e+07 1.20371e+06 69451.6 3765.63 172.234
2521.99 61559.7 1.23986e+06 2.24788e+07 4.0451e+08 7.8135e+09 1.12105e+11 3.83173e+11 7.89332e+11 1.25803e+12 1.70486e+12 2.05166e+12 2.24028e+12 2.24028e+12 2.05166e+12 1.70486e+12 1.25803e+12 7.89332e+11 3.83173e+11 1.12105e+11 7.8135e+09 4.0451e+08 2.24788e+07 1.23986e+06 61559.7 2521.99
31272.5 897248 2.12316e+07 4.21191e+08 7.07752e+09 1.55578e+11 4.55298e+12 1.62431e+13 3.36345e+13 5.36562e+13 7.27262e+13 8.75162e+13 9.55559e+13 9.55559e+13 8.75162e+13 7.27262e+13 5.36562e+13 3.36345e+13 1.62431e+13 4.55298e+12 1.55578e+11 7.07752e+09 4.21191e+08 2.12316e+07 897248 31272.5
292015 1.02866e+07 3.15075e+08 8.3522e+09 1.65679e+11 2.40599e+12 2.24823e+14 8.21638e+14 1.70236e+15 2.71462e+15 3.67847e+15 4.42596e+15 4.8323e+15 4.8323e+15 4.42596e+15 3.67847e+15 2.71462e+15 1.70236e+15 8.21638e+14 2.24823e+14 2.40599e+12 1.65679e+11 8.3522e+09 3.15075e+08 1.02866e+07 292015
1.71168e+06 7.32734e+07 2.97414e+09 1.20407e+11 4.89062e+12 2.38362e+14 2.14417e+16 7.53141e+16 1.53697e+17 2.4353e+17 3.29277e+17 3.96081e+17 4.32543e+17 4.32543e+17 3.96081e+17 3.29277e+17 2.4353e+17 1.53697e+17 7.53141e+16 2.14417e+16 2.38362e+14 4.89062e+12 1.20407e+11 2.97414e+09 7.32734e+07 1.71168e+06
5.09971e+06 2.28018e+08 9.70037e+09 4.11521e+11 1.74467e+13 8.72044e+14 7.55784e+16 2.64711e+17 5.39556e+17 8.54406e+17 1.15492e+18 1.38909e+18 1.51691e+18 1.51691e+18 1.38909e+18 1.15492e+18 8.54406e+17 5.39556e+17 2.64711e+17 7.55784e+16 8.72044e+14 1.74467e+13 4.11521e+11 9.70037e+09 2.28018e+08 5.09971e+06
1.023e+07 4.61852e+08 1.98221e+10 8.46954e+11 3.60931e+13 1.80576e+15 1.54349e+17 5.39969e+17 1.09996e+18 1.74117e+18 2.35303e+18 2.82973e+18 3.08994e+18 3.08994e+18 2.82973e+18 2.35303e+18 1.74117e+18 1.09996e+18 5.39969e+17 1.54349e+17 1.80576e+15 3.60931e+13 8.46954e+11 1.98221e+10 4.61852e+08 1.023e+07
1.61929e+07 7.32771e+08 3.15088e+10 1.34813e+12 5.7502e+13 2.87616e+15 2.44506e+17 8.54893e+17 1.74085e+18 2.75488e+18 3.72217e+18 4.47559e+18 4.88679e+18 4.88679e+18 4.47559e+18 3.72217e+18 2.75488e+18 1.74085e+18 8.54893e+17 2.44506e+17 2.87616e+15 5.7502e+13 1.34813e+12 3.15088e+10 7.32771e+08 1.61929e+07
2.1887e+07 9.91044e+08 4.26322e+10 1.82449e+12 7.78297e+13 3.89219e+15 3.30388e+17 1.1549e+18 2.35123e+18 3.72003e+18 5.0253e+18 6.04171e+18 6.59636e+18 6.59636e+18 6.04171e+18 5.0253e+18 3.72003e+18 2.35123e+18 1.1549e+18 3.30388e+17 3.89219e+15 7.78297e+13 1.82449e+12 4.26322e+10 9.91044e+08 2.1887e+07
2.63058e+07 1.19129e+09 5.12487e+10 2.19318e+12 9.35488e+13 4.67778e+15 3.97157e+17 1.38819e+18 2.82585e+18 4.47033e+18 6.03808e+18 7.25864e+18 7.92459e+18 7.92459e+18 7.25864e+18 6.03808e+18 4.47033e+18 2.82585e+18 1.38819e+18 3.97157e+17 4.67778e+15 9.35488e+13 2.19318e+12 5.12487e+10 1.19129e+09 2.63058e+07
2.87084e+07 1.30012e+09 5.59286e+10 2.3933e+12 1.02076e+14 5.1039e+15 4.33544e+17 1.51536e+18 3.08455e+18 4.87923e+18 6.58995e+18 7.92166e+18 8.64819e+18 8.64819e+18 7.92166e+18 6.58995e+18 4.87923e+18 3.08455e+18 1.51536e+18 4.33544e+17 5.1039e+15 1.02076e+14 2.3933e+12 5.59286e+10 1.30012e+09 2.87084e+07
2.87084e+07 1.30012e+09 5.59286e+10 2.3933e+12 1.02076e+14 5.1039e+15 4.33544e+17 1.51536e+18 3.08455e+18 4.87923e+18 6.58995e+18 7.92166e+18 8.64819e+18 8.64819e+18 7.92166e+18 6.58995e+18 4.87923e+18 3.08455e+18 1.51536e+18 4.33544e+17 5.1039e+15 1.02076e+14 2.3933e+12 5.59286e+10 1.30012e+09 2.87084e+07
2.63058e+07 1.19129e+09 5.12487e+10 2.19318e+12 9.35488e+13 4.67778e+15 3.97157e+17 1.38819e+18 2.82585e+18 4.47033e+18 6.03808e+18 7.25864e+18 7.92459e+18 7.92459e+18 7.25864e+18 6.03808e+18 4.47033e+18 2.82585e+18 1.38819e+18 3.97157e+17 4.67778e+15 9.35488e+13 2.19318e+12 5.12487e+10 1.19129e+09 2.63058e+07
2.1887e+07 9.91044e+08 4.26322e+10 1.82449e+12 7.78297e+13 3.89219e+15 3.30388e+17 1.1549e+18 2.35123e+18 3.72003e+18 5.0253e+18 6.04171e+18 6.59636e+18 6.59636e+18 6.04171e+18 5.0253e+18 3.72003e+18 2.35123e+18 1.1549e+18 3.30388e+17 3.89219e+15 7.78297e+13 1.82449e+12 4.26322e+10 9.91044e+08 2.1887e+07
1.61929e+07 7.32771e+08 3.15088e+10 1.34813e+12 5.7502e+13 2.87616e+15 2.44506e+17 8.54893e+17 1.74085e+18 2.75488e+18 3.72217e+18 4.47559e+18 4.88679e+18 4.88679e+18 4.47559e+18 3.72217e+18 2.75488e+18 1.74085e+18 8.54893e+17 2.44506e+17 2.87616e+15 5.7502e+13 1.34813e+12 3.15088e+10 7.32771e+08 1.61929e+07
1.023e+07 4.61852e+08 1.98221e+10 8.46954e+11 3.60931e+13 1.80576e+15 1.54349e+17 5.39969e+17 1.09996e+18 1.74117e+18 2.35303e+18 2.82973e+18 3.08994e+18 3.08994e+18 2.82973e+18 2.35303e+18 1.74117e+18 1.09996e+18 5.39969e+17 1.54349e+17 1.80576e+15 3.60931e+13 8.46954e+11 1.98221e+10 4.61852e+08 1.023e+07
5.09971e+06 2.28018e+08 9.70037e+09 4.11521e+11 1.74467e+13 8.72044e+14 7.55784e+16 2.64711e+17 5.39556e+17 8.54406e+17 1.15492e+18 1.38909e+18 1.51691e+18 1.51691e+18 1.38909e+18 1.15492e+18 8.54406e+17 5.39556e+17 2.64711e+17 7.55784e+16 8.72044e+14 1.74467e+13 4.1152e+11 9.70037e+09 2.28018e+08 5.09971e+06
1.71168e+06 7.32734e+07 2.97414e+09 1.20407e+11 4.89062e+12 2.38362e+14 2.14417e+16 7.53141e+16 1.53697e+17 2.4353e+17 3.29277e+17 3.96081e+17 4.32543e+17 4.32543e+17 3.96081e+17 3.29277e+17 2.4353e+17 1.53697e+17 7.53141e+16 2.14417e+16 2.38362e+14 4.89062e+12 1.20407e+11 2.97414e+09 7.32734e+07 1.71168e+06
292015 1.02866e+07 3.15075e+08 8.3522e+09 1.65679e+11 2.40599e+12 2.24823e+14 8.21638e+14 1.70236e+15 2.71462e+15 3.67847e+15 4.42596e+15 4.8323e+15 4.8323e+15 4.42596e+15 3.67847e+15 2.71462e+15 1.70236e+15 8.21638e+14 2.24823e+14 2.40599e+12 1.65679e+11 8.3522e+09 3.15075e+08 1.02866e+07 292015
31272.5 897248 2.12316e+07 4.21191e+08 7.07752e+09 1.55578e+11 4.55298e+12 1.62431e+13 3.36345e+13 5.36562e+13 7.27262e+13 8.75162e+13 9.55559e+13 9.55559e+13 8.75162e+13 7.27262e+13 5.36562e+13 3.36345e+13 1.62431e+13 4.55298e+12 1.55578e+11 7.07752e+09 4.21191e+08 2.12316e+07 897248 31272.5
2521.99 61559.7 1.23986e+06 2.24788e+07 4.0451e+08 7.8135e+09 1.12105e+11 3.83173e+11 7.89332e+11 1.25803e+12 1.70486e+12 2.05166e+12 2.24028e+12 2.24028e+12 2.05166e+12 1.70486e+12 1.25803e+12 7.89332e+11 3.83173e+11 1.12105e+11 7.8135e+09 4.0451e+08 2.24788e+07 1.23986e+06 61559.7 2521.99
172.234 3765.63 69451.6 1.20371e+06 2.0086e+07 2.94263e+08 2.76926e+09 9.03308e+09 1.84751e+10 2.94043e+10 3.98367e+10 4.79397e+10 5.23492e+10 5.23492e+10 4.79397e+10 3.98367e+10 2.94043e+10 1.84751e+10 9.03308e+09 2.76926e+09 2.94263e+08 2.0086e+07 1.20371e+06 69451.6 3765.63 172.234
10.5781 213.947 3678.92 58793.1 843455 9.59834e+06 6.82291e+07 2.12353e+08 4.30499e+08 6.83855e+08 9.26053e+08 1.11432e+09 1.21683e+09 1.21683e+09 1.11432e+09 9.26053e+08 6.83855e+08 4.30499e+08 2.12353e+08 6.82291e+07 9.59834e+06 843455 58793.1 3678.92 213.947 10.5781
0.547824 10.3877 165.799 2388.08 29306.3 272325 1.5939e+06 4.74973e+06 9.53614e+06 1.51125e+07 2.04515e+07 2.4605e+07 2.68674e+07 2.68674e+07 2.4605e+07 2.04515e+07 1.51125e+07 9.53614e+06 4.74973e+06 1.5939e+06 272325 29306.3 2388.08 165.799 10.3877 0.547824
