20.1628 372.63 5749.45 79623.5 940012 8.45362e+06 4.82148e+07 1.40182e+08 2.73771e+08 4.21685e+08 5.56238e+08 6.56438e+08 7.09435e+08 7.09435e+08 6.56438e+08 5.56238e+08 4.21685e+08 2.73771e+08 1.40182e+08 4.82148e+07 8.45362e+06 940012 79623.5 5749.45 372.63 20.1628
386.929 7658.8 127862 1.96276e+06 2.69149e+07 2.94514e+08 2.03478e+09 6.17182e+09 1.21514e+10 1.87296e+10 2.4686e+10 2.91074e+10 3.14411e+10 3.14411e+10 2.91074e+10 2.4686e+10 1.87296e+10 1.21514e+10 6.17182e+09 2.03478e+09 2.94514e+08 2.69149e+07 1.96276e+06 127862 7658.8 386.929
6223.17 134209 2.43086e+06 4.07446e+07 6.45987e+08 8.99536e+09 8.18939e+10 2.60024e+11 5.15648e+11 7.94959e+11 1.0467e+12 1.23294e+12 1.33104e+12 1.33104e+12 1.23294e+12 1.0467e+12 7.94959e+11 5.15648e+11 2.60024e+11 8.18939e+10 8.99536e+09 6.45987e+08 4.07446e+07 2.43086e+06 134209 6223.17
89199.1 2.16077e+06 4.33533e+07 7.76222e+08 1.33564e+10 2.40206e+11 3.30046e+12 1.09668e+13 2.18678e+13 3.37014e+13 4.43205e+13 5.21512e+13 5.62667e+13 5.62667e+13 5.21512e+13 4.43205e+13 3.37014e+13 2.18678e+13 1.09668e+13 3.30046e+12 2.40206e+11 1.33564e+10 7.76222e+08 4.33533e+07 2.16077e+06 89199.1
1.07475e+06 3.06178e+07 7.2632e+08 1.45652e+10 2.45126e+11 4.91472e+12 1.33838e+14 4.63528e+14 9.27452e+14 1.42816e+15 1.87566e+15 2.20459e+15 2.37709e+15 2.37709e+15 2.20459e+15 1.87566e+15 1.42816e+15 9.27452e+14 4.63528e+14 1.33838e+14 4.91472e+12 2.45126e+11 1.45652e+10 7.2632e+08 3.06178e+07 1.07475e+06
9.72665e+06 3.39018e+08 1.03641e+10 2.77248e+11 5.69187e+12 8.65039e+13 6.68609e+15 2.36956e+16 4.74209e+16 7.29899e+16 9.58548e+16 1.1268e+17 1.21512e+17 1.21512e+17 1.1268e+17 9.58548e+16 7.29899e+16 4.74209e+16 2.36956e+16 6.68609e+15 8.65039e+13 5.69187e+12 2.77248e+11 1.03641e+10 3.39018e+08 9.72665e+06
5.53438e+07 2.33514e+09 9.39616e+10 3.78595e+12 1.53486e+14 7.3878e+15 6.34512e+17 2.18384e+18 4.35014e+18 6.7245e+18 8.89647e+18 1.05309e+19 1.14031e+19 1.14031e+19 1.05309e+19 8.89647e+18 6.7245e+18 4.35014e+18 2.18384e+18 6.34512e+17 7.3878e+15 1.53486e+14 3.78595e+12 9.39616e+10 2.33514e+09 5.53438e+07
1.60644e+08 7.07027e+09 2.97771e+11 1.25544e+13 5.30445e+14 2.62043e+16 2.19337e+18 7.53096e+18 1.49809e+19 2.31347e+19 3.0585e+19 3.61869e+19 3.91748e+19 3.91748e+19 3.61869e+19 3.0585e+19 2.31347e+19 1.49809e+19 7.53096e+18 2.19337e+18 2.62043e+16 5.30445e+14 1.25544e+13 2.97771e+11 7.07027e+09 1.60644e+08
3.13364e+08 1.39036e+10 5.89776e+11 2.50019e+13 1.05998e+15 5.23951e+16 4.36931e+18 1.49819e+19 2.97554e+19 4.58754e+19 6.05601e+19 7.15736e+19 7.74377e+19 7.74377e+19 7.15736e+19 6.05601e+19 4.58754e+19 2.97554e+19 1.49819e+19 4.36931e+18 5.23951e+16 1.05998e+15 2.50019e+13 5.89776e+11 1.39036e+10 3.13364e+08
4.82206e+08 2.14092e+10 9.08318e+11 3.84915e+13 1.63049e+15 8.0538e+16 6.74526e+18 2.31067e+19 4.58173e+19 7.05097e+19 9.29225e+19 1.0968e+20 1.18584e+20 1.18584e+20 1.0968e+20 9.29225e+19 7.05097e+19 4.58173e+19 2.31067e+19 6.74526e+18 8.0538e+16 1.63049e+15 3.84915e+13 9.08318e+11 2.14092e+10 4.82206e+08
6.35566e+08 2.81948e+10 1.19495e+12 5.05762e+13 2.13949e+15 1.05622e+17 8.90887e+18 3.04976e+19 6.03846e+19 9.27711e+19 1.22067e+20 1.43906e+20 1.55487e+20 1.55487e+20 1.43906e+20 1.22067e+20 9.27711e+19 6.03846e+19 3.04976e+19 8.90887e+18 1.05622e+17 2.13949e+15 5.05762e+13 1.19495e+12 2.81948e+10 6.35566e+08
7.49626e+08 3.3225e+10 1.40672e+12 5.94748e+13 2.51306e+15 1.24023e+17 1.05302e+19 3.60319e+19 7.1265e+19 1.09347e+20 1.43703e+20 1.69256e+20 1.82784e+20 1.82784e+20 1.69256e+20 1.43703e+20 1.09347e+20 7.1265e+19 3.60319e+19 1.05302e+19 1.24023e+17 2.51306e+15 5.94748e+13 1.40672e+12 3.3225e+10 7.49626e+08
8.09899e+08 3.58776e+10 1.51815e+12 6.41469e+13 2.70876e+15 1.33661e+17 1.13928e+19 3.89751e+19 7.70415e+19 1.18129e+20 1.55143e+20 1.82638e+20 1.97182e+20 1.97182e+20 1.82638e+20 1.55143e+20 1.18129e+20 7.70415e+19 3.89751e+19 1.13928e+19 1.33661e+17 2.70876e+15 6.41469e+13 1.51815e+12 3.58776e+10 8.09899e+08
8.09899e+08 3.58776e+10 1.51815e+12 6.41469e+13 2.70876e+15 1.33661e+17 1.13928e+19 3.89751e+19 7.70415e+19 1.18129e+20 1.55143e+20 1.82638e+20 1.97182e+20 1.97182e+20 1.82638e+20 1.55143e+20 1.18129e+20 7.70415e+19 3.89751e+19 1.13928e+19 1.33661e+17 2.70876e+15 6.41469e+13 1.51815e+12 3.58776e+10 8.09899e+08
7.49626e+08 3.3225e+10 1.40672e+12 5.94748e+13 2.51306e+15 1.24023e+17 1.05302e+19 3.60319e+19 7.1265e+19 1.09347e+20 1.43703e+20 1.69256e+20 1.82784e+20 1.82784e+20 1.69256e+20 1.43703e+20 1.09347e+20 7.1265e+19 3.60319e+19 1.05302e+19 1.24023e+17 2.51306e+15 5.94748e+13 1.40672e+12 3.3225e+10 7.49626e+08
6.35566e+08 2.81948e+10 1.19495e+12 5.05762e+13 2.13949e+15 1.05622e+17 8.90887e+18 3.04976e+19 6.03846e+19 9.27711e+19 1.22067e+20 1.43906e+20 1.55487e+20 1.55487e+20 1.43906e+20 1.22067e+20 9.27711e+19 6.03846e+19 3.04976e+19 8.90887e+18 1.05622e+17 2.13949e+15 5.05762e+13 1.19495e+12 2.81948e+10 6.35566e+08
4.82206e+08 2.14092e+10 9.08318e+11 3.84915e+13 1.63049e+15 8.0538e+16 6.74526e+18 2.31067e+19 4.58173e+19 7.05097e+19 9.29225e+19 1.0968e+20 1.18584e+20 1.18584e+20 1.0968e+20 9.29225e+19 7.05097e+19 4.58173e+19 2.31067e+19 6.74526e+18 8.0538e+16 1.63049e+15 3.84915e+13 9.08318e+11 2.14092e+10 4.82206e+08
3.13364e+08 1.39036e+10 5.89776e+11 2.50019e+13 1.05998e+15 5.23951e+16 4.36931e+18 1.49819e+19 2.97554e+19 4.58754e+19 6.05601e+19 7.15736e+19 7.74377e+19 7.74377e+19 7.15736e+19 6.05601e+19 4.58754e+19 2.97554e+19 1.49819e+19 4.36931e+18 5.23951e+16 1.05998e+15 2.50019e+13 5.89776e+11 1.39036e+10 3.13364e+08
1.60644e+08 7.07027e+09 2.97771e+11 1.25544e+13 5.30445e+14 2.62043e+16 2.19337e+18 7.53096e+18 1.49809e+19 2.31347e+19 3.0585e+19 3.61869e+19 3.91748e+19 3.91748e+19 3.61869e+19 3.0585e+19 2.31347e+19 1.49809e+19 7.53096e+18 2.19337e+18 2.62043e+16 5.30445e+14 1.25544e+13 2.97771e+11 7.07027e+09 1.60644e+08
5.53438e+07 2.33514e+09 9.39616e+10 3.78595e+12 1.53486e+14 7.3878e+15 6.34512e+17 2.18384e+18 4.35014e+18 6.7245e+18 8.89647e+18 1.05309e+19 1.14031e+19 1.14031e+19 1.05309e+19 8.89647e+18 6.7245e+18 4.35014e+18 2.18384e+18 6.34512e+17 7.3878e+15 1.53486e+14 3.78595e+12 9.39616e+10 2.33514e+09 5.53438e+07
9.72665e+06 3.39018e+08 1.03641e+10 2.77248e+11 5.69187e+12 8.65039e+13 6.68609e+15 2.36956e+16 4.74209e+16 7.29899e+16 9.58548e+16 1.1268e+17 1.21512e+17 1.21512e+17 1.1268e+17 9.58548e+16 7.29899e+16 4.74209e+16 2.36956e+16 6.68609e+15 8.65039e+13 5.69187e+12 2.77248e+11 1.03641e+10 3.39018e+08 9.72665e+06
1.07475e+06 3.06178e+07 7.2632e+08 1.45652e+10 2.45126e+11 4.91472e+12 1.33838e+14 4.63528e+14 9.27452e+14 1.42816e+15 1.87566e+15 2.20459e+15 2.37709e+15 2.37709e+15 2.20459e+15 1.87566e+15 1.42816e+15 9.27452e+14 4.63528e+14 1.33838e+14 4.91472e+12 2.45126e+11 1.45652e+10 7.2632e+08 3.06178e+07 1.07475e+06
89199.1 2.16077e+06 4.33533e+07 7.76222e+08 1.33564e+10 2.40206e+11 3.30046e+12 1.09668e+13 2.18678e+13 3.37014e+13 4.43205e+13 5.21512e+13 5.62667e+13 5.62667e+13 5.21512e+13 4.43205e+13 3.37014e+13 2.18678e+13 1.09668e+13 3.30046e+12 2.40206e+11 1.33564e+10 7.76222e+08 4.33533e+07 2.16077e+06 89199.1
6223.17 134209 2.43086e+06 4.07446e+07 6.45987e+08 8.99536e+09 8.18939e+10 2.60024e+11 5.15648e+11 7.94959e+11 1.0467e+12 1.23294e+12 1.33104e+12 1.33104e+12 1.23294e+12 1.0467e+12 7.94959e+11 5.15648e+11 2.60024e+11 8.18939e+10 8.99536e+09 6.45987e+08 4.07446e+07 2.43086e+06 134209 6223.17
386.929 7658.8 127862 1.96276e+06 2.69149e+07 2.94514e+08 2.03478e+09 6.17182e+09 1.21514e+10 1.87296e+10 2.4686e+10 2.91074e+10 3.14411e+10 3.14411e+10 2.91074e+10 2.4686e+10 1.87296e+10 1.21514e+10 6.17182e+09 2.03478e+09 2.94514e+08 2.69149e+07 1.96276e+06 127862 7658.8 386.929
20.1628 372.63 5749.45 79623.5 940012 8.45362e+06 4.82148e+07 1.40182e+08 2.73771e+08 4.21685e+08 5.56238e+08 6.56438e+08 7.09435e+08 7.09435e+08 6.56438e+08 5.56238e+08 4.21685e+08 2.73771e+08 1.40182e+08 4.82148e+07 8.45362e+06 940012 79623.5 5749.45 372.63 20.1628
