0.780559 14.7011 233.398 3345.98 40889.2 378711 2.21249e+06 6.59491e+06 1.32539e+07 2.10301e+07 2.84939e+07 3.43135e+07 3.74884e+07 3.74884e+07 3.43135e+07 2.84939e+07 2.10301e+07 1.32539e+07 6.59491e+06 2.21249e+06 378711 40889.2 3345.98 233.398 14.7011 0.780559
15.0055 300.768 5139.98 81696.3 1.166e+06 1.32149e+07 9.37249e+07 2.91694e+08 5.9173e+08 9.40854e+08 1.27533e+09 1.53586e+09 1.67792e+09 1.67792e+09 1.53586e+09 1.27533e+09 9.40854e+08 5.9173e+08 2.91694e+08 9.37249e+07 1.32149e+07 1.166e+06 81696.3 5139.98 300.768 15.0055
243.623 5276.73 96771.3 1.6686e+06 2.76758e+07 4.03269e+08 3.78418e+09 1.23407e+10 2.52511e+10 4.02193e+10 5.45353e+10 6.56763e+10 7.17475e+10 7.17475e+10 6.56763e+10 5.45353e+10 4.02193e+10 2.52511e+10 1.23407e+10 3.78418e+09 4.03269e+08 2.76758e+07 1.6686e+06 96771.3 5276.73 243.623
3557.37 86035.4 1.72524e+06 3.11843e+07 5.58038e+08 1.06941e+10 1.52798e+11 5.22063e+11 1.07576e+12 1.71564e+12 2.32682e+12 2.80206e+12 3.0609e+12 3.0609e+12 2.80206e+12 2.32682e+12 1.71564e+12 1.07576e+12 5.22063e+11 1.52798e+11 1.06941e+10 5.58038e+08 3.11843e+07 1.72524e+06 86035.4 3557.37
43966.5 1.24969e+06 2.946e+07 5.8419e+08 9.81392e+09 2.13423e+11 6.19812e+12 2.21013e+13 4.57743e+13 7.30641e+13 9.9104e+13 1.19337e+14 1.30351e+14 1.30351e+14 1.19337e+14 9.9104e+13 7.30641e+13 4.57743e+13 2.21013e+13 6.19812e+12 2.13423e+11 9.81392e+09 5.8419e+08 2.946e+07 1.24969e+06 43966.5
409192 1.42727e+07 4.35266e+08 1.15295e+10 2.295e+11 3.35192e+12 3.06245e+14 1.11842e+15 2.31738e+15 3.69702e+15 5.01285e+15 6.03509e+15 6.5915e+15 6.5915e+15 6.03509e+15 5.01285e+15 3.69702e+15 2.31738e+15 1.11842e+15 3.06245e+14 3.35192e+12 2.295e+11 1.15295e+10 4.35266e+08 1.42727e+07 409192
2.39285e+06 1.01365e+08 4.09269e+09 1.65259e+11 6.7039e+12 3.26057e+14 2.91871e+16 1.0247e+17 2.09085e+17 3.3132e+17 4.48074e+17 5.39104e+17 5.88816e+17 5.88816e+17 5.39104e+17 4.48074e+17 3.3132e+17 2.09085e+17 1.0247e+17 2.91871e+16 3.26057e+14 6.7039e+12 1.65259e+11 4.09269e+09 1.01365e+08 2.39285e+06
7.13013e+06 3.15373e+08 1.33429e+10 5.64482e+11 2.38981e+13 1.1921e+15 1.02854e+17 3.60034e+17 7.33649e+17 1.16168e+18 1.57038e+18 1.889e+18 2.063e+18 2.063e+18 1.889e+18 1.57038e+18 1.16168e+18 7.33649e+17 3.60034e+17 1.02854e+17 1.1921e+15 2.38981e+13 5.64482e+11 1.33429e+10 3.15373e+08 7.13013e+06
1.43178e+07 6.39231e+08 2.72785e+10 1.16216e+12 4.94517e+13 2.46895e+15 2.10058e+17 7.34332e+17 1.49522e+18 2.36625e+18 3.19746e+18 3.84521e+18 4.19888e+18 4.19888e+18 3.84521e+18 3.19746e+18 2.36625e+18 1.49522e+18 7.34332e+17 2.10058e+17 2.46895e+15 4.94517e+13 1.16216e+12 2.72785e+10 6.39231e+08 1.43178e+07
2.26943e+07 1.01529e+09 4.34001e+10 1.8513e+12 7.88407e+13 3.93498e+15 3.32839e+17 1.16272e+18 2.3662e+18 3.74286e+18 5.05573e+18 6.07832e+18 6.63647e+18 6.63647e+18 6.07832e+18 5.05573e+18 3.74286e+18 2.3662e+18 1.16272e+18 3.32839e+17 3.93498e+15 7.88407e+13 1.8513e+12 4.34001e+10 1.01529e+09 2.26943e+07
3.07162e+07 1.37471e+09 5.87817e+10 2.50785e+12 1.06809e+14 5.32948e+15 4.49914e+17 1.5711e+18 3.19602e+18 5.05359e+18 6.82404e+18 8.20238e+18 8.95448e+18 8.95448e+18 8.20238e+18 6.82404e+18 5.05359e+18 3.19602e+18 1.5711e+18 4.49914e+17 5.32948e+15 1.06809e+14 2.50785e+12 5.87817e+10 1.37471e+09 3.07162e+07
3.69579e+07 1.65407e+09 7.07247e+10 3.01717e+12 1.28487e+14 6.41008e+15 5.41032e+17 1.88892e+18 3.84161e+18 6.07282e+18 8.19844e+18 9.85269e+18 1.07551e+19 1.07551e+19 9.85269e+18 8.19844e+18 6.07282e+18 3.84161e+18 1.88892e+18 5.41032e+17 6.41008e+15 1.28487e+14 3.01717e+12 7.07247e+10 1.65407e+09 3.69579e+07
4.0358e+07 1.80616e+09 7.72224e+10 3.2941e+12 1.40267e+14 6.99719e+15 5.90726e+17 2.06227e+18 4.19365e+18 6.62845e+18 8.94747e+18 1.07519e+19 1.17361e+19 1.17361e+19 1.07519e+19 8.94747e+18 6.62845e+18 4.19365e+18 2.06227e+18 5.90726e+17 6.99719e+15 1.40267e+14 3.2941e+12 7.72224e+10 1.80616e+09 4.0358e+07
4.0358e+07 1.80616e+09 7.72224e+10 3.2941e+12 1.40267e+14 6.99719e+15 5.90726e+17 2.06227e+18 4.19365e+18 6.62845e+18 8.94747e+18 1.07519e+19 1.17361e+19 1.17361e+19 1.07519e+19 8.94747e+18 6.62845e+18 4.19365e+18 2.06227e+18 5.90726e+17 6.99719e+15 1.40267e+14 3.2941e+12 7.72224e+10 1.80616e+09 4.0358e+07
3.69579e+07 1.65407e+09 7.07247e+10 3.01717e+12 1.28487e+14 6.41008e+15 5.41032e+17 1.88892e+18 3.84161e+18 6.07282e+18 8.19844e+18 9.85269e+18 1.07551e+19 1.07551e+19 9.85269e+18 8.19844e+18 6.07282e+18 3.84161e+18 1.88892e+18 5.41032e+17 6.41008e+15 1.28487e+14 3.01717e+12 7.07247e+10 1.65407e+09 3.69579e+07
3.07162e+07 1.37471e+09 5.87817e+10 2.50785e+12 1.06809e+14 5.32948e+15 4.49914e+17 1.5711e+18 3.19602e+18 5.05359e+18 6.82404e+18 8.20238e+18 8.95448e+18 8.95448e+18 8.20238e+18 6.82404e+18 5.05359e+18 3.19602e+18 1.5711e+18 4.49914e+17 5.32948e+15 1.06809e+14 2.50785e+12 5.87817e+10 1.37471e+09 3.07162e+07
2.26943e+07 1.01529e+09 4.34001e+10 1.8513e+12 7.88407e+13 3.93498e+15 3.32839e+17 1.16272e+18 2.3662e+18 3.74286e+18 5.05573e+18 6.07832e+18 6.63647e+18 6.63647e+18 6.07832e+18 5.05573e+18 3.74286e+18 2.3662e+18 1.16272e+18 3.32839e+17 3.93498e+15 7.88407e+13 1.8513e+12 4.34001e+10 1.01529e+09 2.26943e+07
1.43178e+07 6.39231e+08 2.72785e+10 1.16216e+12 4.94517e+13 2.46895e+15 2.10058e+17 7.34332e+17 1.49522e+18 2.36625e+18 3.19746e+18 3.84521e+18 4.19888e+18 4.19888e+18 3.84521e+18 3.19746e+18 2.36625e+18 1.49522e+18 7.34332e+17 2.10058e+17 2.46895e+15 4.94517e+13 1.16216e+12 2.72785e+10 6.39231e+08 1.43178e+07
7.13013e+06 3.15373e+08 1.33429e+10 5.64482e+11 2.38981e+13 1.1921e+15 1.02854e+17 3.60034e+17 7.33649e+17 1.16168e+18 1.57038e+18 1.889e+18 2.063e+18 2.063e+18 1.889e+18 1.57038e+18 1.16168e+18 7.33649e+17 3.60034e+17 1.02854e+17 1.1921e+15 2.38981e+13 5.64482e+11 1.33429e+10 3.15373e+08 7.13013e+06
2.39285e+06 1.01365e+08 4.09269e+09 1.65259e+11 6.7039e+12 3.26057e+14 2.91871e+16 1.0247e+17 2.09085e+17 3.3132e+17 4.48074e+17 5.39104e+17 5.88816e+17 5.88816e+17 5.39104e+17 4.48074e+17 3.3132e+17 2.09085e+17 1.0247e+17 2.91871e+16 3.26057e+14 6.7039e+12 1.65259e+11 4.09269e+09 1.01365e+08 2.39285e+06
409192 1.42727e+07 4.35266e+08 1.15295e+10 2.295e+11 3.35192e+12 3.06245e+14 1.11842e+15 2.31738e+15 3.69702e+15 5.01285e+15 6.03509e+15 6.5915e+15 6.5915e+15 6.03509e+15 5.01285e+15 3.69702e+15 2.31738e+15 1.11842e+15 3.06245e+14 3.35192e+12 2.295e+11 1.15295e+10 4.35266e+08 1.42727e+07 409192
43966.5 1.24969e+06 2.946e+07 5.8419e+08 9.81392e+09 2.13423e+11 6.19812e+12 2.21013e+13 4.57743e+13 7.30641e+13 9.9104e+13 1.19337e+14 1.30351e+14 1.30351e+14 1.19337e+14 9.9104e+13 7.30641e+13 4.57743e+13 2.21013e+13 6.19812e+12 2.13423e+11 9.81392e+09 5.8419e+08 2.946e+07 1.24969e+06 43966.5
3557.37 86035.4 1.72524e+06 3.11843e+07 5.58038e+08 1.06941e+10 1.52798e+11 5.22063e+11 1.07576e+12 1.71564e+12 2.32682e+12 2.80206e+12 3.0609e+12 3.0609e+12 2.80206e+12 2.32682e+12 1.71564e+12 1.07576e+12 5.22063e+11 1.52798e+11 1.06941e+10 5.58038e+08 3.11843e+07 1.72524e+06 86035.4 3557.37
243.623 5276.73 96771.3 1.6686e+06 2.76758e+07 4.03269e+08 3.78418e+09 1.23407e+10 2.52511e+10 4.02193e+10 5.45353e+10 6.56763e+10 7.17475e+10 7.17475e+10 6.56763e+10 5.45353e+10 4.02193e+10 2.52511e+10 1.23407e+10 3.78418e+09 4.03269e+08 2.76758e+07 1.6686e+06 96771.3 5276.73 243.623
15.0055 300.768 5139.98 81696.3 1.166e+06 1.32149e+07 9.37249e+07 2.91694e+08 5.9173e+08 9.40854e+08 1.27533e+09 1.53586e+09 1.67792e+09 1.67792e+09 1.53586e+09 1.27533e+09 9.40854e+08 5.9173e+08 2.91694e+08 9.37249e+07 1.32149e+07 1.166e+06 81696.3 5139.98 300.768 15.0055
0.780559 14.7011 233.398 3345.98 40889.2 378711 2.21249e+06 6.59491e+06 1.32539e+07 2.10301e+07 2.84939e+07 3.43135e+07 3.74884e+07 3.74884e+07 3.43135e+07 2.84939e+07 2.10301e+07 1.32539e+07 6.59491e+06 2.21249e+06 378711 40889.2 3345.98 233.398 14.7011 0.780559
