0.0413684 0.786988 12.6572 184.113 2281.44 21372.7 125962 378568 768196 1.23161e+06 1.68491e+06 2.04417e+06 2.24234e+06 2.24234e+06 2.04417e+06 1.68491e+06 1.23161e+06 768196 378568 125962 21372.7 2281.44 184.113 12.6572 0.786988 0.0413684
0.796426 16.1038 278.529 4497.47 65293.2 750592 5.37656e+06 1.68813e+07 3.46034e+07 5.5636e+07 7.61965e+07 9.2492e+07 1.01481e+08 1.01481e+08 9.24919e+07 7.61965e+07 5.5636e+07 3.46034e+07 1.68813e+07 5.37656e+06 750592 65293.2 4497.47 278.529 16.1038 0.796426
12.9785 282.796 5226.69 91364.3 1.54629e+06 2.29645e+07 2.18044e+08 7.17732e+08 1.48496e+09 2.39343e+09 3.28113e+09 3.98472e+09 4.3729e+09 4.3729e+09 3.98472e+09 3.28113e+09 2.39343e+09 1.48496e+09 7.17732e+08 2.18044e+08 2.29645e+07 1.54629e+06 91364.3 5226.69 282.796 12.9785
190.917 4635.23 93126.7 1.69185e+06 3.08375e+07 6.0773e+08 8.82069e+09 3.0434e+10 6.34511e+10 1.02469e+11 1.40588e+11 1.70806e+11 1.87479e+11 1.87479e+11 1.70806e+11 1.40588e+11 1.02469e+11 6.34511e+10 3.0434e+10 8.82069e+09 6.0773e+08 3.08375e+07 1.69185e+06 93126.7 4635.23 190.917
2384.46 68050 1.6033e+06 3.16331e+07 5.30638e+08 1.19915e+10 3.57859e+11 1.28919e+12 2.70313e+12 4.37195e+12 6.00252e+12 7.29536e+12 8.00874e+12 8.00874e+12 7.29536e+12 6.00252e+12 4.37195e+12 2.70313e+12 1.28919e+12 3.57859e+11 1.19915e+10 5.30638e+08 3.16331e+07 1.6033e+06 68050 2384.46
22449.5 787613 2.40564e+07 6.34654e+08 1.24351e+10 1.777e+11 1.75922e+13 6.49318e+13 1.36221e+14 2.20208e+14 3.02225e+14 3.67233e+14 4.03097e+14 4.03097e+14 3.67233e+14 3.02225e+14 2.20208e+14 1.36221e+14 6.49318e+13 1.75922e+13 1.777e+11 1.24351e+10 6.34654e+08 2.40564e+07 787613 22449.5
132711 5.66465e+06 2.29731e+08 9.29378e+09 3.77079e+11 1.84203e+13 1.67846e+15 5.93073e+15 1.21979e+16 1.94943e+16 2.65705e+16 3.2159e+16 3.52372e+16 3.52372e+16 3.2159e+16 2.65705e+16 1.94943e+16 1.21979e+16 5.93073e+15 1.67846e+15 1.84203e+13 3.77079e+11 9.29378e+09 2.29731e+08 5.66465e+06 132711
399121 1.78e+07 7.56889e+08 3.20987e+10 1.3599e+12 6.809e+13 5.95042e+15 2.09554e+16 4.30324e+16 6.87091e+16 9.35974e+16 1.13248e+17 1.2407e+17 1.2407e+17 1.13248e+17 9.35974e+16 6.87091e+16 4.30324e+16 2.09554e+16 5.95042e+15 6.809e+13 1.3599e+12 3.20987e+10 7.56889e+08 1.78e+07 399121
809738 3.64795e+07 1.56569e+09 6.69103e+10 2.85092e+12 1.42849e+14 1.2252e+16 4.30811e+16 8.84015e+16 1.41084e+17 1.92132e+17 2.3243e+17 2.54623e+17 2.54623e+17 2.3243e+17 1.92132e+17 1.41084e+17 8.84015e+16 4.30811e+16 1.2252e+16 1.42849e+14 2.85092e+12 6.69103e+10 1.56569e+09 3.64795e+07 809738
1.29744e+06 5.86166e+07 2.52199e+09 1.07987e+11 4.60802e+12 2.30803e+14 1.9587e+16 6.88114e+16 1.41135e+17 2.25175e+17 3.06591e+17 3.70853e+17 4.06241e+17 4.06241e+17 3.70853e+17 3.06591e+17 2.25175e+17 1.41135e+17 6.88114e+16 1.9587e+16 2.30803e+14 4.60802e+12 1.07987e+11 2.52199e+09 5.86166e+07 1.29744e+06
1.77367e+06 8.02188e+07 3.4547e+09 1.48042e+11 6.3215e+12 3.16532e+14 2.66954e+16 9.37342e+16 1.92199e+17 3.06588e+17 4.17384e+17 5.04828e+17 5.52977e+17 5.52977e+17 5.04828e+17 4.17384e+17 3.06588e+17 1.92199e+17 9.37342e+16 2.66954e+16 3.16532e+14 6.3215e+12 1.48042e+11 3.4547e+09 8.02188e+07 1.77367e+06
2.1505e+06 9.73107e+07 4.19268e+09 1.79736e+11 7.67746e+12 3.84355e+14 3.2304e+16 1.13394e+17 2.32475e+17 3.70793e+17 5.04752e+17 6.10468e+17 6.68677e+17 6.68677e+17 6.10468e+17 5.04752e+17 3.70793e+17 2.32475e+17 1.13394e+17 3.2304e+16 3.84355e+14 7.67746e+12 1.79736e+11 4.19268e+09 9.73107e+07 2.1505e+06
2.35811e+06 1.06728e+08 4.59931e+09 1.972e+11 8.42464e+12 4.21722e+14 3.53909e+16 1.24215e+17 2.5464e+17 4.06125e+17 5.52828e+17 6.68597e+17 7.32339e+17 7.32339e+17 6.68596e+17 5.52828e+17 4.06125e+17 2.5464e+17 1.24215e+17 3.53909e+16 4.21722e+14 8.42464e+12 1.972e+11 4.59931e+09 1.06728e+08 2.35811e+06
2.35811e+06 1.06728e+08 4.59931e+09 1.972e+11 8.42464e+12 4.21722e+14 3.53909e+16 1.24215e+17 2.5464e+17 4.06125e+17 5.52828e+17 6.68596e+17 7.32339e+17 7.32339e+17 6.68597e+17 5.52828e+17 4.06125e+17 2.5464e+17 1.24215e+17 3.53909e+16 4.21722e+14 8.42464e+12 1.972e+11 4.59931e+09 1.06728e+08 2.35811e+06
2.1505e+06 9.73107e+07 4.19268e+09 1.79736e+11 7.67746e+12 3.84355e+14 3.2304e+16 1.13394e+17 2.32475e+17 3.70793e+17 5.04752e+17 6.10468e+17 6.68677e+17 6.68677e+17 6.10468e+17 5.04752e+17 3.70793e+17 2.32475e+17 1.13394e+17 3.2304e+16 3.84355e+14 7.67746e+12 1.79736e+11 4.19268e+09 9.73107e+07 2.1505e+06
1.77367e+06 8.02188e+07 3.4547e+09 1.48042e+11 6.3215e+12 3.16532e+14 2.66954e+16 9.37342e+16 1.92199e+17 3.06588e+17 4.17384e+17 5.04828e+17 5.52977e+17 5.52977e+17 5.04828e+17 4.17384e+17 3.06588e+17 1.92199e+17 9.37342e+16 2.66954e+16 3.16532e+14 6.3215e+12 1.48042e+11 3.4547e+09 8.02188e+07 1.77367e+06
1.29744e+06 5.86166e+07 2.52199e+09 1.07987e+11 4.60802e+12 2.30803e+14 1.9587e+16 6.88114e+16 1.41135e+17 2.25175e+17 3.06591e+17 3.70853e+17 4.06241e+17 4.06241e+17 3.70853e+17 3.06591e+17 2.25175e+17 1.41135e+17 6.88114e+16 1.9587e+16 2.30803e+14 4.60802e+12 1.07987e+11 2.52199e+09 5.86166e+07 1.29744e+06
809738 3.64795e+07 1.56569e+09 6.69103e+10 2.85092e+12 1.42849e+14 1.2252e+16 4.30811e+16 8.84015e+16 1.41084e+17 1.92132e+17 2.3243e+17 2.54623e+17 2.54623e+17 2.3243e+17 1.92132e+17 1.41084e+17 8.84015e+16 4.30811e+16 1.2252e+16 1.42849e+14 2.85092e+12 6.69103e+10 1.56569e+09 3.64795e+07 809738
399121 1.78e+07 7.56889e+08 3.20987e+10 1.3599e+12 6.809e+13 5.95042e+15 2.09554e+16 4.30324e+16 6.87091e+16 9.35974e+16 1.13248e+17 1.2407e+17 1.2407e+17 1.13248e+17 9.35974e+16 6.87091e+16 4.30324e+16 2.09554e+16 5.95042e+15 6.809e+13 1.3599e+12 3.20987e+10 7.56889e+08 1.78e+07 399121
132711 5.66465e+06 2.29731e+08 9.29378e+09 3.77079e+11 1.84203e+13 1.67846e+15 5.93073e+15 1.21979e+16 1.94943e+16 2.65705e+16 3.2159e+16 3.52372e+16 3.52372e+16 3.2159e+16 2.65705e+16 1.94943e+16 1.21979e+16 5.93073e+15 1.67846e+15 1.84203e+13 3.77079e+11 9.29378e+09 2.29731e+08 5.66465e+06 132711
22449.5 787613 2.40564e+07 6.34654e+08 1.24351e+10 1.777e+11 1.75922e+13 6.49318e+13 1.36221e+14 2.20208e+14 3.02225e+14 3.67233e+14 4.03097e+14 4.03097e+14 3.67233e+14 3.02225e+14 2.20208e+14 1.36221e+14 6.49318e+13 1.75922e+13 1.777e+11 1.24351e+10 6.34654e+08 2.40564e+07 787613 22449.5
2384.46 68050 1.6033e+06 3.16331e+07 5.30638e+08 1.19915e+10 3.57859e+11 1.28919e+12 2.70313e+12 4.37195e+12 6.00252e+12 7.29536e+12 8.00874e+12 8.00874e+12 7.29536e+12 6.00252e+12 4.37195e+12 2.70313e+12 1.28919e+12 3.57859e+11 1.19915e+10 5.30638e+08 3.16331e+07 1.6033e+06 68050 2384.46
190.917 4635.23 93126.7 1.69185e+06 3.08375e+07 6.0773e+08 8.82069e+09 3.0434e+10 6.34511e+10 1.02469e+11 1.40588e+11 1.70806e+11 1.87479e+11 1.87479e+11 1.70806e+11 1.40588e+11 1.02469e+11 6.34511e+10 3.0434e+10 8.82069e+09 6.0773e+08 3.08375e+07 1.69185e+06 93126.7 4635.23 190.917
12.9785 282.796 5226.69 91364.3 1.54629e+06 2.29645e+07 2.18044e+08 7.17732e+08 1.48496e+09 2.39343e+09 3.28113e+09 3.98472e+09 4.3729e+09 4.3729e+09 3.98472e+09 3.28113e+09 2.39343e+09 1.48496e+09 7.17732e+08 2.18044e+08 2.29645e+07 1.54629e+06 91364.3 5226.69 282.796 12.9785
0.796426 16.1038 278.529 4497.47 65293.2 750592 5.37656e+06 1.68813e+07 3.46034e+07 5.5636e+07 7.61965e+07 9.24919e+07 1.01481e+08 1.01481e+08 9.24919e+07 7.61965e+07 5.5636e+07 3.46034e+07 1.68813e+07 5.37656e+06 750592 65293.2 4497.47 278.529 16.1038 0.796426
0.0413684 0.786988 12.6572 184.113 2281.44 21372.7 125962 378568 768196 1.23161e+06 1.68491e+06 2.04417e+06 2.24234e+06 2.24234e+06 2.04417e+06 1.68491e+06 1.23161e+06 768196 378568 125962 21372.7 2281.44 184.113 12.6572 0.786988 0.0413684
