2.19263e-05 0.00041043 0.00648406 0.0926502 1.12895 10.417 60.546 179.349 358.492 566.846 766.887 923.335 1008.97 1008.97 923.335 766.887 566.846 358.492 179.349 60.546 10.417 1.12895 0.0926502 0.00648406 0.00041043 2.19263e-05
0.00041731 0.00830133 0.141027 2.2352 31.8672 360.488 2546.14 7873.77 15882.7 25163.8 34061.1 41016.3 44822.7 44822.7 41016.3 34061.1 25163.8 15882.7 7873.77 2546.14 360.488 31.8672 2.2352 0.141027 0.00830133 0.00041731
0.00671409 0.14406 2.61992 44.9949 746.974 10899.9 102045 330589 672411 1.06707e+06 1.44492e+06 1.74021e+06 1.9018e+06 1.9018e+06 1.74021e+06 1.44492e+06 1.06707e+06 672411 330589 102045 10899.9 746.974 44.9949 2.61992 0.14406 0.00671409
0.0974072 2.33118 46.2234 828.521 14828.6 286212 4.09419e+06 1.38912e+07 2.84428e+07 4.51884e+07 6.12071e+07 7.37232e+07 8.05725e+07 8.05725e+07 7.37232e+07 6.12071e+07 4.51884e+07 2.84428e+07 1.38912e+07 4.09419e+06 286212 14828.6 828.521 46.2234 2.33118 0.0974072
1.19874 33.7307 785.765 15380.4 255767 5.63663e+06 1.65285e+08 5.84936e+08 1.20323e+09 1.91299e+09 2.59164e+09 3.12189e+09 3.41206e+09 3.41206e+09 3.12189e+09 2.59164e+09 1.91299e+09 1.20323e+09 5.84936e+08 1.65285e+08 5.63663e+06 255767 15380.4 785.765 33.7307 1.19874
11.1189 384.478 11610.3 304147 5.95801e+06 8.53522e+07 8.12675e+09 2.94408e+10 6.05583e+10 9.62016e+10 1.30261e+11 1.56866e+11 1.71425e+11 1.71425e+11 1.56866e+11 1.30261e+11 9.62016e+10 6.05583e+10 2.94408e+10 8.12675e+09 8.53522e+07 5.95801e+06 304147 11610.3 384.478 11.1189
64.7747 2723.98 109174 4.3804e+06 1.76853e+08 8.60279e+09 7.74736e+11 2.6999e+12 5.46895e+12 8.61958e+12 1.16193e+13 1.39579e+13 1.52364e+13 1.52364e+13 1.39579e+13 1.16193e+13 8.61958e+12 5.46895e+12 2.6999e+12 7.74736e+11 8.60279e+09 1.76853e+08 4.3804e+06 109174 2723.98 64.7747
191.944 8427.26 353854 1.487e+07 6.26208e+08 3.1207e+10 2.70941e+12 9.41854e+12 1.90597e+13 3.00246e+13 4.04619e+13 4.85978e+13 5.30453e+13 5.30453e+13 4.85978e+13 4.04619e+13 3.00246e+13 1.90597e+13 9.41854e+12 2.70941e+12 3.1207e+10 6.26208e+08 1.487e+07 353854 8427.26 191.944
383.554 16994 719505 3.04369e+07 1.28768e+09 6.41862e+10 5.49375e+12 1.90792e+13 3.85954e+13 6.07875e+13 8.19101e+13 9.83745e+13 1.07375e+14 1.07375e+14 9.83745e+13 8.19101e+13 6.07875e+13 3.85954e+13 1.90792e+13 5.49375e+12 6.41862e+10 1.28768e+09 3.04369e+07 719505 16994 383.554
606.143 26909.4 1.14114e+06 4.83275e+07 2.04599e+09 1.01917e+11 8.66092e+12 3.00638e+13 6.08049e+13 9.57581e+13 1.29025e+14 1.54956e+14 1.6913e+14 1.6913e+14 1.54956e+14 1.29025e+14 9.57581e+13 6.08049e+13 3.00638e+13 8.66092e+12 1.01917e+11 2.04599e+09 4.83275e+07 1.14114e+06 26909.4 606.143
819.568 36401.8 1.54426e+06 6.54168e+07 2.76998e+09 1.3792e+11 1.16746e+13 4.05141e+13 8.19327e+13 1.29024e+14 1.73843e+14 2.08777e+14 2.27873e+14 2.27873e+14 2.08777e+14 1.73843e+14 1.29024e+14 8.19327e+13 4.05141e+13 1.16746e+13 1.3792e+11 2.76998e+09 6.54168e+07 1.54426e+06 36401.8 819.568
986.286 43813 1.85888e+06 7.87519e+07 3.33488e+09 1.66007e+11 1.40226e+13 4.86551e+13 9.83913e+13 1.54938e+14 2.08756e+14 2.50703e+14 2.73633e+14 2.73633e+14 2.50703e+14 2.08756e+14 1.54938e+14 9.83913e+13 4.86551e+13 1.40226e+13 1.66007e+11 3.33488e+09 7.87519e+07 1.85888e+06 43813 986.286
1077.46 47865.6 2.03091e+06 8.60428e+07 3.64373e+09 1.81362e+11 1.53055e+13 5.31033e+13 1.07384e+14 1.69097e+14 2.27832e+14 2.73611e+14 2.98636e+14 2.98636e+14 2.73611e+14 2.27832e+14 1.69097e+14 1.07384e+14 5.31033e+13 1.53055e+13 1.81362e+11 3.64373e+09 8.60428e+07 2.03091e+06 47865.6 1077.46
1077.46 47865.6 2.03091e+06 8.60428e+07 3.64373e+09 1.81362e+11 1.53055e+13 5.31033e+13 1.07384e+14 1.69097e+14 2.27832e+14 2.73611e+14 2.98636e+14 2.98636e+14 2.73611e+14 2.27832e+14 1.69097e+14 1.07384e+14 5.31033e+13 1.53055e+13 1.81362e+11 3.64373e+09 8.60428e+07 2.03091e+06 47865.6 1077.46
986.286 43813 1.85888e+06 7.87519e+07 3.33488e+09 1.66007e+11 1.40226e+13 4.86551e+13 9.83913e+13 1.54938e+14 2.08756e+14 2.50703e+14 2.73633e+14 2.73633e+14 2.50703e+14 2.08756e+14 1.54938e+14 9.83913e+13 4.86551e+13 1.40226e+13 1.66007e+11 3.33488e+09 7.87519e+07 1.85888e+06 43813 986.286
819.568 36401.8 1.54426e+06 6.54168e+07 2.76998e+09 1.3792e+11 1.16746e+13 4.05141e+13 8.19327e+13 1.29024e+14 1.73843e+14 2.08777e+14 2.27873e+14 2.27873e+14 2.08777e+14 1.73843e+14 1.29024e+14 8.19327e+13 4.05141e+13 1.16746e+13 1.3792e+11 2.76998e+09 6.54168e+07 1.54426e+06 36401.8 819.568
606.143 26909.4 1.14114e+06 4.83275e+07 2.04599e+09 1.01917e+11 8.66092e+12 3.00638e+13 6.08049e+13 9.57581e+13 1.29025e+14 1.54956e+14 1.6913e+14 1.6913e+14 1.54956e+14 1.29025e+14 9.57581e+13 6.08049e+13 3.00638e+13 8.66092e+12 1.01917e+11 2.04599e+09 4.83275e+07 1.14114e+06 26909.4 606.143
383.554 16994 719505 3.04369e+07 1.28768e+09 6.41862e+10 5.49375e+12 1.90792e+13 3.85954e+13 6.07875e+13 8.19101e+13 9.83745e+13 1.07375e+14 1.07375e+14 9.83745e+13 8.19101e+13 6.07875e+13 3.85954e+13 1.90792e+13 5.49375e+12 6.41862e+10 1.28768e+09 3.04369e+07 719505 16994 383.554
191.944 8427.26 353854 1.487e+07 6.26208e+08 3.1207e+10 2.70941e+12 9.41854e+12 1.90597e+13 3.00246e+13 4.04619e+13 4.85978e+13 5.30453e+13 5.30453e+13 4.85978e+13 4.04619e+13 3.00246e+13 1.90597e+13 9.41854e+12 2.70941e+12 3.1207e+10 6.26208e+08 1.487e+07 353854 8427.26 191.944
64.7747 2723.98 109174 4.3804e+06 1.76853e+08 8.60279e+09 7.74736e+11 2.6999e+12 5.46895e+12 8.61958e+12 1.16193e+13 1.39579e+13 1.52364e+13 1.52364e+13 1.39579e+13 1.16193e+13 8.61958e+12 5.46895e+12 2.6999e+12 7.74736e+11 8.60279e+09 1.76853e+08 4.3804e+06 109174 2723.98 64.7747
11.1189 384.478 11610.3 304147 5.95801e+06 8.53522e+07 8.12675e+09 2.94408e+10 6.05583e+10 9.62016e+10 1.30261e+11 1.56866e+11 1.71425e+11 1.71425e+11 1.56866e+11 1.30261e+11 9.62016e+10 6.05583e+10 2.94408e+10 8.12675e+09 8.53522e+07 5.95801e+06 304147 11610.3 384.478 11.1189
1.19874 33.7307 785.765 15380.4 255767 5.63663e+06 1.65285e+08 5.84936e+08 1.20323e+09 1.91299e+09 2.59164e+09 3.12189e+09 3.41206e+09 3.41206e+09 3.12189e+09 2.59164e+09 1.91299e+09 1.20323e+09 5.84936e+08 1.65285e+08 5.63663e+06 255767 15380.4 785.765 33.7307 1.19874
0.0974072 2.33118 46.2234 828.521 14828.6 286212 4.09419e+06 1.38912e+07 2.84428e+07 4.51884e+07 6.12071e+07 7.37232e+07 8.05725e+07 8.05725e+07 7.37232e+07 6.12071e+07 4.51884e+07 2.84428e+07 1.38912e+07 4.09419e+06 286212 14828.6 828.521 46.2234 2.33118 0.0974072
0.00671409 0.14406 2.61992 44.9949 746.974 10899.9 102045 330589 672411 1.06707e+06 1.44492e+06 1.74021e+06 1.9018e+06 1.9018e+06 1.74021e+06 1.44492e+06 1.06707e+06 672411 330589 102045 10899.9 746.974 44.9949 2.61992 0.14406 0.00671409
0.00041731 0.00830133 0.141027 2.2352 31.8672 360.488 2546.14 7873.77 15882.7 25163.8 34061.1 41016.3 44822.7 44822.7 41016.3 34061.1 25163.8 15882.7 7873.77 2546.14 360.488 31.8672 2.2352 0.141027 0.00830133 0.00041731
2.19263e-05 0.00041043 0.00648406 0.0926502 1.12895 10.417 60.546 179.349 358.492 566.846 766.887 923.335 1008.97 1008.97 923.335 766.887 566.846 358.492 179.349 60.546 10.417 1.12895 0.0926502 0.00648406 0.00041043 2.19263e-05
