1.47028 27.5461 433.993 6167.01 74746.3 688079 4.00651e+06 1.19363e+07 2.4006e+07 3.81443e+07 5.17675e+07 6.24294e+07 6.82618e+07 6.82618e+07 6.24294e+07 5.17675e+07 3.81443e+07 2.4006e+07 1.19363e+07 4.00651e+06 688079 74746.3 6167.01 433.993 27.5461 1.47028
28.2612 564.411 9583.34 150922 2.1325e+06 2.39772e+07 1.69329e+08 5.26642e+08 1.06907e+09 1.70222e+09 2.31121e+09 2.78742e+09 3.0478e+09 3.0478e+09 2.78742e+09 2.31121e+09 1.70222e+09 1.06907e+09 5.26642e+08 1.69329e+08 2.39772e+07 2.1325e+06 150922 9583.34 564.411 28.2612
457.912 9903.78 180972 3.09626e+06 5.0747e+07 7.31226e+08 6.82164e+09 2.22284e+10 4.55111e+10 7.25908e+10 9.85971e+10 1.18917e+11 1.30022e+11 1.30022e+11 1.18917e+11 9.85971e+10 7.25908e+10 4.55111e+10 2.22284e+10 6.82164e+09 7.31226e+08 5.0747e+07 3.09626e+06 180972 9903.78 457.912
6657.68 161033 3.22891e+06 5.82069e+07 1.03038e+09 1.94157e+10 2.74963e+11 9.38579e+11 1.93516e+12 3.09059e+12 4.19889e+12 5.0643e+12 5.53707e+12 5.53707e+12 5.0643e+12 4.19889e+12 3.09059e+12 1.93516e+12 9.38579e+11 2.74963e+11 1.94157e+10 1.03038e+09 5.82069e+07 3.22891e+06 161033 6657.68
81803.2 2.32535e+06 5.4892e+07 1.09189e+09 1.83558e+10 3.90057e+11 1.11397e+13 3.96799e+13 8.2227e+13 1.31439e+14 1.78605e+14 2.15414e+14 2.35514e+14 2.35514e+14 2.15414e+14 1.78605e+14 1.31439e+14 8.2227e+13 3.96799e+13 1.11397e+13 3.90057e+11 1.83558e+10 1.0919e+09 5.4892e+07 2.32535e+06 81803.2
756826 2.63699e+07 8.04111e+08 2.13486e+10 4.28743e+11 6.33712e+12 5.51423e+14 2.01093e+15 4.16817e+15 6.65841e+15 9.04377e+15 1.09048e+16 1.1921e+16 1.1921e+16 1.09048e+16 9.04377e+15 6.65841e+15 4.16817e+15 2.01093e+15 5.51423e+14 6.33712e+12 4.28743e+11 2.13486e+10 8.04111e+08 2.63699e+07 756826
4.40624e+06 1.8621e+08 7.50131e+09 3.02345e+11 1.22485e+13 5.93208e+14 5.2506e+16 1.84156e+17 3.7574e+17 5.95729e+17 8.0633e+17 9.70908e+17 1.06094e+18 1.06094e+18 9.70908e+17 8.0633e+17 5.95728e+17 3.7574e+17 1.84156e+17 5.2506e+16 5.93208e+14 1.22485e+13 3.02345e+11 7.50131e+09 1.8621e+08 4.40624e+06
1.31177e+07 5.78717e+08 2.44243e+10 1.03122e+12 4.35931e+13 2.16584e+15 1.84948e+17 6.46788e+17 1.31787e+18 2.08779e+18 2.82448e+18 3.40005e+18 3.71487e+18 3.71487e+18 3.40005e+18 2.82448e+18 2.08779e+18 1.31787e+18 6.46788e+17 1.84948e+17 2.16584e+15 4.35931e+13 1.03122e+12 2.44243e+10 5.78717e+08 1.31177e+07
2.6359e+07 1.17373e+09 4.99613e+10 2.12417e+12 9.02498e+13 4.48791e+15 3.77816e+17 1.31952e+18 2.68651e+18 4.25354e+18 5.75199e+18 6.92216e+18 7.56204e+18 7.56204e+18 6.92216e+18 5.75199e+18 4.25354e+18 2.68651e+18 1.31952e+18 3.77816e+17 4.48791e+15 9.02498e+13 2.12417e+12 4.99613e+10 1.17373e+09 2.6359e+07
4.18432e+07 1.86703e+09 7.96088e+10 3.38894e+12 1.4411e+14 7.16374e+15 5.99148e+17 2.0909e+18 4.25461e+18 6.733e+18 9.10131e+18 1.09497e+19 1.19602e+19 1.19602e+19 1.09497e+19 9.10131e+18 6.733e+18 4.25461e+18 2.0909e+18 5.99148e+17 7.16374e+15 1.4411e+14 3.38894e+12 7.96088e+10 1.86703e+09 4.18432e+07
5.6736e+07 2.53263e+09 1.08025e+11 4.59964e+12 1.95621e+14 9.72149e+15 8.10776e+17 2.82815e+18 5.75239e+18 9.09968e+18 1.22962e+19 1.47898e+19 1.61525e+19 1.61525e+19 1.47898e+19 1.22962e+19 9.09968e+18 5.75239e+18 2.82815e+18 8.10776e+17 9.72149e+15 1.95621e+14 4.59964e+12 1.08025e+11 2.53263e+09 5.6736e+07
6.83725e+07 3.05221e+09 1.30188e+11 5.54324e+12 2.35742e+14 1.17131e+16 9.75935e+17 3.4034e+18 6.92055e+18 1.09445e+19 1.47855e+19 1.77805e+19 1.94168e+19 1.94168e+19 1.77805e+19 1.47855e+19 1.09445e+19 6.92055e+18 3.4034e+18 9.75935e+17 1.17131e+16 2.35742e+14 5.54324e+12 1.30188e+11 3.05221e+09 6.83725e+07
7.47307e+07 3.33596e+09 1.42286e+11 6.05807e+12 2.57622e+14 1.2799e+16 1.06619e+18 3.71775e+18 7.55872e+18 1.1952e+19 1.61444e+19 1.94128e+19 2.11981e+19 2.11981e+19 1.94128e+19 1.61444e+19 1.1952e+19 7.55872e+18 3.71775e+18 1.06619e+18 1.2799e+16 2.57622e+14 6.05807e+12 1.42286e+11 3.33596e+09 7.47307e+07
7.47307e+07 3.33596e+09 1.42286e+11 6.05807e+12 2.57622e+14 1.2799e+16 1.06619e+18 3.71775e+18 7.55872e+18 1.1952e+19 1.61444e+19 1.94128e+19 2.11981e+19 2.11981e+19 1.94128e+19 1.61444e+19 1.1952e+19 7.55872e+18 3.71775e+18 1.06619e+18 1.2799e+16 2.57622e+14 6.05807e+12 1.42286e+11 3.33596e+09 7.47307e+07
6.83725e+07 3.05221e+09 1.30188e+11 5.54324e+12 2.35742e+14 1.17131e+16 9.75935e+17 3.4034e+18 6.92055e+18 1.09445e+19 1.47855e+19 1.77805e+19 1.94168e+19 1.94168e+19 1.77805e+19 1.47855e+19 1.09445e+19 6.92055e+18 3.4034e+18 9.75935e+17 1.17131e+16 2.35742e+14 5.54324e+12 1.30188e+11 3.05221e+09 6.83725e+07
5.6736e+07 2.53263e+09 1.08025e+11 4.59964e+12 1.95621e+14 9.72149e+15 8.10776e+17 2.82815e+18 5.75239e+18 9.09968e+18 1.22962e+19 1.47898e+19 1.61525e+19 1.61525e+19 1.47898e+19 1.22962e+19 9.09968e+18 5.75239e+18 2.82815e+18 8.10776e+17 9.72149e+15 1.95621e+14 4.59964e+12 1.08025e+11 2.53263e+09 5.6736e+07
4.18432e+07 1.86703e+09 7.96088e+10 3.38894e+12 1.4411e+14 7.16374e+15 5.99148e+17 2.0909e+18 4.25461e+18 6.733e+18 9.10131e+18 1.09497e+19 1.19602e+19 1.19602e+19 1.09497e+19 9.10131e+18 6.733e+18 4.25461e+18 2.0909e+18 5.99148e+17 7.16374e+15 1.4411e+14 3.38894e+12 7.96088e+10 1.86703e+09 4.18432e+07
2.6359e+07 1.17373e+09 4.99613e+10 2.12417e+12 9.02498e+13 4.48791e+15 3.77816e+17 1.31952e+18 2.68651e+18 4.25354e+18 5.75199e+18 6.92216e+18 7.56204e+18 7.56204e+18 6.92216e+18 5.75199e+18 4.25354e+18 2.68651e+18 1.31952e+18 3.77816e+17 4.48791e+15 9.02498e+13 2.12417e+12 4.99613e+10 1.17373e+09 2.6359e+07
1.31177e+07 5.78717e+08 2.44243e+10 1.03122e+12 4.35931e+13 2.16584e+15 1.84948e+17 6.46788e+17 1.31787e+18 2.08779e+18 2.82448e+18 3.40005e+18 3.71487e+18 3.71487e+18 3.40005e+18 2.82448e+18 2.08779e+18 1.31787e+18 6.46788e+17 1.84948e+17 2.16584e+15 4.35931e+13 1.03122e+12 2.44243e+10 5.78717e+08 1.31177e+07
4.40624e+06 1.8621e+08 7.50131e+09 3.02345e+11 1.22485e+13 5.93208e+14 5.2506e+16 1.84156e+17 3.7574e+17 5.95728e+17 8.0633e+17 9.70908e+17 1.06094e+18 1.06094e+18 9.70908e+17 8.06329e+17 5.95728e+17 3.7574e+17 1.84156e+17 5.2506e+16 5.93208e+14 1.22485e+13 3.02345e+11 7.50131e+09 1.8621e+08 4.40624e+06
756826 2.63699e+07 8.04111e+08 2.13486e+10 4.28743e+11 6.33712e+12 5.51423e+14 2.01093e+15 4.16817e+15 6.65841e+15 9.04377e+15 1.09048e+16 1.1921e+16 1.1921e+16 1.09048e+16 9.04377e+15 6.65841e+15 4.16817e+15 2.01093e+15 5.51423e+14 6.33712e+12 4.28743e+11 2.13486e+10 8.04111e+08 2.63699e+07 756826
81803.2 2.32535e+06 5.4892e+07 1.09189e+09 1.83558e+10 3.90057e+11 1.11397e+13 3.96799e+13 8.2227e+13 1.31439e+14 1.78605e+14 2.15414e+14 2.35514e+14 2.35514e+14 2.15414e+14 1.78605e+14 1.31439e+14 8.2227e+13 3.96799e+13 1.11397e+13 3.90057e+11 1.83558e+10 1.09189e+09 5.4892e+07 2.32535e+06 81803.2
6657.68 161033 3.22891e+06 5.82069e+07 1.03038e+09 1.94157e+10 2.74963e+11 9.38579e+11 1.93516e+12 3.09059e+12 4.19889e+12 5.0643e+12 5.53707e+12 5.53707e+12 5.0643e+12 4.19889e+12 3.09059e+12 1.93516e+12 9.38579e+11 2.74963e+11 1.94157e+10 1.03038e+09 5.82069e+07 3.22891e+06 161033 6657.68
457.912 9903.78 180972 3.09626e+06 5.0747e+07 7.31226e+08 6.82164e+09 2.22284e+10 4.55111e+10 7.25908e+10 9.85971e+10 1.18917e+11 1.30022e+11 1.30022e+11 1.18917e+11 9.85971e+10 7.25908e+10 4.55111e+10 2.22284e+10 6.82164e+09 7.31226e+08 5.0747e+07 3.09626e+06 180972 9903.78 457.912
28.2612 564.411 9583.34 150922 2.1325e+06 2.39772e+07 1.69329e+08 5.26642e+08 1.06907e+09 1.70222e+09 2.31121e+09 2.78742e+09 3.0478e+09 3.0478e+09 2.78742e+09 2.31121e+09 1.70222e+09 1.06907e+09 5.26642e+08 1.69329e+08 2.39772e+07 2.1325e+06 150922 9583.34 564.411 28.2613
1.47028 27.5461 433.993 6167.01 74746.3 688079 4.00651e+06 1.19363e+07 2.4006e+07 3.81443e+07 5.17675e+07 6.24294e+07 6.82618e+07 6.82618e+07 6.24294e+07 5.17675e+07 3.81443e+07 2.4006e+07 1.19363e+07 4.00651e+06 688079 74746.3 6167.01 433.993 27.5461 1.47028
