0.0722152 1.37928 22.2234 323.539 4012.28 37628.4 222079 668437 1.35836e+06 2.18039e+06 2.98545e+06 3.62394e+06 3.97625e+06 3.97625e+06 3.62394e+06 2.98545e+06 2.18039e+06 1.35836e+06 668437 222079 37628.4 4012.28 323.539 22.2234 1.37928 0.0722152
1.39752 28.4375 493.066 7966.61 115666 1.33013e+06 9.53689e+06 2.99889e+07 6.15652e+07 9.9111e+07 1.35861e+08 1.65007e+08 1.8109e+08 1.8109e+08 1.65007e+08 1.35861e+08 9.9111e+07 6.15652e+07 2.99889e+07 9.53689e+06 1.33013e+06 115666 7966.61 493.066 28.4375 1.39752
22.8455 501.417 9296.26 162619 2.75043e+06 4.08219e+07 3.87747e+08 1.27826e+09 2.64885e+09 4.27489e+09 5.8657e+09 7.12741e+09 7.82368e+09 7.82368e+09 7.12741e+09 5.8657e+09 4.27489e+09 2.64885e+09 1.27826e+09 3.87747e+08 4.08219e+07 2.75043e+06 162619 9296.27 501.417 22.8455
336.698 8236.19 166099 3.02266e+06 5.50545e+07 1.08267e+09 1.57068e+10 5.4277e+10 1.13346e+11 1.83288e+11 2.51701e+11 3.05964e+11 3.3591e+11 3.3591e+11 3.05964e+11 2.51701e+11 1.83288e+11 1.13346e+11 5.4277e+10 1.57068e+10 1.08267e+09 5.50545e+07 3.02266e+06 166099 8236.19 336.698
4210.54 121033 2.86262e+06 5.66414e+07 9.51764e+08 2.14223e+10 6.37768e+11 2.30134e+12 4.83369e+12 7.82844e+12 1.0758e+13 1.30819e+13 1.43644e+13 1.43644e+13 1.30819e+13 1.0758e+13 7.82844e+12 4.83369e+12 2.30134e+12 6.37768e+11 2.14223e+10 9.51764e+08 5.66414e+07 2.86262e+06 121033 4210.54
39684.7 1.40151e+06 4.29457e+07 1.13578e+09 2.23305e+10 3.20328e+11 3.13842e+13 1.16034e+14 2.43856e+14 3.94747e+14 5.42262e+14 6.59241e+14 7.23787e+14 7.23787e+14 6.59241e+14 5.42262e+14 3.94747e+14 2.43856e+14 1.16034e+14 3.13842e+13 3.20328e+11 2.23305e+10 1.13578e+09 4.29457e+07 1.40151e+06 39684.7
234866 1.00859e+07 4.10067e+08 1.66111e+10 6.7451e+11 3.29392e+13 2.99545e+15 1.05989e+16 2.18314e+16 3.49331e+16 4.76557e+16 5.77111e+16 6.32517e+16 6.32517e+16 5.77111e+16 4.76557e+16 3.49331e+16 2.18314e+16 1.05989e+16 2.99545e+15 3.29392e+13 6.7451e+11 1.66111e+10 4.10067e+08 1.00859e+07 234866
707368 3.17384e+07 1.35297e+09 5.74551e+10 2.43636e+12 1.21974e+14 1.06362e+16 3.75055e+16 7.71268e+16 1.23292e+17 1.68096e+17 2.03495e+17 2.22999e+17 2.22999e+17 2.03495e+17 1.68096e+17 1.23292e+17 7.71268e+16 3.75055e+16 1.06362e+16 1.21974e+14 2.43636e+12 5.74551e+10 1.35297e+09 3.17384e+07 707368
1.43721e+06 6.51461e+07 2.80323e+09 1.19966e+11 5.11661e+12 2.5637e+14 2.19353e+16 7.72241e+16 1.58675e+17 2.53522e+17 3.45537e+17 4.18226e+17 4.58269e+17 4.58269e+17 4.18226e+17 3.45537e+17 2.53522e+17 1.58675e+17 7.72241e+16 2.19353e+16 2.5637e+14 5.11661e+12 1.19966e+11 2.80323e+09 6.51461e+07 1.43721e+06
2.30572e+06 1.04818e+08 4.52151e+09 1.93883e+11 8.28189e+12 4.14826e+14 3.51142e+16 1.23504e+17 2.53639e+17 4.05112e+17 5.5202e+17 6.68052e+17 7.31968e+17 7.31968e+17 6.68052e+17 5.5202e+17 4.05112e+17 2.53639e+17 1.23504e+17 3.51142e+16 4.14826e+14 8.28189e+12 1.93883e+11 4.52151e+09 1.04818e+08 2.30572e+06
3.15495e+06 1.43585e+08 6.19973e+09 2.66057e+11 1.13726e+13 5.6947e+14 4.79035e+16 1.68392e+17 3.45716e+17 5.52053e+17 7.52129e+17 9.10131e+17 9.9716e+17 9.9716e+17 9.10131e+17 7.52129e+17 5.52053e+17 3.45716e+17 1.68392e+17 4.79035e+16 5.6947e+14 1.13726e+13 2.66057e+11 6.19973e+09 1.43585e+08 3.15495e+06
3.82745e+06 1.74283e+08 7.52859e+09 3.23207e+11 1.382e+13 6.91892e+14 5.80028e+16 2.0383e+17 4.18397e+17 6.68023e+17 9.10038e+17 1.10114e+18 1.2064e+18 1.2064e+18 1.10114e+18 9.10038e+17 6.68023e+17 4.18397e+17 2.0383e+17 5.80028e+16 6.91892e+14 1.382e+13 3.23207e+11 7.52859e+09 1.74283e+08 3.82745e+06
4.19813e+06 1.91204e+08 8.26105e+09 3.54707e+11 1.5169e+13 7.59354e+14 6.35637e+16 2.23341e+17 4.58411e+17 7.31863e+17 9.9696e+17 1.20628e+18 1.32156e+18 1.32156e+18 1.20628e+18 9.9696e+17 7.31863e+17 4.58411e+17 2.23341e+17 6.35637e+16 7.59354e+14 1.5169e+13 3.54707e+11 8.26105e+09 1.91204e+08 4.19813e+06
4.19813e+06 1.91204e+08 8.26105e+09 3.54707e+11 1.5169e+13 7.59354e+14 6.35637e+16 2.23341e+17 4.58411e+17 7.31863e+17 9.9696e+17 1.20628e+18 1.32156e+18 1.32156e+18 1.20628e+18 9.9696e+17 7.31863e+17 4.5841e+17 2.23341e+17 6.35637e+16 7.59354e+14 1.5169e+13 3.54707e+11 8.26105e+09 1.91204e+08 4.19813e+06
3.82745e+06 1.74283e+08 7.52859e+09 3.23207e+11 1.382e+13 6.91892e+14 5.80028e+16 2.0383e+17 4.18397e+17 6.68023e+17 9.10038e+17 1.10114e+18 1.2064e+18 1.2064e+18 1.10114e+18 9.10038e+17 6.68023e+17 4.18397e+17 2.0383e+17 5.80028e+16 6.91892e+14 1.382e+13 3.23207e+11 7.52859e+09 1.74283e+08 3.82745e+06
3.15495e+06 1.43585e+08 6.19973e+09 2.66057e+11 1.13726e+13 5.6947e+14 4.79035e+16 1.68392e+17 3.45716e+17 5.52053e+17 7.52129e+17 9.10131e+17 9.9716e+17 9.9716e+17 9.10131e+17 7.52129e+17 5.52053e+17 3.45716e+17 1.68392e+17 4.79035e+16 5.6947e+14 1.13726e+13 2.66057e+11 6.19973e+09 1.43585e+08 3.15495e+06
2.30572e+06 1.04818e+08 4.52151e+09 1.93883e+11 8.28188e+12 4.14826e+14 3.51142e+16 1.23504e+17 2.53639e+17 4.05112e+17 5.5202e+17 6.68052e+17 7.31968e+17 7.31968e+17 6.68052e+17 5.5202e+17 4.05112e+17 2.53639e+17 1.23504e+17 3.51142e+16 4.14826e+14 8.28189e+12 1.93883e+11 4.52151e+09 1.04818e+08 2.30572e+06
1.43721e+06 6.51461e+07 2.80323e+09 1.19966e+11 5.11661e+12 2.5637e+14 2.19353e+16 7.72241e+16 1.58675e+17 2.53522e+17 3.45537e+17 4.18226e+17 4.58269e+17 4.58269e+17 4.18226e+17 3.45537e+17 2.53522e+17 1.58675e+17 7.72241e+16 2.19353e+16 2.5637e+14 5.11661e+12 1.19966e+11 2.80323e+09 6.51461e+07 1.43721e+06
707368 3.17384e+07 1.35297e+09 5.74551e+10 2.43636e+12 1.21974e+14 1.06362e+16 3.75055e+16 7.71268e+16 1.23292e+17 1.68096e+17 2.03495e+17 2.22999e+17 2.22999e+17 2.03495e+17 1.68096e+17 1.23292e+17 7.71268e+16 3.75055e+16 1.06362e+16 1.21974e+14 2.43636e+12 5.74551e+10 1.35297e+09 3.17384e+07 707368
234866 1.00859e+07 4.10067e+08 1.66111e+10 6.7451e+11 3.29392e+13 2.99545e+15 1.05989e+16 2.18314e+16 3.49331e+16 4.76557e+16 5.77111e+16 6.32517e+16 6.32517e+16 5.77111e+16 4.76557e+16 3.49331e+16 2.18314e+16 1.05989e+16 2.99545e+15 3.29392e+13 6.7451e+11 1.66111e+10 4.10067e+08 1.00859e+07 234866
39684.7 1.40151e+06 4.29457e+07 1.13578e+09 2.23305e+10 3.20328e+11 3.13842e+13 1.16034e+14 2.43856e+14 3.94747e+14 5.42262e+14 6.59241e+14 7.23787e+14 7.23787e+14 6.59241e+14 5.42262e+14 3.94747e+14 2.43856e+14 1.16034e+14 3.13842e+13 3.20328e+11 2.23305e+10 1.13578e+09 4.29457e+07 1.40151e+06 39684.7
4210.54 121033 2.86262e+06 5.66414e+07 9.51764e+08 2.14223e+10 6.37768e+11 2.30134e+12 4.83369e+12 7.82844e+12 1.0758e+13 1.30819e+13 1.43644e+13 1.43644e+13 1.30819e+13 1.0758e+13 7.82844e+12 4.83369e+12 2.30134e+12 6.37768e+11 2.14223e+10 9.51764e+08 5.66414e+07 2.86262e+06 121033 4210.54
336.698 8236.19 166099 3.02266e+06 5.50545e+07 1.08267e+09 1.57068e+10 5.4277e+10 1.13346e+11 1.83288e+11 2.51701e+11 3.05964e+11 3.3591e+11 3.3591e+11 3.05964e+11 2.51701e+11 1.83288e+11 1.13346e+11 5.4277e+10 1.57068e+10 1.08267e+09 5.50545e+07 3.02266e+06 166099 8236.19 336.698
22.8455 501.417 9296.27 162619 2.75043e+06 4.08219e+07 3.87747e+08 1.27826e+09 2.64885e+09 4.27489e+09 5.8657e+09 7.12741e+09 7.82368e+09 7.82368e+09 7.12741e+09 5.8657e+09 4.27489e+09 2.64885e+09 1.27826e+09 3.87747e+08 4.08219e+07 2.75043e+06 162619 9296.26 501.417 22.8455
1.39752 28.4375 493.066 7966.61 115666 1.33013e+06 9.53688e+06 2.99889e+07 6.15652e+07 9.9111e+07 1.35861e+08 1.65007e+08 1.8109e+08 1.8109e+08 1.65007e+08 1.35861e+08 9.9111e+07 6.15652e+07 2.99889e+07 9.53688e+06 1.33013e+06 115666 7966.61 493.066 28.4375 1.39752
0.0722152 1.37928 22.2234 323.539 4012.28 37628.4 222079 668437 1.35836e+06 2.18039e+06 2.98545e+06 3.62394e+06 3.97625e+06 3.97625e+06 3.62394e+06 2.98545e+06 2.18039e+06 1.35836e+06 668437 222079 37628.4 4012.28 323.539 22.2234 1.37928 0.0722151
