12.6942 235.089 3637.13 50531.5 598705 5.40639e+06 3.10037e+07 9.09758e+07 1.79826e+08 2.8064e+08 3.74715e+08 4.46355e+08 4.84831e+08 4.84831e+08 4.46355e+08 3.74715e+08 2.8064e+08 1.79826e+08 9.09758e+07 3.10037e+07 5.40639e+06 598705 50531.5 3637.13 235.089 12.6942
244.025 4838.56 80968.1 1.24656e+06 1.71528e+07 1.88425e+08 1.30841e+09 4.00613e+09 7.98681e+09 1.24799e+10 1.66583e+10 1.98331e+10 2.15359e+10 2.15359e+10 1.98331e+10 1.66583e+10 1.24799e+10 7.98681e+09 4.00613e+09 1.30841e+09 1.88425e+08 1.71528e+07 1.24656e+06 80968.1 4838.56 244.025
3933.77 84947.9 1.54134e+06 2.58976e+07 4.11905e+08 5.75695e+09 5.26487e+10 1.6879e+11 3.39122e+11 5.30331e+11 7.07553e+11 8.41908e+11 9.13866e+11 9.13866e+11 8.41908e+11 7.07553e+11 5.30331e+11 3.39122e+11 1.6879e+11 5.26487e+10 5.75695e+09 4.11905e+08 2.58976e+07 1.54134e+06 84947.9 3933.77
56541 1.37098e+06 2.7539e+07 4.93849e+08 8.51932e+09 1.53753e+11 2.12079e+12 7.11776e+12 1.43879e+13 2.25072e+13 3.00098e+13 3.56854e+13 3.87207e+13 3.87207e+13 3.56854e+13 3.00098e+13 2.25072e+13 1.43879e+13 7.11776e+12 2.12079e+12 1.53753e+11 8.51932e+09 4.93849e+08 2.7539e+07 1.37098e+06 56541
683486 1.9485e+07 4.62555e+08 9.28225e+09 1.5639e+11 3.14518e+12 8.59276e+13 3.00714e+14 6.10352e+14 9.54646e+14 1.27194e+15 1.51145e+15 1.63936e+15 1.63936e+15 1.51145e+15 1.27194e+15 9.54646e+14 6.10352e+14 3.00714e+14 8.59276e+13 3.14518e+12 1.5639e+11 9.28225e+09 4.62555e+08 1.9485e+07 683486
6.21011e+06 2.16539e+08 6.62209e+09 1.77178e+11 3.63691e+12 5.52627e+13 4.2862e+15 1.5348e+16 3.11527e+16 4.86917e+16 6.48501e+16 7.70494e+16 8.35656e+16 8.35656e+16 7.70494e+16 6.48501e+16 4.86917e+16 3.11527e+16 1.5348e+16 4.2862e+15 5.52627e+13 3.63691e+12 1.77178e+11 6.62209e+09 2.16539e+08 6.21012e+06
3.55275e+07 1.49902e+09 6.03064e+10 2.42876e+12 9.83823e+13 4.73008e+15 4.0686e+17 1.40987e+18 2.83474e+18 4.4261e+18 5.90895e+18 7.04204e+18 7.6528e+18 7.6528e+18 7.04204e+18 5.90895e+18 4.4261e+18 2.83474e+18 1.40987e+18 4.0686e+17 4.73008e+15 9.83823e+13 2.42876e+12 6.03064e+10 1.49902e+09 3.55275e+07
1.04075e+08 4.58146e+09 1.92966e+11 8.1345e+12 3.43556e+14 1.69545e+16 1.41668e+18 4.89635e+18 9.83076e+18 1.5334e+19 2.0456e+19 2.43666e+19 2.64734e+19 2.64734e+19 2.43666e+19 2.0456e+19 1.5334e+19 9.83076e+18 4.89635e+18 1.41668e+18 1.69545e+16 3.43556e+14 8.1345e+12 1.92966e+11 4.58146e+09 1.04075e+08
2.05468e+08 9.12246e+09 3.872e+11 1.64217e+13 6.96383e+14 3.43926e+16 2.85065e+18 9.8386e+18 1.97267e+19 3.07281e+19 4.09431e+19 4.87264e+19 5.29138e+19 5.29138e+19 4.87264e+19 4.09431e+19 3.07281e+19 1.97267e+19 9.8386e+18 2.85065e+18 3.43926e+16 6.96383e+14 1.64217e+13 3.872e+11 9.12246e+09 2.05468e+08
3.20334e+08 1.42396e+10 6.04871e+11 2.56607e+13 1.08798e+15 5.37001e+16 4.44871e+18 1.53389e+19 3.07138e+19 4.77722e+19 6.35667e+19 7.55721e+19 8.20204e+19 8.20204e+19 7.55721e+19 6.35667e+19 4.77722e+19 3.07138e+19 1.53389e+19 4.44871e+18 5.37001e+16 1.08798e+15 2.56607e+13 6.04871e+11 1.42396e+10 3.20334e+08
4.27353e+08 1.89906e+10 8.06281e+11 3.4183e+13 1.44821e+15 7.14425e+16 5.93352e+18 2.04439e+19 4.08871e+19 6.35096e+19 8.43994e+19 1.00241e+20 1.08736e+20 1.08736e+20 1.00241e+20 8.43994e+19 6.35096e+19 4.08871e+19 2.04439e+19 5.93352e+18 7.14425e+16 1.44821e+15 3.4183e+13 8.06281e+11 1.89906e+10 4.27353e+08
5.08742e+08 2.25956e+10 9.58754e+11 4.06203e+13 1.71972e+15 8.48062e+16 7.06496e+18 2.43309e+19 4.86176e+19 7.54392e+19 1.00154e+20 1.18862e+20 1.28882e+20 1.28882e+20 1.18862e+20 1.00154e+20 7.54392e+19 4.86176e+19 2.43309e+19 7.06496e+18 8.48062e+16 1.71972e+15 4.06203e+13 9.58754e+11 2.25956e+10 5.08742e+08
5.52414e+08 2.45272e+10 1.04033e+12 4.40595e+13 1.86456e+15 9.19324e+16 7.6736e+18 2.64208e+19 5.27686e+19 8.18343e+19 1.08587e+20 1.28816e+20 1.39644e+20 1.39644e+20 1.28816e+20 1.08587e+20 8.18343e+19 5.27686e+19 2.64208e+19 7.6736e+18 9.19324e+16 1.86456e+15 4.40595e+13 1.04033e+12 2.45272e+10 5.52414e+08
5.52414e+08 2.45272e+10 1.04033e+12 4.40595e+13 1.86456e+15 9.19324e+16 7.6736e+18 2.64208e+19 5.27686e+19 8.18343e+19 1.08587e+20 1.28816e+20 1.39644e+20 1.39644e+20 1.28816e+20 1.08587e+20 8.18343e+19 5.27686e+19 2.64208e+19 7.6736e+18 9.19324e+16 1.86456e+15 4.40595e+13 1.04033e+12 2.45272e+10 5.52414e+08
5.08742e+08 2.25956e+10 9.58754e+11 4.06203e+13 1.71972e+15 8.48062e+16 7.06496e+18 2.43309e+19 4.86176e+19 7.54392e+19 1.00154e+20 1.18862e+20 1.28882e+20 1.28882e+20 1.18862e+20 1.00154e+20 7.54392e+19 4.86176e+19 2.43309e+19 7.06496e+18 8.48062e+16 1.71972e+15 4.06203e+13 9.58754e+11 2.25956e+10 5.08742e+08
4.27353e+08 1.89906e+10 8.06281e+11 3.4183e+13 1.44821e+15 7.14425e+16 5.93352e+18 2.04439e+19 4.08871e+19 6.35096e+19 8.43994e+19 1.00241e+20 1.08736e+20 1.08736e+20 1.00241e+20 8.43994e+19 6.35096e+19 4.08871e+19 2.04439e+19 5.93352e+18 7.14425e+16 1.44821e+15 3.4183e+13 8.06281e+11 1.89906e+10 4.27353e+08
3.20334e+08 1.42396e+10 6.04871e+11 2.56607e+13 1.08798e+15 5.37001e+16 4.44871e+18 1.53389e+19 3.07138e+19 4.77722e+19 6.35667e+19 7.55721e+19 8.20204e+19 8.20204e+19 7.55721e+19 6.35667e+19 4.77722e+19 3.07138e+19 1.53389e+19 4.44871e+18 5.37001e+16 1.08798e+15 2.56607e+13 6.04871e+11 1.42396e+10 3.20334e+08
2.05468e+08 9.12246e+09 3.872e+11 1.64217e+13 6.96383e+14 3.43926e+16 2.85065e+18 9.8386e+18 1.97267e+19 3.07281e+19 4.09431e+19 4.87264e+19 5.29138e+19 5.29138e+19 4.87264e+19 4.09431e+19 3.07281e+19 1.97267e+19 9.8386e+18 2.85065e+18 3.43926e+16 6.96383e+14 1.64217e+13 3.872e+11 9.12246e+09 2.05468e+08
1.04075e+08 4.58146e+09 1.92966e+11 8.1345e+12 3.43556e+14 1.69545e+16 1.41668e+18 4.89635e+18 9.83076e+18 1.5334e+19 2.0456e+19 2.43666e+19 2.64734e+19 2.64734e+19 2.43666e+19 2.0456e+19 1.5334e+19 9.83076e+18 4.89635e+18 1.41668e+18 1.69545e+16 3.43556e+14 8.1345e+12 1.92966e+11 4.58146e+09 1.04075e+08
3.55275e+07 1.49902e+09 6.03064e+10 2.42876e+12 9.83823e+13 4.73008e+15 4.0686e+17 1.40987e+18 2.83474e+18 4.4261e+18 5.90895e+18 7.04204e+18 7.6528e+18 7.6528e+18 7.04204e+18 5.90895e+18 4.4261e+18 2.83474e+18 1.40987e+18 4.0686e+17 4.73008e+15 9.83823e+13 2.42876e+12 6.03064e+10 1.49902e+09 3.55275e+07
6.21011e+06 2.16539e+08 6.62209e+09 1.77178e+11 3.63691e+12 5.52627e+13 4.2862e+15 1.5348e+16 3.11527e+16 4.86917e+16 6.48501e+16 7.70494e+16 8.35656e+16 8.35656e+16 7.70494e+16 6.48501e+16 4.86917e+16 3.11527e+16 1.5348e+16 4.2862e+15 5.52627e+13 3.63691e+12 1.77178e+11 6.62209e+09 2.16539e+08 6.21011e+06
683486 1.9485e+07 4.62555e+08 9.28225e+09 1.5639e+11 3.14518e+12 8.59276e+13 3.00714e+14 6.10352e+14 9.54646e+14 1.27194e+15 1.51145e+15 1.63936e+15 1.63936e+15 1.51145e+15 1.27194e+15 9.54646e+14 6.10352e+14 3.00714e+14 8.59276e+13 3.14518e+12 1.5639e+11 9.28225e+09 4.62555e+08 1.9485e+07 683486
56541 1.37098e+06 2.7539e+07 4.93849e+08 8.51932e+09 1.53753e+11 2.12079e+12 7.11776e+12 1.43879e+13 2.25072e+13 3.00098e+13 3.56854e+13 3.87207e+13 3.87207e+13 3.56854e+13 3.00098e+13 2.25072e+13 1.43879e+13 7.11776e+12 2.12079e+12 1.53753e+11 8.51932e+09 4.93849e+08 2.7539e+07 1.37098e+06 56541
3933.77 84947.9 1.54134e+06 2.58976e+07 4.11905e+08 5.75695e+09 5.26487e+10 1.6879e+11 3.39122e+11 5.30331e+11 7.07553e+11 8.41908e+11 9.13866e+11 9.13866e+11 8.41908e+11 7.07553e+11 5.30331e+11 3.39122e+11 1.6879e+11 5.26487e+10 5.75695e+09 4.11905e+08 2.58976e+07 1.54134e+06 84947.9 3933.77
244.025 4838.56 80968.1 1.24656e+06 1.71528e+07 1.88425e+08 1.30841e+09 4.00613e+09 7.98681e+09 1.24799e+10 1.66583e+10 1.98331e+10 2.15359e+10 2.15359e+10 1.98331e+10 1.66583e+10 1.24799e+10 7.98681e+09 4.00613e+09 1.30841e+09 1.88425e+08 1.71528e+07 1.24656e+06 80968.1 4838.56 244.025
12.6942 235.089 3637.13 50531.5 598705 5.40639e+06 3.10037e+07 9.09758e+07 1.79826e+08 2.8064e+08 3.74715e+08 4.46355e+08 4.84831e+08 4.84831e+08 4.46355e+08 3.74715e+08 2.8064e+08 1.79826e+08 9.09758e+07 3.10037e+07 5.40639e+06 598705 50531.5 3637.13 235.089 12.6942
