0.000388144 0.00732226 0.116908 1.69045 20.8333 194.09 1137.39 3399.38 6864.15 10965.2 14968.7 18142 19894 19894 18142 14968.7 10965.2 6864.15 3399.38 1137.39 194.09 20.8333 1.69045 0.116908 0.00732226 0.000388145
0.007398 0.148064 2.53919 40.75 588.725 6735.15 47987.6 149783 305374 489046 668211 810237 888664 888664 810237 668211 489046 305374 149783 47987.6 6735.15 588.725 40.75 2.53919 0.148064 0.007398
0.119472 2.57267 47.0786 817.492 13781.3 203984 1.92821e+06 6.30746e+06 1.29736e+07 2.08215e+07 2.84731e+07 3.45398e+07 3.78908e+07 3.78908e+07 3.45398e+07 2.84731e+07 2.08215e+07 1.29736e+07 6.30746e+06 1.92821e+06 203984 13781.3 817.492 47.0786 2.57267 0.119472
1.74476 41.8276 830.99 14972.9 271882 5.35375e+06 7.74909e+07 2.65591e+08 5.50233e+08 8.84556e+08 1.21047e+09 1.46897e+09 1.6118e+09 1.6118e+09 1.46897e+09 1.21047e+09 8.84556e+08 5.50233e+08 2.65591e+08 7.74909e+07 5.35375e+06 271882 14972.9 830.99 41.8276 1.74476
21.6607 610.41 14219 277813 4.62712e+06 1.04809e+08 3.13057e+09 1.11971e+10 2.33184e+10 3.75336e+10 5.13949e+10 6.23942e+10 6.84734e+10 6.84734e+10 6.23942e+10 5.13949e+10 3.75336e+10 2.33184e+10 1.11971e+10 3.13057e+09 1.04809e+08 4.62712e+06 277813 14219 610.409 21.6607
202.835 7030.59 212521 5.55801e+06 1.07928e+08 1.52888e+09 1.53457e+11 5.62079e+11 1.17072e+12 1.88297e+12 2.577e+12 3.12754e+12 3.43176e+12 3.43176e+12 3.12754e+12 2.577e+12 1.88297e+12 1.17072e+12 5.62079e+11 1.53457e+11 1.52888e+09 1.07928e+08 5.55801e+06 212521 7030.59 202.835
1192.81 50327.1 2.02228e+06 8.12764e+07 3.28386e+09 1.60259e+11 1.4623e+13 5.13371e+13 1.04893e+14 1.66756e+14 2.26474e+14 2.73541e+14 2.9945e+14 2.9945e+14 2.73541e+14 2.26474e+14 1.66756e+14 1.04893e+14 5.13371e+13 1.4623e+13 1.60259e+11 3.28386e+09 8.12764e+07 2.02228e+06 50327.1 1192.81
3568.22 157245 6.62267e+06 2.78909e+08 1.17605e+10 5.87847e+11 5.14955e+13 1.80243e+14 3.67776e+14 5.84187e+14 7.92958e+14 9.57424e+14 1.04794e+15 1.04794e+15 9.57424e+14 7.92958e+14 5.84187e+14 3.67776e+14 1.80243e+14 5.14955e+13 5.87847e+11 1.17605e+10 2.78909e+08 6.62267e+06 157245 3568.22
7204.82 320577 1.36217e+07 5.7781e+08 2.44911e+10 1.22447e+12 1.05326e+14 3.68164e+14 7.50765e+14 1.1921e+15 1.61772e+15 1.95296e+15 2.13744e+15 2.13744e+15 1.95296e+15 1.61772e+15 1.1921e+15 7.50765e+14 3.68164e+14 1.05326e+14 1.22447e+12 2.44911e+10 5.7781e+08 1.36217e+07 320577 7204.82
11504.7 513178 2.18522e+07 9.28483e+08 3.94036e+10 1.96869e+12 1.67508e+14 5.85043e+14 1.19259e+15 1.89322e+15 2.56879e+15 3.10082e+15 3.39357e+15 3.39357e+15 3.10082e+15 2.56879e+15 1.89322e+15 1.19259e+15 5.85043e+14 1.67508e+14 1.96869e+12 3.94036e+10 9.28483e+08 2.18522e+07 513178 11504.7
15696.8 700805 2.9866e+07 1.26986e+09 5.39242e+10 2.69291e+12 2.27515e+14 7.94206e+14 1.61858e+15 2.56909e+15 3.48549e+15 4.20713e+15 4.60419e+15 4.60419e+15 4.20713e+15 3.48549e+15 2.56909e+15 1.61858e+15 7.94206e+14 2.27515e+14 2.69291e+12 5.39242e+10 1.26986e+09 2.9866e+07 700805 15696.8
19015.7 849354 3.62118e+07 1.54028e+09 6.54311e+10 3.26664e+12 2.74787e+14 9.58911e+14 1.95397e+15 3.10116e+15 4.20709e+15 5.07793e+15 5.55707e+15 5.55707e+15 5.07793e+15 4.20709e+15 3.10115e+15 1.95397e+15 9.58911e+14 2.74787e+14 3.26664e+12 6.54311e+10 1.54028e+09 3.62118e+07 849354 19015.7
20846.5 931311 3.97137e+07 1.68954e+09 7.17846e+10 3.58337e+12 3.00799e+14 1.04952e+15 2.13847e+15 3.39382e+15 4.60399e+15 5.55689e+15 6.08117e+15 6.08117e+15 5.55689e+15 4.60399e+15 3.39382e+15 2.13847e+15 1.04952e+15 3.00799e+14 3.58337e+12 7.17846e+10 1.68954e+09 3.97137e+07 931311 20846.5
20846.5 931311 3.97137e+07 1.68954e+09 7.17846e+10 3.58337e+12 3.00799e+14 1.04952e+15 2.13847e+15 3.39382e+15 4.60399e+15 5.55689e+15 6.08117e+15 6.08117e+15 5.55689e+15 4.60399e+15 3.39382e+15 2.13847e+15 1.04952e+15 3.00799e+14 3.58337e+12 7.17846e+10 1.68954e+09 3.97137e+07 931311 20846.5
19015.7 849354 3.62118e+07 1.54028e+09 6.54311e+10 3.26664e+12 2.74787e+14 9.58911e+14 1.95397e+15 3.10115e+15 4.20709e+15 5.07793e+15 5.55707e+15 5.55707e+15 5.07793e+15 4.20709e+15 3.10116e+15 1.95397e+15 9.58911e+14 2.74787e+14 3.26664e+12 6.54311e+10 1.54028e+09 3.62118e+07 849354 19015.7
15696.8 700805 2.9866e+07 1.26986e+09 5.39242e+10 2.69291e+12 2.27515e+14 7.94206e+14 1.61858e+15 2.56909e+15 3.48549e+15 4.20713e+15 4.60419e+15 4.60419e+15 4.20713e+15 3.48549e+15 2.56909e+15 1.61858e+15 7.94206e+14 2.27515e+14 2.69291e+12 5.39242e+10 1.26986e+09 2.9866e+07 700805 15696.8
11504.7 513178 2.18522e+07 9.28483e+08 3.94036e+10 1.96869e+12 1.67508e+14 5.85043e+14 1.19259e+15 1.89322e+15 2.56879e+15 3.10082e+15 3.39357e+15 3.39357e+15 3.10082e+15 2.56879e+15 1.89322e+15 1.19259e+15 5.85043e+14 1.67508e+14 1.96869e+12 3.94036e+10 9.28483e+08 2.18522e+07 513178 11504.7
7204.82 320577 1.36217e+07 5.7781e+08 2.44911e+10 1.22447e+12 1.05326e+14 3.68164e+14 7.50765e+14 1.1921e+15 1.61772e+15 1.95296e+15 2.13744e+15 2.13744e+15 1.95296e+15 1.61772e+15 1.1921e+15 7.50765e+14 3.68164e+14 1.05326e+14 1.22447e+12 2.44911e+10 5.7781e+08 1.36217e+07 320577 7204.82
3568.22 157245 6.62267e+06 2.78909e+08 1.17605e+10 5.87847e+11 5.14955e+13 1.80243e+14 3.67776e+14 5.84187e+14 7.92958e+14 9.57424e+14 1.04794e+15 1.04794e+15 9.57424e+14 7.92958e+14 5.84187e+14 3.67776e+14 1.80243e+14 5.14955e+13 5.87847e+11 1.17605e+10 2.78909e+08 6.62267e+06 157245 3568.22
1192.81 50327.1 2.02228e+06 8.12764e+07 3.28386e+09 1.60259e+11 1.4623e+13 5.13371e+13 1.04893e+14 1.66756e+14 2.26474e+14 2.73541e+14 2.9945e+14 2.9945e+14 2.73541e+14 2.26474e+14 1.66756e+14 1.04893e+14 5.13371e+13 1.4623e+13 1.60259e+11 3.28386e+09 8.12764e+07 2.02228e+06 50327.1 1192.81
202.835 7030.59 212521 5.55801e+06 1.07928e+08 1.52888e+09 1.53457e+11 5.62079e+11 1.17072e+12 1.88297e+12 2.577e+12 3.12754e+12 3.43176e+12 3.43176e+12 3.12754e+12 2.577e+12 1.88297e+12 1.17072e+12 5.62079e+11 1.53457e+11 1.52888e+09 1.07928e+08 5.55801e+06 212521 7030.59 202.835
21.6607 610.409 14219 277813 4.62712e+06 1.04809e+08 3.13057e+09 1.11971e+10 2.33184e+10 3.75336e+10 5.13949e+10 6.23942e+10 6.84734e+10 6.84734e+10 6.23942e+10 5.13949e+10 3.75336e+10 2.33184e+10 1.11971e+10 3.13057e+09 1.04809e+08 4.62712e+06 277813 14219 610.409 21.6607
1.74476 41.8276 830.99 14972.9 271882 5.35375e+06 7.74909e+07 2.65591e+08 5.50233e+08 8.84556e+08 1.21047e+09 1.46897e+09 1.6118e+09 1.6118e+09 1.46897e+09 1.21047e+09 8.84556e+08 5.50233e+08 2.65591e+08 7.74909e+07 5.35375e+06 271882 14972.9 830.99 41.8276 1.74476
0.119472 2.57267 47.0786 817.492 13781.3 203984 1.92821e+06 6.30746e+06 1.29736e+07 2.08215e+07 2.84731e+07 3.45398e+07 3.78908e+07 3.78908e+07 3.45398e+07 2.84731e+07 2.08215e+07 1.29736e+07 6.30746e+06 1.92821e+06 203984 13781.3 817.492 47.0786 2.57267 0.119472
0.007398 0.148064 2.53919 40.75 588.725 6735.15 47987.6 149783 305374 489046 668211 810237 888664 888664 810237 668211 489046 305374 149783 47987.6 6735.15 588.725 40.75 2.53919 0.148064 0.007398
0.000388144 0.00732226 0.116908 1.69045 20.8333 194.09 1137.39 3399.38 6864.15 10965.2 14968.7 18142 19894 19894 18142 14968.7 10965.2 6864.15 3399.38 1137.39 194.09 20.8333 1.69045 0.116908 0.00732226 0.000388144
