0.000456029 0.00861384 0.137724 1.99428 24.613 229.644 1348.07 4039.12 8180.58 13108.7 17943.7 21791.8 23921.9 23921.9 21791.8 17943.7 13108.7 8180.58 4039.12 1348.07 229.644 24.613 1.99428 0.137724 0.00861384 0.000456028
0.00870155 0.174377 2.99465 48.1284 696.322 7977.62 56933.9 178167 364394 585461 802240 974807 1.07036e+06 1.07036e+06 974807 802240 585461 364394 178167 56933.9 7977.62 696.322 48.1284 2.99465 0.174377 0.00870155
0.140697 3.0335 55.5847 966.51 16316.4 241840 2.28948e+06 7.50933e+06 1.54972e+07 2.49564e+07 3.42296e+07 4.16142e+07 4.57046e+07 4.57046e+07 4.16142e+07 3.42296e+07 2.49564e+07 1.54972e+07 7.50933e+06 2.28948e+06 241840 16316.4 966.51 55.5847 3.0335 0.140697
2.05737 49.3809 982.205 17718.1 322143 6.35184e+06 9.20556e+07 3.16392e+08 6.57772e+08 1.06121e+09 1.45674e+09 1.77188e+09 1.94651e+09 1.94651e+09 1.77188e+09 1.45674e+09 1.06121e+09 6.57772e+08 3.16392e+08 9.20556e+07 6.35184e+06 322143 17718.1 982.205 49.3809 2.05737
25.5764 721.581 16826.2 329045 5.48536e+06 1.24405e+08 3.71971e+09 1.33433e+10 2.78901e+10 4.50596e+10 6.19006e+10 7.53269e+10 8.27695e+10 8.27695e+10 7.53269e+10 6.19006e+10 4.50596e+10 2.78901e+10 1.33433e+10 3.71971e+09 1.24405e+08 5.48536e+06 329045 16826.2 721.581 25.5764
239.855 8322.74 251812 6.59018e+06 1.28028e+08 1.8143e+09 1.82304e+11 6.69733e+11 1.4001e+12 2.26032e+12 3.10348e+12 3.77541e+12 4.1478e+12 4.1478e+12 3.77541e+12 3.10348e+12 2.26032e+12 1.4001e+12 6.69733e+11 1.82304e+11 1.8143e+09 1.28028e+08 6.59018e+06 251812 8322.74 239.855
1413 59676.5 2.3998e+06 9.64947e+07 3.8994e+09 1.9028e+11 1.73725e+13 6.11138e+13 1.25189e+14 1.99539e+14 2.71614e+14 3.28609e+14 3.6005e+14 3.6005e+14 3.28609e+14 2.71614e+14 1.99539e+14 1.25189e+14 6.11138e+13 1.73725e+13 1.9028e+11 3.8994e+09 9.64947e+07 2.3998e+06 59676.5 1413
4237.79 186954 7.88074e+06 3.32087e+08 1.40073e+10 7.00115e+11 6.13067e+13 2.14988e+14 4.39741e+14 7.00242e+14 9.52565e+14 1.15198e+15 1.26195e+15 1.26195e+15 1.15198e+15 9.52565e+14 7.00242e+14 4.39741e+14 2.14988e+14 6.13067e+13 7.00115e+11 1.40073e+10 3.32087e+08 7.88074e+06 186954 4237.79
8583.49 382394 1.62651e+07 6.90468e+08 2.92809e+10 1.46391e+12 1.2573e+14 4.40258e+14 8.99897e+14 1.43237e+15 1.94793e+15 2.35529e+15 2.57991e+15 2.57991e+15 2.3553e+15 1.94793e+15 1.43237e+15 8.99896e+14 4.40258e+14 1.2573e+14 1.46391e+12 2.92809e+10 6.90468e+08 1.62651e+07 382394 8583.49
13750.1 614192 2.61849e+07 1.11361e+09 4.72917e+10 2.36276e+12 2.00504e+14 7.01443e+14 1.43315e+15 2.28051e+15 3.10077e+15 3.74878e+15 4.10605e+15 4.10605e+15 3.74878e+15 3.10077e+15 2.28051e+15 1.43315e+15 7.01443e+14 2.00504e+14 2.36276e+12 4.72917e+10 1.11361e+09 2.61849e+07 614192 13750.1
18813.6 841239 3.58985e+07 1.52798e+09 6.49368e+10 3.2428e+12 2.72982e+14 9.5441e+14 1.94944e+15 3.10149e+15 4.21651e+15 5.09728e+15 5.58285e+15 5.58285e+15 5.09728e+15 4.21651e+15 3.10149e+15 1.94944e+15 9.5441e+14 2.72982e+14 3.2428e+12 6.49368e+10 1.52798e+09 3.58985e+07 841239 18813.6
22839.3 1.02179e+06 4.36253e+07 1.85775e+09 7.89876e+10 3.94334e+12 3.30278e+14 1.15429e+15 2.35728e+15 3.74992e+15 5.09765e+15 6.16216e+15 6.749e+15 6.749e+15 6.16216e+15 5.09765e+15 3.74992e+15 2.35728e+15 1.15429e+15 3.30278e+14 3.94334e+12 7.89876e+10 1.85775e+09 4.36253e+07 1.02179e+06 22839.3
25066.1 1.12168e+06 4.79017e+07 2.04033e+09 8.67699e+10 4.33127e+12 3.61877e+14 1.26449e+15 2.58211e+15 4.10735e+15 5.58333e+15 6.74908e+15 7.39173e+15 7.39173e+15 6.74908e+15 5.58333e+15 4.10735e+15 2.58211e+15 1.26449e+15 3.61877e+14 4.33127e+12 8.67699e+10 2.04033e+09 4.79017e+07 1.12168e+06 25066.1
25066.1 1.12168e+06 4.79017e+07 2.04033e+09 8.67699e+10 4.33127e+12 3.61877e+14 1.26449e+15 2.58211e+15 4.10735e+15 5.58333e+15 6.74908e+15 7.39173e+15 7.39173e+15 6.74908e+15 5.58333e+15 4.10735e+15 2.58211e+15 1.26449e+15 3.61877e+14 4.33127e+12 8.67699e+10 2.04033e+09 4.79017e+07 1.12168e+06 25066.1
22839.3 1.02179e+06 4.36253e+07 1.85775e+09 7.89876e+10 3.94334e+12 3.30278e+14 1.15429e+15 2.35728e+15 3.74992e+15 5.09765e+15 6.16216e+15 6.749e+15 6.749e+15 6.16216e+15 5.09765e+15 3.74992e+15 2.35728e+15 1.15429e+15 3.30278e+14 3.94334e+12 7.89876e+10 1.85775e+09 4.36253e+07 1.02179e+06 22839.3
18813.6 841239 3.58985e+07 1.52798e+09 6.49368e+10 3.2428e+12 2.72982e+14 9.5441e+14 1.94944e+15 3.10149e+15 4.21651e+15 5.09728e+15 5.58285e+15 5.58285e+15 5.09728e+15 4.21651e+15 3.10149e+15 1.94944e+15 9.5441e+14 2.72982e+14 3.2428e+12 6.49368e+10 1.52798e+09 3.58985e+07 841239 18813.6
13750.1 614192 2.61849e+07 1.11361e+09 4.72917e+10 2.36276e+12 2.00504e+14 7.01443e+14 1.43315e+15 2.28051e+15 3.10077e+15 3.74878e+15 4.10605e+15 4.10605e+15 3.74878e+15 3.10077e+15 2.28051e+15 1.43315e+15 7.01443e+14 2.00504e+14 2.36276e+12 4.72917e+10 1.11361e+09 2.61849e+07 614192 13750.1
8583.49 382394 1.62651e+07 6.90468e+08 2.92809e+10 1.46391e+12 1.2573e+14 4.40258e+14 8.99896e+14 1.43237e+15 1.94793e+15 2.3553e+15 2.57991e+15 2.57991e+15 2.35529e+15 1.94793e+15 1.43237e+15 8.99896e+14 4.40258e+14 1.2573e+14 1.46391e+12 2.92809e+10 6.90468e+08 1.62651e+07 382394 8583.49
4237.79 186954 7.88074e+06 3.32087e+08 1.40073e+10 7.00115e+11 6.13067e+13 2.14988e+14 4.39741e+14 7.00242e+14 9.52565e+14 1.15198e+15 1.26195e+15 1.26195e+15 1.15198e+15 9.52565e+14 7.00242e+14 4.39741e+14 2.14988e+14 6.13067e+13 7.00115e+11 1.40073e+10 3.32087e+08 7.88074e+06 186954 4237.79
1413 59676.5 2.3998e+06 9.64947e+07 3.8994e+09 1.9028e+11 1.73725e+13 6.11138e+13 1.25189e+14 1.99539e+14 2.71614e+14 3.28609e+14 3.6005e+14 3.6005e+14 3.28609e+14 2.71614e+14 1.99539e+14 1.25189e+14 6.11138e+13 1.73725e+13 1.9028e+11 3.8994e+09 9.64947e+07 2.3998e+06 59676.5 1413
239.855 8322.74 251812 6.59018e+06 1.28028e+08 1.8143e+09 1.82304e+11 6.69733e+11 1.4001e+12 2.26032e+12 3.10348e+12 3.77541e+12 4.1478e+12 4.1478e+12 3.77541e+12 3.10348e+12 2.26032e+12 1.4001e+12 6.69733e+11 1.82304e+11 1.8143e+09 1.28028e+08 6.59018e+06 251812 8322.74 239.855
25.5764 721.581 16826.2 329045 5.48536e+06 1.24405e+08 3.71971e+09 1.33433e+10 2.78901e+10 4.50596e+10 6.19006e+10 7.53269e+10 8.27695e+10 8.27695e+10 7.53269e+10 6.19006e+10 4.50596e+10 2.78901e+10 1.33433e+10 3.71971e+09 1.24405e+08 5.48536e+06 329045 16826.2 721.581 25.5764
2.05737 49.3809 982.205 17718.1 322143 6.35184e+06 9.20556e+07 3.16392e+08 6.57772e+08 1.06121e+09 1.45674e+09 1.77188e+09 1.94651e+09 1.94651e+09 1.77188e+09 1.45674e+09 1.06121e+09 6.57772e+08 3.16392e+08 9.20556e+07 6.35184e+06 322143 17718.1 982.205 49.3809 2.05737
0.140697 3.0335 55.5847 966.51 16316.4 241840 2.28948e+06 7.50933e+06 1.54972e+07 2.49564e+07 3.42296e+07 4.16142e+07 4.57046e+07 4.57046e+07 4.16142e+07 3.42296e+07 2.49564e+07 1.54972e+07 7.50933e+06 2.28948e+06 241840 16316.4 966.51 55.5847 3.0335 0.140697
0.00870155 0.174377 2.99465 48.1284 696.322 7977.62 56933.9 178167 364394 585461 802240 974807 1.07036e+06 1.07036e+06 974807 802240 585461 364394 178167 56933.9 7977.62 696.322 48.1284 2.99465 0.174377 0.00870155
0.000456028 0.00861384 0.137724 1.99428 24.613 229.644 1348.07 4039.12 8180.58 13108.7 17943.7 21791.8 23921.9 23921.9 21791.8 17943.7 13108.7 8180.58 4039.12 1348.07 229.644 24.613 1.99428 0.137724 0.00861384 0.000456029
