4.28305e-06 7.99222e-05 0.00125613 0.0178346 0.215987 1.98349 11.4924 33.9648 67.7298 106.836 144.223 173.358 189.267 189.267 173.358 144.223 106.836 67.7298 33.9648 11.4924 1.98349 0.215987 0.0178346 0.00125613 7.99222e-05 4.28305e-06
8.16057e-05 0.00162063 0.0274195 0.431699 6.10819 68.6725 483.221 1490.77 2999.76 4740.79 6402.47 7696.6 8403.08 8403.08 7696.6 6402.47 4740.79 2999.76 1490.77 483.221 68.6725 6.10819 0.431699 0.0274195 0.00162063 8.16057e-05
0.00131219 0.0281624 0.511362 8.73497 143.693 2078.59 19365.5 62581.9 126967 200963 271484 326380 356344 356344 326380 271484 200963 126967 62581.9 19365.5 2078.59 143.693 8.73497 0.511362 0.0281624 0.00131219
0.0189841 0.45507 9.03689 161.818 2872.43 54705.3 776993 2.62948e+06 5.36978e+06 8.50813e+06 1.14959e+07 1.3821e+07 1.509e+07 1.509e+07 1.3821e+07 1.14959e+07 8.50813e+06 5.36978e+06 2.62948e+06 776993 54705.3 2872.43 161.818 9.03689 0.45507 0.0189841
0.232607 6.55589 153.137 3009.35 50123.9 1.08419e+06 3.13711e+07 1.10725e+08 2.27142e+08 3.60115e+08 4.86627e+08 5.85061e+08 6.3878e+08 6.3878e+08 5.85061e+08 4.86627e+08 3.60115e+08 2.27142e+08 1.10725e+08 3.13711e+07 1.08419e+06 50123.9 3009.35 153.137 6.55589 0.232607
2.14726 74.3052 2247.28 59061.9 1.16681e+06 1.69028e+07 1.54597e+09 5.5848e+09 1.1456e+10 1.81478e+10 2.45111e+10 2.94612e+10 3.21626e+10 3.21626e+10 2.94612e+10 2.45111e+10 1.81478e+10 1.1456e+10 5.58479e+09 1.54597e+09 1.69028e+07 1.16681e+06 59061.9 2247.28 74.3052 2.14726
12.4574 523.784 20990.7 842207 3.40052e+07 1.64995e+09 1.47289e+11 5.12461e+11 1.03627e+12 1.63039e+12 2.19434e+12 2.63286e+12 2.87219e+12 2.87219e+12 2.63286e+12 2.19434e+12 1.63039e+12 1.03627e+12 5.12461e+11 1.47289e+11 1.64995e+09 3.40052e+07 842207 20990.7 523.784 12.4574
36.8137 1615.81 67831.3 2.85008e+06 1.20016e+08 5.9678e+09 5.14407e+11 1.78552e+12 3.60739e+12 5.67317e+12 7.63381e+12 9.15837e+12 9.99042e+12 9.99042e+12 9.15837e+12 7.63381e+12 5.67317e+12 3.60739e+12 1.78552e+12 5.14407e+11 5.9678e+09 1.20016e+08 2.85008e+06 67831.3 1615.81 36.8137
73.372 3249.61 137540 5.81692e+06 2.46056e+08 1.22392e+10 1.04125e+12 3.61109e+12 7.29338e+12 1.14682e+13 1.54304e+13 1.85114e+13 2.01928e+13 2.01928e+13 1.85114e+13 1.54304e+13 1.14682e+13 7.29338e+12 3.61109e+12 1.04125e+12 1.22392e+10 2.46056e+08 5.81692e+06 137540 3249.61 73.372
115.656 5131.98 217538 9.2096e+06 3.89795e+08 1.9377e+10 1.63854e+12 5.68019e+12 1.14707e+13 1.80354e+13 2.42657e+13 2.91102e+13 3.17542e+13 3.17542e+13 2.91102e+13 2.42657e+13 1.80354e+13 1.14707e+13 5.68019e+12 1.63854e+12 1.9377e+10 3.89795e+08 9.2096e+06 217538 5131.98 115.656
156.021 6925.83 293659 1.24343e+07 5.26321e+08 2.61534e+10 2.20501e+12 7.64242e+12 1.54321e+13 2.42632e+13 3.26443e+13 3.91613e+13 4.2718e+13 4.2718e+13 3.91613e+13 3.26443e+13 2.42632e+13 1.54321e+13 7.64242e+12 2.20501e+12 2.61534e+10 5.26321e+08 1.24343e+07 293659 6925.83 156.021
187.436 8320.98 352831 1.49401e+07 6.32386e+08 3.14172e+10 2.64513e+12 9.16698e+12 1.85101e+13 2.9102e+13 3.91542e+13 4.69706e+13 5.12366e+13 5.12366e+13 4.69706e+13 3.91542e+13 2.9102e+13 1.85101e+13 9.16698e+12 2.64513e+12 3.14172e+10 6.32386e+08 1.49401e+07 352831 8320.98 187.436
204.574 9081.91 385098 1.63063e+07 6.90209e+08 3.42868e+10 2.88517e+12 9.99852e+12 2.01889e+13 3.17413e+13 4.2705e+13 5.12302e+13 5.5883e+13 5.5883e+13 5.12302e+13 4.2705e+13 3.17413e+13 2.01889e+13 9.99852e+12 2.88517e+12 3.42868e+10 6.90209e+08 1.63063e+07 385098 9081.91 204.574
204.574 9081.91 385098 1.63063e+07 6.90209e+08 3.42868e+10 2.88517e+12 9.99852e+12 2.01889e+13 3.17413e+13 4.2705e+13 5.12302e+13 5.5883e+13 5.5883e+13 5.12302e+13 4.2705e+13 3.17413e+13 2.01889e+13 9.99852e+12 2.88517e+12 3.42868e+10 6.90209e+08 1.63063e+07 385098 9081.91 204.574
187.436 8320.98 352831 1.49401e+07 6.32386e+08 3.14172e+10 2.64513e+12 9.16698e+12 1.85101e+13 2.9102e+13 3.91542e+13 4.69706e+13 5.12366e+13 5.12366e+13 4.69706e+13 3.91542e+13 2.9102e+13 1.85101e+13 9.16698e+12 2.64513e+12 3.14172e+10 6.32386e+08 1.49401e+07 352831 8320.98 187.436
156.021 6925.83 293659 1.24343e+07 5.26321e+08 2.61534e+10 2.20501e+12 7.64242e+12 1.54321e+13 2.42632e+13 3.26443e+13 3.91613e+13 4.2718e+13 4.2718e+13 3.91613e+13 3.26443e+13 2.42632e+13 1.54321e+13 7.64242e+12 2.20501e+12 2.61534e+10 5.26321e+08 1.24343e+07 293659 6925.83 156.021
115.656 5131.98 217538 9.2096e+06 3.89795e+08 1.9377e+10 1.63854e+12 5.68019e+12 1.14707e+13 1.80354e+13 2.42657e+13 2.91102e+13 3.17542e+13 3.17542e+13 2.91102e+13 2.42657e+13 1.80354e+13 1.14707e+13 5.68019e+12 1.63854e+12 1.9377e+10 3.89795e+08 9.2096e+06 217538 5131.98 115.656
73.372 3249.61 137540 5.81692e+06 2.46056e+08 1.22392e+10 1.04125e+12 3.61109e+12 7.29338e+12 1.14682e+13 1.54304e+13 1.85114e+13 2.01928e+13 2.01928e+13 1.85114e+13 1.54304e+13 1.14682e+13 7.29338e+12 3.61109e+12 1.04125e+12 1.22392e+10 2.46056e+08 5.81692e+06 137540 3249.61 73.372
36.8137 1615.81 67831.3 2.85008e+06 1.20016e+08 5.9678e+09 5.14407e+11 1.78552e+12 3.60739e+12 5.67317e+12 7.63381e+12 9.15837e+12 9.99042e+12 9.99042e+12 9.15837e+12 7.63381e+12 5.67317e+12 3.60739e+12 1.78552e+12 5.14407e+11 5.9678e+09 1.20016e+08 2.85008e+06 67831.3 1615.81 36.8137
12.4574 523.784 20990.7 842207 3.40052e+07 1.64995e+09 1.47289e+11 5.12461e+11 1.03627e+12 1.63039e+12 2.19434e+12 2.63286e+12 2.87219e+12 2.87219e+12 2.63286e+12 2.19434e+12 1.63039e+12 1.03627e+12 5.12461e+11 1.47289e+11 1.64995e+09 3.40052e+07 842207 20990.7 523.784 12.4574
2.14726 74.3052 2247.28 59061.9 1.16681e+06 1.69028e+07 1.54597e+09 5.58479e+09 1.1456e+10 1.81478e+10 2.45111e+10 2.94612e+10 3.21626e+10 3.21626e+10 2.94612e+10 2.45111e+10 1.81478e+10 1.1456e+10 5.5848e+09 1.54597e+09 1.69028e+07 1.16681e+06 59061.9 2247.28 74.3052 2.14726
0.232607 6.55589 153.137 3009.35 50123.9 1.08419e+06 3.13711e+07 1.10725e+08 2.27142e+08 3.60115e+08 4.86627e+08 5.85061e+08 6.3878e+08 6.3878e+08 5.85061e+08 4.86627e+08 3.60115e+08 2.27142e+08 1.10725e+08 3.13711e+07 1.08419e+06 50123.9 3009.35 153.137 6.55589 0.232607
0.0189841 0.45507 9.03689 161.818 2872.43 54705.3 776993 2.62948e+06 5.36978e+06 8.50813e+06 1.14959e+07 1.3821e+07 1.509e+07 1.509e+07 1.3821e+07 1.14959e+07 8.50813e+06 5.36978e+06 2.62948e+06 776993 54705.3 2872.43 161.818 9.03689 0.45507 0.0189841
0.00131219 0.0281624 0.511362 8.73497 143.693 2078.59 19365.5 62581.9 126967 200963 271484 326380 356344 356344 326380 271484 200963 126967 62581.9 19365.5 2078.59 143.693 8.73497 0.511362 0.0281624 0.00131219
8.16057e-05 0.00162063 0.0274195 0.431699 6.10819 68.6725 483.221 1490.77 2999.76 4740.79 6402.47 7696.6 8403.08 8403.08 7696.6 6402.47 4740.79 2999.76 1490.77 483.221 68.6725 6.10819 0.431699 0.0274195 0.00162063 8.16057e-05
4.28305e-06 7.99222e-05 0.00125613 0.0178346 0.215987 1.98349 11.4924 33.9648 67.7298 106.836 144.223 173.358 189.267 189.267 173.358 144.223 106.836 67.7298 33.9648 11.4924 1.98349 0.215987 0.0178346 0.00125613 7.99222e-05 4.28305e-06
