14.623 270.545 4180.27 57988.5 685853 6.18027e+06 3.5334e+07 1.03111e+08 2.02295e+08 3.13083e+08 4.14743e+08 4.91002e+08 5.31531e+08 5.31531e+08 4.91002e+08 4.14743e+08 3.13083e+08 2.02295e+08 1.03111e+08 3.5334e+07 6.18027e+06 685853 57988.5 4180.27 270.545 14.623
280.927 5565.73 93032.1 1.43027e+06 1.9648e+07 2.15416e+08 1.49172e+09 4.54177e+09 8.98494e+09 1.39183e+10 1.84261e+10 2.17978e+10 2.35863e+10 2.35863e+10 2.17978e+10 1.84261e+10 1.39183e+10 8.98494e+09 4.54177e+09 1.49172e+09 2.15416e+08 1.9648e+07 1.43027e+06 93032.1 5565.73 280.927
4524.63 97649.4 1.7703e+06 2.97091e+07 4.71801e+08 6.58237e+09 6.00541e+10 1.91429e+11 3.81529e+11 5.9128e+11 7.82136e+11 9.24458e+11 9.9981e+11 9.9981e+11 9.24458e+11 7.82136e+11 5.9128e+11 3.81529e+11 1.91429e+11 6.00541e+10 6.58237e+09 4.71801e+08 2.97091e+07 1.7703e+06 97649.4 4524.63
64959.3 1.57451e+06 3.16107e+07 5.66407e+08 9.75832e+09 1.75826e+11 2.42061e+12 8.07618e+12 1.61893e+13 2.50876e+13 3.31527e+13 3.91491e+13 4.23176e+13 4.23176e+13 3.91491e+13 3.31527e+13 2.50876e+13 1.61893e+13 8.07618e+12 2.42061e+12 1.75826e+11 9.75832e+09 5.66407e+08 3.16107e+07 1.57451e+06 64959.3
784108 2.23496e+07 5.30438e+08 1.06409e+10 1.79152e+11 3.59751e+12 9.81528e+13 3.41405e+14 6.86925e+14 1.0639e+15 1.40435e+15 1.65674e+15 1.78983e+15 1.78983e+15 1.65674e+15 1.40435e+15 1.0639e+15 6.86925e+14 3.41405e+14 9.81528e+13 3.59751e+12 1.79152e+11 1.06409e+10 5.30438e+08 2.23496e+07 784108
7.11062e+06 2.47953e+08 7.58336e+09 2.02914e+11 4.16545e+12 6.32669e+13 4.90157e+15 1.74468e+16 3.51118e+16 5.43552e+16 7.17395e+16 8.4637e+16 9.14431e+16 9.14431e+16 8.4637e+16 7.17395e+16 5.43552e+16 3.51118e+16 1.74468e+16 4.90157e+15 6.32669e+13 4.16545e+12 2.02914e+11 7.58336e+09 2.47953e+08 7.11062e+06
4.0559e+07 1.71194e+09 6.89053e+10 2.77677e+12 1.12567e+14 5.41711e+15 4.65533e+17 1.60711e+18 3.21402e+18 4.98844e+18 6.62279e+18 7.8593e+18 8.52134e+18 8.52134e+18 7.8593e+18 6.62279e+18 4.98844e+18 3.21402e+18 1.60711e+18 4.65533e+17 5.41711e+15 1.12567e+14 2.77677e+12 6.89053e+10 1.71194e+09 4.0559e+07
1.18166e+08 5.20317e+09 2.19229e+11 9.24587e+12 3.90718e+14 1.92999e+16 1.61449e+18 5.56001e+18 1.11046e+19 1.72192e+19 2.28453e+19 2.70986e+19 2.93748e+19 2.93748e+19 2.70986e+19 2.28453e+19 1.72192e+19 1.11046e+19 5.56001e+18 1.61449e+18 1.92999e+16 3.90718e+14 9.24587e+12 2.19229e+11 5.20317e+09 1.18166e+08
2.31563e+08 1.02811e+10 4.36404e+11 1.85109e+13 7.85146e+14 3.88113e+16 3.22981e+18 1.11084e+19 2.2154e+19 3.4302e+19 4.54488e+19 5.3856e+19 5.83482e+19 5.83482e+19 5.3856e+19 4.54488e+19 3.4302e+19 2.2154e+19 1.11084e+19 3.22981e+18 3.88113e+16 7.85146e+14 1.85109e+13 4.36404e+11 1.02811e+10 2.31563e+08
3.58038e+08 1.59105e+10 6.75641e+11 2.86555e+13 1.21473e+15 6.00091e+16 5.00775e+18 1.72078e+19 3.42679e+19 5.297e+19 7.00737e+19 8.29364e+19 8.97957e+19 8.97957e+19 8.29364e+19 7.00737e+19 5.297e+19 3.42679e+19 1.72078e+19 5.00775e+18 6.00091e+16 1.21473e+15 2.86555e+13 6.75641e+11 1.59105e+10 3.58038e+08
4.73922e+08 2.10466e+10 8.92984e+11 3.78351e+13 1.60202e+15 7.91012e+16 6.63878e+18 2.27978e+19 4.53399e+19 6.99756e+19 9.24332e+19 1.09275e+20 1.18239e+20 1.18239e+20 1.09275e+20 9.24332e+19 6.99756e+19 4.53399e+19 2.27978e+19 6.63878e+18 7.91012e+16 1.60202e+15 3.78351e+13 8.92984e+11 2.10466e+10 4.73922e+08
5.60743e+08 2.48831e+10 1.05484e+12 4.46505e+13 1.88871e+15 9.3226e+16 7.86808e+18 2.70081e+19 5.36596e+19 8.2717e+19 1.09139e+20 1.2891e+20 1.39417e+20 1.39417e+20 1.2891e+20 1.09139e+20 8.2717e+19 5.36596e+19 2.70081e+19 7.86808e+18 9.3226e+16 1.88871e+15 4.46505e+13 1.05484e+12 2.48831e+10 5.60743e+08
6.06846e+08 2.69165e+10 1.14045e+12 4.82482e+13 2.03974e+15 1.00665e+17 8.52448e+18 2.92553e+19 5.80934e+19 8.94937e+19 1.18007e+20 1.39316e+20 1.50632e+20 1.50632e+20 1.39316e+20 1.18007e+20 8.94937e+19 5.80934e+19 2.92553e+19 8.52448e+18 1.00665e+17 2.03974e+15 4.82482e+13 1.14045e+12 2.69165e+10 6.06846e+08
6.06846e+08 2.69165e+10 1.14045e+12 4.82482e+13 2.03974e+15 1.00665e+17 8.52448e+18 2.92553e+19 5.80934e+19 8.94937e+19 1.18007e+20 1.39316e+20 1.50632e+20 1.50632e+20 1.39316e+20 1.18007e+20 8.94937e+19 5.80934e+19 2.92553e+19 8.52448e+18 1.00665e+17 2.03974e+15 4.82482e+13 1.14045e+12 2.69165e+10 6.06846e+08
5.60743e+08 2.48831e+10 1.05484e+12 4.46505e+13 1.88871e+15 9.3226e+16 7.86808e+18 2.70081e+19 5.36596e+19 8.2717e+19 1.09139e+20 1.2891e+20 1.39417e+20 1.39417e+20 1.2891e+20 1.09139e+20 8.2717e+19 5.36596e+19 2.70081e+19 7.86808e+18 9.3226e+16 1.88871e+15 4.46505e+13 1.05484e+12 2.48831e+10 5.60743e+08
4.73922e+08 2.10466e+10 8.92984e+11 3.78351e+13 1.60202e+15 7.91012e+16 6.63878e+18 2.27978e+19 4.53399e+19 6.99756e+19 9.24332e+19 1.09275e+20 1.18239e+20 1.18239e+20 1.09275e+20 9.24332e+19 6.99756e+19 4.53399e+19 2.27978e+19 6.63878e+18 7.91012e+16 1.60202e+15 3.78351e+13 8.92984e+11 2.10466e+10 4.73922e+08
3.58038e+08 1.59105e+10 6.75641e+11 2.86555e+13 1.21473e+15 6.00091e+16 5.00775e+18 1.72078e+19 3.42679e+19 5.297e+19 7.00737e+19 8.29364e+19 8.97957e+19 8.97957e+19 8.29364e+19 7.00737e+19 5.297e+19 3.42679e+19 1.72078e+19 5.00775e+18 6.00091e+16 1.21473e+15 2.86555e+13 6.75641e+11 1.59105e+10 3.58038e+08
2.31563e+08 1.02811e+10 4.36404e+11 1.85109e+13 7.85146e+14 3.88113e+16 3.22981e+18 1.11084e+19 2.2154e+19 3.4302e+19 4.54488e+19 5.3856e+19 5.83482e+19 5.83482e+19 5.3856e+19 4.54488e+19 3.4302e+19 2.2154e+19 1.11084e+19 3.22981e+18 3.88113e+16 7.85146e+14 1.85109e+13 4.36404e+11 1.02811e+10 2.31563e+08
1.18166e+08 5.20317e+09 2.19229e+11 9.24587e+12 3.90718e+14 1.92999e+16 1.61449e+18 5.56001e+18 1.11046e+19 1.72192e+19 2.28453e+19 2.70986e+19 2.93748e+19 2.93748e+19 2.70986e+19 2.28453e+19 1.72192e+19 1.11046e+19 5.56001e+18 1.61449e+18 1.92999e+16 3.90718e+14 9.24587e+12 2.19229e+11 5.20317e+09 1.18166e+08
4.0559e+07 1.71194e+09 6.89053e+10 2.77677e+12 1.12567e+14 5.41711e+15 4.65533e+17 1.60711e+18 3.21402e+18 4.98844e+18 6.62279e+18 7.8593e+18 8.52134e+18 8.52134e+18 7.8593e+18 6.62279e+18 4.98844e+18 3.21402e+18 1.60711e+18 4.65533e+17 5.41711e+15 1.12567e+14 2.77677e+12 6.89053e+10 1.71194e+09 4.0559e+07
7.11062e+06 2.47953e+08 7.58336e+09 2.02914e+11 4.16545e+12 6.32669e+13 4.90157e+15 1.74468e+16 3.51118e+16 5.43552e+16 7.17395e+16 8.4637e+16 9.14431e+16 9.14431e+16 8.4637e+16 7.17395e+16 5.43552e+16 3.51118e+16 1.74468e+16 4.90157e+15 6.32669e+13 4.16545e+12 2.02914e+11 7.58336e+09 2.47953e+08 7.11062e+06
784108 2.23496e+07 5.30438e+08 1.06409e+10 1.79152e+11 3.59751e+12 9.81528e+13 3.41405e+14 6.86925e+14 1.0639e+15 1.40435e+15 1.65674e+15 1.78983e+15 1.78983e+15 1.65674e+15 1.40435e+15 1.0639e+15 6.86925e+14 3.41405e+14 9.81528e+13 3.59751e+12 1.79152e+11 1.06409e+10 5.30438e+08 2.23496e+07 784108
64959.3 1.57451e+06 3.16107e+07 5.66407e+08 9.75832e+09 1.75826e+11 2.42061e+12 8.07618e+12 1.61893e+13 2.50876e+13 3.31527e+13 3.91491e+13 4.23176e+13 4.23176e+13 3.91491e+13 3.31527e+13 2.50876e+13 1.61893e+13 8.07618e+12 2.42061e+12 1.75826e+11 9.75832e+09 5.66407e+08 3.16107e+07 1.57451e+06 64959.3
4524.63 97649.4 1.7703e+06 2.97091e+07 4.71801e+08 6.58237e+09 6.00541e+10 1.91429e+11 3.81529e+11 5.9128e+11 7.82136e+11 9.24458e+11 9.9981e+11 9.9981e+11 9.24458e+11 7.82136e+11 5.9128e+11 3.81529e+11 1.91429e+11 6.00541e+10 6.58237e+09 4.71801e+08 2.97091e+07 1.7703e+06 97649.4 4524.63
280.927 5565.73 93032.1 1.43027e+06 1.9648e+07 2.15416e+08 1.49172e+09 4.54177e+09 8.98494e+09 1.39183e+10 1.84261e+10 2.17978e+10 2.35863e+10 2.35863e+10 2.17978e+10 1.84261e+10 1.39183e+10 8.98494e+09 4.54177e+09 1.49172e+09 2.15416e+08 1.9648e+07 1.43027e+06 93032.1 5565.73 280.927
14.623 270.545 4180.27 57988.5 685853 6.18027e+06 3.5334e+07 1.03111e+08 2.02295e+08 3.13083e+08 4.14743e+08 4.91002e+08 5.31531e+08 5.31531e+08 4.91002e+08 4.14743e+08 3.13083e+08 2.02295e+08 1.03111e+08 3.5334e+07 6.18027e+06 685853 57988.5 4180.27 270.545 14.623
