6.74186 125.291 1949.42 27277 325453 2.95464e+06 1.69927e+07 4.98809e+07 9.85317e+07 1.53594e+08 2.04821e+08 2.43719e+08 2.64567e+08 2.64567e+08 2.43719e+08 2.04821e+08 1.53594e+08 9.85317e+07 4.98809e+07 1.69927e+07 2.95464e+06 325453 27277 1949.42 125.291 6.74186
129.514 2573.2 43253.1 670758 9.30876e+06 1.02983e+08 7.17833e+08 2.19893e+09 4.3812e+09 6.83825e+09 9.11634e+09 1.08423e+10 1.17662e+10 1.17662e+10 1.08423e+10 9.11634e+09 6.83825e+09 4.3812e+09 2.19893e+09 7.17833e+08 1.02983e+08 9.30876e+06 670758 43253.1 2573.2 129.514
2089.86 45136.2 820587 1.38672e+07 2.22763e+08 3.14471e+09 2.89136e+10 9.27509e+10 1.86243e+11 2.90937e+11 3.87684e+11 4.60823e+11 4.99915e+11 4.99915e+11 4.60823e+11 3.87684e+11 2.90937e+11 1.86243e+11 9.27509e+10 2.89136e+10 3.14471e+09 2.22763e+08 1.38672e+07 820587 45136.2 2089.86
30131 729763 1.46442e+07 2.6297e+08 4.57552e+09 8.38163e+10 1.16577e+12 3.91526e+12 7.91015e+12 1.2361e+13 1.64617e+13 1.95551e+13 2.12062e+13 2.12062e+13 1.95551e+13 1.64617e+13 1.2361e+13 7.91015e+12 3.91526e+12 1.16577e+12 8.38163e+10 4.57552e+09 2.6297e+08 1.46442e+07 729763 30131
365919 1.04198e+07 2.46821e+08 4.93631e+09 8.30664e+10 1.70326e+12 4.72716e+13 1.65561e+14 3.35873e+14 5.24802e+14 6.9841e+14 8.29102e+14 8.98759e+14 8.98759e+14 8.29102e+14 6.9841e+14 5.24802e+14 3.35873e+14 1.65561e+14 4.72716e+13 1.70326e+12 8.30664e+10 4.93631e+09 2.46821e+08 1.04198e+07 365919
3.34093e+06 1.1648e+08 3.55892e+09 9.49654e+10 1.93409e+12 2.90962e+13 2.35366e+15 8.43734e+15 1.71214e+16 2.67392e+16 3.5578e+16 4.22352e+16 4.5785e+16 4.5785e+16 4.22352e+16 3.5578e+16 2.67392e+16 1.71214e+16 8.43734e+15 2.35366e+15 2.90962e+13 1.93409e+12 9.49654e+10 3.55892e+09 1.1648e+08 3.34093e+06
1.91835e+07 8.10276e+08 3.2633e+10 1.31557e+12 5.33386e+13 2.57426e+15 2.23738e+17 7.76079e+17 1.56116e+18 2.43812e+18 3.25523e+18 3.87954e+18 4.21603e+18 4.21603e+18 3.87954e+18 3.25523e+18 2.43812e+18 1.56116e+18 7.76079e+17 2.23738e+17 2.57426e+15 5.33386e+13 1.31557e+12 3.2633e+10 8.10276e+08 1.91835e+07
5.62333e+07 2.47842e+09 1.04516e+11 4.41093e+12 1.86481e+14 9.23633e+15 7.79462e+17 2.69709e+18 5.41915e+18 8.45738e+18 1.1287e+19 1.34486e+19 1.46135e+19 1.46135e+19 1.34486e+19 1.1287e+19 8.45738e+18 5.41915e+18 2.69709e+18 7.79462e+17 9.23633e+15 1.86481e+14 4.41093e+12 1.04516e+11 2.47842e+09 5.62333e+07
1.10948e+08 4.93202e+09 2.09603e+11 8.90008e+12 3.77814e+14 1.87285e+16 1.56876e+18 5.42203e+18 1.08832e+19 1.69689e+19 2.26282e+19 2.69462e+19 2.92715e+19 2.92715e+19 2.69462e+19 2.26282e+19 1.69689e+19 1.08832e+19 5.42203e+18 1.56876e+18 1.87285e+16 3.77814e+14 8.90008e+12 2.09603e+11 4.93202e+09 1.10948e+08
1.72757e+08 7.68919e+09 3.27043e+11 1.3891e+13 5.89594e+14 2.9213e+16 2.4482e+18 8.45599e+18 1.69572e+19 2.64129e+19 3.51905e+19 4.18775e+19 4.5475e+19 4.5475e+19 4.18775e+19 3.51905e+19 2.64129e+19 1.69572e+19 8.45599e+18 2.4482e+18 2.9213e+16 5.89594e+14 1.3891e+13 3.27043e+11 7.68919e+09 1.72757e+08
2.30149e+08 1.02404e+10 4.35341e+11 1.84792e+13 7.83751e+14 3.88188e+16 3.26496e+18 1.12727e+19 2.25881e+19 3.51523e+19 4.67954e+19 5.56528e+19 6.04134e+19 6.04134e+19 5.56528e+19 4.67954e+19 3.51523e+19 2.25881e+19 1.12727e+19 3.26496e+18 3.88188e+16 7.83751e+14 1.84792e+13 4.35341e+11 1.02404e+10 2.30149e+08
2.73654e+08 1.21698e+10 5.17058e+11 2.19336e+13 9.29614e+14 4.60331e+16 3.88707e+18 1.34179e+19 2.68714e+19 4.17903e+19 5.55974e+19 6.60894e+19 7.17243e+19 7.17243e+19 6.60894e+19 5.55974e+19 4.17903e+19 2.68714e+19 1.34179e+19 3.88707e+18 4.60331e+16 9.29614e+14 2.19336e+13 5.17058e+11 1.21698e+10 2.73654e+08
2.96943e+08 1.32013e+10 5.60677e+11 2.37748e+13 1.00724e+15 4.98723e+16 4.22163e+18 1.45715e+19 2.91731e+19 4.53538e+19 6.03181e+19 7.16826e+19 7.77836e+19 7.77836e+19 7.16826e+19 6.03181e+19 4.53538e+19 2.91731e+19 1.45715e+19 4.22163e+18 4.98723e+16 1.00724e+15 2.37748e+13 5.60677e+11 1.32013e+10 2.96943e+08
2.96943e+08 1.32013e+10 5.60677e+11 2.37748e+13 1.00724e+15 4.98723e+16 4.22163e+18 1.45715e+19 2.91731e+19 4.53538e+19 6.03181e+19 7.16826e+19 7.77836e+19 7.77836e+19 7.16826e+19 6.03181e+19 4.53538e+19 2.91731e+19 1.45715e+19 4.22163e+18 4.98723e+16 1.00724e+15 2.37748e+13 5.60677e+11 1.32013e+10 2.96943e+08
2.73654e+08 1.21698e+10 5.17058e+11 2.19336e+13 9.29614e+14 4.60331e+16 3.88707e+18 1.34179e+19 2.68714e+19 4.17903e+19 5.55974e+19 6.60894e+19 7.17243e+19 7.17243e+19 6.60894e+19 5.55974e+19 4.17903e+19 2.68714e+19 1.34179e+19 3.88707e+18 4.60331e+16 9.29614e+14 2.19336e+13 5.17058e+11 1.21698e+10 2.73654e+08
2.30149e+08 1.02404e+10 4.35341e+11 1.84792e+13 7.83751e+14 3.88188e+16 3.26496e+18 1.12727e+19 2.25881e+19 3.51523e+19 4.67954e+19 5.56528e+19 6.04134e+19 6.04134e+19 5.56528e+19 4.67954e+19 3.51523e+19 2.25881e+19 1.12727e+19 3.26496e+18 3.88188e+16 7.83751e+14 1.84792e+13 4.35341e+11 1.02404e+10 2.30149e+08
1.72757e+08 7.68919e+09 3.27043e+11 1.3891e+13 5.89594e+14 2.9213e+16 2.4482e+18 8.45599e+18 1.69572e+19 2.64129e+19 3.51905e+19 4.18775e+19 4.5475e+19 4.5475e+19 4.18775e+19 3.51905e+19 2.64129e+19 1.69572e+19 8.45599e+18 2.4482e+18 2.9213e+16 5.89594e+14 1.3891e+13 3.27043e+11 7.68919e+09 1.72757e+08
1.10948e+08 4.93202e+09 2.09603e+11 8.90008e+12 3.77814e+14 1.87285e+16 1.56876e+18 5.42203e+18 1.08832e+19 1.69689e+19 2.26282e+19 2.69462e+19 2.92715e+19 2.92715e+19 2.69462e+19 2.26282e+19 1.69689e+19 1.08832e+19 5.42203e+18 1.56876e+18 1.87285e+16 3.77814e+14 8.90008e+12 2.09603e+11 4.93202e+09 1.10948e+08
5.62333e+07 2.47842e+09 1.04516e+11 4.41093e+12 1.86481e+14 9.23633e+15 7.79462e+17 2.69709e+18 5.41915e+18 8.45738e+18 1.1287e+19 1.34486e+19 1.46135e+19 1.46135e+19 1.34486e+19 1.1287e+19 8.45738e+18 5.41915e+18 2.69709e+18 7.79462e+17 9.23633e+15 1.86481e+14 4.41093e+12 1.04516e+11 2.47842e+09 5.62333e+07
1.91835e+07 8.10276e+08 3.2633e+10 1.31557e+12 5.33386e+13 2.57426e+15 2.23738e+17 7.76079e+17 1.56116e+18 2.43812e+18 3.25523e+18 3.87954e+18 4.21603e+18 4.21603e+18 3.87954e+18 3.25523e+18 2.43812e+18 1.56116e+18 7.76079e+17 2.23738e+17 2.57426e+15 5.33386e+13 1.31557e+12 3.2633e+10 8.10276e+08 1.91835e+07
3.34093e+06 1.1648e+08 3.55892e+09 9.49654e+10 1.93409e+12 2.90962e+13 2.35366e+15 8.43734e+15 1.71214e+16 2.67392e+16 3.5578e+16 4.22352e+16 4.5785e+16 4.5785e+16 4.22352e+16 3.5578e+16 2.67392e+16 1.71214e+16 8.43734e+15 2.35366e+15 2.90962e+13 1.93409e+12 9.49654e+10 3.55892e+09 1.1648e+08 3.34093e+06
365919 1.04198e+07 2.46821e+08 4.93631e+09 8.30664e+10 1.70326e+12 4.72716e+13 1.65561e+14 3.35873e+14 5.24802e+14 6.9841e+14 8.29102e+14 8.98759e+14 8.98759e+14 8.29102e+14 6.9841e+14 5.24802e+14 3.35873e+14 1.65561e+14 4.72716e+13 1.70326e+12 8.30664e+10 4.93631e+09 2.46821e+08 1.04198e+07 365919
30131 729763 1.46442e+07 2.6297e+08 4.57552e+09 8.38163e+10 1.16577e+12 3.91526e+12 7.91015e+12 1.2361e+13 1.64617e+13 1.95551e+13 2.12062e+13 2.12062e+13 1.95551e+13 1.64617e+13 1.2361e+13 7.91015e+12 3.91526e+12 1.16577e+12 8.38163e+10 4.57552e+09 2.6297e+08 1.46442e+07 729763 30131
2089.86 45136.2 820587 1.38672e+07 2.22763e+08 3.14471e+09 2.89136e+10 9.27509e+10 1.86243e+11 2.90937e+11 3.87684e+11 4.60823e+11 4.99915e+11 4.99915e+11 4.60823e+11 3.87684e+11 2.90937e+11 1.86243e+11 9.27509e+10 2.89136e+10 3.14471e+09 2.22763e+08 1.38672e+07 820587 45136.2 2089.86
129.514 2573.2 43253.1 670758 9.30876e+06 1.02983e+08 7.17833e+08 2.19893e+09 4.3812e+09 6.83825e+09 9.11634e+09 1.08423e+10 1.17662e+10 1.17662e+10 1.08423e+10 9.11634e+09 6.83825e+09 4.3812e+09 2.19893e+09 7.17833e+08 1.02983e+08 9.30876e+06 670758 43253.1 2573.2 129.514
6.74186 125.291 1949.42 27277 325453 2.95464e+06 1.69927e+07 4.98809e+07 9.85317e+07 1.53594e+08 2.04821e+08 2.43719e+08 2.64567e+08 2.64567e+08 2.43719e+08 2.04821e+08 1.53594e+08 9.85317e+07 4.98809e+07 1.69927e+07 2.95464e+06 325453 27277 1949.42 125.291 6.74186
