0.0241733 0.455264 7.25003 104.501 1283.67 11921 69603.2 206803 414331 656171 888477 1.07006e+06 1.16938e+06 1.16938e+06 1.07006e+06 888477 656171 414331 206803 69603.2 11921 1283.67 104.501 7.25003 0.455264 0.0241733
0.460721 9.21154 157.643 2521.92 36301.9 413867 2.93832e+06 9.11635e+06 1.84364e+07 2.92609e+07 3.96439e+07 4.7756e+07 5.21919e+07 5.21919e+07 4.7756e+07 3.96439e+07 2.92609e+07 1.84364e+07 9.11635e+06 2.93832e+06 413867 36301.9 2521.92 157.643 9.21154 0.460721
7.43402 160.058 2926.1 50679.8 850900 1.25432e+07 1.18152e+08 3.84119e+08 7.83484e+08 1.24571e+09 1.68855e+09 2.0344e+09 2.22349e+09 2.22349e+09 2.0344e+09 1.68855e+09 1.24571e+09 7.83484e+08 3.84119e+08 1.18152e+08 1.25432e+07 850900 50679.8 2926.1 160.058 7.43402
108.366 2599.18 51656.7 930069 1.6828e+07 3.29573e+08 4.75244e+09 1.61856e+10 3.32414e+10 5.29211e+10 7.1759e+10 8.64674e+10 9.45082e+10 9.45082e+10 8.64674e+10 7.1759e+10 5.29211e+10 3.32414e+10 1.61856e+10 4.75244e+09 3.29573e+08 1.6828e+07 930069 51656.7 2599.18 108.366
1341.74 37836.6 882280 1.72615e+07 2.87564e+08 6.46752e+09 1.92194e+11 6.82933e+11 1.40941e+12 2.24574e+12 3.04589e+12 3.67055e+12 4.012e+12 4.012e+12 3.67055e+12 3.04589e+12 2.24574e+12 1.40941e+12 6.82933e+11 1.92194e+11 6.46752e+09 2.87564e+08 1.72615e+07 882280 37836.6 1341.74
12523.4 434348 1.31414e+07 3.44192e+08 6.70516e+09 9.53561e+10 9.43957e+12 3.43512e+13 7.09104e+13 1.12916e+14 1.53087e+14 1.84442e+14 2.01581e+14 2.01581e+14 1.84442e+14 1.53087e+14 1.12916e+14 7.09104e+13 3.43512e+13 9.43957e+12 9.53561e+10 6.70516e+09 3.44192e+08 1.31414e+07 434348 12523.4
73343.4 3.09648e+06 1.24525e+08 5.00946e+09 2.02627e+11 9.89288e+12 8.99737e+14 3.14664e+15 6.39465e+15 1.01043e+16 1.36442e+16 1.64064e+16 1.79168e+16 1.79168e+16 1.64064e+16 1.36442e+16 1.01043e+16 6.39465e+15 3.14664e+15 8.99736e+14 9.89288e+12 2.02627e+11 5.00946e+09 1.24525e+08 3.09648e+06 73343.4
218011 9.61219e+06 4.05093e+08 1.70731e+10 7.20538e+11 3.60397e+13 3.15583e+15 1.10076e+16 2.23459e+16 3.529e+16 4.76395e+16 5.72757e+16 6.25448e+16 6.25449e+16 5.72757e+16 4.76395e+16 3.529e+16 2.23459e+16 1.10076e+16 3.15583e+15 3.60397e+13 7.20538e+11 1.70731e+10 4.05093e+08 9.61219e+06 218011
436541 1.94281e+07 8.2578e+08 3.50427e+10 1.48608e+12 7.43592e+13 6.41711e+15 2.23598e+16 4.5372e+16 7.16372e+16 9.6693e+16 1.16243e+17 1.26933e+17 1.26933e+17 1.16243e+17 9.6693e+16 7.16372e+16 4.5372e+16 2.23598e+16 6.41711e+15 7.43592e+13 1.48608e+12 3.50427e+10 8.2578e+08 1.94281e+07 436541
690670 3.08038e+07 1.3116e+09 5.5729e+10 2.36528e+12 1.18288e+14 1.01381e+16 3.53072e+16 7.16284e+16 1.13077e+17 1.52614e+17 1.83461e+17 2.00328e+17 2.00328e+17 1.83461e+17 1.52614e+17 1.13077e+17 7.16284e+16 3.53072e+16 1.01381e+16 1.18288e+14 2.36528e+12 5.5729e+10 1.3116e+09 3.08038e+07 690670
934199 4.16887e+07 1.77585e+09 7.54781e+10 3.20415e+12 1.60185e+14 1.36836e+16 4.76427e+16 9.66417e+16 1.52552e+17 2.05879e+17 2.47483e+17 2.7023e+17 2.7023e+17 2.47483e+17 2.05879e+17 1.52552e+17 9.66417e+16 4.76427e+16 1.36836e+16 1.60185e+14 3.20415e+12 7.54781e+10 1.77585e+09 4.16887e+07 934199
1.12414e+06 5.01735e+07 2.13757e+09 9.08603e+10 3.85737e+12 1.92807e+14 1.64461e+16 5.72545e+16 1.16132e+17 1.83309e+17 2.47378e+17 2.97361e+17 3.24689e+17 3.24689e+17 2.97361e+17 2.47378e+17 1.83309e+17 1.16132e+17 5.72545e+16 1.64461e+16 1.92807e+14 3.85737e+12 9.08603e+10 2.13757e+09 5.01735e+07 1.12414e+06
1.22786e+06 5.48057e+07 2.33501e+09 9.9255e+10 4.2138e+12 2.10606e+14 1.7955e+16 6.25049e+16 1.26778e+17 2.0011e+17 2.70046e+17 3.24605e+17 3.54435e+17 3.54435e+17 3.24605e+17 2.70046e+17 2.0011e+17 1.26778e+17 6.2505e+16 1.7955e+16 2.10606e+14 4.2138e+12 9.9255e+10 2.33501e+09 5.48057e+07 1.22786e+06
1.22786e+06 5.48057e+07 2.33501e+09 9.9255e+10 4.2138e+12 2.10606e+14 1.7955e+16 6.2505e+16 1.26778e+17 2.0011e+17 2.70046e+17 3.24605e+17 3.54435e+17 3.54435e+17 3.24605e+17 2.70046e+17 2.0011e+17 1.26778e+17 6.25049e+16 1.7955e+16 2.10606e+14 4.2138e+12 9.9255e+10 2.33501e+09 5.48057e+07 1.22786e+06
1.12414e+06 5.01735e+07 2.13757e+09 9.08603e+10 3.85737e+12 1.92807e+14 1.64461e+16 5.72545e+16 1.16132e+17 1.83309e+17 2.47378e+17 2.97361e+17 3.24689e+17 3.24689e+17 2.97361e+17 2.47378e+17 1.83309e+17 1.16132e+17 5.72545e+16 1.64461e+16 1.92807e+14 3.85737e+12 9.08603e+10 2.13757e+09 5.01735e+07 1.12414e+06
934199 4.16887e+07 1.77585e+09 7.54781e+10 3.20415e+12 1.60185e+14 1.36836e+16 4.76427e+16 9.66417e+16 1.52552e+17 2.05879e+17 2.47483e+17 2.7023e+17 2.7023e+17 2.47483e+17 2.05879e+17 1.52552e+17 9.66417e+16 4.76427e+16 1.36836e+16 1.60185e+14 3.20415e+12 7.54781e+10 1.77585e+09 4.16887e+07 934199
690670 3.08038e+07 1.3116e+09 5.5729e+10 2.36528e+12 1.18288e+14 1.01381e+16 3.53072e+16 7.16284e+16 1.13077e+17 1.52614e+17 1.83461e+17 2.00328e+17 2.00328e+17 1.83461e+17 1.52614e+17 1.13077e+17 7.16284e+16 3.53072e+16 1.01381e+16 1.18288e+14 2.36528e+12 5.5729e+10 1.3116e+09 3.08038e+07 690670
436541 1.94281e+07 8.2578e+08 3.50427e+10 1.48608e+12 7.43592e+13 6.41711e+15 2.23598e+16 4.5372e+16 7.16372e+16 9.6693e+16 1.16243e+17 1.26933e+17 1.26933e+17 1.16243e+17 9.6693e+16 7.16372e+16 4.5372e+16 2.23598e+16 6.41711e+15 7.43592e+13 1.48608e+12 3.50427e+10 8.2578e+08 1.94281e+07 436541
218011 9.61219e+06 4.05093e+08 1.70731e+10 7.20538e+11 3.60397e+13 3.15583e+15 1.10076e+16 2.23459e+16 3.529e+16 4.76395e+16 5.72757e+16 6.25449e+16 6.25448e+16 5.72757e+16 4.76395e+16 3.529e+16 2.23459e+16 1.10076e+16 3.15583e+15 3.60397e+13 7.20538e+11 1.70731e+10 4.05093e+08 9.61219e+06 218011
73343.4 3.09648e+06 1.24525e+08 5.00946e+09 2.02627e+11 9.89288e+12 8.99736e+14 3.14664e+15 6.39465e+15 1.01043e+16 1.36442e+16 1.64064e+16 1.79168e+16 1.79168e+16 1.64064e+16 1.36442e+16 1.01043e+16 6.39465e+15 3.14664e+15 8.99737e+14 9.89288e+12 2.02627e+11 5.00946e+09 1.24525e+08 3.09648e+06 73343.4
12523.4 434348 1.31414e+07 3.44192e+08 6.70516e+09 9.53561e+10 9.43957e+12 3.43512e+13 7.09104e+13 1.12916e+14 1.53087e+14 1.84442e+14 2.01581e+14 2.01581e+14 1.84442e+14 1.53087e+14 1.12916e+14 7.09104e+13 3.43512e+13 9.43957e+12 9.53561e+10 6.70516e+09 3.44192e+08 1.31414e+07 434348 12523.4
1341.74 37836.6 882280 1.72615e+07 2.87564e+08 6.46752e+09 1.92194e+11 6.82933e+11 1.40941e+12 2.24574e+12 3.04589e+12 3.67055e+12 4.012e+12 4.012e+12 3.67055e+12 3.04589e+12 2.24574e+12 1.40941e+12 6.82933e+11 1.92194e+11 6.46752e+09 2.87564e+08 1.72615e+07 882280 37836.6 1341.74
108.366 2599.18 51656.7 930069 1.6828e+07 3.29573e+08 4.75244e+09 1.61856e+10 3.32414e+10 5.29211e+10 7.1759e+10 8.64674e+10 9.45082e+10 9.45082e+10 8.64674e+10 7.1759e+10 5.29211e+10 3.32414e+10 1.61856e+10 4.75244e+09 3.29573e+08 1.6828e+07 930069 51656.7 2599.18 108.366
7.43402 160.058 2926.1 50679.8 850900 1.25432e+07 1.18152e+08 3.84119e+08 7.83484e+08 1.24571e+09 1.68855e+09 2.0344e+09 2.22349e+09 2.22349e+09 2.0344e+09 1.68855e+09 1.24571e+09 7.83484e+08 3.84119e+08 1.18152e+08 1.25432e+07 850900 50679.8 2926.1 160.058 7.43402
0.460721 9.21154 157.643 2521.92 36301.9 413867 2.93832e+06 9.11635e+06 1.84364e+07 2.92609e+07 3.96439e+07 4.7756e+07 5.21919e+07 5.21919e+07 4.7756e+07 3.96439e+07 2.92609e+07 1.84364e+07 9.11635e+06 2.93832e+06 413867 36301.9 2521.92 157.643 9.21154 0.460721
0.0241733 0.455264 7.25003 104.501 1283.67 11921 69603.2 206803 414331 656171 888477 1.07006e+06 1.16938e+06 1.16938e+06 1.07006e+06 888477 656171 414331 206803 69603.2 11921 1283.67 104.501 7.25003 0.455264 0.0241733
