0.473341 8.95697 142.951 2060.13 25294.4 235115 1.37652e+06 4.10551e+06 8.25154e+06 1.30907e+07 1.77323e+07 2.13488e+07 2.33207e+07 2.33207e+07 2.13488e+07 1.77323e+07 1.30907e+07 8.25154e+06 4.10551e+06 1.37652e+06 235115 25294.4 2060.13 142.951 8.95697 0.473341
9.11813 183.587 3153.32 50403.4 723478 8.2367e+06 5.85713e+07 1.82426e+08 3.70158e+08 5.88545e+08 7.97654e+08 9.60433e+08 1.04914e+09 1.04914e+09 9.60433e+08 7.97654e+08 5.88545e+08 3.70158e+08 1.82426e+08 5.85713e+07 8.2367e+06 723478 50403.4 3153.32 183.587 9.11813
148.39 3226.14 59395.2 1.02932e+06 1.71869e+07 2.51966e+08 2.37232e+09 7.74348e+09 1.58505e+10 2.52488e+10 3.42338e+10 4.12221e+10 4.50286e+10 4.50286e+10 4.12221e+10 3.42338e+10 2.52488e+10 1.58505e+10 7.74348e+09 2.37232e+09 2.51966e+08 1.71869e+07 1.02932e+06 59395.2 3226.14 148.39
2173.3 52725.8 1.05957e+06 1.91991e+07 3.45677e+08 6.68431e+09 9.59649e+10 3.28219e+11 6.76662e+11 1.07935e+12 1.46384e+12 1.76266e+12 1.92534e+12 1.92534e+12 1.76266e+12 1.46384e+12 1.07935e+12 6.76662e+11 3.28219e+11 9.59649e+10 6.68431e+09 3.45677e+08 1.91991e+07 1.05957e+06 52725.8 2173.3
26957.4 768666 1.81461e+07 3.59612e+08 6.04115e+09 1.32999e+11 3.8964e+12 1.39096e+13 2.88251e+13 4.60214e+13 6.24253e+13 7.51647e+13 8.20963e+13 8.20963e+13 7.51647e+13 6.24253e+13 4.60214e+13 2.88251e+13 1.39096e+13 3.8964e+12 1.32999e+11 6.04115e+09 3.59612e+08 1.81461e+07 768666 26957.4
251793 8.81585e+06 2.69424e+08 7.13505e+09 1.41411e+11 2.05195e+12 1.92342e+14 7.03381e+14 1.45841e+15 2.32739e+15 3.15599e+15 3.7994e+15 4.14947e+15 4.14947e+15 3.7994e+15 3.15599e+15 2.32739e+15 1.45841e+15 7.03381e+14 1.92342e+14 2.05195e+12 1.41411e+11 7.13505e+09 2.69424e+08 8.81586e+06 251793
1.47648e+06 6.28263e+07 2.54477e+09 1.02947e+11 4.18024e+12 2.03755e+14 1.83427e+16 6.44518e+16 1.31582e+17 2.08574e+17 2.82116e+17 3.39447e+17 3.70751e+17 3.70751e+17 3.39447e+17 2.82116e+17 2.08574e+17 1.31582e+17 6.44518e+16 1.83427e+16 2.03755e+14 4.18024e+12 1.02947e+11 2.54477e+09 6.28263e+07 1.47648e+06
4.40308e+06 1.95664e+08 8.30613e+09 3.52103e+11 1.49234e+13 7.45942e+14 6.46782e+16 2.26592e+17 4.61997e+17 7.3181e+17 9.89477e+17 1.19035e+18 1.30004e+18 1.30004e+18 1.19035e+18 9.89477e+17 7.3181e+17 4.61997e+17 2.26592e+17 6.46782e+16 7.45942e+14 1.49234e+13 3.52103e+11 8.30613e+09 1.95664e+08 4.40308e+06
8.84262e+06 3.967e+08 1.69883e+10 7.25295e+11 3.08995e+13 1.54589e+15 1.32148e+17 4.62374e+17 9.42068e+17 1.49153e+18 2.01602e+18 2.42478e+18 2.64796e+18 2.64796e+18 2.42478e+18 2.01602e+18 1.49153e+18 9.42068e+17 4.62374e+17 1.32148e+17 1.54589e+15 3.08995e+13 7.25295e+11 1.69883e+10 3.967e+08 8.84262e+06
1.4013e+07 6.30033e+08 2.70297e+10 1.15554e+12 4.92724e+13 2.46436e+15 2.09437e+17 7.32314e+17 1.49135e+18 2.36025e+18 3.18924e+18 3.83507e+18 4.1876e+18 4.1876e+18 3.83507e+18 3.18924e+18 2.36025e+18 1.49135e+18 7.32314e+17 2.09437e+17 2.46436e+15 4.92724e+13 1.15554e+12 2.70297e+10 6.30033e+08 1.4013e+07
1.89599e+07 8.52872e+08 3.66035e+10 1.56518e+12 6.67471e+13 3.33757e+15 2.83124e+17 9.89642e+17 2.01476e+18 3.18763e+18 4.30611e+18 5.17713e+18 5.65247e+18 5.65247e+18 5.17713e+18 4.30611e+18 3.18763e+18 2.01476e+18 9.89642e+17 2.83124e+17 3.33757e+15 6.67471e+13 1.56518e+12 3.66035e+10 8.52872e+08 1.89599e+07
2.28053e+07 1.02592e+09 4.4031e+10 1.8827e+12 8.02806e+13 4.01372e+15 3.40457e+17 1.18988e+18 2.42193e+18 3.83105e+18 5.17432e+18 6.2201e+18 6.79071e+18 6.79071e+18 6.2201e+18 5.17432e+18 3.83105e+18 2.42193e+18 1.18988e+18 3.40457e+17 4.01372e+15 8.02806e+13 1.8827e+12 4.4031e+10 1.02592e+09 2.28053e+07
2.48985e+07 1.12006e+09 4.80693e+10 2.05523e+12 8.76297e+13 4.38085e+15 3.71717e+17 1.29907e+18 2.64394e+18 4.18179e+18 5.6475e+18 6.78842e+18 7.41087e+18 7.41087e+18 6.78842e+18 5.6475e+18 4.18179e+18 2.64394e+18 1.29907e+18 3.71717e+17 4.38085e+15 8.76297e+13 2.05523e+12 4.80693e+10 1.12006e+09 2.48985e+07
2.48985e+07 1.12006e+09 4.80693e+10 2.05523e+12 8.76297e+13 4.38085e+15 3.71717e+17 1.29907e+18 2.64394e+18 4.18179e+18 5.6475e+18 6.78842e+18 7.41087e+18 7.41087e+18 6.78842e+18 5.6475e+18 4.18179e+18 2.64394e+18 1.29907e+18 3.71717e+17 4.38085e+15 8.76297e+13 2.05523e+12 4.80693e+10 1.12006e+09 2.48985e+07
2.28053e+07 1.02592e+09 4.4031e+10 1.8827e+12 8.02806e+13 4.01372e+15 3.40457e+17 1.18988e+18 2.42193e+18 3.83105e+18 5.17432e+18 6.2201e+18 6.79071e+18 6.79071e+18 6.2201e+18 5.17432e+18 3.83105e+18 2.42193e+18 1.18988e+18 3.40457e+17 4.01372e+15 8.02806e+13 1.8827e+12 4.4031e+10 1.02592e+09 2.28053e+07
1.89599e+07 8.52872e+08 3.66035e+10 1.56518e+12 6.67471e+13 3.33757e+15 2.83124e+17 9.89642e+17 2.01476e+18 3.18763e+18 4.30611e+18 5.17713e+18 5.65247e+18 5.65247e+18 5.17713e+18 4.30611e+18 3.18763e+18 2.01476e+18 9.89642e+17 2.83124e+17 3.33757e+15 6.67471e+13 1.56518e+12 3.66035e+10 8.52872e+08 1.89599e+07
1.4013e+07 6.30033e+08 2.70297e+10 1.15554e+12 4.92724e+13 2.46436e+15 2.09437e+17 7.32314e+17 1.49135e+18 2.36025e+18 3.18924e+18 3.83507e+18 4.1876e+18 4.1876e+18 3.83507e+18 3.18924e+18 2.36025e+18 1.49135e+18 7.32314e+17 2.09437e+17 2.46436e+15 4.92724e+13 1.15554e+12 2.70297e+10 6.30033e+08 1.4013e+07
8.84262e+06 3.967e+08 1.69883e+10 7.25295e+11 3.08995e+13 1.54589e+15 1.32148e+17 4.62374e+17 9.42068e+17 1.49153e+18 2.01602e+18 2.42478e+18 2.64796e+18 2.64796e+18 2.42478e+18 2.01602e+18 1.49153e+18 9.42068e+17 4.62374e+17 1.32148e+17 1.54589e+15 3.08995e+13 7.25295e+11 1.69883e+10 3.967e+08 8.84262e+06
4.40308e+06 1.95664e+08 8.30613e+09 3.52103e+11 1.49234e+13 7.45942e+14 6.46782e+16 2.26592e+17 4.61997e+17 7.3181e+17 9.89477e+17 1.19035e+18 1.30004e+18 1.30004e+18 1.19035e+18 9.89477e+17 7.3181e+17 4.61997e+17 2.26592e+17 6.46782e+16 7.45942e+14 1.49234e+13 3.52103e+11 8.30613e+09 1.95664e+08 4.40308e+06
1.47648e+06 6.28263e+07 2.54477e+09 1.02947e+11 4.18024e+12 2.03755e+14 1.83427e+16 6.44518e+16 1.31582e+17 2.08574e+17 2.82116e+17 3.39447e+17 3.70751e+17 3.70751e+17 3.39447e+17 2.82116e+17 2.08574e+17 1.31582e+17 6.44518e+16 1.83427e+16 2.03755e+14 4.18024e+12 1.02947e+11 2.54477e+09 6.28263e+07 1.47648e+06
251793 8.81585e+06 2.69424e+08 7.13505e+09 1.41411e+11 2.05195e+12 1.92342e+14 7.03381e+14 1.45841e+15 2.32739e+15 3.15599e+15 3.7994e+15 4.14947e+15 4.14947e+15 3.7994e+15 3.15599e+15 2.32739e+15 1.45841e+15 7.03381e+14 1.92342e+14 2.05195e+12 1.41411e+11 7.13505e+09 2.69424e+08 8.81585e+06 251793
26957.4 768666 1.81461e+07 3.59612e+08 6.04115e+09 1.32999e+11 3.8964e+12 1.39096e+13 2.88251e+13 4.60214e+13 6.24253e+13 7.51647e+13 8.20963e+13 8.20963e+13 7.51647e+13 6.24253e+13 4.60214e+13 2.88251e+13 1.39096e+13 3.8964e+12 1.32999e+11 6.04115e+09 3.59612e+08 1.81461e+07 768666 26957.4
2173.3 52725.8 1.05957e+06 1.91991e+07 3.45677e+08 6.68431e+09 9.59649e+10 3.28219e+11 6.76662e+11 1.07935e+12 1.46384e+12 1.76266e+12 1.92534e+12 1.92534e+12 1.76266e+12 1.46384e+12 1.07935e+12 6.76662e+11 3.28219e+11 9.59649e+10 6.68431e+09 3.45677e+08 1.91991e+07 1.05957e+06 52725.8 2173.3
148.39 3226.14 59395.2 1.02932e+06 1.71869e+07 2.51966e+08 2.37232e+09 7.74348e+09 1.58505e+10 2.52488e+10 3.42338e+10 4.12221e+10 4.50286e+10 4.50286e+10 4.12221e+10 3.42338e+10 2.52488e+10 1.58505e+10 7.74348e+09 2.37232e+09 2.51966e+08 1.71869e+07 1.02932e+06 59395.2 3226.14 148.39
9.11813 183.587 3153.32 50403.4 723478 8.2367e+06 5.85713e+07 1.82426e+08 3.70158e+08 5.88545e+08 7.97654e+08 9.60433e+08 1.04914e+09 1.04914e+09 9.60433e+08 7.97654e+08 5.88545e+08 3.70158e+08 1.82426e+08 5.85713e+07 8.2367e+06 723478 50403.4 3153.32 183.587 9.11813
0.473341 8.95697 142.951 2060.13 25294.4 235115 1.37652e+06 4.10551e+06 8.25154e+06 1.30907e+07 1.77323e+07 2.13488e+07 2.33207e+07 2.33207e+07 2.13488e+07 1.77323e+07 1.30907e+07 8.25154e+06 4.10551e+06 1.37652e+06 235115 25294.4 2060.13 142.951 8.95697 0.473341
