26.608 491.09 7565.31 104590 1.23229e+06 1.10537e+07 6.27978e+07 1.81268e+08 3.50586e+08 5.34199e+08 6.97494e+08 8.16622e+08 8.78721e+08 8.78721e+08 8.16622e+08 6.97494e+08 5.34199e+08 3.50586e+08 1.81268e+08 6.27978e+07 1.10537e+07 1.23229e+06 104590 7565.31 491.09 26.6079
509.952 10081.3 168061 2.57578e+06 3.52597e+07 3.84979e+08 2.65057e+09 7.98067e+09 1.55551e+10 2.37075e+10 3.09161e+10 3.61527e+10 3.88748e+10 3.88748e+10 3.61527e+10 3.09161e+10 2.37075e+10 1.55551e+10 7.98067e+09 2.65057e+09 3.84979e+08 3.52597e+07 2.57578e+06 168061 10081.3 509.952
8189.42 176412 3.191e+06 5.34106e+07 8.45576e+08 1.17545e+10 1.06707e+11 3.36267e+11 6.59872e+11 1.00541e+12 1.30916e+12 1.52883e+12 1.64268e+12 1.64268e+12 1.52883e+12 1.30916e+12 1.00541e+12 6.59872e+11 3.36267e+11 1.06707e+11 1.17545e+10 8.45576e+08 5.34106e+07 3.191e+06 176412 8189.42
117189 2.836e+06 5.68338e+07 1.01627e+09 1.74652e+10 3.13765e+11 4.3026e+12 1.41861e+13 2.79783e+13 4.25918e+13 5.53657e+13 6.45627e+13 6.93151e+13 6.93151e+13 6.45627e+13 5.53657e+13 4.25918e+13 2.79783e+13 1.41861e+13 4.3026e+12 3.13765e+11 1.74652e+10 1.01627e+09 5.68338e+07 2.836e+06 117189
1.40936e+06 4.01207e+07 9.50887e+08 1.90472e+10 3.20123e+11 6.41554e+12 1.74609e+14 5.9987e+14 1.18655e+15 1.8038e+15 2.34047e+15 2.72514e+15 2.9233e+15 2.9233e+15 2.72514e+15 2.34047e+15 1.8038e+15 1.18655e+15 5.9987e+14 1.74609e+14 6.41554e+12 3.20123e+11 1.90472e+10 9.50887e+08 4.01207e+07 1.40936e+06
1.27243e+07 4.43342e+08 1.35478e+10 3.62224e+11 7.42931e+12 1.12725e+14 8.73189e+15 3.07008e+16 6.07497e+16 9.23361e+16 1.19839e+17 1.39596e+17 1.49793e+17 1.49793e+17 1.39596e+17 1.19839e+17 9.23361e+16 6.07497e+16 3.07008e+16 8.73189e+15 1.12725e+14 7.42931e+12 3.62224e+11 1.35478e+10 4.43342e+08 1.27243e+07
7.21295e+07 3.04375e+09 1.22508e+11 4.93856e+12 2.00366e+14 9.65694e+15 8.29132e+17 2.83881e+18 5.61355e+18 8.60835e+18 1.13056e+19 1.33086e+19 1.4368e+19 1.4368e+19 1.33086e+19 1.13056e+19 8.60835e+18 5.61355e+18 2.83881e+18 8.29132e+17 9.65694e+15 2.00366e+14 4.93856e+12 1.22508e+11 3.04375e+09 7.21295e+07
2.07878e+08 9.14904e+09 3.85358e+11 1.62513e+13 6.86959e+14 3.39777e+16 2.85016e+18 9.7363e+18 1.92261e+19 2.94521e+19 3.86496e+19 4.54729e+19 4.90796e+19 4.90796e+19 4.54729e+19 3.86496e+19 2.94521e+19 1.92261e+19 9.7363e+18 2.85016e+18 3.39777e+16 6.86959e+14 1.62513e+13 3.85358e+11 9.14904e+09 2.07878e+08
4.01607e+08 1.78121e+10 7.55325e+11 3.20132e+13 1.35716e+15 6.71604e+16 5.63289e+18 1.92161e+19 3.78744e+19 5.79013e+19 7.58423e+19 8.91068e+19 9.6102e+19 9.6102e+19 8.91068e+19 7.58423e+19 5.79013e+19 3.78744e+19 1.92161e+19 5.63289e+18 6.71604e+16 1.35716e+15 3.20132e+13 7.55325e+11 1.78121e+10 4.01607e+08
6.11392e+08 2.71224e+10 1.14976e+12 4.86868e+13 2.0611e+15 1.01919e+17 8.62086e+18 2.93795e+19 5.77895e+19 8.81413e+19 1.15201e+20 1.35123e+20 1.45599e+20 1.45599e+20 1.35123e+20 1.15201e+20 8.81413e+19 5.77895e+19 2.93795e+19 8.62086e+18 1.01919e+17 2.0611e+15 4.86868e+13 1.14976e+12 2.71224e+10 6.11392e+08
7.97707e+08 3.53432e+10 1.49597e+12 6.32389e+13 2.67215e+15 1.32063e+17 1.12958e+19 3.84667e+19 7.55254e+19 1.14942e+20 1.49921e+20 1.75568e+20 1.89017e+20 1.89017e+20 1.75568e+20 1.49921e+20 1.14942e+20 7.55254e+19 3.84667e+19 1.12958e+19 1.32063e+17 2.67215e+15 6.32389e+13 1.49597e+12 3.53432e+10 7.97707e+08
9.33471e+08 4.13077e+10 1.74604e+12 7.37025e+13 3.10954e+15 1.53638e+17 1.32712e+19 4.51716e+19 8.8567e+19 1.34566e+20 1.75239e+20 2.04966e+20 2.2052e+20 2.2052e+20 2.04966e+20 1.75239e+20 1.34566e+20 8.8567e+19 4.51716e+19 1.32712e+19 1.53638e+17 3.10954e+15 7.37025e+13 1.74604e+12 4.13077e+10 9.33471e+08
1.00419e+09 4.44057e+10 1.87554e+12 7.91046e+13 3.33465e+15 1.64743e+17 1.4312e+19 4.87021e+19 9.54183e+19 1.44845e+20 1.88463e+20 2.20287e+20 2.36918e+20 2.36918e+20 2.20287e+20 1.88463e+20 1.44845e+20 9.54183e+19 4.87021e+19 1.4312e+19 1.64743e+17 3.33465e+15 7.91046e+13 1.87554e+12 4.44057e+10 1.00419e+09
1.00419e+09 4.44057e+10 1.87554e+12 7.91046e+13 3.33465e+15 1.64743e+17 1.4312e+19 4.87021e+19 9.54183e+19 1.44845e+20 1.88463e+20 2.20287e+20 2.36918e+20 2.36918e+20 2.20287e+20 1.88463e+20 1.44845e+20 9.54183e+19 4.87021e+19 1.4312e+19 1.64743e+17 3.33465e+15 7.91046e+13 1.87554e+12 4.44057e+10 1.00419e+09
9.33471e+08 4.13077e+10 1.74604e+12 7.37025e+13 3.10954e+15 1.53638e+17 1.32712e+19 4.51716e+19 8.8567e+19 1.34566e+20 1.75239e+20 2.04966e+20 2.2052e+20 2.2052e+20 2.04966e+20 1.75239e+20 1.34566e+20 8.8567e+19 4.51716e+19 1.32712e+19 1.53638e+17 3.10954e+15 7.37025e+13 1.74604e+12 4.13077e+10 9.33471e+08
7.97707e+08 3.53432e+10 1.49597e+12 6.32389e+13 2.67215e+15 1.32063e+17 1.12958e+19 3.84667e+19 7.55254e+19 1.14942e+20 1.49921e+20 1.75568e+20 1.89017e+20 1.89017e+20 1.75568e+20 1.49921e+20 1.14942e+20 7.55254e+19 3.84667e+19 1.12958e+19 1.32063e+17 2.67215e+15 6.32389e+13 1.49597e+12 3.53432e+10 7.97707e+08
6.11392e+08 2.71224e+10 1.14976e+12 4.86868e+13 2.0611e+15 1.01919e+17 8.62086e+18 2.93795e+19 5.77895e+19 8.81413e+19 1.15201e+20 1.35123e+20 1.45599e+20 1.45599e+20 1.35123e+20 1.15201e+20 8.81413e+19 5.77895e+19 2.93795e+19 8.62086e+18 1.01919e+17 2.0611e+15 4.86868e+13 1.14976e+12 2.71224e+10 6.11392e+08
4.01607e+08 1.78121e+10 7.55325e+11 3.20132e+13 1.35716e+15 6.71604e+16 5.63289e+18 1.92161e+19 3.78744e+19 5.79013e+19 7.58423e+19 8.91068e+19 9.6102e+19 9.6102e+19 8.91068e+19 7.58423e+19 5.79013e+19 3.78744e+19 1.92161e+19 5.63289e+18 6.71604e+16 1.35716e+15 3.20132e+13 7.55325e+11 1.78121e+10 4.01607e+08
2.07878e+08 9.14904e+09 3.85358e+11 1.62513e+13 6.86959e+14 3.39777e+16 2.85016e+18 9.7363e+18 1.92261e+19 2.94521e+19 3.86496e+19 4.54729e+19 4.90796e+19 4.90796e+19 4.54729e+19 3.86496e+19 2.94521e+19 1.92261e+19 9.7363e+18 2.85016e+18 3.39777e+16 6.86959e+14 1.62513e+13 3.85358e+11 9.14904e+09 2.07878e+08
7.21295e+07 3.04375e+09 1.22508e+11 4.93856e+12 2.00366e+14 9.65694e+15 8.29132e+17 2.83881e+18 5.61355e+18 8.60835e+18 1.13056e+19 1.33086e+19 1.4368e+19 1.4368e+19 1.33086e+19 1.13056e+19 8.60835e+18 5.61355e+18 2.83881e+18 8.29132e+17 9.65694e+15 2.00366e+14 4.93856e+12 1.22508e+11 3.04375e+09 7.21295e+07
1.27243e+07 4.43342e+08 1.35478e+10 3.62224e+11 7.42931e+12 1.12725e+14 8.73189e+15 3.07008e+16 6.07497e+16 9.23361e+16 1.19839e+17 1.39596e+17 1.49793e+17 1.49793e+17 1.39596e+17 1.19839e+17 9.23361e+16 6.07497e+16 3.07008e+16 8.73189e+15 1.12725e+14 7.42931e+12 3.62224e+11 1.35478e+10 4.43342e+08 1.27243e+07
1.40936e+06 4.01207e+07 9.50887e+08 1.90472e+10 3.20123e+11 6.41554e+12 1.74609e+14 5.9987e+14 1.18655e+15 1.8038e+15 2.34047e+15 2.72514e+15 2.9233e+15 2.9233e+15 2.72514e+15 2.34047e+15 1.8038e+15 1.18655e+15 5.9987e+14 1.74609e+14 6.41554e+12 3.20123e+11 1.90472e+10 9.50887e+08 4.01207e+07 1.40936e+06
117189 2.836e+06 5.68338e+07 1.01627e+09 1.74652e+10 3.13765e+11 4.3026e+12 1.41861e+13 2.79783e+13 4.25918e+13 5.53657e+13 6.45627e+13 6.93151e+13 6.93151e+13 6.45627e+13 5.53657e+13 4.25918e+13 2.79783e+13 1.41861e+13 4.3026e+12 3.13765e+11 1.74652e+10 1.01627e+09 5.68338e+07 2.836e+06 117189
8189.42 176412 3.191e+06 5.34106e+07 8.45576e+08 1.17545e+10 1.06707e+11 3.36267e+11 6.59872e+11 1.00541e+12 1.30916e+12 1.52883e+12 1.64268e+12 1.64268e+12 1.52883e+12 1.30916e+12 1.00541e+12 6.59872e+11 3.36267e+11 1.06707e+11 1.17545e+10 8.45576e+08 5.34106e+07 3.191e+06 176412 8189.42
509.952 10081.3 168061 2.57578e+06 3.52597e+07 3.84979e+08 2.65057e+09 7.98067e+09 1.55551e+10 2.37075e+10 3.09161e+10 3.61527e+10 3.88748e+10 3.88748e+10 3.61527e+10 3.09161e+10 2.37075e+10 1.55551e+10 7.98067e+09 2.65057e+09 3.84979e+08 3.52597e+07 2.57578e+06 168061 10081.3 509.952
26.6079 491.09 7565.31 104590 1.23229e+06 1.10537e+07 6.27978e+07 1.81268e+08 3.50586e+08 5.34199e+08 6.97494e+08 8.16622e+08 8.78721e+08 8.78721e+08 8.16622e+08 6.97494e+08 5.34199e+08 3.50586e+08 1.81268e+08 6.27978e+07 1.10537e+07 1.23229e+06 104590 7565.31 491.09 26.6079
