1.69368 31.8095 502.638 7162.62 86991.1 801215 4.65593e+06 1.378e+07 2.74498e+07 4.31423e+07 5.7943e+07 6.93096e+07 7.54472e+07 7.54472e+07 6.93096e+07 5.7943e+07 4.31423e+07 2.74498e+07 1.378e+07 4.65593e+06 801215 86991.1 7162.62 502.638 31.8095 1.69368
32.568 651.819 11098.7 175354 2.48516e+06 2.79864e+07 1.97408e+08 6.09957e+08 1.22612e+09 1.93044e+09 2.59301e+09 3.10104e+09 3.3751e+09 3.3751e+09 3.10104e+09 2.59301e+09 1.93044e+09 1.22612e+09 6.09957e+08 1.97408e+08 2.79864e+07 2.48516e+06 175354 11098.7 651.819 32.568
528.056 11439.3 209468 3.59466e+06 5.91533e+07 8.55085e+08 7.97682e+09 2.5822e+10 5.23393e+10 8.25168e+10 1.10836e+11 1.32516e+11 1.442e+11 1.442e+11 1.32516e+11 1.10836e+11 8.25168e+10 5.23393e+10 2.5822e+10 7.97682e+09 8.55085e+08 5.91533e+07 3.59466e+06 209468 11439.3 528.056
7685.41 186126 3.73588e+06 6.74409e+07 1.19857e+09 2.2718e+10 3.22317e+11 1.09291e+12 2.23008e+12 3.51895e+12 4.72587e+12 5.64846e+12 6.14516e+12 6.14516e+12 5.64846e+12 4.72587e+12 3.51895e+12 2.23008e+12 1.09291e+12 3.22317e+11 2.2718e+10 1.19857e+09 6.74409e+07 3.73588e+06 186126 7685.41
94537 2.69135e+06 6.35778e+07 1.26398e+09 2.12438e+10 4.5546e+11 1.30845e+13 4.62905e+13 9.48994e+13 1.49809e+14 2.01134e+14 2.40311e+14 2.61381e+14 2.61381e+14 2.40311e+14 2.01134e+14 1.49809e+14 9.48994e+13 4.62905e+13 1.30845e+13 4.5546e+11 2.12438e+10 1.26398e+09 6.35778e+07 2.69135e+06 94537
875045 3.05588e+07 9.33383e+08 2.47848e+10 4.96252e+11 7.30079e+12 6.48139e+14 2.3483e+15 4.81655e+15 7.60025e+15 1.02019e+16 1.21881e+16 1.32566e+16 1.32566e+16 1.21881e+16 1.02019e+16 7.60025e+15 4.81655e+15 2.3483e+15 6.48139e+14 7.30079e+12 4.96252e+11 2.47848e+10 9.33383e+08 3.05588e+07 875045
5.08634e+06 2.15657e+08 8.71441e+09 3.52133e+11 1.42956e+13 6.94644e+14 6.17478e+16 2.15687e+17 4.37177e+17 6.87806e+17 9.24104e+17 1.10634e+18 1.20514e+18 1.20514e+18 1.10634e+18 9.24104e+17 6.87806e+17 4.37177e+17 2.15687e+17 6.17478e+16 6.94644e+14 1.42956e+13 3.52133e+11 8.71441e+09 2.15657e+08 5.08634e+06
1.50428e+07 6.65848e+08 2.81882e+10 1.19308e+12 5.05346e+13 2.51897e+15 2.16488e+17 7.54202e+17 1.52697e+18 2.40097e+18 3.22492e+18 3.86044e+18 4.20504e+18 4.20504e+18 3.86044e+18 3.22492e+18 2.40097e+18 1.52697e+18 7.54202e+17 2.16488e+17 2.51897e+15 5.05346e+13 1.19308e+12 2.81882e+10 6.65848e+08 1.50428e+07
2.99314e+07 1.33692e+09 5.70678e+10 2.43152e+12 1.03471e+14 5.16244e+15 4.3903e+17 1.52781e+18 3.09095e+18 4.85732e+18 6.52135e+18 7.80412e+18 8.49948e+18 8.49948e+18 7.80412e+18 6.52135e+18 4.85732e+18 3.09095e+18 1.52781e+18 4.3903e+17 5.16244e+15 1.03471e+14 2.43152e+12 5.70678e+10 1.33692e+09 2.99314e+07
4.69807e+07 2.10203e+09 8.98455e+10 3.83124e+12 1.63095e+14 8.13486e+15 6.90334e+17 2.40105e+18 4.85485e+18 7.62496e+18 1.02322e+19 1.22406e+19 1.33288e+19 1.33288e+19 1.22406e+19 1.02322e+19 7.62496e+18 4.85485e+18 2.40105e+18 6.90334e+17 8.13486e+15 1.63095e+14 3.83124e+12 8.98455e+10 2.10203e+09 4.69807e+07
6.30168e+07 2.81974e+09 1.20513e+11 5.13788e+12 2.18645e+14 1.09032e+16 9.26612e+17 3.22208e+18 6.51216e+18 1.0223e+19 1.37127e+19 1.63989e+19 1.78537e+19 1.78537e+19 1.63989e+19 1.37127e+19 1.0223e+19 6.51216e+18 3.22208e+18 9.26612e+17 1.09032e+16 2.18645e+14 5.13788e+12 1.20513e+11 2.81974e+09 6.30168e+07
7.53011e+07 3.36858e+09 1.43926e+11 6.13382e+12 2.60919e+14 1.30096e+16 1.10834e+18 3.85368e+18 7.78646e+18 1.22192e+19 1.6385e+19 1.95898e+19 2.13248e+19 2.13248e+19 1.95898e+19 1.6385e+19 1.22192e+19 7.78646e+18 3.85368e+18 1.10834e+18 1.30096e+16 2.60919e+14 6.13382e+12 1.43926e+11 3.36858e+09 7.53011e+07
8.19223e+07 3.66411e+09 1.56519e+11 6.6689e+12 2.83606e+14 1.41401e+16 1.20667e+18 4.19551e+18 8.47593e+18 1.32988e+19 1.78295e+19 2.13141e+19 2.32002e+19 2.32002e+19 2.13141e+19 1.78295e+19 1.32988e+19 8.47593e+18 4.19551e+18 1.20667e+18 1.41401e+16 2.83606e+14 6.6689e+12 1.56519e+11 3.66411e+09 8.19223e+07
8.19223e+07 3.66411e+09 1.56519e+11 6.6689e+12 2.83606e+14 1.41401e+16 1.20667e+18 4.19551e+18 8.47593e+18 1.32988e+19 1.78295e+19 2.13141e+19 2.32002e+19 2.32002e+19 2.13141e+19 1.78295e+19 1.32988e+19 8.47593e+18 4.19551e+18 1.20667e+18 1.41401e+16 2.83606e+14 6.6689e+12 1.56519e+11 3.66411e+09 8.19223e+07
7.53011e+07 3.36858e+09 1.43926e+11 6.13382e+12 2.60919e+14 1.30096e+16 1.10834e+18 3.85368e+18 7.78646e+18 1.22192e+19 1.6385e+19 1.95898e+19 2.13248e+19 2.13248e+19 1.95898e+19 1.6385e+19 1.22192e+19 7.78646e+18 3.85368e+18 1.10834e+18 1.30096e+16 2.60919e+14 6.13382e+12 1.43926e+11 3.36858e+09 7.53011e+07
6.30168e+07 2.81974e+09 1.20513e+11 5.13788e+12 2.18645e+14 1.09032e+16 9.26612e+17 3.22208e+18 6.51216e+18 1.0223e+19 1.37127e+19 1.63989e+19 1.78537e+19 1.78537e+19 1.63989e+19 1.37127e+19 1.0223e+19 6.51216e+18 3.22208e+18 9.26612e+17 1.09032e+16 2.18645e+14 5.13788e+12 1.20513e+11 2.81974e+09 6.30168e+07
4.69807e+07 2.10203e+09 8.98455e+10 3.83124e+12 1.63095e+14 8.13486e+15 6.90334e+17 2.40105e+18 4.85485e+18 7.62496e+18 1.02322e+19 1.22406e+19 1.33288e+19 1.33288e+19 1.22406e+19 1.02322e+19 7.62496e+18 4.85485e+18 2.40105e+18 6.90334e+17 8.13486e+15 1.63095e+14 3.83124e+12 8.98455e+10 2.10203e+09 4.69807e+07
2.99314e+07 1.33692e+09 5.70678e+10 2.43152e+12 1.03471e+14 5.16244e+15 4.3903e+17 1.52781e+18 3.09095e+18 4.85732e+18 6.52135e+18 7.80412e+18 8.49948e+18 8.49948e+18 7.80412e+18 6.52135e+18 4.85732e+18 3.09095e+18 1.52781e+18 4.3903e+17 5.16244e+15 1.03471e+14 2.43152e+12 5.70678e+10 1.33692e+09 2.99314e+07
1.50428e+07 6.65848e+08 2.81882e+10 1.19308e+12 5.05346e+13 2.51897e+15 2.16488e+17 7.54202e+17 1.52697e+18 2.40097e+18 3.22492e+18 3.86044e+18 4.20504e+18 4.20504e+18 3.86044e+18 3.22492e+18 2.40097e+18 1.52697e+18 7.54202e+17 2.16488e+17 2.51897e+15 5.05346e+13 1.19308e+12 2.81882e+10 6.65848e+08 1.50428e+07
5.08634e+06 2.15657e+08 8.71441e+09 3.52133e+11 1.42956e+13 6.94644e+14 6.17478e+16 2.15687e+17 4.37177e+17 6.87806e+17 9.24104e+17 1.10634e+18 1.20514e+18 1.20514e+18 1.10634e+18 9.24104e+17 6.87806e+17 4.37177e+17 2.15687e+17 6.17478e+16 6.94644e+14 1.42956e+13 3.52133e+11 8.71441e+09 2.15657e+08 5.08634e+06
875045 3.05588e+07 9.33383e+08 2.47848e+10 4.96252e+11 7.30079e+12 6.48139e+14 2.3483e+15 4.81655e+15 7.60025e+15 1.02019e+16 1.21881e+16 1.32566e+16 1.32566e+16 1.21881e+16 1.02019e+16 7.60025e+15 4.81655e+15 2.3483e+15 6.48139e+14 7.30079e+12 4.96252e+11 2.47848e+10 9.33383e+08 3.05588e+07 875045
94537 2.69135e+06 6.35778e+07 1.26398e+09 2.12438e+10 4.5546e+11 1.30845e+13 4.62905e+13 9.48994e+13 1.49809e+14 2.01134e+14 2.40311e+14 2.61381e+14 2.61381e+14 2.40311e+14 2.01134e+14 1.49809e+14 9.48994e+13 4.62905e+13 1.30845e+13 4.5546e+11 2.12438e+10 1.26398e+09 6.35778e+07 2.69135e+06 94537
7685.41 186126 3.73588e+06 6.74409e+07 1.19857e+09 2.2718e+10 3.22317e+11 1.09291e+12 2.23008e+12 3.51895e+12 4.72587e+12 5.64846e+12 6.14516e+12 6.14516e+12 5.64846e+12 4.72587e+12 3.51895e+12 2.23008e+12 1.09291e+12 3.22317e+11 2.2718e+10 1.19857e+09 6.74409e+07 3.73588e+06 186126 7685.41
528.056 11439.3 209468 3.59466e+06 5.91533e+07 8.55085e+08 7.97682e+09 2.5822e+10 5.23393e+10 8.25168e+10 1.10836e+11 1.32516e+11 1.442e+11 1.442e+11 1.32516e+11 1.10836e+11 8.25168e+10 5.23393e+10 2.5822e+10 7.97682e+09 8.55085e+08 5.91533e+07 3.59466e+06 209468 11439.3 528.056
32.568 651.819 11098.7 175354 2.48516e+06 2.79864e+07 1.97408e+08 6.09957e+08 1.22612e+09 1.93044e+09 2.59301e+09 3.10104e+09 3.3751e+09 3.3751e+09 3.10104e+09 2.59301e+09 1.93044e+09 1.22612e+09 6.09957e+08 1.97408e+08 2.79864e+07 2.48516e+06 175354 11098.7 651.819 32.568
1.69368 31.8095 502.638 7162.62 86991.1 801215 4.65593e+06 1.378e+07 2.74498e+07 4.31423e+07 5.7943e+07 6.93096e+07 7.54472e+07 7.54472e+07 6.93096e+07 5.7943e+07 4.31423e+07 2.74498e+07 1.378e+07 4.65593e+06 801215 86991.1 7162.62 502.638 31.8095 1.69368
