23.2239 428.914 6612.29 91481.7 1.07868e+06 9.68449e+06 5.50866e+07 1.59332e+08 3.08934e+08 4.71938e+08 6.17572e+08 7.24219e+08 7.79947e+08 7.79947e+08 7.24219e+08 6.17572e+08 4.71938e+08 3.08934e+08 1.59332e+08 5.50866e+07 9.68449e+06 1.07868e+06 91481.7 6612.29 428.914 23.2239
445.36 8810.09 146975 2.2542e+06 3.0879e+07 3.37413e+08 2.32564e+09 7.01693e+09 1.37124e+10 2.09548e+10 2.73894e+10 3.20818e+10 3.45271e+10 3.45271e+10 3.20818e+10 2.73894e+10 2.09548e+10 1.37124e+10 7.01693e+09 2.32564e+09 3.37413e+08 3.0879e+07 2.2542e+06 146975 8810.09 445.36
7156.79 154265 2.79238e+06 4.6771e+07 7.40921e+08 1.03061e+10 9.36448e+10 2.95738e+11 5.81932e+11 8.89125e+11 1.16051e+12 1.35755e+12 1.45993e+12 1.45993e+12 1.35755e+12 1.16051e+12 8.89125e+11 5.81932e+11 2.95738e+11 9.36448e+10 1.03061e+10 7.40921e+08 4.6771e+07 2.79238e+06 154265 7156.79
102480 2.4815e+06 4.97634e+07 8.90469e+08 1.53127e+10 2.75209e+11 3.77631e+12 1.24788e+13 2.46822e+13 3.76833e+13 4.91062e+13 5.7364e+13 6.16421e+13 6.16421e+13 5.7364e+13 4.91062e+13 3.76833e+13 2.46822e+13 1.24788e+13 3.77631e+12 2.75209e+11 1.53127e+10 8.90469e+08 4.97634e+07 2.4815e+06 102480
1.23333e+06 3.51271e+07 8.33022e+08 1.66974e+10 2.80842e+11 5.6299e+12 1.5325e+14 5.27737e+14 1.04705e+15 1.59657e+15 2.07688e+15 2.42259e+15 2.60114e+15 2.60114e+15 2.42259e+15 2.07688e+15 1.59657e+15 1.04705e+15 5.27737e+14 1.5325e+14 5.6299e+12 2.80842e+11 1.66974e+10 8.33022e+08 3.51271e+07 1.23333e+06
1.11443e+07 3.88434e+08 1.18747e+10 3.17632e+11 6.5187e+12 9.9003e+13 7.66261e+15 2.70059e+16 5.36015e+16 8.17161e+16 1.0632e+17 1.24063e+17 1.33242e+17 1.33242e+17 1.24063e+17 1.0632e+17 8.17161e+16 5.36015e+16 2.70059e+16 7.66261e+15 9.9003e+13 6.5187e+12 3.17632e+11 1.18747e+10 3.88434e+08 1.11443e+07
6.32465e+07 2.66952e+09 1.07466e+11 4.3326e+12 1.75777e+14 8.4698e+15 7.27387e+17 2.49468e+18 4.94359e+18 7.59672e+18 9.99397e+18 1.17784e+19 1.27235e+19 1.27235e+19 1.17784e+19 9.99397e+18 7.59672e+18 4.94359e+18 2.49468e+18 7.27387e+17 8.4698e+15 1.75777e+14 4.3326e+12 1.07466e+11 2.66952e+09 6.32465e+07
1.82648e+08 8.04088e+09 3.38769e+11 1.42893e+13 6.04085e+14 2.98739e+16 2.50491e+18 8.57108e+18 1.69611e+19 2.60357e+19 3.42236e+19 4.03116e+19 4.35339e+19 4.35339e+19 4.03116e+19 3.42236e+19 2.60357e+19 1.69611e+19 8.57108e+18 2.50491e+18 2.98739e+16 6.04085e+14 1.42893e+13 3.38769e+11 8.04088e+09 1.82648e+08
3.53762e+08 1.56961e+10 6.65853e+11 2.82306e+13 1.19712e+15 5.92353e+16 4.962e+18 1.69551e+19 3.34894e+19 5.13027e+19 6.73103e+19 7.91709e+19 8.54334e+19 8.54334e+19 7.91709e+19 6.73103e+19 5.13027e+19 3.34894e+19 1.69551e+19 4.962e+18 5.92353e+16 1.19712e+15 2.82306e+13 6.65853e+11 1.56961e+10 3.53762e+08
5.39961e+08 2.39654e+10 1.01644e+12 4.30613e+13 1.82367e+15 9.01728e+16 7.61131e+18 2.59809e+19 5.1213e+19 7.82694e+19 1.02463e+20 1.20311e+20 1.29706e+20 1.29706e+20 1.20311e+20 1.02463e+20 7.82694e+19 5.1213e+19 2.59809e+19 7.61131e+18 9.01728e+16 1.82367e+15 4.30613e+13 1.01644e+12 2.39654e+10 5.39961e+08
7.06114e+08 3.13029e+10 1.32574e+12 5.60734e+13 2.37052e+15 1.17148e+17 9.99159e+18 3.40793e+19 6.70519e+19 1.02249e+20 1.33571e+20 1.56579e+20 1.68656e+20 1.68656e+20 1.56579e+20 1.33571e+20 1.02249e+20 6.70519e+19 3.40793e+19 9.99159e+18 1.17148e+17 2.37052e+15 5.60734e+13 1.32574e+12 3.13029e+10 7.06114e+08
8.2766e+08 3.6648e+10 1.55007e+12 6.54694e+13 2.76366e+15 1.36534e+17 1.17541e+19 4.00698e+19 7.87271e+19 1.19847e+20 1.56303e+20 1.82994e+20 1.96971e+20 1.96971e+20 1.82994e+20 1.56303e+20 1.19847e+20 7.87271e+19 4.00698e+19 1.17541e+19 1.36534e+17 2.76366e+15 6.54694e+13 1.55007e+12 3.6648e+10 8.2766e+08
8.91132e+08 3.94316e+10 1.66655e+12 7.03335e+13 2.96655e+15 1.46539e+17 1.26841e+19 4.32289e+19 8.48692e+19 1.29078e+20 1.68191e+20 1.96775e+20 2.11725e+20 2.11725e+20 1.96775e+20 1.68191e+20 1.29078e+20 8.48692e+19 4.32289e+19 1.26841e+19 1.46539e+17 2.96655e+15 7.03335e+13 1.66655e+12 3.94316e+10 8.91132e+08
8.91132e+08 3.94316e+10 1.66655e+12 7.03335e+13 2.96655e+15 1.46539e+17 1.26841e+19 4.32289e+19 8.48692e+19 1.29078e+20 1.68191e+20 1.96775e+20 2.11725e+20 2.11725e+20 1.96775e+20 1.68191e+20 1.29078e+20 8.48692e+19 4.32289e+19 1.26841e+19 1.46539e+17 2.96655e+15 7.03335e+13 1.66655e+12 3.94316e+10 8.91132e+08
8.2766e+08 3.6648e+10 1.55007e+12 6.54694e+13 2.76366e+15 1.36534e+17 1.17541e+19 4.00698e+19 7.87271e+19 1.19847e+20 1.56303e+20 1.82994e+20 1.96971e+20 1.96971e+20 1.82994e+20 1.56303e+20 1.19847e+20 7.87271e+19 4.00698e+19 1.17541e+19 1.36534e+17 2.76366e+15 6.54694e+13 1.55007e+12 3.6648e+10 8.2766e+08
7.06114e+08 3.13029e+10 1.32574e+12 5.60734e+13 2.37052e+15 1.17148e+17 9.99159e+18 3.40793e+19 6.70519e+19 1.02249e+20 1.33571e+20 1.56579e+20 1.68656e+20 1.68656e+20 1.56579e+20 1.33571e+20 1.02249e+20 6.70519e+19 3.40793e+19 9.99159e+18 1.17148e+17 2.37052e+15 5.60734e+13 1.32574e+12 3.13029e+10 7.06114e+08
5.39961e+08 2.39654e+10 1.01644e+12 4.30613e+13 1.82367e+15 9.01728e+16 7.61131e+18 2.59809e+19 5.1213e+19 7.82694e+19 1.02463e+20 1.20311e+20 1.29706e+20 1.29706e+20 1.20311e+20 1.02463e+20 7.82694e+19 5.1213e+19 2.59809e+19 7.61131e+18 9.01728e+16 1.82367e+15 4.30613e+13 1.01644e+12 2.39654e+10 5.39961e+08
3.53762e+08 1.56961e+10 6.65853e+11 2.82306e+13 1.19712e+15 5.92353e+16 4.962e+18 1.69551e+19 3.34894e+19 5.13027e+19 6.73103e+19 7.91709e+19 8.54334e+19 8.54334e+19 7.91709e+19 6.73103e+19 5.13027e+19 3.34894e+19 1.69551e+19 4.962e+18 5.92353e+16 1.19712e+15 2.82306e+13 6.65853e+11 1.56961e+10 3.53762e+08
1.82648e+08 8.04088e+09 3.38769e+11 1.42893e+13 6.04085e+14 2.98739e+16 2.50491e+18 8.57108e+18 1.69611e+19 2.60357e+19 3.42236e+19 4.03116e+19 4.35339e+19 4.35339e+19 4.03116e+19 3.42236e+19 2.60357e+19 1.69611e+19 8.57108e+18 2.50491e+18 2.98739e+16 6.04085e+14 1.42893e+13 3.38769e+11 8.04088e+09 1.82648e+08
6.32465e+07 2.66952e+09 1.07466e+11 4.3326e+12 1.75777e+14 8.4698e+15 7.27387e+17 2.49468e+18 4.94359e+18 7.59672e+18 9.99397e+18 1.17784e+19 1.27235e+19 1.27235e+19 1.17784e+19 9.99397e+18 7.59672e+18 4.94359e+18 2.49468e+18 7.27387e+17 8.4698e+15 1.75777e+14 4.3326e+12 1.07466e+11 2.66952e+09 6.32465e+07
1.11443e+07 3.88434e+08 1.18747e+10 3.17632e+11 6.5187e+12 9.9003e+13 7.66261e+15 2.70059e+16 5.36015e+16 8.17161e+16 1.0632e+17 1.24063e+17 1.33242e+17 1.33242e+17 1.24063e+17 1.0632e+17 8.17161e+16 5.36015e+16 2.70059e+16 7.66261e+15 9.9003e+13 6.5187e+12 3.17632e+11 1.18747e+10 3.88434e+08 1.11443e+07
1.23333e+06 3.51271e+07 8.33022e+08 1.66974e+10 2.80842e+11 5.6299e+12 1.5325e+14 5.27737e+14 1.04705e+15 1.59657e+15 2.07688e+15 2.42259e+15 2.60114e+15 2.60114e+15 2.42259e+15 2.07688e+15 1.59657e+15 1.04705e+15 5.27737e+14 1.5325e+14 5.6299e+12 2.80842e+11 1.66974e+10 8.33022e+08 3.51271e+07 1.23333e+06
102480 2.4815e+06 4.97634e+07 8.90469e+08 1.53127e+10 2.75209e+11 3.77631e+12 1.24788e+13 2.46822e+13 3.76833e+13 4.91062e+13 5.7364e+13 6.16421e+13 6.16421e+13 5.7364e+13 4.91062e+13 3.76833e+13 2.46822e+13 1.24788e+13 3.77631e+12 2.75209e+11 1.53127e+10 8.90469e+08 4.97634e+07 2.4815e+06 102480
7156.79 154265 2.79238e+06 4.6771e+07 7.40921e+08 1.03061e+10 9.36448e+10 2.95738e+11 5.81932e+11 8.89125e+11 1.16051e+12 1.35755e+12 1.45993e+12 1.45993e+12 1.35755e+12 1.16051e+12 8.89125e+11 5.81932e+11 2.95738e+11 9.36448e+10 1.03061e+10 7.40921e+08 4.6771e+07 2.79238e+06 154265 7156.79
445.36 8810.09 146975 2.2542e+06 3.0879e+07 3.37413e+08 2.32564e+09 7.01693e+09 1.37124e+10 2.09548e+10 2.73894e+10 3.20818e+10 3.45271e+10 3.45271e+10 3.20818e+10 2.73894e+10 2.09548e+10 1.37124e+10 7.01693e+09 2.32564e+09 3.37413e+08 3.0879e+07 2.2542e+06 146975 8810.09 445.36
23.2239 428.914 6612.29 91481.7 1.07868e+06 9.68449e+06 5.50866e+07 1.59332e+08 3.08934e+08 4.71938e+08 6.17572e+08 7.24219e+08 7.79947e+08 7.79947e+08 7.24219e+08 6.17572e+08 4.71938e+08 3.08934e+08 1.59332e+08 5.50866e+07 9.68449e+06 1.07868e+06 91481.7 6612.29 428.914 23.2239
