4.41672e-06 8.23967e-05 0.00129453 0.0183713 0.222388 2.04156 11.8259 34.943 69.6639 109.86 148.273 178.196 194.532 194.532 178.196 148.273 109.86 69.6639 34.943 11.8259 2.04156 0.222388 0.0183713 0.00129453 8.23967e-05 4.41672e-06
8.41581e-05 0.00167107 0.0282643 0.444785 6.28992 70.6841 497.232 1533.66 3085.31 4874.75 6581.87 7910.88 8636.23 8636.23 7910.88 6581.87 4874.75 3085.31 1533.66 497.232 70.6841 6.28992 0.444785 0.0282643 0.00167107 8.41581e-05
0.00135317 0.0290415 0.52725 9.00277 148.002 2139.6 19926.7 64380.8 130583 206633 279076 335447 366208 366208 335447 279076 206633 130583 64380.8 19926.7 2139.6 148.002 9.00277 0.52725 0.0290415 0.00135317
0.0195731 0.469229 9.3187 166.847 2959.94 56319.2 799510 2.70504e+06 5.52262e+06 8.74789e+06 1.18169e+07 1.42043e+07 1.55069e+07 1.55069e+07 1.42043e+07 1.18169e+07 8.74789e+06 5.52262e+06 2.70504e+06 799510 56319.2 2959.94 166.847 9.3187 0.469229 0.0195731
0.239751 6.75785 157.879 3103.27 51691.4 1.11664e+06 3.22805e+07 1.13907e+08 2.33605e+08 3.70254e+08 5.002e+08 6.01261e+08 6.56398e+08 6.56398e+08 6.01261e+08 5.002e+08 3.70255e+08 2.33605e+08 1.13907e+08 3.22805e+07 1.11664e+06 51691.4 3103.27 157.879 6.75785 0.239751
2.21246 76.5639 2315.8 60875 1.20329e+06 1.74429e+07 1.59105e+09 5.74617e+09 1.17838e+10 1.86618e+10 2.51988e+10 3.02819e+10 3.30551e+10 3.30551e+10 3.02819e+10 2.51987e+10 1.86618e+10 1.17838e+10 5.74617e+09 1.59105e+09 1.74429e+07 1.20329e+06 60875 2315.8 76.5639 2.21246
12.8317 539.507 21620.5 867470 3.50254e+07 1.69916e+09 1.51585e+11 5.27325e+11 1.06614e+12 1.67709e+12 2.25682e+12 2.7075e+12 2.95341e+12 2.95341e+12 2.7075e+12 2.25682e+12 1.67709e+12 1.06614e+12 5.27325e+11 1.51585e+11 1.69916e+09 3.50254e+07 867470 21620.5 539.507 12.8317
37.9106 1663.9 69848.2 2.93478e+06 1.23582e+08 6.14419e+09 5.2934e+11 1.83709e+12 3.71095e+12 5.83504e+12 7.8504e+12 9.41711e+12 1.0272e+13 1.0272e+13 9.41711e+12 7.8504e+12 5.83504e+12 3.71095e+12 1.83709e+12 5.2934e+11 6.14419e+09 1.23582e+08 2.93478e+06 69848.2 1663.9 37.9106
75.5397 3345.47 141592 5.98813e+06 2.53294e+08 1.25974e+10 1.07129e+12 3.71477e+12 7.50156e+12 1.17936e+13 1.58658e+13 1.90314e+13 2.07589e+13 2.07589e+13 1.90314e+13 1.58658e+13 1.17936e+13 7.50156e+12 3.71477e+12 1.07129e+12 1.25974e+10 2.53294e+08 5.98813e+06 141592 3345.47 75.5397
119.043 5282.01 223887 9.47802e+06 4.01144e+08 1.99384e+10 1.6855e+12 5.84223e+12 1.1796e+13 1.85439e+13 2.4946e+13 2.9923e+13 3.26388e+13 3.26388e+13 2.9923e+13 2.4946e+13 1.85439e+13 1.1796e+13 5.84223e+12 1.6855e+12 1.99384e+10 4.01144e+08 9.47802e+06 223887 5282.01 119.043
160.555 7126.64 302156 1.27935e+07 5.41503e+08 2.69042e+10 2.26782e+12 7.85916e+12 1.58673e+13 2.49433e+13 3.35543e+13 4.02483e+13 4.39012e+13 4.39011e+13 4.02483e+13 3.35543e+13 2.49433e+13 1.58673e+13 7.85916e+12 2.26782e+12 2.69042e+10 5.41503e+08 1.27935e+07 302156 7126.64 160.555
192.85 8560.75 362974 1.53687e+07 6.50499e+08 3.23127e+10 2.72013e+12 9.4258e+12 1.90297e+13 2.99142e+13 4.02409e+13 4.82688e+13 5.26494e+13 5.26494e+13 4.82688e+13 4.02409e+13 2.99142e+13 1.90297e+13 9.4258e+12 2.72013e+12 3.23127e+10 6.50499e+08 1.53687e+07 362974 8560.75 192.85
210.464 9342.72 396129 1.67724e+07 7.09903e+08 3.52604e+10 2.96677e+12 1.02801e+13 2.07543e+13 3.2625e+13 4.38874e+13 5.26427e+13 5.74203e+13 5.74203e+13 5.26427e+13 4.38874e+13 3.2625e+13 2.07543e+13 1.02801e+13 2.96677e+12 3.52604e+10 7.09903e+08 1.67724e+07 396129 9342.72 210.464
210.464 9342.72 396129 1.67724e+07 7.09903e+08 3.52604e+10 2.96677e+12 1.02801e+13 2.07543e+13 3.2625e+13 4.38874e+13 5.26427e+13 5.74203e+13 5.74203e+13 5.26427e+13 4.38874e+13 3.2625e+13 2.07543e+13 1.02801e+13 2.96677e+12 3.52604e+10 7.09903e+08 1.67724e+07 396129 9342.72 210.464
192.85 8560.75 362974 1.53687e+07 6.50499e+08 3.23127e+10 2.72013e+12 9.4258e+12 1.90297e+13 2.99142e+13 4.02409e+13 4.82688e+13 5.26494e+13 5.26494e+13 4.82688e+13 4.02409e+13 2.99142e+13 1.90297e+13 9.4258e+12 2.72013e+12 3.23127e+10 6.50499e+08 1.53687e+07 362974 8560.75 192.85
160.555 7126.64 302156 1.27935e+07 5.41503e+08 2.69042e+10 2.26782e+12 7.85916e+12 1.58673e+13 2.49433e+13 3.35543e+13 4.02483e+13 4.39011e+13 4.39012e+13 4.02483e+13 3.35543e+13 2.49433e+13 1.58673e+13 7.85916e+12 2.26782e+12 2.69042e+10 5.41503e+08 1.27935e+07 302156 7126.64 160.555
119.043 5282.01 223887 9.47802e+06 4.01144e+08 1.99384e+10 1.6855e+12 5.84223e+12 1.1796e+13 1.85439e+13 2.4946e+13 2.9923e+13 3.26388e+13 3.26388e+13 2.9923e+13 2.4946e+13 1.85439e+13 1.1796e+13 5.84223e+12 1.6855e+12 1.99384e+10 4.01144e+08 9.47802e+06 223887 5282.01 119.043
75.5397 3345.47 141592 5.98813e+06 2.53294e+08 1.25974e+10 1.07129e+12 3.71477e+12 7.50156e+12 1.17936e+13 1.58658e+13 1.90314e+13 2.07589e+13 2.07589e+13 1.90314e+13 1.58658e+13 1.17936e+13 7.50156e+12 3.71477e+12 1.07129e+12 1.25974e+10 2.53294e+08 5.98813e+06 141592 3345.47 75.5397
37.9106 1663.9 69848.2 2.93478e+06 1.23582e+08 6.14419e+09 5.2934e+11 1.83709e+12 3.71095e+12 5.83504e+12 7.8504e+12 9.41711e+12 1.0272e+13 1.0272e+13 9.41711e+12 7.8504e+12 5.83504e+12 3.71095e+12 1.83709e+12 5.2934e+11 6.14419e+09 1.23582e+08 2.93478e+06 69848.2 1663.9 37.9106
12.8317 539.507 21620.5 867470 3.50254e+07 1.69916e+09 1.51585e+11 5.27325e+11 1.06614e+12 1.67709e+12 2.25682e+12 2.7075e+12 2.95341e+12 2.95341e+12 2.7075e+12 2.25682e+12 1.67709e+12 1.06614e+12 5.27325e+11 1.51585e+11 1.69916e+09 3.50254e+07 867470 21620.5 539.507 12.8317
2.21246 76.5639 2315.8 60875 1.20329e+06 1.74429e+07 1.59105e+09 5.74617e+09 1.17838e+10 1.86618e+10 2.51987e+10 3.02819e+10 3.30551e+10 3.30551e+10 3.02819e+10 2.51988e+10 1.86618e+10 1.17838e+10 5.74617e+09 1.59105e+09 1.74429e+07 1.20329e+06 60875 2315.8 76.5639 2.21246
0.239751 6.75785 157.879 3103.27 51691.4 1.11664e+06 3.22805e+07 1.13907e+08 2.33605e+08 3.70255e+08 5.002e+08 6.01261e+08 6.56398e+08 6.56398e+08 6.01261e+08 5.002e+08 3.70254e+08 2.33605e+08 1.13907e+08 3.22805e+07 1.11664e+06 51691.4 3103.27 157.879 6.75785 0.239751
0.0195731 0.469229 9.3187 166.847 2959.94 56319.2 799510 2.70504e+06 5.52262e+06 8.74789e+06 1.18169e+07 1.42043e+07 1.55069e+07 1.55069e+07 1.42043e+07 1.18169e+07 8.74789e+06 5.52262e+06 2.70504e+06 799510 56319.2 2959.94 166.847 9.3187 0.469229 0.0195731
0.00135317 0.0290415 0.52725 9.00277 148.002 2139.6 19926.7 64380.8 130583 206633 279076 335447 366208 366208 335447 279076 206633 130583 64380.8 19926.7 2139.6 148.002 9.00277 0.52725 0.0290415 0.00135317
8.41581e-05 0.00167107 0.0282643 0.444785 6.28992 70.6841 497.232 1533.66 3085.31 4874.75 6581.87 7910.88 8636.23 8636.23 7910.88 6581.87 4874.75 3085.31 1533.66 497.232 70.6841 6.28992 0.444785 0.0282643 0.00167107 8.41581e-05
4.41672e-06 8.23967e-05 0.00129453 0.0183713 0.222388 2.04156 11.8259 34.943 69.6639 109.86 148.273 178.196 194.532 194.532 178.196 148.273 109.86 69.6639 34.943 11.8259 2.04156 0.222388 0.0183713 0.00129453 8.23967e-05 4.41672e-06
