0.000121679 0.00226613 0.0355049 0.502165 6.05894 55.4806 320.834 946.848 1885.37 2969.58 4003.5 4807.48 5245.86 5245.86 4807.48 4003.5 2969.58 1885.37 946.848 320.834 55.4806 6.05894 0.502165 0.0355049 0.00226613 0.000121679
0.00231975 0.0460171 0.776606 12.178 171.523 1921.19 13487.6 41548.6 83478.2 131726 177653 213341 232795 232795 213341 177653 131726 83478.2 41548.6 13487.6 1921.19 171.523 12.178 0.776606 0.0460171 0.00231975
0.0372873 0.800265 14.5152 247.132 4043.23 58181.6 540458 1.74386e+06 3.53239e+06 5.58215e+06 7.53023e+06 9.04317e+06 9.86771e+06 9.86771e+06 9.04317e+06 7.53023e+06 5.58215e+06 3.53239e+06 1.74386e+06 540458 58181.6 4043.23 247.132 14.5152 0.800265 0.0372873
0.538578 12.9206 256.76 4594.14 81148.7 1.53322e+06 2.16834e+07 7.32628e+07 1.49368e+08 2.36273e+08 3.1877e+08 3.82815e+08 4.17713e+08 4.17713e+08 3.82815e+08 3.1877e+08 2.36273e+08 1.49368e+08 7.32628e+07 2.16834e+07 1.53322e+06 81148.7 4594.14 256.76 12.9206 0.538578
6.58218 185.668 4343.19 85530.1 1.42558e+06 3.04974e+07 8.75484e+08 3.08489e+09 6.3176e+09 9.99872e+09 1.34905e+10 1.62005e+10 1.7677e+10 1.7677e+10 1.62005e+10 1.34905e+10 9.99872e+09 6.3176e+09 3.08489e+09 8.75484e+08 3.04974e+07 1.42558e+06 85530.1 4343.19 185.668 6.58218
60.5909 2097.41 63484.3 1.67143e+06 3.31774e+07 4.83507e+08 4.32026e+10 1.55793e+11 3.19027e+11 5.0451e+11 6.80366e+11 8.16834e+11 8.91184e+11 8.91184e+11 8.16834e+11 6.80366e+11 5.0451e+11 3.19027e+11 1.55793e+11 4.32026e+10 4.83507e+08 3.31774e+07 1.67143e+06 63484.3 2097.41 60.5909
350.653 14740.5 590641 2.36963e+07 9.56752e+08 4.63505e+10 4.11536e+12 1.43034e+13 2.88915e+13 4.54053e+13 6.10506e+13 7.31975e+13 7.98198e+13 7.98198e+13 7.31975e+13 6.10506e+13 4.54053e+13 2.88915e+13 1.43034e+13 4.11536e+12 4.63505e+10 9.56752e+08 2.36963e+07 590641 14740.5 350.653
1034.52 45393.7 1.90518e+06 8.00373e+07 3.37006e+09 1.67347e+11 1.43604e+13 4.97966e+13 1.00501e+14 1.57884e+14 2.12248e+14 2.54456e+14 2.77469e+14 2.77469e+14 2.54456e+14 2.12248e+14 1.57884e+14 1.00501e+14 4.97966e+13 1.43604e+13 1.67347e+11 3.37006e+09 8.00373e+07 1.90518e+06 45393.7 1034.52
2058.63 91144.2 3.85656e+06 1.63067e+08 6.89667e+09 3.42601e+11 2.90362e+13 1.00605e+14 2.02985e+14 3.18843e+14 4.28602e+14 5.13822e+14 5.60286e+14 5.60286e+14 5.13822e+14 4.28602e+14 3.18843e+14 2.02985e+14 1.00605e+14 2.90362e+13 3.42601e+11 6.89667e+09 1.63067e+08 3.85656e+06 91144.2 2058.63
3240.02 143711 6.08954e+06 2.57729e+08 1.09059e+10 5.41442e+11 4.56396e+13 1.58075e+14 3.18899e+14 5.00889e+14 6.73297e+14 8.07161e+14 8.80148e+14 8.80148e+14 8.07161e+14 6.73297e+14 5.00889e+14 3.18899e+14 1.58075e+14 4.56396e+13 5.41442e+11 1.09059e+10 2.57729e+08 6.08954e+06 143711 3240.02
4364.91 193670 8.20831e+06 3.47439e+08 1.47023e+10 7.29643e+11 6.13544e+13 2.12471e+14 4.28612e+14 6.73195e+14 9.04901e+14 1.08481e+15 1.1829e+15 1.1829e+15 1.08481e+15 9.04901e+14 6.73196e+14 4.28612e+14 2.12471e+14 6.13544e+13 7.29642e+11 1.47023e+10 3.47439e+08 8.20831e+06 193670 4364.91
5238.45 232438 9.85142e+06 4.16978e+08 1.76442e+10 8.75464e+11 7.35434e+13 2.54665e+14 5.13718e+14 8.06858e+14 1.08456e+15 1.30019e+15 1.41775e+15 1.41775e+15 1.30019e+15 1.08456e+15 8.06858e+14 5.13718e+14 2.54665e+14 7.35434e+13 8.75464e+11 1.76442e+10 4.16978e+08 9.85142e+06 232438 5238.45
5714.31 253550 1.0746e+07 4.54831e+08 1.92453e+10 9.54826e+11 8.0184e+13 2.77654e+14 5.60089e+14 8.79688e+14 1.18246e+15 1.41754e+15 1.54572e+15 1.54572e+15 1.41754e+15 1.18246e+15 8.79688e+14 5.60089e+14 2.77654e+14 8.0184e+13 9.54826e+11 1.92453e+10 4.54831e+08 1.0746e+07 253550 5714.31
5714.31 253550 1.0746e+07 4.54831e+08 1.92453e+10 9.54826e+11 8.0184e+13 2.77654e+14 5.60089e+14 8.79688e+14 1.18246e+15 1.41754e+15 1.54572e+15 1.54572e+15 1.41754e+15 1.18246e+15 8.79688e+14 5.60089e+14 2.77654e+14 8.0184e+13 9.54826e+11 1.92453e+10 4.54831e+08 1.0746e+07 253550 5714.31
5238.45 232438 9.85142e+06 4.16978e+08 1.76442e+10 8.75464e+11 7.35434e+13 2.54665e+14 5.13718e+14 8.06858e+14 1.08456e+15 1.30019e+15 1.41775e+15 1.41775e+15 1.30019e+15 1.08456e+15 8.06858e+14 5.13718e+14 2.54665e+14 7.35434e+13 8.75464e+11 1.76442e+10 4.16978e+08 9.85142e+06 232438 5238.45
4364.91 193670 8.20831e+06 3.47439e+08 1.47023e+10 7.29642e+11 6.13544e+13 2.12471e+14 4.28612e+14 6.73196e+14 9.04901e+14 1.08481e+15 1.1829e+15 1.1829e+15 1.08481e+15 9.04901e+14 6.73195e+14 4.28612e+14 2.12471e+14 6.13544e+13 7.29643e+11 1.47023e+10 3.47439e+08 8.20831e+06 193670 4364.91
3240.02 143711 6.08954e+06 2.57729e+08 1.09059e+10 5.41442e+11 4.56396e+13 1.58075e+14 3.18899e+14 5.00889e+14 6.73297e+14 8.07161e+14 8.80148e+14 8.80148e+14 8.07161e+14 6.73297e+14 5.00889e+14 3.18899e+14 1.58075e+14 4.56396e+13 5.41442e+11 1.09059e+10 2.57729e+08 6.08954e+06 143711 3240.02
2058.63 91144.2 3.85656e+06 1.63067e+08 6.89667e+09 3.42601e+11 2.90362e+13 1.00605e+14 2.02985e+14 3.18843e+14 4.28602e+14 5.13822e+14 5.60286e+14 5.60286e+14 5.13822e+14 4.28602e+14 3.18843e+14 2.02985e+14 1.00605e+14 2.90362e+13 3.42601e+11 6.89667e+09 1.63067e+08 3.85656e+06 91144.2 2058.63
1034.52 45393.7 1.90518e+06 8.00373e+07 3.37006e+09 1.67347e+11 1.43604e+13 4.97966e+13 1.00501e+14 1.57884e+14 2.12248e+14 2.54456e+14 2.77469e+14 2.77469e+14 2.54456e+14 2.12248e+14 1.57884e+14 1.00501e+14 4.97966e+13 1.43604e+13 1.67347e+11 3.37006e+09 8.00373e+07 1.90518e+06 45393.7 1034.52
350.653 14740.5 590641 2.36963e+07 9.56752e+08 4.63505e+10 4.11536e+12 1.43034e+13 2.88915e+13 4.54053e+13 6.10506e+13 7.31975e+13 7.98198e+13 7.98198e+13 7.31975e+13 6.10506e+13 4.54053e+13 2.88915e+13 1.43034e+13 4.11536e+12 4.63505e+10 9.56752e+08 2.36963e+07 590641 14740.5 350.653
60.5909 2097.41 63484.3 1.67143e+06 3.31774e+07 4.83507e+08 4.32026e+10 1.55793e+11 3.19027e+11 5.0451e+11 6.80366e+11 8.16834e+11 8.91184e+11 8.91184e+11 8.16834e+11 6.80366e+11 5.0451e+11 3.19027e+11 1.55793e+11 4.32026e+10 4.83507e+08 3.31774e+07 1.67143e+06 63484.3 2097.41 60.5909
6.58218 185.668 4343.19 85530.1 1.42558e+06 3.04974e+07 8.75484e+08 3.08489e+09 6.3176e+09 9.99872e+09 1.34905e+10 1.62005e+10 1.7677e+10 1.7677e+10 1.62005e+10 1.34905e+10 9.99872e+09 6.3176e+09 3.08489e+09 8.75484e+08 3.04974e+07 1.42558e+06 85530.1 4343.19 185.668 6.58218
0.538578 12.9206 256.76 4594.14 81148.7 1.53322e+06 2.16834e+07 7.32628e+07 1.49368e+08 2.36273e+08 3.1877e+08 3.82815e+08 4.17713e+08 4.17713e+08 3.82815e+08 3.1877e+08 2.36273e+08 1.49368e+08 7.32628e+07 2.16834e+07 1.53322e+06 81148.7 4594.14 256.76 12.9206 0.538578
0.0372873 0.800265 14.5152 247.132 4043.23 58181.6 540458 1.74386e+06 3.53239e+06 5.58215e+06 7.53023e+06 9.04317e+06 9.86771e+06 9.86771e+06 9.04317e+06 7.53023e+06 5.58215e+06 3.53239e+06 1.74386e+06 540458 58181.6 4043.23 247.132 14.5152 0.800265 0.0372873
0.00231975 0.0460171 0.776606 12.178 171.523 1921.19 13487.6 41548.6 83478.2 131726 177653 213341 232795 232795 213341 177653 131726 83478.2 41548.6 13487.6 1921.19 171.523 12.178 0.776606 0.0460171 0.00231975
0.000121679 0.00226613 0.0355049 0.502165 6.05894 55.4806 320.834 946.848 1885.37 2969.58 4003.5 4807.48 5245.86 5245.86 4807.48 4003.5 2969.58 1885.37 946.848 320.834 55.4806 6.05894 0.502165 0.0355049 0.00226613 0.000121679
