0.0314408 0.582989 9.0576 126.688 1512.06 13737.5 79143.5 233505 465217 733201 988940 1.18787e+06 1.29636e+06 1.29636e+06 1.18787e+06 988940 733201 465217 233505 79143.5 13737.5 1512.06 126.688 9.0576 0.582989 0.0314408
0.602065 11.9256 200.016 3099.9 43050.1 476816 3.32924e+06 1.0251e+07 2.06059e+07 3.2533e+07 4.38928e+07 5.27219e+07 5.75349e+07 5.75349e+07 5.27219e+07 4.38928e+07 3.2533e+07 2.06059e+07 1.0251e+07 3.32924e+06 476816 43050.1 3099.9 200.016 11.9256 0.602065
9.69044 208.467 3776.79 63723.2 1.0246e+06 1.44939e+07 1.33513e+08 4.30521e+08 8.72439e+08 1.37934e+09 1.86129e+09 2.23561e+09 2.4396e+09 2.4396e+09 2.23561e+09 1.86129e+09 1.37934e+09 8.72439e+08 4.30521e+08 1.33513e+08 1.44939e+07 1.0246e+06 63723.2 3776.79 208.467 9.69044
139.532 3364.15 67185 1.20198e+06 2.091e+07 3.84428e+08 5.36087e+09 1.80991e+10 3.69148e+10 5.84163e+10 7.88323e+10 9.46805e+10 1.03315e+11 1.03315e+11 9.46805e+10 7.88323e+10 5.84163e+10 3.69148e+10 1.80991e+10 5.36087e+09 3.84428e+08 2.091e+07 1.20198e+06 67185 3364.15 139.532
1694.25 48025.7 1.13166e+06 2.25046e+07 3.76931e+08 7.76367e+09 2.16584e+11 7.62541e+11 1.56222e+12 2.47338e+12 3.33777e+12 4.0085e+12 4.37384e+12 4.37384e+12 4.0085e+12 3.33777e+12 2.47338e+12 1.56222e+12 7.62541e+11 2.16584e+11 7.76367e+09 3.76931e+08 2.25046e+07 1.13166e+06 48025.7 1694.25
15482 537439 1.63424e+07 4.33781e+08 8.77272e+09 1.30842e+11 1.07425e+13 3.86927e+13 7.92531e+13 1.25364e+14 1.69081e+14 2.02997e+14 2.2147e+14 2.2147e+14 2.02997e+14 1.69081e+14 1.25364e+14 7.92531e+13 3.86927e+13 1.07425e+13 1.30842e+11 8.77272e+09 4.33781e+08 1.63424e+07 537439 15482
89096.2 3.74736e+06 1.50259e+08 6.03241e+09 2.43677e+11 1.17365e+13 1.02205e+15 3.55119e+15 7.17533e+15 1.12797e+16 1.51686e+16 1.81876e+16 1.98332e+16 1.98332e+16 1.81876e+16 1.51686e+16 1.12797e+16 7.17533e+15 3.55119e+15 1.02205e+15 1.17365e+13 2.43677e+11 6.03241e+09 1.50259e+08 3.74736e+06 89096.2
262591 1.15253e+07 4.83935e+08 2.03401e+10 8.56775e+11 4.23271e+13 3.56843e+15 1.23694e+16 2.49695e+16 3.92336e+16 5.27466e+16 6.32363e+16 6.89543e+16 6.89543e+16 6.32363e+16 5.27466e+16 3.92336e+16 2.49695e+16 1.23694e+16 3.56843e+15 4.23271e+13 8.56775e+11 2.03401e+10 4.83935e+08 1.15253e+07 262591
522698 2.31464e+07 9.79765e+08 4.14461e+10 1.75357e+12 8.66802e+13 7.2199e+15 2.50037e+16 5.04531e+16 7.92566e+16 1.06539e+17 1.27716e+17 1.3926e+17 1.3926e+17 1.27716e+17 1.06539e+17 7.92566e+16 5.04531e+16 2.50037e+16 7.2199e+15 8.66802e+13 1.75357e+12 4.14461e+10 9.79765e+08 2.31464e+07 522698
823121 3.65135e+07 1.5477e+09 6.55293e+10 2.77384e+12 1.37034e+14 1.13535e+16 3.9301e+16 7.92845e+16 1.24529e+17 1.67379e+17 2.00637e+17 2.18765e+17 2.18765e+17 2.00637e+17 1.67379e+17 1.24529e+17 7.92845e+16 3.9301e+16 1.13535e+16 1.37034e+14 2.77384e+12 6.55293e+10 1.5477e+09 3.65135e+07 823121
1.10943e+06 4.9227e+07 2.08689e+09 8.83623e+10 3.74022e+12 1.84702e+14 1.52666e+16 5.28342e+16 1.06571e+17 1.67371e+17 2.24948e+17 2.69633e+17 2.93989e+17 2.93989e+17 2.69633e+17 2.24948e+17 1.67371e+17 1.06571e+17 5.28342e+16 1.52666e+16 1.84702e+14 3.74022e+12 8.83623e+10 2.08689e+09 4.9227e+07 1.10943e+06
1.33188e+06 5.90962e+07 2.50514e+09 1.06064e+11 4.48908e+12 2.21632e+14 1.83016e+16 6.33302e+16 1.27733e+17 2.00594e+17 2.69589e+17 3.23132e+17 3.52315e+17 3.52315e+17 3.23132e+17 2.69589e+17 2.00594e+17 1.27733e+17 6.33302e+16 1.83016e+16 2.21632e+14 4.48908e+12 1.06064e+11 2.50514e+09 5.90962e+07 1.33188e+06
1.45309e+06 6.44717e+07 2.73288e+09 1.15699e+11 4.89661e+12 2.41728e+14 1.99548e+16 6.9048e+16 1.39261e+17 2.18692e+17 2.93904e+17 3.52272e+17 3.84084e+17 3.84084e+17 3.52272e+17 2.93904e+17 2.18692e+17 1.39261e+17 6.9048e+16 1.99548e+16 2.41728e+14 4.89661e+12 1.15699e+11 2.73288e+09 6.44717e+07 1.45309e+06
1.45309e+06 6.44717e+07 2.73288e+09 1.15699e+11 4.89661e+12 2.41728e+14 1.99548e+16 6.9048e+16 1.39261e+17 2.18692e+17 2.93904e+17 3.52272e+17 3.84084e+17 3.84084e+17 3.52272e+17 2.93904e+17 2.18692e+17 1.39261e+17 6.9048e+16 1.99548e+16 2.41728e+14 4.89661e+12 1.15699e+11 2.73288e+09 6.44717e+07 1.45309e+06
1.33188e+06 5.90962e+07 2.50514e+09 1.06064e+11 4.48908e+12 2.21632e+14 1.83016e+16 6.33302e+16 1.27733e+17 2.00594e+17 2.69589e+17 3.23132e+17 3.52315e+17 3.52315e+17 3.23132e+17 2.69589e+17 2.00594e+17 1.27733e+17 6.33302e+16 1.83016e+16 2.21632e+14 4.48908e+12 1.06064e+11 2.50514e+09 5.90962e+07 1.33188e+06
1.10943e+06 4.9227e+07 2.08689e+09 8.83623e+10 3.74022e+12 1.84702e+14 1.52666e+16 5.28342e+16 1.06571e+17 1.67371e+17 2.24948e+17 2.69633e+17 2.93989e+17 2.93989e+17 2.69633e+17 2.24948e+17 1.67371e+17 1.06571e+17 5.28342e+16 1.52666e+16 1.84702e+14 3.74022e+12 8.83623e+10 2.08689e+09 4.9227e+07 1.10943e+06
823121 3.65135e+07 1.5477e+09 6.55293e+10 2.77384e+12 1.37034e+14 1.13535e+16 3.9301e+16 7.92845e+16 1.24529e+17 1.67379e+17 2.00637e+17 2.18765e+17 2.18765e+17 2.00637e+17 1.67379e+17 1.24529e+17 7.92845e+16 3.9301e+16 1.13535e+16 1.37034e+14 2.77384e+12 6.55293e+10 1.5477e+09 3.65135e+07 823121
522698 2.31464e+07 9.79765e+08 4.14461e+10 1.75357e+12 8.66802e+13 7.2199e+15 2.50037e+16 5.04531e+16 7.92566e+16 1.06539e+17 1.27716e+17 1.3926e+17 1.3926e+17 1.27716e+17 1.06539e+17 7.92566e+16 5.04531e+16 2.50037e+16 7.2199e+15 8.66802e+13 1.75357e+12 4.14461e+10 9.79765e+08 2.31464e+07 522698
262591 1.15253e+07 4.83935e+08 2.03401e+10 8.56775e+11 4.23271e+13 3.56843e+15 1.23694e+16 2.49695e+16 3.92336e+16 5.27466e+16 6.32363e+16 6.89543e+16 6.89543e+16 6.32363e+16 5.27466e+16 3.92336e+16 2.49695e+16 1.23694e+16 3.56843e+15 4.23271e+13 8.56775e+11 2.03401e+10 4.83935e+08 1.15253e+07 262591
89096.2 3.74736e+06 1.50259e+08 6.03241e+09 2.43677e+11 1.17365e+13 1.02205e+15 3.55119e+15 7.17533e+15 1.12797e+16 1.51686e+16 1.81876e+16 1.98332e+16 1.98332e+16 1.81876e+16 1.51686e+16 1.12797e+16 7.17533e+15 3.55119e+15 1.02205e+15 1.17365e+13 2.43677e+11 6.03241e+09 1.50259e+08 3.74736e+06 89096.2
15482 537439 1.63424e+07 4.33781e+08 8.77272e+09 1.30842e+11 1.07425e+13 3.86927e+13 7.92531e+13 1.25364e+14 1.69081e+14 2.02997e+14 2.2147e+14 2.2147e+14 2.02997e+14 1.69081e+14 1.25364e+14 7.92531e+13 3.86927e+13 1.07425e+13 1.30842e+11 8.77272e+09 4.33781e+08 1.63424e+07 537439 15482
1694.25 48025.7 1.13166e+06 2.25046e+07 3.76931e+08 7.76367e+09 2.16584e+11 7.62541e+11 1.56222e+12 2.47338e+12 3.33777e+12 4.0085e+12 4.37384e+12 4.37384e+12 4.0085e+12 3.33777e+12 2.47338e+12 1.56222e+12 7.62541e+11 2.16584e+11 7.76367e+09 3.76931e+08 2.25046e+07 1.13166e+06 48025.7 1694.25
139.532 3364.15 67185 1.20198e+06 2.091e+07 3.84428e+08 5.36087e+09 1.80991e+10 3.69148e+10 5.84163e+10 7.88323e+10 9.46805e+10 1.03315e+11 1.03315e+11 9.46805e+10 7.88323e+10 5.84163e+10 3.69148e+10 1.80991e+10 5.36087e+09 3.84428e+08 2.091e+07 1.20198e+06 67185 3364.15 139.532
9.69044 208.467 3776.79 63723.2 1.0246e+06 1.44939e+07 1.33513e+08 4.30521e+08 8.72439e+08 1.37934e+09 1.86129e+09 2.23561e+09 2.4396e+09 2.4396e+09 2.23561e+09 1.86129e+09 1.37934e+09 8.72439e+08 4.30521e+08 1.33513e+08 1.44939e+07 1.0246e+06 63723.2 3776.79 208.467 9.69044
0.602065 11.9256 200.016 3099.9 43050.1 476816 3.32924e+06 1.0251e+07 2.06059e+07 3.2533e+07 4.38928e+07 5.27219e+07 5.75349e+07 5.75349e+07 5.27219e+07 4.38928e+07 3.2533e+07 2.06059e+07 1.0251e+07 3.32924e+06 476816 43050.1 3099.9 200.016 11.9256 0.602065
0.0314408 0.582989 9.0576 126.688 1512.06 13737.5 79143.5 233505 465217 733201 988940 1.18787e+06 1.29636e+06 1.29636e+06 1.18787e+06 988940 733201 465217 233505 79143.5 13737.5 1512.06 126.688 9.0576 0.582989 0.0314408
