0.000249554 0.00470055 0.0749229 1.08151 13.306 123.75 723.782 2157.47 4342.79 6915.54 9414.48 11387.4 12473.9 12473.9 11387.4 9414.48 6915.54 4342.79 2157.47 723.782 123.75 13.306 1.08151 0.0749229 0.00470055 0.000249554
0.00475005 0.0949196 1.62505 26.0345 375.481 4288.3 30497 94927.7 192897 307893 419480 507571 556088 556088 507571 419480 307893 192897 94927.7 30497 4288.3 375.481 26.0345 1.62505 0.0949196 0.00475005
0.0765953 1.64687 30.0888 521.616 8778.56 129722 1.22413e+06 3.99281e+06 8.18416e+06 1.3089e+07 1.78451e+07 2.16e+07 2.36684e+07 2.36684e+07 2.16e+07 1.78451e+07 1.3089e+07 8.18416e+06 3.99281e+06 1.22413e+06 129722 8778.56 521.616 30.0888 1.64687 0.0765953
1.11686 26.7355 530.393 9543.27 173021 3.40155e+06 4.91605e+07 1.67987e+08 3.4675e+08 5.554e+08 7.57651e+08 9.1736e+08 1.00535e+09 1.00535e+09 9.1736e+08 7.57651e+08 5.554e+08 3.4675e+08 1.67987e+08 4.91605e+07 3.40155e+06 173021 9543.27 530.393 26.7355 1.11686
13.8432 389.552 9062.56 176872 2.94274e+06 6.65522e+07 1.98536e+09 7.07859e+09 1.46848e+10 2.35465e+10 3.2137e+10 3.89227e+10 4.26624e+10 4.26624e+10 3.89227e+10 3.2137e+10 2.35465e+10 1.46848e+10 7.07859e+09 1.98536e+09 6.65522e+07 2.94274e+06 176872 9062.56 389.552 13.8432
129.409 4479.36 135243 3.53379e+06 6.85825e+07 9.71143e+08 9.73296e+10 3.55346e+11 7.37245e+11 1.18123e+12 1.61133e+12 1.95096e+12 2.1381e+12 2.1381e+12 1.95096e+12 1.61133e+12 1.18123e+12 7.37245e+11 3.55346e+11 9.73296e+10 9.71143e+08 6.85825e+07 3.53379e+06 135243 4479.36 129.409
759.515 32003.9 1.28468e+06 5.15964e+07 2.08401e+09 1.01702e+11 9.27345e+12 3.24829e+13 6.61861e+13 1.04931e+14 1.42172e+14 1.71426e+14 1.87495e+14 1.87495e+14 1.71426e+14 1.42172e+14 1.04931e+14 6.61861e+13 3.24829e+13 9.27345e+12 1.01702e+11 2.08401e+09 5.15964e+07 1.28468e+06 32003.9 759.515
2265.87 99712.4 4.19475e+06 1.76514e+08 7.43923e+09 3.71822e+11 3.2581e+13 1.138e+14 2.31587e+14 3.66885e+14 4.96863e+14 5.98926e+14 6.54979e+14 6.54979e+14 5.98926e+14 4.96863e+14 3.66885e+14 2.31587e+14 1.138e+14 3.2581e+13 3.71822e+11 7.43923e+09 1.76514e+08 4.19475e+06 99712.4 2265.87
4560.48 202598 8.59713e+06 3.64308e+08 1.5431e+10 7.71399e+11 6.64478e+13 2.31807e+14 4.7149e+14 7.46713e+14 1.01106e+15 1.2186e+15 1.33257e+15 1.33257e+15 1.2186e+15 1.01106e+15 7.46713e+14 4.7149e+14 2.31807e+14 6.64478e+13 7.71399e+11 1.5431e+10 3.64308e+08 8.59713e+06 202598 4560.48
7258.62 323213 1.37424e+07 5.83215e+08 2.47296e+10 1.23537e+12 1.05375e+14 3.67344e+14 7.46942e+14 1.18274e+15 1.60125e+15 1.92981e+15 2.11023e+15 2.11023e+15 1.92981e+15 1.60125e+15 1.18274e+15 7.46942e+14 3.67344e+14 1.05375e+14 1.23537e+12 2.47296e+10 5.83215e+08 1.37424e+07 323213 7258.62
9875.66 440084 1.87242e+07 7.95082e+08 3.37294e+10 1.68415e+12 1.42772e+14 4.97493e+14 1.01139e+15 1.6013e+15 2.16776e+15 2.61243e+15 2.85661e+15 2.85661e+15 2.61243e+15 2.16776e+15 1.6013e+15 1.01139e+15 4.97493e+14 1.42772e+14 1.68415e+12 3.37294e+10 7.95082e+08 1.87242e+07 440084 9875.66
11939.1 532222 2.26518e+07 9.62145e+08 4.0828e+10 2.03804e+12 1.72131e+14 5.99633e+14 1.2189e+15 1.92971e+15 2.61223e+15 3.14799e+15 3.44219e+15 3.44219e+15 3.14799e+15 2.61223e+15 1.92971e+15 1.2189e+15 5.99633e+14 1.72131e+14 2.03804e+12 4.0828e+10 9.62145e+08 2.26518e+07 532222 11939.1
13074.4 582919 2.48132e+07 1.0541e+09 4.4736e+10 2.23284e+12 1.88251e+14 6.55705e+14 1.33281e+15 2.10998e+15 2.8562e+15 3.44196e+15 3.7636e+15 3.7636e+15 3.44196e+15 2.8562e+15 2.10998e+15 1.33281e+15 6.55705e+14 1.88251e+14 2.23284e+12 4.4736e+10 1.0541e+09 2.48132e+07 582919 13074.4
13074.4 582919 2.48132e+07 1.0541e+09 4.4736e+10 2.23284e+12 1.88251e+14 6.55705e+14 1.33281e+15 2.10998e+15 2.8562e+15 3.44196e+15 3.7636e+15 3.7636e+15 3.44196e+15 2.8562e+15 2.10998e+15 1.33281e+15 6.55705e+14 1.88251e+14 2.23284e+12 4.4736e+10 1.0541e+09 2.48132e+07 582919 13074.4
11939.1 532222 2.26518e+07 9.62145e+08 4.0828e+10 2.03804e+12 1.72131e+14 5.99633e+14 1.2189e+15 1.92971e+15 2.61223e+15 3.14799e+15 3.44219e+15 3.44219e+15 3.14799e+15 2.61223e+15 1.92971e+15 1.2189e+15 5.99633e+14 1.72131e+14 2.03804e+12 4.0828e+10 9.62145e+08 2.26518e+07 532222 11939.1
9875.66 440084 1.87242e+07 7.95082e+08 3.37294e+10 1.68415e+12 1.42772e+14 4.97493e+14 1.01139e+15 1.6013e+15 2.16776e+15 2.61243e+15 2.85661e+15 2.85661e+15 2.61243e+15 2.16776e+15 1.6013e+15 1.01139e+15 4.97493e+14 1.42772e+14 1.68415e+12 3.37294e+10 7.95082e+08 1.87242e+07 440084 9875.66
7258.62 323213 1.37424e+07 5.83215e+08 2.47296e+10 1.23537e+12 1.05375e+14 3.67344e+14 7.46942e+14 1.18274e+15 1.60125e+15 1.92981e+15 2.11023e+15 2.11023e+15 1.92981e+15 1.60125e+15 1.18274e+15 7.46942e+14 3.67344e+14 1.05375e+14 1.23537e+12 2.47296e+10 5.83215e+08 1.37424e+07 323213 7258.62
4560.48 202598 8.59713e+06 3.64308e+08 1.5431e+10 7.71399e+11 6.64478e+13 2.31807e+14 4.7149e+14 7.46713e+14 1.01106e+15 1.2186e+15 1.33257e+15 1.33257e+15 1.2186e+15 1.01106e+15 7.46713e+14 4.7149e+14 2.31807e+14 6.64478e+13 7.71399e+11 1.5431e+10 3.64308e+08 8.59713e+06 202598 4560.48
2265.87 99712.4 4.19475e+06 1.76514e+08 7.43923e+09 3.71822e+11 3.2581e+13 1.138e+14 2.31587e+14 3.66885e+14 4.96863e+14 5.98926e+14 6.54979e+14 6.54979e+14 5.98926e+14 4.96863e+14 3.66885e+14 2.31587e+14 1.138e+14 3.2581e+13 3.71822e+11 7.43923e+09 1.76514e+08 4.19475e+06 99712.4 2265.87
759.515 32003.9 1.28468e+06 5.15964e+07 2.08401e+09 1.01702e+11 9.27345e+12 3.24829e+13 6.61861e+13 1.04931e+14 1.42172e+14 1.71426e+14 1.87495e+14 1.87495e+14 1.71426e+14 1.42172e+14 1.04931e+14 6.61861e+13 3.24829e+13 9.27345e+12 1.01702e+11 2.08401e+09 5.15964e+07 1.28468e+06 32003.9 759.515
129.409 4479.36 135243 3.53379e+06 6.85825e+07 9.71143e+08 9.73296e+10 3.55346e+11 7.37245e+11 1.18123e+12 1.61133e+12 1.95096e+12 2.1381e+12 2.1381e+12 1.95096e+12 1.61133e+12 1.18123e+12 7.37245e+11 3.55346e+11 9.73296e+10 9.71143e+08 6.85825e+07 3.53379e+06 135243 4479.36 129.409
13.8432 389.552 9062.56 176872 2.94274e+06 6.65522e+07 1.98536e+09 7.07859e+09 1.46848e+10 2.35465e+10 3.2137e+10 3.89227e+10 4.26624e+10 4.26624e+10 3.89227e+10 3.2137e+10 2.35465e+10 1.46848e+10 7.07859e+09 1.98536e+09 6.65522e+07 2.94274e+06 176872 9062.56 389.552 13.8432
1.11686 26.7355 530.393 9543.27 173021 3.40155e+06 4.91605e+07 1.67987e+08 3.4675e+08 5.554e+08 7.57651e+08 9.1736e+08 1.00535e+09 1.00535e+09 9.1736e+08 7.57651e+08 5.554e+08 3.4675e+08 1.67987e+08 4.91605e+07 3.40155e+06 173021 9543.27 530.393 26.7355 1.11686
0.0765953 1.64687 30.0888 521.616 8778.56 129722 1.22413e+06 3.99281e+06 8.18416e+06 1.3089e+07 1.78451e+07 2.16e+07 2.36684e+07 2.36684e+07 2.16e+07 1.78451e+07 1.3089e+07 8.18416e+06 3.99281e+06 1.22413e+06 129722 8778.56 521.616 30.0888 1.64687 0.0765953
0.00475005 0.0949196 1.62505 26.0345 375.481 4288.3 30497 94927.7 192897 307893 419480 507571 556088 556088 507571 419480 307893 192897 94927.7 30497 4288.3 375.481 26.0345 1.62505 0.0949196 0.00475005
0.000249554 0.00470055 0.0749229 1.08151 13.306 123.75 723.782 2157.47 4342.79 6915.54 9414.48 11387.4 12473.9 12473.9 11387.4 9414.48 6915.54 4342.79 2157.47 723.782 123.75 13.306 1.08151 0.0749229 0.00470055 0.000249554
