0.00632496 0.118321 1.85937 26.3365 318.22 2922.57 16995.8 50627.7 101894 162128 220406 266210 291346 291346 266210 220406 162128 101894 50627.7 16995.8 2922.57 318.22 26.3365 1.85937 0.118321 0.00632497
0.121686 2.42821 41.1429 645.745 9090.09 101906 718553 2.23468e+06 4.54013e+06 7.24016e+06 9.84888e+06 1.18982e+07 1.30225e+07 1.30225e+07 1.18982e+07 9.84888e+06 7.24016e+06 4.54013e+06 2.23468e+06 718553 101906 9090.09 645.745 41.1429 2.42821 0.121686
1.97188 42.6515 778.562 13281.1 216692 3.10962e+06 2.89498e+07 9.43315e+07 1.93323e+08 3.08879e+08 4.20398e+08 5.07969e+08 5.56008e+08 5.56008e+08 5.07969e+08 4.20398e+08 3.08879e+08 1.93323e+08 9.43315e+07 2.89498e+07 3.10962e+06 216692 13281.1 778.562 42.6515 1.97188
28.6411 693.302 13905.9 250356 4.41215e+06 8.26247e+07 1.16649e+09 3.98185e+09 8.21847e+09 1.31499e+10 1.79053e+10 2.16385e+10 2.36862e+10 2.36862e+10 2.16385e+10 1.79053e+10 1.31499e+10 8.21847e+09 3.98185e+09 1.16649e+09 8.26247e+07 4.41215e+06 250356 13905.9 693.302 28.6411
351.289 9995.19 236183 4.70201e+06 7.89761e+07 1.66325e+09 4.723e+10 1.68239e+11 3.49032e+11 5.59038e+11 7.61462e+11 9.2035e+11 1.00749e+12 1.00749e+12 9.2035e+11 7.61462e+11 5.59038e+11 3.49032e+11 1.68239e+11 4.723e+10 1.66325e+09 7.89761e+07 4.70201e+06 236183 9995.19 351.289
3243.73 113097 3.45106e+06 9.17039e+07 1.84612e+09 2.73327e+10 2.33885e+12 8.52757e+12 1.76926e+13 2.83154e+13 3.85471e+13 4.65752e+13 5.09773e+13 5.09773e+13 4.65752e+13 3.85471e+13 2.83154e+13 1.76926e+13 8.52757e+12 2.33885e+12 2.73327e+10 1.84612e+09 9.17039e+07 3.45106e+06 113097 3243.73
18857.7 797186 3.21144e+07 1.29388e+09 5.23825e+10 2.5318e+12 2.2291e+14 7.81232e+14 1.59364e+15 2.5275e+15 3.42335e+15 4.12509e+15 4.50969e+15 4.50969e+15 4.12509e+15 3.42335e+15 2.5275e+15 1.59364e+15 7.81232e+14 2.2291e+14 2.5318e+12 5.23825e+10 1.29388e+09 3.21144e+07 797186 18857.7
56135.4 2.47743e+06 1.04563e+08 4.41312e+09 1.86435e+11 9.24427e+12 7.84999e+14 2.74333e+15 5.589e+15 8.85758e+15 1.19918e+16 1.44464e+16 1.57916e+16 1.57916e+16 1.44464e+16 1.19918e+16 8.85758e+15 5.589e+15 2.74333e+15 7.84999e+14 9.24427e+12 1.86435e+11 4.41312e+09 1.04563e+08 2.47743e+06 56135.4
112898 5.02966e+06 2.14133e+08 9.10171e+09 3.86483e+11 1.91796e+13 1.60395e+15 5.59827e+15 1.13984e+16 1.80575e+16 2.44411e+16 2.94397e+16 3.21788e+16 3.21788e+16 2.94397e+16 2.44411e+16 1.80575e+16 1.13984e+16 5.59827e+15 1.60395e+15 1.91796e+13 3.86483e+11 9.10171e+09 2.14133e+08 5.02966e+06 112898
179508 8.01488e+06 3.41868e+08 1.45518e+10 6.1853e+11 3.06828e+13 2.54548e+15 8.87813e+15 1.80695e+16 2.86187e+16 3.87289e+16 4.66444e+16 5.09815e+16 5.09815e+16 4.66444e+16 3.87289e+16 2.86187e+16 1.80695e+16 8.87813e+15 2.54548e+15 3.06828e+13 6.1853e+11 1.45518e+10 3.41868e+08 8.01488e+06 179508
243871 1.08953e+07 4.64972e+08 1.97998e+10 8.41867e+11 4.1748e+13 3.4483e+15 1.2022e+16 2.44624e+16 3.8737e+16 5.24151e+16 6.31226e+16 6.89892e+16 6.89892e+16 6.31226e+16 5.24151e+16 3.8737e+16 2.44624e+16 1.2022e+16 3.4483e+15 4.1748e+13 8.41867e+11 1.97998e+10 4.64972e+08 1.08953e+07 243871
294401 1.31554e+07 5.6152e+08 2.39145e+10 1.01694e+12 5.04194e+13 4.15507e+15 1.44828e+16 2.94655e+16 4.66545e+16 6.31232e+16 7.60141e+16 8.30765e+16 8.30765e+16 7.60141e+16 6.31232e+16 4.66545e+16 2.94655e+16 1.44828e+16 4.15507e+15 5.04194e+13 1.01694e+12 2.39145e+10 5.6152e+08 1.31554e+07 294401
322108 1.43943e+07 6.14439e+08 2.61694e+10 1.11287e+12 5.51699e+13 4.54223e+15 1.58308e+16 3.22058e+16 5.09908e+16 6.89874e+16 8.30736e+16 9.07906e+16 9.07906e+16 8.30736e+16 6.89874e+16 5.09908e+16 3.22058e+16 1.58308e+16 4.54223e+15 5.51699e+13 1.11287e+12 2.61694e+10 6.14439e+08 1.43943e+07 322108
322108 1.43943e+07 6.14439e+08 2.61694e+10 1.11287e+12 5.51699e+13 4.54223e+15 1.58308e+16 3.22058e+16 5.09908e+16 6.89874e+16 8.30736e+16 9.07906e+16 9.07906e+16 8.30736e+16 6.89874e+16 5.09908e+16 3.22058e+16 1.58308e+16 4.54223e+15 5.51699e+13 1.11287e+12 2.61694e+10 6.14439e+08 1.43943e+07 322108
294401 1.31554e+07 5.6152e+08 2.39145e+10 1.01694e+12 5.04194e+13 4.15507e+15 1.44828e+16 2.94655e+16 4.66545e+16 6.31232e+16 7.60141e+16 8.30765e+16 8.30765e+16 7.60141e+16 6.31232e+16 4.66545e+16 2.94655e+16 1.44828e+16 4.15507e+15 5.04194e+13 1.01694e+12 2.39145e+10 5.6152e+08 1.31554e+07 294401
243871 1.08953e+07 4.64972e+08 1.97998e+10 8.41867e+11 4.1748e+13 3.4483e+15 1.2022e+16 2.44624e+16 3.8737e+16 5.24151e+16 6.31226e+16 6.89892e+16 6.89892e+16 6.31226e+16 5.24151e+16 3.8737e+16 2.44624e+16 1.2022e+16 3.4483e+15 4.1748e+13 8.41867e+11 1.97998e+10 4.64972e+08 1.08953e+07 243871
179508 8.01488e+06 3.41868e+08 1.45518e+10 6.1853e+11 3.06828e+13 2.54548e+15 8.87813e+15 1.80695e+16 2.86187e+16 3.87289e+16 4.66444e+16 5.09815e+16 5.09815e+16 4.66444e+16 3.87289e+16 2.86187e+16 1.80695e+16 8.87813e+15 2.54548e+15 3.06828e+13 6.1853e+11 1.45518e+10 3.41868e+08 8.01488e+06 179508
112898 5.02966e+06 2.14133e+08 9.10171e+09 3.86483e+11 1.91796e+13 1.60395e+15 5.59827e+15 1.13984e+16 1.80575e+16 2.44411e+16 2.94397e+16 3.21788e+16 3.21788e+16 2.94397e+16 2.44411e+16 1.80575e+16 1.13984e+16 5.59827e+15 1.60395e+15 1.91796e+13 3.86483e+11 9.10171e+09 2.14133e+08 5.02966e+06 112898
56135.4 2.47743e+06 1.04563e+08 4.41312e+09 1.86435e+11 9.24427e+12 7.84999e+14 2.74333e+15 5.589e+15 8.85758e+15 1.19918e+16 1.44464e+16 1.57916e+16 1.57916e+16 1.44464e+16 1.19918e+16 8.85758e+15 5.589e+15 2.74333e+15 7.84999e+14 9.24427e+12 1.86435e+11 4.41312e+09 1.04563e+08 2.47743e+06 56135.4
18857.7 797186 3.21144e+07 1.29388e+09 5.23825e+10 2.5318e+12 2.2291e+14 7.81232e+14 1.59364e+15 2.5275e+15 3.42335e+15 4.12509e+15 4.50969e+15 4.50969e+15 4.12509e+15 3.42335e+15 2.5275e+15 1.59364e+15 7.81232e+14 2.2291e+14 2.5318e+12 5.23825e+10 1.29388e+09 3.21144e+07 797186 18857.7
3243.73 113097 3.45106e+06 9.17039e+07 1.84612e+09 2.73327e+10 2.33885e+12 8.52757e+12 1.76926e+13 2.83154e+13 3.85471e+13 4.65752e+13 5.09773e+13 5.09773e+13 4.65752e+13 3.85471e+13 2.83154e+13 1.76926e+13 8.52757e+12 2.33885e+12 2.73327e+10 1.84612e+09 9.17039e+07 3.45106e+06 113097 3243.73
351.289 9995.19 236183 4.70201e+06 7.89761e+07 1.66325e+09 4.723e+10 1.68239e+11 3.49032e+11 5.59038e+11 7.61462e+11 9.2035e+11 1.00749e+12 1.00749e+12 9.2035e+11 7.61462e+11 5.59038e+11 3.49032e+11 1.68239e+11 4.723e+10 1.66325e+09 7.89761e+07 4.70201e+06 236183 9995.19 351.289
28.6411 693.302 13905.9 250356 4.41215e+06 8.26247e+07 1.16649e+09 3.98185e+09 8.21847e+09 1.31499e+10 1.79053e+10 2.16385e+10 2.36862e+10 2.36862e+10 2.16385e+10 1.79053e+10 1.31499e+10 8.21847e+09 3.98185e+09 1.16649e+09 8.26247e+07 4.41215e+06 250356 13905.9 693.302 28.6411
1.97188 42.6515 778.562 13281.1 216692 3.10962e+06 2.89498e+07 9.43315e+07 1.93323e+08 3.08879e+08 4.20398e+08 5.07969e+08 5.56008e+08 5.56008e+08 5.07969e+08 4.20398e+08 3.08879e+08 1.93323e+08 9.43315e+07 2.89498e+07 3.10962e+06 216692 13281.1 778.562 42.6515 1.97188
0.121686 2.42821 41.1429 645.745 9090.09 101906 718553 2.23468e+06 4.54013e+06 7.24016e+06 9.84888e+06 1.18982e+07 1.30225e+07 1.30225e+07 1.18982e+07 9.84888e+06 7.24016e+06 4.54013e+06 2.23468e+06 718553 101906 9090.09 645.745 41.1429 2.42821 0.121686
0.00632496 0.118321 1.85937 26.3365 318.22 2922.57 16995.8 50627.7 101894 162128 220406 266210 291346 291346 266210 220406 162128 101894 50627.7 16995.8 2922.57 318.22 26.3365 1.85937 0.118321 0.00632497
