0.35468 6.72377 107.561 1554.12 19130.8 178253 1.04618e+06 3.13051e+06 6.3172e+06 1.00643e+07 1.3685e+07 1.65234e+07 1.80775e+07 1.80775e+07 1.65234e+07 1.3685e+07 1.00643e+07 6.3172e+06 3.13051e+06 1.04618e+06 178253 19130.8 1554.12 107.561 6.72376 0.35468
6.83877 137.901 2373.54 38037.5 547506 6.24941e+06 4.45481e+07 1.39219e+08 2.83672e+08 4.53027e+08 6.1644e+08 7.4447e+08 8.14542e+08 8.14542e+08 7.4447e+08 6.1644e+08 4.53027e+08 2.83672e+08 1.39219e+08 4.45481e+07 6.24941e+06 547506 38037.5 2373.54 137.901 6.83877
111.45 2425.61 44723.2 776778 1.3009e+07 1.91279e+08 1.80536e+09 5.91346e+09 1.21577e+10 1.94561e+10 2.64901e+10 3.1998e+10 3.50115e+10 3.50115e+10 3.1998e+10 2.64901e+10 1.94561e+10 1.21577e+10 5.91346e+09 1.80536e+09 1.91279e+08 1.3009e+07 776778 44723.2 2425.61 111.45
1635.29 39702 798442 1.44848e+07 2.61487e+08 5.07505e+09 7.30521e+10 2.5076e+11 5.19353e+11 8.32445e+11 1.13392e+12 1.36988e+12 1.49893e+12 1.49893e+12 1.36988e+12 1.13392e+12 8.32445e+11 5.19353e+11 2.5076e+11 7.30521e+10 5.07505e+09 2.61487e+08 1.44848e+07 798442 39702.1 1635.29
20328.7 580023 1.36978e+07 2.71463e+08 4.56238e+09 1.00897e+11 2.96616e+12 1.0629e+13 2.21331e+13 3.5517e+13 4.83968e+13 5.8473e+13 6.39822e+13 6.39822e+13 5.8473e+13 4.83968e+13 3.5517e+13 2.21331e+13 1.0629e+13 2.96616e+12 1.00897e+11 4.56238e+09 2.71463e+08 1.36978e+07 580023 20328.7
190337 6.66875e+06 2.03897e+08 5.39943e+09 1.06883e+11 1.54812e+12 1.46321e+14 5.37155e+14 1.11918e+15 1.79513e+15 2.44534e+15 2.95391e+15 3.23195e+15 3.23195e+15 2.95391e+15 2.44534e+15 1.79513e+15 1.11918e+15 5.37155e+14 1.46321e+14 1.54812e+12 1.06883e+11 5.39943e+09 2.03897e+08 6.66875e+06 190337
1.11909e+06 4.76537e+07 1.93127e+09 7.815e+10 3.17337e+12 1.54713e+14 1.39573e+16 4.917e+16 1.0072e+17 1.60215e+17 2.17387e+17 2.62177e+17 2.86712e+17 2.86712e+17 2.62177e+17 2.17387e+17 1.60215e+17 1.0072e+17 4.917e+16 1.39573e+16 1.54713e+14 3.17337e+12 7.815e+10 1.93127e+09 4.76537e+07 1.11909e+06
3.34881e+06 1.48938e+08 6.32684e+09 2.68315e+11 1.13742e+13 5.68665e+14 4.93456e+16 1.73304e+17 3.54509e+17 5.63498e+17 7.64278e+17 9.21571e+17 1.00774e+18 1.00774e+18 9.21571e+17 7.64278e+17 5.63498e+17 3.54509e+17 1.73304e+17 4.93456e+16 5.68665e+14 1.13742e+13 2.68315e+11 6.32684e+09 1.48938e+08 3.34881e+06
6.75337e+06 3.0328e+08 1.2999e+10 5.5534e+11 2.36689e+13 1.18445e+15 1.01176e+17 3.54859e+17 7.25402e+17 1.15254e+18 1.56278e+18 1.88411e+18 2.06014e+18 2.06014e+18 1.88411e+18 1.56278e+18 1.15254e+18 7.25402e+17 3.54859e+17 1.01176e+17 1.18445e+15 2.36689e+13 5.5534e+11 1.2999e+10 3.0328e+08 6.75337e+06
1.07489e+07 4.83863e+08 2.07815e+10 8.89202e+11 3.79409e+13 1.89814e+15 1.60947e+17 5.64093e+17 1.15263e+18 1.83078e+18 2.48188e+18 2.99178e+18 3.27106e+18 3.27106e+18 2.99178e+18 2.48188e+18 1.83078e+18 1.15263e+18 5.64093e+17 1.60947e+17 1.89814e+15 3.79409e+13 8.89202e+11 2.07815e+10 4.83863e+08 1.07489e+07
1.46009e+07 6.57705e+08 2.82638e+10 1.20987e+12 5.16393e+13 2.58288e+15 2.18298e+17 7.64827e+17 1.5624e+18 2.48109e+18 3.3629e+18 4.05332e+18 4.43142e+18 4.43142e+18 4.05332e+18 3.3629e+18 2.48109e+18 1.5624e+18 7.64827e+17 2.18298e+17 2.58288e+15 5.16393e+13 1.20987e+12 2.82638e+10 6.57705e+08 1.46009e+07
1.76144e+07 7.93607e+08 3.41093e+10 1.46024e+12 6.23293e+13 3.11713e+15 2.63157e+17 9.21843e+17 1.88288e+18 2.98961e+18 4.05168e+18 4.8831e+18 5.33837e+18 5.33837e+18 4.8831e+18 4.05168e+18 2.98961e+18 1.88288e+18 9.21843e+17 2.63157e+17 3.11713e+15 6.23293e+13 1.46024e+12 3.41093e+10 7.93607e+08 1.76144e+07
1.92618e+07 8.67872e+08 3.73023e+10 1.59695e+12 6.81636e+13 3.40867e+15 2.877e+17 1.00776e+18 2.05824e+18 3.26782e+18 4.42847e+18 5.33697e+18 5.83443e+18 5.83443e+18 5.33697e+18 4.42847e+18 3.26782e+18 2.05824e+18 1.00776e+18 2.877e+17 3.40867e+15 6.81636e+13 1.59695e+12 3.73023e+10 8.67872e+08 1.92618e+07
1.92618e+07 8.67872e+08 3.73023e+10 1.59695e+12 6.81636e+13 3.40867e+15 2.877e+17 1.00776e+18 2.05824e+18 3.26782e+18 4.42847e+18 5.33697e+18 5.83443e+18 5.83443e+18 5.33697e+18 4.42847e+18 3.26782e+18 2.05824e+18 1.00776e+18 2.877e+17 3.40867e+15 6.81636e+13 1.59695e+12 3.73023e+10 8.67872e+08 1.92618e+07
1.76144e+07 7.93607e+08 3.41093e+10 1.46024e+12 6.23293e+13 3.11713e+15 2.63157e+17 9.21843e+17 1.88288e+18 2.98961e+18 4.05168e+18 4.8831e+18 5.33837e+18 5.33837e+18 4.8831e+18 4.05168e+18 2.98961e+18 1.88288e+18 9.21843e+17 2.63157e+17 3.11713e+15 6.23293e+13 1.46024e+12 3.41093e+10 7.93607e+08 1.76144e+07
1.46009e+07 6.57705e+08 2.82638e+10 1.20987e+12 5.16393e+13 2.58288e+15 2.18298e+17 7.64827e+17 1.5624e+18 2.48109e+18 3.3629e+18 4.05332e+18 4.43142e+18 4.43142e+18 4.05332e+18 3.3629e+18 2.48109e+18 1.5624e+18 7.64827e+17 2.18298e+17 2.58288e+15 5.16393e+13 1.20987e+12 2.82638e+10 6.57705e+08 1.46009e+07
1.07489e+07 4.83863e+08 2.07815e+10 8.89202e+11 3.79408e+13 1.89814e+15 1.60947e+17 5.64093e+17 1.15263e+18 1.83078e+18 2.48188e+18 2.99178e+18 3.27106e+18 3.27106e+18 2.99178e+18 2.48188e+18 1.83078e+18 1.15263e+18 5.64093e+17 1.60947e+17 1.89814e+15 3.79409e+13 8.89202e+11 2.07815e+10 4.83863e+08 1.07489e+07
6.75337e+06 3.0328e+08 1.2999e+10 5.5534e+11 2.36689e+13 1.18445e+15 1.01176e+17 3.54859e+17 7.25402e+17 1.15254e+18 1.56278e+18 1.88411e+18 2.06014e+18 2.06014e+18 1.88411e+18 1.56278e+18 1.15254e+18 7.25402e+17 3.54859e+17 1.01176e+17 1.18445e+15 2.36689e+13 5.5534e+11 1.2999e+10 3.0328e+08 6.75337e+06
3.34881e+06 1.48938e+08 6.32684e+09 2.68315e+11 1.13742e+13 5.68665e+14 4.93456e+16 1.73304e+17 3.54509e+17 5.63498e+17 7.64278e+17 9.21571e+17 1.00774e+18 1.00774e+18 9.21571e+17 7.64278e+17 5.63498e+17 3.54509e+17 1.73304e+17 4.93456e+16 5.68665e+14 1.13742e+13 2.68315e+11 6.32684e+09 1.48938e+08 3.34881e+06
1.11909e+06 4.76537e+07 1.93127e+09 7.815e+10 3.17337e+12 1.54713e+14 1.39573e+16 4.917e+16 1.0072e+17 1.60215e+17 2.17387e+17 2.62177e+17 2.86712e+17 2.86712e+17 2.62177e+17 2.17387e+17 1.60215e+17 1.0072e+17 4.917e+16 1.39573e+16 1.54713e+14 3.17337e+12 7.815e+10 1.93127e+09 4.76537e+07 1.11909e+06
190337 6.66875e+06 2.03897e+08 5.39943e+09 1.06883e+11 1.54812e+12 1.46321e+14 5.37155e+14 1.11918e+15 1.79513e+15 2.44534e+15 2.95391e+15 3.23195e+15 3.23195e+15 2.95391e+15 2.44534e+15 1.79513e+15 1.11918e+15 5.37155e+14 1.46321e+14 1.54812e+12 1.06883e+11 5.39943e+09 2.03897e+08 6.66875e+06 190337
20328.7 580023 1.36978e+07 2.71463e+08 4.56238e+09 1.00897e+11 2.96616e+12 1.0629e+13 2.21331e+13 3.5517e+13 4.83968e+13 5.8473e+13 6.39822e+13 6.39822e+13 5.8473e+13 4.83968e+13 3.5517e+13 2.21331e+13 1.0629e+13 2.96616e+12 1.00897e+11 4.56238e+09 2.71463e+08 1.36978e+07 580023 20328.7
1635.29 39702.1 798442 1.44848e+07 2.61487e+08 5.07505e+09 7.30521e+10 2.5076e+11 5.19353e+11 8.32445e+11 1.13392e+12 1.36988e+12 1.49893e+12 1.49893e+12 1.36988e+12 1.13392e+12 8.32445e+11 5.19353e+11 2.5076e+11 7.30521e+10 5.07505e+09 2.61487e+08 1.44848e+07 798442 39702 1635.29
111.45 2425.61 44723.2 776778 1.3009e+07 1.91279e+08 1.80536e+09 5.91346e+09 1.21577e+10 1.94561e+10 2.64901e+10 3.1998e+10 3.50115e+10 3.50115e+10 3.1998e+10 2.64901e+10 1.94561e+10 1.21577e+10 5.91346e+09 1.80536e+09 1.91279e+08 1.3009e+07 776778 44723.2 2425.61 111.45
6.83877 137.901 2373.54 38037.5 547506 6.24941e+06 4.45481e+07 1.39219e+08 2.83672e+08 4.53027e+08 6.1644e+08 7.4447e+08 8.14542e+08 8.14542e+08 7.4447e+08 6.1644e+08 4.53027e+08 2.83672e+08 1.39219e+08 4.45481e+07 6.24941e+06 547506 38037.5 2373.54 137.901 6.83877
0.35468 6.72377 107.561 1554.12 19130.8 178253 1.04618e+06 3.13051e+06 6.3172e+06 1.00643e+07 1.3685e+07 1.65234e+07 1.80775e+07 1.80775e+07 1.65234e+07 1.3685e+07 1.00643e+07 6.3172e+06 3.13051e+06 1.04618e+06 178253 19130.8 1554.12 107.561 6.72377 0.35468
