0.00134122 0.0252368 0.401697 5.78937 71.1139 660.337 3855.26 11460.7 22989.4 36471.9 49480.3 59692.2 65294.7 65294.7 59692.2 49480.3 36471.9 22989.4 11460.7 3855.26 660.337 71.1139 5.78937 0.401697 0.0252368 0.00134122
0.0255174 0.509486 8.71191 139.351 2006.3 22875.6 162403 504105 1.02067e+06 1.62281e+06 2.20303e+06 2.65838e+06 2.90819e+06 2.90819e+06 2.65838e+06 2.20303e+06 1.62281e+06 1.02067e+06 504105 162403 22875.6 2006.3 139.351 8.71191 0.509486 0.0255174
0.411162 8.83557 161.293 2792.37 46907.1 691873 6.51799e+06 2.11993e+07 4.32898e+07 6.89531e+07 9.36574e+07 1.13042e+08 1.23677e+08 1.23677e+08 1.13042e+08 9.36574e+07 6.89531e+07 4.32898e+07 2.11993e+07 6.51799e+06 691873 46907.1 2792.37 161.293 8.83557 0.411162
5.98871 143.313 2842.13 51102.7 924963 1.81433e+07 2.61773e+08 8.91863e+08 1.83374e+09 2.92474e+09 3.97429e+09 4.79783e+09 5.24966e+09 5.24966e+09 4.79783e+09 3.97429e+09 2.92474e+09 1.83374e+09 8.91863e+08 2.61773e+08 1.81433e+07 924963 51102.7 2842.13 143.313 5.98871
74.1262 2085.42 48511 946865 1.57495e+07 3.55189e+08 1.0574e+10 3.75849e+10 7.76529e+10 1.23965e+11 1.68508e+11 2.03462e+11 2.22641e+11 2.22641e+11 2.03462e+11 1.68508e+11 1.23965e+11 7.76529e+10 3.75849e+10 1.0574e+10 3.55189e+08 1.57495e+07 946865 48511 2085.42 74.1262
691.841 23941.3 722776 1.88892e+07 3.66913e+08 5.20162e+09 5.1872e+11 1.88799e+12 3.90117e+12 6.22324e+12 8.45527e+12 1.02064e+13 1.11671e+13 1.11671e+13 1.02064e+13 8.45527e+12 6.22324e+12 3.90117e+12 1.88799e+12 5.1872e+11 5.20162e+09 3.66913e+08 1.88892e+07 722776 23941.3 691.841
4052.59 170727 6.85261e+06 2.75242e+08 1.112e+10 5.42739e+11 4.9425e+13 1.72793e+14 3.51174e+14 5.55202e+14 7.50339e+14 9.02982e+14 9.866e+14 9.866e+14 9.02982e+14 7.50339e+14 5.55202e+14 3.51174e+14 1.72793e+14 4.9425e+13 5.42739e+11 1.112e+10 2.75242e+08 6.85261e+06 170727 4052.59
12055.3 530349 2.23071e+07 9.38649e+08 3.95646e+10 1.97784e+12 1.73302e+14 6.04251e+14 1.22669e+15 1.9382e+15 2.61849e+15 3.15052e+15 3.44195e+15 3.44195e+15 3.15052e+15 2.61849e+15 1.9382e+15 1.22669e+15 6.04251e+14 1.73302e+14 1.97784e+12 3.95646e+10 9.38649e+08 2.23071e+07 530349 12055.3
24174.7 1.07347e+06 4.55371e+07 1.92929e+09 8.17139e+10 4.08579e+12 3.52473e+14 1.22764e+15 2.49113e+15 3.93511e+15 5.31552e+15 6.39503e+15 6.98632e+15 6.98632e+15 6.39503e+15 5.31552e+15 3.93511e+15 2.49113e+15 1.22764e+15 3.52473e+14 4.08579e+12 8.17139e+10 1.92929e+09 4.55371e+07 1.07347e+06 24174.7
38325.6 1.70553e+06 7.2479e+07 3.07478e+09 1.30345e+11 6.51311e+12 5.57292e+14 1.93989e+15 3.9355e+15 6.2159e+15 8.39573e+15 1.01003e+16 1.1034e+16 1.1034e+16 1.01003e+16 8.39573e+15 6.2159e+15 3.9355e+15 1.93989e+15 5.57292e+14 6.51311e+12 1.30345e+11 3.07478e+09 7.2479e+07 1.70553e+06 38325.6
51954 2.31345e+06 9.83642e+07 4.17457e+09 1.77023e+11 8.8417e+12 7.53004e+14 2.62028e+15 5.31513e+15 8.3943e+15 1.13375e+16 1.36391e+16 1.48996e+16 1.48996e+16 1.36391e+16 1.13375e+16 8.3943e+15 5.31513e+15 2.62028e+15 7.53004e+14 8.8417e+12 1.77023e+11 4.17457e+09 9.83642e+07 2.31345e+06 51954
62635 2.78972e+06 1.18639e+08 5.03594e+09 2.13583e+11 1.06652e+13 9.0595e+14 3.15193e+15 6.39308e+15 1.00963e+16 1.36359e+16 1.64038e+16 1.79198e+16 1.79198e+16 1.64038e+16 1.36359e+16 1.00963e+16 6.39308e+15 3.15193e+15 9.0595e+14 1.06652e+13 2.13583e+11 5.03594e+09 1.18639e+08 2.78972e+06 62635
68488 3.05068e+06 1.29749e+08 5.50792e+09 2.33616e+11 1.16644e+13 9.89676e+14 3.44294e+15 6.98313e+15 1.10279e+16 1.4894e+16 1.79171e+16 1.95729e+16 1.95729e+16 1.79171e+16 1.4894e+16 1.10279e+16 6.98313e+15 3.44294e+15 9.89676e+14 1.16644e+13 2.33616e+11 5.50792e+09 1.29749e+08 3.05068e+06 68488
68488 3.05068e+06 1.29749e+08 5.50792e+09 2.33616e+11 1.16644e+13 9.89676e+14 3.44294e+15 6.98313e+15 1.10279e+16 1.4894e+16 1.79171e+16 1.95729e+16 1.95729e+16 1.79171e+16 1.4894e+16 1.10279e+16 6.98313e+15 3.44294e+15 9.89676e+14 1.16644e+13 2.33616e+11 5.50792e+09 1.29749e+08 3.05068e+06 68488
62635 2.78972e+06 1.18639e+08 5.03594e+09 2.13583e+11 1.06652e+13 9.0595e+14 3.15193e+15 6.39308e+15 1.00963e+16 1.36359e+16 1.64038e+16 1.79198e+16 1.79198e+16 1.64038e+16 1.36359e+16 1.00963e+16 6.39308e+15 3.15193e+15 9.0595e+14 1.06652e+13 2.13583e+11 5.03594e+09 1.18639e+08 2.78972e+06 62635
51954 2.31345e+06 9.83642e+07 4.17457e+09 1.77023e+11 8.8417e+12 7.53004e+14 2.62028e+15 5.31513e+15 8.3943e+15 1.13375e+16 1.36391e+16 1.48996e+16 1.48996e+16 1.36391e+16 1.13375e+16 8.3943e+15 5.31513e+15 2.62028e+15 7.53004e+14 8.8417e+12 1.77023e+11 4.17457e+09 9.83642e+07 2.31345e+06 51954
38325.6 1.70553e+06 7.2479e+07 3.07478e+09 1.30345e+11 6.51311e+12 5.57292e+14 1.93989e+15 3.9355e+15 6.2159e+15 8.39573e+15 1.01003e+16 1.1034e+16 1.1034e+16 1.01003e+16 8.39573e+15 6.2159e+15 3.9355e+15 1.93989e+15 5.57292e+14 6.51311e+12 1.30345e+11 3.07478e+09 7.2479e+07 1.70553e+06 38325.6
24174.7 1.07347e+06 4.55371e+07 1.92929e+09 8.17139e+10 4.08579e+12 3.52473e+14 1.22764e+15 2.49113e+15 3.93511e+15 5.31552e+15 6.39503e+15 6.98632e+15 6.98632e+15 6.39503e+15 5.31552e+15 3.93511e+15 2.49113e+15 1.22764e+15 3.52473e+14 4.08579e+12 8.17139e+10 1.92929e+09 4.55371e+07 1.07347e+06 24174.7
12055.3 530349 2.23071e+07 9.38649e+08 3.95646e+10 1.97784e+12 1.73302e+14 6.04251e+14 1.22669e+15 1.9382e+15 2.61849e+15 3.15052e+15 3.44195e+15 3.44195e+15 3.15052e+15 2.61849e+15 1.9382e+15 1.22669e+15 6.04251e+14 1.73302e+14 1.97784e+12 3.95646e+10 9.38649e+08 2.23071e+07 530349 12055.3
4052.59 170727 6.85261e+06 2.75242e+08 1.112e+10 5.42739e+11 4.9425e+13 1.72793e+14 3.51174e+14 5.55202e+14 7.50339e+14 9.02982e+14 9.866e+14 9.866e+14 9.02982e+14 7.50339e+14 5.55202e+14 3.51174e+14 1.72793e+14 4.9425e+13 5.42739e+11 1.112e+10 2.75242e+08 6.85261e+06 170727 4052.59
691.841 23941.3 722776 1.88892e+07 3.66913e+08 5.20162e+09 5.1872e+11 1.88799e+12 3.90117e+12 6.22324e+12 8.45527e+12 1.02064e+13 1.11671e+13 1.11671e+13 1.02064e+13 8.45527e+12 6.22324e+12 3.90117e+12 1.88799e+12 5.1872e+11 5.20162e+09 3.66913e+08 1.88892e+07 722776 23941.3 691.841
74.1262 2085.42 48511 946865 1.57495e+07 3.55189e+08 1.0574e+10 3.75849e+10 7.76529e+10 1.23965e+11 1.68508e+11 2.03462e+11 2.22641e+11 2.22641e+11 2.03462e+11 1.68508e+11 1.23965e+11 7.76529e+10 3.75849e+10 1.0574e+10 3.55189e+08 1.57495e+07 946865 48511 2085.42 74.1262
5.98871 143.313 2842.13 51102.7 924963 1.81433e+07 2.61773e+08 8.91863e+08 1.83374e+09 2.92474e+09 3.97429e+09 4.79783e+09 5.24966e+09 5.24966e+09 4.79783e+09 3.97429e+09 2.92474e+09 1.83374e+09 8.91863e+08 2.61773e+08 1.81433e+07 924963 51102.7 2842.13 143.313 5.98871
0.411162 8.83557 161.293 2792.37 46907.1 691873 6.51799e+06 2.11993e+07 4.32898e+07 6.89531e+07 9.36574e+07 1.13042e+08 1.23677e+08 1.23677e+08 1.13042e+08 9.36574e+07 6.89531e+07 4.32898e+07 2.11993e+07 6.51799e+06 691873 46907.1 2792.37 161.293 8.83557 0.411162
0.0255174 0.509486 8.71191 139.351 2006.3 22875.6 162403 504105 1.02067e+06 1.62281e+06 2.20303e+06 2.65838e+06 2.90819e+06 2.90819e+06 2.65838e+06 2.20303e+06 1.62281e+06 1.02067e+06 504105 162403 22875.6 2006.3 139.351 8.71191 0.509486 0.0255174
0.00134122 0.0252368 0.401697 5.78937 71.1139 660.337 3855.26 11460.7 22989.4 36471.9 49480.3 59692.2 65294.7 65294.7 59692.2 49480.3 36471.9 22989.4 11460.7 3855.26 660.337 71.1139 5.78937 0.401697 0.0252368 0.00134122
