16.6129 307.089 4739.93 65674.3 775672 6.97694e+06 3.97781e+07 1.1549e+08 2.2506e+08 3.45767e+08 4.54934e+08 5.35787e+08 5.78382e+08 5.78382e+08 5.35787e+08 4.54934e+08 3.45767e+08 2.2506e+08 1.1549e+08 3.97781e+07 6.97694e+06 775672 65674.3 4739.93 307.089 16.6129
318.843 6311.76 105402 1.61876e+06 2.22109e+07 2.4314e+08 1.67956e+09 5.08728e+09 9.99417e+09 1.53641e+10 2.01974e+10 2.37648e+10 2.564e+10 2.564e+10 2.37648e+10 2.01974e+10 1.53641e+10 9.99417e+09 5.08728e+09 1.67956e+09 2.4314e+08 2.22109e+07 1.61876e+06 105402 6311.76 318.843
5129.48 110621 2.00374e+06 3.35967e+07 5.33036e+08 7.428e+09 6.76325e+10 2.14446e+11 4.24317e+11 6.52399e+11 8.56694e+11 1.00695e+12 1.08575e+12 1.08575e+12 1.00695e+12 8.56694e+11 6.52399e+11 4.24317e+11 2.14446e+11 6.76325e+10 7.428e+09 5.33036e+08 3.35967e+07 2.00374e+06 110621 5129.48
73552.6 1.78164e+06 3.57421e+07 6.39918e+08 1.10166e+10 1.98366e+11 2.72711e+12 9.04924e+12 1.80033e+13 2.76694e+13 3.62879e+13 4.26045e+13 4.59094e+13 4.59094e+13 4.26045e+13 3.62879e+13 2.76694e+13 1.80033e+13 9.04924e+12 2.72711e+12 1.98366e+11 1.10167e+10 6.39918e+08 3.57421e+07 1.78164e+06 73552.6
886616 2.52593e+07 5.99144e+08 1.20107e+10 2.0205e+11 4.05688e+12 1.10644e+14 3.82673e+14 7.63906e+14 1.173e+15 1.53621e+15 1.80148e+15 1.93995e+15 1.93995e+15 1.80148e+15 1.53621e+15 1.173e+15 7.63906e+14 3.82673e+14 1.10644e+14 4.05688e+12 2.0205e+11 1.20107e+10 5.99144e+08 2.52593e+07 886616
8.02626e+06 2.79822e+08 8.55589e+09 2.28863e+11 4.69525e+12 7.12494e+13 5.52936e+15 1.95717e+16 3.90836e+16 5.99985e+16 7.85855e+16 9.21819e+16 9.92883e+16 9.92883e+16 9.21819e+16 7.85855e+16 5.99985e+16 3.90836e+16 1.95717e+16 5.52936e+15 7.12494e+13 4.69525e+12 2.28863e+11 8.55589e+09 2.79822e+08 8.02626e+06
4.56597e+07 1.92748e+09 7.75987e+10 3.12828e+12 1.26888e+14 6.11226e+15 5.2526e+17 1.80677e+18 3.59542e+18 5.55104e+18 7.33511e+18 8.67439e+18 9.38785e+18 9.38785e+18 8.67439e+18 7.33511e+18 5.55104e+18 3.59542e+18 1.80677e+18 5.2526e+17 6.11226e+15 1.26888e+14 3.12828e+12 7.75987e+10 1.92748e+09 4.56597e+07
1.3236e+08 5.82842e+09 2.45602e+11 1.03603e+13 4.37967e+14 2.16534e+16 1.81456e+18 6.22761e+18 1.23778e+19 1.90949e+19 2.52179e+19 2.98121e+19 3.22588e+19 3.22588e+19 2.98121e+19 2.52179e+19 1.90949e+19 1.23778e+19 6.22761e+18 1.81456e+18 2.16534e+16 4.37967e+14 1.03603e+13 2.45602e+11 5.82842e+09 1.3236e+08
2.57652e+08 1.14372e+10 4.85399e+11 2.05873e+13 8.73226e+14 4.32017e+16 3.61058e+18 1.2377e+19 2.45651e+19 3.78396e+19 4.99072e+19 5.89408e+19 6.37445e+19 6.37445e+19 5.89408e+19 4.99072e+19 3.78396e+19 2.45651e+19 1.2377e+19 3.61058e+18 4.32017e+16 8.73226e+14 2.05873e+13 4.85399e+11 1.14372e+10 2.57652e+08
3.95485e+08 1.75664e+10 7.45609e+11 3.16099e+13 1.33952e+15 6.62295e+16 5.56616e+18 1.90659e+19 3.77851e+19 5.81061e+19 7.65179e+19 9.02614e+19 9.75554e+19 9.75554e+19 9.02614e+19 7.65179e+19 5.81061e+19 3.77851e+19 1.90659e+19 5.56616e+18 6.62295e+16 1.33952e+15 3.16099e+13 7.45609e+11 1.75664e+10 3.95485e+08
5.19972e+08 2.30752e+10 9.78335e+11 4.14226e+13 1.75284e+15 8.66244e+16 7.3414e+18 2.51337e+19 4.97453e+19 7.63801e+19 1.00436e+20 1.18342e+20 1.27828e+20 1.27828e+20 1.18342e+20 1.00436e+20 7.63801e+19 4.97453e+19 2.51337e+19 7.3414e+18 8.66244e+16 1.75284e+15 4.14226e+13 9.78335e+11 2.30752e+10 5.19972e+08
6.12064e+08 2.71362e+10 1.14928e+12 4.8605e+13 2.05429e+15 1.01496e+17 8.66792e+18 2.96659e+19 5.86583e+19 8.99593e+19 1.18159e+20 1.39106e+20 1.50186e+20 1.50186e+20 1.39106e+20 1.18159e+20 8.99593e+19 5.86583e+19 2.96659e+19 8.66792e+18 1.01496e+17 2.05429e+15 4.8605e+13 1.14928e+12 2.71362e+10 6.12064e+08
6.60542e+08 2.92693e+10 1.23886e+12 5.23596e+13 2.2115e+15 1.09251e+17 9.37229e+18 3.2072e+19 6.33828e+19 9.71434e+19 1.27518e+20 1.50054e+20 1.61965e+20 1.61965e+20 1.50054e+20 1.27518e+20 9.71434e+19 6.33828e+19 3.2072e+19 9.37229e+18 1.09251e+17 2.2115e+15 5.23596e+13 1.23886e+12 2.92693e+10 6.60542e+08
6.60542e+08 2.92693e+10 1.23886e+12 5.23596e+13 2.2115e+15 1.09251e+17 9.37229e+18 3.2072e+19 6.33828e+19 9.71434e+19 1.27518e+20 1.50054e+20 1.61965e+20 1.61965e+20 1.50054e+20 1.27518e+20 9.71434e+19 6.33828e+19 3.2072e+19 9.37229e+18 1.09251e+17 2.2115e+15 5.23596e+13 1.23886e+12 2.92693e+10 6.60542e+08
6.12064e+08 2.71362e+10 1.14928e+12 4.8605e+13 2.05429e+15 1.01496e+17 8.66792e+18 2.96659e+19 5.86583e+19 8.99593e+19 1.18159e+20 1.39106e+20 1.50186e+20 1.50186e+20 1.39106e+20 1.18159e+20 8.99593e+19 5.86583e+19 2.96659e+19 8.66792e+18 1.01496e+17 2.05429e+15 4.8605e+13 1.14928e+12 2.71362e+10 6.12064e+08
5.19972e+08 2.30752e+10 9.78335e+11 4.14226e+13 1.75284e+15 8.66244e+16 7.3414e+18 2.51337e+19 4.97453e+19 7.63801e+19 1.00436e+20 1.18342e+20 1.27828e+20 1.27828e+20 1.18342e+20 1.00436e+20 7.63801e+19 4.97453e+19 2.51337e+19 7.3414e+18 8.66244e+16 1.75284e+15 4.14226e+13 9.78335e+11 2.30752e+10 5.19972e+08
3.95485e+08 1.75664e+10 7.45609e+11 3.16099e+13 1.33952e+15 6.62295e+16 5.56616e+18 1.90659e+19 3.77851e+19 5.81061e+19 7.65179e+19 9.02614e+19 9.75554e+19 9.75554e+19 9.02614e+19 7.65179e+19 5.81061e+19 3.77851e+19 1.90659e+19 5.56616e+18 6.62295e+16 1.33952e+15 3.16099e+13 7.45609e+11 1.75664e+10 3.95485e+08
2.57652e+08 1.14372e+10 4.85399e+11 2.05873e+13 8.73226e+14 4.32017e+16 3.61058e+18 1.2377e+19 2.45651e+19 3.78396e+19 4.99072e+19 5.89408e+19 6.37445e+19 6.37445e+19 5.89408e+19 4.99072e+19 3.78396e+19 2.45651e+19 1.2377e+19 3.61058e+18 4.32017e+16 8.73226e+14 2.05873e+13 4.85399e+11 1.14372e+10 2.57652e+08
1.3236e+08 5.82842e+09 2.45602e+11 1.03603e+13 4.37967e+14 2.16534e+16 1.81456e+18 6.22761e+18 1.23778e+19 1.90949e+19 2.52179e+19 2.98121e+19 3.22588e+19 3.22588e+19 2.98121e+19 2.52179e+19 1.90949e+19 1.23778e+19 6.22761e+18 1.81456e+18 2.16534e+16 4.37967e+14 1.03603e+13 2.45602e+11 5.82842e+09 1.3236e+08
4.56597e+07 1.92748e+09 7.75987e+10 3.12828e+12 1.26888e+14 6.11226e+15 5.2526e+17 1.80677e+18 3.59542e+18 5.55104e+18 7.33511e+18 8.67439e+18 9.38785e+18 9.38785e+18 8.67439e+18 7.33511e+18 5.55104e+18 3.59542e+18 1.80677e+18 5.2526e+17 6.11226e+15 1.26888e+14 3.12828e+12 7.75987e+10 1.92748e+09 4.56597e+07
8.02626e+06 2.79822e+08 8.55589e+09 2.28863e+11 4.69525e+12 7.12494e+13 5.52936e+15 1.95717e+16 3.90836e+16 5.99985e+16 7.85855e+16 9.21819e+16 9.92883e+16 9.92883e+16 9.21819e+16 7.85855e+16 5.99985e+16 3.90836e+16 1.95717e+16 5.52936e+15 7.12494e+13 4.69525e+12 2.28862e+11 8.55589e+09 2.79822e+08 8.02626e+06
886616 2.52593e+07 5.99144e+08 1.20107e+10 2.0205e+11 4.05688e+12 1.10644e+14 3.82673e+14 7.63906e+14 1.173e+15 1.53621e+15 1.80148e+15 1.93995e+15 1.93995e+15 1.80148e+15 1.53621e+15 1.173e+15 7.63906e+14 3.82673e+14 1.10644e+14 4.05688e+12 2.0205e+11 1.20107e+10 5.99144e+08 2.52593e+07 886616
73552.6 1.78164e+06 3.57421e+07 6.39918e+08 1.10166e+10 1.98366e+11 2.72711e+12 9.04924e+12 1.80033e+13 2.76694e+13 3.62879e+13 4.26045e+13 4.59094e+13 4.59094e+13 4.26045e+13 3.62879e+13 2.76694e+13 1.80033e+13 9.04924e+12 2.72711e+12 1.98366e+11 1.10166e+10 6.39918e+08 3.57421e+07 1.78164e+06 73552.6
5129.48 110621 2.00374e+06 3.35967e+07 5.33036e+08 7.428e+09 6.76325e+10 2.14446e+11 4.24317e+11 6.52399e+11 8.56694e+11 1.00695e+12 1.08575e+12 1.08575e+12 1.00695e+12 8.56694e+11 6.52399e+11 4.24317e+11 2.14446e+11 6.76325e+10 7.428e+09 5.33036e+08 3.35967e+07 2.00374e+06 110621 5129.48
318.843 6311.76 105402 1.61876e+06 2.22109e+07 2.4314e+08 1.67956e+09 5.08728e+09 9.99417e+09 1.53641e+10 2.01974e+10 2.37648e+10 2.564e+10 2.564e+10 2.37648e+10 2.01974e+10 1.53641e+10 9.99417e+09 5.08728e+09 1.67956e+09 2.4314e+08 2.22109e+07 1.61876e+06 105402 6311.76 318.843
16.6129 307.089 4739.93 65674.3 775672 6.97694e+06 3.97781e+07 1.1549e+08 2.2506e+08 3.45767e+08 4.54934e+08 5.35787e+08 5.78382e+08 5.78382e+08 5.35787e+08 4.54934e+08 3.45767e+08 2.2506e+08 1.1549e+08 3.97781e+07 6.97694e+06 775672 65674.3 4739.93 307.089 16.6129
