5.21639e-06 9.73447e-05 0.00153012 0.0217276 0.263166 2.41699 14.0049 41.3911 82.5398 130.199 175.763 211.271 230.66 230.66 211.271 175.763 130.199 82.5398 41.3911 14.0049 2.41699 0.263166 0.0217276 0.00153012 9.73447e-05 5.21639e-06
9.93861e-05 0.0019738 0.0333978 0.525894 7.44214 83.6802 588.864 1816.74 3655.73 5777.54 7802.69 9379.9 10240.9 10240.9 9379.9 7802.69 5777.54 3655.73 1816.74 588.864 83.6802 7.44214 0.525894 0.0333977 0.0019738 9.93861e-05
0.0015981 0.0342985 0.622799 10.6397 175.06 2532.79 23599.3 76266.1 154732 244912 330859 397764 434284 434284 397764 330859 244912 154732 76266.1 23599.3 2532.79 175.06 10.6397 0.622799 0.0342985 0.0015981
0.0231217 0.554236 11.0058 197.078 3498.95 66656 946869 3.20447e+06 6.54407e+06 1.03689e+07 1.40103e+07 1.6844e+07 1.83906e+07 1.83906e+07 1.6844e+07 1.40103e+07 1.03689e+07 6.54407e+06 3.20447e+06 946869 66656 3498.95 197.078 11.0058 0.554236 0.0231217
0.283329 7.98519 186.513 3664.93 61041.4 1.32086e+06 3.823e+07 1.34937e+08 2.76816e+08 4.38875e+08 5.93063e+08 7.13031e+08 7.78503e+08 7.78503e+08 7.13031e+08 5.93063e+08 4.38875e+08 2.76816e+08 1.34937e+08 3.823e+07 1.32086e+06 61041.4 3664.93 186.513 7.98519 0.283329
2.61573 90.5151 2737.45 71939.4 1.42097e+06 2.05799e+07 1.8839e+09 6.80576e+09 1.39608e+10 2.21161e+10 2.9871e+10 3.59039e+10 3.91961e+10 3.91961e+10 3.59039e+10 2.9871e+10 2.21161e+10 1.39608e+10 6.80576e+09 1.8839e+09 2.05799e+07 1.42097e+06 71939.4 2737.45 90.5151 2.61573
15.1765 638.111 25572.6 1.02605e+06 4.1428e+07 2.01023e+09 1.79486e+11 6.24493e+11 1.26283e+12 1.98687e+12 2.67414e+12 3.20857e+12 3.50024e+12 3.50024e+12 3.20857e+12 2.67414e+12 1.98687e+12 1.26283e+12 6.24493e+11 1.79486e+11 2.01023e+09 4.1428e+07 1.02605e+06 25572.6 638.111 15.1765
44.8504 1968.57 82640.6 3.47235e+06 1.46221e+08 7.27119e+09 6.26861e+11 2.1759e+12 4.39613e+12 6.91367e+12 9.30309e+12 1.11611e+13 1.21751e+13 1.21751e+13 1.11611e+13 9.30309e+12 6.91367e+12 4.39613e+12 2.1759e+12 6.26861e+11 7.27119e+09 1.46221e+08 3.47235e+06 82640.6 1968.57 44.8504
89.3919 3959.16 167573 7.08713e+06 2.99787e+08 1.49127e+10 1.2689e+12 4.40065e+12 8.88817e+12 1.39761e+13 1.88048e+13 2.25597e+13 2.46089e+13 2.46089e+13 2.25597e+13 1.88048e+13 1.39761e+13 8.88817e+12 4.40065e+12 1.2689e+12 1.49127e+10 2.99787e+08 7.08713e+06 167573 3959.16 89.3919
140.91 6252.67 265045 1.12209e+07 4.74925e+08 2.36101e+10 1.9968e+12 6.92225e+12 1.39791e+13 2.19796e+13 2.95726e+13 3.54769e+13 3.86993e+13 3.86993e+13 3.54769e+13 2.95726e+13 2.19796e+13 1.39791e+13 6.92225e+12 1.9968e+12 2.36101e+10 4.74925e+08 1.12209e+07 265045 6252.67 140.91
190.093 8438.39 357796 1.51501e+07 6.4128e+08 3.18675e+10 2.68716e+12 9.31366e+12 1.88071e+13 2.95698e+13 3.97841e+13 4.77267e+13 5.20616e+13 5.20616e+13 4.77267e+13 3.97841e+13 2.95698e+13 1.88071e+13 9.31366e+12 2.68716e+12 3.18675e+10 6.4128e+08 1.51501e+07 357796 8438.39 190.093
228.371 10138.4 429896 1.82034e+07 7.70522e+08 3.82818e+10 3.22354e+12 1.11717e+13 2.25583e+13 3.54671e+13 4.77183e+13 5.72447e+13 6.24439e+13 6.24439e+13 5.72447e+13 4.77183e+13 3.54671e+13 2.25583e+13 1.11717e+13 3.22354e+12 3.82818e+10 7.70522e+08 1.82034e+07 429896 10138.4 228.371
249.253 11065.6 469214 1.98682e+07 8.40982e+08 4.17787e+10 3.51609e+12 1.21852e+13 2.46044e+13 3.86839e+13 5.2046e+13 6.24363e+13 6.81071e+13 6.81071e+13 6.24363e+13 5.2046e+13 3.86839e+13 2.46044e+13 1.21852e+13 3.51609e+12 4.17787e+10 8.40982e+08 1.98682e+07 469214 11065.6 249.253
249.253 11065.6 469214 1.98682e+07 8.40982e+08 4.17787e+10 3.51609e+12 1.21852e+13 2.46044e+13 3.86839e+13 5.2046e+13 6.24363e+13 6.81071e+13 6.81071e+13 6.24363e+13 5.2046e+13 3.86839e+13 2.46044e+13 1.21852e+13 3.51609e+12 4.17787e+10 8.40982e+08 1.98682e+07 469214 11065.6 249.253
228.371 10138.4 429896 1.82034e+07 7.70522e+08 3.82818e+10 3.22354e+12 1.11717e+13 2.25583e+13 3.54671e+13 4.77183e+13 5.72447e+13 6.24439e+13 6.24439e+13 5.72447e+13 4.77183e+13 3.54671e+13 2.25583e+13 1.11717e+13 3.22354e+12 3.82818e+10 7.70522e+08 1.82034e+07 429896 10138.4 228.371
190.093 8438.39 357796 1.51501e+07 6.4128e+08 3.18675e+10 2.68716e+12 9.31366e+12 1.88071e+13 2.95698e+13 3.97841e+13 4.77267e+13 5.20616e+13 5.20616e+13 4.77267e+13 3.97841e+13 2.95698e+13 1.88071e+13 9.31366e+12 2.68716e+12 3.18675e+10 6.4128e+08 1.51501e+07 357796 8438.39 190.093
140.91 6252.67 265045 1.12209e+07 4.74925e+08 2.36101e+10 1.9968e+12 6.92225e+12 1.39791e+13 2.19796e+13 2.95726e+13 3.54769e+13 3.86993e+13 3.86993e+13 3.54769e+13 2.95726e+13 2.19796e+13 1.39791e+13 6.92225e+12 1.9968e+12 2.36101e+10 4.74925e+08 1.12209e+07 265045 6252.67 140.91
89.3919 3959.16 167573 7.08713e+06 2.99787e+08 1.49127e+10 1.2689e+12 4.40065e+12 8.88817e+12 1.39761e+13 1.88048e+13 2.25597e+13 2.46089e+13 2.46089e+13 2.25597e+13 1.88048e+13 1.39761e+13 8.88817e+12 4.40065e+12 1.2689e+12 1.49127e+10 2.99787e+08 7.08713e+06 167573 3959.16 89.3919
44.8504 1968.57 82640.6 3.47235e+06 1.46221e+08 7.27119e+09 6.26861e+11 2.1759e+12 4.39613e+12 6.91367e+12 9.30309e+12 1.11611e+13 1.21751e+13 1.21751e+13 1.11611e+13 9.30309e+12 6.91367e+12 4.39613e+12 2.1759e+12 6.26861e+11 7.27119e+09 1.46221e+08 3.47235e+06 82640.6 1968.57 44.8504
15.1765 638.111 25572.6 1.02605e+06 4.1428e+07 2.01023e+09 1.79486e+11 6.24493e+11 1.26283e+12 1.98687e+12 2.67414e+12 3.20857e+12 3.50024e+12 3.50024e+12 3.20857e+12 2.67414e+12 1.98687e+12 1.26283e+12 6.24493e+11 1.79486e+11 2.01023e+09 4.1428e+07 1.02605e+06 25572.6 638.111 15.1765
2.61573 90.5151 2737.45 71939.4 1.42097e+06 2.05799e+07 1.8839e+09 6.80576e+09 1.39608e+10 2.21161e+10 2.9871e+10 3.59039e+10 3.91961e+10 3.91961e+10 3.59039e+10 2.9871e+10 2.21161e+10 1.39608e+10 6.80576e+09 1.8839e+09 2.05799e+07 1.42097e+06 71939.4 2737.45 90.5151 2.61573
0.283329 7.98519 186.513 3664.93 61041.4 1.32086e+06 3.823e+07 1.34937e+08 2.76816e+08 4.38875e+08 5.93063e+08 7.13031e+08 7.78503e+08 7.78503e+08 7.13031e+08 5.93063e+08 4.38875e+08 2.76816e+08 1.34937e+08 3.823e+07 1.32086e+06 61041.4 3664.93 186.513 7.98519 0.283329
0.0231217 0.554236 11.0058 197.078 3498.95 66656 946869 3.20447e+06 6.54407e+06 1.03689e+07 1.40103e+07 1.6844e+07 1.83906e+07 1.83906e+07 1.6844e+07 1.40103e+07 1.03689e+07 6.54407e+06 3.20447e+06 946869 66656 3498.95 197.078 11.0058 0.554236 0.0231217
0.0015981 0.0342985 0.622799 10.6397 175.06 2532.79 23599.3 76266.1 154732 244912 330859 397764 434284 434284 397764 330859 244912 154732 76266.1 23599.3 2532.79 175.06 10.6397 0.622799 0.0342985 0.0015981
9.93861e-05 0.0019738 0.0333977 0.525894 7.44214 83.6802 588.864 1816.74 3655.73 5777.54 7802.69 9379.9 10240.9 10240.9 9379.9 7802.69 5777.54 3655.73 1816.74 588.864 83.6802 7.44214 0.525894 0.0333977 0.0019738 9.93861e-05
5.21639e-06 9.73447e-05 0.00153012 0.0217276 0.263166 2.41699 14.0049 41.3911 82.5398 130.199 175.763 211.271 230.66 230.66 211.271 175.763 130.199 82.5398 41.3911 14.0049 2.41699 0.263166 0.0217276 0.00153012 9.73447e-05 5.21639e-06
