0.0018858 0.0354355 0.563003 8.09759 99.2711 920.208 5364.05 15916 31855.8 50422.9 68267.9 82232.4 89877.7 89877.7 82232.4 68267.9 50422.9 31855.8 15916 5364.05 920.208 99.2711 8.09759 0.563003 0.0354355 0.0018858
0.0358661 0.715336 12.2118 194.917 2799.96 31862.1 225833 699631 1.41328e+06 2.24166e+06 3.03668e+06 3.65855e+06 3.99897e+06 3.99897e+06 3.65855e+06 3.03668e+06 2.24166e+06 1.41328e+06 699631 225833 31862.1 2799.96 194.917 12.2118 0.715336 0.0358661
0.577486 12.4015 226.14 3907.65 65472.1 963366 9.05986e+06 2.94071e+07 5.99045e+07 9.5179e+07 1.28993e+08 1.55434e+08 1.69908e+08 1.69908e+08 1.55434e+08 1.28993e+08 9.5179e+07 5.99045e+07 2.94071e+07 9.05986e+06 963366 65472.1 3907.65 226.14 12.4015 0.577486
8.40113 200.972 3984.04 71568.5 1.29226e+06 2.52637e+07 3.63765e+08 1.23675e+09 2.53638e+09 4.03485e+09 5.4701e+09 6.59226e+09 7.20651e+09 7.20651e+09 6.59226e+09 5.4701e+09 4.03485e+09 2.53638e+09 1.23675e+09 3.63765e+08 2.52637e+07 1.29226e+06 71568.5 3984.04 200.972 8.40113
103.823 2919.98 67920.8 1.32604e+06 2.20496e+07 4.95044e+08 1.46928e+10 5.21098e+10 1.07376e+11 1.70947e+11 2.31812e+11 2.79399e+11 3.05448e+11 3.05448e+11 2.79399e+11 2.31812e+11 1.70947e+11 1.07376e+11 5.21098e+10 1.46928e+10 4.95044e+08 2.20496e+07 1.32604e+06 67920.8 2919.98 103.823
967.343 33460.3 1.00994e+06 2.64004e+07 5.13534e+08 7.29359e+09 7.21167e+11 2.61891e+12 5.39695e+12 8.58586e+12 1.16373e+13 1.40226e+13 1.53282e+13 1.53282e+13 1.40226e+13 1.16373e+13 8.58586e+12 5.39695e+12 2.61891e+12 7.21167e+11 7.29359e+09 5.13534e+08 2.64004e+07 1.00994e+06 33460.3 967.343
5656.34 238155 9.555e+06 3.8369e+08 1.55002e+10 7.56197e+11 6.87183e+13 2.39886e+14 4.86643e+14 7.67956e+14 1.03618e+15 1.24548e+15 1.35996e+15 1.35996e+15 1.24548e+15 1.03618e+15 7.67956e+14 4.86643e+14 2.39886e+14 6.87183e+13 7.56197e+11 1.55002e+10 3.8369e+08 9.555e+06 238155 5656.34
16792.5 738280 3.10371e+07 1.30554e+09 5.50195e+10 2.74935e+12 2.40602e+14 8.37742e+14 1.69775e+15 2.67773e+15 3.61192e+15 4.34078e+15 4.73941e+15 4.73941e+15 4.34078e+15 3.61192e+15 2.67773e+15 1.69775e+15 8.37742e+14 2.40602e+14 2.74935e+12 5.50195e+10 1.30554e+09 3.10371e+07 738280 16792.5
33597 1.49076e+06 6.3199e+07 2.67633e+09 1.1332e+11 5.66392e+12 4.88441e+14 1.69899e+15 3.44178e+15 5.42736e+15 7.31997e+15 8.79656e+15 9.60411e+15 9.60411e+15 8.79656e+15 7.31997e+15 5.42736e+15 3.44178e+15 1.69899e+15 4.88441e+14 5.66392e+12 1.1332e+11 2.67633e+09 6.3199e+07 1.49076e+06 33597
53138.5 2.36269e+06 1.00332e+08 4.2539e+09 1.80254e+11 9.00355e+12 7.70792e+14 2.67976e+15 5.42755e+15 8.5578e+15 1.15413e+16 1.3869e+16 1.5142e+16 1.5142e+16 1.3869e+16 1.15413e+16 8.5578e+15 5.42754e+15 2.67976e+15 7.70792e+14 9.00355e+12 1.80254e+11 4.2539e+09 1.00332e+08 2.36269e+06 53138.5
71884.3 3.19787e+06 1.35855e+08 5.76175e+09 2.442e+11 1.21925e+13 1.03973e+15 3.61377e+15 7.3185e+15 1.15386e+16 1.55609e+16 1.86988e+16 2.0415e+16 2.0415e+16 1.86988e+16 1.55609e+16 1.15386e+16 7.3185e+15 3.61377e+15 1.03973e+15 1.21925e+13 2.442e+11 5.76175e+09 1.35855e+08 3.19787e+06 71884.3
86528 3.84998e+06 1.63581e+08 6.93842e+09 2.94097e+11 1.46805e+13 1.24935e+15 4.34176e+15 8.79233e+15 1.38619e+16 1.86937e+16 2.24632e+16 2.45247e+16 2.45247e+16 2.24632e+16 1.86937e+16 1.38619e+16 8.79233e+15 4.34176e+15 1.24935e+15 1.46805e+13 2.94097e+11 6.93842e+09 1.63581e+08 3.84998e+06 86528
94535.5 4.20651e+06 1.78739e+08 7.58164e+09 3.21372e+11 1.60405e+13 1.36392e+15 4.73962e+15 9.59779e+15 1.51316e+16 2.04058e+16 2.45204e+16 2.67706e+16 2.67706e+16 2.45204e+16 2.04058e+16 1.51316e+16 9.59779e+15 4.73962e+15 1.36392e+15 1.60405e+13 3.21372e+11 7.58164e+09 1.78739e+08 4.20651e+06 94535.5
94535.5 4.20651e+06 1.78739e+08 7.58164e+09 3.21372e+11 1.60405e+13 1.36392e+15 4.73962e+15 9.59779e+15 1.51316e+16 2.04058e+16 2.45204e+16 2.67706e+16 2.67706e+16 2.45204e+16 2.04058e+16 1.51316e+16 9.59779e+15 4.73962e+15 1.36392e+15 1.60405e+13 3.21372e+11 7.58164e+09 1.78739e+08 4.20651e+06 94535.5
86528 3.84998e+06 1.63581e+08 6.93842e+09 2.94097e+11 1.46805e+13 1.24935e+15 4.34176e+15 8.79233e+15 1.38619e+16 1.86937e+16 2.24632e+16 2.45247e+16 2.45247e+16 2.24632e+16 1.86937e+16 1.38619e+16 8.79233e+15 4.34176e+15 1.24935e+15 1.46805e+13 2.94097e+11 6.93842e+09 1.63581e+08 3.84998e+06 86528
71884.3 3.19787e+06 1.35855e+08 5.76175e+09 2.442e+11 1.21925e+13 1.03973e+15 3.61377e+15 7.3185e+15 1.15386e+16 1.55609e+16 1.86988e+16 2.0415e+16 2.0415e+16 1.86988e+16 1.55609e+16 1.15386e+16 7.3185e+15 3.61377e+15 1.03973e+15 1.21925e+13 2.442e+11 5.76175e+09 1.35855e+08 3.19787e+06 71884.3
53138.5 2.36269e+06 1.00332e+08 4.2539e+09 1.80254e+11 9.00355e+12 7.70792e+14 2.67976e+15 5.42754e+15 8.5578e+15 1.15413e+16 1.3869e+16 1.5142e+16 1.5142e+16 1.3869e+16 1.15413e+16 8.5578e+15 5.42755e+15 2.67976e+15 7.70792e+14 9.00355e+12 1.80254e+11 4.2539e+09 1.00332e+08 2.36269e+06 53138.5
33597 1.49076e+06 6.3199e+07 2.67633e+09 1.1332e+11 5.66392e+12 4.88441e+14 1.69899e+15 3.44178e+15 5.42736e+15 7.31997e+15 8.79656e+15 9.60411e+15 9.60411e+15 8.79656e+15 7.31997e+15 5.42736e+15 3.44178e+15 1.69899e+15 4.88441e+14 5.66392e+12 1.1332e+11 2.67633e+09 6.3199e+07 1.49076e+06 33597
16792.5 738280 3.10371e+07 1.30554e+09 5.50195e+10 2.74935e+12 2.40602e+14 8.37742e+14 1.69775e+15 2.67773e+15 3.61192e+15 4.34078e+15 4.73941e+15 4.73941e+15 4.34078e+15 3.61192e+15 2.67773e+15 1.69775e+15 8.37742e+14 2.40602e+14 2.74935e+12 5.50195e+10 1.30554e+09 3.10371e+07 738280 16792.5
5656.34 238155 9.555e+06 3.8369e+08 1.55002e+10 7.56197e+11 6.87183e+13 2.39886e+14 4.86643e+14 7.67956e+14 1.03618e+15 1.24548e+15 1.35996e+15 1.35996e+15 1.24548e+15 1.03618e+15 7.67956e+14 4.86643e+14 2.39886e+14 6.87183e+13 7.56197e+11 1.55002e+10 3.8369e+08 9.555e+06 238155 5656.34
967.343 33460.3 1.00994e+06 2.64004e+07 5.13534e+08 7.29359e+09 7.21167e+11 2.61891e+12 5.39695e+12 8.58586e+12 1.16373e+13 1.40226e+13 1.53282e+13 1.53282e+13 1.40226e+13 1.16373e+13 8.58586e+12 5.39695e+12 2.61891e+12 7.21167e+11 7.29359e+09 5.13534e+08 2.64004e+07 1.00994e+06 33460.3 967.343
103.823 2919.98 67920.8 1.32604e+06 2.20496e+07 4.95044e+08 1.46928e+10 5.21098e+10 1.07376e+11 1.70947e+11 2.31812e+11 2.79399e+11 3.05448e+11 3.05448e+11 2.79399e+11 2.31812e+11 1.70947e+11 1.07376e+11 5.21098e+10 1.46928e+10 4.95044e+08 2.20496e+07 1.32604e+06 67920.8 2919.98 103.823
8.40113 200.972 3984.04 71568.5 1.29226e+06 2.52637e+07 3.63765e+08 1.23675e+09 2.53638e+09 4.03485e+09 5.4701e+09 6.59226e+09 7.20651e+09 7.20651e+09 6.59226e+09 5.4701e+09 4.03485e+09 2.53638e+09 1.23675e+09 3.63765e+08 2.52637e+07 1.29226e+06 71568.5 3984.04 200.972 8.40113
0.577486 12.4015 226.14 3907.65 65472.1 963366 9.05986e+06 2.94071e+07 5.99045e+07 9.5179e+07 1.28993e+08 1.55434e+08 1.69908e+08 1.69908e+08 1.55434e+08 1.28993e+08 9.5179e+07 5.99045e+07 2.94071e+07 9.05986e+06 963366 65472.1 3907.65 226.14 12.4015 0.577486
0.0358661 0.715336 12.2118 194.917 2799.96 31862.1 225833 699631 1.41328e+06 2.24166e+06 3.03668e+06 3.65855e+06 3.99897e+06 3.99897e+06 3.65855e+06 3.03668e+06 2.24166e+06 1.41328e+06 699631 225833 31862.1 2799.96 194.917 12.2118 0.715336 0.0358661
0.0018858 0.0354355 0.563003 8.09759 99.2711 920.208 5364.05 15916 31855.8 50422.9 68267.9 82232.4 89877.7 89877.7 82232.4 68267.9 50422.9 31855.8 15916 5364.05 920.208 99.2711 8.09759 0.563003 0.0354355 0.0018858
