1.21559 22.8291 360.97 5150.79 62666 578334 3.36995e+06 1.00238e+07 2.01016e+07 3.18286e+07 4.30473e+07 5.17709e+07 5.65218e+07 5.65218e+07 5.17709e+07 4.30473e+07 3.18286e+07 2.01016e+07 1.00238e+07 3.36995e+06 578334 62666 5150.79 360.97 22.8291 1.21559
23.358 467.227 7957.16 125868 1.78703e+06 2.0165e+07 1.42597e+08 4.42813e+08 8.96246e+08 1.42189e+09 1.9237e+09 2.31347e+09 2.5256e+09 2.5256e+09 2.31347e+09 1.9237e+09 1.42189e+09 8.96246e+08 4.42813e+08 1.42597e+08 2.0165e+07 1.78703e+06 125868 7957.16 467.227 23.358
378.693 8194.34 149973 2.57551e+06 4.24598e+07 6.15116e+08 5.7517e+09 1.87134e+10 3.81982e+10 6.06987e+10 8.21392e+10 9.87749e+10 1.07823e+11 1.07823e+11 9.87749e+10 8.21392e+10 6.06987e+10 3.81982e+10 1.87134e+10 5.7517e+09 6.15116e+08 4.24598e+07 2.57551e+06 149973 8194.34 378.693
5515.55 133369 2.67368e+06 4.82542e+07 8.58812e+08 1.6321e+10 2.32084e+11 7.9101e+11 1.6258e+12 2.58644e+12 3.50042e+12 4.2089e+12 4.594e+12 4.594e+12 4.2089e+12 3.50042e+12 2.58644e+12 1.6258e+12 7.9101e+11 2.32084e+11 1.6321e+10 8.58812e+08 4.82542e+07 2.67368e+06 133369 5515.55
67939.9 1.93081e+06 4.55382e+07 9.04227e+08 1.51931e+10 3.26729e+11 9.4109e+12 3.34705e+13 6.91348e+13 1.10065e+14 1.48961e+14 1.79086e+14 1.95449e+14 1.95449e+14 1.79086e+14 1.48961e+14 1.10065e+14 6.91348e+13 3.34705e+13 9.4109e+12 3.26729e+11 1.51931e+10 9.04227e+08 4.55382e+07 1.93081e+06 67939.9
630086 2.19638e+07 6.6973e+08 1.77587e+10 3.54983e+11 5.21449e+12 4.65533e+14 1.69548e+15 3.50339e+15 5.57441e+15 7.54164e+15 9.06503e+15 9.89252e+15 9.89252e+15 9.06503e+15 7.54164e+15 5.57441e+15 3.50339e+15 1.69548e+15 4.65533e+14 5.21449e+12 3.54983e+11 1.77587e+10 6.6973e+08 2.19638e+07 630086
3.67304e+06 1.55419e+08 6.26882e+09 2.52951e+11 1.02572e+13 4.98065e+14 4.43461e+16 1.55411e+17 3.16495e+17 5.00591e+17 6.75927e+17 8.12323e+17 8.86705e+17 8.86705e+17 8.12323e+17 6.75927e+17 5.00591e+17 3.16495e+17 1.55411e+17 4.43461e+16 4.98065e+14 1.02572e+13 2.52951e+11 6.26882e+09 1.55419e+08 3.67304e+06
1.09192e+07 4.82356e+08 2.03842e+10 8.61629e+11 3.64588e+13 1.81588e+15 1.56016e+17 5.45192e+17 1.10884e+18 1.75251e+18 2.36532e+18 2.84199e+18 3.10192e+18 3.10192e+18 2.84199e+18 2.36532e+18 1.75251e+18 1.10884e+18 5.45192e+17 1.56016e+17 1.81588e+15 3.64588e+13 8.61629e+11 2.03842e+10 4.82356e+08 1.09192e+07
2.1877e+07 9.75362e+08 4.15687e+10 1.76921e+12 7.52313e+13 3.7503e+15 3.18013e+17 1.10986e+18 2.2555e+18 3.56266e+18 4.80631e+18 5.77318e+18 6.30028e+18 6.30028e+18 5.77318e+18 4.80631e+18 3.56266e+18 2.2555e+18 1.10986e+18 3.18013e+17 3.7503e+15 7.52313e+13 1.76921e+12 4.15687e+10 9.75362e+08 2.1877e+07
3.46021e+07 1.54567e+09 6.59785e+10 2.81124e+12 1.19624e+14 5.96124e+15 5.02934e+17 1.75399e+18 3.56241e+18 5.62401e+18 7.58392e+18 9.10671e+18 9.93656e+18 9.93656e+18 9.10671e+18 7.58392e+18 5.62401e+18 3.56241e+18 1.75399e+18 5.02934e+17 5.96124e+15 1.19624e+14 2.81124e+12 6.59785e+10 1.54567e+09 3.46021e+07
4.67483e+07 2.08887e+09 8.91818e+10 3.80015e+12 1.617e+14 8.05576e+15 6.78735e+17 2.36617e+18 4.8037e+18 7.58035e+18 1.02182e+19 1.22665e+19 1.33823e+19 1.33823e+19 1.22665e+19 1.02182e+19 7.58035e+18 4.8037e+18 2.36617e+18 6.78735e+17 8.05576e+15 1.617e+14 3.80015e+12 8.91818e+10 2.08887e+09 4.67483e+07
5.61739e+07 2.50988e+09 1.07145e+11 4.56493e+12 1.94208e+14 9.67359e+15 8.15237e+17 2.84148e+18 5.76701e+18 9.09769e+18 1.22601e+19 1.47147e+19 1.60515e+19 1.60515e+19 1.47147e+19 1.22601e+19 9.09769e+18 5.76701e+18 2.84148e+18 8.15237e+17 9.67359e+15 1.94208e+14 4.56493e+12 1.07145e+11 2.50988e+09 5.61739e+07
6.12996e+07 2.73867e+09 1.169e+11 4.97995e+12 2.11836e+14 1.05508e+16 8.89573e+17 3.10033e+18 6.29149e+18 9.9235e+18 1.3371e+19 1.60463e+19 1.7503e+19 1.7503e+19 1.60463e+19 1.3371e+19 9.9235e+18 6.29149e+18 3.10033e+18 8.89573e+17 1.05508e+16 2.11836e+14 4.97995e+12 1.169e+11 2.73867e+09 6.12996e+07
6.12996e+07 2.73867e+09 1.169e+11 4.97995e+12 2.11836e+14 1.05508e+16 8.89573e+17 3.10033e+18 6.29149e+18 9.9235e+18 1.3371e+19 1.60463e+19 1.7503e+19 1.7503e+19 1.60463e+19 1.3371e+19 9.9235e+18 6.29149e+18 3.10033e+18 8.89573e+17 1.05508e+16 2.11836e+14 4.97995e+12 1.169e+11 2.73867e+09 6.12996e+07
5.61739e+07 2.50988e+09 1.07145e+11 4.56493e+12 1.94208e+14 9.67359e+15 8.15237e+17 2.84148e+18 5.76701e+18 9.09769e+18 1.22601e+19 1.47147e+19 1.60515e+19 1.60515e+19 1.47147e+19 1.22601e+19 9.09769e+18 5.76701e+18 2.84148e+18 8.15237e+17 9.67359e+15 1.94208e+14 4.56493e+12 1.07145e+11 2.50988e+09 5.61739e+07
4.67483e+07 2.08887e+09 8.91818e+10 3.80015e+12 1.617e+14 8.05576e+15 6.78735e+17 2.36617e+18 4.8037e+18 7.58035e+18 1.02182e+19 1.22665e+19 1.33823e+19 1.33823e+19 1.22665e+19 1.02182e+19 7.58035e+18 4.8037e+18 2.36617e+18 6.78735e+17 8.05576e+15 1.617e+14 3.80015e+12 8.91818e+10 2.08887e+09 4.67483e+07
3.46021e+07 1.54567e+09 6.59785e+10 2.81124e+12 1.19624e+14 5.96124e+15 5.02934e+17 1.75399e+18 3.56241e+18 5.62401e+18 7.58392e+18 9.10671e+18 9.93656e+18 9.93656e+18 9.10671e+18 7.58392e+18 5.62401e+18 3.56241e+18 1.75399e+18 5.02934e+17 5.96124e+15 1.19624e+14 2.81124e+12 6.59785e+10 1.54567e+09 3.46021e+07
2.1877e+07 9.75362e+08 4.15687e+10 1.76921e+12 7.52313e+13 3.7503e+15 3.18013e+17 1.10986e+18 2.2555e+18 3.56266e+18 4.80631e+18 5.77318e+18 6.30028e+18 6.30028e+18 5.77318e+18 4.80631e+18 3.56266e+18 2.2555e+18 1.10986e+18 3.18013e+17 3.7503e+15 7.52313e+13 1.76921e+12 4.15687e+10 9.75362e+08 2.1877e+07
1.09192e+07 4.82356e+08 2.03842e+10 8.61629e+11 3.64588e+13 1.81588e+15 1.56016e+17 5.45192e+17 1.10884e+18 1.75251e+18 2.36532e+18 2.84199e+18 3.10192e+18 3.10192e+18 2.84199e+18 2.36532e+18 1.75251e+18 1.10884e+18 5.45192e+17 1.56016e+17 1.81588e+15 3.64588e+13 8.61629e+11 2.03842e+10 4.82356e+08 1.09192e+07
3.67304e+06 1.55419e+08 6.26882e+09 2.52951e+11 1.02572e+13 4.98065e+14 4.43461e+16 1.55411e+17 3.16495e+17 5.00591e+17 6.75927e+17 8.12323e+17 8.86705e+17 8.86705e+17 8.12323e+17 6.75927e+17 5.00591e+17 3.16495e+17 1.55411e+17 4.43461e+16 4.98065e+14 1.02572e+13 2.52951e+11 6.26882e+09 1.55419e+08 3.67304e+06
630086 2.19638e+07 6.6973e+08 1.77587e+10 3.54983e+11 5.21449e+12 4.65533e+14 1.69548e+15 3.50339e+15 5.57441e+15 7.54164e+15 9.06503e+15 9.89252e+15 9.89252e+15 9.06503e+15 7.54164e+15 5.57441e+15 3.50339e+15 1.69548e+15 4.65533e+14 5.21449e+12 3.54983e+11 1.77587e+10 6.6973e+08 2.19638e+07 630086
67939.9 1.93081e+06 4.55382e+07 9.04227e+08 1.51931e+10 3.26729e+11 9.4109e+12 3.34705e+13 6.91348e+13 1.10065e+14 1.48961e+14 1.79086e+14 1.95449e+14 1.95449e+14 1.79086e+14 1.48961e+14 1.10065e+14 6.91348e+13 3.34705e+13 9.4109e+12 3.26729e+11 1.51931e+10 9.04227e+08 4.55382e+07 1.93081e+06 67939.9
5515.55 133369 2.67368e+06 4.82542e+07 8.58812e+08 1.6321e+10 2.32084e+11 7.9101e+11 1.6258e+12 2.58644e+12 3.50042e+12 4.2089e+12 4.594e+12 4.594e+12 4.2089e+12 3.50042e+12 2.58644e+12 1.6258e+12 7.9101e+11 2.32084e+11 1.6321e+10 8.58812e+08 4.82542e+07 2.67368e+06 133369 5515.55
378.693 8194.34 149973 2.57551e+06 4.24598e+07 6.15116e+08 5.7517e+09 1.87134e+10 3.81982e+10 6.06987e+10 8.21392e+10 9.87749e+10 1.07823e+11 1.07823e+11 9.87749e+10 8.21392e+10 6.06987e+10 3.81982e+10 1.87134e+10 5.7517e+09 6.15116e+08 4.24598e+07 2.57551e+06 149973 8194.34 378.693
23.358 467.227 7957.16 125868 1.78703e+06 2.0165e+07 1.42597e+08 4.42813e+08 8.96246e+08 1.42189e+09 1.9237e+09 2.31347e+09 2.5256e+09 2.5256e+09 2.31347e+09 1.9237e+09 1.42189e+09 8.96246e+08 4.42813e+08 1.42597e+08 2.0165e+07 1.78703e+06 125868 7957.16 467.227 23.358
1.21559 22.8291 360.97 5150.79 62666 578334 3.36995e+06 1.00238e+07 2.01016e+07 3.18286e+07 4.30473e+07 5.17709e+07 5.65218e+07 5.65218e+07 5.17709e+07 4.30473e+07 3.18286e+07 2.01016e+07 1.00238e+07 3.36995e+06 578334 62666 5150.79 360.97 22.8291 1.21559
