7.92432 147.146 2286.13 31927.1 380200 3.44622e+06 1.97967e+07 5.80432e+07 1.14478e+08 1.78125e+08 2.37089e+08 2.81679e+08 3.05506e+08 3.05506e+08 2.81679e+08 2.37089e+08 1.78125e+08 1.14478e+08 5.80432e+07 1.97967e+07 3.44622e+06 380200 31927.1 2286.13 147.146 7.92432
152.316 3025.13 50793.4 786152 1.08845e+07 1.20172e+08 8.36523e+08 2.55944e+09 5.09148e+09 7.93178e+09 1.05536e+10 1.25314e+10 1.35866e+10 1.35866e+10 1.25314e+10 1.05536e+10 7.93178e+09 5.09148e+09 2.55944e+09 8.36523e+08 1.20172e+08 1.08845e+07 786152 50793.4 3025.13 152.316
2458.04 53099.6 965029 1.62832e+07 2.60847e+08 3.67195e+09 3.37045e+10 1.07988e+11 2.16491e+11 3.37524e+11 4.48849e+11 5.32622e+11 5.77244e+11 5.77244e+11 5.32622e+11 4.48849e+11 3.37524e+11 2.16491e+11 1.07988e+11 3.37045e+10 3.67195e+09 2.60847e+08 1.62832e+07 965029 53099.6 2458.04
35419 858396 1.72354e+07 3.09431e+08 5.37083e+09 9.79694e+10 1.35935e+12 4.55979e+12 9.1972e+12 1.4343e+13 1.90606e+13 2.26021e+13 2.44854e+13 2.44854e+13 2.26021e+13 1.90606e+13 1.4343e+13 9.1972e+12 4.55979e+12 1.35935e+12 9.79694e+10 5.37083e+09 3.09431e+08 1.72354e+07 858396 35419
429656 1.22436e+07 2.9031e+08 5.81334e+09 9.78657e+10 1.99538e+12 5.51371e+13 1.9287e+14 3.90619e+14 6.09056e+14 8.08736e+14 9.58275e+14 1.03767e+15 1.03767e+15 9.58275e+14 8.08736e+14 6.09056e+14 3.90619e+14 1.9287e+14 5.51371e+13 1.99538e+12 9.78657e+10 5.81334e+09 2.9031e+08 1.22436e+07 429656
3.91755e+06 1.36651e+08 4.17828e+09 1.11624e+11 2.2792e+12 3.43832e+13 2.74817e+15 9.8396e+15 1.9935e+16 3.10705e+16 4.12524e+16 4.88826e+16 5.2936e+16 5.2936e+16 4.88826e+16 4.12524e+16 3.10705e+16 1.9935e+16 9.8396e+15 2.74817e+15 3.43832e+13 2.2792e+12 1.11624e+11 4.17828e+09 1.36651e+08 3.91755e+06
2.24641e+07 9.4909e+08 3.82342e+10 1.5418e+12 6.25272e+13 3.01578e+15 2.61293e+17 9.05797e+17 1.82057e+18 2.84019e+18 3.78771e+18 4.50978e+18 4.89821e+18 4.89821e+18 4.50978e+18 3.78771e+18 2.84019e+18 1.82057e+18 9.05797e+17 2.61293e+17 3.01578e+15 6.25272e+13 1.5418e+12 3.82342e+10 9.4909e+08 2.24641e+07
6.57692e+07 2.89939e+09 1.22299e+11 5.16275e+12 2.1832e+14 1.08079e+16 9.0985e+17 3.14654e+18 6.31713e+18 9.8484e+18 1.31285e+19 1.56276e+19 1.69719e+19 1.69719e+19 1.56276e+19 1.31285e+19 9.8484e+18 6.31713e+18 3.14654e+18 9.0985e+17 1.08079e+16 2.1832e+14 5.16275e+12 1.22299e+11 2.89939e+09 6.57692e+07
1.29567e+08 5.7609e+09 2.44883e+11 1.04004e+13 4.41596e+14 2.18806e+16 1.82959e+18 6.3203e+18 1.26758e+19 1.97418e+19 2.62939e+19 3.12788e+19 3.39576e+19 3.39576e+19 3.12788e+19 2.62939e+19 1.97418e+19 1.26758e+19 6.3203e+18 1.82959e+18 2.18806e+16 4.41596e+14 1.04004e+13 2.44883e+11 5.7609e+09 1.29567e+08
2.01395e+08 8.96509e+09 3.81369e+11 1.62009e+13 6.87734e+14 3.40617e+16 2.85193e+18 9.84564e+18 1.97265e+19 3.06888e+19 4.08322e+19 4.8535e+19 5.26692e+19 5.26692e+19 4.8535e+19 4.08322e+19 3.06888e+19 1.97265e+19 9.84564e+18 2.85193e+18 3.40617e+16 6.87734e+14 1.62009e+13 3.81369e+11 8.96509e+09 2.01395e+08
2.67822e+08 1.19174e+10 5.0667e+11 2.15083e+13 9.12267e+14 4.5166e+16 3.79864e+18 1.3109e+19 2.62422e+19 4.07836e+19 5.42105e+19 6.43882e+19 6.98439e+19 6.98439e+19 6.43882e+19 5.42105e+19 4.07836e+19 2.62422e+19 1.3109e+19 3.79864e+18 4.5166e+16 9.12267e+14 2.15083e+13 5.0667e+11 1.19174e+10 2.67822e+08
3.1798e+08 1.4141e+10 6.00802e+11 2.54855e+13 1.08011e+15 5.3464e+16 4.51765e+18 1.55871e+19 3.1183e+19 4.84243e+19 6.4318e+19 7.63484e+19 8.27907e+19 8.27907e+19 7.63484e+19 6.4318e+19 4.84243e+19 3.1183e+19 1.55871e+19 4.51765e+18 5.3464e+16 1.08011e+15 2.54855e+13 6.00802e+11 1.4141e+10 3.1798e+08
3.44753e+08 1.53261e+10 6.50885e+11 2.7598e+13 1.16911e+15 5.78632e+16 4.9035e+18 1.69168e+19 3.38319e+19 5.25155e+19 6.97233e+19 8.2738e+19 8.97037e+19 8.97037e+19 8.2738e+19 6.97233e+19 5.25155e+19 3.38319e+19 1.69168e+19 4.9035e+18 5.78632e+16 1.16911e+15 2.7598e+13 6.50885e+11 1.53261e+10 3.44753e+08
3.44753e+08 1.53261e+10 6.50885e+11 2.7598e+13 1.16911e+15 5.78632e+16 4.9035e+18 1.69168e+19 3.38319e+19 5.25155e+19 6.97233e+19 8.2738e+19 8.97037e+19 8.97037e+19 8.2738e+19 6.97233e+19 5.25155e+19 3.38319e+19 1.69168e+19 4.9035e+18 5.78632e+16 1.16911e+15 2.7598e+13 6.50885e+11 1.53261e+10 3.44753e+08
3.1798e+08 1.4141e+10 6.00802e+11 2.54855e+13 1.08011e+15 5.3464e+16 4.51765e+18 1.55871e+19 3.1183e+19 4.84243e+19 6.4318e+19 7.63484e+19 8.27907e+19 8.27907e+19 7.63484e+19 6.4318e+19 4.84243e+19 3.1183e+19 1.55871e+19 4.51765e+18 5.3464e+16 1.08011e+15 2.54855e+13 6.00802e+11 1.4141e+10 3.1798e+08
2.67822e+08 1.19174e+10 5.0667e+11 2.15083e+13 9.12267e+14 4.5166e+16 3.79864e+18 1.3109e+19 2.62422e+19 4.07836e+19 5.42105e+19 6.43882e+19 6.98439e+19 6.98439e+19 6.43882e+19 5.42105e+19 4.07836e+19 2.62422e+19 1.3109e+19 3.79864e+18 4.5166e+16 9.12267e+14 2.15083e+13 5.0667e+11 1.19174e+10 2.67822e+08
2.01395e+08 8.96509e+09 3.81369e+11 1.62009e+13 6.87734e+14 3.40617e+16 2.85193e+18 9.84564e+18 1.97265e+19 3.06888e+19 4.08322e+19 4.8535e+19 5.26692e+19 5.26692e+19 4.8535e+19 4.08322e+19 3.06888e+19 1.97265e+19 9.84564e+18 2.85193e+18 3.40617e+16 6.87734e+14 1.62009e+13 3.81369e+11 8.96509e+09 2.01395e+08
1.29567e+08 5.7609e+09 2.44883e+11 1.04004e+13 4.41596e+14 2.18806e+16 1.82959e+18 6.3203e+18 1.26758e+19 1.97418e+19 2.62939e+19 3.12788e+19 3.39576e+19 3.39576e+19 3.12788e+19 2.62939e+19 1.97418e+19 1.26758e+19 6.3203e+18 1.82959e+18 2.18806e+16 4.41596e+14 1.04004e+13 2.44883e+11 5.7609e+09 1.29567e+08
6.57692e+07 2.89939e+09 1.22299e+11 5.16275e+12 2.1832e+14 1.08079e+16 9.0985e+17 3.14654e+18 6.31713e+18 9.8484e+18 1.31285e+19 1.56276e+19 1.69719e+19 1.69719e+19 1.56276e+19 1.31285e+19 9.8484e+18 6.31713e+18 3.14654e+18 9.0985e+17 1.08079e+16 2.1832e+14 5.16275e+12 1.22299e+11 2.89939e+09 6.57692e+07
2.24641e+07 9.4909e+08 3.82342e+10 1.5418e+12 6.25272e+13 3.01578e+15 2.61293e+17 9.05797e+17 1.82057e+18 2.84019e+18 3.78771e+18 4.50978e+18 4.89821e+18 4.89821e+18 4.50978e+18 3.78771e+18 2.84019e+18 1.82057e+18 9.05797e+17 2.61293e+17 3.01578e+15 6.25272e+13 1.5418e+12 3.82342e+10 9.4909e+08 2.24641e+07
3.91755e+06 1.36651e+08 4.17828e+09 1.11624e+11 2.2792e+12 3.43832e+13 2.74817e+15 9.8396e+15 1.9935e+16 3.10705e+16 4.12524e+16 4.88826e+16 5.2936e+16 5.2936e+16 4.88826e+16 4.12524e+16 3.10705e+16 1.9935e+16 9.8396e+15 2.74817e+15 3.43832e+13 2.2792e+12 1.11624e+11 4.17828e+09 1.36651e+08 3.91755e+06
429656 1.22436e+07 2.9031e+08 5.81334e+09 9.78657e+10 1.99538e+12 5.51371e+13 1.9287e+14 3.90619e+14 6.09056e+14 8.08736e+14 9.58275e+14 1.03767e+15 1.03767e+15 9.58275e+14 8.08736e+14 6.09056e+14 3.90619e+14 1.9287e+14 5.51371e+13 1.99538e+12 9.78657e+10 5.81334e+09 2.9031e+08 1.22436e+07 429656
35419 858396 1.72354e+07 3.09431e+08 5.37083e+09 9.79694e+10 1.35935e+12 4.55979e+12 9.1972e+12 1.4343e+13 1.90606e+13 2.26021e+13 2.44854e+13 2.44854e+13 2.26021e+13 1.90606e+13 1.4343e+13 9.1972e+12 4.55979e+12 1.35935e+12 9.79694e+10 5.37083e+09 3.09431e+08 1.72354e+07 858396 35419
2458.04 53099.6 965029 1.62832e+07 2.60847e+08 3.67195e+09 3.37045e+10 1.07988e+11 2.16491e+11 3.37524e+11 4.48849e+11 5.32622e+11 5.77244e+11 5.77244e+11 5.32622e+11 4.48849e+11 3.37524e+11 2.16491e+11 1.07988e+11 3.37045e+10 3.67195e+09 2.60847e+08 1.62832e+07 965029 53099.6 2458.04
152.316 3025.13 50793.4 786152 1.08845e+07 1.20172e+08 8.36523e+08 2.55944e+09 5.09148e+09 7.93178e+09 1.05536e+10 1.25314e+10 1.35866e+10 1.35866e+10 1.25314e+10 1.05536e+10 7.93178e+09 5.09148e+09 2.55944e+09 8.36523e+08 1.20172e+08 1.08845e+07 786152 50793.4 3025.13 152.316
7.92432 147.146 2286.13 31927.1 380200 3.44622e+06 1.97967e+07 5.80432e+07 1.14478e+08 1.78125e+08 2.37089e+08 2.81679e+08 3.05506e+08 3.05506e+08 2.81679e+08 2.37089e+08 1.78125e+08 1.14478e+08 5.80432e+07 1.97967e+07 3.44622e+06 380200 31927.1 2286.13 147.146 7.92432
