0.012269 0.23285 3.73926 54.3487 673.076 6301.16 37110.7 111514 226376 363263 497533 604253 663245 663245 604253 497533 363263 226376 111514 37110.7 6301.16 673.076 54.3487 3.73926 0.23285 0.012269
0.235388 4.74349 81.8658 1320.83 19172 220337 1.57747e+06 4.95193e+06 1.0154e+07 1.63404e+07 2.24054e+07 2.72266e+07 2.98922e+07 2.98922e+07 2.72266e+07 2.24054e+07 1.63404e+07 1.0154e+07 4.95193e+06 1.57747e+06 220337 19172 1320.83 81.8658 4.74349 0.235388
3.82558 83.0039 1529.5 26705.3 452122 6.718e+06 6.37765e+07 2.09883e+08 4.34375e+08 7.00749e+08 9.61821e+08 1.1694e+09 1.2842e+09 1.2842e+09 1.1694e+09 9.61821e+08 7.00749e+08 4.34375e+08 2.09883e+08 6.37765e+07 6.718e+06 452122 26705.3 1529.5 83.0039 3.82558
56.1818 1357.6 27171.1 492509 8.97929e+06 1.77288e+08 2.57458e+09 8.8806e+09 1.852e+10 2.99363e+10 4.11253e+10 5.00248e+10 5.49474e+10 5.49474e+10 5.00248e+10 4.11253e+10 2.99363e+10 1.852e+10 8.8806e+09 2.57458e+09 1.77288e+08 8.97929e+06 492509 27171.1 1357.6 56.1818
701.004 19912.1 467246 9.18717e+06 1.53783e+08 3.48735e+09 1.04309e+11 3.7564e+11 7.87817e+11 1.2754e+12 1.75345e+12 2.13382e+12 2.34426e+12 2.34426e+12 2.13382e+12 1.75345e+12 1.2754e+12 7.87817e+11 3.7564e+11 1.04309e+11 3.48735e+09 1.53783e+08 9.18717e+06 467246 19912.1 701.004
6595.77 230387 7.01151e+06 1.8441e+08 3.59974e+09 5.12363e+10 5.1211e+12 1.8893e+13 3.96412e+13 6.41389e+13 8.81423e+13 1.07235e+14 1.17796e+14 1.17796e+14 1.07235e+14 8.81423e+13 6.41389e+13 3.96412e+13 1.8893e+13 5.1211e+12 5.12363e+10 3.59974e+09 1.8441e+08 7.01151e+06 230387 6595.77
38974.9 1.65673e+06 6.69817e+07 2.70406e+09 1.09563e+11 5.35141e+12 4.88455e+14 1.72467e+15 3.54569e+15 5.66692e+15 7.72703e+15 9.35674e+15 1.02556e+16 1.02556e+16 9.35674e+15 7.72703e+15 5.66692e+15 3.54569e+15 1.72467e+15 4.88456e+14 5.35141e+12 1.09563e+11 2.70406e+09 6.69817e+07 1.65673e+06 38974.9
117213 5.20569e+06 2.20668e+08 9.33829e+09 3.95057e+11 1.9773e+13 1.73026e+15 6.08906e+15 1.24986e+16 1.99568e+16 2.71952e+16 3.2919e+16 3.60752e+16 3.60752e+16 3.2919e+16 2.71952e+16 1.99568e+16 1.24986e+16 6.08906e+15 1.73026e+15 1.9773e+13 3.95057e+11 9.33829e+09 2.20668e+08 5.20569e+06 117213
237925 1.06736e+07 4.5667e+08 1.94736e+10 8.28509e+11 4.14917e+13 3.56122e+15 1.25131e+16 2.56656e+16 4.09617e+16 5.58019e+16 6.75347e+16 7.40038e+16 7.40038e+16 6.75347e+16 5.58019e+16 4.09617e+16 2.56656e+16 1.25131e+16 3.56122e+15 4.14917e+13 8.28509e+11 1.94736e+10 4.5667e+08 1.06736e+07 237925
381611 1.7168e+07 7.36348e+08 3.14617e+10 1.3406e+12 6.71052e+13 5.69404e+15 1.99885e+16 4.09797e+16 6.5383e+16 8.90536e+16 1.07765e+17 1.18081e+17 1.18081e+17 1.07765e+17 8.90536e+16 6.5383e+16 4.09797e+16 1.99885e+16 5.69404e+15 6.71052e+13 1.3406e+12 3.14617e+10 7.36348e+08 1.7168e+07 381611
522339 2.35253e+07 1.01002e+09 4.3192e+10 1.84181e+12 9.21614e+13 7.76434e+15 2.72404e+16 5.58311e+16 8.90612e+16 1.21288e+17 1.46761e+17 1.60804e+17 1.60804e+17 1.46761e+17 1.21288e+17 8.90612e+16 5.58311e+16 2.72404e+16 7.76434e+15 9.21614e+13 1.84181e+12 4.3192e+10 1.01002e+09 2.35253e+07 522339
634032 2.85713e+07 1.22729e+09 5.25071e+10 2.23996e+12 1.12059e+14 9.40096e+15 3.29711e+16 6.75653e+16 1.07767e+17 1.46752e+17 1.77563e+17 1.94549e+17 1.94549e+17 1.77563e+17 1.46752e+17 1.07767e+17 6.75653e+16 3.29712e+16 9.40096e+15 1.12059e+14 2.23996e+12 5.25071e+10 1.22729e+09 2.85713e+07 634032
695709 3.13582e+07 1.34731e+09 5.76536e+10 2.45997e+12 1.23053e+14 1.03031e+16 3.61295e+16 7.40319e+16 1.18075e+17 1.60782e+17 1.94535e+17 2.13142e+17 2.13142e+17 1.94535e+17 1.60782e+17 1.18075e+17 7.40319e+16 3.61295e+16 1.03031e+16 1.23053e+14 2.45997e+12 5.76536e+10 1.34731e+09 3.13582e+07 695709
695709 3.13582e+07 1.34731e+09 5.76536e+10 2.45997e+12 1.23053e+14 1.03031e+16 3.61295e+16 7.40319e+16 1.18075e+17 1.60782e+17 1.94535e+17 2.13142e+17 2.13142e+17 1.94535e+17 1.60782e+17 1.18075e+17 7.40319e+16 3.61295e+16 1.03031e+16 1.23053e+14 2.45997e+12 5.76536e+10 1.34731e+09 3.13582e+07 695709
634032 2.85713e+07 1.22729e+09 5.25071e+10 2.23996e+12 1.12059e+14 9.40096e+15 3.29712e+16 6.75653e+16 1.07767e+17 1.46752e+17 1.77563e+17 1.94549e+17 1.94549e+17 1.77563e+17 1.46752e+17 1.07767e+17 6.75653e+16 3.29711e+16 9.40096e+15 1.12059e+14 2.23996e+12 5.25071e+10 1.22729e+09 2.85713e+07 634032
522339 2.35253e+07 1.01002e+09 4.3192e+10 1.84181e+12 9.21614e+13 7.76434e+15 2.72404e+16 5.58311e+16 8.90612e+16 1.21288e+17 1.46761e+17 1.60804e+17 1.60804e+17 1.46761e+17 1.21288e+17 8.90612e+16 5.58311e+16 2.72404e+16 7.76434e+15 9.21614e+13 1.84181e+12 4.3192e+10 1.01002e+09 2.35253e+07 522339
381611 1.7168e+07 7.36348e+08 3.14617e+10 1.3406e+12 6.71052e+13 5.69404e+15 1.99885e+16 4.09797e+16 6.5383e+16 8.90536e+16 1.07765e+17 1.18081e+17 1.18081e+17 1.07765e+17 8.90536e+16 6.5383e+16 4.09797e+16 1.99885e+16 5.69404e+15 6.71052e+13 1.3406e+12 3.14617e+10 7.36348e+08 1.7168e+07 381611
237925 1.06736e+07 4.5667e+08 1.94736e+10 8.28509e+11 4.14917e+13 3.56122e+15 1.25131e+16 2.56656e+16 4.09617e+16 5.58019e+16 6.75347e+16 7.40038e+16 7.40038e+16 6.75347e+16 5.58019e+16 4.09617e+16 2.56656e+16 1.25131e+16 3.56122e+15 4.14917e+13 8.28509e+11 1.94736e+10 4.5667e+08 1.06736e+07 237925
117213 5.20569e+06 2.20668e+08 9.33829e+09 3.95057e+11 1.9773e+13 1.73026e+15 6.08906e+15 1.24986e+16 1.99568e+16 2.71952e+16 3.2919e+16 3.60752e+16 3.60752e+16 3.2919e+16 2.71952e+16 1.99568e+16 1.24986e+16 6.08906e+15 1.73026e+15 1.9773e+13 3.95057e+11 9.33829e+09 2.20668e+08 5.20569e+06 117213
38974.9 1.65673e+06 6.69817e+07 2.70406e+09 1.09563e+11 5.35141e+12 4.88456e+14 1.72467e+15 3.54569e+15 5.66692e+15 7.72703e+15 9.35674e+15 1.02556e+16 1.02556e+16 9.35674e+15 7.72703e+15 5.66692e+15 3.54569e+15 1.72467e+15 4.88455e+14 5.35141e+12 1.09563e+11 2.70406e+09 6.69817e+07 1.65673e+06 38974.9
6595.77 230387 7.01151e+06 1.8441e+08 3.59974e+09 5.12363e+10 5.1211e+12 1.8893e+13 3.96412e+13 6.41389e+13 8.81423e+13 1.07235e+14 1.17796e+14 1.17796e+14 1.07235e+14 8.81423e+13 6.41389e+13 3.96412e+13 1.8893e+13 5.1211e+12 5.12363e+10 3.59974e+09 1.8441e+08 7.01151e+06 230387 6595.77
701.004 19912.1 467246 9.18717e+06 1.53783e+08 3.48735e+09 1.04309e+11 3.7564e+11 7.87817e+11 1.2754e+12 1.75345e+12 2.13382e+12 2.34426e+12 2.34426e+12 2.13382e+12 1.75345e+12 1.2754e+12 7.87817e+11 3.7564e+11 1.04309e+11 3.48735e+09 1.53783e+08 9.18717e+06 467246 19912.1 701.004
56.1818 1357.6 27171.1 492509 8.97929e+06 1.77288e+08 2.57458e+09 8.8806e+09 1.852e+10 2.99363e+10 4.11253e+10 5.00248e+10 5.49474e+10 5.49474e+10 5.00248e+10 4.11253e+10 2.99363e+10 1.852e+10 8.8806e+09 2.57458e+09 1.77288e+08 8.97929e+06 492509 27171.1 1357.6 56.1818
3.82558 83.0039 1529.5 26705.3 452122 6.718e+06 6.37765e+07 2.09883e+08 4.34375e+08 7.00749e+08 9.61821e+08 1.1694e+09 1.2842e+09 1.2842e+09 1.1694e+09 9.61821e+08 7.00749e+08 4.34375e+08 2.09883e+08 6.37765e+07 6.718e+06 452122 26705.3 1529.5 83.0039 3.82558
0.235388 4.74349 81.8658 1320.83 19172 220337 1.57747e+06 4.95193e+06 1.0154e+07 1.63404e+07 2.24054e+07 2.72266e+07 2.98922e+07 2.98922e+07 2.72266e+07 2.24054e+07 1.63404e+07 1.0154e+07 4.95193e+06 1.57747e+06 220337 19172 1320.83 81.8658 4.74349 0.235388
0.012269 0.23285 3.73926 54.3487 673.076 6301.16 37110.7 111514 226376 363263 497533 604253 663245 663245 604253 497533 363263 226376 111514 37110.7 6301.16 673.076 54.3487 3.73926 0.23285 0.012269
