1.05312e-05 0.000197429 0.0031261 0.0447884 0.547161 5.05945 29.4566 87.4084 175.068 277.394 375.994 453.341 495.762 495.762 453.341 375.994 277.394 175.068 87.4084 29.4566 5.05945 0.547161 0.0447884 0.0031261 0.000197429 1.05312e-05
0.000200421 0.00399089 0.067928 1.07964 15.44 175.113 1239.13 3838.85 7759.82 12321.1 16710.3 20152.2 22039.8 22039.8 20152.2 16710.3 12321.1 7759.82 3838.85 1239.13 175.113 15.44 1.07964 0.067928 0.00399089 0.000200421
0.00322634 0.0692472 1.26061 21.7009 361.576 5294.35 49673.2 161225 328645 522723 709272 855532 935745 935745 855532 709272 522723 328645 161225 49673.2 5294.35 361.576 21.7009 1.26061 0.0692472 0.00322634
0.0468707 1.12151 22.2345 398.842 7162.2 138940 1.99317e+06 6.77579e+06 1.39053e+07 2.21445e+07 3.00584e+07 3.62629e+07 3.96659e+07 3.96659e+07 3.62629e+07 3.00584e+07 2.21445e+07 1.39053e+07 6.77579e+06 1.99317e+06 138940 7162.2 398.842 22.2345 1.12151 0.0468707
0.577935 16.2585 378.508 7400.85 123047 2.73072e+06 8.04638e+07 2.85335e+08 5.88339e+08 9.37705e+08 1.27318e+09 1.53622e+09 1.6805e+09 1.6805e+09 1.53622e+09 1.27318e+09 9.37705e+08 5.88339e+08 2.85335e+08 8.04638e+07 2.73072e+06 123047 7400.85 378.508 16.2585 0.577935
5.37206 185.768 5608.21 146780 2.86725e+06 4.09244e+07 3.95275e+09 1.43496e+10 2.9587e+10 4.71172e+10 6.39393e+10 7.71252e+10 8.43569e+10 8.43569e+10 7.71252e+10 6.39393e+10 4.71172e+10 2.9587e+10 1.43496e+10 3.95275e+09 4.09244e+07 2.86725e+06 146780 5608.21 185.768 5.37206
31.36 1319.21 52884.2 2.1221e+06 8.56761e+07 4.17094e+09 3.7685e+11 1.31502e+12 2.66787e+12 4.21157e+12 5.68542e+12 6.83703e+12 7.46753e+12 7.46752e+12 6.83703e+12 5.68542e+12 4.21157e+12 2.66787e+12 1.31502e+12 3.7685e+11 4.17094e+09 8.56761e+07 2.1221e+06 52884.2 1319.21 31.36
93.1069 4089.45 171765 7.21949e+06 3.04051e+08 1.5163e+10 1.31955e+12 4.5926e+12 9.30755e+12 1.46847e+13 1.98168e+13 2.3826e+13 2.60207e+13 2.60207e+13 2.3826e+13 1.98168e+13 1.46847e+13 9.30755e+12 4.5926e+12 1.31955e+12 1.5163e+10 3.04051e+08 7.21949e+06 171765 4089.45 93.1069
186.448 8264.88 350065 1.48129e+07 6.26797e+08 3.12645e+10 2.67989e+12 9.31752e+12 1.88755e+13 2.97736e+13 4.01737e+13 4.82977e+13 5.27448e+13 5.27448e+13 4.82977e+13 4.01737e+13 2.97736e+13 1.88755e+13 9.31752e+12 2.67989e+12 3.12645e+10 6.26797e+08 1.48129e+07 350065 8264.88 186.448
295.293 13117 556526 2.35782e+07 9.98491e+08 4.97696e+10 4.23199e+12 1.47057e+13 2.97845e+13 4.69755e+13 6.33798e+13 7.61934e+13 8.32075e+13 8.32075e+13 7.61934e+13 6.33798e+13 4.69755e+13 2.97845e+13 1.47057e+13 4.23199e+12 4.97696e+10 9.98491e+08 2.35782e+07 556526 13117 295.293
400.049 17780.3 754728 3.19866e+07 1.35493e+09 6.75054e+10 5.71324e+12 1.98465e+13 4.01912e+13 6.33843e+13 8.55151e+13 1.02801e+14 1.12264e+14 1.12264e+14 1.02801e+14 8.55151e+13 6.33843e+13 4.01912e+13 1.98465e+13 5.71324e+12 6.75054e+10 1.35493e+09 3.19866e+07 754728 17780.3 400.049
482.137 21433.1 909946 3.8571e+07 1.63407e+09 8.13915e+10 6.87006e+12 2.38605e+13 4.83168e+13 7.61958e+13 1.02797e+14 1.23575e+14 1.34949e+14 1.34949e+14 1.23575e+14 1.02797e+14 7.61958e+13 4.83168e+13 2.38605e+13 6.87006e+12 8.13915e+10 1.63407e+09 3.8571e+07 909946 21433.1 482.137
527.123 23434.8 995004 4.21793e+07 1.78705e+09 8.90011e+10 7.50316e+12 2.60572e+13 5.27632e+13 8.32064e+13 1.12254e+14 1.34943e+14 1.47362e+14 1.47362e+14 1.34943e+14 1.12254e+14 8.32064e+13 5.27632e+13 2.60572e+13 7.50316e+12 8.90011e+10 1.78705e+09 4.21793e+07 995004 23434.8 527.123
527.123 23434.8 995004 4.21793e+07 1.78705e+09 8.90011e+10 7.50316e+12 2.60572e+13 5.27632e+13 8.32064e+13 1.12254e+14 1.34943e+14 1.47362e+14 1.47362e+14 1.34943e+14 1.12254e+14 8.32064e+13 5.27632e+13 2.60572e+13 7.50316e+12 8.90011e+10 1.78705e+09 4.21793e+07 995004 23434.8 527.123
482.137 21433.1 909946 3.8571e+07 1.63407e+09 8.13915e+10 6.87006e+12 2.38605e+13 4.83168e+13 7.61958e+13 1.02797e+14 1.23575e+14 1.34949e+14 1.34949e+14 1.23575e+14 1.02797e+14 7.61958e+13 4.83168e+13 2.38605e+13 6.87006e+12 8.13915e+10 1.63407e+09 3.8571e+07 909946 21433.1 482.137
400.049 17780.3 754728 3.19866e+07 1.35493e+09 6.75054e+10 5.71324e+12 1.98465e+13 4.01912e+13 6.33843e+13 8.55151e+13 1.02801e+14 1.12264e+14 1.12264e+14 1.02801e+14 8.55151e+13 6.33843e+13 4.01912e+13 1.98465e+13 5.71324e+12 6.75054e+10 1.35493e+09 3.19866e+07 754728 17780.3 400.049
295.293 13117 556526 2.35782e+07 9.98491e+08 4.97696e+10 4.23199e+12 1.47057e+13 2.97845e+13 4.69755e+13 6.33798e+13 7.61934e+13 8.32075e+13 8.32075e+13 7.61934e+13 6.33798e+13 4.69755e+13 2.97845e+13 1.47057e+13 4.23199e+12 4.97696e+10 9.98491e+08 2.35782e+07 556526 13117 295.293
186.448 8264.88 350065 1.48129e+07 6.26797e+08 3.12645e+10 2.67989e+12 9.31752e+12 1.88755e+13 2.97736e+13 4.01737e+13 4.82977e+13 5.27448e+13 5.27448e+13 4.82977e+13 4.01737e+13 2.97736e+13 1.88755e+13 9.31752e+12 2.67989e+12 3.12645e+10 6.26797e+08 1.48129e+07 350065 8264.88 186.448
93.1069 4089.45 171765 7.21949e+06 3.04051e+08 1.5163e+10 1.31955e+12 4.5926e+12 9.30755e+12 1.46847e+13 1.98168e+13 2.3826e+13 2.60207e+13 2.60207e+13 2.3826e+13 1.98168e+13 1.46847e+13 9.30755e+12 4.5926e+12 1.31955e+12 1.5163e+10 3.04051e+08 7.21949e+06 171765 4089.45 93.1069
31.36 1319.21 52884.2 2.1221e+06 8.56761e+07 4.17094e+09 3.7685e+11 1.31502e+12 2.66787e+12 4.21157e+12 5.68542e+12 6.83703e+12 7.46752e+12 7.46753e+12 6.83703e+12 5.68542e+12 4.21157e+12 2.66787e+12 1.31502e+12 3.7685e+11 4.17094e+09 8.56761e+07 2.1221e+06 52884.2 1319.21 31.36
5.37206 185.768 5608.21 146780 2.86725e+06 4.09244e+07 3.95275e+09 1.43496e+10 2.9587e+10 4.71172e+10 6.39393e+10 7.71252e+10 8.43569e+10 8.43569e+10 7.71252e+10 6.39393e+10 4.71172e+10 2.9587e+10 1.43496e+10 3.95275e+09 4.09244e+07 2.86725e+06 146780 5608.21 185.768 5.37206
0.577935 16.2585 378.508 7400.85 123047 2.73072e+06 8.04638e+07 2.85335e+08 5.88339e+08 9.37705e+08 1.27318e+09 1.53622e+09 1.6805e+09 1.6805e+09 1.53622e+09 1.27318e+09 9.37705e+08 5.88339e+08 2.85335e+08 8.04638e+07 2.73072e+06 123047 7400.85 378.508 16.2585 0.577935
0.0468707 1.12151 22.2345 398.842 7162.2 138940 1.99317e+06 6.77579e+06 1.39053e+07 2.21445e+07 3.00584e+07 3.62629e+07 3.96659e+07 3.96659e+07 3.62629e+07 3.00584e+07 2.21445e+07 1.39053e+07 6.77579e+06 1.99317e+06 138940 7162.2 398.842 22.2345 1.12151 0.0468707
0.00322634 0.0692472 1.26061 21.7009 361.576 5294.35 49673.2 161225 328645 522723 709272 855532 935745 935745 855532 709272 522723 328645 161225 49673.2 5294.35 361.576 21.7009 1.26061 0.0692472 0.00322634
0.000200421 0.00399089 0.067928 1.07964 15.44 175.113 1239.13 3838.85 7759.82 12321.1 16710.3 20152.2 22039.8 22039.8 20152.2 16710.3 12321.1 7759.82 3838.85 1239.13 175.113 15.44 1.07964 0.067928 0.00399089 0.000200421
1.05312e-05 0.000197429 0.0031261 0.0447884 0.547161 5.05945 29.4566 87.4084 175.068 277.394 375.994 453.341 495.762 495.762 453.341 375.994 277.394 175.068 87.4084 29.4566 5.05945 0.547161 0.0447884 0.0031261 0.000197429 1.05312e-05
