0.0128166 0.242377 3.87812 56.1734 693.377 6469.99 37973.1 113622 229568 366710 500333 605999 664225 664225 605999 500333 366710 229568 113622 37973.1 6469.99 693.377 56.1734 3.87812 0.242377 0.0128166
0.245047 4.91908 84.5725 1359.71 19671.5 225361 1.60808e+06 5.02574e+06 1.0254e+07 1.64222e+07 2.24274e+07 2.71759e+07 2.97928e+07 2.97928e+07 2.71759e+07 2.24274e+07 1.64222e+07 1.0254e+07 5.02574e+06 1.60808e+06 225361 19671.5 1359.71 84.5725 4.91908 0.245048
3.96863 85.7614 1574.23 27391.6 462279 6.84866e+06 6.48201e+07 2.12338e+08 4.37144e+08 7.01661e+08 9.5904e+08 1.16258e+09 1.27476e+09 1.27476e+09 1.16258e+09 9.5904e+08 7.01661e+08 4.37144e+08 2.12338e+08 6.48201e+07 6.84866e+06 462279 27391.6 1574.23 85.7614 3.96863
58.0883 1397.98 27874.8 503633 9.15541e+06 1.80285e+08 2.61138e+09 8.96424e+09 1.85907e+10 2.98918e+10 4.08853e+10 4.95806e+10 5.43739e+10 5.43739e+10 4.95806e+10 4.08853e+10 2.98918e+10 1.85907e+10 8.96424e+09 2.61138e+09 1.80285e+08 9.15541e+06 503633 27874.8 1397.98 58.0883
722.441 20439 477918 9.36994e+06 1.5646e+08 3.53994e+09 1.05678e+11 3.7864e+11 7.89466e+11 1.27102e+12 1.73951e+12 2.11017e+12 2.31453e+12 2.31453e+12 2.11017e+12 1.73951e+12 1.27102e+12 7.89466e+11 3.7864e+11 1.05678e+11 3.53994e+09 1.5646e+08 9.36994e+06 477918 20439 722.441
6775.3 235742 7.15109e+06 1.87613e+08 3.65561e+09 5.19597e+10 5.18701e+12 1.90361e+13 3.97035e+13 6.38821e+13 8.73912e+13 1.05985e+14 1.16235e+14 1.16235e+14 1.05985e+14 8.73912e+13 6.38821e+13 3.97035e+13 1.90361e+13 5.18701e+12 5.19597e+10 3.65561e+09 1.87613e+08 7.15109e+06 235742 6775.3
39895.2 1.68954e+06 6.81078e+07 2.74404e+09 1.11061e+11 5.42323e+12 4.94552e+14 1.7396e+15 3.56061e+15 5.66693e+15 7.70036e+15 9.30181e+15 1.01827e+16 1.01827e+16 9.30181e+15 7.70036e+15 5.66693e+15 3.56061e+15 1.7396e+15 4.94552e+14 5.42323e+12 1.11061e+11 2.74404e+09 6.81078e+07 1.68954e+06 39895.2
119456 5.28461e+06 2.23313e+08 9.42925e+09 3.98355e+11 1.99298e+13 1.74497e+15 6.11922e+15 1.25076e+16 1.98906e+16 2.70144e+16 3.26231e+16 3.57077e+16 3.57077e+16 3.26231e+16 2.70144e+16 1.98906e+16 1.25076e+16 6.11922e+15 1.74497e+15 1.99298e+13 3.98355e+11 9.42925e+09 2.23313e+08 5.28461e+06 119456
241289 1.07793e+07 4.59616e+08 1.95498e+10 8.30342e+11 4.15615e+13 3.57489e+15 1.25194e+16 2.5574e+16 4.06548e+16 5.52027e+16 6.66552e+16 7.29531e+16 7.29531e+16 6.66552e+16 5.52027e+16 4.06548e+16 2.5574e+16 1.25194e+16 3.57489e+15 4.15615e+13 8.30342e+11 1.95498e+10 4.59616e+08 1.07793e+07 241289
385170 1.72514e+07 7.37203e+08 3.1411e+10 1.33583e+12 6.68275e+13 5.69074e+15 1.99138e+16 4.06642e+16 6.46293e+16 8.77437e+16 1.05938e+17 1.15943e+17 1.15943e+17 1.05938e+17 8.77437e+16 6.46293e+16 4.06642e+16 1.99138e+16 5.69074e+15 6.68275e+13 1.33583e+12 3.1411e+10 7.37203e+08 1.72514e+07 385170
525101 2.35404e+07 1.00677e+09 4.29258e+10 1.82658e+12 9.13446e+13 7.73163e+15 2.7043e+16 5.52101e+16 8.77356e+16 1.19103e+17 1.43793e+17 1.57369e+17 1.57369e+17 1.43793e+17 1.19103e+17 8.77356e+16 5.52101e+16 2.7043e+16 7.73163e+15 9.13446e+13 1.82658e+12 4.29258e+10 1.00677e+09 2.35404e+07 525101
635564 2.85046e+07 1.21955e+09 5.2016e+10 2.21407e+12 1.10698e+14 9.33741e+15 3.2651e+16 6.66511e+16 1.05908e+17 1.43765e+17 1.73561e+17 1.89945e+17 1.89945e+17 1.73561e+17 1.43765e+17 1.05908e+17 6.66511e+16 3.2651e+16 9.33741e+15 1.10698e+14 2.21407e+12 5.2016e+10 1.21955e+09 2.85046e+07 635564
696357 3.12368e+07 1.33667e+09 5.70201e+10 2.4274e+12 1.21352e+14 1.022e+16 3.5733e+16 7.29384e+16 1.15895e+17 1.57317e+17 1.89919e+17 2.07845e+17 2.07845e+17 1.89919e+17 1.57317e+17 1.15895e+17 7.29384e+16 3.5733e+16 1.022e+16 1.21352e+14 2.4274e+12 5.70201e+10 1.33667e+09 3.12368e+07 696357
696357 3.12368e+07 1.33667e+09 5.70201e+10 2.4274e+12 1.21352e+14 1.022e+16 3.5733e+16 7.29384e+16 1.15895e+17 1.57317e+17 1.89919e+17 2.07845e+17 2.07845e+17 1.89919e+17 1.57317e+17 1.15895e+17 7.29384e+16 3.5733e+16 1.022e+16 1.21352e+14 2.4274e+12 5.70201e+10 1.33667e+09 3.12368e+07 696357
635564 2.85046e+07 1.21955e+09 5.2016e+10 2.21407e+12 1.10698e+14 9.33741e+15 3.2651e+16 6.66511e+16 1.05908e+17 1.43765e+17 1.73561e+17 1.89945e+17 1.89945e+17 1.73561e+17 1.43765e+17 1.05908e+17 6.66511e+16 3.2651e+16 9.33741e+15 1.10698e+14 2.21407e+12 5.2016e+10 1.21955e+09 2.85046e+07 635564
525101 2.35404e+07 1.00677e+09 4.29258e+10 1.82658e+12 9.13446e+13 7.73163e+15 2.7043e+16 5.52101e+16 8.77356e+16 1.19103e+17 1.43793e+17 1.57369e+17 1.57369e+17 1.43793e+17 1.19103e+17 8.77356e+16 5.52101e+16 2.7043e+16 7.73163e+15 9.13446e+13 1.82658e+12 4.29258e+10 1.00677e+09 2.35404e+07 525101
385170 1.72514e+07 7.37203e+08 3.14109e+10 1.33583e+12 6.68275e+13 5.69074e+15 1.99138e+16 4.06642e+16 6.46293e+16 8.77437e+16 1.05938e+17 1.15943e+17 1.15943e+17 1.05938e+17 8.77437e+16 6.46293e+16 4.06642e+16 1.99138e+16 5.69074e+15 6.68275e+13 1.33583e+12 3.14109e+10 7.37203e+08 1.72514e+07 385170
241289 1.07793e+07 4.59616e+08 1.95498e+10 8.30342e+11 4.15615e+13 3.57489e+15 1.25194e+16 2.5574e+16 4.06548e+16 5.52027e+16 6.66552e+16 7.29531e+16 7.29531e+16 6.66552e+16 5.52027e+16 4.06548e+16 2.5574e+16 1.25194e+16 3.57489e+15 4.15615e+13 8.30342e+11 1.95498e+10 4.59616e+08 1.07793e+07 241289
119456 5.28461e+06 2.23313e+08 9.42925e+09 3.98355e+11 1.99298e+13 1.74497e+15 6.11922e+15 1.25076e+16 1.98906e+16 2.70144e+16 3.26231e+16 3.57077e+16 3.57077e+16 3.26231e+16 2.70144e+16 1.98906e+16 1.25076e+16 6.11922e+15 1.74497e+15 1.99298e+13 3.98355e+11 9.42925e+09 2.23313e+08 5.28461e+06 119456
39895.2 1.68954e+06 6.81078e+07 2.74404e+09 1.11061e+11 5.42323e+12 4.94552e+14 1.7396e+15 3.56061e+15 5.66693e+15 7.70036e+15 9.30181e+15 1.01827e+16 1.01827e+16 9.30181e+15 7.70036e+15 5.66693e+15 3.56061e+15 1.7396e+15 4.94552e+14 5.42323e+12 1.11061e+11 2.74404e+09 6.81078e+07 1.68954e+06 39895.2
6775.3 235742 7.15109e+06 1.87613e+08 3.65561e+09 5.19597e+10 5.18701e+12 1.90361e+13 3.97035e+13 6.38821e+13 8.73912e+13 1.05985e+14 1.16235e+14 1.16235e+14 1.05985e+14 8.73912e+13 6.38821e+13 3.97035e+13 1.90361e+13 5.18701e+12 5.19597e+10 3.65561e+09 1.87613e+08 7.15109e+06 235742 6775.3
722.441 20439 477918 9.36994e+06 1.5646e+08 3.53994e+09 1.05678e+11 3.7864e+11 7.89466e+11 1.27102e+12 1.73951e+12 2.11017e+12 2.31453e+12 2.31453e+12 2.11017e+12 1.73951e+12 1.27102e+12 7.89466e+11 3.7864e+11 1.05678e+11 3.53994e+09 1.5646e+08 9.36994e+06 477918 20439 722.441
58.0883 1397.98 27874.8 503633 9.15541e+06 1.80285e+08 2.61138e+09 8.96424e+09 1.85907e+10 2.98918e+10 4.08853e+10 4.95806e+10 5.43739e+10 5.43739e+10 4.95806e+10 4.08853e+10 2.98918e+10 1.85907e+10 8.96424e+09 2.61138e+09 1.80285e+08 9.15541e+06 503633 27874.8 1397.98 58.0883
3.96863 85.7614 1574.23 27391.6 462279 6.84866e+06 6.48201e+07 2.12338e+08 4.37144e+08 7.01661e+08 9.5904e+08 1.16258e+09 1.27476e+09 1.27476e+09 1.16258e+09 9.5904e+08 7.01661e+08 4.37144e+08 2.12338e+08 6.48201e+07 6.84866e+06 462279 27391.6 1574.23 85.7614 3.96863
0.245047 4.91907 84.5725 1359.71 19671.5 225361 1.60808e+06 5.02574e+06 1.0254e+07 1.64222e+07 2.24274e+07 2.71759e+07 2.97928e+07 2.97928e+07 2.71759e+07 2.24274e+07 1.64222e+07 1.0254e+07 5.02574e+06 1.60808e+06 225361 19671.5 1359.71 84.5725 4.91907 0.245048
0.0128166 0.242377 3.87812 56.1734 693.377 6469.99 37973.1 113622 229568 366710 500333 605999 664225 664225 605999 500333 366710 229568 113622 37973.1 6469.99 693.377 56.1734 3.87812 0.242377 0.0128166
