1.11824 21.0483 333.689 4773.76 58203.2 537858 3.13447e+06 9.3071e+06 1.86113e+07 2.93701e+07 3.95925e+07 4.74929e+07 5.17772e+07 5.17772e+07 4.74929e+07 3.95925e+07 2.93701e+07 1.86113e+07 9.3071e+06 3.13447e+06 537858 58203.2 4773.76 333.689 21.0483 1.11824
21.507 431.081 7360.04 116748 1.66204e+06 1.87904e+07 1.32945e+08 4.12146e+08 8.31807e+08 1.31517e+09 1.7734e+09 2.12708e+09 2.31872e+09 2.31872e+09 2.12708e+09 1.7734e+09 1.31517e+09 8.31807e+08 4.12146e+08 1.32945e+08 1.87904e+07 1.66204e+06 116748 7360.04 431.081 21.507
349.091 7566.31 138751 2.38891e+06 3.95126e+07 5.74045e+08 5.3734e+09 1.74542e+10 3.55262e+10 5.62574e+10 7.58696e+10 9.09876e+10 9.9173e+10 9.9173e+10 9.09876e+10 7.58696e+10 5.62574e+10 3.55262e+10 1.74542e+10 5.3734e+09 5.74045e+08 3.95126e+07 2.38891e+06 138751 7566.31 349.091
5091.61 123287 2.47445e+06 4.47194e+07 7.98356e+08 1.52394e+10 2.17143e+11 7.3891e+11 1.51432e+12 2.40055e+12 3.23744e+12 3.8818e+12 4.23039e+12 4.23039e+12 3.8818e+12 3.23744e+12 2.40055e+12 1.51432e+12 7.3891e+11 2.17143e+11 1.52394e+10 7.98356e+08 4.47194e+07 2.47445e+06 123287 5091.61
62815.4 1.78779e+06 4.2202e+07 8.37916e+08 1.40805e+10 3.04687e+11 8.81411e+12 3.12985e+13 6.44568e+13 1.02243e+14 1.37873e+14 1.65275e+14 1.80087e+14 1.80087e+14 1.65275e+14 1.37873e+14 1.02243e+14 6.44568e+13 3.12985e+13 8.81411e+12 3.04687e+11 1.40805e+10 8.37916e+08 4.2202e+07 1.78779e+06 62815.4
583321 2.03718e+07 6.2203e+08 1.64979e+10 3.29144e+11 4.81992e+12 4.36028e+14 1.58578e+15 3.26741e+15 5.1805e+15 6.98397e+15 8.37098e+15 9.12079e+15 9.12079e+15 8.37098e+15 6.98397e+15 5.1805e+15 3.26741e+15 1.58578e+15 4.36028e+14 4.81992e+12 3.29144e+11 1.64979e+10 6.2203e+08 2.03718e+07 583321
3.4018e+06 1.44285e+08 5.83192e+09 2.35682e+11 9.56722e+12 4.65341e+14 4.15525e+16 1.45498e+17 2.95807e+17 4.66871e+17 6.29057e+17 7.54715e+17 8.23051e+17 8.23051e+17 7.54715e+17 6.29057e+17 4.66871e+17 2.95807e+17 1.45498e+17 4.15525e+16 4.65341e+14 9.56722e+12 2.35682e+11 5.83192e+09 1.44285e+08 3.4018e+06
1.00956e+07 4.47073e+08 1.8934e+10 8.0159e+11 3.39553e+13 1.69402e+15 1.46031e+17 5.0992e+17 1.03545e+18 1.63322e+18 2.19987e+18 2.63893e+18 2.87773e+18 2.87773e+18 2.63893e+18 2.19987e+18 1.63322e+18 1.03545e+18 5.0992e+17 1.46031e+17 1.69402e+15 3.39553e+13 8.0159e+11 1.8934e+10 4.47073e+08 1.00956e+07
2.01677e+07 9.0137e+08 3.84976e+10 1.641e+12 6.98508e+13 3.48805e+15 2.97086e+17 1.03616e+18 2.10252e+18 3.3145e+18 4.4627e+18 5.35198e+18 5.83553e+18 5.83553e+18 5.35198e+18 4.4627e+18 3.3145e+18 2.10252e+18 1.03616e+18 2.97086e+17 3.48805e+15 6.98508e+13 1.641e+12 3.84976e+10 9.0137e+08 2.01677e+07
3.1787e+07 1.42334e+09 6.08828e+10 2.59785e+12 1.10644e+14 5.52348e+15 4.68714e+17 1.63379e+18 3.31342e+18 5.22084e+18 7.02654e+18 8.42423e+18 9.18394e+18 9.18394e+18 8.42423e+18 7.02654e+18 5.22084e+18 3.31342e+18 1.63379e+18 4.68714e+17 5.52348e+15 1.10644e+14 2.59785e+12 6.08828e+10 1.42334e+09 3.1787e+07
4.27979e+07 1.91682e+09 8.19991e+10 3.49873e+12 1.4899e+14 7.43607e+15 6.31052e+17 2.19903e+18 4.45805e+18 7.02153e+18 9.44659e+18 1.13226e+19 1.23419e+19 1.23419e+19 1.13226e+19 9.44659e+18 7.02153e+18 4.45805e+18 2.19903e+18 6.31052e+17 7.43607e+15 1.4899e+14 3.49873e+12 8.19991e+10 1.91682e+09 4.27979e+07
5.1287e+07 2.29674e+09 9.82334e+10 4.19044e+12 1.78396e+14 8.90249e+15 7.56533e+17 2.63601e+18 5.34259e+18 8.41226e+18 1.13146e+19 1.35588e+19 1.47778e+19 1.47778e+19 1.35588e+19 1.13146e+19 8.41226e+18 5.34259e+18 2.63601e+18 7.56533e+17 8.90249e+15 1.78396e+14 4.19044e+12 9.82335e+10 2.29674e+09 5.1287e+07
5.58826e+07 2.50223e+09 1.07007e+11 4.5639e+12 1.94258e+14 9.69347e+15 8.24655e+17 2.87328e+18 5.82277e+18 9.16696e+18 1.23279e+19 1.47715e+19 1.60987e+19 1.60987e+19 1.47715e+19 1.23279e+19 9.16696e+18 5.82277e+18 2.87328e+18 8.24655e+17 9.69347e+15 1.94258e+14 4.5639e+12 1.07007e+11 2.50223e+09 5.58826e+07
5.58826e+07 2.50223e+09 1.07007e+11 4.5639e+12 1.94258e+14 9.69347e+15 8.24655e+17 2.87328e+18 5.82277e+18 9.16696e+18 1.23279e+19 1.47715e+19 1.60987e+19 1.60987e+19 1.47715e+19 1.23279e+19 9.16696e+18 5.82277e+18 2.87328e+18 8.24655e+17 9.69347e+15 1.94258e+14 4.5639e+12 1.07007e+11 2.50223e+09 5.58826e+07
5.1287e+07 2.29674e+09 9.82334e+10 4.19044e+12 1.78396e+14 8.90249e+15 7.56533e+17 2.63601e+18 5.34259e+18 8.41226e+18 1.13146e+19 1.35588e+19 1.47778e+19 1.47778e+19 1.35588e+19 1.13146e+19 8.41226e+18 5.34259e+18 2.63601e+18 7.56533e+17 8.90249e+15 1.78396e+14 4.19044e+12 9.82334e+10 2.29674e+09 5.1287e+07
4.27979e+07 1.91682e+09 8.19991e+10 3.49873e+12 1.4899e+14 7.43607e+15 6.31052e+17 2.19903e+18 4.45805e+18 7.02153e+18 9.44659e+18 1.13226e+19 1.23419e+19 1.23419e+19 1.13226e+19 9.44659e+18 7.02153e+18 4.45805e+18 2.19903e+18 6.31052e+17 7.43607e+15 1.4899e+14 3.49873e+12 8.19991e+10 1.91682e+09 4.27979e+07
3.1787e+07 1.42334e+09 6.08828e+10 2.59785e+12 1.10644e+14 5.52348e+15 4.68714e+17 1.63379e+18 3.31342e+18 5.22084e+18 7.02654e+18 8.42423e+18 9.18394e+18 9.18394e+18 8.42423e+18 7.02654e+18 5.22084e+18 3.31342e+18 1.63379e+18 4.68714e+17 5.52348e+15 1.10644e+14 2.59785e+12 6.08828e+10 1.42334e+09 3.1787e+07
2.01677e+07 9.0137e+08 3.84976e+10 1.641e+12 6.98508e+13 3.48805e+15 2.97086e+17 1.03616e+18 2.10252e+18 3.3145e+18 4.4627e+18 5.35198e+18 5.83553e+18 5.83553e+18 5.35198e+18 4.4627e+18 3.3145e+18 2.10252e+18 1.03616e+18 2.97086e+17 3.48805e+15 6.98508e+13 1.641e+12 3.84976e+10 9.0137e+08 2.01677e+07
1.00956e+07 4.47073e+08 1.8934e+10 8.0159e+11 3.39553e+13 1.69402e+15 1.46031e+17 5.0992e+17 1.03545e+18 1.63322e+18 2.19987e+18 2.63893e+18 2.87773e+18 2.87773e+18 2.63893e+18 2.19987e+18 1.63322e+18 1.03545e+18 5.0992e+17 1.46031e+17 1.69402e+15 3.39553e+13 8.0159e+11 1.8934e+10 4.47073e+08 1.00956e+07
3.4018e+06 1.44285e+08 5.83192e+09 2.35682e+11 9.56722e+12 4.65341e+14 4.15525e+16 1.45498e+17 2.95807e+17 4.66871e+17 6.29057e+17 7.54715e+17 8.23051e+17 8.23051e+17 7.54715e+17 6.29057e+17 4.66871e+17 2.95807e+17 1.45498e+17 4.15525e+16 4.65341e+14 9.56722e+12 2.35682e+11 5.83192e+09 1.44285e+08 3.4018e+06
583321 2.03718e+07 6.2203e+08 1.64979e+10 3.29144e+11 4.81992e+12 4.36028e+14 1.58578e+15 3.26741e+15 5.1805e+15 6.98397e+15 8.37098e+15 9.12079e+15 9.12079e+15 8.37098e+15 6.98397e+15 5.1805e+15 3.26741e+15 1.58578e+15 4.36028e+14 4.81992e+12 3.29144e+11 1.64979e+10 6.2203e+08 2.03718e+07 583321
62815.4 1.78779e+06 4.2202e+07 8.37916e+08 1.40805e+10 3.04687e+11 8.81411e+12 3.12985e+13 6.44568e+13 1.02243e+14 1.37873e+14 1.65275e+14 1.80087e+14 1.80087e+14 1.65275e+14 1.37873e+14 1.02243e+14 6.44568e+13 3.12985e+13 8.81411e+12 3.04687e+11 1.40805e+10 8.37916e+08 4.2202e+07 1.78779e+06 62815.4
5091.61 123287 2.47445e+06 4.47194e+07 7.98356e+08 1.52394e+10 2.17143e+11 7.3891e+11 1.51432e+12 2.40055e+12 3.23744e+12 3.8818e+12 4.23039e+12 4.23039e+12 3.8818e+12 3.23744e+12 2.40055e+12 1.51432e+12 7.3891e+11 2.17143e+11 1.52394e+10 7.98356e+08 4.47194e+07 2.47445e+06 123287 5091.61
349.091 7566.31 138751 2.38891e+06 3.95126e+07 5.74045e+08 5.3734e+09 1.74542e+10 3.55262e+10 5.62574e+10 7.58696e+10 9.09876e+10 9.9173e+10 9.9173e+10 9.09876e+10 7.58696e+10 5.62574e+10 3.55262e+10 1.74542e+10 5.3734e+09 5.74045e+08 3.95126e+07 2.38891e+06 138751 7566.31 349.091
21.507 431.081 7360.04 116748 1.66204e+06 1.87904e+07 1.32945e+08 4.12146e+08 8.31807e+08 1.31517e+09 1.7734e+09 2.12708e+09 2.31872e+09 2.31872e+09 2.12708e+09 1.7734e+09 1.31517e+09 8.31807e+08 4.12146e+08 1.32945e+08 1.87904e+07 1.66204e+06 116748 7360.04 431.081 21.507
1.11824 21.0483 333.689 4773.76 58203.2 537858 3.13447e+06 9.3071e+06 1.86113e+07 2.93701e+07 3.95925e+07 4.74929e+07 5.17772e+07 5.17772e+07 4.74929e+07 3.95925e+07 2.93701e+07 1.86113e+07 9.3071e+06 3.13447e+06 537858 58203.2 4773.76 333.689 21.0483 1.11824
