0.0113584 0.211645 3.30815 46.5738 559.458 5113.1 29622.2 87942.8 176379 279716 379204 457100 499745 499745 457100 379204 279716 176379 87942.8 29622.2 5113.1 559.458 46.5738 3.30815 0.211645 0.0113584
0.218291 4.34256 73.2362 1142.35 15972.4 178026 1.25006e+06 3.874e+06 7.84186e+06 1.24619e+07 1.69026e+07 2.03772e+07 2.22789e+07 2.22789e+07 2.03772e+07 1.69026e+07 1.24619e+07 7.84186e+06 3.874e+06 1.25006e+06 178026 15972.4 1142.35 73.2362 4.34256 0.218291
3.52965 76.2035 1386.76 23531.3 381010 5.42725e+06 5.0283e+07 1.63241e+08 3.33252e+08 5.30494e+08 7.19817e+08 8.67874e+08 9.48887e+08 9.48887e+08 8.67874e+08 7.19817e+08 5.30494e+08 3.33252e+08 1.63241e+08 5.0283e+07 5.42725e+06 381010 23531.3 1386.76 76.2035 3.52965
51.0931 1235.59 24756.2 444621 7.78237e+06 1.44244e+08 2.02382e+09 6.88156e+09 1.41454e+10 2.25459e+10 3.0601e+10 3.68978e+10 4.03426e+10 4.03426e+10 3.68978e+10 3.0601e+10 2.25459e+10 1.41454e+10 6.88156e+09 2.02382e+09 1.44244e+08 7.78237e+06 444621 24756.2 1235.59 51.0931
623.95 17738 419080 8.35012e+06 1.40178e+08 2.9132e+09 8.18908e+10 2.9051e+11 6.00101e+11 9.57279e+11 1.29956e+12 1.56705e+12 1.71336e+12 1.71336e+12 1.56705e+12 1.29956e+12 9.57279e+11 6.00101e+11 2.9051e+11 8.18908e+10 2.9132e+09 1.40178e+08 8.35012e+06 419080 17738 623.95
5734.91 199689 6.08906e+06 1.61916e+08 3.27321e+09 4.87244e+10 4.06087e+12 1.47422e+13 3.04512e+13 4.85343e+13 6.58505e+13 7.93788e+13 8.67771e+13 8.67771e+13 7.93788e+13 6.58505e+13 4.85343e+13 3.04512e+13 1.47422e+13 4.06087e+12 4.87244e+10 3.27321e+09 1.61916e+08 6.08906e+06 199689 5734.91
33197.4 1.40076e+06 5.63374e+07 2.26722e+09 9.17277e+10 4.42452e+12 3.86897e+14 1.35191e+15 2.74879e+15 4.34613e+15 5.87155e+15 7.06243e+15 7.71375e+15 7.71375e+15 7.06243e+15 5.87155e+15 4.34613e+15 2.74879e+15 1.35191e+15 3.86897e+14 4.42452e+12 9.17277e+10 2.26722e+09 5.63374e+07 1.40076e+06 33197.4
98464.9 4.3367e+06 1.82703e+08 7.70054e+09 3.25024e+11 1.60847e+13 1.35868e+15 4.73473e+15 9.61563e+15 1.51932e+16 2.05179e+16 2.46741e+16 2.69471e+16 2.69471e+16 2.46741e+16 2.05179e+16 1.51932e+16 9.61563e+15 4.73473e+15 1.35868e+15 1.60847e+13 3.25024e+11 7.70054e+09 1.82703e+08 4.3367e+06 98464.9
197318 8.77098e+06 3.72657e+08 1.58148e+10 6.70786e+11 3.32217e+13 2.767e+15 9.63125e+15 1.95488e+16 3.08772e+16 4.1689e+16 5.0127e+16 5.47412e+16 5.47412e+16 5.0127e+16 4.16891e+16 3.08772e+16 1.95488e+16 9.63125e+15 2.767e+15 3.32217e+13 6.70786e+11 1.58148e+10 3.72657e+08 8.77098e+06 197318
312676 1.39271e+07 5.92731e+08 2.51853e+10 1.0691e+12 5.29253e+13 4.37735e+15 1.52268e+16 3.08954e+16 4.87873e+16 6.58593e+16 7.91809e+16 8.64651e+16 8.64651e+16 7.91809e+16 6.58593e+16 4.87873e+16 3.08954e+16 1.52268e+16 4.37735e+15 5.29253e+13 1.0691e+12 2.51853e+10 5.92731e+08 1.39271e+07 312676
423590 1.88764e+07 8.0367e+08 3.41572e+10 1.45022e+12 7.17669e+13 5.91433e+15 2.05657e+16 4.17189e+16 6.5868e+16 8.89062e+16 1.06881e+17 1.16709e+17 1.16709e+17 1.06881e+17 8.89062e+16 6.5868e+16 4.17189e+16 2.05657e+16 5.91433e+15 7.17669e+13 1.45022e+12 3.41572e+10 8.0367e+08 1.88764e+07 423590
510332 2.27443e+07 9.68425e+08 4.11617e+10 1.74766e+12 8.64678e+13 7.11334e+15 2.47302e+16 5.01603e+16 7.91875e+16 1.06876e+17 1.28477e+17 1.40287e+17 1.40287e+17 1.28477e+17 1.06876e+17 7.91875e+16 5.01603e+16 2.47302e+16 7.11334e+15 8.64678e+13 1.74766e+12 4.11617e+10 9.68425e+08 2.27443e+07 510332
557782 2.48595e+07 1.0585e+09 4.49902e+10 1.91021e+12 9.45001e+13 7.76874e+15 2.70065e+16 5.4774e+16 8.64668e+16 1.16696e+17 1.40278e+17 1.53171e+17 1.53171e+17 1.40278e+17 1.16696e+17 8.64668e+16 5.4774e+16 2.70065e+16 7.76874e+15 9.45001e+13 1.91021e+12 4.49902e+10 1.0585e+09 2.48595e+07 557782
557782 2.48595e+07 1.0585e+09 4.49902e+10 1.91021e+12 9.45001e+13 7.76874e+15 2.70065e+16 5.4774e+16 8.64668e+16 1.16696e+17 1.40278e+17 1.53171e+17 1.53171e+17 1.40278e+17 1.16696e+17 8.64668e+16 5.4774e+16 2.70065e+16 7.76874e+15 9.45001e+13 1.91021e+12 4.49902e+10 1.0585e+09 2.48595e+07 557782
510332 2.27443e+07 9.68425e+08 4.11617e+10 1.74766e+12 8.64678e+13 7.11334e+15 2.47302e+16 5.01603e+16 7.91875e+16 1.06876e+17 1.28477e+17 1.40287e+17 1.40287e+17 1.28477e+17 1.06876e+17 7.91875e+16 5.01603e+16 2.47302e+16 7.11334e+15 8.64678e+13 1.74766e+12 4.11617e+10 9.68425e+08 2.27443e+07 510332
423590 1.88764e+07 8.0367e+08 3.41572e+10 1.45022e+12 7.17669e+13 5.91433e+15 2.05657e+16 4.17189e+16 6.5868e+16 8.89062e+16 1.06881e+17 1.16709e+17 1.16709e+17 1.06881e+17 8.89062e+16 6.5868e+16 4.17189e+16 2.05657e+16 5.91433e+15 7.17669e+13 1.45022e+12 3.41572e+10 8.0367e+08 1.88764e+07 423590
312676 1.39271e+07 5.92731e+08 2.51853e+10 1.0691e+12 5.29253e+13 4.37735e+15 1.52268e+16 3.08954e+16 4.87873e+16 6.58593e+16 7.91809e+16 8.64651e+16 8.64651e+16 7.91809e+16 6.58593e+16 4.87873e+16 3.08954e+16 1.52268e+16 4.37735e+15 5.29253e+13 1.0691e+12 2.51853e+10 5.92731e+08 1.39271e+07 312676
197318 8.77098e+06 3.72657e+08 1.58148e+10 6.70786e+11 3.32217e+13 2.767e+15 9.63125e+15 1.95488e+16 3.08772e+16 4.1689e+16 5.0127e+16 5.47412e+16 5.47412e+16 5.0127e+16 4.1689e+16 3.08772e+16 1.95488e+16 9.63125e+15 2.767e+15 3.32217e+13 6.70786e+11 1.58148e+10 3.72657e+08 8.77098e+06 197318
98464.9 4.3367e+06 1.82703e+08 7.70054e+09 3.25024e+11 1.60847e+13 1.35868e+15 4.73473e+15 9.61563e+15 1.51932e+16 2.05179e+16 2.46741e+16 2.69471e+16 2.69471e+16 2.46741e+16 2.05179e+16 1.51932e+16 9.61563e+15 4.73473e+15 1.35868e+15 1.60847e+13 3.25024e+11 7.70054e+09 1.82703e+08 4.3367e+06 98464.9
33197.4 1.40076e+06 5.63374e+07 2.26722e+09 9.17277e+10 4.42452e+12 3.86897e+14 1.35191e+15 2.74879e+15 4.34613e+15 5.87155e+15 7.06243e+15 7.71375e+15 7.71375e+15 7.06243e+15 5.87155e+15 4.34613e+15 2.74879e+15 1.35191e+15 3.86897e+14 4.42452e+12 9.17277e+10 2.26722e+09 5.63374e+07 1.40076e+06 33197.4
5734.91 199689 6.08906e+06 1.61916e+08 3.27321e+09 4.87244e+10 4.06087e+12 1.47422e+13 3.04512e+13 4.85343e+13 6.58505e+13 7.93788e+13 8.67771e+13 8.67771e+13 7.93788e+13 6.58505e+13 4.85343e+13 3.04512e+13 1.47422e+13 4.06087e+12 4.87244e+10 3.27321e+09 1.61916e+08 6.08906e+06 199689 5734.91
623.95 17738 419080 8.35012e+06 1.40178e+08 2.9132e+09 8.18908e+10 2.9051e+11 6.00101e+11 9.57279e+11 1.29956e+12 1.56705e+12 1.71336e+12 1.71336e+12 1.56705e+12 1.29956e+12 9.57279e+11 6.00101e+11 2.9051e+11 8.18908e+10 2.9132e+09 1.40178e+08 8.35012e+06 419080 17738 623.95
51.0931 1235.59 24756.2 444621 7.78237e+06 1.44244e+08 2.02382e+09 6.88156e+09 1.41454e+10 2.25459e+10 3.0601e+10 3.68978e+10 4.03426e+10 4.03426e+10 3.68978e+10 3.0601e+10 2.25459e+10 1.41454e+10 6.88156e+09 2.02382e+09 1.44244e+08 7.78237e+06 444621 24756.2 1235.59 51.0931
3.52965 76.2035 1386.76 23531.3 381010 5.42725e+06 5.0283e+07 1.63241e+08 3.33252e+08 5.30494e+08 7.19817e+08 8.67874e+08 9.48887e+08 9.48887e+08 8.67874e+08 7.19817e+08 5.30494e+08 3.33252e+08 1.63241e+08 5.0283e+07 5.42725e+06 381010 23531.3 1386.76 76.2035 3.52965
0.218291 4.34256 73.2362 1142.35 15972.4 178026 1.25006e+06 3.874e+06 7.84186e+06 1.24619e+07 1.69026e+07 2.03772e+07 2.22789e+07 2.22789e+07 2.03772e+07 1.69026e+07 1.24619e+07 7.84186e+06 3.874e+06 1.25006e+06 178026 15972.4 1142.35 73.2362 4.34256 0.218291
0.0113584 0.211645 3.30815 46.5738 559.458 5113.1 29622.2 87942.8 176379 279716 379204 457100 499745 499745 457100 379204 279716 176379 87942.8 29622.2 5113.1 559.458 46.5738 3.30815 0.211645 0.0113584
