6.39259e-05 0.00120416 0.0191965 0.277169 3.41106 31.7348 185.707 554.159 1117.18 1782.12 2430.17 2943.32 3226.47 3226.47 2943.32 2430.17 1782.12 1117.18 554.159 185.707 31.7348 3.41106 0.277169 0.0191965 0.00120416 6.39259e-05
0.00121661 0.0243104 0.416238 6.66998 96.2269 1099.36 7822.02 24374.1 49606.9 79323.2 108260 131174 143820 143820 131174 108260 79323.2 49606.9 24374.1 7822.02 1099.36 96.2269 6.66998 0.416238 0.0243104 0.00121661
0.0196172 0.421723 7.70463 133.587 2248.96 33245.4 313855 1.02485e+06 2.10406e+06 3.37137e+06 4.60472e+06 5.58154e+06 6.12079e+06 6.12079e+06 5.58154e+06 4.60472e+06 3.37137e+06 2.10406e+06 1.02485e+06 313855 33245.4 2248.96 133.587 7.70463 0.421723 0.0196172
0.28607 6.84627 135.792 2443.16 44307.2 871481 1.25999e+07 4.31036e+07 8.91212e+07 1.43026e+08 1.95476e+08 2.37031e+08 2.59979e+08 2.59979e+08 2.37031e+08 1.95476e+08 1.43026e+08 8.91212e+07 4.31036e+07 1.25999e+07 871481 44307.2 2443.16 135.792 6.84627 0.28607
3.54654 99.7709 2320.37 45273.1 753167 1.70441e+07 5.08676e+08 1.81573e+09 3.7733e+09 6.06258e+09 8.29057e+09 1.00566e+10 1.10321e+10 1.10321e+10 1.00566e+10 8.29057e+09 6.06258e+09 3.7733e+09 1.81573e+09 5.08676e+08 1.70441e+07 753167 45273.1 2320.37 99.7709 3.54654
33.1653 1147.6 34637.2 904728 1.75507e+07 2.48426e+08 2.4927e+10 9.11091e+10 1.89345e+11 3.03974e+11 4.15451e+11 5.03781e+11 5.52565e+11 5.52565e+11 5.03781e+11 4.15451e+11 3.03974e+11 1.89345e+11 9.11091e+10 2.4927e+10 2.48426e+08 1.75507e+07 904728 34637.2 1147.6 33.1653
194.765 8203.75 329182 1.3216e+07 5.33607e+08 2.60335e+10 2.37457e+12 8.32254e+12 1.69736e+13 2.69398e+13 3.65414e+13 4.40988e+13 4.82561e+13 4.82561e+13 4.40988e+13 3.65414e+13 2.69398e+13 1.69736e+13 8.32254e+12 2.37457e+12 2.60335e+10 5.33607e+08 1.3216e+07 329182 8203.75 194.765
581.733 25590.4 1.07615e+06 4.52682e+07 1.90721e+09 9.52933e+10 8.34811e+12 2.91737e+13 5.94211e+13 9.42349e+13 1.27753e+14 1.54122e+14 1.68624e+14 1.68624e+14 1.54122e+14 1.27753e+14 9.42349e+13 5.9421e+13 2.91737e+13 8.34811e+12 9.52933e+10 1.90721e+09 4.52682e+07 1.07615e+06 25590.4 581.733
1172.79 52083.8 2.20945e+06 9.35996e+07 3.96353e+09 1.98063e+11 1.70435e+13 5.94842e+13 1.21089e+14 1.91967e+14 2.60186e+14 3.13846e+14 3.43353e+14 3.43353e+14 3.13846e+14 2.60186e+14 1.91967e+14 1.21089e+14 5.94842e+13 1.70435e+13 1.98063e+11 3.96353e+09 9.35996e+07 2.20945e+06 52083.8 1172.79
1870.2 83255.1 3.53899e+06 1.50159e+08 6.3659e+09 3.17875e+11 2.70622e+13 9.43766e+13 1.92052e+14 3.04403e+14 4.12521e+14 4.97555e+14 5.4431e+14 5.4431e+14 4.97555e+14 4.12521e+14 3.04403e+14 1.92052e+14 9.43766e+13 2.70622e+13 3.17875e+11 6.3659e+09 1.50159e+08 3.53899e+06 83255.1 1870.2
2549.14 113574 4.83139e+06 2.05127e+08 8.7011e+09 4.3426e+11 3.67122e+13 1.27964e+14 2.60344e+14 4.12588e+14 5.59079e+14 6.74285e+14 7.37626e+14 7.37626e+14 6.74284e+14 5.59079e+14 4.12588e+14 2.60344e+14 1.27964e+14 3.67122e+13 4.3426e+11 8.7011e+09 2.05127e+08 4.83139e+06 113574 2549.14
3086.17 137556 5.85386e+06 2.48627e+08 1.05499e+10 5.26377e+11 4.43051e+13 1.54381e+14 3.14045e+14 4.97651e+14 6.74306e+14 8.13226e+14 8.89603e+14 8.89603e+14 8.13226e+14 6.74306e+14 4.97651e+14 3.14045e+14 1.54381e+14 4.43051e+13 5.26377e+11 1.05499e+10 2.48627e+08 5.85386e+06 137556 3086.17
3382.29 150782 6.41787e+06 2.7263e+08 1.15704e+10 5.77212e+11 4.84808e+13 1.68905e+14 3.43567e+14 5.4441e+14 7.37644e+14 8.89596e+14 9.73138e+14 9.73138e+14 8.89596e+14 7.37644e+14 5.4441e+14 3.43567e+14 1.68905e+14 4.84808e+13 5.77212e+11 1.15704e+10 2.7263e+08 6.41787e+06 150782 3382.29
3382.29 150782 6.41787e+06 2.7263e+08 1.15704e+10 5.77212e+11 4.84808e+13 1.68905e+14 3.43567e+14 5.4441e+14 7.37644e+14 8.89596e+14 9.73138e+14 9.73138e+14 8.89596e+14 7.37644e+14 5.4441e+14 3.43567e+14 1.68905e+14 4.84808e+13 5.77212e+11 1.15704e+10 2.7263e+08 6.41787e+06 150782 3382.29
3086.17 137556 5.85386e+06 2.48627e+08 1.05499e+10 5.26377e+11 4.43051e+13 1.54381e+14 3.14045e+14 4.97651e+14 6.74306e+14 8.13226e+14 8.89603e+14 8.89603e+14 8.13226e+14 6.74306e+14 4.97651e+14 3.14045e+14 1.54381e+14 4.43051e+13 5.26377e+11 1.05499e+10 2.48627e+08 5.85386e+06 137556 3086.17
2549.14 113574 4.83139e+06 2.05127e+08 8.7011e+09 4.3426e+11 3.67122e+13 1.27964e+14 2.60344e+14 4.12588e+14 5.59079e+14 6.74284e+14 7.37626e+14 7.37626e+14 6.74285e+14 5.59079e+14 4.12588e+14 2.60344e+14 1.27964e+14 3.67122e+13 4.3426e+11 8.7011e+09 2.05127e+08 4.83139e+06 113574 2549.14
1870.2 83255.1 3.53899e+06 1.50159e+08 6.3659e+09 3.17875e+11 2.70622e+13 9.43766e+13 1.92052e+14 3.04403e+14 4.12521e+14 4.97555e+14 5.4431e+14 5.4431e+14 4.97555e+14 4.12521e+14 3.04403e+14 1.92052e+14 9.43766e+13 2.70622e+13 3.17875e+11 6.3659e+09 1.50159e+08 3.53899e+06 83255.1 1870.2
1172.79 52083.8 2.20945e+06 9.35996e+07 3.96353e+09 1.98063e+11 1.70435e+13 5.94842e+13 1.21089e+14 1.91967e+14 2.60186e+14 3.13846e+14 3.43353e+14 3.43353e+14 3.13846e+14 2.60186e+14 1.91967e+14 1.21089e+14 5.94842e+13 1.70435e+13 1.98063e+11 3.96353e+09 9.35996e+07 2.20945e+06 52083.8 1172.79
581.733 25590.4 1.07615e+06 4.52682e+07 1.90721e+09 9.52933e+10 8.34811e+12 2.91737e+13 5.9421e+13 9.42349e+13 1.27753e+14 1.54122e+14 1.68624e+14 1.68624e+14 1.54122e+14 1.27753e+14 9.42349e+13 5.94211e+13 2.91737e+13 8.34811e+12 9.52933e+10 1.90721e+09 4.52682e+07 1.07615e+06 25590.4 581.733
194.765 8203.75 329182 1.3216e+07 5.33607e+08 2.60335e+10 2.37457e+12 8.32254e+12 1.69736e+13 2.69398e+13 3.65414e+13 4.40988e+13 4.82561e+13 4.82561e+13 4.40988e+13 3.65414e+13 2.69398e+13 1.69736e+13 8.32254e+12 2.37457e+12 2.60335e+10 5.33607e+08 1.3216e+07 329182 8203.75 194.765
33.1653 1147.6 34637.2 904728 1.75507e+07 2.48426e+08 2.4927e+10 9.11091e+10 1.89345e+11 3.03974e+11 4.15451e+11 5.03781e+11 5.52565e+11 5.52565e+11 5.03781e+11 4.15451e+11 3.03974e+11 1.89345e+11 9.11091e+10 2.4927e+10 2.48426e+08 1.75507e+07 904728 34637.2 1147.6 33.1653
3.54654 99.7709 2320.37 45273.1 753167 1.70441e+07 5.08676e+08 1.81573e+09 3.7733e+09 6.06258e+09 8.29057e+09 1.00566e+10 1.10321e+10 1.10321e+10 1.00566e+10 8.29057e+09 6.06258e+09 3.7733e+09 1.81573e+09 5.08676e+08 1.70441e+07 753167 45273.1 2320.37 99.7709 3.54654
0.28607 6.84627 135.792 2443.16 44307.2 871481 1.25999e+07 4.31036e+07 8.91212e+07 1.43026e+08 1.95476e+08 2.37031e+08 2.59979e+08 2.59979e+08 2.37031e+08 1.95476e+08 1.43026e+08 8.91212e+07 4.31036e+07 1.25999e+07 871481 44307.2 2443.16 135.792 6.84627 0.28607
0.0196172 0.421723 7.70463 133.587 2248.96 33245.4 313855 1.02485e+06 2.10406e+06 3.37137e+06 4.60472e+06 5.58154e+06 6.12079e+06 6.12079e+06 5.58154e+06 4.60472e+06 3.37137e+06 2.10406e+06 1.02485e+06 313855 33245.4 2248.96 133.587 7.70463 0.421723 0.0196172
0.00121661 0.0243104 0.416238 6.66998 96.2269 1099.36 7822.02 24374.1 49606.9 79323.2 108260 131174 143820 143820 131174 108260 79323.2 49606.9 24374.1 7822.02 1099.36 96.2269 6.66998 0.416238 0.0243104 0.00121661
6.39259e-05 0.00120416 0.0191965 0.277169 3.41106 31.7348 185.707 554.159 1117.18 1782.12 2430.17 2943.32 3226.47 3226.47 2943.32 2430.17 1782.12 1117.18 554.159 185.707 31.7348 3.41106 0.277169 0.0191965 0.00120416 6.39259e-05
