0.0136833 0.254586 3.97105 55.7725 668.412 6097.66 35283.5 104682 209858 332710 450973 543572 594271 594271 543572 450973 332710 209858 104682 35283.5 6097.66 668.412 55.7725 3.97105 0.254586 0.0136833
0.262855 5.22334 87.9345 1368.28 19079.4 212169 1.48766e+06 4.60698e+06 9.32079e+06 1.48069e+07 2.00793e+07 2.42047e+07 2.64628e+07 2.64628e+07 2.42047e+07 2.00793e+07 1.48069e+07 9.32079e+06 4.60698e+06 1.48766e+06 212169 19079.4 1368.28 87.9345 5.22334 0.262855
4.24634 91.6213 1665.54 28204.7 455277 6.46537e+06 5.97915e+07 1.93954e+08 3.9572e+08 6.29682e+08 8.54203e+08 1.02979e+09 1.12587e+09 1.12587e+09 1.02979e+09 8.54203e+08 6.29682e+08 3.9572e+08 1.93954e+08 5.97915e+07 6.46537e+06 455277 28204.7 1665.54 91.6213 4.24634
61.3797 1483.97 29725 533452 9.31253e+06 1.71857e+08 2.40508e+09 8.1707e+09 1.67844e+10 2.67399e+10 3.62837e+10 4.37442e+10 4.7826e+10 4.7826e+10 4.37442e+10 3.62837e+10 2.67399e+10 1.67844e+10 8.1707e+09 2.40508e+09 1.71857e+08 9.31253e+06 533452 29725 1483.97 61.3797
748.245 21265.4 502445 1.00169e+07 1.68191e+08 3.47625e+09 9.72803e+10 3.44772e+11 7.11675e+11 1.1347e+12 1.53996e+12 1.85667e+12 2.02992e+12 2.02992e+12 1.85667e+12 1.53996e+12 1.1347e+12 7.11675e+11 3.44772e+11 9.72803e+10 3.47625e+09 1.68191e+08 1.00169e+07 502445 21265.4 748.245
6865.03 238903 7.28257e+06 1.93723e+08 3.92408e+09 5.85909e+10 4.82621e+12 1.75017e+13 3.61231e+13 5.75434e+13 7.80492e+13 9.4069e+13 1.02831e+14 1.02831e+14 9.4069e+13 7.80492e+13 5.75434e+13 3.61231e+13 1.75017e+13 4.82621e+12 5.85909e+10 3.92408e+09 1.93723e+08 7.28257e+06 238903 6865.03
39680.8 1.67283e+06 6.72243e+07 2.70368e+09 1.09342e+11 5.2689e+12 4.59511e+14 1.60448e+15 3.26035e+15 5.15255e+15 6.95885e+15 8.36875e+15 9.13982e+15 9.13982e+15 8.36875e+15 6.95885e+15 5.15255e+15 3.26035e+15 1.60448e+15 4.59511e+14 5.2689e+12 1.09342e+11 2.70368e+09 6.72243e+07 1.67283e+06 39680.8
117605 5.17461e+06 2.17804e+08 9.17348e+09 3.87004e+11 1.91333e+13 1.61261e+15 5.61572e+15 1.13978e+16 1.80005e+16 2.43011e+16 2.9218e+16 3.19068e+16 3.19068e+16 2.9218e+16 2.43011e+16 1.80005e+16 1.13978e+16 5.61572e+15 1.61261e+15 1.91333e+13 3.87004e+11 9.17348e+09 2.17804e+08 5.17461e+06 117605
235556 1.04598e+07 4.43971e+08 1.88265e+10 7.98083e+11 3.94868e+13 3.28217e+15 1.14164e+16 2.31575e+16 3.65591e+16 4.93435e+16 5.93185e+16 6.47728e+16 6.47728e+16 5.93185e+16 4.93435e+16 3.65591e+16 2.31575e+16 1.14164e+16 3.28217e+15 3.94868e+13 7.98083e+11 1.88265e+10 4.43971e+08 1.04598e+07 235556
373151 1.66026e+07 7.05861e+08 2.99673e+10 1.27133e+12 6.28722e+13 5.18997e+15 1.80406e+16 3.65809e+16 5.77357e+16 7.79111e+16 9.36501e+16 1.02255e+17 1.02255e+17 9.36501e+16 7.79111e+16 5.77357e+16 3.65809e+16 1.80406e+16 5.18997e+15 6.28722e+13 1.27133e+12 2.99673e+10 7.05861e+08 1.66026e+07 373151
505431 2.24979e+07 9.56828e+08 4.06316e+10 1.72402e+12 8.52284e+13 7.01016e+15 2.43584e+16 4.93799e+16 7.79222e+16 1.05138e+17 1.26365e+17 1.37971e+17 1.37971e+17 1.26365e+17 1.05138e+17 7.79222e+16 4.93799e+16 2.43584e+16 7.01016e+15 8.52284e+13 1.72402e+12 4.06316e+10 9.56828e+08 2.24979e+07 505431
608888 2.71054e+07 1.15285e+09 4.89575e+10 2.07734e+12 1.02672e+14 8.42991e+15 2.92856e+16 5.93598e+16 9.366e+16 1.26361e+17 1.51865e+17 1.65807e+17 1.65807e+17 1.51865e+17 1.26361e+17 9.366e+16 5.93598e+16 2.92856e+16 8.42991e+15 1.02672e+14 2.07734e+12 4.89575e+10 1.15285e+09 2.71054e+07 608888
665487 2.96252e+07 1.26003e+09 5.35087e+10 2.27043e+12 1.12203e+14 9.20594e+15 3.19786e+16 6.48141e+16 1.0226e+17 1.37958e+17 1.65798e+17 1.81016e+17 1.81016e+17 1.65798e+17 1.37958e+17 1.0226e+17 6.48141e+16 3.19786e+16 9.20594e+15 1.12203e+14 2.27043e+12 5.35087e+10 1.26003e+09 2.96252e+07 665487
665487 2.96252e+07 1.26003e+09 5.35087e+10 2.27043e+12 1.12203e+14 9.20594e+15 3.19786e+16 6.48141e+16 1.0226e+17 1.37958e+17 1.65798e+17 1.81016e+17 1.81016e+17 1.65798e+17 1.37958e+17 1.0226e+17 6.48141e+16 3.19786e+16 9.20594e+15 1.12203e+14 2.27043e+12 5.35087e+10 1.26003e+09 2.96252e+07 665487
608888 2.71054e+07 1.15285e+09 4.89575e+10 2.07734e+12 1.02672e+14 8.42991e+15 2.92856e+16 5.93598e+16 9.366e+16 1.26361e+17 1.51865e+17 1.65807e+17 1.65807e+17 1.51865e+17 1.26361e+17 9.366e+16 5.93598e+16 2.92856e+16 8.42991e+15 1.02672e+14 2.07734e+12 4.89575e+10 1.15285e+09 2.71054e+07 608888
505431 2.24979e+07 9.56828e+08 4.06316e+10 1.72402e+12 8.52284e+13 7.01016e+15 2.43584e+16 4.93799e+16 7.79222e+16 1.05138e+17 1.26365e+17 1.37971e+17 1.37971e+17 1.26365e+17 1.05138e+17 7.79222e+16 4.93799e+16 2.43584e+16 7.01016e+15 8.52284e+13 1.72402e+12 4.06316e+10 9.56828e+08 2.24979e+07 505431
373151 1.66026e+07 7.05861e+08 2.99673e+10 1.27133e+12 6.28722e+13 5.18997e+15 1.80406e+16 3.65809e+16 5.77357e+16 7.79111e+16 9.36501e+16 1.02255e+17 1.02255e+17 9.36501e+16 7.79111e+16 5.77357e+16 3.65809e+16 1.80406e+16 5.18997e+15 6.28722e+13 1.27133e+12 2.99673e+10 7.05861e+08 1.66026e+07 373151
235556 1.04598e+07 4.43971e+08 1.88265e+10 7.98083e+11 3.94868e+13 3.28217e+15 1.14164e+16 2.31575e+16 3.65591e+16 4.93435e+16 5.93185e+16 6.47728e+16 6.47728e+16 5.93185e+16 4.93435e+16 3.65591e+16 2.31575e+16 1.14164e+16 3.28217e+15 3.94868e+13 7.98083e+11 1.88265e+10 4.43971e+08 1.04598e+07 235556
117605 5.17461e+06 2.17804e+08 9.17348e+09 3.87004e+11 1.91333e+13 1.61261e+15 5.61572e+15 1.13978e+16 1.80005e+16 2.43011e+16 2.9218e+16 3.19068e+16 3.19068e+16 2.9218e+16 2.43011e+16 1.80005e+16 1.13978e+16 5.61572e+15 1.61261e+15 1.91333e+13 3.87004e+11 9.17348e+09 2.17804e+08 5.17461e+06 117605
39680.8 1.67283e+06 6.72243e+07 2.70368e+09 1.09342e+11 5.2689e+12 4.59511e+14 1.60448e+15 3.26035e+15 5.15255e+15 6.95885e+15 8.36875e+15 9.13982e+15 9.13982e+15 8.36875e+15 6.95885e+15 5.15255e+15 3.26035e+15 1.60448e+15 4.59511e+14 5.2689e+12 1.09342e+11 2.70368e+09 6.72243e+07 1.67283e+06 39680.8
6865.03 238903 7.28257e+06 1.93723e+08 3.92408e+09 5.85909e+10 4.82621e+12 1.75017e+13 3.61231e+13 5.75434e+13 7.80492e+13 9.4069e+13 1.02831e+14 1.02831e+14 9.4069e+13 7.80492e+13 5.75434e+13 3.61231e+13 1.75017e+13 4.82621e+12 5.85909e+10 3.92408e+09 1.93723e+08 7.28257e+06 238903 6865.03
748.245 21265.4 502445 1.00169e+07 1.68191e+08 3.47625e+09 9.72803e+10 3.44772e+11 7.11675e+11 1.1347e+12 1.53996e+12 1.85667e+12 2.02992e+12 2.02992e+12 1.85667e+12 1.53996e+12 1.1347e+12 7.11675e+11 3.44772e+11 9.72803e+10 3.47625e+09 1.68191e+08 1.00169e+07 502445 21265.4 748.245
61.3797 1483.97 29725 533452 9.31253e+06 1.71857e+08 2.40508e+09 8.1707e+09 1.67844e+10 2.67399e+10 3.62837e+10 4.37442e+10 4.7826e+10 4.7826e+10 4.37442e+10 3.62837e+10 2.67399e+10 1.67844e+10 8.1707e+09 2.40508e+09 1.71857e+08 9.31253e+06 533452 29725 1483.97 61.3797
4.24634 91.6213 1665.54 28204.7 455277 6.46537e+06 5.97915e+07 1.93954e+08 3.9572e+08 6.29682e+08 8.54203e+08 1.02979e+09 1.12587e+09 1.12587e+09 1.02979e+09 8.54203e+08 6.29682e+08 3.9572e+08 1.93954e+08 5.97915e+07 6.46537e+06 455277 28204.7 1665.54 91.6213 4.24634
0.262855 5.22334 87.9345 1368.28 19079.4 212169 1.48766e+06 4.60698e+06 9.32079e+06 1.48069e+07 2.00793e+07 2.42047e+07 2.64628e+07 2.64628e+07 2.42047e+07 2.00793e+07 1.48069e+07 9.32079e+06 4.60698e+06 1.48766e+06 212169 19079.4 1368.28 87.9345 5.22334 0.262855
0.0136833 0.254586 3.97105 55.7725 668.412 6097.66 35283.5 104682 209858 332710 450973 543572 594271 594271 543572 450973 332710 209858 104682 35283.5 6097.66 668.412 55.7725 3.97105 0.254586 0.0136833
