0.284154 5.39931 86.4424 1249.61 15388.9 143405 841134 2.51164e+06 5.05454e+06 8.0302e+06 1.08923e+07 1.31278e+07 1.43488e+07 1.43488e+07 1.31278e+07 1.08923e+07 8.0302e+06 5.05454e+06 2.51164e+06 841134 143405 15388.9 1249.61 86.4424 5.39931 0.284153
5.48609 111.119 1915.62 30729.6 442714 5.05564e+06 3.60232e+07 1.12351e+08 2.2832e+08 3.63626e+08 4.93589e+08 5.95036e+08 6.50425e+08 6.50425e+08 5.95036e+08 4.93589e+08 3.63626e+08 2.2832e+08 1.12351e+08 3.60232e+07 5.05564e+06 442714 30729.6 1915.62 111.119 5.48609
89.3828 1955.15 36105.2 627718 1.05269e+07 1.54953e+08 1.4624e+09 4.78045e+09 9.80174e+09 1.56418e+10 2.12439e+10 2.5614e+10 2.79992e+10 2.79992e+10 2.5614e+10 2.12439e+10 1.56418e+10 9.80174e+09 4.78045e+09 1.4624e+09 1.54953e+08 1.05269e+07 627718 36105.2 1955.15 89.3828
1311.11 31995.3 644172 1.16887e+07 2.1129e+08 4.11019e+09 5.92015e+10 2.02797e+11 4.18838e+11 6.69383e+11 9.09468e+11 1.09664e+12 1.19876e+12 1.19876e+12 1.09664e+12 9.09468e+11 6.69383e+11 4.18838e+11 2.02797e+11 5.92015e+10 4.11019e+09 2.1129e+08 1.16887e+07 644172 31995.3 1311.11
16299.7 467519 1.10512e+07 2.18842e+08 3.67524e+09 8.15836e+10 2.40409e+12 8.5963e+12 1.78478e+13 2.85536e+13 3.88047e+13 4.6792e+13 5.11478e+13 5.11478e+13 4.6792e+13 3.88047e+13 2.85536e+13 1.78478e+13 8.5963e+12 2.40409e+12 8.15836e+10 3.67524e+09 2.18842e+08 1.10512e+07 467519 16299.7
152637 5.3773e+06 1.64617e+08 4.35712e+09 8.60643e+10 1.24293e+12 1.18556e+14 4.3429e+14 9.02188e+14 1.4427e+15 1.96003e+15 2.36305e+15 2.58281e+15 2.58281e+15 2.36305e+15 1.96003e+15 1.4427e+15 9.02188e+14 4.3429e+14 1.18556e+14 1.24293e+12 8.60643e+10 4.35712e+09 1.64617e+08 5.3773e+06 152637
897084 3.84208e+07 1.55981e+09 6.31493e+10 2.56467e+12 1.2514e+14 1.13088e+16 3.97762e+16 8.13028e+16 1.29042e+17 1.74749e+17 2.10454e+17 2.29976e+17 2.29976e+17 2.10454e+17 1.74749e+17 1.29042e+17 8.13028e+16 3.97762e+16 1.13088e+16 1.2514e+14 2.56467e+12 6.31493e+10 1.55981e+09 3.84208e+07 897084
2.6789e+06 1.19845e+08 5.09992e+09 2.16377e+11 9.1732e+12 4.58943e+14 3.99113e+16 1.39957e+17 2.85695e+17 4.53124e+17 6.13393e+17 7.38586e+17 8.07043e+17 8.07043e+17 7.38586e+17 6.13393e+17 4.53124e+17 2.85695e+17 1.39957e+17 3.99113e+16 4.58943e+14 9.1732e+12 2.16377e+11 5.09992e+09 1.19845e+08 2.6789e+06
5.38739e+06 2.43378e+08 1.04493e+10 4.46562e+11 1.90315e+13 9.52987e+14 8.16443e+16 2.85932e+17 5.83273e+17 9.24678e+17 1.25136e+18 1.5065e+18 1.64599e+18 1.64599e+18 1.5065e+18 1.25136e+18 9.24678e+17 5.83273e+17 2.85932e+17 8.16443e+16 9.52987e+14 1.90315e+13 4.46562e+11 1.04493e+10 2.43378e+08 5.38739e+06
8.55006e+06 3.87192e+08 1.66568e+10 7.12878e+11 3.04116e+13 1.52237e+15 1.29569e+17 4.53464e+17 9.24616e+17 1.46531e+18 1.98248e+18 2.38626e+18 2.60698e+18 2.60698e+18 2.38626e+18 1.98248e+18 1.46531e+18 9.24616e+17 4.53464e+17 1.29569e+17 1.52237e+15 3.04116e+13 7.12878e+11 1.66568e+10 3.87192e+08 8.55006e+06
1.15845e+07 5.24974e+08 2.25955e+10 9.6737e+11 4.1277e+13 2.0658e+15 1.75375e+17 6.13569e+17 1.25072e+18 1.9816e+18 2.68041e+18 3.22585e+18 3.52396e+18 3.52396e+18 3.22585e+18 2.68041e+18 1.9816e+18 1.25072e+18 6.13569e+17 1.75375e+17 2.0658e+15 4.1277e+13 9.6737e+11 2.25955e+10 5.24974e+08 1.15845e+07
1.39492e+07 6.32265e+08 2.72166e+10 1.16526e+12 4.97199e+13 2.48799e+15 2.11091e+17 7.38418e+17 1.50496e+18 2.38401e+18 3.22425e+18 3.87992e+18 4.23823e+18 4.23823e+18 3.87992e+18 3.22425e+18 2.38401e+18 1.50496e+18 7.38418e+17 2.11091e+17 2.48799e+15 4.97199e+13 1.16526e+12 2.72166e+10 6.32265e+08 1.39492e+07
1.52386e+07 6.90745e+08 2.97342e+10 1.27301e+12 5.4315e+13 2.71774e+15 2.30594e+17 8.06599e+17 1.64379e+18 2.60371e+18 3.52112e+18 4.23691e+18 4.62804e+18 4.62804e+18 4.23691e+18 3.52112e+18 2.60371e+18 1.64379e+18 8.06599e+17 2.30594e+17 2.71774e+15 5.4315e+13 1.27301e+12 2.97342e+10 6.90745e+08 1.52386e+07
1.52386e+07 6.90745e+08 2.97342e+10 1.27301e+12 5.4315e+13 2.71774e+15 2.30594e+17 8.06599e+17 1.64379e+18 2.60371e+18 3.52112e+18 4.23691e+18 4.62804e+18 4.62804e+18 4.23691e+18 3.52112e+18 2.60371e+18 1.64379e+18 8.06599e+17 2.30594e+17 2.71774e+15 5.4315e+13 1.27301e+12 2.97342e+10 6.90745e+08 1.52386e+07
1.39492e+07 6.32265e+08 2.72166e+10 1.16526e+12 4.97199e+13 2.48799e+15 2.11091e+17 7.38418e+17 1.50496e+18 2.38401e+18 3.22425e+18 3.87992e+18 4.23823e+18 4.23823e+18 3.87992e+18 3.22425e+18 2.38401e+18 1.50496e+18 7.38418e+17 2.11091e+17 2.48799e+15 4.97199e+13 1.16526e+12 2.72166e+10 6.32265e+08 1.39492e+07
1.15845e+07 5.24974e+08 2.25955e+10 9.6737e+11 4.1277e+13 2.0658e+15 1.75375e+17 6.13569e+17 1.25072e+18 1.9816e+18 2.68041e+18 3.22585e+18 3.52396e+18 3.52396e+18 3.22585e+18 2.68041e+18 1.9816e+18 1.25072e+18 6.13569e+17 1.75375e+17 2.0658e+15 4.1277e+13 9.6737e+11 2.25955e+10 5.24974e+08 1.15845e+07
8.55006e+06 3.87192e+08 1.66568e+10 7.12878e+11 3.04116e+13 1.52237e+15 1.29569e+17 4.53464e+17 9.24616e+17 1.46531e+18 1.98248e+18 2.38626e+18 2.60698e+18 2.60698e+18 2.38626e+18 1.98248e+18 1.46531e+18 9.24616e+17 4.53464e+17 1.29569e+17 1.52237e+15 3.04116e+13 7.12878e+11 1.66568e+10 3.87192e+08 8.55006e+06
5.38739e+06 2.43378e+08 1.04493e+10 4.46562e+11 1.90315e+13 9.52987e+14 8.16443e+16 2.85932e+17 5.83273e+17 9.24678e+17 1.25136e+18 1.5065e+18 1.64599e+18 1.64599e+18 1.5065e+18 1.25136e+18 9.24678e+17 5.83273e+17 2.85932e+17 8.16443e+16 9.52987e+14 1.90315e+13 4.46562e+11 1.04493e+10 2.43378e+08 5.38739e+06
2.6789e+06 1.19845e+08 5.09992e+09 2.16377e+11 9.1732e+12 4.58943e+14 3.99113e+16 1.39957e+17 2.85695e+17 4.53124e+17 6.13393e+17 7.38586e+17 8.07043e+17 8.07043e+17 7.38586e+17 6.13393e+17 4.53124e+17 2.85695e+17 1.39957e+17 3.99113e+16 4.58943e+14 9.1732e+12 2.16377e+11 5.09992e+09 1.19845e+08 2.6789e+06
897084 3.84208e+07 1.55981e+09 6.31493e+10 2.56467e+12 1.2514e+14 1.13088e+16 3.97762e+16 8.13028e+16 1.29042e+17 1.74749e+17 2.10454e+17 2.29976e+17 2.29976e+17 2.10454e+17 1.74749e+17 1.29042e+17 8.13028e+16 3.97762e+16 1.13088e+16 1.2514e+14 2.56467e+12 6.31493e+10 1.55981e+09 3.84208e+07 897084
152637 5.3773e+06 1.64617e+08 4.35712e+09 8.60643e+10 1.24293e+12 1.18556e+14 4.3429e+14 9.02188e+14 1.4427e+15 1.96003e+15 2.36305e+15 2.58281e+15 2.58281e+15 2.36305e+15 1.96003e+15 1.4427e+15 9.02188e+14 4.3429e+14 1.18556e+14 1.24293e+12 8.60643e+10 4.35712e+09 1.64617e+08 5.3773e+06 152637
16299.7 467519 1.10512e+07 2.18842e+08 3.67524e+09 8.15836e+10 2.40409e+12 8.5963e+12 1.78478e+13 2.85536e+13 3.88047e+13 4.6792e+13 5.11478e+13 5.11478e+13 4.6792e+13 3.88047e+13 2.85536e+13 1.78478e+13 8.5963e+12 2.40409e+12 8.15836e+10 3.67524e+09 2.18842e+08 1.10512e+07 467519 16299.7
1311.11 31995.3 644172 1.16887e+07 2.1129e+08 4.11019e+09 5.92015e+10 2.02797e+11 4.18838e+11 6.69383e+11 9.09468e+11 1.09664e+12 1.19876e+12 1.19876e+12 1.09664e+12 9.09468e+11 6.69383e+11 4.18838e+11 2.02797e+11 5.92015e+10 4.11019e+09 2.1129e+08 1.16887e+07 644172 31995.3 1311.11
89.3828 1955.15 36105.2 627718 1.05269e+07 1.54953e+08 1.4624e+09 4.78045e+09 9.80174e+09 1.56418e+10 2.12439e+10 2.5614e+10 2.79992e+10 2.79992e+10 2.5614e+10 2.12439e+10 1.56418e+10 9.80174e+09 4.78045e+09 1.4624e+09 1.54953e+08 1.05269e+07 627718 36105.2 1955.15 89.3828
5.48609 111.119 1915.62 30729.6 442714 5.05564e+06 3.60232e+07 1.12351e+08 2.2832e+08 3.63626e+08 4.93589e+08 5.95036e+08 6.50425e+08 6.50425e+08 5.95036e+08 4.93589e+08 3.63626e+08 2.2832e+08 1.12351e+08 3.60232e+07 5.05564e+06 442714 30729.6 1915.62 111.119 5.48609
0.284153 5.39931 86.4424 1249.61 15388.9 143405 841134 2.51164e+06 5.05454e+06 8.0302e+06 1.08923e+07 1.31278e+07 1.43488e+07 1.43488e+07 1.31278e+07 1.08923e+07 8.0302e+06 5.05454e+06 2.51164e+06 841134 143405 15388.9 1249.61 86.4424 5.39931 0.284153
