2.32409e-06 4.32796e-05 0.000677982 0.00958725 0.115657 1.05894 6.1236 18.0741 35.9959 56.7079 76.4676 91.8385 100.222 100.222 91.8385 76.4676 56.7079 35.9959 18.0741 6.1236 1.05894 0.115657 0.00958725 0.000677982 4.32796e-05 2.32409e-06
4.43113e-05 0.000878968 0.014832 0.232533 3.27439 36.6698 257.427 793.098 1593.77 2515.48 3393.23 4075.56 4447.6 4447.6 4075.56 3393.23 2515.48 1593.77 793.098 257.427 36.6698 3.27439 0.232533 0.014832 0.000878968 4.43113e-05
0.000712278 0.0152873 0.277267 4.71984 77.1964 1110.55 10315.1 33287 67439.9 106598 143831 172758 188528 188528 172758 143831 106598 67439.9 33287 10315.1 1110.55 77.1964 4.71984 0.277267 0.0152873 0.000712278
0.0102878 0.246821 4.90512 87.7627 1549.76 29267.8 413838 1.39842e+06 2.85167e+06 4.5119e+06 6.08868e+06 7.31327e+06 7.98074e+06 7.98074e+06 7.31327e+06 6.08868e+06 4.5119e+06 2.85167e+06 1.39842e+06 413838 29267.8 1549.76 87.7627 4.90512 0.246821 0.0102878
0.12572 3.5465 82.9684 1634.1 27237.4 582297 1.67085e+07 5.88819e+07 1.20611e+08 1.90936e+08 2.57676e+08 3.09497e+08 3.37738e+08 3.37738e+08 3.09497e+08 2.57676e+08 1.90936e+08 1.20611e+08 5.88819e+07 1.67085e+07 582297 27237.4 1634.1 82.9684 3.5465 0.12572
1.15719 40.0583 1212.54 31927.4 633925 9.24127e+06 8.24557e+08 2.97377e+09 6.09082e+09 9.63435e+09 1.29956e+10 1.56051e+10 1.70272e+10 1.70272e+10 1.56051e+10 1.29956e+10 9.63435e+09 6.09082e+09 2.97376e+09 8.24557e+08 9.24127e+06 633925 31927.4 1212.54 40.0583 1.15719
6.69669 281.505 11279.5 452516 1.827e+07 8.84978e+08 7.85475e+10 2.73018e+11 5.51535e+11 8.66905e+11 1.16577e+12 1.39786e+12 1.52442e+12 1.52442e+12 1.39786e+12 1.16577e+12 8.66905e+11 5.51535e+11 2.73018e+11 7.85475e+10 8.84978e+08 1.827e+07 452516 11279.5 281.505 6.69669
19.7592 867 36387.2 1.5286e+06 6.43616e+07 3.19558e+09 2.74114e+11 9.50582e+11 1.9187e+12 3.01464e+12 4.05317e+12 4.85969e+12 5.2995e+12 5.2995e+12 4.8597e+12 4.05317e+12 3.01464e+12 1.9187e+12 9.50582e+11 2.74114e+11 3.19558e+09 6.43616e+07 1.5286e+06 36387.2 867 19.7592
39.3271 1741.16 73672 3.11502e+06 1.31742e+08 6.5436e+09 5.54328e+11 1.92074e+12 3.87578e+12 6.08876e+12 8.18579e+12 9.81437e+12 1.07024e+13 1.07024e+13 9.81437e+12 8.18579e+12 6.08876e+12 3.87578e+12 1.92074e+12 5.54328e+11 6.5436e+09 1.31742e+08 3.11502e+06 73672 1741.16 39.3271
61.9099 2746 116357 4.92456e+06 2.08382e+08 1.03441e+10 8.71443e+11 3.01842e+12 6.08997e+12 9.56663e+12 1.28611e+13 1.54196e+13 1.68149e+13 1.68149e+13 1.54196e+13 1.28611e+13 9.56663e+12 6.08997e+12 3.01842e+12 8.71443e+11 1.03441e+10 2.08382e+08 4.92456e+06 116357 2746 61.9099
83.4221 3701.44 156878 6.6403e+06 2.80992e+08 1.39431e+10 1.17169e+12 4.0577e+12 8.18633e+12 1.28594e+13 1.72876e+13 2.07266e+13 2.2602e+13 2.2602e+13 2.07266e+13 1.72876e+13 1.28594e+13 8.18633e+12 4.0577e+12 1.17169e+12 1.39431e+10 2.80992e+08 6.6403e+06 156878 3701.44 83.4221
100.134 4443.15 188316 7.97087e+06 3.37284e+08 1.6733e+10 1.40463e+12 4.86407e+12 9.81295e+12 1.54144e+13 2.07223e+13 2.48445e+13 2.70925e+13 2.70925e+13 2.48445e+13 2.07223e+13 1.54144e+13 9.81295e+12 4.86407e+12 1.40463e+12 1.6733e+10 3.37284e+08 7.97087e+06 188316 4443.15 100.134
109.241 4847.19 205438 8.69537e+06 3.67931e+08 1.82518e+10 1.53156e+12 5.3035e+12 1.06994e+13 1.68068e+13 2.25941e+13 2.70887e+13 2.95397e+13 2.95397e+13 2.70887e+13 2.25941e+13 1.68068e+13 1.06994e+13 5.3035e+12 1.53156e+12 1.82518e+10 3.67931e+08 8.69537e+06 205438 4847.19 109.241
109.241 4847.19 205438 8.69537e+06 3.67931e+08 1.82518e+10 1.53156e+12 5.3035e+12 1.06994e+13 1.68068e+13 2.25941e+13 2.70887e+13 2.95397e+13 2.95397e+13 2.70887e+13 2.25941e+13 1.68068e+13 1.06994e+13 5.3035e+12 1.53156e+12 1.82518e+10 3.67931e+08 8.69537e+06 205438 4847.19 109.241
100.134 4443.15 188316 7.97087e+06 3.37284e+08 1.6733e+10 1.40463e+12 4.86407e+12 9.81295e+12 1.54144e+13 2.07223e+13 2.48445e+13 2.70925e+13 2.70925e+13 2.48445e+13 2.07223e+13 1.54144e+13 9.81295e+12 4.86407e+12 1.40463e+12 1.6733e+10 3.37284e+08 7.97087e+06 188316 4443.15 100.134
83.4221 3701.44 156878 6.6403e+06 2.80992e+08 1.39431e+10 1.17169e+12 4.0577e+12 8.18633e+12 1.28594e+13 1.72876e+13 2.07266e+13 2.2602e+13 2.2602e+13 2.07266e+13 1.72876e+13 1.28594e+13 8.18633e+12 4.0577e+12 1.17169e+12 1.39431e+10 2.80992e+08 6.6403e+06 156878 3701.44 83.4221
61.9099 2746 116357 4.92456e+06 2.08382e+08 1.03441e+10 8.71443e+11 3.01842e+12 6.08997e+12 9.56663e+12 1.28611e+13 1.54196e+13 1.68149e+13 1.68149e+13 1.54196e+13 1.28611e+13 9.56663e+12 6.08997e+12 3.01842e+12 8.71443e+11 1.03441e+10 2.08382e+08 4.92456e+06 116357 2746 61.9099
39.3271 1741.16 73672 3.11502e+06 1.31742e+08 6.5436e+09 5.54328e+11 1.92074e+12 3.87578e+12 6.08876e+12 8.18579e+12 9.81437e+12 1.07024e+13 1.07024e+13 9.81437e+12 8.18579e+12 6.08876e+12 3.87578e+12 1.92074e+12 5.54328e+11 6.5436e+09 1.31742e+08 3.11502e+06 73672 1741.16 39.3271
19.7592 867 36387.2 1.5286e+06 6.43616e+07 3.19558e+09 2.74114e+11 9.50582e+11 1.9187e+12 3.01464e+12 4.05317e+12 4.8597e+12 5.2995e+12 5.2995e+12 4.85969e+12 4.05317e+12 3.01464e+12 1.9187e+12 9.50582e+11 2.74114e+11 3.19558e+09 6.43616e+07 1.5286e+06 36387.2 867 19.7592
6.69669 281.505 11279.5 452516 1.827e+07 8.84978e+08 7.85475e+10 2.73018e+11 5.51535e+11 8.66905e+11 1.16577e+12 1.39786e+12 1.52442e+12 1.52442e+12 1.39786e+12 1.16577e+12 8.66905e+11 5.51535e+11 2.73018e+11 7.85475e+10 8.84978e+08 1.827e+07 452516 11279.5 281.505 6.69669
1.15719 40.0583 1212.54 31927.4 633925 9.24127e+06 8.24557e+08 2.97376e+09 6.09082e+09 9.63435e+09 1.29956e+10 1.56051e+10 1.70272e+10 1.70272e+10 1.56051e+10 1.29956e+10 9.63435e+09 6.09082e+09 2.97377e+09 8.24557e+08 9.24127e+06 633925 31927.4 1212.54 40.0583 1.15719
0.12572 3.5465 82.9684 1634.1 27237.4 582297 1.67085e+07 5.88819e+07 1.20611e+08 1.90936e+08 2.57676e+08 3.09497e+08 3.37738e+08 3.37738e+08 3.09497e+08 2.57676e+08 1.90936e+08 1.20611e+08 5.88819e+07 1.67085e+07 582297 27237.4 1634.1 82.9684 3.5465 0.12572
0.0102878 0.246821 4.90512 87.7627 1549.76 29267.8 413838 1.39842e+06 2.85167e+06 4.5119e+06 6.08868e+06 7.31327e+06 7.98074e+06 7.98074e+06 7.31327e+06 6.08868e+06 4.5119e+06 2.85167e+06 1.39842e+06 413838 29267.8 1549.76 87.7627 4.90512 0.246821 0.0102878
0.000712278 0.0152873 0.277267 4.71984 77.1964 1110.55 10315.1 33287 67439.9 106598 143831 172758 188528 188528 172758 143831 106598 67439.9 33287 10315.1 1110.55 77.1964 4.71984 0.277267 0.0152873 0.000712278
4.43113e-05 0.000878968 0.014832 0.232533 3.27439 36.6698 257.427 793.098 1593.77 2515.48 3393.23 4075.56 4447.6 4447.6 4075.56 3393.23 2515.48 1593.77 793.098 257.427 36.6698 3.27439 0.232533 0.014832 0.000878968 4.43113e-05
2.32409e-06 4.32796e-05 0.000677982 0.00958725 0.115657 1.05894 6.1236 18.0741 35.9959 56.7079 76.4676 91.8385 100.222 100.222 91.8385 76.4676 56.7079 35.9959 18.0741 6.1236 1.05894 0.115657 0.00958725 0.000677982 4.32796e-05 2.32409e-06
