6.03085 112.253 1750.22 24547.3 293543 2.66975e+06 1.53725e+07 4.51462e+07 8.91772e+07 1.38946e+08 1.85141e+08 2.20126e+08 2.38836e+08 2.38836e+08 2.20126e+08 1.85141e+08 1.38946e+08 8.91772e+07 4.51462e+07 1.53725e+07 2.66975e+06 293543 24547.3 1750.22 112.253 6.03085
115.937 2306.35 38839 603738 8.40017e+06 9.3133e+07 6.50081e+08 1.99249e+09 3.97008e+09 6.19381e+09 8.25075e+09 9.80485e+09 1.06348e+10 1.06348e+10 9.80485e+09 8.25075e+09 6.19381e+09 3.97008e+09 1.99249e+09 6.50081e+08 9.3133e+07 8.40017e+06 603738 38839 2306.35 115.937
1872.89 40484.9 736979 1.24798e+07 2.01047e+08 2.846e+09 2.6212e+10 8.41391e+10 1.68972e+11 2.63851e+11 3.51317e+11 4.17244e+11 4.52396e+11 4.52396e+11 4.17244e+11 3.51317e+11 2.63851e+11 1.68972e+11 8.41391e+10 2.6212e+10 2.846e+09 2.01047e+08 1.24798e+07 736979 40484.9 1872.89
27044.4 655387 1.31603e+07 2.36577e+08 4.12667e+09 7.58788e+10 1.05779e+12 3.55528e+12 7.18445e+12 1.12229e+13 1.49343e+13 1.77253e+13 1.92112e+13 1.92112e+13 1.77253e+13 1.49343e+13 1.12229e+13 7.18445e+12 3.55528e+12 1.05779e+12 7.58788e+10 4.12667e+09 2.36577e+08 1.31603e+07 655387 27044.4
329020 9.37463e+06 2.22148e+08 4.44301e+09 7.47924e+10 1.54075e+12 4.29226e+13 1.50461e+14 3.05334e+14 4.76933e+14 6.34201e+14 7.522e+14 8.14916e+14 8.14916e+14 7.522e+14 6.34201e+14 4.76933e+14 3.05334e+14 1.50461e+14 4.29226e+13 1.54075e+12 7.47924e+10 4.44301e+09 2.22148e+08 9.37463e+06 329020
3.00927e+06 1.05001e+08 3.21028e+09 8.56765e+10 1.743e+12 2.61748e+13 2.13701e+15 7.66884e+15 1.55694e+16 2.43113e+16 3.23254e+16 3.83423e+16 4.15423e+16 4.15423e+16 3.83423e+16 3.23254e+16 2.43113e+16 1.55694e+16 7.66884e+15 2.13701e+15 2.61748e+13 1.743e+12 8.56765e+10 3.21028e+09 1.05001e+08 3.00927e+06
1.73028e+07 7.31626e+08 2.94968e+10 1.19022e+12 4.82908e+13 2.33323e+15 2.03269e+17 7.05787e+17 1.42092e+18 2.22009e+18 2.96443e+18 3.53262e+18 3.83858e+18 3.83858e+18 3.53262e+18 2.96443e+18 2.22009e+18 1.42092e+18 7.05787e+17 2.03269e+17 2.33323e+15 4.82908e+13 1.19022e+12 2.94968e+10 7.31626e+08 1.73028e+07
5.07477e+07 2.23926e+09 9.45407e+10 3.99402e+12 1.68997e+14 8.38032e+15 7.08808e+17 2.45524e+18 4.93775e+18 7.71046e+18 1.02923e+19 1.22632e+19 1.33245e+19 1.33245e+19 1.22632e+19 1.02923e+19 7.71046e+18 4.93775e+18 2.45524e+18 7.08808e+17 8.38032e+15 1.68997e+14 3.99402e+12 9.45407e+10 2.23926e+09 5.07477e+07
1.00124e+08 4.45637e+09 1.89625e+11 8.06071e+12 3.42499e+14 1.70004e+16 1.42762e+18 4.94004e+18 9.92597e+18 1.54867e+19 2.06575e+19 2.46001e+19 2.67217e+19 2.67217e+19 2.46001e+19 2.06575e+19 1.54867e+19 9.92597e+18 4.94004e+18 1.42762e+18 1.70004e+16 3.42499e+14 8.06071e+12 1.89625e+11 4.45637e+09 1.00124e+08
1.55826e+08 6.94442e+09 2.95745e+11 1.25761e+13 5.34299e+14 2.65113e+16 2.22874e+18 7.70797e+18 1.54746e+19 2.41215e+19 3.21478e+19 3.82583e+19 4.1543e+19 4.1543e+19 3.82583e+19 3.21478e+19 2.41215e+19 1.54746e+19 7.70797e+18 2.22874e+18 2.65113e+16 5.34299e+14 1.25761e+13 2.95745e+11 6.94442e+09 1.55826e+08
2.07425e+08 9.24101e+09 3.93358e+11 1.67163e+13 7.09656e+14 3.5202e+16 2.97226e+18 1.02766e+19 2.06168e+19 3.21095e+19 4.27589e+19 5.08539e+19 5.5201e+19 5.5201e+19 5.08539e+19 4.27589e+19 3.21095e+19 2.06168e+19 1.02766e+19 2.97226e+18 3.5202e+16 7.09656e+14 1.67163e+13 3.93358e+11 9.24101e+09 2.07425e+08
2.46432e+08 1.09729e+10 4.66788e+11 1.98232e+13 8.4094e+14 4.17071e+16 3.53791e+18 1.22308e+19 2.45246e+19 3.81709e+19 5.07985e+19 6.03856e+19 6.55297e+19 6.55297e+19 6.03856e+19 5.07985e+19 3.81709e+19 2.45246e+19 1.22308e+19 3.53791e+18 4.17071e+16 8.4094e+14 1.98232e+13 4.66788e+11 1.09729e+10 2.46432e+08
2.67266e+08 1.18965e+10 5.05886e+11 2.14749e+13 9.10612e+14 4.5159e+16 3.84176e+18 1.32807e+19 2.66225e+19 4.14216e+19 5.51056e+19 6.54878e+19 7.1056e+19 7.1056e+19 6.54878e+19 5.51056e+19 4.14216e+19 2.66225e+19 1.32807e+19 3.84176e+18 4.5159e+16 9.10612e+14 2.14749e+13 5.05886e+11 1.18965e+10 2.67266e+08
2.67266e+08 1.18965e+10 5.05886e+11 2.14749e+13 9.10612e+14 4.5159e+16 3.84176e+18 1.32807e+19 2.66225e+19 4.14216e+19 5.51056e+19 6.54878e+19 7.1056e+19 7.1056e+19 6.54878e+19 5.51056e+19 4.14216e+19 2.66225e+19 1.32807e+19 3.84176e+18 4.5159e+16 9.10612e+14 2.14749e+13 5.05886e+11 1.18965e+10 2.67266e+08
2.46432e+08 1.09729e+10 4.66788e+11 1.98232e+13 8.4094e+14 4.17071e+16 3.53791e+18 1.22308e+19 2.45246e+19 3.81709e+19 5.07985e+19 6.03856e+19 6.55297e+19 6.55297e+19 6.03856e+19 5.07985e+19 3.81709e+19 2.45246e+19 1.22308e+19 3.53791e+18 4.17071e+16 8.4094e+14 1.98232e+13 4.66788e+11 1.09729e+10 2.46432e+08
2.07425e+08 9.24101e+09 3.93358e+11 1.67163e+13 7.09656e+14 3.5202e+16 2.97226e+18 1.02766e+19 2.06168e+19 3.21095e+19 4.27589e+19 5.08539e+19 5.5201e+19 5.5201e+19 5.08539e+19 4.27589e+19 3.21095e+19 2.06168e+19 1.02766e+19 2.97226e+18 3.5202e+16 7.09656e+14 1.67163e+13 3.93358e+11 9.24101e+09 2.07425e+08
1.55826e+08 6.94442e+09 2.95745e+11 1.25761e+13 5.34299e+14 2.65113e+16 2.22874e+18 7.70797e+18 1.54746e+19 2.41215e+19 3.21478e+19 3.82583e+19 4.1543e+19 4.1543e+19 3.82583e+19 3.21478e+19 2.41215e+19 1.54746e+19 7.70797e+18 2.22874e+18 2.65113e+16 5.34299e+14 1.25761e+13 2.95745e+11 6.94442e+09 1.55826e+08
1.00124e+08 4.45637e+09 1.89625e+11 8.06071e+12 3.42499e+14 1.70004e+16 1.42762e+18 4.94004e+18 9.92597e+18 1.54867e+19 2.06575e+19 2.46001e+19 2.67217e+19 2.67217e+19 2.46001e+19 2.06575e+19 1.54867e+19 9.92597e+18 4.94004e+18 1.42762e+18 1.70004e+16 3.42499e+14 8.06071e+12 1.89625e+11 4.45637e+09 1.00124e+08
5.07476e+07 2.23926e+09 9.45407e+10 3.99402e+12 1.68997e+14 8.38032e+15 7.08808e+17 2.45524e+18 4.93775e+18 7.71046e+18 1.02923e+19 1.22632e+19 1.33245e+19 1.33245e+19 1.22632e+19 1.02923e+19 7.71046e+18 4.93775e+18 2.45524e+18 7.08808e+17 8.38032e+15 1.68997e+14 3.99402e+12 9.45407e+10 2.23926e+09 5.07476e+07
1.73028e+07 7.31626e+08 2.94968e+10 1.19022e+12 4.82908e+13 2.33323e+15 2.03269e+17 7.05787e+17 1.42092e+18 2.22009e+18 2.96443e+18 3.53262e+18 3.83858e+18 3.83858e+18 3.53262e+18 2.96443e+18 2.22009e+18 1.42092e+18 7.05787e+17 2.03269e+17 2.33323e+15 4.82908e+13 1.19022e+12 2.94968e+10 7.31626e+08 1.73028e+07
3.00927e+06 1.05001e+08 3.21028e+09 8.56765e+10 1.743e+12 2.61748e+13 2.13701e+15 7.66884e+15 1.55694e+16 2.43113e+16 3.23254e+16 3.83423e+16 4.15423e+16 4.15423e+16 3.83423e+16 3.23254e+16 2.43113e+16 1.55694e+16 7.66884e+15 2.13701e+15 2.61748e+13 1.743e+12 8.56765e+10 3.21028e+09 1.05001e+08 3.00927e+06
329020 9.37463e+06 2.22148e+08 4.44301e+09 7.47924e+10 1.54075e+12 4.29226e+13 1.50461e+14 3.05334e+14 4.76933e+14 6.34201e+14 7.522e+14 8.14916e+14 8.14916e+14 7.522e+14 6.34201e+14 4.76933e+14 3.05334e+14 1.50461e+14 4.29226e+13 1.54075e+12 7.47924e+10 4.44301e+09 2.22148e+08 9.37463e+06 329020
27044.4 655387 1.31603e+07 2.36577e+08 4.12667e+09 7.58788e+10 1.05779e+12 3.55528e+12 7.18445e+12 1.12229e+13 1.49343e+13 1.77253e+13 1.92112e+13 1.92112e+13 1.77253e+13 1.49343e+13 1.12229e+13 7.18445e+12 3.55528e+12 1.05779e+12 7.58788e+10 4.12667e+09 2.36577e+08 1.31603e+07 655387 27044.4
1872.89 40484.9 736979 1.24798e+07 2.01047e+08 2.846e+09 2.6212e+10 8.41391e+10 1.68972e+11 2.63851e+11 3.51317e+11 4.17244e+11 4.52396e+11 4.52396e+11 4.17244e+11 3.51317e+11 2.63851e+11 1.68972e+11 8.41391e+10 2.6212e+10 2.846e+09 2.01047e+08 1.24798e+07 736979 40484.9 1872.89
115.937 2306.35 38839 603738 8.40017e+06 9.3133e+07 6.50081e+08 1.99249e+09 3.97008e+09 6.19381e+09 8.25075e+09 9.80485e+09 1.06348e+10 1.06348e+10 9.80485e+09 8.25075e+09 6.19381e+09 3.97008e+09 1.99249e+09 6.50081e+08 9.3133e+07 8.40017e+06 603738 38839 2306.35 115.937
6.03085 112.253 1750.22 24547.3 293543 2.66975e+06 1.53725e+07 4.51462e+07 8.91772e+07 1.38946e+08 1.85141e+08 2.20126e+08 2.38836e+08 2.38836e+08 2.20126e+08 1.85141e+08 1.38946e+08 8.91772e+07 4.51462e+07 1.53725e+07 2.66975e+06 293543 24547.3 1750.22 112.253 6.03085
