0.0337958 0.626663 9.7378 136.243 1626.56 14779.6 85137.9 251090 499994 787601 1.06184e+06 1.27502e+06 1.39122e+06 1.39122e+06 1.27502e+06 1.06184e+06 787601 499994 251090 85137.9 14779.6 1626.56 136.243 9.7378 0.626663 0.0337958
0.646898 12.8121 214.9 3331.68 46289.4 512849 3.58078e+06 1.10211e+07 2.2142e+07 3.49395e+07 4.71178e+07 5.65767e+07 6.17308e+07 6.17308e+07 5.65767e+07 4.71178e+07 3.49395e+07 2.2142e+07 1.10211e+07 3.58078e+06 512849 46289.4 3331.68 214.9 12.8121 0.646898
10.409 223.86 4055.07 68433.4 1.101e+06 1.5584e+07 1.43577e+08 4.62784e+08 9.37299e+08 1.48106e+09 1.9976e+09 2.3985e+09 2.61689e+09 2.61689e+09 2.3985e+09 1.9976e+09 1.48106e+09 9.37299e+08 4.62784e+08 1.43577e+08 1.5584e+07 1.101e+06 68433.4 4055.07 223.86 10.409
149.865 3611.81 72101.1 1.2897e+06 2.24479e+07 4.13159e+08 5.76423e+09 1.94526e+10 3.96524e+10 6.27122e+10 8.45881e+10 1.01558e+11 1.10799e+11 1.10799e+11 1.01558e+11 8.45881e+10 6.27122e+10 3.96524e+10 1.94526e+10 5.76423e+09 4.13159e+08 2.24479e+07 1.2897e+06 72101.1 3611.81 149.865
1819.84 51565 1.21444e+06 2.4136e+07 4.04106e+08 8.33693e+09 2.32861e+11 8.19482e+11 1.67785e+12 2.65487e+12 3.58086e+12 4.29888e+12 4.68982e+12 4.68982e+12 4.29888e+12 3.58086e+12 2.65487e+12 1.67785e+12 8.19482e+11 2.32861e+11 8.33693e+09 4.04106e+08 2.4136e+07 1.21444e+06 51565 1819.84
16631.1 577162 1.75438e+07 4.65431e+08 9.4036e+09 1.40094e+11 1.15469e+13 4.1572e+13 8.50993e+13 1.34532e+14 1.81356e+14 2.17657e+14 2.37421e+14 2.37421e+14 2.17657e+14 1.81356e+14 1.34532e+14 8.50993e+13 4.1572e+13 1.15469e+13 1.40094e+11 9.4036e+09 4.65431e+08 1.75438e+07 577162 16631.1
95706.6 4.02472e+06 1.61355e+08 6.47706e+09 2.61619e+11 1.26042e+13 1.09859e+15 3.81587e+15 7.70681e+15 1.21101e+16 1.62796e+16 1.95148e+16 2.12778e+16 2.12778e+16 1.95148e+16 1.62796e+16 1.21101e+16 7.70681e+15 3.81587e+15 1.09859e+15 1.26042e+13 2.61619e+11 6.47706e+09 1.61355e+08 4.02472e+06 95706.6
281970 1.23739e+07 5.19479e+08 2.18311e+10 9.19491e+11 4.54361e+13 3.83416e+15 1.32866e+16 2.68099e+16 4.21086e+16 5.65928e+16 6.78312e+16 7.39555e+16 7.39555e+16 6.78312e+16 5.65928e+16 4.21086e+16 2.68099e+16 1.32866e+16 3.83416e+15 4.54361e+13 9.19491e+11 2.18311e+10 5.19479e+08 1.23739e+07 281970
560991 2.48375e+07 1.05116e+09 4.4459e+10 1.88081e+12 9.29897e+13 7.75389e+15 2.68456e+16 5.41488e+16 8.50293e+16 1.14262e+17 1.36942e+17 1.49302e+17 1.49302e+17 1.36942e+17 1.14262e+17 8.50293e+16 5.41488e+16 2.68456e+16 7.75389e+15 9.29897e+13 1.88081e+12 4.4459e+10 1.05116e+09 2.48375e+07 560991
882965 3.91603e+07 1.65955e+09 7.02524e+10 2.97333e+12 1.46921e+14 1.21877e+16 4.21779e+16 8.50565e+16 1.33545e+17 1.79442e+17 2.15048e+17 2.3445e+17 2.3445e+17 2.15048e+17 1.79442e+17 1.33545e+17 8.50565e+16 4.21779e+16 1.21877e+16 1.46921e+14 2.97333e+12 7.02524e+10 1.65955e+09 3.91603e+07 882965
1.18955e+06 5.27709e+07 2.23664e+09 9.46845e+10 4.00718e+12 1.97927e+14 1.63821e+16 5.66812e+16 1.1429e+17 1.79428e+17 2.41079e+17 2.88904e+17 3.14964e+17 3.14964e+17 2.88904e+17 2.41079e+17 1.79428e+17 1.1429e+17 5.66812e+16 1.63821e+16 1.97927e+14 4.00718e+12 9.46845e+10 2.23664e+09 5.27709e+07 1.18955e+06
1.4276e+06 6.33294e+07 2.68398e+09 1.13612e+11 4.80774e+12 2.37415e+14 1.96336e+16 6.79242e+16 1.36951e+17 2.14993e+17 2.88852e+17 3.46145e+17 3.77364e+17 3.77364e+17 3.46145e+17 2.88852e+17 2.14993e+17 1.36951e+17 6.79242e+16 1.96336e+16 2.37415e+14 4.80774e+12 1.13612e+11 2.68398e+09 6.33294e+07 1.4276e+06
1.55726e+06 6.90778e+07 2.92745e+09 1.2391e+11 5.24321e+12 2.58893e+14 2.14042e+16 7.40469e+16 1.49291e+17 2.3436e+17 3.14866e+17 3.77315e+17 4.11342e+17 4.11342e+17 3.77315e+17 3.14866e+17 2.3436e+17 1.49291e+17 7.40469e+16 2.14042e+16 2.58893e+14 5.24321e+12 1.2391e+11 2.92745e+09 6.90778e+07 1.55726e+06
1.55726e+06 6.90778e+07 2.92745e+09 1.2391e+11 5.24321e+12 2.58893e+14 2.14042e+16 7.40469e+16 1.49291e+17 2.3436e+17 3.14866e+17 3.77315e+17 4.11342e+17 4.11342e+17 3.77315e+17 3.14866e+17 2.3436e+17 1.49291e+17 7.40469e+16 2.14042e+16 2.58893e+14 5.24321e+12 1.2391e+11 2.92745e+09 6.90778e+07 1.55726e+06
1.4276e+06 6.33294e+07 2.68398e+09 1.13612e+11 4.80774e+12 2.37415e+14 1.96336e+16 6.79242e+16 1.36951e+17 2.14993e+17 2.88852e+17 3.46145e+17 3.77364e+17 3.77364e+17 3.46145e+17 2.88852e+17 2.14993e+17 1.36951e+17 6.79242e+16 1.96336e+16 2.37415e+14 4.80774e+12 1.13612e+11 2.68398e+09 6.33294e+07 1.4276e+06
1.18955e+06 5.27709e+07 2.23664e+09 9.46845e+10 4.00718e+12 1.97927e+14 1.63821e+16 5.66812e+16 1.1429e+17 1.79428e+17 2.41079e+17 2.88904e+17 3.14964e+17 3.14964e+17 2.88904e+17 2.41079e+17 1.79428e+17 1.1429e+17 5.66812e+16 1.63821e+16 1.97927e+14 4.00718e+12 9.46845e+10 2.23664e+09 5.27709e+07 1.18955e+06
882965 3.91603e+07 1.65955e+09 7.02524e+10 2.97333e+12 1.46921e+14 1.21877e+16 4.21779e+16 8.50565e+16 1.33545e+17 1.79442e+17 2.15048e+17 2.3445e+17 2.3445e+17 2.15048e+17 1.79442e+17 1.33545e+17 8.50565e+16 4.21779e+16 1.21877e+16 1.46921e+14 2.97333e+12 7.02524e+10 1.65955e+09 3.91603e+07 882965
560991 2.48375e+07 1.05116e+09 4.4459e+10 1.88081e+12 9.29897e+13 7.75389e+15 2.68456e+16 5.41488e+16 8.50293e+16 1.14262e+17 1.36942e+17 1.49302e+17 1.49302e+17 1.36942e+17 1.14262e+17 8.50293e+16 5.41488e+16 2.68456e+16 7.75389e+15 9.29897e+13 1.88081e+12 4.4459e+10 1.05116e+09 2.48375e+07 560991
281970 1.23739e+07 5.19479e+08 2.18311e+10 9.19491e+11 4.54361e+13 3.83416e+15 1.32866e+16 2.68099e+16 4.21086e+16 5.65928e+16 6.78312e+16 7.39555e+16 7.39555e+16 6.78312e+16 5.65928e+16 4.21086e+16 2.68099e+16 1.32866e+16 3.83416e+15 4.54361e+13 9.19491e+11 2.18311e+10 5.19479e+08 1.23739e+07 281970
95706.6 4.02472e+06 1.61355e+08 6.47706e+09 2.61619e+11 1.26042e+13 1.09859e+15 3.81587e+15 7.70681e+15 1.21101e+16 1.62796e+16 1.95148e+16 2.12778e+16 2.12778e+16 1.95148e+16 1.62796e+16 1.21101e+16 7.70681e+15 3.81587e+15 1.09859e+15 1.26042e+13 2.61619e+11 6.47706e+09 1.61355e+08 4.02472e+06 95706.6
16631.1 577162 1.75438e+07 4.65431e+08 9.4036e+09 1.40094e+11 1.15469e+13 4.1572e+13 8.50993e+13 1.34532e+14 1.81356e+14 2.17657e+14 2.37421e+14 2.37421e+14 2.17657e+14 1.81356e+14 1.34532e+14 8.50993e+13 4.1572e+13 1.15469e+13 1.40094e+11 9.4036e+09 4.65431e+08 1.75438e+07 577162 16631.1
1819.84 51565 1.21444e+06 2.4136e+07 4.04106e+08 8.33693e+09 2.32861e+11 8.19482e+11 1.67785e+12 2.65487e+12 3.58086e+12 4.29888e+12 4.68982e+12 4.68982e+12 4.29888e+12 3.58086e+12 2.65487e+12 1.67785e+12 8.19482e+11 2.32861e+11 8.33693e+09 4.04106e+08 2.4136e+07 1.21444e+06 51565 1819.84
149.865 3611.81 72101.1 1.2897e+06 2.24479e+07 4.13159e+08 5.76423e+09 1.94526e+10 3.96524e+10 6.27122e+10 8.45881e+10 1.01558e+11 1.10799e+11 1.10799e+11 1.01558e+11 8.45881e+10 6.27122e+10 3.96524e+10 1.94526e+10 5.76423e+09 4.13159e+08 2.24479e+07 1.2897e+06 72101.1 3611.81 149.865
10.409 223.86 4055.07 68433.4 1.101e+06 1.5584e+07 1.43577e+08 4.62784e+08 9.37299e+08 1.48106e+09 1.9976e+09 2.3985e+09 2.61689e+09 2.61689e+09 2.3985e+09 1.9976e+09 1.48106e+09 9.37299e+08 4.62784e+08 1.43577e+08 1.5584e+07 1.101e+06 68433.4 4055.07 223.86 10.409
0.646898 12.8121 214.9 3331.68 46289.4 512849 3.58078e+06 1.10211e+07 2.2142e+07 3.49395e+07 4.71178e+07 5.65767e+07 6.17308e+07 6.17308e+07 5.65767e+07 4.71178e+07 3.49395e+07 2.2142e+07 1.10211e+07 3.58078e+06 512849 46289.4 3331.68 214.9 12.8121 0.646898
0.0337958 0.626663 9.7378 136.243 1626.56 14779.6 85137.9 251090 499994 787601 1.06184e+06 1.27502e+06 1.39122e+06 1.39122e+06 1.27502e+06 1.06184e+06 787601 499994 251090 85137.9 14779.6 1626.56 136.243 9.7378 0.626663 0.0337958
