0.00499192 0.0937195 1.48712 21.3568 261.436 2420.31 14091.8 41750.3 83409 131764 178073 214201 233941 233941 214201 178073 131764 83409 41750.3 14091.8 2420.31 261.436 21.3568 1.48712 0.0937196 0.00499192
0.0949364 1.89233 32.2698 514.269 7374.73 83795.4 593200 1.83491e+06 3.69949e+06 5.85586e+06 7.91772e+06 9.52543e+06 1.04037e+07 1.04037e+07 9.52543e+06 7.91772e+06 5.85586e+06 3.69949e+06 1.83491e+06 593200 83795.4 7374.73 514.269 32.2698 1.89233 0.0949364
1.52798 32.8058 597.854 10317.2 172521 2.53369e+06 2.3796e+07 7.71165e+07 1.56779e+08 2.48565e+08 3.36208e+08 4.04518e+08 4.41828e+08 4.41828e+08 4.04518e+08 3.36208e+08 2.48565e+08 1.56779e+08 7.71165e+07 2.3796e+07 2.53369e+06 172521 10317.2 597.854 32.8058 1.52798
22.2103 531.341 10533.4 189131 3.4088e+06 6.64641e+07 9.55457e+08 3.24308e+09 6.63727e+09 1.05349e+10 1.42531e+10 1.71503e+10 1.87326e+10 1.87326e+10 1.71503e+10 1.42531e+10 1.05349e+10 6.63727e+09 3.24308e+09 9.55457e+08 6.64641e+07 3.4088e+06 189131 10533.4 531.341 22.2103
274.163 7711.35 179423 3.50475e+06 5.82801e+07 1.30371e+09 3.85958e+10 1.36651e+11 2.80969e+11 4.46277e+11 6.03882e+11 7.26669e+11 7.93723e+11 7.93723e+11 7.26669e+11 6.03882e+11 4.46277e+11 2.80969e+11 1.36651e+11 3.85958e+10 1.30371e+09 5.82801e+07 3.50476e+06 179423 7711.35 274.163
2551.12 88240.3 2.66375e+06 6.96649e+07 1.35707e+09 1.93106e+10 1.89547e+12 6.87151e+12 1.41299e+13 2.24271e+13 3.03338e+13 3.64927e+13 3.9856e+13 3.9856e+13 3.64927e+13 3.03338e+13 2.24271e+13 1.41299e+13 6.87151e+12 1.89547e+12 1.93106e+10 1.35707e+09 6.96649e+07 2.66375e+06 88240.3 2551.12
14896.7 627127 2.51593e+07 1.01032e+09 4.08191e+10 1.99088e+12 1.80614e+14 6.29826e+14 1.27594e+15 2.01059e+15 2.70923e+15 3.25318e+15 3.55025e+15 3.55025e+15 3.25318e+15 2.70923e+15 2.01059e+15 1.27594e+15 6.29826e+14 1.80614e+14 1.99088e+12 4.08191e+10 1.01032e+09 2.51593e+07 627127 14896.7
44153.8 1.94086e+06 8.15835e+07 3.43158e+09 1.44623e+11 7.22535e+12 6.31712e+14 2.19737e+15 4.44735e+15 7.00467e+15 9.43632e+15 1.13295e+16 1.23635e+16 1.23635e+16 1.13295e+16 9.43632e+15 7.00467e+15 4.44735e+15 2.19737e+15 6.31712e+14 7.22535e+12 1.44623e+11 3.43158e+09 8.15835e+07 1.94086e+06 44153.8
88167.8 3.91113e+06 1.65775e+08 7.01926e+09 2.97189e+11 1.48514e+13 1.28058e+15 4.45029e+15 9.00395e+15 1.41789e+16 1.90993e+16 2.29301e+16 2.50222e+16 2.50222e+16 2.29301e+16 1.90993e+16 1.41789e+16 9.00395e+15 4.45029e+15 1.28058e+15 1.48514e+13 2.97189e+11 7.01926e+09 1.65775e+08 3.91113e+06 88167.8
139162 6.18542e+06 2.62587e+08 1.11307e+10 4.7158e+11 2.35514e+13 2.0177e+15 7.00885e+15 1.41781e+16 2.23248e+16 3.00705e+16 3.61009e+16 3.93944e+16 3.93944e+16 3.61009e+16 3.00705e+16 2.23248e+16 1.41781e+16 7.00885e+15 2.0177e+15 2.35514e+13 4.7158e+11 1.11307e+10 2.62587e+08 6.18542e+06 139162
187899 8.35537e+06 3.54826e+08 1.50439e+10 6.37452e+11 3.18229e+13 2.71782e+15 9.4388e+15 1.9092e+16 3.00608e+16 4.04894e+16 4.86085e+16 5.30427e+16 5.30427e+16 4.86085e+16 4.04894e+16 3.00608e+16 1.9092e+16 9.4388e+15 2.71782e+15 3.18229e+13 6.37452e+11 1.50439e+10 3.54826e+08 8.35537e+06 187899
225849 1.00441e+07 4.26573e+08 1.80867e+10 7.664e+11 3.82524e+13 3.26225e+15 1.13285e+16 2.29133e+16 3.60768e+16 4.85917e+16 5.8335e+16 6.36561e+16 6.36561e+16 5.8335e+16 4.85917e+16 3.60768e+16 2.29133e+16 1.13285e+16 3.26225e+15 3.82524e+13 7.664e+11 1.80867e+10 4.26573e+08 1.00441e+07 225849
246557 1.09653e+07 4.65706e+08 1.9746e+10 8.36713e+11 4.17583e+13 3.55932e+15 1.23596e+16 2.49986e+16 3.93596e+16 5.30131e+16 6.36426e+16 6.94478e+16 6.94478e+16 6.36426e+16 5.30131e+16 3.93596e+16 2.49986e+16 1.23596e+16 3.55932e+15 4.17583e+13 8.36713e+11 1.9746e+10 4.65706e+08 1.09653e+07 246557
246557 1.09653e+07 4.65706e+08 1.9746e+10 8.36713e+11 4.17583e+13 3.55932e+15 1.23596e+16 2.49986e+16 3.93596e+16 5.30131e+16 6.36426e+16 6.94478e+16 6.94478e+16 6.36426e+16 5.30131e+16 3.93596e+16 2.49986e+16 1.23596e+16 3.55932e+15 4.17583e+13 8.36713e+11 1.9746e+10 4.65706e+08 1.09653e+07 246557
225849 1.00441e+07 4.26573e+08 1.80867e+10 7.664e+11 3.82524e+13 3.26225e+15 1.13285e+16 2.29133e+16 3.60768e+16 4.85917e+16 5.8335e+16 6.36561e+16 6.36561e+16 5.8335e+16 4.85917e+16 3.60768e+16 2.29133e+16 1.13285e+16 3.26225e+15 3.82524e+13 7.664e+11 1.80867e+10 4.26573e+08 1.00441e+07 225849
187899 8.35537e+06 3.54826e+08 1.50439e+10 6.37452e+11 3.18229e+13 2.71782e+15 9.4388e+15 1.9092e+16 3.00608e+16 4.04894e+16 4.86085e+16 5.30427e+16 5.30427e+16 4.86085e+16 4.04894e+16 3.00608e+16 1.9092e+16 9.4388e+15 2.71782e+15 3.18229e+13 6.37452e+11 1.50439e+10 3.54826e+08 8.35537e+06 187899
139162 6.18542e+06 2.62587e+08 1.11307e+10 4.7158e+11 2.35514e+13 2.0177e+15 7.00885e+15 1.41781e+16 2.23248e+16 3.00705e+16 3.61009e+16 3.93944e+16 3.93944e+16 3.61009e+16 3.00705e+16 2.23248e+16 1.41781e+16 7.00885e+15 2.0177e+15 2.35514e+13 4.7158e+11 1.11307e+10 2.62587e+08 6.18542e+06 139162
88167.8 3.91113e+06 1.65775e+08 7.01926e+09 2.97189e+11 1.48514e+13 1.28058e+15 4.45029e+15 9.00395e+15 1.41789e+16 1.90993e+16 2.29301e+16 2.50222e+16 2.50222e+16 2.29301e+16 1.90993e+16 1.41789e+16 9.00395e+15 4.45029e+15 1.28058e+15 1.48514e+13 2.97189e+11 7.01926e+09 1.65775e+08 3.91113e+06 88167.8
44153.8 1.94086e+06 8.15835e+07 3.43158e+09 1.44623e+11 7.22535e+12 6.31712e+14 2.19737e+15 4.44735e+15 7.00467e+15 9.43632e+15 1.13295e+16 1.23635e+16 1.23635e+16 1.13295e+16 9.43632e+15 7.00467e+15 4.44735e+15 2.19737e+15 6.31712e+14 7.22535e+12 1.44623e+11 3.43158e+09 8.15835e+07 1.94086e+06 44153.8
14896.7 627127 2.51593e+07 1.01032e+09 4.08191e+10 1.99088e+12 1.80614e+14 6.29826e+14 1.27594e+15 2.01059e+15 2.70923e+15 3.25318e+15 3.55025e+15 3.55025e+15 3.25318e+15 2.70923e+15 2.01059e+15 1.27594e+15 6.29826e+14 1.80614e+14 1.99088e+12 4.08191e+10 1.01032e+09 2.51593e+07 627127 14896.7
2551.12 88240.3 2.66375e+06 6.96649e+07 1.35707e+09 1.93106e+10 1.89547e+12 6.87151e+12 1.41299e+13 2.24271e+13 3.03338e+13 3.64927e+13 3.9856e+13 3.9856e+13 3.64927e+13 3.03338e+13 2.24271e+13 1.41299e+13 6.87151e+12 1.89547e+12 1.93106e+10 1.35707e+09 6.96649e+07 2.66375e+06 88240.3 2551.12
274.163 7711.35 179423 3.50476e+06 5.82801e+07 1.30371e+09 3.85958e+10 1.36651e+11 2.80969e+11 4.46277e+11 6.03882e+11 7.26669e+11 7.93723e+11 7.93723e+11 7.26669e+11 6.03882e+11 4.46277e+11 2.80969e+11 1.36651e+11 3.85958e+10 1.30371e+09 5.82801e+07 3.50475e+06 179423 7711.35 274.163
22.2103 531.341 10533.4 189131 3.4088e+06 6.64641e+07 9.55457e+08 3.24308e+09 6.63727e+09 1.05349e+10 1.42531e+10 1.71503e+10 1.87326e+10 1.87326e+10 1.71503e+10 1.42531e+10 1.05349e+10 6.63727e+09 3.24308e+09 9.55457e+08 6.64641e+07 3.4088e+06 189131 10533.4 531.341 22.2103
1.52798 32.8058 597.854 10317.2 172521 2.53369e+06 2.3796e+07 7.71165e+07 1.56779e+08 2.48565e+08 3.36208e+08 4.04518e+08 4.41828e+08 4.41828e+08 4.04518e+08 3.36208e+08 2.48565e+08 1.56779e+08 7.71165e+07 2.3796e+07 2.53369e+06 172521 10317.2 597.854 32.8058 1.52798
0.0949364 1.89233 32.2698 514.269 7374.73 83795.4 593200 1.83491e+06 3.69949e+06 5.85586e+06 7.91772e+06 9.52543e+06 1.04037e+07 1.04037e+07 9.52543e+06 7.91772e+06 5.85586e+06 3.69949e+06 1.83491e+06 593200 83795.4 7374.73 514.269 32.2698 1.89233 0.0949364
0.00499192 0.0937196 1.48712 21.3568 261.436 2420.31 14091.8 41750.3 83409 131764 178073 214201 233941 233941 214201 178073 131764 83409 41750.3 14091.8 2420.31 261.436 21.3568 1.48712 0.0937196 0.00499192
