4.38141 81.751 1279.3 18021.4 216444 1.97576e+06 1.14089e+07 3.35971e+07 6.65657e+07 1.04038e+08 1.39016e+08 1.65633e+08 1.79914e+08 1.79914e+08 1.65633e+08 1.39016e+08 1.04038e+08 6.65657e+07 3.35971e+07 1.14089e+07 1.97576e+06 216444 18021.4 1279.3 81.751 4.38142
84.2479 1678.72 28354.8 442721 6.19114e+06 6.89446e+07 4.82768e+08 1.48386e+09 2.96603e+09 4.64249e+09 6.20241e+09 7.38697e+09 8.02172e+09 8.02172e+09 7.38697e+09 6.20241e+09 4.64249e+09 2.96603e+09 1.48386e+09 4.82768e+08 6.89446e+07 6.19114e+06 442721 28354.8 1678.72 84.2479
1362.59 29472.3 537389 9.13294e+06 1.47976e+08 2.10681e+09 1.94765e+10 6.27027e+10 1.26344e+11 1.97965e+11 2.64404e+11 3.14751e+11 3.41692e+11 3.41692e+11 3.14751e+11 2.64404e+11 1.97965e+11 1.26344e+11 6.27027e+10 1.94765e+10 2.10681e+09 1.47976e+08 9.13294e+06 537389 29472.3 1362.59
19721 477857 9.59556e+06 1.72712e+08 3.02772e+09 5.61246e+10 7.86266e+11 2.65082e+12 5.37555e+12 8.42763e+12 1.12511e+13 1.33862e+13 1.45273e+13 1.45273e+13 1.33862e+13 1.12511e+13 8.42763e+12 5.37555e+12 2.65082e+12 7.86266e+11 5.61246e+10 3.02772e+09 1.72712e+08 9.59556e+06 477857 19721
240679 6.85625e+06 1.62357e+08 3.24279e+09 5.45778e+10 1.13602e+12 3.19093e+13 1.12216e+14 2.28566e+14 3.58381e+14 4.78179e+14 5.68595e+14 6.16844e+14 6.16844e+14 5.68595e+14 4.78179e+14 3.58381e+14 2.28566e+14 1.12216e+14 3.19093e+13 1.13602e+12 5.45778e+10 3.24279e+09 1.62357e+08 6.85625e+06 240679
2.20884e+06 7.70882e+07 2.35641e+09 6.28145e+10 1.27297e+12 1.9022e+13 1.58655e+15 5.71253e+15 1.1641e+16 1.82461e+16 2.43427e+16 2.89463e+16 3.14041e+16 3.14041e+16 2.89463e+16 2.43427e+16 1.82461e+16 1.1641e+16 5.71253e+15 1.58655e+15 1.9022e+13 1.27297e+12 6.28145e+10 2.35641e+09 7.70882e+07 2.20884e+06
1.27417e+07 5.39123e+08 2.17485e+10 8.77928e+11 3.56268e+13 1.72385e+15 1.50985e+17 5.25404e+17 1.0605e+18 1.66131e+18 2.22344e+18 2.65412e+18 2.88661e+18 2.88661e+18 2.65412e+18 2.22344e+18 1.66131e+18 1.0605e+18 5.25404e+17 1.50985e+17 1.72385e+15 3.56268e+13 8.77928e+11 2.17485e+10 5.39123e+08 1.27417e+07
3.7477e+07 1.65498e+09 6.99236e+10 2.95568e+12 1.25106e+14 6.21228e+15 5.27592e+17 1.83145e+18 3.6928e+18 5.78181e+18 7.73609e+18 9.23356e+18 1.0042e+19 1.0042e+19 9.23356e+18 7.73609e+18 5.78181e+18 3.6928e+18 1.83145e+18 5.27592e+17 6.21228e+15 1.25106e+14 2.95568e+12 6.99236e+10 1.65498e+09 3.7477e+07
7.41652e+07 3.30405e+09 1.40717e+11 5.98608e+12 2.54484e+14 1.26493e+16 1.06545e+18 3.69475e+18 7.44386e+18 1.16466e+19 1.55741e+19 1.85809e+19 2.02033e+19 2.02033e+19 1.85809e+19 1.55741e+19 1.16466e+19 7.44386e+18 3.69475e+18 1.06545e+18 1.26493e+16 2.54484e+14 5.98608e+12 1.40717e+11 3.30405e+09 7.41652e+07
1.15777e+08 5.16521e+09 2.20206e+11 9.37244e+12 3.98475e+14 1.98005e+16 1.66788e+18 5.78096e+18 1.16388e+19 1.81963e+19 2.43157e+19 2.8995e+19 3.15177e+19 3.15177e+19 2.8995e+19 2.43157e+19 1.81963e+19 1.16389e+19 5.78096e+18 1.66788e+18 1.98005e+16 3.98475e+14 9.37244e+12 2.20206e+11 5.16521e+09 1.15777e+08
1.54532e+08 6.89293e+09 2.93763e+11 1.24971e+13 5.30999e+14 2.63792e+16 2.22968e+18 7.72645e+18 1.55468e+19 2.42894e+19 3.24366e+19 3.8659e+19 4.20109e+19 4.20109e+19 3.8659e+19 3.24366e+19 2.42894e+19 1.55468e+19 7.72645e+18 2.22968e+18 2.63792e+16 5.30999e+14 1.24971e+13 2.93763e+11 6.89293e+09 1.54532e+08
1.83964e+08 8.20213e+09 3.49379e+11 1.48545e+13 6.30776e+14 3.13314e+16 2.65877e+18 9.2126e+18 1.85296e+19 2.89344e+19 3.86201e+19 4.60104e+19 4.99889e+19 4.99889e+19 4.60104e+19 3.86201e+19 2.89344e+19 1.85296e+19 9.2126e+18 2.65877e+18 3.13314e+16 6.30776e+14 1.48545e+13 3.49379e+11 8.20213e+09 1.83964e+08
1.99733e+08 8.90262e+09 3.79093e+11 1.61123e+13 6.83928e+14 3.39693e+16 2.88986e+18 1.00131e+19 2.01354e+19 3.14332e+19 4.19438e+19 4.99593e+19 5.42727e+19 5.42727e+19 4.99593e+19 4.19438e+19 3.14332e+19 2.01354e+19 1.00131e+19 2.88986e+18 3.39693e+16 6.83928e+14 1.61123e+13 3.79093e+11 8.90262e+09 1.99733e+08
1.99733e+08 8.90262e+09 3.79093e+11 1.61123e+13 6.83928e+14 3.39693e+16 2.88986e+18 1.00131e+19 2.01354e+19 3.14332e+19 4.19438e+19 4.99593e+19 5.42727e+19 5.42727e+19 4.99593e+19 4.19438e+19 3.14332e+19 2.01354e+19 1.00131e+19 2.88986e+18 3.39693e+16 6.83928e+14 1.61123e+13 3.79093e+11 8.90262e+09 1.99733e+08
1.83964e+08 8.20213e+09 3.49379e+11 1.48545e+13 6.30776e+14 3.13314e+16 2.65877e+18 9.2126e+18 1.85296e+19 2.89344e+19 3.86201e+19 4.60104e+19 4.99889e+19 4.99889e+19 4.60104e+19 3.86201e+19 2.89344e+19 1.85296e+19 9.2126e+18 2.65877e+18 3.13314e+16 6.30776e+14 1.48545e+13 3.49379e+11 8.20213e+09 1.83964e+08
1.54532e+08 6.89293e+09 2.93763e+11 1.24971e+13 5.30999e+14 2.63792e+16 2.22968e+18 7.72645e+18 1.55468e+19 2.42894e+19 3.24366e+19 3.8659e+19 4.20109e+19 4.20109e+19 3.8659e+19 3.24366e+19 2.42894e+19 1.55468e+19 7.72645e+18 2.22968e+18 2.63792e+16 5.30999e+14 1.24971e+13 2.93763e+11 6.89293e+09 1.54532e+08
1.15777e+08 5.16521e+09 2.20206e+11 9.37244e+12 3.98475e+14 1.98005e+16 1.66788e+18 5.78096e+18 1.16389e+19 1.81963e+19 2.43157e+19 2.8995e+19 3.15177e+19 3.15177e+19 2.8995e+19 2.43157e+19 1.81963e+19 1.16388e+19 5.78096e+18 1.66788e+18 1.98005e+16 3.98475e+14 9.37244e+12 2.20206e+11 5.16521e+09 1.15777e+08
7.41652e+07 3.30405e+09 1.40717e+11 5.98608e+12 2.54484e+14 1.26493e+16 1.06545e+18 3.69475e+18 7.44386e+18 1.16466e+19 1.55741e+19 1.85809e+19 2.02033e+19 2.02033e+19 1.85809e+19 1.55741e+19 1.16466e+19 7.44386e+18 3.69475e+18 1.06545e+18 1.26493e+16 2.54484e+14 5.98608e+12 1.40717e+11 3.30405e+09 7.41652e+07
3.7477e+07 1.65498e+09 6.99236e+10 2.95568e+12 1.25106e+14 6.21228e+15 5.27592e+17 1.83145e+18 3.6928e+18 5.78181e+18 7.73609e+18 9.23356e+18 1.0042e+19 1.0042e+19 9.23356e+18 7.73609e+18 5.78181e+18 3.6928e+18 1.83145e+18 5.27592e+17 6.21228e+15 1.25106e+14 2.95568e+12 6.99236e+10 1.65498e+09 3.7477e+07
1.27417e+07 5.39123e+08 2.17485e+10 8.77928e+11 3.56268e+13 1.72385e+15 1.50985e+17 5.25404e+17 1.0605e+18 1.66131e+18 2.22344e+18 2.65412e+18 2.88661e+18 2.88661e+18 2.65412e+18 2.22344e+18 1.66131e+18 1.0605e+18 5.25404e+17 1.50985e+17 1.72385e+15 3.56268e+13 8.77928e+11 2.17485e+10 5.39123e+08 1.27417e+07
2.20884e+06 7.70882e+07 2.35641e+09 6.28145e+10 1.27297e+12 1.9022e+13 1.58655e+15 5.71253e+15 1.1641e+16 1.82461e+16 2.43427e+16 2.89463e+16 3.14041e+16 3.14041e+16 2.89463e+16 2.43427e+16 1.82461e+16 1.1641e+16 5.71253e+15 1.58655e+15 1.9022e+13 1.27297e+12 6.28145e+10 2.35641e+09 7.70882e+07 2.20884e+06
240679 6.85625e+06 1.62357e+08 3.24279e+09 5.45778e+10 1.13602e+12 3.19093e+13 1.12216e+14 2.28566e+14 3.58381e+14 4.78179e+14 5.68595e+14 6.16844e+14 6.16844e+14 5.68595e+14 4.78179e+14 3.58381e+14 2.28566e+14 1.12216e+14 3.19093e+13 1.13602e+12 5.45778e+10 3.24279e+09 1.62357e+08 6.85625e+06 240679
19721 477857 9.59556e+06 1.72712e+08 3.02772e+09 5.61246e+10 7.86266e+11 2.65082e+12 5.37555e+12 8.42763e+12 1.12511e+13 1.33862e+13 1.45273e+13 1.45273e+13 1.33862e+13 1.12511e+13 8.42763e+12 5.37555e+12 2.65082e+12 7.86266e+11 5.61246e+10 3.02772e+09 1.72712e+08 9.59556e+06 477857 19721
1362.59 29472.3 537389 9.13294e+06 1.47976e+08 2.10681e+09 1.94765e+10 6.27027e+10 1.26344e+11 1.97965e+11 2.64404e+11 3.14751e+11 3.41692e+11 3.41692e+11 3.14751e+11 2.64404e+11 1.97965e+11 1.26344e+11 6.27027e+10 1.94765e+10 2.10681e+09 1.47976e+08 9.13294e+06 537389 29472.3 1362.59
84.2479 1678.72 28354.8 442721 6.19114e+06 6.89446e+07 4.82768e+08 1.48386e+09 2.96603e+09 4.64249e+09 6.20241e+09 7.38697e+09 8.02172e+09 8.02172e+09 7.38697e+09 6.20241e+09 4.64249e+09 2.96603e+09 1.48386e+09 4.82768e+08 6.89446e+07 6.19114e+06 442721 28354.8 1678.72 84.2479
4.38141 81.751 1279.3 18021.4 216444 1.97576e+06 1.14089e+07 3.35971e+07 6.65657e+07 1.04038e+08 1.39016e+08 1.65633e+08 1.79914e+08 1.79914e+08 1.65633e+08 1.39016e+08 1.04038e+08 6.65657e+07 3.35971e+07 1.14089e+07 1.97576e+06 216444 18021.4 1279.3 81.751 4.38141
