0.026563 0.492638 7.65411 107.049 1277.63 11609.8 66918.3 197612 394116 621762 839318 1.00873e+06 1.10117e+06 1.10117e+06 1.00873e+06 839318 621762 394116 197612 66918.3 11609.8 1277.63 107.049 7.65411 0.492638 0.026563
0.509124 10.088 169.214 2622.07 36405.1 403201 2.81628e+06 8.67947e+06 1.74659e+07 2.76042e+07 3.72745e+07 4.47987e+07 4.8903e+07 4.8903e+07 4.47987e+07 3.72745e+07 2.76042e+07 1.74659e+07 8.67947e+06 2.81628e+06 403201 36405.1 2622.07 169.214 10.088 0.509124
8.20137 176.527 3199.21 53972.4 867364 1.22643e+07 1.12992e+08 3.64696e+08 7.39892e+08 1.17105e+09 1.58161e+09 1.90083e+09 2.07491e+09 2.07491e+09 1.90083e+09 1.58161e+09 1.17105e+09 7.39892e+08 3.64696e+08 1.12992e+08 1.22643e+07 867364 53972.4 3199.21 176.527 8.20137
118.162 2850.88 56972.3 1.01958e+06 1.77269e+07 3.25542e+08 4.5386e+09 1.53382e+10 3.13214e+10 4.96209e+10 6.7024e+10 8.05485e+10 8.79218e+10 8.79218e+10 8.05485e+10 6.7024e+10 4.96209e+10 3.13214e+10 1.53382e+10 4.5386e+09 3.25542e+08 1.77269e+07 1.01958e+06 56972.3 2850.88 118.162
1435.32 40714.9 960179 1.91107e+07 3.2021e+08 6.58217e+09 1.83409e+11 6.46423e+11 1.32602e+12 2.10189e+12 2.83911e+12 3.41181e+12 3.72398e+12 3.72398e+12 3.41181e+12 2.83911e+12 2.10189e+12 1.32602e+12 6.46423e+11 1.83409e+11 6.58217e+09 3.2021e+08 1.91107e+07 960179 40714.9 1435.32
13119.9 455717 1.38669e+07 3.68376e+08 7.45932e+09 1.11358e+11 9.10099e+12 3.28151e+13 6.73005e+13 1.06582e+14 1.43883e+14 1.72853e+14 1.88643e+14 1.88643e+14 1.72853e+14 1.43883e+14 1.06582e+14 6.73005e+13 3.28151e+13 9.10099e+12 1.11358e+11 7.45932e+09 3.68376e+08 1.38669e+07 455717 13119.9
75535.5 3.17846e+06 1.27504e+08 5.12076e+09 2.06902e+11 9.96223e+12 8.66386e+14 3.01266e+15 6.09298e+15 9.58669e+15 1.2901e+16 1.54761e+16 1.68806e+16 1.68806e+16 1.54761e+16 1.2901e+16 9.58669e+15 6.09298e+15 3.01266e+15 8.66386e+14 9.96223e+12 2.06902e+11 5.12076e+09 1.27504e+08 3.17846e+06 75535.5
222815 9.78426e+06 4.11023e+08 1.72827e+10 7.2821e+11 3.59681e+13 3.02774e+15 1.05028e+16 2.12205e+16 3.33711e+16 4.48954e+16 5.38489e+16 5.87319e+16 5.87319e+16 5.38489e+16 4.48954e+16 3.33711e+16 2.12205e+16 1.05028e+16 3.02774e+15 3.59681e+13 7.2821e+11 1.72827e+10 4.11023e+08 9.78426e+06 222815
443978 1.96708e+07 8.33089e+08 3.52579e+10 1.49231e+12 7.37538e+13 6.13224e+15 2.12513e+16 4.29187e+16 6.74759e+16 9.07631e+16 1.08854e+17 1.18719e+17 1.18719e+17 1.08854e+17 9.07631e+16 6.74759e+16 4.29187e+16 2.12513e+16 6.13224e+15 7.37538e+13 1.49231e+12 3.52579e+10 8.33089e+08 1.96708e+07 443978
699848 3.10627e+07 1.31741e+09 5.58078e+10 2.36333e+12 1.16738e+14 9.65214e+15 3.34331e+16 6.75034e+16 1.06109e+17 1.42713e+17 1.71146e+17 1.86651e+17 1.86651e+17 1.71146e+17 1.42713e+17 1.06109e+17 6.75034e+16 3.34331e+16 9.65214e+15 1.16738e+14 2.36333e+12 5.58078e+10 1.31741e+09 3.10627e+07 699848
944047 4.19136e+07 1.77793e+09 7.53216e+10 3.18967e+12 1.57493e+14 1.29885e+16 4.49779e+16 9.0799e+16 1.42712e+17 1.91927e+17 2.30153e+17 2.50997e+17 2.50997e+17 2.30153e+17 1.91927e+17 1.42712e+17 9.0799e+16 4.49779e+16 1.29885e+16 1.57493e+14 3.18967e+12 7.53216e+10 1.77793e+09 4.19136e+07 944047
1.13399e+06 5.03462e+07 2.13555e+09 9.04667e+10 3.83075e+12 1.89103e+14 1.55785e+16 5.39397e+16 1.08881e+17 1.7112e+17 2.3012e+17 2.75943e+17 3.00929e+17 3.00929e+17 2.75943e+17 2.3012e+17 1.7112e+17 1.08881e+17 5.39396e+16 1.55785e+16 1.89103e+14 3.83075e+12 9.04667e+10 2.13555e+09 5.03462e+07 1.13399e+06
1.23755e+06 5.49423e+07 2.3304e+09 9.87163e+10 4.17985e+12 2.06315e+14 1.69901e+16 5.88241e+16 1.18736e+17 1.86602e+17 2.50934e+17 3.00896e+17 3.28139e+17 3.28139e+17 3.00896e+17 2.50934e+17 1.86602e+17 1.18736e+17 5.88241e+16 1.69901e+16 2.06315e+14 4.17985e+12 9.87163e+10 2.3304e+09 5.49423e+07 1.23755e+06
1.23755e+06 5.49423e+07 2.3304e+09 9.87163e+10 4.17985e+12 2.06315e+14 1.69901e+16 5.88241e+16 1.18736e+17 1.86602e+17 2.50934e+17 3.00896e+17 3.28139e+17 3.28139e+17 3.00896e+17 2.50934e+17 1.86602e+17 1.18736e+17 5.88241e+16 1.69901e+16 2.06315e+14 4.17985e+12 9.87163e+10 2.3304e+09 5.49423e+07 1.23755e+06
1.13399e+06 5.03462e+07 2.13555e+09 9.04667e+10 3.83075e+12 1.89103e+14 1.55785e+16 5.39396e+16 1.08881e+17 1.7112e+17 2.3012e+17 2.75943e+17 3.00929e+17 3.00929e+17 2.75943e+17 2.3012e+17 1.7112e+17 1.08881e+17 5.39397e+16 1.55785e+16 1.89103e+14 3.83075e+12 9.04667e+10 2.13555e+09 5.03462e+07 1.13399e+06
944047 4.19136e+07 1.77793e+09 7.53216e+10 3.18967e+12 1.57493e+14 1.29885e+16 4.49779e+16 9.0799e+16 1.42712e+17 1.91927e+17 2.30153e+17 2.50997e+17 2.50997e+17 2.30153e+17 1.91927e+17 1.42712e+17 9.0799e+16 4.49779e+16 1.29885e+16 1.57493e+14 3.18967e+12 7.53216e+10 1.77793e+09 4.19136e+07 944047
699848 3.10627e+07 1.31741e+09 5.58078e+10 2.36333e+12 1.16738e+14 9.65214e+15 3.34331e+16 6.75034e+16 1.06109e+17 1.42713e+17 1.71146e+17 1.86651e+17 1.86651e+17 1.71146e+17 1.42713e+17 1.06109e+17 6.75034e+16 3.34331e+16 9.65214e+15 1.16738e+14 2.36333e+12 5.58078e+10 1.31741e+09 3.10627e+07 699848
443978 1.96708e+07 8.33089e+08 3.52579e+10 1.49231e+12 7.37538e+13 6.13224e+15 2.12513e+16 4.29187e+16 6.74759e+16 9.07631e+16 1.08854e+17 1.18719e+17 1.18719e+17 1.08854e+17 9.07631e+16 6.74759e+16 4.29187e+16 2.12513e+16 6.13224e+15 7.37538e+13 1.49231e+12 3.52579e+10 8.33089e+08 1.96708e+07 443978
222815 9.78426e+06 4.11023e+08 1.72827e+10 7.2821e+11 3.59681e+13 3.02774e+15 1.05028e+16 2.12205e+16 3.33711e+16 4.48954e+16 5.38489e+16 5.87319e+16 5.87319e+16 5.38489e+16 4.48954e+16 3.33711e+16 2.12205e+16 1.05028e+16 3.02774e+15 3.59681e+13 7.2821e+11 1.72827e+10 4.11023e+08 9.78426e+06 222815
75535.5 3.17846e+06 1.27504e+08 5.12076e+09 2.06902e+11 9.96223e+12 8.66386e+14 3.01266e+15 6.09298e+15 9.58669e+15 1.2901e+16 1.54761e+16 1.68806e+16 1.68806e+16 1.54761e+16 1.2901e+16 9.58669e+15 6.09298e+15 3.01266e+15 8.66386e+14 9.96223e+12 2.06902e+11 5.12076e+09 1.27504e+08 3.17846e+06 75535.5
13119.9 455717 1.38669e+07 3.68376e+08 7.45932e+09 1.11358e+11 9.10099e+12 3.28151e+13 6.73005e+13 1.06582e+14 1.43883e+14 1.72853e+14 1.88643e+14 1.88643e+14 1.72853e+14 1.43883e+14 1.06582e+14 6.73005e+13 3.28151e+13 9.10099e+12 1.11358e+11 7.45932e+09 3.68376e+08 1.38669e+07 455717 13119.9
1435.32 40714.9 960179 1.91107e+07 3.2021e+08 6.58217e+09 1.83409e+11 6.46423e+11 1.32602e+12 2.10189e+12 2.83911e+12 3.41181e+12 3.72398e+12 3.72398e+12 3.41181e+12 2.83911e+12 2.10189e+12 1.32602e+12 6.46423e+11 1.83409e+11 6.58217e+09 3.2021e+08 1.91107e+07 960179 40714.9 1435.32
118.162 2850.88 56972.3 1.01958e+06 1.77269e+07 3.25542e+08 4.5386e+09 1.53382e+10 3.13214e+10 4.96209e+10 6.7024e+10 8.05485e+10 8.79218e+10 8.79218e+10 8.05485e+10 6.7024e+10 4.96209e+10 3.13214e+10 1.53382e+10 4.5386e+09 3.25542e+08 1.77269e+07 1.01958e+06 56972.3 2850.88 118.162
8.20137 176.527 3199.21 53972.4 867364 1.22643e+07 1.12992e+08 3.64696e+08 7.39892e+08 1.17105e+09 1.58161e+09 1.90083e+09 2.07491e+09 2.07491e+09 1.90083e+09 1.58161e+09 1.17105e+09 7.39892e+08 3.64696e+08 1.12992e+08 1.22643e+07 867364 53972.4 3199.21 176.527 8.20137
0.509124 10.088 169.214 2622.07 36405.1 403201 2.81628e+06 8.67947e+06 1.74659e+07 2.76042e+07 3.72745e+07 4.47987e+07 4.8903e+07 4.8903e+07 4.47987e+07 3.72745e+07 2.76042e+07 1.74659e+07 8.67947e+06 2.81628e+06 403201 36405.1 2622.07 169.214 10.088 0.509124
0.026563 0.492638 7.65411 107.049 1277.63 11609.8 66918.3 197612 394116 621762 839318 1.00873e+06 1.10117e+06 1.10117e+06 1.00873e+06 839318 621762 394116 197612 66918.3 11609.8 1277.63 107.049 7.65411 0.492638 0.026563
