6.86665 127.556 1983.33 27729.1 330611 3.00033e+06 1.72586e+07 5.07158e+07 1.00347e+08 1.56728e+08 2.09397e+08 2.4954e+08 2.71111e+08 2.71111e+08 2.4954e+08 2.09397e+08 1.56728e+08 1.00347e+08 5.07158e+07 1.72586e+07 3.00033e+06 330611 27729.1 1983.33 127.556 6.86665
131.936 2620.65 44026.2 682153 9.45781e+06 1.04563e+08 7.28842e+08 2.23505e+09 4.46073e+09 6.97638e+09 9.31878e+09 1.11005e+10 1.20567e+10 1.20567e+10 1.11005e+10 9.31878e+09 6.97638e+09 4.46073e+09 2.23505e+09 7.28842e+08 1.04563e+08 9.45781e+06 682153 44026.2 2620.65 131.936
2128.95 45979 835692 1.41121e+07 2.26424e+08 3.19283e+09 2.93473e+10 9.42433e+10 1.89571e+11 2.96753e+11 3.96243e+11 4.71761e+11 5.12242e+11 5.12242e+11 4.71761e+11 3.96243e+11 2.96753e+11 1.89571e+11 9.42433e+10 2.93473e+10 3.19283e+09 2.26424e+08 1.41121e+07 835692 45979 2128.95
30687.6 743330 1.4918e+07 2.67834e+08 4.65495e+09 8.51132e+10 1.18286e+12 3.97698e+12 8.0494e+12 1.26057e+13 1.68233e+13 2.00184e+13 2.17289e+13 2.17289e+13 2.00184e+13 1.68233e+13 1.26057e+13 8.0494e+12 3.97698e+12 1.18286e+12 8.51132e+10 4.65495e+09 2.67834e+08 1.4918e+07 743330 30687.6
372534 1.06092e+07 2.51364e+08 5.02922e+09 8.46412e+10 1.73101e+12 4.79487e+13 1.68119e+14 3.41702e+14 5.35107e+14 7.13693e+14 8.48732e+14 9.20932e+14 9.20932e+14 8.48732e+14 7.13693e+14 5.35107e+14 3.41702e+14 1.68119e+14 4.79487e+13 1.73101e+12 8.46412e+10 5.02922e+09 2.51364e+08 1.06092e+07 372534
3.40025e+06 1.18537e+08 3.62181e+09 9.66691e+10 1.97075e+12 2.96848e+13 2.38741e+15 8.56712e+15 1.74161e+16 2.72584e+16 3.6346e+16 4.32201e+16 4.68966e+16 4.68966e+16 4.32201e+16 3.6346e+16 2.72584e+16 1.74161e+16 8.56712e+15 2.38741e+15 2.96848e+13 1.97075e+12 9.66691e+10 3.62181e+09 1.18537e+08 3.40025e+06
1.95254e+07 8.24454e+08 3.31926e+10 1.33767e+12 5.4216e+13 2.61457e+15 2.26918e+17 7.87573e+17 1.58592e+18 2.47985e+18 3.31494e+18 3.95447e+18 4.2997e+18 4.2997e+18 3.95447e+18 3.31494e+18 2.47985e+18 1.58592e+18 7.87573e+17 2.26918e+17 2.61457e+15 5.4216e+13 1.33767e+12 3.31926e+10 8.24454e+08 1.95254e+07
5.72943e+07 2.52437e+09 1.06417e+11 4.48966e+12 1.89748e+14 9.39101e+15 7.9111e+17 2.73887e+18 5.5085e+18 8.60704e+18 1.15001e+19 1.3715e+19 1.49105e+19 1.49105e+19 1.3715e+19 1.15001e+19 8.60704e+18 5.5085e+18 2.73887e+18 7.9111e+17 9.39101e+15 1.89748e+14 4.48966e+12 1.06417e+11 2.52437e+09 5.72943e+07
1.13227e+08 5.03198e+09 2.13789e+11 9.0753e+12 3.85152e+14 1.90775e+16 1.59405e+18 5.51215e+18 1.10748e+19 1.7288e+19 2.30804e+19 2.75098e+19 2.98986e+19 2.98986e+19 2.75098e+19 2.30804e+19 1.7288e+19 1.10748e+19 5.51215e+18 1.59405e+18 1.90775e+16 3.85152e+14 9.0753e+12 2.13789e+11 5.03198e+09 1.13227e+08
1.76652e+08 7.86088e+09 3.34274e+11 1.41953e+13 6.02403e+14 2.9824e+16 2.4911e+18 8.60794e+18 1.72785e+19 2.69453e+19 3.59415e+19 4.28107e+19 4.65118e+19 4.65118e+19 4.28107e+19 3.59415e+19 2.69453e+19 1.72785e+19 8.60794e+18 2.4911e+18 2.9824e+16 6.02403e+14 1.41953e+13 3.34274e+11 7.86088e+09 1.76652e+08
2.35788e+08 1.04898e+10 4.45883e+11 1.89244e+13 8.02562e+14 3.97179e+16 3.32662e+18 1.14901e+19 2.30456e+19 3.59071e+19 4.78566e+19 5.69679e+19 6.18726e+19 6.18726e+19 5.69679e+19 4.78566e+19 3.59071e+19 2.30456e+19 1.14901e+19 3.32662e+18 3.97179e+16 8.02562e+14 1.89244e+13 4.45883e+11 1.04898e+10 2.35788e+08
2.80786e+08 1.2486e+10 5.30447e+11 2.25004e+13 9.53614e+14 4.71819e+16 3.96464e+18 1.36905e+19 2.74434e+19 4.27312e+19 5.69167e+19 6.77214e+19 7.35335e+19 7.35335e+19 6.77214e+19 5.69167e+19 4.27312e+19 2.74434e+19 1.36905e+19 3.96464e+18 4.71819e+16 9.53614e+14 2.25004e+13 5.30447e+11 1.2486e+10 2.80786e+08
3.04939e+08 1.3556e+10 5.7572e+11 2.44122e+13 1.03426e+15 5.11664e+16 4.30836e+18 1.48758e+19 2.98106e+19 4.64008e+19 6.17843e+19 7.34946e+19 7.97915e+19 7.97915e+19 7.34946e+19 6.17843e+19 4.64008e+19 2.98106e+19 1.48758e+19 4.30836e+18 5.11664e+16 1.03426e+15 2.44122e+13 5.7572e+11 1.3556e+10 3.04939e+08
3.04939e+08 1.3556e+10 5.7572e+11 2.44122e+13 1.03426e+15 5.11664e+16 4.30836e+18 1.48758e+19 2.98106e+19 4.64008e+19 6.17843e+19 7.34946e+19 7.97915e+19 7.97915e+19 7.34946e+19 6.17843e+19 4.64008e+19 2.98106e+19 1.48758e+19 4.30836e+18 5.11664e+16 1.03426e+15 2.44122e+13 5.7572e+11 1.3556e+10 3.04939e+08
2.80786e+08 1.2486e+10 5.30447e+11 2.25004e+13 9.53614e+14 4.71819e+16 3.96464e+18 1.36905e+19 2.74434e+19 4.27312e+19 5.69167e+19 6.77214e+19 7.35335e+19 7.35335e+19 6.77214e+19 5.69167e+19 4.27312e+19 2.74434e+19 1.36905e+19 3.96464e+18 4.71819e+16 9.53614e+14 2.25004e+13 5.30447e+11 1.2486e+10 2.80786e+08
2.35788e+08 1.04898e+10 4.45883e+11 1.89244e+13 8.02562e+14 3.97179e+16 3.32662e+18 1.14901e+19 2.30456e+19 3.59071e+19 4.78566e+19 5.69679e+19 6.18726e+19 6.18726e+19 5.69679e+19 4.78566e+19 3.59071e+19 2.30456e+19 1.14901e+19 3.32662e+18 3.97179e+16 8.02562e+14 1.89244e+13 4.45883e+11 1.04898e+10 2.35788e+08
1.76652e+08 7.86088e+09 3.34274e+11 1.41953e+13 6.02403e+14 2.9824e+16 2.4911e+18 8.60794e+18 1.72785e+19 2.69453e+19 3.59415e+19 4.28107e+19 4.65118e+19 4.65118e+19 4.28107e+19 3.59415e+19 2.69453e+19 1.72785e+19 8.60794e+18 2.4911e+18 2.9824e+16 6.02403e+14 1.41953e+13 3.34274e+11 7.86088e+09 1.76652e+08
1.13227e+08 5.03198e+09 2.13789e+11 9.0753e+12 3.85152e+14 1.90775e+16 1.59405e+18 5.51215e+18 1.10748e+19 1.7288e+19 2.30804e+19 2.75098e+19 2.98986e+19 2.98986e+19 2.75098e+19 2.30804e+19 1.7288e+19 1.10748e+19 5.51215e+18 1.59405e+18 1.90775e+16 3.85152e+14 9.0753e+12 2.13789e+11 5.03198e+09 1.13227e+08
5.72943e+07 2.52437e+09 1.06417e+11 4.48966e+12 1.89748e+14 9.39101e+15 7.9111e+17 2.73887e+18 5.5085e+18 8.60704e+18 1.15001e+19 1.3715e+19 1.49105e+19 1.49105e+19 1.3715e+19 1.15001e+19 8.60704e+18 5.5085e+18 2.73887e+18 7.9111e+17 9.39101e+15 1.89748e+14 4.48966e+12 1.06417e+11 2.52437e+09 5.72943e+07
1.95254e+07 8.24454e+08 3.31926e+10 1.33767e+12 5.4216e+13 2.61457e+15 2.26918e+17 7.87573e+17 1.58592e+18 2.47985e+18 3.31494e+18 3.95447e+18 4.2997e+18 4.2997e+18 3.95447e+18 3.31494e+18 2.47985e+18 1.58592e+18 7.87573e+17 2.26918e+17 2.61457e+15 5.4216e+13 1.33767e+12 3.31926e+10 8.24454e+08 1.95254e+07
3.40025e+06 1.18537e+08 3.62181e+09 9.66691e+10 1.97075e+12 2.96848e+13 2.38741e+15 8.56712e+15 1.74161e+16 2.72584e+16 3.6346e+16 4.32201e+16 4.68966e+16 4.68966e+16 4.32201e+16 3.6346e+16 2.72584e+16 1.74161e+16 8.56712e+15 2.38741e+15 2.96848e+13 1.97075e+12 9.66691e+10 3.62181e+09 1.18537e+08 3.40025e+06
372534 1.06092e+07 2.51364e+08 5.02922e+09 8.46412e+10 1.73101e+12 4.79487e+13 1.68119e+14 3.41702e+14 5.35107e+14 7.13693e+14 8.48732e+14 9.20932e+14 9.20932e+14 8.48732e+14 7.13693e+14 5.35107e+14 3.41702e+14 1.68119e+14 4.79487e+13 1.73101e+12 8.46412e+10 5.02922e+09 2.51364e+08 1.06092e+07 372534
30687.6 743330 1.4918e+07 2.67834e+08 4.65495e+09 8.51132e+10 1.18286e+12 3.97698e+12 8.0494e+12 1.26057e+13 1.68233e+13 2.00184e+13 2.17289e+13 2.17289e+13 2.00184e+13 1.68233e+13 1.26057e+13 8.04939e+12 3.97698e+12 1.18286e+12 8.51132e+10 4.65495e+09 2.67834e+08 1.4918e+07 743330 30687.6
2128.95 45979 835692 1.41121e+07 2.26424e+08 3.19283e+09 2.93473e+10 9.42433e+10 1.89571e+11 2.96753e+11 3.96243e+11 4.71761e+11 5.12242e+11 5.12242e+11 4.71761e+11 3.96243e+11 2.96753e+11 1.89571e+11 9.42433e+10 2.93473e+10 3.19283e+09 2.26424e+08 1.41121e+07 835692 45979 2128.95
131.936 2620.65 44026.2 682153 9.45781e+06 1.04563e+08 7.28842e+08 2.23505e+09 4.46073e+09 6.97638e+09 9.31878e+09 1.11005e+10 1.20567e+10 1.20567e+10 1.11005e+10 9.31878e+09 6.97638e+09 4.46073e+09 2.23505e+09 7.28842e+08 1.04563e+08 9.45781e+06 682153 44026.2 2620.65 131.936
6.86665 127.556 1983.33 27729.1 330611 3.00033e+06 1.72586e+07 5.07158e+07 1.00347e+08 1.56728e+08 2.09397e+08 2.4954e+08 2.71111e+08 2.71111e+08 2.4954e+08 2.09397e+08 1.56728e+08 1.00347e+08 5.07158e+07 1.72586e+07 3.00033e+06 330611 27729.1 1983.33 127.556 6.86665
