3.22856e-06 6.02796e-05 0.00094833 0.0134811 0.163462 1.50258 8.71194 25.7628 51.409 81.1506 109.623 131.838 143.977 143.977 131.838 109.623 81.1506 51.409 25.7628 8.71194 1.50258 0.163462 0.0134811 0.00094833 6.02796e-05 3.22856e-06
6.15016e-05 0.00122171 0.0206857 0.326095 4.62082 52.0146 366.297 1130.75 2276.91 3601.12 4866.74 5853.62 6392.82 6392.82 5853.62 4866.74 3601.12 2276.91 1130.75 366.297 52.0146 4.62082 0.326095 0.0206857 0.00122171 6.15016e-05
0.000989049 0.0212248 0.385487 6.59137 108.622 1573.97 14678.9 47466.7 96370.9 152655 206374 248244 271117 271117 248244 206374 152655 96370.9 47466.7 14678.9 1573.97 108.622 6.59137 0.385487 0.0212248 0.000989049
0.0143172 0.343072 6.81036 121.964 2168.33 41403.8 588916 1.99431e+06 4.07571e+06 6.46298e+06 8.73919e+06 1.05129e+07 1.14818e+07 1.14818e+07 1.05129e+07 8.73919e+06 6.46298e+06 4.07571e+06 1.99431e+06 588916 41403.8 2168.33 121.964 6.81036 0.343072 0.0143172
0.17558 4.94677 115.482 2267.48 37752.1 819509 2.37757e+07 8.39737e+07 1.72398e+08 2.73552e+08 3.69944e+08 4.45045e+08 4.86069e+08 4.86069e+08 4.45046e+08 3.69944e+08 2.73552e+08 1.72398e+08 8.39737e+07 2.37757e+07 819508 37752.1 2267.48 115.482 4.94677 0.17558
1.62241 56.1314 1697.03 44569.7 879005 1.27043e+07 1.17109e+09 4.2335e+09 8.69081e+09 1.37788e+10 1.86244e+10 2.23991e+10 2.44608e+10 2.44608e+10 2.23991e+10 1.86244e+10 1.37788e+10 8.69081e+09 4.2335e+09 1.17109e+09 1.27043e+07 879005 44569.7 1697.03 56.1314 1.62241
9.42081 396.093 15872.7 636820 2.57106e+07 1.24804e+09 1.11596e+11 3.88422e+11 7.85799e+11 1.23693e+12 1.66553e+12 1.99908e+12 2.18121e+12 2.18121e+12 1.99908e+12 1.66553e+12 1.23693e+12 7.85799e+11 3.88422e+11 1.11596e+11 1.24804e+09 2.57106e+07 636820 15872.7 396.093 9.42081
27.8593 1222.78 51330.8 2.15671e+06 9.08146e+07 4.51739e+09 3.89885e+11 1.35377e+12 2.73626e+12 4.3052e+12 5.79558e+12 6.95535e+12 7.58863e+12 7.58863e+12 6.95535e+12 5.79558e+12 4.3052e+12 2.73626e+12 1.35377e+12 3.89885e+11 4.51739e+09 9.08146e+07 2.15671e+06 51330.8 1222.78 27.8593
55.5663 2461.04 104164 4.40534e+06 1.86342e+08 9.27213e+09 7.89573e+11 2.73914e+12 5.53455e+12 8.70656e+12 1.17196e+13 1.40642e+13 1.53445e+13 1.53445e+13 1.40642e+13 1.17196e+13 8.70656e+12 5.53455e+12 2.73914e+12 7.89572e+11 9.27213e+09 1.86342e+08 4.40534e+06 104164 2461.04 55.5663
87.6561 3889.72 164886 6.9807e+06 2.95461e+08 1.46924e+10 1.24315e+12 4.31079e+12 8.70877e+12 1.36989e+13 1.84389e+13 2.21273e+13 2.41413e+13 2.41413e+13 2.21273e+13 1.84389e+13 1.36989e+13 8.70877e+12 4.31079e+12 1.24315e+12 1.46924e+10 2.95461e+08 6.9807e+06 164886 3889.72 87.6561
118.333 5253.21 222753 9.43243e+06 3.99276e+08 1.98466e+10 1.67376e+12 5.80271e+12 1.17218e+13 1.84378e+13 2.48169e+13 2.97809e+13 3.24914e+13 3.24914e+13 2.97809e+13 2.48169e+13 1.84378e+13 1.17218e+13 5.80271e+12 1.67376e+12 1.98466e+10 3.99276e+08 9.43243e+06 222753 5253.21 118.333
142.237 6315 267795 1.13402e+07 4.80043e+08 2.3856e+10 2.00861e+12 6.96284e+12 1.40648e+13 2.21228e+13 2.97765e+13 3.57323e+13 3.89843e+13 3.89843e+13 3.57323e+13 2.97765e+13 2.21228e+13 1.40648e+13 6.96284e+12 2.00861e+12 2.3856e+10 4.80043e+08 1.13402e+07 267795 6315 142.237
155.288 6894.61 292378 1.23813e+07 5.24118e+08 2.60438e+10 2.19135e+12 7.59597e+12 1.53435e+13 2.41338e+13 3.24832e+13 3.89803e+13 4.25279e+13 4.25279e+13 3.89803e+13 3.24832e+13 2.41338e+13 1.53435e+13 7.59597e+12 2.19135e+12 2.60438e+10 5.24118e+08 1.23813e+07 292378 6894.61 155.288
155.288 6894.61 292378 1.23813e+07 5.24118e+08 2.60438e+10 2.19135e+12 7.59597e+12 1.53435e+13 2.41338e+13 3.24832e+13 3.89803e+13 4.25279e+13 4.25279e+13 3.89803e+13 3.24832e+13 2.41338e+13 1.53435e+13 7.59597e+12 2.19135e+12 2.60438e+10 5.24118e+08 1.23813e+07 292378 6894.61 155.288
142.237 6315 267795 1.13402e+07 4.80043e+08 2.3856e+10 2.00861e+12 6.96284e+12 1.40648e+13 2.21228e+13 2.97765e+13 3.57323e+13 3.89843e+13 3.89843e+13 3.57323e+13 2.97765e+13 2.21228e+13 1.40648e+13 6.96284e+12 2.00861e+12 2.3856e+10 4.80043e+08 1.13402e+07 267795 6315 142.237
118.333 5253.21 222753 9.43243e+06 3.99276e+08 1.98466e+10 1.67376e+12 5.80271e+12 1.17218e+13 1.84378e+13 2.48169e+13 2.97809e+13 3.24914e+13 3.24914e+13 2.97809e+13 2.48169e+13 1.84378e+13 1.17218e+13 5.80271e+12 1.67376e+12 1.98466e+10 3.99276e+08 9.43243e+06 222753 5253.21 118.333
87.6561 3889.72 164886 6.9807e+06 2.95461e+08 1.46924e+10 1.24315e+12 4.31079e+12 8.70877e+12 1.36989e+13 1.84389e+13 2.21273e+13 2.41413e+13 2.41413e+13 2.21273e+13 1.84389e+13 1.36989e+13 8.70877e+12 4.31079e+12 1.24315e+12 1.46924e+10 2.95461e+08 6.9807e+06 164886 3889.72 87.6561
55.5663 2461.04 104164 4.40534e+06 1.86342e+08 9.27213e+09 7.89572e+11 2.73914e+12 5.53455e+12 8.70656e+12 1.17196e+13 1.40642e+13 1.53445e+13 1.53445e+13 1.40642e+13 1.17196e+13 8.70656e+12 5.53455e+12 2.73914e+12 7.89573e+11 9.27213e+09 1.86342e+08 4.40534e+06 104164 2461.04 55.5663
27.8593 1222.78 51330.8 2.15671e+06 9.08146e+07 4.51739e+09 3.89885e+11 1.35377e+12 2.73626e+12 4.3052e+12 5.79558e+12 6.95535e+12 7.58863e+12 7.58863e+12 6.95535e+12 5.79558e+12 4.3052e+12 2.73626e+12 1.35377e+12 3.89885e+11 4.51739e+09 9.08146e+07 2.15671e+06 51330.8 1222.78 27.8593
9.42081 396.093 15872.7 636820 2.57106e+07 1.24804e+09 1.11596e+11 3.88422e+11 7.85799e+11 1.23693e+12 1.66553e+12 1.99908e+12 2.18121e+12 2.18121e+12 1.99908e+12 1.66553e+12 1.23693e+12 7.85799e+11 3.88422e+11 1.11596e+11 1.24804e+09 2.57106e+07 636820 15872.7 396.093 9.42081
1.62241 56.1314 1697.03 44569.7 879005 1.27043e+07 1.17109e+09 4.2335e+09 8.69081e+09 1.37788e+10 1.86244e+10 2.23991e+10 2.44608e+10 2.44608e+10 2.23991e+10 1.86244e+10 1.37788e+10 8.69081e+09 4.2335e+09 1.17109e+09 1.27043e+07 879005 44569.7 1697.03 56.1314 1.62241
0.17558 4.94677 115.482 2267.48 37752.1 819508 2.37757e+07 8.39737e+07 1.72398e+08 2.73552e+08 3.69944e+08 4.45046e+08 4.86069e+08 4.86069e+08 4.45045e+08 3.69944e+08 2.73552e+08 1.72398e+08 8.39737e+07 2.37757e+07 819509 37752.1 2267.48 115.482 4.94677 0.17558
0.0143172 0.343072 6.81036 121.964 2168.33 41403.8 588916 1.99431e+06 4.07571e+06 6.46298e+06 8.73919e+06 1.05129e+07 1.14818e+07 1.14818e+07 1.05129e+07 8.73919e+06 6.46298e+06 4.07571e+06 1.99431e+06 588916 41403.8 2168.33 121.964 6.81036 0.343072 0.0143172
0.000989049 0.0212248 0.385487 6.59137 108.622 1573.97 14678.9 47466.7 96370.9 152655 206374 248244 271117 271117 248244 206374 152655 96370.9 47466.7 14678.9 1573.97 108.622 6.59137 0.385487 0.0212248 0.000989049
6.15016e-05 0.00122171 0.0206857 0.326095 4.62082 52.0146 366.297 1130.75 2276.91 3601.12 4866.74 5853.62 6392.82 6392.82 5853.62 4866.74 3601.12 2276.91 1130.75 366.297 52.0146 4.62082 0.326095 0.0206857 0.00122171 6.15016e-05
3.22856e-06 6.02796e-05 0.00094833 0.0134811 0.163462 1.50258 8.71194 25.7628 51.409 81.1506 109.623 131.838 143.977 143.977 131.838 109.623 81.1506 51.409 25.7628 8.71194 1.50258 0.163462 0.0134811 0.00094833 6.02796e-05 3.22856e-06
