0.00161757 0.0306512 0.491659 7.14125 88.3981 827.227 4871.23 14649 29786.1 47903.2 65763.8 80027 87937.8 87937.8 80027 65763.8 47903.2 29786.1 14649 4871.23 827.227 88.3981 7.14125 0.491659 0.0306512 0.00161758
0.0309675 0.622726 10.7308 172.998 2510.29 28842.8 206466 648609 1.33213e+06 2.14856e+06 2.95318e+06 3.59595e+06 3.95258e+06 3.95258e+06 3.59595e+06 2.95318e+06 2.14856e+06 1.33213e+06 648609 206466 28842.8 2510.29 172.998 10.7308 0.622726 0.0309675
0.502412 10.8719 199.91 3486.77 59025.5 877171 8.32713e+06 2.74233e+07 5.6847e+07 9.19194e+07 1.26482e+08 1.54105e+08 1.69437e+08 1.69437e+08 1.54105e+08 1.26482e+08 9.19194e+07 5.6847e+07 2.74233e+07 8.32713e+06 877171 59025.5 3486.77 199.91 10.8719 0.502412
7.37001 177.559 3544.16 64126.1 1.16885e+06 2.3098e+07 3.35531e+08 1.15814e+09 2.41917e+09 3.91971e+09 5.39883e+09 6.58166e+09 7.23844e+09 7.23844e+09 6.58166e+09 5.39883e+09 3.91971e+09 2.41917e+09 1.15814e+09 3.35531e+08 2.3098e+07 1.16885e+06 64126.1 3544.16 177.559 7.37001
91.8985 2602.45 60893.6 1.19426e+06 1.99555e+07 4.53307e+08 1.35755e+10 4.89194e+10 1.02765e+11 1.66777e+11 2.29913e+11 2.80435e+11 3.08499e+11 3.08499e+11 2.80435e+11 2.29913e+11 1.66777e+11 1.02765e+11 4.89194e+10 1.35755e+10 4.53307e+08 1.99555e+07 1.19426e+06 60893.6 2602.45 91.8985
864.389 30103.6 913742 2.39756e+07 4.6675e+08 6.62421e+09 6.65692e+11 2.45713e+12 5.1633e+12 8.3739e+12 1.15384e+13 1.40696e+13 1.54753e+13 1.54753e+13 1.40696e+13 1.15384e+13 8.3739e+12 5.1633e+12 2.45713e+12 6.65692e+11 6.62421e+09 4.6675e+08 2.39756e+07 913742 30103.6 864.389
5108.09 216502 8.73181e+06 3.5184e+08 1.42361e+10 6.94929e+11 6.34805e+13 2.2411e+14 4.60933e+14 7.37408e+14 1.00673e+15 1.22043e+15 1.33856e+15 1.33856e+15 1.22043e+15 1.00673e+15 7.37408e+14 4.60933e+14 2.2411e+14 6.34805e+13 6.94929e+11 1.42361e+10 3.5184e+08 8.73182e+06 216502 5108.09
15377.1 680919 2.87928e+07 1.21613e+09 5.13753e+10 2.56932e+12 2.24847e+14 7.91117e+14 1.62444e+15 2.59605e+15 3.54168e+15 4.29156e+15 4.70592e+15 4.70592e+15 4.29156e+15 3.54168e+15 2.59605e+15 1.62444e+15 7.91117e+14 2.24847e+14 2.56932e+12 5.13753e+10 1.21613e+09 2.87928e+07 680919 15377.1
31270.5 1.3987e+06 5.96962e+07 2.54077e+09 1.07946e+11 5.40075e+12 4.63048e+14 1.62657e+15 3.33726e+15 5.3306e+15 7.26979e+15 8.80714e+15 9.65649e+15 9.65649e+15 8.80714e+15 7.26979e+15 5.3306e+15 3.33726e+15 1.62657e+15 4.63048e+14 5.40075e+12 1.07946e+11 2.54077e+09 5.96962e+07 1.3987e+06 31270.5
50278.3 2.25539e+06 9.65032e+07 4.11577e+09 1.75144e+11 8.75769e+12 7.4125e+14 2.60112e+15 5.33406e+15 8.5172e+15 1.1613e+16 1.40667e+16 1.54223e+16 1.54223e+16 1.40667e+16 1.1613e+16 8.5172e+15 5.33406e+15 2.60112e+15 7.4125e+14 8.75769e+12 1.75144e+11 4.11577e+09 9.65032e+07 2.25539e+06 50278.3
68997.7 3.09879e+06 1.32736e+08 5.66658e+09 2.41349e+11 1.20629e+13 1.01225e+15 3.54964e+15 7.2767e+15 1.16165e+16 1.58363e+16 1.91805e+16 2.10278e+16 2.10278e+16 1.91805e+16 1.58363e+16 1.16165e+16 7.2767e+15 3.54964e+15 1.01225e+15 1.20629e+13 2.41349e+11 5.66658e+09 1.32736e+08 3.09879e+06 68997.7
83931.8 3.77186e+06 1.61664e+08 6.90537e+09 2.94266e+11 1.47039e+13 1.22723e+15 4.30165e+15 8.81649e+15 1.40726e+16 1.91827e+16 2.32322e+16 2.54689e+16 2.54689e+16 2.32322e+16 1.91827e+16 1.40726e+16 8.81649e+15 4.30165e+15 1.22723e+15 1.47039e+13 2.94266e+11 6.90537e+09 1.61664e+08 3.77186e+06 83931.8
92208.6 4.145e+06 1.77707e+08 7.59267e+09 3.23636e+11 1.61694e+13 1.34602e+15 4.7171e+15 9.66702e+15 1.54292e+16 2.10309e+16 2.54696e+16 2.79213e+16 2.79213e+16 2.54696e+16 2.10309e+16 1.54292e+16 9.66702e+15 4.7171e+15 1.34602e+15 1.61694e+13 3.23636e+11 7.59267e+09 1.77707e+08 4.145e+06 92208.6
92208.6 4.145e+06 1.77707e+08 7.59267e+09 3.23636e+11 1.61694e+13 1.34602e+15 4.7171e+15 9.66702e+15 1.54292e+16 2.10309e+16 2.54696e+16 2.79213e+16 2.79213e+16 2.54696e+16 2.10309e+16 1.54292e+16 9.66702e+15 4.7171e+15 1.34602e+15 1.61694e+13 3.23636e+11 7.59266e+09 1.77707e+08 4.145e+06 92208.6
83931.8 3.77186e+06 1.61664e+08 6.90537e+09 2.94266e+11 1.47039e+13 1.22723e+15 4.30165e+15 8.81649e+15 1.40726e+16 1.91827e+16 2.32322e+16 2.54689e+16 2.54689e+16 2.32322e+16 1.91827e+16 1.40726e+16 8.81649e+15 4.30165e+15 1.22723e+15 1.47039e+13 2.94266e+11 6.90537e+09 1.61664e+08 3.77186e+06 83931.8
68997.7 3.09879e+06 1.32736e+08 5.66658e+09 2.41349e+11 1.20629e+13 1.01225e+15 3.54964e+15 7.2767e+15 1.16165e+16 1.58363e+16 1.91805e+16 2.10278e+16 2.10278e+16 1.91805e+16 1.58363e+16 1.16165e+16 7.2767e+15 3.54964e+15 1.01225e+15 1.20629e+13 2.41349e+11 5.66658e+09 1.32736e+08 3.09879e+06 68997.7
50278.3 2.25539e+06 9.65032e+07 4.11577e+09 1.75144e+11 8.75769e+12 7.4125e+14 2.60112e+15 5.33406e+15 8.5172e+15 1.1613e+16 1.40667e+16 1.54223e+16 1.54223e+16 1.40667e+16 1.1613e+16 8.5172e+15 5.33406e+15 2.60112e+15 7.4125e+14 8.75769e+12 1.75144e+11 4.11577e+09 9.65032e+07 2.25539e+06 50278.3
31270.5 1.3987e+06 5.96962e+07 2.54077e+09 1.07946e+11 5.40075e+12 4.63048e+14 1.62657e+15 3.33726e+15 5.3306e+15 7.26979e+15 8.80714e+15 9.65649e+15 9.65649e+15 8.80714e+15 7.26979e+15 5.3306e+15 3.33726e+15 1.62657e+15 4.63048e+14 5.40075e+12 1.07946e+11 2.54077e+09 5.96962e+07 1.3987e+06 31270.5
15377.1 680919 2.87928e+07 1.21613e+09 5.13753e+10 2.56932e+12 2.24847e+14 7.91117e+14 1.62444e+15 2.59605e+15 3.54168e+15 4.29156e+15 4.70592e+15 4.70592e+15 4.29156e+15 3.54168e+15 2.59605e+15 1.62444e+15 7.91117e+14 2.24847e+14 2.56932e+12 5.13753e+10 1.21613e+09 2.87928e+07 680919 15377.1
5108.09 216502 8.73181e+06 3.5184e+08 1.42361e+10 6.94929e+11 6.34805e+13 2.2411e+14 4.60933e+14 7.37408e+14 1.00673e+15 1.22043e+15 1.33856e+15 1.33856e+15 1.22043e+15 1.00673e+15 7.37408e+14 4.60933e+14 2.2411e+14 6.34805e+13 6.94929e+11 1.42361e+10 3.5184e+08 8.73181e+06 216502 5108.09
864.389 30103.6 913742 2.39756e+07 4.6675e+08 6.62421e+09 6.65692e+11 2.45713e+12 5.1633e+12 8.3739e+12 1.15384e+13 1.40696e+13 1.54753e+13 1.54753e+13 1.40696e+13 1.15384e+13 8.3739e+12 5.1633e+12 2.45713e+12 6.65692e+11 6.62421e+09 4.6675e+08 2.39756e+07 913742 30103.6 864.389
91.8985 2602.45 60893.6 1.19426e+06 1.99555e+07 4.53307e+08 1.35755e+10 4.89194e+10 1.02765e+11 1.66777e+11 2.29913e+11 2.80435e+11 3.08499e+11 3.08499e+11 2.80435e+11 2.29913e+11 1.66777e+11 1.02765e+11 4.89194e+10 1.35755e+10 4.53307e+08 1.99555e+07 1.19426e+06 60893.6 2602.45 91.8985
7.37001 177.559 3544.16 64126.1 1.16885e+06 2.3098e+07 3.35531e+08 1.15814e+09 2.41917e+09 3.91971e+09 5.39883e+09 6.58166e+09 7.23844e+09 7.23844e+09 6.58166e+09 5.39883e+09 3.91971e+09 2.41917e+09 1.15814e+09 3.35531e+08 2.3098e+07 1.16885e+06 64126.1 3544.16 177.559 7.37001
0.502412 10.8719 199.91 3486.77 59025.5 877171 8.32713e+06 2.74233e+07 5.6847e+07 9.19194e+07 1.26482e+08 1.54105e+08 1.69437e+08 1.69437e+08 1.54105e+08 1.26482e+08 9.19194e+07 5.6847e+07 2.74233e+07 8.32713e+06 877171 59025.5 3486.77 199.91 10.8719 0.502412
0.0309675 0.622726 10.7308 172.998 2510.29 28842.8 206466 648609 1.33213e+06 2.14856e+06 2.95318e+06 3.59595e+06 3.95258e+06 3.95258e+06 3.59595e+06 2.95318e+06 2.14856e+06 1.33213e+06 648609 206466 28842.8 2510.29 172.998 10.7308 0.622726 0.0309675
0.00161757 0.0306512 0.491659 7.14125 88.3981 827.227 4871.23 14649 29786.1 47903.2 65763.8 80027 87937.8 87937.8 80027 65763.8 47903.2 29786.1 14649 4871.23 827.227 88.3981 7.14125 0.491659 0.0306512 0.00161758
