0.207586 3.95235 63.4255 919.202 11348.5 106006 623292 1.86724e+06 3.77274e+06 6.019e+06 8.19538e+06 9.90579e+06 1.08438e+07 1.08438e+07 9.90579e+06 8.19538e+06 6.019e+06 3.77274e+06 1.86724e+06 623292 106006 11348.5 919.202 63.4255 3.95235 0.207586
4.01259 81.4301 1406.87 22626.3 326857 3.74203e+06 2.67277e+07 8.36406e+07 1.70685e+08 2.73035e+08 3.721e+08 4.49926e+08 4.926e+08 4.926e+08 4.49926e+08 3.721e+08 2.73035e+08 1.70685e+08 8.36406e+07 2.67277e+07 3.74203e+06 326857 22626.3 1406.87 81.4301 4.01259
65.4714 1434.39 26532.5 462322 7.77563e+06 1.1478e+08 1.08586e+09 3.56195e+09 7.33539e+09 1.17601e+10 1.60387e+10 1.93988e+10 2.12409e+10 2.12409e+10 1.93988e+10 1.60387e+10 1.17601e+10 7.33539e+09 3.56195e+09 1.08586e+09 1.1478e+08 7.77563e+06 462322 26532.5 1434.39 65.4714
962.137 23509.5 473793 8.60801e+06 1.56004e+08 3.04537e+09 4.39748e+10 1.51183e+11 3.13674e+11 5.0374e+11 6.87405e+11 8.31596e+11 9.10628e+11 9.10628e+11 8.31596e+11 6.87405e+11 5.0374e+11 3.13674e+11 1.51183e+11 4.39748e+10 3.04537e+09 1.56004e+08 8.60801e+06 473793 23509.5 962.137
11987.4 344245 8.14238e+06 1.61265e+08 2.7097e+09 6.04073e+10 1.78584e+12 6.40981e+12 1.33724e+13 2.15021e+13 2.9355e+13 3.55185e+13 3.88958e+13 3.88958e+13 3.55185e+13 2.9355e+13 2.15021e+13 1.33724e+13 6.40981e+12 1.78584e+12 6.04073e+10 2.7097e+09 1.61265e+08 8.14238e+06 344245 11987.4
112523 3.96905e+06 1.21588e+08 3.21846e+09 6.35051e+10 9.15621e+11 8.80105e+13 3.23637e+14 6.75584e+14 1.08582e+15 1.48189e+15 1.79269e+15 1.96297e+15 1.96297e+15 1.79269e+15 1.48189e+15 1.08582e+15 6.75584e+14 3.23637e+14 8.80105e+13 9.15621e+11 6.35051e+10 3.21846e+09 1.21588e+08 3.96905e+06 112523
663084 2.84346e+07 1.15525e+09 4.67869e+10 1.9002e+12 9.27358e+13 8.39689e+15 2.96102e+16 6.07241e+16 9.6715e+16 1.3138e+17 1.58592e+17 1.73517e+17 1.73517e+17 1.58592e+17 1.3138e+17 9.6715e+16 6.07241e+16 2.96102e+16 8.39689e+15 9.27358e+13 1.9002e+12 4.67869e+10 1.15525e+09 2.84346e+07 663084
1.98691e+06 8.901e+07 3.79103e+09 1.60925e+11 6.8237e+12 3.41456e+14 2.97126e+16 1.04447e+17 2.13896e+17 3.40407e+17 4.62223e+17 5.57839e+17 6.10289e+17 6.10289e+17 5.57839e+17 4.62223e+17 3.40407e+17 2.13896e+17 1.04447e+17 2.97126e+16 3.41456e+14 6.8237e+12 1.60925e+11 3.79103e+09 8.901e+07 1.98691e+06
4.01238e+06 1.81545e+08 7.80293e+09 3.33705e+11 1.4228e+13 7.126e+14 6.09934e+16 2.1411e+17 4.38173e+17 6.9704e+17 9.46233e+17 1.14181e+18 1.24908e+18 1.24908e+18 1.14181e+18 9.46233e+17 6.9704e+17 4.38173e+17 2.1411e+17 6.09934e+16 7.126e+14 1.4228e+13 3.33705e+11 7.80293e+09 1.81545e+08 4.01238e+06
6.39561e+06 2.90141e+08 1.24979e+10 5.35392e+11 2.28554e+13 1.14436e+15 9.71519e+16 3.40787e+17 6.9713e+17 1.10867e+18 1.50472e+18 1.81551e+18 1.98596e+18 1.98596e+18 1.81551e+18 1.50472e+18 1.10867e+18 6.9713e+17 3.40787e+17 9.71519e+16 1.14436e+15 2.28554e+13 5.35392e+11 1.24979e+10 2.90141e+08 6.39561e+06
8.69966e+06 3.95013e+08 1.70272e+10 7.2981e+11 3.11677e+13 1.56019e+15 1.31932e+17 4.62609e+17 9.46102e+17 1.50433e+18 2.04143e+18 2.46283e+18 2.69393e+18 2.69393e+18 2.46283e+18 2.04143e+18 1.50433e+18 9.46102e+17 4.62609e+17 1.31932e+17 1.56019e+15 3.11677e+13 7.2981e+11 1.70272e+10 3.95013e+08 8.69966e+06
1.05067e+07 4.77225e+08 2.05763e+10 8.82089e+11 3.76759e+13 1.8857e+15 1.59193e+17 5.58097e+17 1.14123e+18 1.81438e+18 2.46195e+18 2.96996e+18 3.24854e+18 3.24854e+18 2.96996e+18 2.46195e+18 1.81438e+18 1.14123e+18 5.58096e+17 1.59193e+17 1.8857e+15 3.76759e+13 8.82089e+11 2.05763e+10 4.77225e+08 1.05067e+07
1.14962e+07 5.22236e+08 2.25188e+10 9.65413e+11 4.1236e+13 2.06374e+15 1.7413e+17 6.10419e+17 1.24815e+18 1.98426e+18 2.69234e+18 3.24777e+18 3.55235e+18 3.55235e+18 3.24777e+18 2.69234e+18 1.98426e+18 1.24815e+18 6.10419e+17 1.7413e+17 2.06374e+15 4.1236e+13 9.65413e+11 2.25188e+10 5.22236e+08 1.14962e+07
1.14962e+07 5.22236e+08 2.25188e+10 9.65413e+11 4.1236e+13 2.06374e+15 1.7413e+17 6.10419e+17 1.24815e+18 1.98426e+18 2.69234e+18 3.24777e+18 3.55235e+18 3.55235e+18 3.24777e+18 2.69234e+18 1.98426e+18 1.24815e+18 6.10419e+17 1.7413e+17 2.06374e+15 4.1236e+13 9.65413e+11 2.25188e+10 5.22236e+08 1.14962e+07
1.05067e+07 4.77225e+08 2.05763e+10 8.82089e+11 3.76759e+13 1.8857e+15 1.59193e+17 5.58096e+17 1.14123e+18 1.81438e+18 2.46195e+18 2.96996e+18 3.24854e+18 3.24854e+18 2.96996e+18 2.46195e+18 1.81438e+18 1.14123e+18 5.58097e+17 1.59193e+17 1.8857e+15 3.76759e+13 8.82089e+11 2.05763e+10 4.77225e+08 1.05067e+07
8.69966e+06 3.95013e+08 1.70272e+10 7.2981e+11 3.11677e+13 1.56019e+15 1.31932e+17 4.62609e+17 9.46102e+17 1.50433e+18 2.04143e+18 2.46283e+18 2.69393e+18 2.69393e+18 2.46283e+18 2.04143e+18 1.50433e+18 9.46102e+17 4.62609e+17 1.31932e+17 1.56019e+15 3.11677e+13 7.2981e+11 1.70272e+10 3.95013e+08 8.69966e+06
6.39561e+06 2.90141e+08 1.24979e+10 5.35392e+11 2.28554e+13 1.14436e+15 9.71519e+16 3.40787e+17 6.9713e+17 1.10867e+18 1.50472e+18 1.81551e+18 1.98596e+18 1.98596e+18 1.81551e+18 1.50472e+18 1.10867e+18 6.9713e+17 3.40787e+17 9.71519e+16 1.14436e+15 2.28554e+13 5.35392e+11 1.24979e+10 2.90141e+08 6.39561e+06
4.01238e+06 1.81545e+08 7.80293e+09 3.33705e+11 1.4228e+13 7.126e+14 6.09934e+16 2.1411e+17 4.38173e+17 6.9704e+17 9.46233e+17 1.14181e+18 1.24908e+18 1.24908e+18 1.14181e+18 9.46233e+17 6.9704e+17 4.38173e+17 2.1411e+17 6.09934e+16 7.126e+14 1.4228e+13 3.33705e+11 7.80293e+09 1.81545e+08 4.01238e+06
1.98691e+06 8.901e+07 3.79103e+09 1.60925e+11 6.8237e+12 3.41456e+14 2.97126e+16 1.04447e+17 2.13896e+17 3.40407e+17 4.62223e+17 5.57839e+17 6.10289e+17 6.10289e+17 5.57839e+17 4.62223e+17 3.40407e+17 2.13896e+17 1.04447e+17 2.97126e+16 3.41456e+14 6.8237e+12 1.60925e+11 3.79103e+09 8.901e+07 1.98691e+06
663084 2.84346e+07 1.15525e+09 4.67869e+10 1.9002e+12 9.27358e+13 8.39689e+15 2.96102e+16 6.07241e+16 9.6715e+16 1.3138e+17 1.58592e+17 1.73517e+17 1.73517e+17 1.58592e+17 1.3138e+17 9.6715e+16 6.07241e+16 2.96102e+16 8.39689e+15 9.27358e+13 1.9002e+12 4.67869e+10 1.15525e+09 2.84346e+07 663084
112523 3.96905e+06 1.21588e+08 3.21846e+09 6.35051e+10 9.15621e+11 8.80105e+13 3.23637e+14 6.75584e+14 1.08582e+15 1.48189e+15 1.79269e+15 1.96297e+15 1.96297e+15 1.79269e+15 1.48189e+15 1.08582e+15 6.75584e+14 3.23637e+14 8.80105e+13 9.15621e+11 6.35051e+10 3.21846e+09 1.21588e+08 3.96905e+06 112523
11987.4 344245 8.14238e+06 1.61265e+08 2.7097e+09 6.04073e+10 1.78584e+12 6.40981e+12 1.33724e+13 2.15021e+13 2.9355e+13 3.55185e+13 3.88958e+13 3.88958e+13 3.55185e+13 2.9355e+13 2.15021e+13 1.33724e+13 6.40981e+12 1.78584e+12 6.04073e+10 2.7097e+09 1.61265e+08 8.14238e+06 344245 11987.4
962.137 23509.5 473793 8.60801e+06 1.56004e+08 3.04537e+09 4.39748e+10 1.51183e+11 3.13674e+11 5.0374e+11 6.87405e+11 8.31596e+11 9.10628e+11 9.10628e+11 8.31596e+11 6.87405e+11 5.0374e+11 3.13674e+11 1.51183e+11 4.39748e+10 3.04537e+09 1.56004e+08 8.60801e+06 473793 23509.5 962.137
65.4714 1434.38 26532.5 462322 7.77563e+06 1.1478e+08 1.08586e+09 3.56195e+09 7.33539e+09 1.17601e+10 1.60387e+10 1.93988e+10 2.12409e+10 2.12409e+10 1.93988e+10 1.60387e+10 1.17601e+10 7.33539e+09 3.56195e+09 1.08586e+09 1.1478e+08 7.77563e+06 462322 26532.5 1434.38 65.4714
4.01259 81.4301 1406.87 22626.3 326857 3.74203e+06 2.67277e+07 8.36406e+07 1.70685e+08 2.73035e+08 3.721e+08 4.49926e+08 4.926e+08 4.926e+08 4.49926e+08 3.721e+08 2.73035e+08 1.70685e+08 8.36406e+07 2.67277e+07 3.74203e+06 326857 22626.3 1406.87 81.4301 4.01259
0.207586 3.95235 63.4255 919.202 11348.5 106006 623292 1.86724e+06 3.77274e+06 6.019e+06 8.19538e+06 9.90579e+06 1.08438e+07 1.08438e+07 9.90579e+06 8.19538e+06 6.019e+06 3.77274e+06 1.86724e+06 623292 106006 11348.5 919.202 63.4255 3.95235 0.207586
