0.00564394 0.106628 1.70455 24.6709 304.298 2837.14 16635.8 49719.5 100331 160087 218225 264154 289448 289448 264154 218225 160087 100331 49719.5 16635.8 2837.14 304.298 24.6709 1.70455 0.106628 0.00564393
0.107778 2.16099 37.1154 596.254 8620.59 98689.4 703589 2.19624e+06 4.47503e+06 7.15827e+06 9.76662e+06 1.1827e+07 1.29619e+07 1.29619e+07 1.1827e+07 9.76662e+06 7.15827e+06 4.47503e+06 2.19624e+06 703589 98689.4 8620.59 596.254 37.1154 2.16099 0.107778
1.74349 37.6259 689.833 11993 202296 2.99554e+06 2.83311e+07 9.26875e+07 1.90546e+08 3.05453e+08 4.17082e+08 5.05265e+08 5.5384e+08 5.5384e+08 5.05265e+08 4.17082e+08 3.05453e+08 1.90546e+08 9.26875e+07 2.83311e+07 2.99554e+06 202296 11993 689.833 37.6259 1.74349
25.495 612.682 12199.8 220190 4.00079e+06 7.87733e+07 1.14049e+09 3.90969e+09 8.09592e+09 1.29997e+10 1.77621e+10 2.15249e+10 2.35979e+10 2.35979e+10 2.15249e+10 1.77621e+10 1.29997e+10 8.09592e+09 3.90969e+09 1.14049e+09 7.87733e+07 4.00079e+06 220190 12199.8 612.682 25.495
316.82 8950.39 208994 4.09227e+06 6.82666e+07 1.54511e+09 4.61319e+10 1.65048e+11 3.4357e+11 5.5235e+11 7.55123e+11 9.15375e+11 1.00368e+12 1.00368e+12 9.15375e+11 7.55123e+11 5.5235e+11 3.4357e+11 1.65048e+11 4.61319e+10 1.54511e+09 6.82666e+07 4.09227e+06 208994 8950.39 316.82
2968.92 103161 3.12544e+06 8.19068e+07 1.594e+09 2.26284e+10 2.26362e+12 8.29481e+12 1.72716e+13 2.77491e+13 3.79191e+13 4.5954e+13 5.03807e+13 5.03807e+13 4.5954e+13 3.79191e+13 2.77491e+13 1.72716e+13 8.29481e+12 2.26362e+12 2.26284e+10 1.594e+09 8.19068e+07 3.12544e+06 103161 2968.92
17466.9 738772 2.97495e+07 1.19769e+09 4.84519e+10 2.36591e+12 2.15792e+14 7.58165e+14 1.54975e+15 2.46354e+15 3.34433e+15 4.03726e+15 4.41816e+15 4.41816e+15 4.03726e+15 3.34433e+15 2.46354e+15 1.54975e+15 7.58165e+14 2.15792e+14 2.36591e+12 4.84519e+10 1.19769e+09 2.97495e+07 738772 17466.9
52241.6 2.30801e+06 9.74213e+07 4.11011e+09 1.73541e+11 8.6813e+12 7.60476e+14 2.66387e+15 5.43792e+15 8.63759e+15 1.17201e+16 1.41445e+16 1.5477e+16 1.5477e+16 1.41445e+16 1.17201e+16 8.63759e+15 5.43792e+15 2.66387e+15 7.60476e+14 8.6813e+12 1.73541e+11 4.11011e+09 9.74213e+07 2.30801e+06 52241.6
105395 4.70165e+06 2.00229e+08 8.50888e+09 3.61159e+11 1.8074e+13 1.55587e+15 5.44294e+15 1.11045e+16 1.76322e+16 2.39194e+16 2.88636e+16 3.15809e+16 3.15809e+16 2.88636e+16 2.39194e+16 1.76322e+16 1.11045e+16 5.44294e+15 1.55587e+15 1.8074e+13 3.61159e+11 8.50888e+09 2.00229e+08 4.70165e+06 105395
168057 7.51577e+06 3.20758e+08 1.36533e+10 5.80214e+11 2.90198e+13 2.47374e+15 8.64746e+15 1.76362e+16 2.79975e+16 3.79756e+16 4.58214e+16 5.01331e+16 5.01331e+16 4.58214e+16 3.79756e+16 2.79975e+16 1.76362e+16 8.64746e+15 2.47374e+15 2.90198e+13 5.80214e+11 1.36533e+10 3.20758e+08 7.51577e+06 168057
228916 1.02464e+07 4.37627e+08 1.86396e+10 7.92539e+11 3.96239e+13 3.35775e+15 1.17324e+16 2.39228e+16 3.79724e+16 5.15009e+16 6.21377e+16 6.7983e+16 6.7983e+16 6.21377e+16 5.15009e+16 3.79724e+16 2.39228e+16 1.17324e+16 3.35775e+15 3.96239e+13 7.92539e+11 1.86396e+10 4.37627e+08 1.02464e+07 228916
276914 1.23996e+07 5.29787e+08 2.25721e+10 9.60021e+11 4.79864e+13 4.05258e+15 1.41566e+16 2.88624e+16 4.58094e+16 6.21266e+16 7.49555e+16 8.20051e+16 8.20051e+16 7.49555e+16 6.21266e+16 4.58094e+16 2.88624e+16 1.41566e+16 4.05258e+15 4.79864e+13 9.60021e+11 2.25721e+10 5.29787e+08 1.23996e+07 276914
303317 1.35842e+07 5.80488e+08 2.47358e+10 1.05218e+12 5.25875e+13 4.43426e+15 1.54881e+16 3.15753e+16 5.01135e+16 6.79622e+16 8.19947e+16 8.97057e+16 8.97057e+16 8.19947e+16 6.79622e+16 5.01135e+16 3.15753e+16 1.54881e+16 4.43426e+15 5.25875e+13 1.05218e+12 2.47358e+10 5.80488e+08 1.35842e+07 303317
303317 1.35842e+07 5.80488e+08 2.47358e+10 1.05218e+12 5.25875e+13 4.43426e+15 1.54881e+16 3.15753e+16 5.01135e+16 6.79622e+16 8.19947e+16 8.97057e+16 8.97057e+16 8.19947e+16 6.79622e+16 5.01135e+16 3.15753e+16 1.54881e+16 4.43426e+15 5.25875e+13 1.05218e+12 2.47358e+10 5.80488e+08 1.35842e+07 303317
276914 1.23996e+07 5.29787e+08 2.25721e+10 9.60021e+11 4.79864e+13 4.05258e+15 1.41566e+16 2.88624e+16 4.58094e+16 6.21266e+16 7.49555e+16 8.20051e+16 8.20051e+16 7.49555e+16 6.21266e+16 4.58094e+16 2.88624e+16 1.41566e+16 4.05258e+15 4.79864e+13 9.60021e+11 2.25721e+10 5.29787e+08 1.23996e+07 276914
228916 1.02464e+07 4.37627e+08 1.86396e+10 7.92539e+11 3.96239e+13 3.35775e+15 1.17324e+16 2.39228e+16 3.79724e+16 5.15009e+16 6.21377e+16 6.7983e+16 6.7983e+16 6.21377e+16 5.15009e+16 3.79724e+16 2.39228e+16 1.17324e+16 3.35775e+15 3.96239e+13 7.92539e+11 1.86396e+10 4.37627e+08 1.02464e+07 228916
168057 7.51577e+06 3.20758e+08 1.36533e+10 5.80214e+11 2.90198e+13 2.47374e+15 8.64746e+15 1.76362e+16 2.79975e+16 3.79756e+16 4.58214e+16 5.01331e+16 5.01331e+16 4.58214e+16 3.79756e+16 2.79975e+16 1.76362e+16 8.64746e+15 2.47374e+15 2.90198e+13 5.80214e+11 1.36533e+10 3.20758e+08 7.51577e+06 168057
105395 4.70165e+06 2.00229e+08 8.50888e+09 3.61159e+11 1.8074e+13 1.55587e+15 5.44294e+15 1.11045e+16 1.76322e+16 2.39194e+16 2.88636e+16 3.15809e+16 3.15809e+16 2.88636e+16 2.39194e+16 1.76322e+16 1.11045e+16 5.44294e+15 1.55587e+15 1.80739e+13 3.61159e+11 8.50888e+09 2.00229e+08 4.70165e+06 105395
52241.6 2.30801e+06 9.74213e+07 4.11011e+09 1.73541e+11 8.6813e+12 7.60476e+14 2.66387e+15 5.43792e+15 8.63759e+15 1.17201e+16 1.41445e+16 1.5477e+16 1.5477e+16 1.41445e+16 1.17201e+16 8.63759e+15 5.43792e+15 2.66387e+15 7.60476e+14 8.6813e+12 1.73541e+11 4.11011e+09 9.74213e+07 2.30801e+06 52241.6
17466.9 738772 2.97495e+07 1.19769e+09 4.84519e+10 2.36591e+12 2.15792e+14 7.58165e+14 1.54975e+15 2.46354e+15 3.34433e+15 4.03726e+15 4.41816e+15 4.41816e+15 4.03726e+15 3.34433e+15 2.46354e+15 1.54975e+15 7.58165e+14 2.15792e+14 2.36591e+12 4.84519e+10 1.19769e+09 2.97495e+07 738772 17466.9
2968.92 103161 3.12544e+06 8.19068e+07 1.594e+09 2.26284e+10 2.26362e+12 8.29481e+12 1.72716e+13 2.77491e+13 3.79191e+13 4.5954e+13 5.03807e+13 5.03807e+13 4.5954e+13 3.79191e+13 2.77491e+13 1.72716e+13 8.29481e+12 2.26362e+12 2.26284e+10 1.594e+09 8.19068e+07 3.12544e+06 103161 2968.92
316.82 8950.39 208994 4.09227e+06 6.82666e+07 1.54511e+09 4.61319e+10 1.65048e+11 3.4357e+11 5.5235e+11 7.55123e+11 9.15375e+11 1.00368e+12 1.00368e+12 9.15375e+11 7.55123e+11 5.5235e+11 3.4357e+11 1.65048e+11 4.61319e+10 1.54511e+09 6.82666e+07 4.09227e+06 208994 8950.39 316.82
25.495 612.682 12199.8 220190 4.00079e+06 7.87733e+07 1.14049e+09 3.90969e+09 8.09592e+09 1.29997e+10 1.77621e+10 2.15249e+10 2.35979e+10 2.35979e+10 2.15249e+10 1.77621e+10 1.29997e+10 8.09592e+09 3.90969e+09 1.14049e+09 7.87733e+07 4.00079e+06 220190 12199.8 612.682 25.495
1.74349 37.6259 689.833 11993 202296 2.99554e+06 2.83311e+07 9.26875e+07 1.90546e+08 3.05453e+08 4.17082e+08 5.05265e+08 5.5384e+08 5.5384e+08 5.05265e+08 4.17082e+08 3.05453e+08 1.90546e+08 9.26875e+07 2.83311e+07 2.99554e+06 202296 11993 689.833 37.6259 1.74349
0.107778 2.16099 37.1154 596.254 8620.59 98689.4 703589 2.19624e+06 4.47503e+06 7.15827e+06 9.76662e+06 1.1827e+07 1.29619e+07 1.29619e+07 1.1827e+07 9.76662e+06 7.15827e+06 4.47503e+06 2.19624e+06 703589 98689.4 8620.59 596.254 37.1154 2.16099 0.107778
0.00564394 0.106628 1.70455 24.6709 304.298 2837.14 16635.8 49719.5 100331 160087 218225 264154 289448 289448 264154 218225 160087 100331 49719.5 16635.8 2837.14 304.298 24.6709 1.70455 0.106628 0.00564393
