0.000220758 0.00413051 0.0652058 0.930803 11.3303 104.452 606.608 1795.1 3583.65 5658.74 7645.98 9196.76 10044.3 10044.3 9196.76 7645.98 5658.74 3583.65 1795.1 606.608 104.452 11.3303 0.930803 0.0652058 0.00413051 0.000220759
0.00420128 0.0835578 1.41875 22.4648 319.901 3614.9 25510.2 78808.1 158764 251185 339550 408469 446129 446129 408469 339550 251185 158764 78808.1 25510.2 3614.9 319.901 22.4648 1.41875 0.0835578 0.00420128
0.0675696 1.44994 26.3656 452.494 7502.13 109321 1.02246e+06 3.30895e+06 6.72137e+06 1.06508e+07 1.44026e+07 1.73276e+07 1.89257e+07 1.89257e+07 1.73276e+07 1.44026e+07 1.06508e+07 6.72137e+06 3.30895e+06 1.02246e+06 109321 7502.13 452.494 26.3656 1.44994 0.0675696
0.979604 23.4507 465.134 8337.36 149066 2.87159e+06 4.10265e+07 1.3905e+08 2.84316e+08 4.51023e+08 6.10041e+08 7.33983e+08 8.01698e+08 8.01698e+08 7.33983e+08 6.10041e+08 4.51023e+08 2.84316e+08 1.3905e+08 4.10265e+07 2.87159e+06 149066 8337.36 465.134 23.4507 0.979604
12.0443 338.993 7900.5 154752 2.57479e+06 5.66069e+07 1.65648e+09 5.8557e+09 1.20281e+10 1.90933e+10 2.58289e+10 3.10782e+10 3.39459e+10 3.39459e+10 3.10782e+10 2.58289e+10 1.90933e+10 1.20281e+10 5.8557e+09 1.65648e+09 5.66069e+07 2.57479e+06 154752 7900.5 338.993 12.0443
111.604 3859.63 116582 3.05567e+06 5.99393e+07 8.606e+08 8.14788e+10 2.94846e+11 6.05632e+11 9.60613e+11 1.29884e+12 1.56239e+12 1.70636e+12 1.70636e+12 1.56239e+12 1.29884e+12 9.60613e+11 6.05632e+11 2.94846e+11 8.14788e+10 8.606e+08 5.99393e+07 3.05567e+06 116582 3859.63 111.604
649.498 27314.3 1.09481e+06 4.39318e+07 1.77395e+09 8.62791e+10 7.76312e+12 2.70371e+13 5.47209e+13 8.61653e+13 1.16052e+14 1.39316e+14 1.52021e+14 1.52021e+14 1.39316e+14 1.16052e+14 8.61653e+13 5.47209e+13 2.70371e+13 7.76312e+12 8.62791e+10 1.77395e+09 4.39318e+07 1.09481e+06 27314.3 649.498
1922.4 84402.9 3.54415e+06 1.48947e+08 6.2731e+09 3.12594e+11 2.71299e+13 9.42569e+13 1.90591e+14 2.99972e+14 4.03917e+14 4.84825e+14 5.2901e+14 5.2901e+14 4.84825e+14 4.03917e+14 2.99972e+14 1.90591e+14 9.42569e+13 2.71299e+13 3.12594e+11 6.2731e+09 1.48947e+08 3.54415e+06 84402.9 1922.4
3836.04 169956 7.19565e+06 3.044e+08 1.28787e+10 6.41928e+11 5.49568e+13 1.90762e+14 3.85598e+14 6.06793e+14 8.16983e+14 9.80587e+14 1.06993e+15 1.06993e+15 9.80587e+14 8.16982e+14 6.06793e+14 3.85598e+14 1.90762e+14 5.49568e+13 6.41928e+11 1.28787e+10 3.044e+08 7.19565e+06 169956 3836.04
6052.98 268695 1.13937e+07 4.82506e+08 2.04271e+10 1.01751e+12 8.65464e+13 3.00282e+14 6.06879e+14 9.54932e+14 1.28566e+15 1.54308e+15 1.68367e+15 1.68367e+15 1.54308e+15 1.28566e+15 9.54932e+14 6.06879e+14 3.00282e+14 8.65464e+13 1.01751e+12 2.04271e+10 4.82506e+08 1.13937e+07 268695 6052.98
8172.61 362942 1.53951e+07 6.52092e+08 2.761e+10 1.37474e+12 1.16544e+14 4.0427e+14 8.16975e+14 1.28547e+15 1.73064e+15 2.07713e+15 2.26636e+15 2.26636e+15 2.07713e+15 1.73063e+15 1.28547e+15 8.16975e+14 4.0427e+14 1.16544e+14 1.37474e+12 2.761e+10 6.52092e+08 1.53951e+07 362942 8172.61
9824.27 436337 1.85097e+07 7.84058e+08 3.31984e+10 1.65263e+12 1.39873e+14 4.85142e+14 9.80369e+14 1.54253e+15 2.07669e+15 2.49247e+15 2.71953e+15 2.71953e+15 2.49247e+15 2.07669e+15 1.54253e+15 9.80369e+14 4.85142e+14 1.39873e+14 1.65263e+12 3.31984e+10 7.84058e+08 1.85097e+07 436337 9824.27
10726 476401 2.02097e+07 8.56075e+08 3.6248e+10 1.80427e+12 1.52605e+14 5.29279e+14 1.06954e+15 1.68283e+15 2.26557e+15 2.71915e+15 2.96685e+15 2.96685e+15 2.71915e+15 2.26557e+15 1.68283e+15 1.06954e+15 5.29279e+14 1.52605e+14 1.80427e+12 3.6248e+10 8.56075e+08 2.02097e+07 476401 10726
10726 476401 2.02097e+07 8.56075e+08 3.6248e+10 1.80427e+12 1.52605e+14 5.29279e+14 1.06954e+15 1.68283e+15 2.26557e+15 2.71915e+15 2.96685e+15 2.96685e+15 2.71915e+15 2.26557e+15 1.68283e+15 1.06954e+15 5.29279e+14 1.52605e+14 1.80427e+12 3.6248e+10 8.56075e+08 2.02097e+07 476401 10726
9824.27 436337 1.85097e+07 7.84058e+08 3.31984e+10 1.65263e+12 1.39873e+14 4.85142e+14 9.80369e+14 1.54253e+15 2.07669e+15 2.49247e+15 2.71953e+15 2.71953e+15 2.49247e+15 2.07669e+15 1.54253e+15 9.80369e+14 4.85142e+14 1.39873e+14 1.65263e+12 3.31984e+10 7.84058e+08 1.85097e+07 436337 9824.27
8172.61 362942 1.53951e+07 6.52092e+08 2.761e+10 1.37474e+12 1.16544e+14 4.0427e+14 8.16975e+14 1.28547e+15 1.73063e+15 2.07713e+15 2.26636e+15 2.26636e+15 2.07713e+15 1.73064e+15 1.28547e+15 8.16975e+14 4.0427e+14 1.16544e+14 1.37474e+12 2.761e+10 6.52092e+08 1.53951e+07 362942 8172.61
6052.98 268695 1.13937e+07 4.82506e+08 2.04271e+10 1.01751e+12 8.65464e+13 3.00282e+14 6.06879e+14 9.54932e+14 1.28566e+15 1.54308e+15 1.68367e+15 1.68367e+15 1.54308e+15 1.28566e+15 9.54932e+14 6.06879e+14 3.00282e+14 8.65464e+13 1.01751e+12 2.04271e+10 4.82506e+08 1.13937e+07 268695 6052.98
3836.04 169956 7.19565e+06 3.044e+08 1.28787e+10 6.41928e+11 5.49568e+13 1.90762e+14 3.85598e+14 6.06793e+14 8.16982e+14 9.80587e+14 1.06993e+15 1.06993e+15 9.80587e+14 8.16983e+14 6.06793e+14 3.85598e+14 1.90762e+14 5.49568e+13 6.41928e+11 1.28787e+10 3.044e+08 7.19565e+06 169956 3836.04
1922.4 84402.9 3.54415e+06 1.48947e+08 6.2731e+09 3.12594e+11 2.71299e+13 9.42569e+13 1.90591e+14 2.99972e+14 4.03917e+14 4.84825e+14 5.2901e+14 5.2901e+14 4.84825e+14 4.03917e+14 2.99972e+14 1.90591e+14 9.42569e+13 2.71299e+13 3.12594e+11 6.2731e+09 1.48947e+08 3.54415e+06 84402.9 1922.4
649.498 27314.3 1.09481e+06 4.39318e+07 1.77395e+09 8.62791e+10 7.76312e+12 2.70371e+13 5.47209e+13 8.61653e+13 1.16052e+14 1.39316e+14 1.52021e+14 1.52021e+14 1.39316e+14 1.16052e+14 8.61653e+13 5.47209e+13 2.70371e+13 7.76312e+12 8.62791e+10 1.77395e+09 4.39318e+07 1.09481e+06 27314.3 649.498
111.604 3859.63 116582 3.05567e+06 5.99393e+07 8.606e+08 8.14788e+10 2.94846e+11 6.05632e+11 9.60613e+11 1.29884e+12 1.56239e+12 1.70636e+12 1.70636e+12 1.56239e+12 1.29884e+12 9.60613e+11 6.05632e+11 2.94846e+11 8.14788e+10 8.606e+08 5.99393e+07 3.05567e+06 116582 3859.63 111.604
12.0443 338.993 7900.5 154752 2.57479e+06 5.66069e+07 1.65648e+09 5.8557e+09 1.20281e+10 1.90933e+10 2.58289e+10 3.10782e+10 3.39459e+10 3.39459e+10 3.10782e+10 2.58289e+10 1.90933e+10 1.20281e+10 5.8557e+09 1.65648e+09 5.66069e+07 2.57479e+06 154752 7900.5 338.993 12.0443
0.979604 23.4507 465.134 8337.36 149066 2.87159e+06 4.10265e+07 1.3905e+08 2.84316e+08 4.51023e+08 6.10041e+08 7.33983e+08 8.01698e+08 8.01698e+08 7.33983e+08 6.10041e+08 4.51023e+08 2.84316e+08 1.3905e+08 4.10265e+07 2.87159e+06 149066 8337.36 465.134 23.4507 0.979604
0.0675696 1.44994 26.3656 452.494 7502.13 109321 1.02246e+06 3.30895e+06 6.72137e+06 1.06508e+07 1.44026e+07 1.73276e+07 1.89257e+07 1.89257e+07 1.73276e+07 1.44026e+07 1.06508e+07 6.72137e+06 3.30895e+06 1.02246e+06 109321 7502.13 452.494 26.3656 1.44994 0.0675696
0.00420128 0.0835578 1.41875 22.4648 319.901 3614.9 25510.2 78808.1 158764 251185 339550 408469 446129 446129 408469 339550 251185 158764 78808.1 25510.2 3614.9 319.901 22.4648 1.41875 0.0835578 0.00420128
0.000220759 0.00413051 0.0652058 0.930803 11.3303 104.452 606.608 1795.1 3583.65 5658.74 7645.98 9196.76 10044.3 10044.3 9196.76 7645.98 5658.74 3583.65 1795.1 606.608 104.452 11.3303 0.930803 0.0652058 0.00413051 0.000220759
