3.77923e-05 0.000709904 0.0112765 0.162173 1.9881 18.4302 107.464 319.162 639.75 1014.48 1376.03 1659.98 1815.82 1815.82 1659.98 1376.03 1014.48 639.75 319.162 107.464 18.4302 1.9881 0.162173 0.0112765 0.000709904 3.77923e-05
0.000718402 0.0143214 0.244405 3.9005 56.0298 637.627 4520.43 14017.1 28357.6 45063.3 61161 73799.5 80736 80736 73799.5 61161 45063.3 28357.6 14017.1 4520.43 637.627 56.0298 3.9005 0.244405 0.0143214 0.000718402
0.0115624 0.248144 4.52257 78.1299 1309.08 19264.1 181201 588688 1.20103e+06 1.91192e+06 2.59624e+06 3.13343e+06 3.42827e+06 3.42827e+06 3.13343e+06 2.59624e+06 1.91192e+06 1.20103e+06 588688 181201 19264.1 1309.08 78.1299 4.52257 0.248144 0.0115624
0.168168 4.01989 79.634 1429.85 25816.2 504835 7.27033e+06 2.47403e+07 5.08176e+07 8.10004e+07 1.10036e+08 1.3283e+08 1.45342e+08 1.45342e+08 1.3283e+08 1.10036e+08 8.10004e+07 5.08176e+07 2.47403e+07 7.27033e+06 504835 25816.2 1429.85 79.634 4.01989 0.168168
2.07811 58.3989 1357.32 26480.1 440102 9.88509e+06 2.93481e+08 1.0418e+09 2.15011e+09 3.43009e+09 4.66118e+09 5.62775e+09 6.1584e+09 6.1584e+09 5.62775e+09 4.66118e+09 3.43009e+09 2.15011e+09 1.0418e+09 2.93481e+08 9.88509e+06 440102 26480.1 1357.32 58.3989 2.07811
19.3641 669.241 20183.7 527212 1.02468e+07 1.4542e+08 1.43967e+10 5.23244e+10 1.0799e+11 1.72138e+11 2.33795e+11 2.8219e+11 3.08755e+11 3.08755e+11 2.8219e+11 2.33795e+11 1.72138e+11 1.0799e+11 5.23244e+10 1.43967e+10 1.4542e+08 1.02468e+07 527212 20183.7 669.241 19.3641
113.272 4764.92 191012 7.66458e+06 3.09436e+08 1.50896e+10 1.37153e+12 4.78919e+12 9.72199e+12 1.53565e+13 2.07414e+13 2.49525e+13 2.72593e+13 2.72593e+13 2.49525e+13 2.07414e+13 1.53565e+13 9.72199e+12 4.78919e+12 1.37153e+12 1.50896e+10 3.09436e+08 7.66458e+06 191012 4764.92 113.272
336.651 14787.2 621124 2.61076e+07 1.09956e+09 5.49158e+10 4.80396e+12 1.67304e+13 3.39257e+13 5.35552e+13 7.2308e+13 8.69695e+13 9.49998e+13 9.49998e+13 8.69695e+13 7.2308e+13 5.35552e+13 3.39257e+13 1.67304e+13 4.80396e+12 5.49158e+10 1.09956e+09 2.61076e+07 621124 14787.2 336.651
674.697 29910.7 1.26699e+06 5.36162e+07 2.26886e+09 1.13331e+11 9.76067e+12 3.39566e+13 6.88273e+13 1.08625e+14 1.4664e+14 1.76359e+14 1.92635e+14 1.92635e+14 1.76359e+14 1.4664e+14 1.08625e+14 6.88273e+13 3.39566e+13 9.76067e+12 1.13331e+11 2.26886e+09 5.36162e+07 1.26699e+06 29910.7 674.697
1069.36 47506.7 2.01585e+06 8.54142e+07 3.61748e+09 1.80563e+11 1.54211e+13 5.36174e+13 1.08653e+14 1.71457e+14 2.31443e+14 2.78336e+14 3.04017e+14 3.04017e+14 2.78336e+14 2.31443e+14 1.71457e+14 1.08653e+14 5.36174e+13 1.54211e+13 1.80563e+11 3.61748e+09 8.54142e+07 2.01585e+06 47506.7 1069.36
1449.63 64438.5 2.73567e+06 1.15959e+08 4.9126e+09 2.45091e+11 2.08277e+13 7.23906e+13 1.46676e+14 2.3144e+14 3.12398e+14 3.75682e+14 4.1034e+14 4.1034e+14 3.75682e+14 3.12398e+14 2.3144e+14 1.46676e+14 7.23906e+13 2.08277e+13 2.45091e+11 4.9126e+09 1.15959e+08 2.73567e+06 64438.5 1449.63
1747.89 77714.6 3.29997e+06 1.39903e+08 5.928e+09 2.95672e+11 2.50532e+13 8.70595e+13 1.76384e+14 2.78305e+14 3.75645e+14 4.51734e+14 4.93405e+14 4.93405e+14 4.51734e+14 3.75645e+14 2.78305e+14 1.76384e+14 8.70595e+13 2.50532e+13 2.95672e+11 5.928e+09 1.39903e+08 3.29997e+06 77714.6 1747.89
1911.45 84994.6 3.60941e+06 1.53035e+08 6.48492e+09 3.2341e+11 2.73668e+13 9.50904e+13 1.92648e+14 3.0396e+14 4.10269e+14 4.93368e+14 5.38878e+14 5.38878e+14 4.93368e+14 4.10269e+14 3.0396e+14 1.92648e+14 9.50904e+13 2.73668e+13 3.2341e+11 6.48492e+09 1.53035e+08 3.60941e+06 84994.6 1911.45
1911.45 84994.6 3.60941e+06 1.53035e+08 6.48492e+09 3.2341e+11 2.73668e+13 9.50904e+13 1.92648e+14 3.0396e+14 4.10269e+14 4.93368e+14 5.38878e+14 5.38878e+14 4.93368e+14 4.10269e+14 3.0396e+14 1.92648e+14 9.50904e+13 2.73668e+13 3.2341e+11 6.48492e+09 1.53035e+08 3.60941e+06 84994.6 1911.45
1747.89 77714.6 3.29997e+06 1.39903e+08 5.928e+09 2.95672e+11 2.50532e+13 8.70595e+13 1.76384e+14 2.78305e+14 3.75645e+14 4.51734e+14 4.93405e+14 4.93405e+14 4.51734e+14 3.75645e+14 2.78305e+14 1.76384e+14 8.70595e+13 2.50532e+13 2.95672e+11 5.928e+09 1.39903e+08 3.29997e+06 77714.6 1747.89
1449.63 64438.5 2.73567e+06 1.15959e+08 4.9126e+09 2.45091e+11 2.08277e+13 7.23906e+13 1.46676e+14 2.3144e+14 3.12398e+14 3.75682e+14 4.1034e+14 4.1034e+14 3.75682e+14 3.12398e+14 2.3144e+14 1.46676e+14 7.23906e+13 2.08277e+13 2.45091e+11 4.9126e+09 1.15959e+08 2.73567e+06 64438.5 1449.63
1069.36 47506.7 2.01585e+06 8.54142e+07 3.61748e+09 1.80563e+11 1.54211e+13 5.36174e+13 1.08653e+14 1.71457e+14 2.31443e+14 2.78336e+14 3.04017e+14 3.04017e+14 2.78336e+14 2.31443e+14 1.71457e+14 1.08653e+14 5.36174e+13 1.54211e+13 1.80563e+11 3.61748e+09 8.54142e+07 2.01585e+06 47506.7 1069.36
674.697 29910.7 1.26699e+06 5.36162e+07 2.26886e+09 1.13331e+11 9.76067e+12 3.39566e+13 6.88273e+13 1.08625e+14 1.4664e+14 1.76359e+14 1.92635e+14 1.92635e+14 1.76359e+14 1.4664e+14 1.08625e+14 6.88273e+13 3.39566e+13 9.76067e+12 1.13331e+11 2.26886e+09 5.36162e+07 1.26699e+06 29910.7 674.697
336.651 14787.2 621124 2.61076e+07 1.09956e+09 5.49158e+10 4.80396e+12 1.67304e+13 3.39257e+13 5.35552e+13 7.2308e+13 8.69695e+13 9.49998e+13 9.49998e+13 8.69695e+13 7.2308e+13 5.35552e+13 3.39257e+13 1.67304e+13 4.80396e+12 5.49158e+10 1.09956e+09 2.61076e+07 621124 14787.2 336.651
113.272 4764.92 191012 7.66458e+06 3.09436e+08 1.50896e+10 1.37153e+12 4.78919e+12 9.72199e+12 1.53565e+13 2.07414e+13 2.49525e+13 2.72593e+13 2.72593e+13 2.49525e+13 2.07414e+13 1.53565e+13 9.72199e+12 4.78919e+12 1.37153e+12 1.50896e+10 3.09436e+08 7.66458e+06 191012 4764.92 113.272
19.3641 669.241 20183.7 527212 1.02468e+07 1.4542e+08 1.43967e+10 5.23244e+10 1.0799e+11 1.72138e+11 2.33795e+11 2.8219e+11 3.08755e+11 3.08755e+11 2.8219e+11 2.33795e+11 1.72138e+11 1.0799e+11 5.23244e+10 1.43967e+10 1.4542e+08 1.02468e+07 527212 20183.7 669.241 19.3641
2.07811 58.3989 1357.32 26480.1 440102 9.88509e+06 2.93481e+08 1.0418e+09 2.15011e+09 3.43009e+09 4.66118e+09 5.62775e+09 6.1584e+09 6.1584e+09 5.62775e+09 4.66118e+09 3.43009e+09 2.15011e+09 1.0418e+09 2.93481e+08 9.88509e+06 440102 26480.1 1357.32 58.3989 2.07811
0.168168 4.01989 79.634 1429.85 25816.2 504835 7.27033e+06 2.47403e+07 5.08176e+07 8.10004e+07 1.10036e+08 1.3283e+08 1.45342e+08 1.45342e+08 1.3283e+08 1.10036e+08 8.10004e+07 5.08176e+07 2.47403e+07 7.27033e+06 504835 25816.2 1429.85 79.634 4.01989 0.168168
0.0115624 0.248144 4.52257 78.1299 1309.08 19264.1 181201 588688 1.20103e+06 1.91192e+06 2.59624e+06 3.13343e+06 3.42827e+06 3.42827e+06 3.13343e+06 2.59624e+06 1.91192e+06 1.20103e+06 588688 181201 19264.1 1309.08 78.1299 4.52257 0.248144 0.0115624
0.000718402 0.0143214 0.244405 3.9005 56.0298 637.627 4520.43 14017.1 28357.6 45063.3 61161 73799.5 80736 80736 73799.5 61161 45063.3 28357.6 14017.1 4520.43 637.627 56.0298 3.9005 0.244405 0.0143214 0.000718402
3.77923e-05 0.000709904 0.0112765 0.162173 1.9881 18.4302 107.464 319.162 639.75 1014.48 1376.03 1659.98 1815.82 1815.82 1659.98 1376.03 1014.48 639.75 319.162 107.464 18.4302 1.9881 0.162173 0.0112765 0.000709904 3.77923e-05
