0.563162 10.6509 169.737 2441.92 29932.1 277784 1.62348e+06 4.82934e+06 9.67706e+06 1.53069e+07 2.06818e+07 2.48538e+07 2.71231e+07 2.71231e+07 2.48538e+07 2.06818e+07 1.53069e+07 9.67706e+06 4.82934e+06 1.62348e+06 277784 29932.1 2441.92 169.737 10.6509 0.563162
10.8426 218.463 3749.98 59865.9 858090 9.75544e+06 6.92612e+07 2.15177e+08 4.35329e+08 6.9016e+08 9.3304e+08 1.1214e+09 1.22381e+09 1.22381e+09 1.1214e+09 9.3304e+08 6.9016e+08 4.35329e+08 2.15177e+08 6.92612e+07 9.75544e+06 858090 59865.9 3749.98 218.463 10.8426
176.201 3836.67 70631.4 1.22297e+06 2.03952e+07 2.98611e+08 2.80748e+09 9.14091e+09 1.86557e+10 2.9631e+10 4.00751e+10 4.8168e+10 5.25654e+10 5.25654e+10 4.8168e+10 4.00751e+10 2.9631e+10 1.86557e+10 9.14091e+09 2.80748e+09 2.98611e+08 2.03952e+07 1.22297e+06 70631.4 3836.67 176.201
2576.25 62628.3 1.25897e+06 2.28e+07 4.10096e+08 7.92046e+09 1.13571e+11 3.87443e+11 7.96355e+11 1.26652e+12 1.71335e+12 2.05931e+12 2.24718e+12 2.24718e+12 2.05931e+12 1.71335e+12 1.26652e+12 7.96355e+11 3.87443e+11 1.13571e+11 7.92046e+09 4.10096e+08 2.28e+07 1.25897e+06 62628.3 2576.25
31903 911775 2.15355e+07 4.26659e+08 7.16261e+09 1.57528e+11 4.61043e+12 1.64149e+13 3.39112e+13 5.39784e+13 7.303e+13 8.77694e+13 9.57692e+13 9.57692e+13 8.77694e+13 7.303e+13 5.39784e+13 3.39112e+13 1.64149e+13 4.61043e+12 1.57528e+11 7.16261e+09 4.26659e+08 2.15355e+07 911775 31903
297516 1.04425e+07 3.19339e+08 8.45567e+09 1.67515e+11 2.42967e+12 2.27581e+14 8.30006e+14 1.71565e+15 2.72979e+15 3.69236e+15 4.43707e+15 4.84128e+15 4.84128e+15 4.43707e+15 3.69236e+15 2.72979e+15 1.71565e+15 8.30006e+14 2.27581e+14 2.42967e+12 1.67515e+11 8.45567e+09 3.19339e+08 1.04425e+07 297516
1.74146e+06 7.42982e+07 3.01185e+09 1.21848e+11 4.94705e+12 2.41123e+14 2.16979e+16 7.6101e+16 1.55035e+17 2.45251e+17 3.31161e+17 3.97974e+17 4.344e+17 4.344e+17 3.97974e+17 3.31161e+17 2.45251e+17 1.55035e+17 7.6101e+16 2.16979e+16 2.41123e+14 4.94705e+12 1.21848e+11 3.01185e+09 7.42982e+07 1.74146e+06
5.17916e+06 2.30786e+08 9.80507e+09 4.15644e+11 1.7612e+13 8.80258e+14 7.63589e+16 2.67073e+17 5.43473e+17 8.59262e+17 1.15998e+18 1.39391e+18 1.52147e+18 1.52147e+18 1.39391e+18 1.15998e+18 8.59262e+17 5.43473e+17 2.67073e+17 7.63589e+16 8.80258e+14 1.7612e+13 4.15644e+11 9.80507e+09 2.30786e+08 5.17916e+06
1.03685e+07 4.66469e+08 1.9992e+10 8.53479e+11 3.63476e+13 1.8183e+15 1.55657e+17 5.43827e+17 1.10604e+18 1.74813e+18 2.35943e+18 2.83489e+18 3.09415e+18 3.09415e+18 2.83489e+18 2.35943e+18 1.74813e+18 1.10604e+18 5.43827e+17 1.55657e+17 1.8183e+15 3.63476e+13 8.53479e+11 1.9992e+10 4.66469e+08 1.03685e+07
1.63801e+07 7.38578e+08 3.17113e+10 1.35552e+12 5.77748e+13 2.88947e+15 2.46151e+17 8.59564e+17 1.74762e+18 2.76143e+18 3.72635e+18 4.47665e+18 4.88572e+18 4.88572e+18 4.47665e+18 3.72635e+18 2.76143e+18 1.74762e+18 8.59564e+17 2.46151e+17 2.88947e+15 5.77748e+13 1.35552e+12 3.17113e+10 7.38578e+08 1.63801e+07
2.21033e+07 9.97166e+08 4.28295e+10 1.83112e+12 7.80504e+13 3.90279e+15 3.32136e+17 1.15961e+18 2.35719e+18 3.72389e+18 5.02427e+18 6.03517e+18 6.58622e+18 6.58622e+18 6.03517e+18 5.02427e+18 3.72389e+18 2.35719e+18 1.15961e+18 3.32136e+17 3.90279e+15 7.80504e+13 1.83112e+12 4.28295e+10 9.97166e+08 2.21033e+07
2.6534e+07 1.19716e+09 5.14201e+10 2.19826e+12 9.3688e+13 4.68427e+15 3.9886e+17 1.3925e+18 2.8303e+18 4.47074e+18 6.03118e+18 7.244e+18 7.90503e+18 7.90503e+18 7.244e+18 6.03118e+18 4.47074e+18 2.8303e+18 1.3925e+18 3.9886e+17 4.68427e+15 9.3688e+13 2.19826e+12 5.14201e+10 1.19716e+09 2.6534e+07
2.89394e+07 1.30568e+09 5.60784e+10 2.39721e+12 1.02156e+14 5.10747e+15 4.35179e+17 1.5193e+18 3.08788e+18 4.8773e+18 6.57923e+18 7.90186e+18 8.62269e+18 8.62269e+18 7.90186e+18 6.57923e+18 4.8773e+18 3.08788e+18 1.5193e+18 4.35179e+17 5.10747e+15 1.02156e+14 2.39721e+12 5.60784e+10 1.30568e+09 2.89394e+07
2.89394e+07 1.30568e+09 5.60784e+10 2.39721e+12 1.02156e+14 5.10747e+15 4.35179e+17 1.5193e+18 3.08788e+18 4.8773e+18 6.57923e+18 7.90186e+18 8.62269e+18 8.62269e+18 7.90186e+18 6.57923e+18 4.8773e+18 3.08788e+18 1.5193e+18 4.35179e+17 5.10747e+15 1.02156e+14 2.39721e+12 5.60784e+10 1.30568e+09 2.89394e+07
2.6534e+07 1.19716e+09 5.14201e+10 2.19826e+12 9.3688e+13 4.68427e+15 3.9886e+17 1.3925e+18 2.8303e+18 4.47074e+18 6.03118e+18 7.244e+18 7.90503e+18 7.90503e+18 7.244e+18 6.03118e+18 4.47074e+18 2.8303e+18 1.3925e+18 3.9886e+17 4.68427e+15 9.3688e+13 2.19826e+12 5.14201e+10 1.19716e+09 2.6534e+07
2.21033e+07 9.97166e+08 4.28295e+10 1.83112e+12 7.80504e+13 3.90279e+15 3.32136e+17 1.15961e+18 2.35719e+18 3.72389e+18 5.02427e+18 6.03517e+18 6.58622e+18 6.58622e+18 6.03517e+18 5.02427e+18 3.72389e+18 2.35719e+18 1.15961e+18 3.32136e+17 3.90279e+15 7.80504e+13 1.83112e+12 4.28295e+10 9.97166e+08 2.21033e+07
1.63801e+07 7.38578e+08 3.17113e+10 1.35552e+12 5.77748e+13 2.88947e+15 2.4615e+17 8.59564e+17 1.74762e+18 2.76143e+18 3.72635e+18 4.47665e+18 4.88572e+18 4.88572e+18 4.47665e+18 3.72635e+18 2.76143e+18 1.74762e+18 8.59564e+17 2.46151e+17 2.88947e+15 5.77748e+13 1.35552e+12 3.17113e+10 7.38578e+08 1.63801e+07
1.03685e+07 4.66469e+08 1.9992e+10 8.53479e+11 3.63476e+13 1.8183e+15 1.55657e+17 5.43827e+17 1.10604e+18 1.74813e+18 2.35943e+18 2.83489e+18 3.09415e+18 3.09415e+18 2.83489e+18 2.35943e+18 1.74813e+18 1.10604e+18 5.43827e+17 1.55657e+17 1.8183e+15 3.63476e+13 8.53479e+11 1.9992e+10 4.66469e+08 1.03685e+07
5.17916e+06 2.30786e+08 9.80507e+09 4.15644e+11 1.7612e+13 8.80258e+14 7.63589e+16 2.67073e+17 5.43473e+17 8.59262e+17 1.15998e+18 1.39391e+18 1.52147e+18 1.52147e+18 1.39391e+18 1.15998e+18 8.59262e+17 5.43473e+17 2.67073e+17 7.63589e+16 8.80258e+14 1.7612e+13 4.15644e+11 9.80507e+09 2.30786e+08 5.17916e+06
1.74146e+06 7.42982e+07 3.01185e+09 1.21848e+11 4.94705e+12 2.41123e+14 2.16979e+16 7.6101e+16 1.55035e+17 2.45251e+17 3.31161e+17 3.97974e+17 4.344e+17 4.344e+17 3.97974e+17 3.31161e+17 2.45251e+17 1.55035e+17 7.6101e+16 2.16979e+16 2.41123e+14 4.94705e+12 1.21848e+11 3.01185e+09 7.42982e+07 1.74146e+06
297516 1.04425e+07 3.19339e+08 8.45567e+09 1.67515e+11 2.42967e+12 2.27581e+14 8.30006e+14 1.71565e+15 2.72979e+15 3.69236e+15 4.43707e+15 4.84128e+15 4.84128e+15 4.43707e+15 3.69236e+15 2.72979e+15 1.71565e+15 8.30006e+14 2.27581e+14 2.42967e+12 1.67515e+11 8.45567e+09 3.19339e+08 1.04425e+07 297516
31903 911775 2.15355e+07 4.26659e+08 7.16261e+09 1.57528e+11 4.61043e+12 1.64149e+13 3.39112e+13 5.39784e+13 7.303e+13 8.77694e+13 9.57692e+13 9.57692e+13 8.77694e+13 7.303e+13 5.39784e+13 3.39112e+13 1.64149e+13 4.61043e+12 1.57528e+11 7.16261e+09 4.26659e+08 2.15355e+07 911775 31903
2576.25 62628.3 1.25897e+06 2.28e+07 4.10096e+08 7.92046e+09 1.13571e+11 3.87443e+11 7.96355e+11 1.26652e+12 1.71335e+12 2.05931e+12 2.24718e+12 2.24718e+12 2.05931e+12 1.71335e+12 1.26652e+12 7.96355e+11 3.87443e+11 1.13571e+11 7.92046e+09 4.10096e+08 2.28e+07 1.25897e+06 62628.3 2576.25
176.201 3836.67 70631.4 1.22297e+06 2.03952e+07 2.98611e+08 2.80748e+09 9.14091e+09 1.86557e+10 2.9631e+10 4.00751e+10 4.8168e+10 5.25654e+10 5.25654e+10 4.8168e+10 4.00751e+10 2.9631e+10 1.86557e+10 9.14091e+09 2.80748e+09 2.98611e+08 2.03952e+07 1.22297e+06 70631.4 3836.67 176.201
10.8426 218.463 3749.98 59865.9 858090 9.75544e+06 6.92612e+07 2.15177e+08 4.35329e+08 6.9016e+08 9.3304e+08 1.1214e+09 1.22381e+09 1.22381e+09 1.1214e+09 9.3304e+08 6.9016e+08 4.35329e+08 2.15177e+08 6.92612e+07 9.75544e+06 858090 59865.9 3749.98 218.463 10.8426
0.563162 10.6509 169.737 2441.92 29932.1 277784 1.62348e+06 4.82934e+06 9.67706e+06 1.53069e+07 2.06818e+07 2.48538e+07 2.71231e+07 2.71231e+07 2.48538e+07 2.06818e+07 1.53069e+07 9.67706e+06 4.82934e+06 1.62348e+06 277784 29932.1 2441.92 169.737 10.6509 0.563162
