17.0401 314.96 4861.02 67345.4 795269 7.15068e+06 4.07398e+07 1.18107e+08 2.2969e+08 3.52064e+08 4.62197e+08 5.43399e+08 5.86041e+08 5.86041e+08 5.43399e+08 4.62197e+08 3.52064e+08 2.2969e+08 1.18107e+08 4.07398e+07 7.15068e+06 795269 67345.4 4861.02 314.96 17.0401
326.963 6471.88 108068 1.65963e+06 2.27699e+07 2.49201e+08 1.72042e+09 5.20325e+09 1.02004e+10 1.56437e+10 2.05179e+10 2.40985e+10 2.59745e+10 2.59745e+10 2.40985e+10 2.05179e+10 1.56437e+10 1.02004e+10 5.20325e+09 1.72042e+09 2.49201e+08 2.27699e+07 1.65963e+06 108068 6471.88 326.963
5258.76 113396 2.05382e+06 3.44354e+07 5.46363e+08 7.61328e+09 6.92899e+10 2.19368e+11 4.33107e+11 6.64261e+11 8.70199e+11 1.02092e+12 1.09968e+12 1.09968e+12 1.02092e+12 8.70199e+11 6.64261e+11 4.33107e+11 2.19368e+11 6.92899e+10 7.61328e+09 5.46363e+08 3.44354e+07 2.05382e+06 113396 5258.76
75388.1 1.82589e+06 3.66249e+07 6.55666e+08 1.12887e+10 2.03306e+11 2.79452e+12 9.25851e+12 1.83779e+13 2.81723e+13 3.68562e+13 4.3188e+13 4.64888e+13 4.64888e+13 4.3188e+13 3.68562e+13 2.81723e+13 1.83779e+13 9.25851e+12 2.79452e+12 2.03306e+11 1.12887e+10 6.55666e+08 3.66249e+07 1.82589e+06 75388.1
908510 2.58811e+07 6.1382e+08 1.23028e+10 2.06937e+11 4.15707e+12 1.13407e+14 3.91598e+14 7.79883e+14 1.19432e+15 1.56012e+15 1.82585e+15 1.96401e+15 1.96401e+15 1.82585e+15 1.56012e+15 1.19432e+15 7.79883e+14 3.91598e+14 1.13407e+14 4.15707e+12 2.06937e+11 1.23028e+10 6.1382e+08 2.58811e+07 908510
8.22152e+06 2.86635e+08 8.76415e+09 2.34417e+11 4.80798e+12 7.29372e+13 5.66853e+15 2.00332e+16 3.99136e+16 6.11132e+16 7.98476e+16 9.34817e+16 1.00582e+17 1.00582e+17 9.34817e+16 7.98476e+16 6.11132e+16 3.99136e+16 2.00332e+16 5.66853e+15 7.29372e+13 4.80798e+12 2.34417e+11 8.76415e+09 2.86635e+08 8.22152e+06
4.67393e+07 1.97334e+09 7.94589e+10 3.20392e+12 1.29988e+14 6.26418e+15 5.38486e+17 1.85049e+18 3.67726e+18 5.66851e+18 7.47948e+18 8.83534e+18 9.55635e+18 9.55635e+18 8.83534e+18 7.47948e+18 5.66851e+18 3.67726e+18 1.85049e+18 5.38486e+17 6.26418e+15 1.29988e+14 3.20392e+12 7.94589e+10 1.97334e+09 4.67393e+07
1.35292e+08 5.95833e+09 2.51114e+11 1.05947e+13 4.47962e+14 2.21565e+16 1.85828e+18 6.37189e+18 1.26473e+19 1.94807e+19 2.56909e+19 3.03383e+19 3.28091e+19 3.28091e+19 3.03383e+19 2.56909e+19 1.94807e+19 1.26473e+19 6.37189e+18 1.85828e+18 2.21565e+16 4.47962e+14 1.05947e+13 2.51114e+11 5.95833e+09 1.35292e+08
2.62828e+08 1.16678e+10 4.95222e+11 2.10058e+13 8.91071e+14 4.41026e+16 3.69192e+18 1.26448e+19 2.50621e+19 3.85451e+19 5.07643e+19 5.98869e+19 6.47292e+19 6.47292e+19 5.98869e+19 5.07643e+19 3.85451e+19 2.50621e+19 1.26448e+19 3.69192e+18 4.41026e+16 8.91071e+14 2.10058e+13 4.95222e+11 1.16678e+10 2.62828e+08
4.02508e+08 1.78781e+10 7.58828e+11 3.21701e+13 1.36326e+15 6.74316e+16 5.68184e+18 1.94458e+19 3.84842e+19 5.90869e+19 7.7694e+19 9.15446e+19 9.88818e+19 9.88818e+19 9.15446e+19 7.7694e+19 5.90869e+19 3.84842e+19 1.94458e+19 5.68184e+18 6.74316e+16 1.36326e+15 3.21701e+13 7.58828e+11 1.78781e+10 4.02508e+08
5.28053e+08 2.34315e+10 9.93342e+11 4.20538e+13 1.77937e+15 8.7975e+16 7.48213e+18 2.55948e+19 5.05859e+19 7.75439e+19 1.0181e+20 1.19822e+20 1.29345e+20 1.29345e+20 1.19822e+20 1.0181e+20 7.75439e+19 5.05859e+19 2.55948e+19 7.48213e+18 8.7975e+16 1.77937e+15 4.20538e+13 9.93342e+11 2.34315e+10 5.28053e+08
6.20514e+08 2.75065e+10 1.16477e+12 4.92513e+13 2.08126e+15 1.02876e+17 8.82343e+18 3.01745e+19 5.95778e+19 9.12174e+19 1.19625e+20 1.40663e+20 1.51769e+20 1.51769e+20 1.40663e+20 1.19625e+20 9.12174e+19 5.95778e+19 3.01745e+19 8.82343e+18 1.02876e+17 2.08126e+15 4.92513e+13 1.16477e+12 2.75065e+10 6.20514e+08
6.69033e+08 2.96397e+10 1.25428e+12 5.30002e+13 2.23809e+15 1.10618e+17 9.53424e+18 3.2601e+19 6.43348e+19 9.84364e+19 1.29012e+20 1.51627e+20 1.63556e+20 1.63556e+20 1.51627e+20 1.29012e+20 9.84364e+19 6.43348e+19 3.2601e+19 9.53424e+18 1.10618e+17 2.23809e+15 5.30002e+13 1.25428e+12 2.96397e+10 6.69033e+08
6.69033e+08 2.96397e+10 1.25428e+12 5.30002e+13 2.23809e+15 1.10618e+17 9.53424e+18 3.2601e+19 6.43348e+19 9.84364e+19 1.29012e+20 1.51627e+20 1.63556e+20 1.63556e+20 1.51627e+20 1.29012e+20 9.84364e+19 6.43348e+19 3.2601e+19 9.53424e+18 1.10618e+17 2.23809e+15 5.30002e+13 1.25428e+12 2.96397e+10 6.69033e+08
6.20514e+08 2.75065e+10 1.16477e+12 4.92513e+13 2.08126e+15 1.02876e+17 8.82343e+18 3.01745e+19 5.95778e+19 9.12174e+19 1.19625e+20 1.40663e+20 1.51769e+20 1.51769e+20 1.40663e+20 1.19625e+20 9.12174e+19 5.95778e+19 3.01745e+19 8.82343e+18 1.02876e+17 2.08126e+15 4.92513e+13 1.16477e+12 2.75065e+10 6.20514e+08
5.28053e+08 2.34315e+10 9.93342e+11 4.20538e+13 1.77937e+15 8.7975e+16 7.48213e+18 2.55948e+19 5.05859e+19 7.75439e+19 1.0181e+20 1.19822e+20 1.29345e+20 1.29345e+20 1.19822e+20 1.0181e+20 7.75439e+19 5.05859e+19 2.55948e+19 7.48213e+18 8.7975e+16 1.77937e+15 4.20538e+13 9.93342e+11 2.34315e+10 5.28053e+08
4.02508e+08 1.78781e+10 7.58828e+11 3.21701e+13 1.36326e+15 6.74316e+16 5.68184e+18 1.94458e+19 3.84842e+19 5.90869e+19 7.7694e+19 9.15446e+19 9.88818e+19 9.88818e+19 9.15446e+19 7.7694e+19 5.90869e+19 3.84842e+19 1.94458e+19 5.68184e+18 6.74316e+16 1.36326e+15 3.21701e+13 7.58828e+11 1.78781e+10 4.02508e+08
2.62828e+08 1.16678e+10 4.95222e+11 2.10058e+13 8.91071e+14 4.41026e+16 3.69192e+18 1.26448e+19 2.50621e+19 3.85451e+19 5.07643e+19 5.98869e+19 6.47292e+19 6.47292e+19 5.98869e+19 5.07643e+19 3.85451e+19 2.50621e+19 1.26448e+19 3.69192e+18 4.41026e+16 8.91071e+14 2.10058e+13 4.95222e+11 1.16678e+10 2.62828e+08
1.35292e+08 5.95833e+09 2.51114e+11 1.05947e+13 4.47962e+14 2.21565e+16 1.85828e+18 6.37189e+18 1.26473e+19 1.94807e+19 2.56909e+19 3.03383e+19 3.28091e+19 3.28091e+19 3.03383e+19 2.56909e+19 1.94807e+19 1.26473e+19 6.37189e+18 1.85828e+18 2.21565e+16 4.47962e+14 1.05947e+13 2.51114e+11 5.95833e+09 1.35292e+08
4.67393e+07 1.97334e+09 7.94589e+10 3.20392e+12 1.29988e+14 6.26418e+15 5.38486e+17 1.85049e+18 3.67726e+18 5.66851e+18 7.47948e+18 8.83534e+18 9.55635e+18 9.55635e+18 8.83534e+18 7.47948e+18 5.66851e+18 3.67726e+18 1.85049e+18 5.38486e+17 6.26418e+15 1.29988e+14 3.20392e+12 7.94589e+10 1.97334e+09 4.67393e+07
8.22152e+06 2.86635e+08 8.76415e+09 2.34417e+11 4.80798e+12 7.29372e+13 5.66853e+15 2.00332e+16 3.99136e+16 6.11132e+16 7.98476e+16 9.34817e+16 1.00582e+17 1.00582e+17 9.34817e+16 7.98476e+16 6.11132e+16 3.99136e+16 2.00332e+16 5.66853e+15 7.29372e+13 4.80798e+12 2.34417e+11 8.76415e+09 2.86635e+08 8.22152e+06
908510 2.58811e+07 6.1382e+08 1.23028e+10 2.06937e+11 4.15707e+12 1.13407e+14 3.91598e+14 7.79883e+14 1.19432e+15 1.56012e+15 1.82585e+15 1.96401e+15 1.96401e+15 1.82585e+15 1.56012e+15 1.19432e+15 7.79883e+14 3.91598e+14 1.13407e+14 4.15707e+12 2.06937e+11 1.23028e+10 6.1382e+08 2.58811e+07 908510
75388.1 1.82589e+06 3.66249e+07 6.55666e+08 1.12887e+10 2.03306e+11 2.79452e+12 9.25851e+12 1.83779e+13 2.81723e+13 3.68562e+13 4.3188e+13 4.64888e+13 4.64888e+13 4.3188e+13 3.68562e+13 2.81723e+13 1.83779e+13 9.25851e+12 2.79452e+12 2.03306e+11 1.12887e+10 6.55666e+08 3.66249e+07 1.82589e+06 75388.1
5258.76 113396 2.05382e+06 3.44354e+07 5.46363e+08 7.61328e+09 6.92899e+10 2.19368e+11 4.33107e+11 6.64261e+11 8.70199e+11 1.02092e+12 1.09968e+12 1.09968e+12 1.02092e+12 8.70199e+11 6.64261e+11 4.33107e+11 2.19368e+11 6.92899e+10 7.61328e+09 5.46363e+08 3.44354e+07 2.05382e+06 113396 5258.76
326.963 6471.88 108068 1.65963e+06 2.27699e+07 2.49201e+08 1.72042e+09 5.20325e+09 1.02004e+10 1.56437e+10 2.05179e+10 2.40985e+10 2.59745e+10 2.59745e+10 2.40985e+10 2.05179e+10 1.56437e+10 1.02004e+10 5.20325e+09 1.72042e+09 2.49201e+08 2.27699e+07 1.65963e+06 108068 6471.88 326.963
17.0401 314.96 4861.02 67345.4 795268 7.15068e+06 4.07398e+07 1.18107e+08 2.2969e+08 3.52064e+08 4.62197e+08 5.43399e+08 5.86041e+08 5.86041e+08 5.43399e+08 4.62197e+08 3.52064e+08 2.2969e+08 1.18107e+08 4.07398e+07 7.15068e+06 795269 67345.4 4861.02 314.96 17.0401
