1.80795e-05 0.000338568 0.00535286 0.0765567 0.933586 8.61819 50.0927 148.322 296.287 468.165 632.982 761.75 832.183 832.183 761.75 632.982 468.165 296.287 148.322 50.0927 8.61819 0.933586 0.0765567 0.00535286 0.000338568 1.80795e-05
0.000343873 0.00684171 0.116302 1.84526 26.337 298.15 2106.21 6510.53 13124.2 20778.5 28106.7 33829.3 36959 36959 33829.3 28106.7 20778.5 13124.2 6510.53 2106.21 298.15 26.337 1.84526 0.116302 0.00684171 0.000343873
0.0055303 0.118639 2.15805 37.0971 616.791 9011.72 84403.3 273317 555540 880941 1.19208e+06 1.43495e+06 1.56776e+06 1.56776e+06 1.43495e+06 1.19208e+06 880941 555540 273317 84403.3 9011.72 616.791 37.0971 2.15805 0.118639 0.0055303
0.0802325 1.91926 38.0418 682.016 12225.6 236504 3.38617e+06 1.14838e+07 2.34966e+07 3.73009e+07 5.04879e+07 6.07797e+07 6.64077e+07 6.64077e+07 6.07797e+07 5.04879e+07 3.73009e+07 2.34966e+07 1.14838e+07 3.38617e+06 236504 12225.6 682.016 38.0418 1.91926 0.0802325
0.987681 27.7779 646.68 12648.6 210323 4.65207e+06 1.367e+08 4.83549e+08 9.93922e+08 1.57894e+09 2.13751e+09 2.57342e+09 2.81179e+09 2.81179e+09 2.57342e+09 2.13751e+09 1.57894e+09 9.93922e+08 4.83549e+08 1.367e+08 4.65207e+06 210323 12648.6 646.68 27.7779 0.987681
9.16459 316.793 9562.15 250322 4.89607e+06 7.00401e+07 6.71866e+09 2.43292e+10 5.0007e+10 7.93766e+10 1.07402e+11 1.29269e+11 1.41225e+11 1.41225e+11 1.29269e+11 1.07402e+11 7.93766e+10 5.0007e+10 2.43292e+10 6.71866e+09 7.00401e+07 4.89607e+06 250322 9562.15 316.793 9.16459
53.3985 2245.25 89978.2 3.61003e+06 1.45753e+08 7.09442e+09 6.40163e+11 2.23028e+12 4.51549e+12 7.11308e+12 9.58398e+12 1.15088e+13 1.25606e+13 1.25606e+13 1.15088e+13 9.58398e+12 7.11308e+12 4.51549e+12 2.23028e+12 6.40163e+11 7.09442e+09 1.45753e+08 3.61003e+06 89978.2 2245.25 53.3985
158.17 6943.42 291519 1.22499e+07 5.15863e+08 2.57225e+10 2.23775e+12 7.77688e+12 1.57303e+13 2.47672e+13 3.33617e+13 4.00561e+13 4.37139e+13 4.37139e+13 4.00561e+13 3.33617e+13 2.47672e+13 1.57303e+13 7.77688e+12 2.23775e+12 2.57225e+10 5.15863e+08 1.22499e+07 291519 6943.42 158.17
315.856 13992.1 592328 2.50547e+07 1.05993e+09 5.28626e+10 4.53469e+12 1.57448e+13 3.18358e+13 5.01162e+13 6.75004e+13 8.10409e+13 8.84392e+13 8.84392e+13 8.10409e+13 6.75004e+13 5.01162e+13 3.18358e+13 1.57448e+13 4.53469e+12 5.28626e+10 1.05993e+09 2.50547e+07 592328 13992.1 315.856
498.787 22138.8 938678 3.97483e+07 1.68265e+09 8.38628e+10 7.14454e+12 2.47948e+13 5.01262e+13 7.89022e+13 1.06266e+14 1.2758e+14 1.39225e+14 1.39225e+14 1.2758e+14 1.06266e+14 7.89022e+13 5.01262e+13 2.47948e+13 7.14454e+12 8.38628e+10 1.68265e+09 3.97483e+07 938678 22138.8 498.787
673.948 29927 1.26933e+06 5.37622e+07 2.27624e+09 1.13398e+11 9.62528e+12 3.33958e+13 6.75081e+13 1.06258e+14 1.43105e+14 1.71805e+14 1.87486e+14 1.87486e+14 1.71805e+14 1.43105e+14 1.06258e+14 6.75081e+13 3.33958e+13 9.62528e+12 1.13398e+11 2.27624e+09 5.37622e+07 1.26933e+06 29927 673.948
810.618 36000.4 1.52708e+06 6.46837e+07 2.7388e+09 1.3641e+11 1.15563e+13 4.00905e+13 8.10373e+13 1.2755e+14 1.71779e+14 2.06228e+14 2.2505e+14 2.2505e+14 2.06228e+14 1.71779e+14 1.2755e+14 8.10373e+13 4.00905e+13 1.15563e+13 1.3641e+11 2.7388e+09 6.46837e+07 1.52708e+06 36000.4 810.618
885.305 39318.8 1.66789e+06 7.065e+07 2.99148e+09 1.48979e+11 1.26108e+13 4.37464e+13 8.84255e+13 1.39177e+14 1.87437e+14 2.25026e+14 2.45563e+14 2.45563e+14 2.25026e+14 1.87437e+14 1.39177e+14 8.84255e+13 4.37464e+13 1.26108e+13 1.48979e+11 2.99148e+09 7.065e+07 1.66789e+06 39318.8 885.305
885.305 39318.8 1.66789e+06 7.065e+07 2.99148e+09 1.48979e+11 1.26108e+13 4.37464e+13 8.84255e+13 1.39177e+14 1.87437e+14 2.25026e+14 2.45563e+14 2.45563e+14 2.25026e+14 1.87437e+14 1.39177e+14 8.84255e+13 4.37464e+13 1.26108e+13 1.48979e+11 2.99148e+09 7.065e+07 1.66789e+06 39318.8 885.305
810.618 36000.4 1.52708e+06 6.46837e+07 2.7388e+09 1.3641e+11 1.15563e+13 4.00905e+13 8.10373e+13 1.2755e+14 1.71779e+14 2.06228e+14 2.2505e+14 2.2505e+14 2.06228e+14 1.71779e+14 1.2755e+14 8.10373e+13 4.00905e+13 1.15563e+13 1.3641e+11 2.7388e+09 6.46837e+07 1.52708e+06 36000.4 810.618
673.948 29927 1.26933e+06 5.37622e+07 2.27624e+09 1.13398e+11 9.62528e+12 3.33958e+13 6.75081e+13 1.06258e+14 1.43105e+14 1.71805e+14 1.87486e+14 1.87486e+14 1.71805e+14 1.43105e+14 1.06258e+14 6.75081e+13 3.33958e+13 9.62528e+12 1.13398e+11 2.27624e+09 5.37622e+07 1.26933e+06 29927 673.948
498.787 22138.8 938678 3.97483e+07 1.68265e+09 8.38628e+10 7.14454e+12 2.47948e+13 5.01262e+13 7.89022e+13 1.06266e+14 1.2758e+14 1.39225e+14 1.39225e+14 1.2758e+14 1.06266e+14 7.89022e+13 5.01262e+13 2.47948e+13 7.14454e+12 8.38628e+10 1.68265e+09 3.97483e+07 938678 22138.8 498.787
315.856 13992.1 592328 2.50547e+07 1.05993e+09 5.28626e+10 4.53469e+12 1.57448e+13 3.18358e+13 5.01162e+13 6.75004e+13 8.10409e+13 8.84392e+13 8.84392e+13 8.10409e+13 6.75004e+13 5.01162e+13 3.18358e+13 1.57448e+13 4.53469e+12 5.28626e+10 1.05993e+09 2.50547e+07 592328 13992.1 315.856
158.17 6943.42 291519 1.22499e+07 5.15863e+08 2.57225e+10 2.23775e+12 7.77688e+12 1.57303e+13 2.47672e+13 3.33617e+13 4.00561e+13 4.37139e+13 4.37139e+13 4.00561e+13 3.33617e+13 2.47672e+13 1.57303e+13 7.77688e+12 2.23775e+12 2.57225e+10 5.15863e+08 1.22499e+07 291519 6943.42 158.17
53.3985 2245.25 89978.2 3.61003e+06 1.45753e+08 7.09442e+09 6.40163e+11 2.23028e+12 4.51549e+12 7.11308e+12 9.58398e+12 1.15088e+13 1.25606e+13 1.25606e+13 1.15088e+13 9.58398e+12 7.11308e+12 4.51549e+12 2.23028e+12 6.40163e+11 7.09442e+09 1.45753e+08 3.61003e+06 89978.2 2245.25 53.3985
9.16459 316.793 9562.15 250322 4.89607e+06 7.00401e+07 6.71866e+09 2.43292e+10 5.0007e+10 7.93766e+10 1.07402e+11 1.29269e+11 1.41225e+11 1.41225e+11 1.29269e+11 1.07402e+11 7.93766e+10 5.0007e+10 2.43292e+10 6.71866e+09 7.00401e+07 4.89607e+06 250322 9562.15 316.793 9.16459
0.987681 27.7779 646.68 12648.6 210323 4.65207e+06 1.367e+08 4.83549e+08 9.93922e+08 1.57894e+09 2.13751e+09 2.57342e+09 2.81179e+09 2.81179e+09 2.57342e+09 2.13751e+09 1.57894e+09 9.93922e+08 4.83549e+08 1.367e+08 4.65207e+06 210323 12648.6 646.68 27.7779 0.987681
0.0802325 1.91926 38.0418 682.016 12225.6 236504 3.38617e+06 1.14838e+07 2.34966e+07 3.73009e+07 5.04879e+07 6.07797e+07 6.64077e+07 6.64077e+07 6.07797e+07 5.04879e+07 3.73009e+07 2.34966e+07 1.14838e+07 3.38617e+06 236504 12225.6 682.016 38.0418 1.91926 0.0802325
0.0055303 0.118639 2.15805 37.0971 616.791 9011.72 84403.3 273317 555540 880941 1.19208e+06 1.43495e+06 1.56776e+06 1.56776e+06 1.43495e+06 1.19208e+06 880941 555540 273317 84403.3 9011.72 616.791 37.0971 2.15805 0.118639 0.0055303
0.000343873 0.00684171 0.116302 1.84526 26.337 298.15 2106.21 6510.53 13124.2 20778.5 28106.7 33829.3 36959 36959 33829.3 28106.7 20778.5 13124.2 6510.53 2106.21 298.15 26.337 1.84526 0.116302 0.00684171 0.000343873
1.80795e-05 0.000338568 0.00535286 0.0765567 0.933586 8.61819 50.0927 148.322 296.287 468.165 632.982 761.75 832.183 832.183 761.75 632.982 468.165 296.287 148.322 50.0927 8.61819 0.933586 0.0765567 0.00535286 0.000338568 1.80795e-05
