3.33705e-06 6.28008e-05 0.00100018 0.0144275 0.177395 1.64891 9.64018 28.7354 57.863 92.2057 125.631 152.073 166.657 166.657 152.073 125.631 92.2057 57.863 28.7354 9.64018 1.64891 0.177395 0.0144275 0.00100018 6.28008e-05 3.33705e-06
6.34529e-05 0.00126666 0.0216655 0.346841 4.99924 57.0641 405.643 1262.55 2566.39 4099.11 5589.5 6768.54 7418.93 7418.93 6768.54 5589.5 4099.11 2566.39 1262.55 405.643 57.0641 4.99924 0.346841 0.0216655 0.00126666 6.34529e-05
0.0010222 0.0219524 0.400644 6.93989 116.729 1724.1 16262.6 53038.4 108745 174033 237477 287676 315373 315373 287676 237477 174033 108745 53038.4 16262.6 1724.1 116.729 6.93989 0.400644 0.0219524 0.0010222
0.0148931 0.356055 7.05501 126.816 2297.86 45161.7 652464 2.22916e+06 4.60245e+06 7.3768e+06 1.00721e+07 1.22054e+07 1.33828e+07 1.33828e+07 1.22054e+07 1.00721e+07 7.3768e+06 4.60245e+06 2.22916e+06 652464 45161.7 2297.86 126.816 7.05501 0.356055 0.0148931
0.184477 5.18431 120.455 2348.23 39035.7 882755 2.63306e+07 9.38575e+07 1.94751e+08 3.12487e+08 4.26886e+08 5.17472e+08 5.67485e+08 5.67485e+08 5.17472e+08 4.26886e+08 3.12487e+08 1.94751e+08 9.38575e+07 2.63306e+07 882755 39035.7 2348.23 120.455 5.18431 0.184477
1.72364 59.5815 1796.66 46894.1 909155 1.28622e+07 1.29011e+09 4.70855e+09 9.77001e+09 1.5663e+10 2.13847e+10 2.59136e+10 2.84135e+10 2.84135e+10 2.59136e+10 2.13847e+10 1.5663e+10 9.77001e+09 4.70855e+09 1.29011e+09 1.28622e+07 909155 46894.1 1796.66 59.5815 1.72364
10.1131 425.549 17061 684532 2.76275e+07 1.34765e+09 1.22882e+11 4.302e+11 8.76265e+11 1.38916e+12 1.88253e+12 2.27046e+12 2.48372e+12 2.48372e+12 2.27046e+12 1.88253e+12 1.38916e+12 8.76265e+11 4.302e+11 1.22882e+11 1.34765e+09 2.76275e+07 684532 17061 425.549 10.1131
30.1751 1325.98 55710.3 2.34179e+06 9.86145e+07 4.92603e+09 4.31531e+11 1.50644e+12 3.06454e+12 4.85447e+12 6.57515e+12 7.92745e+12 8.67067e+12 8.67067e+12 7.92745e+12 6.57515e+12 4.85447e+12 3.06454e+12 1.50644e+12 4.31531e+11 4.92603e+09 9.86145e+07 2.34179e+06 55710.3 1325.98 30.1751
60.7684 2695.62 114236 4.83558e+06 2.04645e+08 1.02233e+10 8.79929e+11 3.0679e+12 6.23764e+12 9.87764e+12 1.33759e+13 1.61246e+13 1.76351e+13 1.76351e+13 1.61246e+13 1.33759e+13 9.87764e+12 6.23764e+12 3.0679e+12 8.79929e+11 1.02233e+10 2.04645e+08 4.83558e+06 114236 2695.62 60.7684
96.8128 4304.49 182778 7.74855e+06 3.28281e+08 1.63866e+10 1.39563e+12 4.86221e+12 9.88257e+12 1.56465e+13 2.11849e+13 2.55362e+13 2.79273e+13 2.79273e+13 2.55362e+13 2.11849e+13 1.56465e+13 9.88257e+12 4.86221e+12 1.39563e+12 1.63866e+10 3.28281e+08 7.74855e+06 182778 4304.49 96.8128
131.862 5867.48 249321 1.05758e+07 4.48296e+08 2.23654e+10 1.89167e+12 6.58705e+12 1.33855e+13 2.11896e+13 2.86876e+13 3.45781e+13 3.78148e+13 3.78148e+13 3.45781e+13 2.86876e+13 2.11896e+13 1.33855e+13 6.58705e+12 1.89167e+12 2.23654e+10 4.48296e+08 1.05758e+07 249321 5867.48 131.862
159.567 7102.9 301925 1.28115e+07 5.43241e+08 2.70938e+10 2.28163e+12 7.94241e+12 1.61375e+13 2.55441e+13 3.4581e+13 4.16802e+13 4.55809e+13 4.55809e+13 4.16802e+13 3.4581e+13 2.55441e+13 1.61375e+13 7.94241e+12 2.28163e+12 2.70938e+10 5.43241e+08 1.28115e+07 301925 7102.9 159.567
174.838 7783.97 330931 1.40447e+07 5.95626e+08 2.97021e+10 2.49597e+12 8.6872e+12 1.76497e+13 2.79365e+13 3.78189e+13 4.55819e+13 4.98474e+13 4.98474e+13 4.55819e+13 3.78189e+13 2.79365e+13 1.76497e+13 8.6872e+12 2.49597e+12 2.97021e+10 5.95626e+08 1.40447e+07 330931 7783.97 174.838
174.838 7783.97 330931 1.40447e+07 5.95626e+08 2.97021e+10 2.49597e+12 8.6872e+12 1.76497e+13 2.79365e+13 3.78189e+13 4.55819e+13 4.98474e+13 4.98474e+13 4.55819e+13 3.78189e+13 2.79365e+13 1.76497e+13 8.6872e+12 2.49597e+12 2.97021e+10 5.95626e+08 1.40447e+07 330931 7783.97 174.838
159.567 7102.9 301925 1.28115e+07 5.43241e+08 2.70938e+10 2.28163e+12 7.94241e+12 1.61375e+13 2.55441e+13 3.4581e+13 4.16802e+13 4.55809e+13 4.55809e+13 4.16802e+13 3.4581e+13 2.55441e+13 1.61375e+13 7.94241e+12 2.28163e+12 2.70938e+10 5.43241e+08 1.28115e+07 301925 7102.9 159.567
131.862 5867.48 249321 1.05758e+07 4.48296e+08 2.23654e+10 1.89167e+12 6.58705e+12 1.33855e+13 2.11896e+13 2.86876e+13 3.45781e+13 3.78148e+13 3.78148e+13 3.45781e+13 2.86876e+13 2.11896e+13 1.33855e+13 6.58705e+12 1.89167e+12 2.23654e+10 4.48296e+08 1.05758e+07 249321 5867.48 131.862
96.8128 4304.49 182778 7.74855e+06 3.28281e+08 1.63866e+10 1.39563e+12 4.86221e+12 9.88257e+12 1.56465e+13 2.11849e+13 2.55362e+13 2.79273e+13 2.79273e+13 2.55362e+13 2.11849e+13 1.56465e+13 9.88257e+12 4.86221e+12 1.39563e+12 1.63866e+10 3.28281e+08 7.74855e+06 182778 4304.49 96.8128
60.7684 2695.62 114236 4.83558e+06 2.04645e+08 1.02233e+10 8.79929e+11 3.0679e+12 6.23764e+12 9.87764e+12 1.33759e+13 1.61246e+13 1.76351e+13 1.76351e+13 1.61246e+13 1.33759e+13 9.87764e+12 6.23764e+12 3.0679e+12 8.79929e+11 1.02233e+10 2.04645e+08 4.83558e+06 114236 2695.62 60.7684
30.175 1325.98 55710.3 2.34179e+06 9.86145e+07 4.92603e+09 4.31531e+11 1.50644e+12 3.06454e+12 4.85447e+12 6.57515e+12 7.92745e+12 8.67067e+12 8.67067e+12 7.92745e+12 6.57515e+12 4.85447e+12 3.06454e+12 1.50644e+12 4.31531e+11 4.92603e+09 9.86145e+07 2.34179e+06 55710.3 1325.98 30.175
10.1131 425.549 17061 684532 2.76275e+07 1.34765e+09 1.22882e+11 4.302e+11 8.76265e+11 1.38916e+12 1.88253e+12 2.27046e+12 2.48372e+12 2.48372e+12 2.27046e+12 1.88253e+12 1.38916e+12 8.76265e+11 4.302e+11 1.22882e+11 1.34765e+09 2.76275e+07 684532 17061 425.549 10.1131
1.72364 59.5815 1796.66 46894.1 909155 1.28622e+07 1.29011e+09 4.70855e+09 9.77001e+09 1.5663e+10 2.13847e+10 2.59136e+10 2.84135e+10 2.84135e+10 2.59136e+10 2.13847e+10 1.5663e+10 9.77001e+09 4.70855e+09 1.29011e+09 1.28622e+07 909155 46894.1 1796.66 59.5815 1.72364
0.184477 5.18431 120.455 2348.23 39035.7 882755 2.63306e+07 9.38575e+07 1.94751e+08 3.12487e+08 4.26886e+08 5.17472e+08 5.67485e+08 5.67485e+08 5.17472e+08 4.26886e+08 3.12487e+08 1.94751e+08 9.38575e+07 2.63306e+07 882755 39035.7 2348.23 120.455 5.18431 0.184477
0.0148931 0.356055 7.05501 126.816 2297.86 45161.7 652464 2.22916e+06 4.60245e+06 7.3768e+06 1.00721e+07 1.22054e+07 1.33828e+07 1.33828e+07 1.22054e+07 1.00721e+07 7.3768e+06 4.60245e+06 2.22916e+06 652464 45161.7 2297.86 126.816 7.05501 0.356055 0.0148931
0.0010222 0.0219524 0.400644 6.93989 116.729 1724.1 16262.6 53038.4 108745 174033 237477 287676 315373 315373 287676 237477 174033 108745 53038.4 16262.6 1724.1 116.729 6.93989 0.400644 0.0219524 0.0010222
6.34529e-05 0.00126666 0.0216655 0.346841 4.99924 57.0641 405.643 1262.55 2566.39 4099.11 5589.5 6768.54 7418.93 7418.93 6768.54 5589.5 4099.11 2566.39 1262.55 405.643 57.0641 4.99924 0.346841 0.0216655 0.00126666 6.34529e-05
3.33705e-06 6.28008e-05 0.00100018 0.0144275 0.177395 1.64891 9.64018 28.7354 57.863 92.2057 125.631 152.073 166.657 166.657 152.073 125.631 92.2057 57.863 28.7354 9.64018 1.64891 0.177395 0.0144275 0.00100018 6.28008e-05 3.33705e-06
