0.0697865 1.32605 21.2949 309.236 3825.59 35784.4 210582 631626 1.27858e+06 2.04459e+06 2.79051e+06 3.37947e+06 3.70352e+06 3.70352e+06 3.37947e+06 2.79051e+06 2.04459e+06 1.27858e+06 631626 210582 35784.4 3825.59 309.236 21.2949 1.32605 0.0697866
1.34288 27.1264 468.531 7552.46 109444 1.25605e+06 8.98365e+06 2.81492e+07 5.75538e+07 9.22869e+07 1.26082e+08 1.52761e+08 1.67441e+08 1.67441e+08 1.52761e+08 1.26082e+08 9.22869e+07 5.75538e+07 2.81492e+07 8.98365e+06 1.25605e+06 109444 7552.46 468.531 27.1264 1.34288
21.8667 476.135 8791.56 153449 2.59178e+06 3.84165e+07 3.64198e+08 1.1963e+09 2.46855e+09 3.96759e+09 5.42522e+09 6.57583e+09 7.20891e+09 7.20891e+09 6.57583e+09 5.42522e+09 3.96759e+09 2.46855e+09 1.1963e+09 3.64198e+08 3.84165e+07 2.59178e+06 153449 8791.56 476.135 21.8667
321.308 7797.35 156590 2.84263e+06 5.17176e+07 1.01664e+09 1.47309e+10 5.07151e+10 1.05443e+11 1.69784e+11 2.32325e+11 2.81693e+11 3.08855e+11 3.08855e+11 2.81693e+11 2.32325e+11 1.69784e+11 1.05443e+11 5.07151e+10 1.47309e+10 1.01664e+09 5.17176e+07 2.84263e+06 156590 7797.35 321.308
4007.43 114320 2.69302e+06 5.31394e+07 8.9119e+08 2.00735e+10 5.97653e+11 2.14816e+12 4.49121e+12 7.24178e+12 9.9152e+12 1.20256e+13 1.31866e+13 1.31866e+13 1.20256e+13 9.9152e+12 7.24178e+12 4.49121e+12 2.14816e+12 5.97653e+11 2.00735e+10 8.9119e+08 5.31394e+07 2.69302e+06 114320 4007.43
37671.8 1.32104e+06 4.03394e+07 1.06439e+09 2.08764e+10 2.98758e+11 2.93957e+13 1.08248e+14 2.2644e+14 3.64941e+14 4.99488e+14 6.0567e+14 6.6408e+14 6.6408e+14 6.0567e+14 4.99488e+14 3.64941e+14 2.2644e+14 1.08248e+14 2.93957e+13 2.98758e+11 2.08764e+10 1.06439e+09 4.03394e+07 1.32104e+06 37671.8
222322 9.48474e+06 3.84526e+08 1.55539e+10 6.31104e+11 3.08246e+13 2.80454e+15 9.89509e+15 2.03132e+16 3.23991e+16 4.408e+16 5.32789e+16 5.83361e+16 5.83361e+16 5.32789e+16 4.408e+16 3.23991e+16 2.03132e+16 9.89509e+15 2.80454e+15 3.08246e+13 6.31104e+11 1.55539e+10 3.84526e+08 9.48474e+06 222322
667193 2.97381e+07 1.26401e+09 5.35933e+10 2.27042e+12 1.13667e+14 9.92765e+15 3.49149e+16 7.15703e+16 1.14058e+17 1.55104e+17 1.87423e+17 2.0519e+17 2.0519e+17 1.87423e+17 1.55104e+17 1.14058e+17 7.15703e+16 3.49149e+16 9.92765e+15 1.13667e+14 2.27042e+12 5.35933e+10 1.26401e+09 2.97381e+07 667193
1.35009e+06 6.07812e+07 2.60736e+09 1.11388e+11 4.74518e+12 2.37742e+14 2.04003e+16 7.16432e+16 1.46756e+17 2.3378e+17 3.1783e+17 3.84001e+17 4.20376e+17 4.20376e+17 3.84001e+17 3.1783e+17 2.3378e+17 1.46756e+17 7.16432e+16 2.04003e+16 2.37742e+14 4.74518e+12 1.11388e+11 2.60736e+09 6.07812e+07 1.35009e+06
2.15732e+06 9.73869e+07 4.18738e+09 1.79213e+11 7.64498e+12 3.82889e+14 3.25438e+16 1.14198e+17 2.33832e+17 3.72389e+17 5.06186e+17 6.11508e+17 6.69402e+17 6.69403e+17 6.11508e+17 5.06186e+17 3.72389e+17 2.33832e+17 1.14198e+17 3.25438e+16 3.82889e+14 7.64498e+12 1.79213e+11 4.18738e+09 9.73869e+07 2.15732e+06
2.94182e+06 1.32931e+08 5.72048e+09 2.44994e+11 1.0457e+13 5.2358e+14 4.42682e+16 1.5527e+17 3.17853e+17 5.06111e+17 6.87871e+17 8.30935e+17 9.09572e+17 9.09572e+17 8.30935e+17 6.87871e+17 5.06111e+17 3.17853e+17 1.5527e+17 4.42682e+16 5.2358e+14 1.0457e+13 2.44994e+11 5.72048e+09 1.32931e+08 2.94182e+06
3.56007e+06 1.60936e+08 6.9282e+09 2.96809e+11 1.26719e+13 6.34369e+14 5.34901e+16 1.87572e+17 3.83927e+17 6.1126e+17 8.30722e+17 1.00345e+18 1.09839e+18 1.09839e+18 1.00345e+18 8.30722e+17 6.1126e+17 3.83927e+17 1.87572e+17 5.34901e+16 6.34369e+14 1.26719e+13 2.96809e+11 6.9282e+09 1.60936e+08 3.56007e+06
3.89978e+06 1.76323e+08 7.59174e+09 3.25275e+11 1.38885e+13 6.95218e+14 5.85554e+16 2.05314e+17 4.20219e+17 6.69011e+17 9.09177e+17 1.09819e+18 1.20208e+18 1.20208e+18 1.09819e+18 9.09176e+17 6.69011e+17 4.20219e+17 2.05314e+17 5.85553e+16 6.95218e+14 1.38885e+13 3.25275e+11 7.59174e+09 1.76323e+08 3.89978e+06
3.89978e+06 1.76323e+08 7.59174e+09 3.25275e+11 1.38885e+13 6.95218e+14 5.85553e+16 2.05314e+17 4.20219e+17 6.69011e+17 9.09176e+17 1.09819e+18 1.20208e+18 1.20208e+18 1.09819e+18 9.09177e+17 6.69011e+17 4.20219e+17 2.05314e+17 5.85554e+16 6.95218e+14 1.38885e+13 3.25275e+11 7.59174e+09 1.76323e+08 3.89978e+06
3.56007e+06 1.60936e+08 6.9282e+09 2.96809e+11 1.26719e+13 6.34369e+14 5.34901e+16 1.87572e+17 3.83927e+17 6.1126e+17 8.30722e+17 1.00345e+18 1.09839e+18 1.09839e+18 1.00345e+18 8.30722e+17 6.1126e+17 3.83927e+17 1.87572e+17 5.34901e+16 6.34369e+14 1.26719e+13 2.96809e+11 6.9282e+09 1.60936e+08 3.56007e+06
2.94182e+06 1.32931e+08 5.72048e+09 2.44994e+11 1.0457e+13 5.2358e+14 4.42682e+16 1.5527e+17 3.17853e+17 5.06111e+17 6.87871e+17 8.30935e+17 9.09572e+17 9.09572e+17 8.30935e+17 6.87871e+17 5.06111e+17 3.17853e+17 1.5527e+17 4.42682e+16 5.2358e+14 1.0457e+13 2.44994e+11 5.72048e+09 1.32931e+08 2.94182e+06
2.15732e+06 9.73869e+07 4.18738e+09 1.79213e+11 7.64498e+12 3.82889e+14 3.25438e+16 1.14198e+17 2.33832e+17 3.72389e+17 5.06186e+17 6.11508e+17 6.69402e+17 6.69402e+17 6.11508e+17 5.06186e+17 3.72389e+17 2.33832e+17 1.14198e+17 3.25438e+16 3.82889e+14 7.64498e+12 1.79213e+11 4.18738e+09 9.73869e+07 2.15732e+06
1.35009e+06 6.07812e+07 2.60736e+09 1.11388e+11 4.74518e+12 2.37742e+14 2.04003e+16 7.16432e+16 1.46756e+17 2.3378e+17 3.1783e+17 3.84001e+17 4.20376e+17 4.20376e+17 3.84001e+17 3.1783e+17 2.3378e+17 1.46756e+17 7.16432e+16 2.04003e+16 2.37742e+14 4.74518e+12 1.11388e+11 2.60736e+09 6.07812e+07 1.35009e+06
667193 2.97381e+07 1.26401e+09 5.35933e+10 2.27042e+12 1.13667e+14 9.92765e+15 3.49149e+16 7.15703e+16 1.14058e+17 1.55104e+17 1.87423e+17 2.0519e+17 2.0519e+17 1.87423e+17 1.55104e+17 1.14058e+17 7.15703e+16 3.49149e+16 9.92765e+15 1.13667e+14 2.27042e+12 5.35933e+10 1.26401e+09 2.97381e+07 667193
222322 9.48474e+06 3.84526e+08 1.55539e+10 6.31104e+11 3.08246e+13 2.80454e+15 9.89509e+15 2.03132e+16 3.23991e+16 4.408e+16 5.32789e+16 5.83361e+16 5.83361e+16 5.32789e+16 4.408e+16 3.23991e+16 2.03132e+16 9.89509e+15 2.80454e+15 3.08246e+13 6.31104e+11 1.55539e+10 3.84526e+08 9.48474e+06 222322
37671.8 1.32104e+06 4.03394e+07 1.06439e+09 2.08764e+10 2.98758e+11 2.93957e+13 1.08248e+14 2.2644e+14 3.64941e+14 4.99488e+14 6.0567e+14 6.6408e+14 6.6408e+14 6.0567e+14 4.99488e+14 3.64941e+14 2.2644e+14 1.08248e+14 2.93957e+13 2.98758e+11 2.08764e+10 1.06439e+09 4.03394e+07 1.32104e+06 37671.8
4007.43 114320 2.69302e+06 5.31394e+07 8.9119e+08 2.00735e+10 5.97653e+11 2.14816e+12 4.49121e+12 7.24178e+12 9.9152e+12 1.20256e+13 1.31866e+13 1.31866e+13 1.20256e+13 9.9152e+12 7.24178e+12 4.49121e+12 2.14816e+12 5.97653e+11 2.00735e+10 8.9119e+08 5.31394e+07 2.69302e+06 114320 4007.43
321.308 7797.35 156590 2.84263e+06 5.17176e+07 1.01664e+09 1.47309e+10 5.07151e+10 1.05443e+11 1.69784e+11 2.32325e+11 2.81693e+11 3.08855e+11 3.08855e+11 2.81693e+11 2.32325e+11 1.69784e+11 1.05443e+11 5.07151e+10 1.47309e+10 1.01664e+09 5.17176e+07 2.84263e+06 156590 7797.35 321.308
21.8666 476.135 8791.56 153449 2.59178e+06 3.84165e+07 3.64198e+08 1.1963e+09 2.46855e+09 3.96759e+09 5.42522e+09 6.57583e+09 7.20891e+09 7.20891e+09 6.57583e+09 5.42522e+09 3.96759e+09 2.46855e+09 1.1963e+09 3.64198e+08 3.84165e+07 2.59178e+06 153449 8791.56 476.135 21.8666
1.34288 27.1264 468.531 7552.46 109444 1.25605e+06 8.98365e+06 2.81492e+07 5.75538e+07 9.22869e+07 1.26082e+08 1.52761e+08 1.67441e+08 1.67441e+08 1.52761e+08 1.26082e+08 9.22869e+07 5.75538e+07 2.81492e+07 8.98365e+06 1.25605e+06 109444 7552.46 468.531 27.1264 1.34288
0.0697866 1.32605 21.2949 309.236 3825.59 35784.4 210582 631626 1.27858e+06 2.04459e+06 2.79051e+06 3.37947e+06 3.70352e+06 3.70352e+06 3.37947e+06 2.79051e+06 2.04459e+06 1.27858e+06 631626 210582 35784.4 3825.59 309.236 21.2949 1.32605 0.0697866
