5.09912e-06 9.60582e-05 0.00153161 0.0221204 0.272326 2.53469 14.8427 44.3515 89.5805 143.204 195.675 237.368 260.428 260.428 237.368 195.675 143.204 89.5805 44.3515 14.8427 2.53469 0.272326 0.0221204 0.00153161 9.60582e-05 5.09912e-06
9.70435e-05 0.0019391 0.0332041 0.532202 7.6806 87.7844 624.972 1950.13 3976.67 6372.86 8715.93 10578 11608.2 11608.2 10578 8715.93 6372.86 3976.67 1950.13 624.972 87.7844 7.6806 0.532202 0.0332041 0.0019391 9.70435e-05
0.00156493 0.0336383 0.614527 10.6564 179.459 2653.94 25068 81970 168624 270807 370684 450085 494029 494029 450085 370684 270807 168624 81970 25068 2653.94 179.459 10.6564 0.614527 0.0336383 0.00156493
0.0228259 0.546164 10.8309 194.855 3534.47 69549.9 1.00601e+06 3.4464e+06 7.14054e+06 1.14867e+07 1.57346e+07 1.91134e+07 2.09841e+07 2.09841e+07 1.91134e+07 1.57346e+07 1.14867e+07 7.14054e+06 3.4464e+06 1.00601e+06 69549.9 3534.47 194.855 10.8309 0.546164 0.0228259
0.283077 7.96159 185.114 3610.84 60061.1 1.35977e+06 4.05995e+07 1.45132e+08 3.02248e+08 4.8682e+08 6.67294e+08 8.10928e+08 8.90488e+08 8.90488e+08 8.10928e+08 6.67294e+08 4.8682e+08 3.02248e+08 1.45132e+08 4.05995e+07 1.35977e+06 60061.1 3610.84 185.114 7.96159 0.283077
2.64843 91.6167 2764.37 72182.8 1.39969e+06 1.98025e+07 1.98869e+09 7.27902e+09 1.51591e+10 2.43952e+10 3.34191e+10 4.05978e+10 4.45733e+10 4.45733e+10 4.05978e+10 3.34191e+10 2.43952e+10 1.51591e+10 7.27902e+09 1.98869e+09 1.98025e+07 1.39969e+06 72182.8 2764.37 91.6167 2.64843
15.5649 655.379 26287.7 1.05499e+06 4.25793e+07 2.07659e+09 1.89439e+11 6.6447e+11 1.35677e+12 2.15643e+12 2.92898e+12 3.53854e+12 3.87441e+12 3.87441e+12 3.53854e+12 2.92898e+12 2.15643e+12 1.35677e+12 6.6447e+11 1.89439e+11 2.07659e+09 4.25793e+07 1.05499e+06 26287.7 655.379 15.5649
46.5591 2047.43 86070.3 3.61926e+06 1.52431e+08 7.61297e+09 6.66579e+11 2.33103e+12 4.7531e+12 7.54775e+12 1.02454e+13 1.23727e+13 1.35444e+13 1.35444e+13 1.23727e+13 1.02454e+13 7.54775e+12 4.7531e+12 2.33103e+12 6.66579e+11 7.61297e+09 1.52431e+08 3.61926e+06 86070.3 2047.43 46.5591
94.0583 4175.98 177099 7.50041e+06 3.17523e+08 1.58596e+10 1.36273e+12 4.75891e+12 9.6976e+12 1.53933e+13 2.08895e+13 2.52224e+13 2.76086e+13 2.76086e+13 2.52224e+13 2.08895e+13 1.53933e+13 9.6976e+12 4.75891e+12 1.36273e+12 1.58596e+10 3.17523e+08 7.50041e+06 177099 4175.98 94.0583
150.342 6691.37 284380 1.2064e+07 5.11359e+08 2.5521e+10 2.16722e+12 7.56172e+12 1.54031e+13 2.44436e+13 3.31654e+13 4.00402e+13 4.38258e+13 4.38258e+13 4.00402e+13 3.31654e+13 2.44436e+13 1.54031e+13 7.56172e+12 2.16722e+12 2.5521e+10 5.11359e+08 1.2064e+07 284380 6691.37 150.342
205.376 9149.2 389162 1.65212e+07 7.00748e+08 3.49539e+10 2.94456e+12 1.02678e+13 2.09098e+13 3.31768e+13 4.50093e+13 5.43349e+13 5.94699e+13 5.94699e+13 5.43349e+13 4.50093e+13 3.31768e+13 2.09098e+13 1.02678e+13 2.94456e+12 3.49539e+10 7.00748e+08 1.65212e+07 389162 9149.2 205.376
249.075 11101.1 472402 2.00637e+07 8.51363e+08 4.24528e+10 3.5579e+12 1.24018e+13 2.52513e+13 4.00608e+13 5.43444e+13 6.56009e+13 7.17988e+13 7.17988e+13 6.56009e+13 5.43444e+13 4.00608e+13 2.52513e+13 1.24018e+13 3.5579e+12 4.24528e+10 8.51363e+08 2.00637e+07 472402 11101.1 249.075
273.233 12180.5 518447 2.2024e+07 9.34744e+08 4.66035e+10 3.89584e+12 1.35772e+13 2.76421e+13 4.38515e+13 5.94844e+13 7.18039e+13 7.85868e+13 7.85868e+13 7.18039e+13 5.94844e+13 4.38515e+13 2.76421e+13 1.35772e+13 3.89584e+12 4.66035e+10 9.34744e+08 2.2024e+07 518447 12180.5 273.233
273.233 12180.5 518447 2.2024e+07 9.34744e+08 4.66035e+10 3.89584e+12 1.35772e+13 2.76421e+13 4.38515e+13 5.94844e+13 7.18039e+13 7.85868e+13 7.85868e+13 7.18039e+13 5.94844e+13 4.38515e+13 2.76421e+13 1.35772e+13 3.89584e+12 4.66035e+10 9.34744e+08 2.2024e+07 518447 12180.5 273.233
249.075 11101.1 472402 2.00637e+07 8.51363e+08 4.24528e+10 3.5579e+12 1.24018e+13 2.52513e+13 4.00608e+13 5.43444e+13 6.56009e+13 7.17988e+13 7.17988e+13 6.56009e+13 5.43444e+13 4.00608e+13 2.52513e+13 1.24018e+13 3.5579e+12 4.24528e+10 8.51363e+08 2.00637e+07 472402 11101.1 249.075
205.376 9149.2 389162 1.65212e+07 7.00748e+08 3.49539e+10 2.94456e+12 1.02678e+13 2.09098e+13 3.31768e+13 4.50093e+13 5.43349e+13 5.94699e+13 5.94699e+13 5.43349e+13 4.50093e+13 3.31768e+13 2.09098e+13 1.02678e+13 2.94456e+12 3.49539e+10 7.00748e+08 1.65212e+07 389162 9149.2 205.376
150.342 6691.37 284380 1.2064e+07 5.11359e+08 2.5521e+10 2.16722e+12 7.56172e+12 1.54031e+13 2.44436e+13 3.31654e+13 4.00402e+13 4.38258e+13 4.38258e+13 4.00402e+13 3.31654e+13 2.44436e+13 1.54031e+13 7.56172e+12 2.16722e+12 2.5521e+10 5.11359e+08 1.2064e+07 284380 6691.37 150.342
94.0583 4175.98 177099 7.50041e+06 3.17523e+08 1.58596e+10 1.36273e+12 4.75891e+12 9.6976e+12 1.53933e+13 2.08895e+13 2.52224e+13 2.76086e+13 2.76086e+13 2.52224e+13 2.08895e+13 1.53933e+13 9.6976e+12 4.75891e+12 1.36273e+12 1.58596e+10 3.17523e+08 7.50041e+06 177099 4175.98 94.0583
46.5591 2047.43 86070.3 3.61926e+06 1.52431e+08 7.61297e+09 6.66579e+11 2.33103e+12 4.7531e+12 7.54775e+12 1.02454e+13 1.23727e+13 1.35444e+13 1.35444e+13 1.23727e+13 1.02454e+13 7.54775e+12 4.7531e+12 2.33103e+12 6.66579e+11 7.61297e+09 1.52431e+08 3.61926e+06 86070.3 2047.43 46.5591
15.5649 655.379 26287.7 1.05499e+06 4.25793e+07 2.07659e+09 1.89439e+11 6.6447e+11 1.35677e+12 2.15643e+12 2.92898e+12 3.53854e+12 3.87441e+12 3.87441e+12 3.53854e+12 2.92898e+12 2.15643e+12 1.35677e+12 6.6447e+11 1.89439e+11 2.07659e+09 4.25793e+07 1.05499e+06 26287.7 655.379 15.5649
2.64843 91.6167 2764.37 72182.8 1.39969e+06 1.98025e+07 1.98869e+09 7.27902e+09 1.51591e+10 2.43952e+10 3.34191e+10 4.05978e+10 4.45733e+10 4.45733e+10 4.05978e+10 3.34191e+10 2.43952e+10 1.51591e+10 7.27902e+09 1.98869e+09 1.98025e+07 1.39969e+06 72182.8 2764.37 91.6167 2.64843
0.283077 7.96159 185.114 3610.84 60061.1 1.35977e+06 4.05995e+07 1.45132e+08 3.02248e+08 4.8682e+08 6.67294e+08 8.10928e+08 8.90488e+08 8.90488e+08 8.10928e+08 6.67294e+08 4.8682e+08 3.02248e+08 1.45132e+08 4.05995e+07 1.35977e+06 60061.1 3610.84 185.114 7.96159 0.283077
0.0228259 0.546164 10.8309 194.855 3534.47 69549.9 1.00601e+06 3.4464e+06 7.14054e+06 1.14867e+07 1.57346e+07 1.91134e+07 2.09841e+07 2.09841e+07 1.91134e+07 1.57346e+07 1.14867e+07 7.14054e+06 3.4464e+06 1.00601e+06 69549.9 3534.47 194.855 10.8309 0.546164 0.0228259
0.00156493 0.0336383 0.614527 10.6564 179.459 2653.94 25068 81970 168624 270807 370684 450085 494029 494029 450085 370684 270807 168624 81970 25068 2653.94 179.459 10.6564 0.614527 0.0336383 0.00156493
9.70435e-05 0.0019391 0.0332041 0.532202 7.6806 87.7844 624.972 1950.13 3976.67 6372.86 8715.93 10578 11608.2 11608.2 10578 8715.93 6372.86 3976.67 1950.13 624.972 87.7844 7.6806 0.532202 0.0332041 0.0019391 9.70435e-05
5.09912e-06 9.60582e-05 0.00153161 0.0221204 0.272326 2.53469 14.8427 44.3515 89.5805 143.204 195.675 237.368 260.428 260.428 237.368 195.675 143.204 89.5805 44.3515 14.8427 2.53469 0.272326 0.0221204 0.00153161 9.60582e-05 5.09912e-06
