1.5559e-05 0.000291895 0.00462676 0.0663702 0.811777 7.51365 43.7794 130.012 260.63 413.342 560.716 676.468 740.003 740.003 676.468 560.716 413.342 260.63 130.012 43.7794 7.51365 0.811777 0.0663702 0.00462676 0.000291895 1.5559e-05
0.000296117 0.00589942 0.100503 1.59943 22.9058 260.094 1842.05 5711.38 11555.7 18365.7 24929.1 30082.7 32911.4 32911.4 30082.7 24929.1 18365.7 11555.7 5711.38 1842.05 260.094 22.9058 1.59943 0.100503 0.00589942 0.000296117
0.00476837 0.102364 1.86442 32.1302 536.229 7863.92 73854.8 239916 489530 779391 1.05847e+06 1.27757e+06 1.39783e+06 1.39783e+06 1.27757e+06 1.05847e+06 779391 489530 239916 73854.8 7863.92 536.229 32.1302 1.86442 0.102364 0.00476837
0.0693187 1.65861 32.8829 590.079 10612.3 206333 2.96377e+06 1.00844e+07 2.07163e+07 3.30254e+07 4.48689e+07 5.41671e+07 5.92715e+07 5.92715e+07 5.41671e+07 4.48689e+07 3.30254e+07 2.07163e+07 1.00844e+07 2.96377e+06 206333 10612.3 590.079 32.8829 1.65861 0.0693187
0.855514 24.0667 560.173 10948.2 182015 4.05185e+06 1.19651e+08 4.24692e+08 8.76619e+08 1.39868e+09 1.90089e+09 2.29522e+09 2.51172e+09 2.51172e+09 2.29522e+09 1.90089e+09 1.39868e+09 8.76619e+08 4.24692e+08 1.19651e+08 4.05185e+06 182015 10948.2 560.173 24.0667 0.855514
7.96013 275.292 8310.49 217429 4.24224e+06 6.045e+07 5.87569e+09 2.1351e+10 4.40707e+10 7.02584e+10 9.54329e+10 1.15194e+11 1.26042e+11 1.26042e+11 1.15194e+11 9.54329e+10 7.02584e+10 4.40707e+10 2.1351e+10 5.87569e+09 6.045e+07 4.24224e+06 217429 8310.49 275.292 7.96013
46.5121 1957.04 78467 3.14899e+06 1.27139e+08 6.19179e+09 5.60231e+11 1.95613e+12 3.97143e+12 6.27402e+12 8.47506e+12 1.01965e+13 1.11396e+13 1.11396e+13 1.01965e+13 8.47506e+12 6.27402e+12 3.97143e+12 1.95613e+12 5.60231e+11 6.19179e+09 1.27139e+08 3.14899e+06 78467 1957.04 46.5121
138.213 6072.19 255098 1.07236e+07 4.51665e+08 2.25319e+10 1.96282e+12 6.83539e+12 1.38625e+13 2.18865e+13 2.95537e+13 3.55491e+13 3.8833e+13 3.8833e+13 3.55491e+13 2.95537e+13 2.18865e+13 1.38625e+13 6.83539e+12 1.96282e+12 2.25319e+10 4.51665e+08 1.07236e+07 255098 6072.19 138.213
277.035 12284.2 520438 2.20265e+07 9.3215e+08 4.65104e+10 3.98927e+12 1.38776e+13 2.81322e+13 4.44054e+13 5.99528e+13 7.21088e+13 7.87671e+13 7.87671e+13 7.21088e+13 5.99528e+13 4.44054e+13 2.81322e+13 1.38776e+13 3.98927e+12 4.65104e+10 9.3215e+08 2.20265e+07 520438 12284.2 277.035
439.178 19515.1 828236 3.50981e+07 1.48659e+09 7.41225e+10 6.30454e+12 2.19189e+13 4.44229e+13 7.01103e+13 9.46502e+13 1.13836e+14 1.24345e+14 1.24345e+14 1.13836e+14 9.46502e+13 7.01104e+13 4.44229e+13 2.19189e+13 6.30454e+12 7.41225e+10 1.48659e+09 3.50981e+07 828236 19515.1 439.178
595.475 26476.1 1.12423e+06 4.76598e+07 2.01927e+09 1.00635e+11 8.51691e+12 2.96002e+13 5.99824e+13 9.46597e+13 1.27786e+14 1.53685e+14 1.6787e+14 1.6787e+14 1.53685e+14 1.27786e+14 9.46597e+13 5.99824e+13 2.96002e+13 8.51691e+12 1.00635e+11 2.01927e+09 4.76598e+07 1.12423e+06 26476.1 595.475
718.108 31936.1 1.35635e+06 5.75107e+07 2.43704e+09 1.21423e+11 1.02465e+13 3.56041e+13 7.2143e+13 1.13846e+14 1.53682e+14 1.84826e+14 2.01884e+14 2.01884e+14 1.84826e+14 1.53682e+14 1.13846e+14 7.2143e+13 3.56041e+13 1.02465e+13 1.21423e+11 2.43704e+09 5.75107e+07 1.35635e+06 31936.1 718.108
785.371 34930.7 1.48367e+06 6.29141e+07 2.66622e+09 1.32826e+11 1.11937e+13 3.88917e+13 7.88017e+13 1.24351e+14 1.67861e+14 2.01877e+14 2.20508e+14 2.20508e+14 2.01877e+14 1.67861e+14 1.24351e+14 7.88017e+13 3.88917e+13 1.11937e+13 1.32826e+11 2.66622e+09 6.29141e+07 1.48367e+06 34930.7 785.371
785.371 34930.7 1.48367e+06 6.29141e+07 2.66622e+09 1.32826e+11 1.11937e+13 3.88917e+13 7.88017e+13 1.24351e+14 1.67861e+14 2.01877e+14 2.20508e+14 2.20508e+14 2.01877e+14 1.67861e+14 1.24351e+14 7.88017e+13 3.88917e+13 1.11937e+13 1.32826e+11 2.66622e+09 6.29141e+07 1.48367e+06 34930.7 785.371
718.108 31936.1 1.35635e+06 5.75107e+07 2.43704e+09 1.21423e+11 1.02465e+13 3.56041e+13 7.2143e+13 1.13846e+14 1.53682e+14 1.84826e+14 2.01884e+14 2.01884e+14 1.84826e+14 1.53682e+14 1.13846e+14 7.2143e+13 3.56041e+13 1.02465e+13 1.21423e+11 2.43704e+09 5.75107e+07 1.35635e+06 31936.1 718.108
595.475 26476.1 1.12423e+06 4.76598e+07 2.01927e+09 1.00635e+11 8.51691e+12 2.96002e+13 5.99824e+13 9.46597e+13 1.27786e+14 1.53685e+14 1.6787e+14 1.6787e+14 1.53685e+14 1.27786e+14 9.46597e+13 5.99824e+13 2.96002e+13 8.51691e+12 1.00635e+11 2.01927e+09 4.76598e+07 1.12423e+06 26476.1 595.475
439.178 19515.1 828236 3.50981e+07 1.48659e+09 7.41225e+10 6.30454e+12 2.19189e+13 4.44229e+13 7.01104e+13 9.46502e+13 1.13836e+14 1.24345e+14 1.24345e+14 1.13836e+14 9.46502e+13 7.01103e+13 4.44229e+13 2.19189e+13 6.30454e+12 7.41225e+10 1.48659e+09 3.50981e+07 828236 19515.1 439.178
277.035 12284.2 520438 2.20265e+07 9.3215e+08 4.65104e+10 3.98927e+12 1.38776e+13 2.81322e+13 4.44054e+13 5.99528e+13 7.21088e+13 7.87671e+13 7.87671e+13 7.21088e+13 5.99528e+13 4.44054e+13 2.81322e+13 1.38776e+13 3.98927e+12 4.65104e+10 9.3215e+08 2.20265e+07 520438 12284.2 277.035
138.213 6072.19 255098 1.07236e+07 4.51665e+08 2.25319e+10 1.96282e+12 6.83539e+12 1.38625e+13 2.18865e+13 2.95537e+13 3.55491e+13 3.8833e+13 3.8833e+13 3.5549e+13 2.95537e+13 2.18865e+13 1.38625e+13 6.83539e+12 1.96282e+12 2.25319e+10 4.51665e+08 1.07236e+07 255098 6072.19 138.213
46.5121 1957.04 78467 3.14899e+06 1.27139e+08 6.19179e+09 5.60231e+11 1.95613e+12 3.97143e+12 6.27402e+12 8.47506e+12 1.01965e+13 1.11396e+13 1.11396e+13 1.01965e+13 8.47506e+12 6.27402e+12 3.97143e+12 1.95613e+12 5.60231e+11 6.19179e+09 1.27139e+08 3.14899e+06 78467 1957.04 46.5121
7.96013 275.292 8310.49 217429 4.24224e+06 6.045e+07 5.87569e+09 2.1351e+10 4.40707e+10 7.02584e+10 9.54329e+10 1.15194e+11 1.26042e+11 1.26042e+11 1.15194e+11 9.54329e+10 7.02584e+10 4.40707e+10 2.1351e+10 5.87569e+09 6.045e+07 4.24224e+06 217429 8310.49 275.292 7.96013
0.855514 24.0667 560.173 10948.2 182015 4.05185e+06 1.19651e+08 4.24692e+08 8.76619e+08 1.39868e+09 1.90089e+09 2.29522e+09 2.51172e+09 2.51172e+09 2.29522e+09 1.90089e+09 1.39868e+09 8.76619e+08 4.24692e+08 1.19651e+08 4.05185e+06 182015 10948.2 560.173 24.0667 0.855514
0.0693187 1.65861 32.8829 590.079 10612.3 206333 2.96377e+06 1.00844e+07 2.07163e+07 3.30254e+07 4.48689e+07 5.41671e+07 5.92715e+07 5.92715e+07 5.41671e+07 4.48689e+07 3.30254e+07 2.07163e+07 1.00844e+07 2.96377e+06 206333 10612.3 590.078 32.8829 1.65861 0.0693187
0.00476837 0.102364 1.86442 32.1302 536.229 7863.92 73854.8 239916 489530 779391 1.05847e+06 1.27757e+06 1.39783e+06 1.39783e+06 1.27757e+06 1.05847e+06 779391 489530 239916 73854.8 7863.92 536.229 32.1302 1.86442 0.102364 0.00476837
0.000296117 0.00589942 0.100503 1.59943 22.9058 260.094 1842.05 5711.38 11555.7 18365.7 24929.1 30082.7 32911.4 32911.4 30082.7 24929.1 18365.7 11555.7 5711.38 1842.05 260.094 22.9058 1.59943 0.100503 0.00589942 0.000296117
1.5559e-05 0.000291895 0.00462676 0.0663702 0.811777 7.51365 43.7794 130.012 260.63 413.342 560.716 676.468 740.003 740.003 676.468 560.716 413.342 260.63 130.012 43.7794 7.51365 0.811777 0.0663702 0.00462676 0.000291895 1.5559e-05
