1.17138e-08 2.19618e-07 3.47849e-06 4.98571e-05 0.000609279 0.00563454 0.0328016 0.0973076 0.194834 0.308634 0.41826 0.504247 0.551405 0.551405 0.504247 0.41826 0.308634 0.194834 0.0973076 0.0328016 0.00563454 0.000609279 4.98571e-05 3.47849e-06 2.19618e-07 1.17138e-08
2.22773e-07 4.43558e-06 7.55124e-05 0.00120077 0.0171814 0.194921 1.37926 4.27173 8.63194 13.7019 18.5793 22.4036 24.5009 24.5009 22.4036 18.5793 13.7019 8.63194 4.27173 1.37926 0.194921 0.0171814 0.00120077 7.55124e-05 4.43558e-06 2.22773e-07
3.58423e-06 7.6902e-05 0.00139986 0.0241085 0.402015 5.89023 55.2709 179.337 365.432 581.055 788.255 950.687 1039.77 1039.77 950.687 788.255 581.055 365.432 179.337 55.2709 5.89023 0.402015 0.0241085 0.00139986 7.6902e-05 3.58423e-06
5.20565e-05 0.0012449 0.0246696 0.442514 7.9535 154.49 2217.18 7534.82 15456.9 24607.2 33393.8 40281.8 44059.5 44059.5 40281.8 33393.8 24607.2 15456.9 7534.82 2217.18 154.49 7.9535 0.442514 0.0246696 0.0012449 5.20565e-05
0.000641863 0.018046 0.419846 8.20373 136.38 3033.53 89491.1 317232 653828 1.04172e+06 1.41408e+06 1.70601e+06 1.86614e+06 1.86614e+06 1.70601e+06 1.41408e+06 1.04172e+06 653828 317232 89491.1 3033.53 136.38 8.20373 0.419846 0.018046 0.000641863
0.00596666 0.206222 6.22225 162.744 3175.49 45286.6 4.39452e+06 1.59475e+07 3.28673e+07 5.23222e+07 7.09856e+07 8.56134e+07 9.3636e+07 9.3636e+07 8.56134e+07 7.09856e+07 5.23222e+07 3.28673e+07 1.59475e+07 4.39452e+06 45286.6 3175.49 162.744 6.22225 0.206222 0.00596666
0.0348312 1.46462 58.6923 2354.52 95043 4.62827e+06 4.18723e+08 1.46069e+09 2.96225e+09 4.6747e+09 6.30901e+09 7.58571e+09 8.28461e+09 8.28461e+09 7.58571e+09 6.30901e+09 4.6747e+09 2.96225e+09 1.46069e+09 4.18723e+08 4.62827e+06 95043 2354.52 58.6923 1.46462 0.0348312
0.103391 4.53917 190.583 8008.13 337196 1.68194e+07 1.46558e+09 5.09936e+09 1.03307e+10 1.62933e+10 2.1982e+10 2.64249e+10 2.88568e+10 2.88568e+10 2.64249e+10 2.1982e+10 1.62933e+10 1.03307e+10 5.09936e+09 1.46558e+09 1.68194e+07 337196 8008.13 190.583 4.53917 0.103391
0.206989 9.1712 388.297 16425.5 694867 3.46658e+07 2.97524e+09 1.03415e+10 2.09421e+10 3.30222e+10 4.45457e+10 5.35451e+10 5.84708e+10 5.84708e+10 5.35451e+10 4.45457e+10 3.30222e+10 2.09421e+10 1.03415e+10 2.97524e+09 3.46658e+07 694867 16425.5 388.297 9.1712 0.206989
0.327757 14.552 617.15 26137.9 1.10661e+06 5.5167e+07 4.69684e+09 1.63164e+10 3.30345e+10 5.20838e+10 7.02541e+10 8.44438e+10 9.22102e+10 9.22102e+10 8.44438e+10 7.02541e+10 5.20838e+10 3.30345e+10 1.63164e+10 4.69684e+09 5.5167e+07 1.10661e+06 26137.9 617.15 14.552 0.327757
0.443969 19.7225 836.81 35453.2 1.50139e+06 7.48121e+07 6.3393e+09 2.2015e+10 4.45662e+10 7.02604e+10 9.4768e+10 1.13906e+11 1.24381e+11 1.24381e+11 1.13906e+11 9.4768e+10 7.02604e+10 4.45662e+10 2.2015e+10 6.3393e+09 7.48121e+07 1.50139e+06 35453.2 836.81 19.7225 0.443969
0.535033 23.7726 1008.83 42747.7 1.81055e+06 9.01933e+07 7.62181e+09 2.64639e+10 5.35685e+10 8.44496e+10 1.13904e+11 1.36904e+11 1.49493e+11 1.49493e+11 1.36904e+11 1.13904e+11 8.44496e+10 5.35685e+10 2.64639e+10 7.62181e+09 9.01933e+07 1.81055e+06 42747.7 1008.83 23.7726 0.535033
0.58494 25.9921 1103.1 46745.4 1.98e+06 9.86228e+07 8.32365e+09 2.88983e+10 5.84943e+10 9.22134e+10 1.24374e+11 1.49488e+11 1.63233e+11 1.63233e+11 1.49488e+11 1.24374e+11 9.22134e+10 5.84943e+10 2.88983e+10 8.32365e+09 9.86228e+07 1.98e+06 46745.4 1103.1 25.9921 0.58494
0.58494 25.9921 1103.1 46745.4 1.98e+06 9.86228e+07 8.32365e+09 2.88983e+10 5.84943e+10 9.22134e+10 1.24374e+11 1.49488e+11 1.63233e+11 1.63233e+11 1.49488e+11 1.24374e+11 9.22134e+10 5.84943e+10 2.88983e+10 8.32365e+09 9.86228e+07 1.98e+06 46745.4 1103.1 25.9921 0.58494
0.535033 23.7726 1008.83 42747.7 1.81055e+06 9.01933e+07 7.62181e+09 2.64639e+10 5.35685e+10 8.44496e+10 1.13904e+11 1.36904e+11 1.49493e+11 1.49493e+11 1.36904e+11 1.13904e+11 8.44496e+10 5.35685e+10 2.64639e+10 7.62181e+09 9.01933e+07 1.81055e+06 42747.7 1008.83 23.7726 0.535033
0.443969 19.7225 836.81 35453.2 1.50139e+06 7.48121e+07 6.3393e+09 2.2015e+10 4.45662e+10 7.02604e+10 9.4768e+10 1.13906e+11 1.24381e+11 1.24381e+11 1.13906e+11 9.4768e+10 7.02604e+10 4.45662e+10 2.2015e+10 6.3393e+09 7.48121e+07 1.50139e+06 35453.2 836.81 19.7225 0.443969
0.327757 14.552 617.15 26137.9 1.10661e+06 5.5167e+07 4.69684e+09 1.63164e+10 3.30345e+10 5.20838e+10 7.02541e+10 8.44438e+10 9.22102e+10 9.22102e+10 8.44438e+10 7.02541e+10 5.20838e+10 3.30345e+10 1.63164e+10 4.69684e+09 5.5167e+07 1.10661e+06 26137.9 617.15 14.552 0.327757
0.206989 9.1712 388.297 16425.5 694867 3.46658e+07 2.97524e+09 1.03415e+10 2.09421e+10 3.30222e+10 4.45457e+10 5.35451e+10 5.84708e+10 5.84708e+10 5.35451e+10 4.45457e+10 3.30222e+10 2.09421e+10 1.03415e+10 2.97524e+09 3.46658e+07 694867 16425.5 388.297 9.1712 0.206989
0.103391 4.53917 190.583 8008.13 337196 1.68194e+07 1.46558e+09 5.09936e+09 1.03307e+10 1.62933e+10 2.1982e+10 2.64249e+10 2.88568e+10 2.88568e+10 2.64249e+10 2.1982e+10 1.62933e+10 1.03307e+10 5.09936e+09 1.46558e+09 1.68194e+07 337196 8008.13 190.583 4.53917 0.103391
0.0348312 1.46462 58.6923 2354.52 95043 4.62827e+06 4.18723e+08 1.46069e+09 2.96225e+09 4.6747e+09 6.30901e+09 7.58571e+09 8.28461e+09 8.28461e+09 7.58571e+09 6.30901e+09 4.6747e+09 2.96225e+09 1.46069e+09 4.18723e+08 4.62827e+06 95043 2354.52 58.6923 1.46462 0.0348312
0.00596666 0.206222 6.22225 162.744 3175.49 45286.6 4.39452e+06 1.59475e+07 3.28673e+07 5.23222e+07 7.09856e+07 8.56134e+07 9.3636e+07 9.3636e+07 8.56134e+07 7.09856e+07 5.23222e+07 3.28673e+07 1.59475e+07 4.39452e+06 45286.6 3175.49 162.744 6.22225 0.206222 0.00596666
0.000641863 0.018046 0.419846 8.20373 136.38 3033.53 89491.1 317232 653828 1.04172e+06 1.41408e+06 1.70601e+06 1.86614e+06 1.86614e+06 1.70601e+06 1.41408e+06 1.04172e+06 653828 317232 89491.1 3033.53 136.38 8.20373 0.419846 0.018046 0.000641863
5.20565e-05 0.0012449 0.0246696 0.442514 7.9535 154.49 2217.18 7534.82 15456.9 24607.2 33393.8 40281.8 44059.5 44059.5 40281.8 33393.8 24607.2 15456.9 7534.82 2217.18 154.49 7.9535 0.442514 0.0246696 0.0012449 5.20565e-05
3.58423e-06 7.6902e-05 0.00139986 0.0241085 0.402015 5.89023 55.2709 179.337 365.432 581.055 788.255 950.687 1039.77 1039.77 950.687 788.255 581.055 365.432 179.337 55.2709 5.89023 0.402015 0.0241085 0.00139986 7.6902e-05 3.58423e-06
2.22773e-07 4.43558e-06 7.55124e-05 0.00120077 0.0171814 0.194921 1.37926 4.27173 8.63194 13.7019 18.5793 22.4036 24.5009 24.5009 22.4036 18.5793 13.7019 8.63194 4.27173 1.37926 0.194921 0.0171814 0.00120077 7.55124e-05 4.43558e-06 2.22773e-07
1.17138e-08 2.19618e-07 3.47849e-06 4.98571e-05 0.000609279 0.00563454 0.0328016 0.0973076 0.194834 0.308634 0.41826 0.504247 0.551405 0.551405 0.504247 0.41826 0.308634 0.194834 0.0973076 0.0328016 0.00563454 0.000609279 4.98571e-05 3.47849e-06 2.19618e-07 1.17138e-08
