0.00424766 0.0801095 1.27836 18.4713 227.464 2117.45 12396.1 36983.7 74498.3 118683 161593 195451 214087 214087 195451 161593 118683 74498.3 36983.7 12396.1 2117.45 227.464 18.4713 1.27836 0.0801095 0.00424766
0.0809724 1.62049 27.7801 445.513 6430.82 73507.2 523240 1.63028e+06 3.31549e+06 5.29464e+06 7.21484e+06 8.72984e+06 9.56376e+06 9.56376e+06 8.72984e+06 7.21484e+06 5.29464e+06 3.31549e+06 1.63027e+06 523240 73507.2 6430.82 445.513 27.7801 1.62049 0.0809724
1.30753 28.1617 515.326 8943.75 150628 2.22725e+06 2.10343e+07 6.86816e+07 1.40907e+08 2.2548e+08 3.07476e+08 3.72171e+08 4.07787e+08 4.07787e+08 3.72171e+08 3.07476e+08 2.2548e+08 1.40907e+08 6.86816e+07 2.10343e+07 2.22725e+06 150628 8943.75 515.326 28.1617 1.30753
19.0877 457.776 9097.85 163929 2.97425e+06 5.84864e+07 8.45719e+08 2.89323e+09 5.9781e+09 9.58118e+09 1.30732e+10 1.58289e+10 1.73462e+10 1.73462e+10 1.58289e+10 1.30732e+10 9.58118e+09 5.9781e+09 2.89323e+09 8.45719e+08 5.84864e+07 2.97425e+06 163929 9097.85 457.776 19.0877
236.818 6676.67 155611 3.04218e+06 5.06825e+07 1.14593e+09 3.41822e+10 1.22026e+11 2.53428e+11 4.06633e+11 5.55119e+11 6.72325e+11 7.36872e+11 7.36872e+11 6.72325e+11 5.55119e+11 4.06633e+11 2.53428e+11 1.22026e+11 3.41822e+10 1.14593e+09 5.06825e+07 3.04218e+06 155611 6676.67 236.818
2215.75 76835.9 2.32378e+06 6.08113e+07 1.18213e+09 1.67674e+10 1.67669e+12 6.12991e+12 1.27332e+13 2.04165e+13 2.78586e+13 3.37312e+13 3.69648e+13 3.69648e+13 3.37312e+13 2.78586e+13 2.04165e+13 1.27332e+13 6.12991e+12 1.67669e+12 1.67674e+10 1.18213e+09 6.08113e+07 2.32378e+06 76835.9 2215.75
13015.2 549399 2.20873e+07 8.8814e+08 3.59019e+10 1.75257e+12 1.59786e+14 5.60389e+14 1.14324e+15 1.81421e+15 2.4596e+15 2.96666e+15 3.24519e+15 3.24519e+15 2.96666e+15 2.4596e+15 1.81421e+15 1.14324e+15 5.60389e+14 1.59786e+14 1.75257e+12 3.59019e+10 8.8814e+08 2.20873e+07 549399 13015.2
38858.4 1.71319e+06 7.21875e+07 3.04149e+09 1.28304e+11 6.41562e+12 5.6207e+14 1.96556e+15 4.00486e+15 6.35065e+15 8.60595e+15 1.03773e+16 1.13502e+16 1.13502e+16 1.03773e+16 8.60595e+15 6.35065e+15 4.00486e+15 1.96556e+15 5.6207e+14 6.41562e+12 1.28304e+11 3.04149e+09 7.21875e+07 1.71319e+06 38858.4
78254.3 3.48322e+06 1.48061e+08 6.28274e+09 2.66391e+11 1.33244e+13 1.14765e+15 4.00838e+15 8.16278e+15 1.294e+16 1.75319e+16 2.11382e+16 2.31186e+16 2.31186e+16 2.11382e+16 1.75319e+16 1.294e+16 8.16278e+15 4.00838e+15 1.14765e+15 1.33244e+13 2.66391e+11 6.28274e+09 1.48061e+08 3.48322e+06 78254.3
124585 5.55874e+06 2.36765e+08 1.00623e+10 4.27121e+11 2.13506e+13 1.8215e+15 6.35746e+15 1.29426e+16 2.05134e+16 2.77897e+16 3.35036e+16 3.66415e+16 3.66415e+16 3.35036e+16 2.77897e+16 2.05134e+16 1.29426e+16 6.35746e+15 1.8215e+15 2.13506e+13 4.27121e+11 1.00623e+10 2.36765e+08 5.55874e+06 124585
169499 7.56879e+06 3.22603e+08 1.37183e+10 5.8259e+11 2.91099e+13 2.46916e+15 8.61426e+15 1.75338e+16 2.77871e+16 3.76408e+16 4.53783e+16 4.96273e+16 4.96273e+16 4.53783e+16 3.76408e+16 2.77871e+16 1.75338e+16 8.61426e+15 2.46916e+15 2.91099e+13 5.8259e+11 1.37183e+10 3.22603e+08 7.56879e+06 169499
204881 9.152e+06 3.90213e+08 1.65981e+10 7.05081e+11 3.52219e+13 2.97755e+15 1.03854e+16 2.11365e+16 3.34945e+16 4.53702e+16 5.46952e+16 5.98159e+16 5.98159e+16 5.46952e+16 4.53702e+16 3.34945e+16 2.11365e+16 1.03854e+16 2.97755e+15 3.52219e+13 7.05081e+11 1.65981e+10 3.90213e+08 9.152e+06 204881
224333 1.00224e+07 4.27387e+08 1.81817e+10 7.72448e+11 3.85829e+13 3.25662e+15 1.13575e+16 2.31139e+16 3.66269e+16 4.96123e+16 5.98084e+16 6.54074e+16 6.54074e+16 5.98084e+16 4.96123e+16 3.66269e+16 2.31139e+16 1.13575e+16 3.25662e+15 3.85829e+13 7.72448e+11 1.81817e+10 4.27387e+08 1.00224e+07 224333
224333 1.00224e+07 4.27387e+08 1.81817e+10 7.72448e+11 3.85829e+13 3.25662e+15 1.13575e+16 2.31139e+16 3.66269e+16 4.96123e+16 5.98084e+16 6.54074e+16 6.54074e+16 5.98084e+16 4.96123e+16 3.66269e+16 2.31139e+16 1.13575e+16 3.25662e+15 3.85829e+13 7.72448e+11 1.81817e+10 4.27387e+08 1.00224e+07 224333
204881 9.152e+06 3.90213e+08 1.65981e+10 7.05081e+11 3.52219e+13 2.97755e+15 1.03854e+16 2.11365e+16 3.34945e+16 4.53702e+16 5.46952e+16 5.98159e+16 5.98159e+16 5.46952e+16 4.53702e+16 3.34945e+16 2.11365e+16 1.03854e+16 2.97755e+15 3.52219e+13 7.05081e+11 1.65981e+10 3.90213e+08 9.152e+06 204881
169499 7.56879e+06 3.22603e+08 1.37183e+10 5.8259e+11 2.91099e+13 2.46916e+15 8.61426e+15 1.75338e+16 2.77871e+16 3.76408e+16 4.53783e+16 4.96273e+16 4.96273e+16 4.53783e+16 3.76408e+16 2.77871e+16 1.75338e+16 8.61426e+15 2.46916e+15 2.91099e+13 5.8259e+11 1.37183e+10 3.22603e+08 7.56879e+06 169499
124585 5.55874e+06 2.36765e+08 1.00623e+10 4.27121e+11 2.13506e+13 1.8215e+15 6.35746e+15 1.29426e+16 2.05134e+16 2.77897e+16 3.35036e+16 3.66415e+16 3.66415e+16 3.35036e+16 2.77897e+16 2.05134e+16 1.29426e+16 6.35746e+15 1.8215e+15 2.13506e+13 4.27121e+11 1.00623e+10 2.36765e+08 5.55874e+06 124585
78254.3 3.48322e+06 1.48061e+08 6.28274e+09 2.66391e+11 1.33244e+13 1.14765e+15 4.00838e+15 8.16278e+15 1.294e+16 1.75319e+16 2.11382e+16 2.31186e+16 2.31186e+16 2.11382e+16 1.75319e+16 1.294e+16 8.16278e+15 4.00838e+15 1.14765e+15 1.33244e+13 2.66391e+11 6.28274e+09 1.48061e+08 3.48322e+06 78254.3
38858.4 1.71319e+06 7.21875e+07 3.04149e+09 1.28304e+11 6.41562e+12 5.6207e+14 1.96556e+15 4.00486e+15 6.35065e+15 8.60595e+15 1.03773e+16 1.13502e+16 1.13502e+16 1.03773e+16 8.60595e+15 6.35065e+15 4.00486e+15 1.96556e+15 5.6207e+14 6.41562e+12 1.28304e+11 3.04149e+09 7.21875e+07 1.71319e+06 38858.4
13015.2 549399 2.20873e+07 8.8814e+08 3.59019e+10 1.75257e+12 1.59786e+14 5.60389e+14 1.14324e+15 1.81421e+15 2.4596e+15 2.96666e+15 3.24519e+15 3.24519e+15 2.96666e+15 2.4596e+15 1.81421e+15 1.14324e+15 5.60389e+14 1.59786e+14 1.75257e+12 3.59019e+10 8.8814e+08 2.20873e+07 549399 13015.2
2215.75 76835.9 2.32378e+06 6.08113e+07 1.18213e+09 1.67674e+10 1.67669e+12 6.12991e+12 1.27332e+13 2.04165e+13 2.78586e+13 3.37312e+13 3.69648e+13 3.69648e+13 3.37312e+13 2.78586e+13 2.04165e+13 1.27332e+13 6.12991e+12 1.67669e+12 1.67674e+10 1.18213e+09 6.08113e+07 2.32378e+06 76835.9 2215.75
236.818 6676.67 155611 3.04218e+06 5.06825e+07 1.14593e+09 3.41822e+10 1.22026e+11 2.53428e+11 4.06633e+11 5.55119e+11 6.72325e+11 7.36872e+11 7.36872e+11 6.72325e+11 5.55119e+11 4.06633e+11 2.53428e+11 1.22026e+11 3.41822e+10 1.14593e+09 5.06825e+07 3.04218e+06 155611 6676.67 236.818
19.0877 457.776 9097.85 163929 2.97425e+06 5.84864e+07 8.45719e+08 2.89323e+09 5.9781e+09 9.58118e+09 1.30732e+10 1.58289e+10 1.73462e+10 1.73462e+10 1.58289e+10 1.30732e+10 9.58118e+09 5.9781e+09 2.89323e+09 8.45719e+08 5.84864e+07 2.97425e+06 163929 9097.85 457.776 19.0877
1.30753 28.1617 515.326 8943.75 150628 2.22725e+06 2.10343e+07 6.86816e+07 1.40907e+08 2.2548e+08 3.07476e+08 3.72171e+08 4.07787e+08 4.07787e+08 3.72171e+08 3.07476e+08 2.2548e+08 1.40907e+08 6.86816e+07 2.10343e+07 2.22725e+06 150628 8943.75 515.326 28.1617 1.30753
0.0809724 1.62049 27.7801 445.513 6430.82 73507.2 523240 1.63027e+06 3.31549e+06 5.29464e+06 7.21484e+06 8.72984e+06 9.56376e+06 9.56376e+06 8.72984e+06 7.21484e+06 5.29464e+06 3.31549e+06 1.63027e+06 523240 73507.2 6430.82 445.513 27.7801 1.62049 0.0809724
0.00424766 0.0801095 1.27836 18.4713 227.464 2117.45 12396.1 36983.7 74498.3 118683 161593 195451 214087 214087 195451 161593 118683 74498.3 36983.7 12396.1 2117.45 227.464 18.4713 1.27836 0.0801095 0.00424766
