7.94404 147.468 2290.06 31964.5 380466 3.44789e+06 1.98111e+07 5.81448e+07 1.14858e+08 1.79045e+08 2.38745e+08 2.84055e+08 3.08328e+08 3.08328e+08 2.84055e+08 2.38744e+08 1.79045e+08 1.14858e+08 5.81448e+07 1.98111e+07 3.44789e+06 380466 31964.5 2290.06 147.468 7.94404
152.707 3032.32 50894.3 787247 1.08926e+07 1.20211e+08 8.3687e+08 2.56312e+09 5.10697e+09 7.97104e+09 1.06256e+10 1.26358e+10 1.37112e+10 1.37112e+10 1.26358e+10 1.06256e+10 7.97104e+09 5.10697e+09 2.56312e+09 8.3687e+08 1.20211e+08 1.08926e+07 787247 50894.3 3032.32 152.707
2464.25 53231.2 967232 1.63123e+07 2.61099e+08 3.67276e+09 3.37073e+10 1.08108e+11 2.17088e+11 3.3912e+11 4.51846e+11 5.37009e+11 5.825e+11 5.825e+11 5.37009e+11 4.51846e+11 3.3912e+11 2.17088e+11 1.08108e+11 3.37073e+10 3.67276e+09 2.61099e+08 1.63123e+07 967232 53231.2 2464.25
35501.6 860435 1.72771e+07 3.10136e+08 5.37906e+09 9.79955e+10 1.35901e+12 4.56336e+12 9.22004e+12 1.44079e+13 1.91854e+13 2.27866e+13 2.47074e+13 2.47074e+13 2.27866e+13 1.91854e+13 1.44079e+13 9.22004e+12 4.56336e+12 1.35901e+12 9.79955e+10 5.37906e+09 3.10136e+08 1.72771e+07 860435 35501.6
430541 1.22689e+07 2.90941e+08 5.82746e+09 9.81143e+10 1.99692e+12 5.51054e+13 1.92963e+14 3.91492e+14 6.11706e+14 8.1395e+14 9.66065e+14 1.04707e+15 1.04707e+15 9.66065e+14 8.1395e+14 6.11706e+14 3.91492e+14 1.92963e+14 5.51054e+13 1.99692e+12 9.81143e+10 5.82746e+09 2.90941e+08 1.22689e+07 430541
3.92486e+06 1.36888e+08 4.18523e+09 1.11823e+11 2.28475e+12 3.44986e+13 2.74634e+15 9.84268e+15 1.99748e+16 3.11958e+16 4.15021e+16 4.92576e+16 5.33897e+16 5.33897e+16 4.92576e+16 4.15021e+16 3.11958e+16 1.99748e+16 9.84268e+15 2.74634e+15 3.44986e+13 2.28475e+12 1.11823e+11 4.18523e+09 1.36888e+08 3.92486e+06
2.25094e+07 9.50702e+08 3.82861e+10 1.54338e+12 6.25702e+13 3.01598e+15 2.61066e+17 9.05505e+17 1.82171e+18 2.84521e+18 3.79864e+18 4.52679e+18 4.91908e+18 4.91908e+18 4.52679e+18 3.79864e+18 2.84521e+18 1.82171e+18 9.05505e+17 2.61066e+17 3.01598e+15 6.25702e+13 1.54338e+12 3.82861e+10 9.50702e+08 2.25094e+07
6.59666e+07 2.90715e+09 1.22585e+11 5.1731e+12 2.18689e+14 1.08194e+16 9.09644e+17 3.14738e+18 6.32449e+18 9.87062e+18 1.31722e+19 1.56929e+19 1.70507e+19 1.70507e+19 1.56929e+19 1.31722e+19 9.87062e+18 6.32449e+18 3.14738e+18 9.09644e+17 1.08194e+16 2.18689e+14 5.1731e+12 1.22585e+11 2.90715e+09 6.59666e+07
1.30157e+08 5.78548e+09 2.45856e+11 1.04388e+13 4.43112e+14 2.19417e+16 1.83111e+18 6.32837e+18 1.27031e+19 1.98056e+19 2.64069e+19 3.14397e+19 3.4148e+19 3.4148e+19 3.14397e+19 2.64069e+19 1.98056e+19 1.27031e+19 6.32837e+18 1.83111e+18 2.19417e+16 4.43112e+14 1.04388e+13 2.45856e+11 5.78548e+09 1.30157e+08
2.02682e+08 9.0204e+09 3.83635e+11 1.62938e+13 6.91548e+14 3.42279e+16 2.85792e+18 9.87018e+18 1.97927e+19 3.08251e+19 4.10572e+19 4.88437e+19 5.30289e+19 5.30289e+19 4.88437e+19 4.10572e+19 3.08251e+19 1.97927e+19 9.87018e+18 2.85792e+18 3.42279e+16 6.91548e+14 1.62938e+13 3.83635e+11 9.0204e+09 2.02682e+08
2.7002e+08 1.20133e+10 5.10668e+11 2.1675e+13 9.19243e+14 4.548e+16 3.81133e+18 1.31573e+19 2.63614e+19 4.10131e+19 5.45742e+19 6.48757e+19 7.04058e+19 7.04058e+19 6.48757e+19 5.45742e+19 4.10131e+19 2.63613e+19 1.31573e+19 3.81133e+18 4.548e+16 9.19243e+14 2.1675e+13 5.10668e+11 1.20133e+10 2.7002e+08
3.21051e+08 1.42761e+10 6.0648e+11 2.57244e+13 1.09019e+15 5.39245e+16 4.53717e+18 1.56592e+19 3.13539e+19 4.87425e+19 6.48109e+19 7.69999e+19 8.3537e+19 8.3537e+19 7.69999e+19 6.48109e+19 4.87425e+19 3.13539e+19 1.56592e+19 4.53717e+18 5.39245e+16 1.09019e+15 2.57244e+13 6.0648e+11 1.42761e+10 3.21051e+08
3.4836e+08 1.54853e+10 6.57601e+11 2.78816e+13 1.18111e+15 5.8415e+16 4.92734e+18 1.70038e+19 3.40347e+19 5.28879e+19 7.02943e+19 8.3488e+19 9.05602e+19 9.05602e+19 8.3488e+19 7.02943e+19 5.28879e+19 3.40347e+19 1.70038e+19 4.92734e+18 5.8415e+16 1.18111e+15 2.78816e+13 6.57601e+11 1.54853e+10 3.4836e+08
3.4836e+08 1.54853e+10 6.57601e+11 2.78816e+13 1.18111e+15 5.8415e+16 4.92734e+18 1.70038e+19 3.40347e+19 5.28879e+19 7.02943e+19 8.3488e+19 9.05602e+19 9.05602e+19 8.3488e+19 7.02943e+19 5.28879e+19 3.40347e+19 1.70038e+19 4.92734e+18 5.8415e+16 1.18111e+15 2.78816e+13 6.57601e+11 1.54853e+10 3.4836e+08
3.21051e+08 1.42761e+10 6.0648e+11 2.57244e+13 1.09019e+15 5.39245e+16 4.53717e+18 1.56592e+19 3.13539e+19 4.87425e+19 6.48109e+19 7.69999e+19 8.3537e+19 8.3537e+19 7.69999e+19 6.48109e+19 4.87425e+19 3.13539e+19 1.56592e+19 4.53717e+18 5.39245e+16 1.09019e+15 2.57244e+13 6.0648e+11 1.42761e+10 3.21051e+08
2.7002e+08 1.20133e+10 5.10668e+11 2.1675e+13 9.19243e+14 4.548e+16 3.81133e+18 1.31573e+19 2.63613e+19 4.10131e+19 5.45742e+19 6.48757e+19 7.04058e+19 7.04058e+19 6.48757e+19 5.45742e+19 4.10131e+19 2.63614e+19 1.31573e+19 3.81133e+18 4.548e+16 9.19243e+14 2.1675e+13 5.10668e+11 1.20133e+10 2.7002e+08
2.02682e+08 9.0204e+09 3.83635e+11 1.62938e+13 6.91548e+14 3.42279e+16 2.85792e+18 9.87018e+18 1.97927e+19 3.08251e+19 4.10572e+19 4.88437e+19 5.30289e+19 5.30289e+19 4.88437e+19 4.10572e+19 3.08251e+19 1.97927e+19 9.87018e+18 2.85792e+18 3.42279e+16 6.91548e+14 1.62938e+13 3.83635e+11 9.0204e+09 2.02682e+08
1.30157e+08 5.78548e+09 2.45856e+11 1.04388e+13 4.43112e+14 2.19417e+16 1.83111e+18 6.32837e+18 1.27031e+19 1.98056e+19 2.64069e+19 3.14397e+19 3.4148e+19 3.4148e+19 3.14397e+19 2.64069e+19 1.98056e+19 1.27031e+19 6.32837e+18 1.83111e+18 2.19417e+16 4.43112e+14 1.04388e+13 2.45856e+11 5.78548e+09 1.30157e+08
6.59666e+07 2.90715e+09 1.22585e+11 5.1731e+12 2.18689e+14 1.08194e+16 9.09644e+17 3.14738e+18 6.32449e+18 9.87062e+18 1.31722e+19 1.56929e+19 1.70507e+19 1.70507e+19 1.56929e+19 1.31722e+19 9.87062e+18 6.32449e+18 3.14738e+18 9.09644e+17 1.08194e+16 2.18689e+14 5.1731e+12 1.22585e+11 2.90715e+09 6.59665e+07
2.25094e+07 9.50702e+08 3.82861e+10 1.54338e+12 6.25702e+13 3.01598e+15 2.61066e+17 9.05505e+17 1.82171e+18 2.84521e+18 3.79864e+18 4.52679e+18 4.91908e+18 4.91908e+18 4.52679e+18 3.79864e+18 2.84521e+18 1.82171e+18 9.05505e+17 2.61066e+17 3.01598e+15 6.25702e+13 1.54338e+12 3.82861e+10 9.50702e+08 2.25094e+07
3.92486e+06 1.36888e+08 4.18523e+09 1.11823e+11 2.28475e+12 3.44986e+13 2.74634e+15 9.84268e+15 1.99748e+16 3.11958e+16 4.15021e+16 4.92576e+16 5.33897e+16 5.33897e+16 4.92576e+16 4.15021e+16 3.11958e+16 1.99748e+16 9.84268e+15 2.74634e+15 3.44986e+13 2.28475e+12 1.11823e+11 4.18523e+09 1.36888e+08 3.92486e+06
430541 1.22689e+07 2.90941e+08 5.82746e+09 9.81143e+10 1.99692e+12 5.51054e+13 1.92963e+14 3.91492e+14 6.11706e+14 8.1395e+14 9.66065e+14 1.04707e+15 1.04707e+15 9.66065e+14 8.1395e+14 6.11706e+14 3.91492e+14 1.92963e+14 5.51054e+13 1.99692e+12 9.81143e+10 5.82746e+09 2.90941e+08 1.22689e+07 430541
35501.6 860435 1.72771e+07 3.10136e+08 5.37906e+09 9.79955e+10 1.35901e+12 4.56336e+12 9.22004e+12 1.44079e+13 1.91854e+13 2.27866e+13 2.47074e+13 2.47074e+13 2.27866e+13 1.91854e+13 1.44079e+13 9.22004e+12 4.56336e+12 1.35901e+12 9.79955e+10 5.37906e+09 3.10136e+08 1.72771e+07 860435 35501.6
2464.25 53231.2 967232 1.63123e+07 2.61099e+08 3.67276e+09 3.37073e+10 1.08108e+11 2.17088e+11 3.3912e+11 4.51846e+11 5.37009e+11 5.825e+11 5.825e+11 5.37009e+11 4.51846e+11 3.3912e+11 2.17088e+11 1.08108e+11 3.37073e+10 3.67276e+09 2.61099e+08 1.63123e+07 967232 53231.2 2464.25
152.707 3032.32 50894.3 787247 1.08926e+07 1.20211e+08 8.3687e+08 2.56312e+09 5.10697e+09 7.97104e+09 1.06256e+10 1.26358e+10 1.37112e+10 1.37112e+10 1.26358e+10 1.06256e+10 7.97104e+09 5.10697e+09 2.56312e+09 8.3687e+08 1.20211e+08 1.08926e+07 787247 50894.3 3032.32 152.707
7.94404 147.468 2290.06 31964.5 380466 3.44789e+06 1.98111e+07 5.81448e+07 1.14858e+08 1.79045e+08 2.38744e+08 2.84055e+08 3.08328e+08 3.08328e+08 2.84055e+08 2.38745e+08 1.79045e+08 1.14858e+08 5.81448e+07 1.98111e+07 3.44789e+06 380466 31964.5 2290.06 147.468 7.94405
