0.0470885 0.888835 14.1865 204.913 2522.26 23473.3 137388 409521 823498 1.30884e+06 1.77758e+06 2.1455e+06 2.34724e+06 2.34724e+06 2.1455e+06 1.77758e+06 1.30884e+06 823498 409521 137388 23473.3 2522.26 204.913 14.1865 0.888835 0.0470885
0.899544 18.03 309.305 4958.73 71519 816993 5.81376e+06 1.80985e+07 3.67442e+07 5.85387e+07 7.9563e+07 9.60601e+07 1.05105e+08 1.05105e+08 9.60601e+07 7.9563e+07 5.85387e+07 3.67442e+07 1.80985e+07 5.81376e+06 816993 71519 4958.73 309.305 18.03 0.899543
14.5482 314.066 5756.3 99915.6 1.6806e+06 2.48161e+07 2.3423e+08 7.64184e+08 1.56514e+09 2.49847e+09 3.39795e+09 4.10357e+09 4.49043e+09 4.49043e+09 4.10357e+09 3.39795e+09 2.49847e+09 1.56514e+09 7.64184e+08 2.3423e+08 2.48161e+07 1.6806e+06 99915.6 5756.3 314.066 14.5482
212.52 5111.32 101852 1.83801e+06 3.3313e+07 6.53245e+08 9.4344e+09 3.22501e+10 6.65234e+10 1.06352e+11 1.44712e+11 1.74801e+11 1.91297e+11 1.91297e+11 1.74801e+11 1.44712e+11 1.06352e+11 6.65234e+10 3.22501e+10 9.4344e+09 6.53245e+08 3.3313e+07 1.83801e+06 101852 5111.32 212.52
2636.66 74552.7 1.74285e+06 3.41766e+07 5.70493e+08 1.28403e+10 3.81834e+11 1.36211e+12 2.82406e+12 4.51963e+12 6.15222e+12 7.43277e+12 8.13477e+12 8.13477e+12 7.43277e+12 6.15222e+12 4.51963e+12 2.82406e+12 1.36211e+12 3.81834e+11 1.28403e+10 5.70493e+08 3.41766e+07 1.74285e+06 74552.7 2636.66
24660.7 857477 2.60022e+07 6.82342e+08 1.33172e+10 1.8976e+11 1.87584e+13 6.85382e+13 1.42148e+14 2.27361e+14 3.09369e+14 3.73682e+14 4.08935e+14 4.08935e+14 3.73682e+14 3.09369e+14 2.27361e+14 1.42148e+14 6.85382e+13 1.87584e+13 1.8976e+11 1.33172e+10 6.82342e+08 2.60022e+07 857477 24660.7
144767 6.12644e+06 2.4685e+08 9.94381e+09 4.02518e+11 1.96528e+13 1.78807e+15 6.27187e+15 1.27904e+16 2.0278e+16 2.7458e+16 3.30813e+16 3.61629e+16 3.61629e+16 3.30813e+16 2.7458e+16 2.0278e+16 1.27904e+16 6.27187e+15 1.78807e+15 1.96528e+13 4.02518e+11 9.94381e+09 2.4685e+08 6.12644e+06 144767
431706 1.90822e+07 8.05871e+08 3.40161e+10 1.43699e+12 7.18884e+13 6.29066e+15 2.20028e+16 4.48176e+16 7.1009e+16 9.61177e+16 1.15781e+17 1.26556e+17 1.26556e+17 1.15781e+17 9.61177e+16 7.1009e+16 4.48176e+16 2.20028e+16 6.29066e+15 7.18884e+13 1.43699e+12 3.40161e+10 8.05871e+08 1.90822e+07 431706
867650 3.87206e+07 1.64962e+09 7.0127e+10 2.9776e+12 1.49034e+14 1.28376e+16 4.485e+16 9.13093e+16 1.4463e+17 1.95739e+17 2.35761e+17 2.57693e+17 2.57693e+17 2.35761e+17 1.95739e+17 1.4463e+17 9.13093e+16 4.485e+16 1.28376e+16 1.49034e+14 2.9776e+12 7.0127e+10 1.64962e+09 3.87206e+07 867650
1.37771e+06 6.16276e+07 2.63069e+09 1.11998e+11 4.76031e+12 2.38146e+14 2.03514e+16 7.10576e+16 1.44625e+17 2.29042e+17 3.0995e+17 3.73303e+17 4.08019e+17 4.08019e+17 3.73303e+17 3.0995e+17 2.29042e+17 1.44625e+17 7.10576e+16 2.03514e+16 2.38146e+14 4.76031e+12 1.11998e+11 2.63069e+09 6.16276e+07 1.37771e+06
1.86917e+06 8.36718e+07 3.57383e+09 1.5222e+11 6.47222e+12 3.23685e+14 2.75466e+16 9.61495e+16 1.95666e+17 3.09845e+17 4.19269e+17 5.04946e+17 5.51895e+17 5.51895e+17 5.04946e+17 4.19269e+17 3.09845e+17 1.95666e+17 9.61495e+16 2.75466e+16 3.23685e+14 6.47222e+12 1.5222e+11 3.57383e+09 8.36718e+07 1.86917e+06
2.2541e+06 1.0093e+08 4.31199e+09 1.83695e+11 7.81162e+12 3.90601e+14 3.31739e+16 1.15773e+17 2.35582e+17 3.73034e+17 5.04754e+17 6.07885e+17 6.64398e+17 6.64398e+17 6.07885e+17 5.04754e+17 3.73034e+17 2.35582e+17 1.15773e+17 3.31739e+16 3.90601e+14 7.81162e+12 1.83695e+11 4.31199e+09 1.0093e+08 2.2541e+06
2.46484e+06 1.10378e+08 4.71601e+09 2.0092e+11 8.54457e+12 4.27217e+14 3.62545e+16 1.26516e+17 2.57436e+17 4.07628e+17 5.51554e+17 6.64239e+17 7.25987e+17 7.25987e+17 6.64239e+17 5.51554e+17 4.07628e+17 2.57436e+17 1.26516e+17 3.62545e+16 4.27217e+14 8.54457e+12 2.0092e+11 4.71601e+09 1.10378e+08 2.46484e+06
2.46484e+06 1.10378e+08 4.71601e+09 2.0092e+11 8.54457e+12 4.27217e+14 3.62545e+16 1.26516e+17 2.57436e+17 4.07628e+17 5.51554e+17 6.64239e+17 7.25987e+17 7.25987e+17 6.64239e+17 5.51554e+17 4.07628e+17 2.57436e+17 1.26516e+17 3.62545e+16 4.27217e+14 8.54457e+12 2.0092e+11 4.71601e+09 1.10378e+08 2.46484e+06
2.2541e+06 1.0093e+08 4.31199e+09 1.83695e+11 7.81162e+12 3.90601e+14 3.31739e+16 1.15773e+17 2.35582e+17 3.73034e+17 5.04754e+17 6.07885e+17 6.64398e+17 6.64398e+17 6.07885e+17 5.04754e+17 3.73034e+17 2.35582e+17 1.15773e+17 3.31739e+16 3.90601e+14 7.81162e+12 1.83695e+11 4.31199e+09 1.0093e+08 2.2541e+06
1.86917e+06 8.36718e+07 3.57383e+09 1.5222e+11 6.47222e+12 3.23685e+14 2.75466e+16 9.61495e+16 1.95666e+17 3.09845e+17 4.19269e+17 5.04946e+17 5.51895e+17 5.51895e+17 5.04946e+17 4.19269e+17 3.09845e+17 1.95666e+17 9.61495e+16 2.75466e+16 3.23685e+14 6.47222e+12 1.5222e+11 3.57383e+09 8.36718e+07 1.86917e+06
1.37771e+06 6.16276e+07 2.63069e+09 1.11998e+11 4.76031e+12 2.38146e+14 2.03514e+16 7.10576e+16 1.44625e+17 2.29042e+17 3.0995e+17 3.73303e+17 4.08019e+17 4.08019e+17 3.73303e+17 3.0995e+17 2.29042e+17 1.44625e+17 7.10576e+16 2.03514e+16 2.38146e+14 4.76031e+12 1.11998e+11 2.63069e+09 6.16276e+07 1.37771e+06
867650 3.87206e+07 1.64962e+09 7.0127e+10 2.9776e+12 1.49034e+14 1.28376e+16 4.485e+16 9.13093e+16 1.4463e+17 1.95739e+17 2.35761e+17 2.57693e+17 2.57693e+17 2.35761e+17 1.95739e+17 1.4463e+17 9.13093e+16 4.485e+16 1.28376e+16 1.49034e+14 2.9776e+12 7.0127e+10 1.64962e+09 3.87206e+07 867650
431706 1.90822e+07 8.05871e+08 3.40161e+10 1.43699e+12 7.18884e+13 6.29066e+15 2.20028e+16 4.48176e+16 7.1009e+16 9.61177e+16 1.15781e+17 1.26556e+17 1.26556e+17 1.15781e+17 9.61177e+16 7.1009e+16 4.48176e+16 2.20028e+16 6.29066e+15 7.18884e+13 1.43699e+12 3.40161e+10 8.05871e+08 1.90822e+07 431706
144767 6.12644e+06 2.4685e+08 9.94381e+09 4.02518e+11 1.96528e+13 1.78807e+15 6.27187e+15 1.27904e+16 2.0278e+16 2.7458e+16 3.30813e+16 3.61629e+16 3.61629e+16 3.30813e+16 2.7458e+16 2.0278e+16 1.27904e+16 6.27187e+15 1.78807e+15 1.96528e+13 4.02518e+11 9.94381e+09 2.4685e+08 6.12644e+06 144767
24660.7 857477 2.60022e+07 6.82342e+08 1.33172e+10 1.8976e+11 1.87584e+13 6.85382e+13 1.42148e+14 2.27361e+14 3.09369e+14 3.73682e+14 4.08935e+14 4.08935e+14 3.73682e+14 3.09369e+14 2.27361e+14 1.42148e+14 6.85382e+13 1.87584e+13 1.8976e+11 1.33172e+10 6.82342e+08 2.60022e+07 857477 24660.7
2636.66 74552.7 1.74285e+06 3.41766e+07 5.70493e+08 1.28403e+10 3.81834e+11 1.36211e+12 2.82406e+12 4.51963e+12 6.15222e+12 7.43277e+12 8.13477e+12 8.13477e+12 7.43277e+12 6.15222e+12 4.51963e+12 2.82406e+12 1.36211e+12 3.81834e+11 1.28403e+10 5.70493e+08 3.41766e+07 1.74285e+06 74552.7 2636.66
212.52 5111.32 101852 1.83801e+06 3.3313e+07 6.53245e+08 9.4344e+09 3.22501e+10 6.65234e+10 1.06352e+11 1.44712e+11 1.74801e+11 1.91297e+11 1.91297e+11 1.74801e+11 1.44712e+11 1.06352e+11 6.65234e+10 3.22501e+10 9.4344e+09 6.53245e+08 3.3313e+07 1.83801e+06 101852 5111.32 212.52
14.5482 314.066 5756.3 99915.6 1.6806e+06 2.48161e+07 2.3423e+08 7.64184e+08 1.56514e+09 2.49847e+09 3.39795e+09 4.10357e+09 4.49043e+09 4.49043e+09 4.10357e+09 3.39795e+09 2.49847e+09 1.56514e+09 7.64184e+08 2.3423e+08 2.48161e+07 1.6806e+06 99915.6 5756.3 314.066 14.5482
0.899543 18.03 309.305 4958.73 71519 816993 5.81376e+06 1.80985e+07 3.67442e+07 5.85387e+07 7.9563e+07 9.60601e+07 1.05105e+08 1.05105e+08 9.60601e+07 7.9563e+07 5.85387e+07 3.67442e+07 1.80985e+07 5.81376e+06 816993 71519 4958.73 309.305 18.03 0.899543
0.0470885 0.888835 14.1865 204.913 2522.26 23473.3 137388 409521 823498 1.30884e+06 1.77758e+06 2.1455e+06 2.34724e+06 2.34724e+06 2.1455e+06 1.77758e+06 1.30884e+06 823498 409521 137388 23473.3 2522.26 204.913 14.1865 0.888835 0.0470885
