6.78336e-06 0.000127706 0.00203472 0.0293633 0.361194 3.35881 19.6466 58.603 118.103 188.359 256.829 311.055 340.983 340.983 311.055 256.829 188.359 118.103 58.603 19.6466 3.35881 0.361194 0.0293633 0.00203472 0.000127706 6.78336e-06
0.000129023 0.00257656 0.0440888 0.706121 10.1822 116.275 826.94 2575.68 5240.15 8377.13 11431.8 13851 15186.5 15186.5 13851 11431.8 8377.13 5240.15 2575.68 826.94 116.275 10.1822 0.706121 0.0440888 0.00257656 0.000129023
0.00207924 0.0446688 0.815547 14.1326 237.813 3514.02 33160.5 108230 222107 355788 485884 588939 645843 645843 588939 485884 355788 222107 108230 33160.5 3514.02 237.813 14.1326 0.815547 0.0446688 0.00207924
0.030305 0.724755 14.3654 258.312 4682.41 92066.2 1.33062e+06 4.54965e+06 9.40255e+06 1.50851e+07 2.06142e+07 2.49957e+07 2.74158e+07 2.74158e+07 2.49957e+07 2.06142e+07 1.50851e+07 9.40255e+06 4.54965e+06 1.33062e+06 92066.2 4682.41 258.312 14.3654 0.724755 0.030305
0.375526 10.5568 245.353 4784.29 79552.6 1.79979e+06 5.37017e+07 1.91581e+08 3.97928e+08 6.39146e+08 8.73902e+08 1.06002e+09 1.16286e+09 1.16286e+09 1.06002e+09 8.73902e+08 6.39146e+08 3.97928e+08 1.91581e+08 5.37017e+07 1.79979e+06 79552.6 4784.29 245.353 10.5568 0.375526
3.51017 121.375 3661.01 95573.7 1.85313e+06 2.62195e+07 2.63107e+09 9.61077e+09 1.99624e+10 3.2036e+10 4.37772e+10 5.30824e+10 5.82227e+10 5.82227e+10 5.30824e+10 4.37772e+10 3.2036e+10 1.99624e+10 9.61077e+09 2.63107e+09 2.62195e+07 1.85313e+06 95573.7 3661.01 121.375 3.51017
20.6055 867.311 34780.1 1.39568e+06 5.63328e+07 2.74788e+09 2.50609e+11 8.77874e+11 1.78941e+12 2.83885e+12 3.84952e+12 4.6449e+12 5.08242e+12 5.08242e+12 4.6449e+12 3.84952e+12 2.83885e+12 1.78941e+12 8.77874e+11 2.50609e+11 2.74788e+09 5.63328e+07 1.39568e+06 34780.1 867.311 20.6055
61.5245 2704.43 113655 4.7784e+06 2.01243e+08 1.00527e+10 8.80596e+11 3.07575e+12 6.2613e+12 9.92535e+12 1.34516e+13 1.62253e+13 1.77506e+13 1.77506e+13 1.62253e+13 1.34516e+13 9.92535e+12 6.2613e+12 3.07575e+12 8.80596e+11 1.00527e+10 2.01243e+08 4.7784e+06 113655 2704.43 61.5245
124.005 5502.73 233270 9.87652e+06 4.18048e+08 2.08846e+10 1.79694e+12 6.26828e+12 1.27532e+13 2.02091e+13 2.73826e+13 3.30241e+13 3.6126e+13 3.6126e+13 3.30241e+13 2.73826e+13 2.02091e+13 1.27532e+13 6.26828e+12 1.79694e+12 2.08846e+10 4.18048e+08 9.87652e+06 233270 5502.73 124.005
197.724 8794.8 373578 1.58416e+07 6.71296e+08 3.35098e+10 2.85218e+12 9.94147e+12 2.02195e+13 3.20338e+13 4.33984e+13 5.23348e+13 5.72481e+13 5.72481e+13 5.23348e+13 4.33984e+13 3.20338e+13 2.02195e+13 9.94147e+12 2.85218e+12 3.35098e+10 6.71296e+08 1.58416e+07 373578 8794.8 197.724
269.505 11997.5 509996 2.16401e+07 9.1752e+08 4.57764e+10 3.8684e+12 1.34765e+13 2.7403e+13 4.34085e+13 5.88029e+13 7.09071e+13 7.75617e+13 7.75617e+13 7.09071e+13 5.88029e+13 4.34085e+13 2.7403e+13 1.34765e+13 3.8684e+12 4.57764e+10 9.1752e+08 2.16401e+07 509996 11997.5 269.505
326.305 14531.8 617963 2.62309e+07 1.11255e+09 5.54894e+10 4.668e+12 1.62567e+13 3.30517e+13 5.23519e+13 7.09136e+13 8.55074e+13 9.35305e+13 9.35305e+13 8.55074e+13 7.09136e+13 5.23519e+13 3.30517e+13 1.62567e+13 4.668e+12 5.54894e+10 1.11255e+09 2.62309e+07 617963 14531.8 326.305
357.634 15929.9 677541 2.87649e+07 1.22024e+09 6.08516e+10 5.10777e+12 1.77854e+13 3.61571e+13 5.72682e+13 7.75709e+13 9.3533e+13 1.02308e+14 1.02308e+14 9.3533e+13 7.75709e+13 5.72682e+13 3.61571e+13 1.77854e+13 5.10777e+12 6.08516e+10 1.22024e+09 2.87649e+07 677541 15929.9 357.634
357.634 15929.9 677541 2.87649e+07 1.22024e+09 6.08516e+10 5.10777e+12 1.77854e+13 3.61571e+13 5.72682e+13 7.75709e+13 9.3533e+13 1.02308e+14 1.02308e+14 9.3533e+13 7.75709e+13 5.72682e+13 3.61571e+13 1.77854e+13 5.10777e+12 6.08516e+10 1.22024e+09 2.87649e+07 677541 15929.9 357.634
326.305 14531.8 617963 2.62309e+07 1.11255e+09 5.54894e+10 4.668e+12 1.62567e+13 3.30517e+13 5.23519e+13 7.09136e+13 8.55074e+13 9.35305e+13 9.35305e+13 8.55074e+13 7.09136e+13 5.23519e+13 3.30517e+13 1.62567e+13 4.668e+12 5.54894e+10 1.11255e+09 2.62309e+07 617963 14531.8 326.305
269.505 11997.5 509996 2.16401e+07 9.1752e+08 4.57764e+10 3.8684e+12 1.34765e+13 2.7403e+13 4.34085e+13 5.88029e+13 7.09071e+13 7.75617e+13 7.75617e+13 7.09071e+13 5.88029e+13 4.34085e+13 2.7403e+13 1.34765e+13 3.8684e+12 4.57764e+10 9.1752e+08 2.16401e+07 509996 11997.5 269.505
197.724 8794.8 373578 1.58416e+07 6.71296e+08 3.35098e+10 2.85218e+12 9.94147e+12 2.02195e+13 3.20338e+13 4.33984e+13 5.23348e+13 5.72481e+13 5.72481e+13 5.23348e+13 4.33984e+13 3.20338e+13 2.02195e+13 9.94147e+12 2.85218e+12 3.35098e+10 6.71296e+08 1.58416e+07 373578 8794.8 197.724
124.005 5502.73 233270 9.87652e+06 4.18048e+08 2.08846e+10 1.79694e+12 6.26828e+12 1.27532e+13 2.02091e+13 2.73826e+13 3.30241e+13 3.6126e+13 3.6126e+13 3.30241e+13 2.73826e+13 2.02091e+13 1.27532e+13 6.26828e+12 1.79694e+12 2.08846e+10 4.18048e+08 9.87652e+06 233270 5502.73 124.005
61.5245 2704.43 113655 4.7784e+06 2.01243e+08 1.00527e+10 8.80596e+11 3.07575e+12 6.2613e+12 9.92535e+12 1.34516e+13 1.62253e+13 1.77506e+13 1.77506e+13 1.62253e+13 1.34516e+13 9.92535e+12 6.2613e+12 3.07575e+12 8.80596e+11 1.00527e+10 2.01243e+08 4.7784e+06 113655 2704.43 61.5245
20.6055 867.311 34780.1 1.39568e+06 5.63328e+07 2.74788e+09 2.50609e+11 8.77874e+11 1.78941e+12 2.83885e+12 3.84952e+12 4.6449e+12 5.08242e+12 5.08242e+12 4.6449e+12 3.84952e+12 2.83885e+12 1.78941e+12 8.77874e+11 2.50609e+11 2.74788e+09 5.63328e+07 1.39568e+06 34780.1 867.311 20.6055
3.51017 121.375 3661.01 95573.7 1.85313e+06 2.62195e+07 2.63107e+09 9.61078e+09 1.99624e+10 3.2036e+10 4.37772e+10 5.30824e+10 5.82227e+10 5.82227e+10 5.30824e+10 4.37772e+10 3.2036e+10 1.99624e+10 9.61077e+09 2.63107e+09 2.62195e+07 1.85313e+06 95573.7 3661.01 121.375 3.51017
0.375526 10.5568 245.353 4784.29 79552.6 1.79979e+06 5.37017e+07 1.91581e+08 3.97928e+08 6.39146e+08 8.73902e+08 1.06002e+09 1.16286e+09 1.16286e+09 1.06002e+09 8.73902e+08 6.39146e+08 3.97928e+08 1.91581e+08 5.37017e+07 1.79979e+06 79552.6 4784.29 245.353 10.5568 0.375526
0.030305 0.724755 14.3654 258.312 4682.41 92066.2 1.33062e+06 4.54965e+06 9.40255e+06 1.50851e+07 2.06142e+07 2.49957e+07 2.74158e+07 2.74158e+07 2.49957e+07 2.06142e+07 1.50851e+07 9.40255e+06 4.54965e+06 1.33062e+06 92066.2 4682.41 258.312 14.3654 0.724755 0.030305
0.00207924 0.0446688 0.815547 14.1326 237.813 3514.02 33160.5 108230 222107 355788 485884 588939 645843 645843 588939 485884 355788 222107 108230 33160.5 3514.02 237.813 14.1326 0.815547 0.0446688 0.00207924
0.000129023 0.00257656 0.0440888 0.706121 10.1822 116.275 826.94 2575.68 5240.15 8377.13 11431.8 13851 15186.5 15186.5 13851 11431.8 8377.13 5240.15 2575.68 826.94 116.275 10.1822 0.706121 0.0440888 0.00257656 0.000129023
6.78336e-06 0.000127706 0.00203472 0.0293633 0.361194 3.35881 19.6466 58.603 118.103 188.359 256.829 311.055 340.983 340.983 311.055 256.829 188.359 118.103 58.6029 19.6466 3.35881 0.361194 0.0293633 0.00203472 0.000127706 6.78335e-06
