0.0393115 0.746209 11.978 173.944 2152.14 20130.7 118452 355343 719643 1.15162e+06 1.57306e+06 1.90642e+06 2.09008e+06 2.09008e+06 1.90642e+06 1.57306e+06 1.15162e+06 719643 355343 118452 20130.7 2152.14 173.944 11.978 0.746209 0.0393115
0.755077 15.2271 262.787 4236.13 61411.6 705001 5.04252e+06 1.58025e+07 3.23244e+07 5.18698e+07 7.09243e+07 8.59957e+07 9.42998e+07 9.42998e+07 8.59957e+07 7.09243e+07 5.18698e+07 3.23244e+07 1.58025e+07 5.04252e+06 705001 61411.6 4236.13 262.787 15.2271 0.755077
12.2792 266.776 4918.93 85838.2 1.45094e+06 2.15242e+07 2.04111e+08 6.70553e+08 1.3843e+09 2.22659e+09 3.04729e+09 3.69645e+09 4.05414e+09 4.05414e+09 3.69645e+09 3.04729e+09 2.22659e+09 1.3843e+09 6.70553e+08 2.04111e+08 2.15242e+07 1.45094e+06 85838.2 4918.93 266.776 12.2792
180.317 4364.7 87477.8 1.5864e+06 2.88822e+07 5.68761e+08 8.24732e+09 2.83976e+10 5.90683e+10 9.51862e+10 1.30369e+11 1.58201e+11 1.73537e+11 1.73537e+11 1.58201e+11 1.30369e+11 9.51862e+10 5.90683e+10 2.83976e+10 8.24732e+09 5.68761e+08 2.88822e+07 1.5864e+06 87477.8 4364.7 180.317
2248.55 63982.5 1.50393e+06 2.96195e+07 4.96193e+08 1.12091e+10 3.34382e+11 1.20201e+12 2.51419e+12 4.05725e+12 5.56045e+12 6.74974e+12 7.40515e+12 7.40515e+12 6.74974e+12 5.56045e+12 4.05725e+12 2.51419e+12 1.20201e+12 3.34382e+11 1.12091e+10 4.96193e+08 2.96195e+07 1.50393e+06 63982.5 2248.55
21137.9 739525 2.25397e+07 5.93724e+08 1.16178e+10 1.65821e+11 1.64338e+13 6.0521e+13 1.26652e+14 2.04277e+14 2.79856e+14 3.39634e+14 3.72572e+14 3.72572e+14 3.39634e+14 2.79856e+14 2.04277e+14 1.26652e+14 6.0521e+13 1.64338e+13 1.65821e+11 1.16178e+10 5.93724e+08 2.25397e+07 739525 21137.9
124759 5.31115e+06 2.14992e+08 8.68747e+09 3.52262e+11 1.72067e+13 1.56772e+15 5.53034e+15 1.13532e+16 1.81127e+16 2.46529e+16 2.98093e+16 3.26465e+16 3.26465e+16 2.98093e+16 2.46529e+16 1.81127e+16 1.13532e+16 5.53034e+15 1.56772e+15 1.72067e+13 3.52262e+11 8.68747e+09 2.14992e+08 5.31115e+06 124759
374501 1.66567e+07 7.06906e+08 2.99417e+10 1.26758e+12 6.34569e+13 5.54824e+15 1.95094e+16 3.99914e+16 6.37472e+16 8.67206e+16 1.04829e+17 1.14792e+17 1.14792e+17 1.04829e+17 8.67206e+16 6.37472e+16 3.99914e+16 1.95094e+16 5.54824e+15 6.34569e+13 1.26758e+12 2.99417e+10 7.06906e+08 1.66567e+07 374501
758227 3.40624e+07 1.45895e+09 6.22636e+10 2.65063e+12 1.32783e+14 1.14014e+16 4.00327e+16 8.20047e+16 1.30662e+17 1.77705e+17 2.1478e+17 2.35177e+17 2.35177e+17 2.1478e+17 1.77705e+17 1.30662e+17 8.20047e+16 4.00327e+16 1.14014e+16 1.32783e+14 2.65063e+12 6.22636e+10 1.45895e+09 3.40624e+07 758227
1.21253e+06 5.46202e+07 2.34498e+09 1.00262e+11 4.27421e+12 2.1403e+14 1.81938e+16 6.38294e+16 1.30697e+17 2.08192e+17 2.83099e+17 3.42129e+17 3.74602e+17 3.74602e+17 3.42129e+17 2.83099e+17 2.08192e+17 1.30697e+17 6.38294e+16 1.81938e+16 2.1403e+14 4.27421e+12 1.00262e+11 2.34498e+09 5.46202e+07 1.21253e+06
1.65492e+06 7.46229e+07 3.20657e+09 1.37199e+11 5.85247e+12 2.92971e+14 2.47597e+16 8.6823e+16 1.77735e+17 2.83073e+17 3.84879e+17 4.65098e+17 5.09227e+17 5.09227e+17 4.65098e+17 3.84879e+17 2.83073e+17 1.77735e+17 8.6823e+16 2.47597e+16 2.92971e+14 5.85247e+12 1.37199e+11 3.20657e+09 7.46229e+07 1.65492e+06
2.00422e+06 9.04151e+07 3.88675e+09 1.66361e+11 7.09855e+12 3.55283e+14 2.99308e+16 1.04929e+17 2.14771e+17 3.42025e+17 4.65002e+17 5.61896e+17 6.15196e+17 6.15196e+17 5.61896e+17 4.65002e+17 3.42025e+17 2.14771e+17 1.04929e+17 2.99308e+16 3.55283e+14 7.09855e+12 1.66361e+11 3.88675e+09 9.04151e+07 2.00422e+06
2.19643e+06 9.91048e+07 4.26103e+09 1.82407e+11 7.78423e+12 3.89566e+14 3.27738e+16 1.14883e+17 2.35131e+17 3.74433e+17 5.09045e+17 6.15104e+17 6.73444e+17 6.73444e+17 6.15104e+17 5.09045e+17 3.74433e+17 2.35131e+17 1.14883e+17 3.27738e+16 3.89566e+14 7.78423e+12 1.82407e+11 4.26103e+09 9.91048e+07 2.19643e+06
2.19643e+06 9.91048e+07 4.26103e+09 1.82407e+11 7.78423e+12 3.89566e+14 3.27738e+16 1.14883e+17 2.35131e+17 3.74433e+17 5.09045e+17 6.15104e+17 6.73444e+17 6.73444e+17 6.15104e+17 5.09045e+17 3.74433e+17 2.35131e+17 1.14883e+17 3.27738e+16 3.89566e+14 7.78423e+12 1.82407e+11 4.26103e+09 9.91048e+07 2.19643e+06
2.00422e+06 9.04151e+07 3.88675e+09 1.66361e+11 7.09855e+12 3.55283e+14 2.99308e+16 1.04929e+17 2.14771e+17 3.42025e+17 4.65002e+17 5.61896e+17 6.15196e+17 6.15196e+17 5.61896e+17 4.65002e+17 3.42025e+17 2.14771e+17 1.04929e+17 2.99308e+16 3.55283e+14 7.09855e+12 1.66361e+11 3.88675e+09 9.04151e+07 2.00422e+06
1.65492e+06 7.46229e+07 3.20657e+09 1.37199e+11 5.85247e+12 2.92971e+14 2.47597e+16 8.6823e+16 1.77735e+17 2.83073e+17 3.84879e+17 4.65098e+17 5.09227e+17 5.09227e+17 4.65098e+17 3.84879e+17 2.83073e+17 1.77735e+17 8.6823e+16 2.47597e+16 2.92971e+14 5.85247e+12 1.37199e+11 3.20657e+09 7.46229e+07 1.65492e+06
1.21253e+06 5.46202e+07 2.34498e+09 1.00262e+11 4.27421e+12 2.1403e+14 1.81938e+16 6.38294e+16 1.30697e+17 2.08192e+17 2.83099e+17 3.42129e+17 3.74602e+17 3.74602e+17 3.42129e+17 2.83099e+17 2.08192e+17 1.30697e+17 6.38294e+16 1.81938e+16 2.1403e+14 4.27421e+12 1.00262e+11 2.34498e+09 5.46202e+07 1.21253e+06
758227 3.40624e+07 1.45895e+09 6.22636e+10 2.65063e+12 1.32783e+14 1.14014e+16 4.00327e+16 8.20047e+16 1.30662e+17 1.77705e+17 2.1478e+17 2.35177e+17 2.35177e+17 2.1478e+17 1.77705e+17 1.30662e+17 8.20047e+16 4.00327e+16 1.14014e+16 1.32783e+14 2.65063e+12 6.22636e+10 1.45895e+09 3.40624e+07 758227
374501 1.66567e+07 7.06906e+08 2.99417e+10 1.26758e+12 6.34569e+13 5.54824e+15 1.95094e+16 3.99914e+16 6.37472e+16 8.67206e+16 1.04829e+17 1.14792e+17 1.14792e+17 1.04829e+17 8.67206e+16 6.37472e+16 3.99914e+16 1.95094e+16 5.54824e+15 6.34569e+13 1.26758e+12 2.99417e+10 7.06906e+08 1.66567e+07 374501
124759 5.31115e+06 2.14992e+08 8.68747e+09 3.52262e+11 1.72067e+13 1.56772e+15 5.53034e+15 1.13532e+16 1.81127e+16 2.46529e+16 2.98093e+16 3.26465e+16 3.26465e+16 2.98093e+16 2.46529e+16 1.81127e+16 1.13532e+16 5.53034e+15 1.56772e+15 1.72067e+13 3.52262e+11 8.68747e+09 2.14992e+08 5.31115e+06 124759
21137.9 739525 2.25397e+07 5.93724e+08 1.16178e+10 1.65821e+11 1.64338e+13 6.0521e+13 1.26652e+14 2.04277e+14 2.79856e+14 3.39634e+14 3.72572e+14 3.72572e+14 3.39634e+14 2.79856e+14 2.04277e+14 1.26652e+14 6.0521e+13 1.64338e+13 1.65821e+11 1.16178e+10 5.93724e+08 2.25397e+07 739525 21137.9
2248.55 63982.5 1.50393e+06 2.96195e+07 4.96193e+08 1.12091e+10 3.34382e+11 1.20201e+12 2.51419e+12 4.05725e+12 5.56045e+12 6.74974e+12 7.40515e+12 7.40515e+12 6.74974e+12 5.56045e+12 4.05725e+12 2.51419e+12 1.20201e+12 3.34382e+11 1.12091e+10 4.96193e+08 2.96195e+07 1.50393e+06 63982.5 2248.55
180.317 4364.7 87477.8 1.5864e+06 2.88822e+07 5.68761e+08 8.24732e+09 2.83976e+10 5.90683e+10 9.51862e+10 1.30369e+11 1.58201e+11 1.73537e+11 1.73537e+11 1.58201e+11 1.30369e+11 9.51862e+10 5.90683e+10 2.83976e+10 8.24732e+09 5.68761e+08 2.88822e+07 1.5864e+06 87477.8 4364.7 180.317
12.2792 266.776 4918.93 85838.2 1.45094e+06 2.15242e+07 2.04111e+08 6.70553e+08 1.3843e+09 2.22659e+09 3.04729e+09 3.69645e+09 4.05414e+09 4.05414e+09 3.69645e+09 3.04729e+09 2.22659e+09 1.3843e+09 6.70553e+08 2.04111e+08 2.15242e+07 1.45094e+06 85838.2 4918.93 266.776 12.2792
0.755077 15.2271 262.787 4236.13 61411.6 705001 5.04252e+06 1.58025e+07 3.23244e+07 5.18698e+07 7.09243e+07 8.59957e+07 9.42998e+07 9.42998e+07 8.59957e+07 7.09243e+07 5.18698e+07 3.23244e+07 1.58025e+07 5.04252e+06 705001 61411.6 4236.13 262.787 15.2271 0.755077
0.0393115 0.746209 11.978 173.944 2152.14 20130.7 118452 355343 719643 1.15162e+06 1.57306e+06 1.90642e+06 2.09008e+06 2.09008e+06 1.90642e+06 1.57306e+06 1.15162e+06 719643 355343 118452 20130.7 2152.14 173.944 11.978 0.746209 0.0393115
