10.3279 191.499 2968.59 41342.9 490885 4.43725e+06 2.54208e+07 7.42638e+07 1.45804e+08 2.25745e+08 2.99085e+08 3.54068e+08 3.83271e+08 3.83271e+08 3.54068e+08 2.99085e+08 2.25745e+08 1.45804e+08 7.42638e+07 2.54208e+07 4.43725e+06 490885 41342.9 2968.59 191.499 10.3279
198.449 3937.61 65996.6 1.01869e+06 1.40583e+07 1.54735e+08 1.07414e+09 3.27433e+09 6.48283e+09 1.00472e+10 1.33039e+10 1.57384e+10 1.70291e+10 1.70291e+10 1.57384e+10 1.33039e+10 1.00472e+10 6.48283e+09 3.27433e+09 1.07414e+09 1.54735e+08 1.40583e+07 1.01869e+06 65996.6 3937.61 198.449
3199.46 69093.2 1.25452e+06 2.11228e+07 3.37196e+08 4.72906e+09 4.32804e+10 1.38142e+11 2.75579e+11 4.27332e+11 5.6542e+11 6.68341e+11 7.22802e+11 7.22802e+11 6.68341e+11 5.6542e+11 4.27332e+11 2.75579e+11 1.38142e+11 4.32804e+10 4.72906e+09 3.37196e+08 2.11228e+07 1.25452e+06 69093.2 3199.46
46025.3 1.11558e+06 2.24e+07 4.01866e+08 6.95513e+09 1.26253e+11 1.74581e+12 5.83311e+12 1.17051e+13 1.81512e+13 2.39946e+13 2.83373e+13 3.06307e+13 3.06307e+13 2.83373e+13 2.39946e+13 1.81512e+13 1.17051e+13 5.83311e+12 1.74581e+12 1.26253e+11 6.95513e+09 4.01866e+08 2.24e+07 1.11558e+06 46025.3
557061 1.58776e+07 3.76657e+08 7.54839e+09 1.27089e+11 2.57629e+12 7.08322e+13 2.4676e+14 4.97078e+14 7.70481e+14 1.01746e+15 1.20048e+15 1.29694e+15 1.29694e+15 1.20048e+15 1.01746e+15 7.70481e+14 4.97078e+14 2.4676e+14 7.08322e+13 2.57629e+12 1.27089e+11 7.54839e+09 3.76657e+08 1.58776e+07 557061
5.06606e+06 1.76727e+08 5.40526e+09 1.44518e+11 2.95732e+12 4.47387e+13 3.53445e+15 1.2603e+16 2.53979e+16 3.9355e+16 5.19703e+16 6.13282e+16 6.62645e+16 6.62645e+16 6.13282e+16 5.19703e+16 3.9355e+16 2.53979e+16 1.2603e+16 3.53445e+15 4.47387e+13 2.95732e+12 1.44518e+11 5.40526e+09 1.76727e+08 5.06606e+06
2.89659e+07 1.22372e+09 4.92985e+10 1.98821e+12 8.0651e+13 3.88843e+15 3.35895e+17 1.16132e+18 2.32592e+18 3.61472e+18 4.80381e+18 5.70449e+18 6.18704e+18 6.18704e+18 5.70449e+18 4.80381e+18 3.61472e+18 2.32592e+18 1.16132e+18 3.35895e+17 3.88843e+15 8.0651e+13 1.98821e+12 4.92985e+10 1.22372e+09 2.89659e+07
8.44937e+07 3.7243e+09 1.57079e+11 6.63083e+12 2.80426e+14 1.38776e+16 1.16643e+18 4.02348e+18 8.04925e+18 1.25007e+19 1.66055e+19 1.97138e+19 2.13789e+19 2.13789e+19 1.97138e+19 1.66055e+19 1.25007e+19 8.04925e+18 4.02348e+18 1.16643e+18 1.38776e+16 2.80426e+14 6.63083e+12 1.57079e+11 3.7243e+09 8.44937e+07
1.65701e+08 7.36514e+09 3.12982e+11 1.32895e+13 5.64184e+14 2.79441e+16 2.33676e+18 8.05152e+18 1.60889e+19 2.49572e+19 3.31179e+19 3.92863e+19 4.25867e+19 4.25867e+19 3.92863e+19 3.31179e+19 2.49572e+19 1.60889e+19 8.05152e+18 2.33676e+18 2.79441e+16 5.64184e+14 1.32895e+13 3.12982e+11 7.36514e+09 1.65701e+08
2.563e+08 1.14032e+10 4.84828e+11 2.0586e+13 8.73529e+14 4.32455e+16 3.62764e+18 1.24911e+19 2.49313e+19 3.86224e+19 5.11877e+19 6.06635e+19 6.57255e+19 6.57255e+19 6.06635e+19 5.11877e+19 3.86224e+19 2.49313e+19 1.24911e+19 3.62764e+18 4.32455e+16 8.73529e+14 2.0586e+13 4.84828e+11 1.14032e+10 2.563e+08
3.39288e+08 1.50865e+10 6.40928e+11 2.71884e+13 1.15245e+15 5.70317e+16 4.81377e+18 1.65686e+19 3.30357e+19 5.11138e+19 6.76625e+19 8.01141e+19 8.67556e+19 8.67556e+19 8.01141e+19 6.76625e+19 5.11138e+19 3.30357e+19 1.65686e+19 4.81377e+18 5.70317e+16 1.15245e+15 2.71884e+13 6.40928e+11 1.50865e+10 3.39288e+08
4.01418e+08 1.7836e+10 7.57101e+11 3.20874e+13 1.35879e+15 6.72278e+16 5.7087e+18 1.96443e+19 3.91383e+19 6.04982e+19 8.00114e+19 9.46673e+19 1.02475e+20 1.02475e+20 9.46673e+19 8.00114e+19 6.04982e+19 3.91383e+19 1.96443e+19 5.7087e+18 6.72278e+16 1.35879e+15 3.20874e+13 7.57101e+11 1.7836e+10 4.01418e+08
4.34386e+08 1.92923e+10 8.18509e+11 3.46717e+13 1.46743e+15 7.25948e+16 6.18685e+18 2.12875e+19 4.23946e+19 6.54979e+19 8.65802e+19 1.02399e+20 1.1082e+20 1.1082e+20 1.02399e+20 8.65802e+19 6.54979e+19 4.23946e+19 2.12875e+19 6.18685e+18 7.25948e+16 1.46743e+15 3.46717e+13 8.18509e+11 1.92923e+10 4.34386e+08
4.34386e+08 1.92923e+10 8.18509e+11 3.46717e+13 1.46743e+15 7.25948e+16 6.18685e+18 2.12875e+19 4.23946e+19 6.54979e+19 8.65802e+19 1.02399e+20 1.1082e+20 1.1082e+20 1.02399e+20 8.65802e+19 6.54979e+19 4.23946e+19 2.12875e+19 6.18685e+18 7.25948e+16 1.46743e+15 3.46717e+13 8.18509e+11 1.92923e+10 4.34386e+08
4.01418e+08 1.7836e+10 7.57101e+11 3.20874e+13 1.35879e+15 6.72278e+16 5.7087e+18 1.96443e+19 3.91383e+19 6.04982e+19 8.00114e+19 9.46673e+19 1.02475e+20 1.02475e+20 9.46673e+19 8.00114e+19 6.04982e+19 3.91383e+19 1.96443e+19 5.7087e+18 6.72278e+16 1.35879e+15 3.20874e+13 7.57101e+11 1.7836e+10 4.01418e+08
3.39288e+08 1.50865e+10 6.40928e+11 2.71884e+13 1.15245e+15 5.70317e+16 4.81377e+18 1.65686e+19 3.30357e+19 5.11138e+19 6.76625e+19 8.01141e+19 8.67556e+19 8.67556e+19 8.01141e+19 6.76625e+19 5.11138e+19 3.30357e+19 1.65686e+19 4.81377e+18 5.70317e+16 1.15245e+15 2.71884e+13 6.40928e+11 1.50865e+10 3.39288e+08
2.563e+08 1.14032e+10 4.84828e+11 2.0586e+13 8.73529e+14 4.32455e+16 3.62764e+18 1.24911e+19 2.49313e+19 3.86224e+19 5.11877e+19 6.06635e+19 6.57255e+19 6.57255e+19 6.06635e+19 5.11877e+19 3.86224e+19 2.49313e+19 1.24911e+19 3.62764e+18 4.32455e+16 8.73529e+14 2.0586e+13 4.84828e+11 1.14032e+10 2.563e+08
1.65701e+08 7.36514e+09 3.12982e+11 1.32895e+13 5.64184e+14 2.79441e+16 2.33676e+18 8.05152e+18 1.60889e+19 2.49572e+19 3.31179e+19 3.92863e+19 4.25867e+19 4.25867e+19 3.92863e+19 3.31179e+19 2.49572e+19 1.60889e+19 8.05152e+18 2.33676e+18 2.79441e+16 5.64184e+14 1.32895e+13 3.12982e+11 7.36514e+09 1.65701e+08
8.44937e+07 3.7243e+09 1.57079e+11 6.63083e+12 2.80426e+14 1.38776e+16 1.16643e+18 4.02348e+18 8.04925e+18 1.25007e+19 1.66055e+19 1.97138e+19 2.13789e+19 2.13789e+19 1.97138e+19 1.66055e+19 1.25007e+19 8.04925e+18 4.02348e+18 1.16643e+18 1.38776e+16 2.80426e+14 6.63083e+12 1.57079e+11 3.7243e+09 8.44937e+07
2.89659e+07 1.22372e+09 4.92985e+10 1.98821e+12 8.0651e+13 3.88843e+15 3.35895e+17 1.16132e+18 2.32592e+18 3.61472e+18 4.80381e+18 5.70449e+18 6.18704e+18 6.18704e+18 5.70449e+18 4.80381e+18 3.61472e+18 2.32592e+18 1.16132e+18 3.35895e+17 3.88843e+15 8.0651e+13 1.98821e+12 4.92985e+10 1.22372e+09 2.89659e+07
5.06606e+06 1.76727e+08 5.40526e+09 1.44518e+11 2.95732e+12 4.47387e+13 3.53445e+15 1.2603e+16 2.53979e+16 3.9355e+16 5.19703e+16 6.13282e+16 6.62645e+16 6.62645e+16 6.13282e+16 5.19703e+16 3.9355e+16 2.53979e+16 1.2603e+16 3.53445e+15 4.47387e+13 2.95732e+12 1.44518e+11 5.40526e+09 1.76727e+08 5.06606e+06
557061 1.58776e+07 3.76657e+08 7.54839e+09 1.27089e+11 2.57629e+12 7.08322e+13 2.4676e+14 4.97078e+14 7.70481e+14 1.01746e+15 1.20048e+15 1.29694e+15 1.29694e+15 1.20048e+15 1.01746e+15 7.70481e+14 4.97078e+14 2.4676e+14 7.08322e+13 2.57629e+12 1.27089e+11 7.54839e+09 3.76657e+08 1.58776e+07 557061
46025.3 1.11558e+06 2.24e+07 4.01866e+08 6.95513e+09 1.26253e+11 1.74581e+12 5.83311e+12 1.17051e+13 1.81512e+13 2.39946e+13 2.83373e+13 3.06307e+13 3.06307e+13 2.83373e+13 2.39946e+13 1.81512e+13 1.17051e+13 5.83311e+12 1.74581e+12 1.26253e+11 6.95513e+09 4.01866e+08 2.24e+07 1.11558e+06 46025.3
3199.46 69093.2 1.25452e+06 2.11228e+07 3.37196e+08 4.72906e+09 4.32804e+10 1.38142e+11 2.75579e+11 4.27332e+11 5.6542e+11 6.68341e+11 7.22802e+11 7.22802e+11 6.68341e+11 5.6542e+11 4.27332e+11 2.75579e+11 1.38142e+11 4.32804e+10 4.72906e+09 3.37196e+08 2.11228e+07 1.25452e+06 69093.2 3199.46
198.449 3937.61 65996.6 1.01869e+06 1.40583e+07 1.54735e+08 1.07414e+09 3.27433e+09 6.48283e+09 1.00472e+10 1.33039e+10 1.57384e+10 1.70291e+10 1.70291e+10 1.57384e+10 1.33039e+10 1.00472e+10 6.48283e+09 3.27433e+09 1.07414e+09 1.54735e+08 1.40583e+07 1.01869e+06 65996.6 3937.61 198.449
10.3279 191.499 2968.59 41342.9 490885 4.43725e+06 2.54208e+07 7.42638e+07 1.45804e+08 2.25745e+08 2.99085e+08 3.54068e+08 3.83271e+08 3.83271e+08 3.54068e+08 2.99085e+08 2.25745e+08 1.45804e+08 7.42638e+07 2.54208e+07 4.43725e+06 490885 41342.9 2968.59 191.499 10.3279
