0.000115991 0.00216039 0.0338525 0.478866 5.77865 52.9205 306.06 903.343 1798.96 2833.84 3820.92 4588.63 5007.27 5007.27 4588.63 3820.92 2833.84 1798.96 903.343 306.06 52.9205 5.77865 0.478866 0.0338525 0.00216039 0.000115991
0.00221134 0.0438694 0.740441 11.6127 163.588 1832.58 12866.9 39640.9 79655.5 125710 169560 203640 222219 222219 203640 169560 125710 79655.5 39640.9 12866.9 1832.58 163.588 11.6127 0.740441 0.0438694 0.00221134
0.0355461 0.76292 13.8388 235.646 3856.05 55498.5 515598 1.66384e+06 3.37075e+06 5.32743e+06 7.1875e+06 8.63236e+06 9.4199e+06 9.4199e+06 8.63236e+06 7.1875e+06 5.32743e+06 3.37075e+06 1.66384e+06 515598 55498.5 3856.05 235.646 13.8388 0.76292 0.0355461
0.513469 12.3183 244.793 4380.26 77384.5 1.46248e+06 2.06863e+07 6.99022e+07 1.42536e+08 2.25499e+08 3.04273e+08 3.65439e+08 3.98773e+08 3.98773e+08 3.65439e+08 3.04273e+08 2.25499e+08 1.42536e+08 6.99022e+07 2.06863e+07 1.46248e+06 77384.5 4380.26 244.793 12.3183 0.513469
6.27596 177.031 4141.1 81547.5 1.35921e+06 2.90877e+07 8.35228e+08 2.94341e+09 6.02874e+09 9.54298e+09 1.28773e+10 1.54657e+10 1.68761e+10 1.68761e+10 1.54657e+10 1.28773e+10 9.54298e+09 6.02874e+09 2.94341e+09 8.35228e+08 2.90877e+07 1.35921e+06 81547.5 4141.1 177.031 6.27596
57.7788 2000.11 60539 1.59384e+06 3.16333e+07 4.60934e+08 4.12143e+10 1.48642e+11 3.04428e+11 4.81495e+11 6.49414e+11 7.79749e+11 8.50768e+11 8.50768e+11 7.79749e+11 6.49414e+11 4.81495e+11 3.04428e+11 1.48642e+11 4.12143e+10 4.60934e+08 3.16333e+07 1.59384e+06 60539 2000.11 57.7788
334.417 14058.4 563324 2.26007e+07 9.12521e+08 4.42096e+10 3.92596e+12 1.36462e+13 2.75668e+13 4.33279e+13 5.82625e+13 6.98591e+13 7.61821e+13 7.61821e+13 6.98591e+13 5.82625e+13 4.33279e+13 2.75668e+13 1.36462e+13 3.92596e+12 4.42096e+10 9.12521e+08 2.26007e+07 563324 14058.4 334.417
986.729 43298.3 1.81728e+06 7.63464e+07 3.21468e+09 1.59638e+11 1.37006e+13 4.75122e+13 9.58994e+13 1.5067e+14 2.02567e+14 2.42866e+14 2.64839e+14 2.64839e+14 2.42866e+14 2.02567e+14 1.5067e+14 9.58994e+13 4.75123e+13 1.37006e+13 1.59638e+11 3.21468e+09 7.63464e+07 1.81728e+06 43298.3 986.729
1963.77 86948.2 3.67914e+06 1.55569e+08 6.57968e+09 3.26867e+11 2.77049e+13 9.59992e+13 1.9371e+14 3.04303e+14 4.09091e+14 4.90462e+14 5.34831e+14 5.34831e+14 4.90462e+14 4.09091e+14 3.04303e+14 1.9371e+14 9.59992e+13 2.77049e+13 3.26867e+11 6.57968e+09 1.55569e+08 3.67914e+06 86948.2 1963.77
3091.13 137113 5.8102e+06 2.45915e+08 1.04062e+10 5.16654e+11 4.35514e+13 1.50854e+14 3.04358e+14 4.78094e+14 6.42709e+14 7.70539e+14 8.40242e+14 8.40242e+14 7.70539e+14 6.42709e+14 4.78094e+14 3.04358e+14 1.50854e+14 4.35514e+13 5.16654e+11 1.04062e+10 2.45915e+08 5.8102e+06 137113 3091.13
4164.79 184800 7.83273e+06 3.31554e+08 1.40305e+10 6.9633e+11 5.85527e+13 2.02782e+14 4.09103e+14 6.42615e+14 8.63866e+14 1.03568e+15 1.12936e+15 1.12936e+15 1.03568e+15 8.63866e+14 6.42615e+14 4.09103e+14 2.02782e+14 5.85527e+13 6.9633e+11 1.40305e+10 3.31554e+08 7.83273e+06 184800 4164.79
4998.69 221812 9.40151e+06 3.97952e+08 1.68396e+10 8.35576e+11 7.01897e+13 2.43068e+14 4.90367e+14 7.70255e+14 1.03545e+15 1.24138e+15 1.35367e+15 1.35367e+15 1.24138e+15 1.03545e+15 7.70255e+14 4.90367e+14 2.43068e+14 7.01897e+13 8.35576e+11 1.68396e+10 3.97952e+08 9.40151e+06 221812 4998.69
5453.01 241970 1.02557e+07 4.34099e+08 1.83687e+10 9.11369e+11 7.65303e+13 2.65019e+14 5.34649e+14 8.39809e+14 1.12895e+15 1.35348e+15 1.47591e+15 1.47591e+15 1.35348e+15 1.12895e+15 8.39809e+14 5.34649e+14 2.65019e+14 7.65303e+13 9.11369e+11 1.83687e+10 4.34099e+08 1.02557e+07 241970 5453.01
5453.01 241970 1.02557e+07 4.34099e+08 1.83687e+10 9.11369e+11 7.65303e+13 2.65019e+14 5.34649e+14 8.39809e+14 1.12895e+15 1.35348e+15 1.47591e+15 1.47591e+15 1.35348e+15 1.12895e+15 8.39809e+14 5.34649e+14 2.65019e+14 7.65303e+13 9.11369e+11 1.83687e+10 4.34099e+08 1.02557e+07 241970 5453.01
4998.69 221812 9.40151e+06 3.97952e+08 1.68396e+10 8.35576e+11 7.01897e+13 2.43068e+14 4.90367e+14 7.70255e+14 1.03545e+15 1.24138e+15 1.35367e+15 1.35367e+15 1.24138e+15 1.03545e+15 7.70255e+14 4.90367e+14 2.43068e+14 7.01897e+13 8.35576e+11 1.68396e+10 3.97952e+08 9.40151e+06 221812 4998.69
4164.79 184800 7.83273e+06 3.31554e+08 1.40305e+10 6.9633e+11 5.85527e+13 2.02782e+14 4.09103e+14 6.42615e+14 8.63866e+14 1.03568e+15 1.12936e+15 1.12936e+15 1.03568e+15 8.63866e+14 6.42615e+14 4.09103e+14 2.02782e+14 5.85527e+13 6.9633e+11 1.40305e+10 3.31554e+08 7.83273e+06 184800 4164.79
3091.13 137113 5.8102e+06 2.45915e+08 1.04062e+10 5.16654e+11 4.35514e+13 1.50854e+14 3.04358e+14 4.78094e+14 6.42709e+14 7.70539e+14 8.40242e+14 8.40242e+14 7.70539e+14 6.42709e+14 4.78094e+14 3.04358e+14 1.50854e+14 4.35514e+13 5.16654e+11 1.04062e+10 2.45915e+08 5.8102e+06 137113 3091.13
1963.77 86948.2 3.67914e+06 1.55569e+08 6.57968e+09 3.26867e+11 2.77049e+13 9.59992e+13 1.9371e+14 3.04303e+14 4.09091e+14 4.90462e+14 5.34831e+14 5.34831e+14 4.90462e+14 4.09091e+14 3.04303e+14 1.9371e+14 9.59992e+13 2.77049e+13 3.26867e+11 6.57968e+09 1.55569e+08 3.67914e+06 86948.2 1963.77
986.729 43298.3 1.81728e+06 7.63464e+07 3.21468e+09 1.59638e+11 1.37006e+13 4.75123e+13 9.58994e+13 1.5067e+14 2.02567e+14 2.42866e+14 2.64839e+14 2.64839e+14 2.42866e+14 2.02567e+14 1.5067e+14 9.58994e+13 4.75122e+13 1.37006e+13 1.59638e+11 3.21468e+09 7.63464e+07 1.81728e+06 43298.3 986.729
334.417 14058.4 563324 2.26007e+07 9.12521e+08 4.42096e+10 3.92596e+12 1.36462e+13 2.75668e+13 4.33279e+13 5.82625e+13 6.98591e+13 7.61821e+13 7.61821e+13 6.98591e+13 5.82625e+13 4.33279e+13 2.75668e+13 1.36462e+13 3.92596e+12 4.42096e+10 9.12521e+08 2.26007e+07 563324 14058.4 334.417
57.7788 2000.11 60539 1.59384e+06 3.16333e+07 4.60934e+08 4.12143e+10 1.48642e+11 3.04428e+11 4.81495e+11 6.49414e+11 7.79749e+11 8.50768e+11 8.50768e+11 7.79749e+11 6.49414e+11 4.81495e+11 3.04428e+11 1.48642e+11 4.12143e+10 4.60934e+08 3.16333e+07 1.59384e+06 60539 2000.11 57.7788
6.27596 177.031 4141.1 81547.5 1.35921e+06 2.90877e+07 8.35228e+08 2.94341e+09 6.02874e+09 9.54298e+09 1.28773e+10 1.54657e+10 1.68761e+10 1.68761e+10 1.54657e+10 1.28773e+10 9.54298e+09 6.02874e+09 2.94341e+09 8.35228e+08 2.90877e+07 1.35921e+06 81547.5 4141.1 177.031 6.27596
0.513469 12.3183 244.793 4380.26 77384.5 1.46248e+06 2.06863e+07 6.99022e+07 1.42536e+08 2.25499e+08 3.04273e+08 3.65439e+08 3.98773e+08 3.98773e+08 3.65439e+08 3.04273e+08 2.25499e+08 1.42536e+08 6.99022e+07 2.06863e+07 1.46248e+06 77384.5 4380.26 244.793 12.3183 0.513469
0.0355461 0.76292 13.8388 235.646 3856.05 55498.5 515598 1.66384e+06 3.37075e+06 5.32743e+06 7.1875e+06 8.63236e+06 9.4199e+06 9.4199e+06 8.63236e+06 7.1875e+06 5.32743e+06 3.37075e+06 1.66384e+06 515598 55498.5 3856.05 235.646 13.8388 0.76292 0.0355461
0.00221134 0.0438694 0.740441 11.6127 163.588 1832.58 12866.9 39640.9 79655.5 125710 169560 203640 222219 222219 203640 169560 125710 79655.5 39640.9 12866.9 1832.58 163.588 11.6127 0.740441 0.0438694 0.00221134
0.000115991 0.0021604 0.0338525 0.478866 5.77865 52.9205 306.06 903.343 1798.96 2833.84 3820.92 4588.63 5007.27 5007.27 4588.63 3820.92 2833.84 1798.96 903.343 306.06 52.9205 5.77865 0.478866 0.0338525 0.00216039 0.000115991
