0.0135884 0.256586 4.09891 59.2782 730.578 6806.72 39884 119092 240053 382573 520950 630078 690110 690110 630078 520950 382573 240053 119092 39884 6806.72 730.578 59.2782 4.09891 0.256586 0.0135884
0.259441 5.19985 89.2537 1432.67 20695 236729 1.68652e+06 5.25953e+06 1.07043e+07 1.71016e+07 2.33071e+07 2.82002e+07 3.0892e+07 3.0892e+07 2.82002e+07 2.33071e+07 1.71016e+07 1.07043e+07 5.25953e+06 1.68652e+06 236729 20695 1432.67 89.2537 5.19985 0.259441
4.1955 90.5208 1658.96 28821.5 485673 7.18481e+06 6.79021e+07 2.21933e+08 4.55695e+08 7.29567e+08 9.95034e+08 1.20436e+09 1.31952e+09 1.31952e+09 1.20436e+09 9.95034e+08 7.29567e+08 4.55695e+08 2.21933e+08 6.79021e+07 7.18481e+06 485673 28821.5 1658.96 90.5208 4.1955
61.3179 1473.39 29335.2 529298 9.60862e+06 1.88946e+08 2.7333e+09 9.36064e+09 1.9359e+10 3.10437e+10 4.23655e+10 5.12936e+10 5.62062e+10 5.62062e+10 5.12936e+10 4.23655e+10 3.10437e+10 1.9359e+10 9.36064e+09 2.7333e+09 1.88946e+08 9.60862e+06 529298 29335.2 1473.39 61.3179
761.471 21510 502269 9.83625e+06 1.64081e+08 3.70757e+09 1.10562e+11 3.95154e+11 8.2149e+11 1.31887e+12 1.80079e+12 2.1809e+12 2.39007e+12 2.39007e+12 2.1809e+12 1.80079e+12 1.31887e+12 8.2149e+11 3.95154e+11 1.10563e+11 3.70757e+09 1.64081e+08 9.83625e+06 502269 21510 761.471
7130.44 247725 7.50495e+06 1.96705e+08 3.83036e+09 5.44233e+10 5.42651e+12 1.98641e+13 4.13074e+13 6.6275e+13 9.04528e+13 1.09518e+14 1.20008e+14 1.20008e+14 1.09518e+14 9.04528e+13 6.6275e+13 4.13074e+13 1.98641e+13 5.42651e+12 5.44233e+10 3.83036e+09 1.96705e+08 7.50495e+06 247725 7130.44
41916.4 1.77257e+06 7.13712e+07 2.87322e+09 1.16239e+11 5.67547e+12 5.17278e+14 1.81621e+15 3.70936e+15 5.89134e+15 7.99131e+15 9.64132e+15 1.05476e+16 1.05476e+16 9.64132e+15 7.99131e+15 5.89134e+15 3.70936e+15 1.81621e+15 5.17278e+14 5.67547e+12 1.16239e+11 2.87322e+09 7.13712e+07 1.77257e+06 41916.4
125241 5.53198e+06 2.33471e+08 9.84917e+09 4.15858e+11 2.08018e+13 1.8217e+15 6.37741e+15 1.30083e+16 2.06452e+16 2.79918e+16 3.37628e+16 3.69322e+16 3.69322e+16 3.37628e+16 2.79918e+16 2.06452e+16 1.30083e+16 6.37741e+15 1.8217e+15 2.08018e+13 4.15858e+11 9.84917e+09 2.33471e+08 5.53198e+06 125241
252361 1.1255e+07 4.79223e+08 2.03622e+10 8.64219e+11 4.32473e+13 3.72367e+15 1.30195e+16 2.65418e+16 4.21103e+16 5.70842e+16 6.88455e+16 7.53044e+16 7.53044e+16 6.88455e+16 5.70842e+16 4.21103e+16 2.65418e+16 1.30195e+16 3.72367e+15 4.32473e+13 8.64219e+11 2.03622e+10 4.79223e+08 1.1255e+07 252361
401886 1.79675e+07 7.66628e+08 3.26259e+10 1.38631e+12 6.93357e+13 5.91467e+15 2.06656e+16 4.21164e+16 6.68076e+16 9.05529e+16 1.09203e+17 1.19444e+17 1.19444e+17 1.09203e+17 9.05529e+16 6.68076e+16 4.21164e+16 2.06657e+16 5.91467e+15 6.93357e+13 1.38631e+12 3.26259e+10 7.66628e+08 1.79675e+07 401886
546780 2.44657e+07 1.04463e+09 4.44831e+10 1.89106e+12 9.45448e+13 8.02128e+15 2.80146e+16 5.70829e+16 9.05382e+16 1.22709e+17 1.47974e+17 1.61848e+17 1.61848e+17 1.47974e+17 1.22709e+17 9.05382e+16 5.70829e+16 2.80146e+16 8.02128e+15 9.45448e+13 1.89106e+12 4.44831e+10 1.04463e+09 2.44657e+07 546780
660839 2.95799e+07 1.26341e+09 5.38145e+10 2.28833e+12 1.14382e+14 9.67474e+15 3.37818e+16 6.88272e+16 1.09158e+17 1.47939e+17 1.78395e+17 1.95118e+17 1.95118e+17 1.78395e+17 1.47939e+17 1.09158e+17 6.88272e+16 3.37818e+16 9.67474e+15 1.14382e+14 2.28833e+12 5.38145e+10 1.26341e+09 2.95799e+07 660839
723502 3.23896e+07 1.38361e+09 5.89416e+10 2.50662e+12 1.25281e+14 1.05822e+16 3.69466e+16 7.52718e+16 1.19376e+17 1.61783e+17 1.95087e+17 2.13374e+17 2.13374e+17 1.95087e+17 1.61783e+17 1.19376e+17 7.52718e+16 3.69466e+16 1.05822e+16 1.25281e+14 2.50662e+12 5.89416e+10 1.38361e+09 3.23896e+07 723502
723502 3.23896e+07 1.38361e+09 5.89416e+10 2.50662e+12 1.25281e+14 1.05822e+16 3.69466e+16 7.52718e+16 1.19376e+17 1.61783e+17 1.95087e+17 2.13374e+17 2.13374e+17 1.95087e+17 1.61783e+17 1.19376e+17 7.52718e+16 3.69466e+16 1.05822e+16 1.25281e+14 2.50662e+12 5.89416e+10 1.38361e+09 3.23896e+07 723502
660839 2.95799e+07 1.26341e+09 5.38145e+10 2.28833e+12 1.14382e+14 9.67474e+15 3.37818e+16 6.88272e+16 1.09158e+17 1.47939e+17 1.78395e+17 1.95118e+17 1.95118e+17 1.78395e+17 1.47939e+17 1.09158e+17 6.88272e+16 3.37818e+16 9.67474e+15 1.14382e+14 2.28833e+12 5.38145e+10 1.26341e+09 2.95799e+07 660839
546780 2.44657e+07 1.04463e+09 4.44831e+10 1.89106e+12 9.45448e+13 8.02128e+15 2.80146e+16 5.70829e+16 9.05382e+16 1.22709e+17 1.47974e+17 1.61848e+17 1.61848e+17 1.47974e+17 1.22709e+17 9.05382e+16 5.70829e+16 2.80146e+16 8.02128e+15 9.45448e+13 1.89106e+12 4.44831e+10 1.04463e+09 2.44657e+07 546780
401886 1.79675e+07 7.66628e+08 3.26259e+10 1.38631e+12 6.93357e+13 5.91467e+15 2.06657e+16 4.21164e+16 6.68076e+16 9.05529e+16 1.09203e+17 1.19444e+17 1.19444e+17 1.09203e+17 9.05529e+16 6.68076e+16 4.21164e+16 2.06656e+16 5.91467e+15 6.93357e+13 1.38631e+12 3.26259e+10 7.66628e+08 1.79675e+07 401886
252361 1.1255e+07 4.79223e+08 2.03622e+10 8.64219e+11 4.32473e+13 3.72367e+15 1.30195e+16 2.65418e+16 4.21103e+16 5.70842e+16 6.88455e+16 7.53044e+16 7.53044e+16 6.88455e+16 5.70842e+16 4.21103e+16 2.65418e+16 1.30195e+16 3.72367e+15 4.32473e+13 8.64219e+11 2.03622e+10 4.79223e+08 1.1255e+07 252361
125241 5.53198e+06 2.33471e+08 9.84917e+09 4.15858e+11 2.08018e+13 1.8217e+15 6.37741e+15 1.30083e+16 2.06452e+16 2.79918e+16 3.37628e+16 3.69322e+16 3.69322e+16 3.37628e+16 2.79918e+16 2.06452e+16 1.30083e+16 6.37741e+15 1.8217e+15 2.08018e+13 4.15858e+11 9.84917e+09 2.33471e+08 5.53198e+06 125241
41916.4 1.77257e+06 7.13712e+07 2.87322e+09 1.16239e+11 5.67547e+12 5.17278e+14 1.81621e+15 3.70936e+15 5.89134e+15 7.99131e+15 9.64132e+15 1.05476e+16 1.05476e+16 9.64132e+15 7.99131e+15 5.89134e+15 3.70936e+15 1.81621e+15 5.17278e+14 5.67547e+12 1.16239e+11 2.87322e+09 7.13712e+07 1.77257e+06 41916.4
7130.44 247725 7.50495e+06 1.96705e+08 3.83036e+09 5.44233e+10 5.42651e+12 1.98641e+13 4.13074e+13 6.6275e+13 9.04528e+13 1.09518e+14 1.20008e+14 1.20008e+14 1.09518e+14 9.04528e+13 6.6275e+13 4.13074e+13 1.98641e+13 5.42651e+12 5.44233e+10 3.83036e+09 1.96705e+08 7.50495e+06 247725 7130.44
761.471 21510 502269 9.83625e+06 1.64081e+08 3.70757e+09 1.10563e+11 3.95154e+11 8.2149e+11 1.31887e+12 1.80079e+12 2.1809e+12 2.39007e+12 2.39007e+12 2.1809e+12 1.80079e+12 1.31887e+12 8.2149e+11 3.95154e+11 1.10562e+11 3.70757e+09 1.64081e+08 9.83625e+06 502269 21510 761.471
61.3179 1473.39 29335.2 529298 9.60862e+06 1.88946e+08 2.7333e+09 9.36064e+09 1.9359e+10 3.10437e+10 4.23655e+10 5.12936e+10 5.62062e+10 5.62062e+10 5.12936e+10 4.23655e+10 3.10437e+10 1.9359e+10 9.36064e+09 2.7333e+09 1.88946e+08 9.60862e+06 529298 29335.2 1473.39 61.3179
4.1955 90.5208 1658.96 28821.5 485673 7.18481e+06 6.79021e+07 2.21933e+08 4.55695e+08 7.29567e+08 9.95034e+08 1.20436e+09 1.31952e+09 1.31952e+09 1.20436e+09 9.95034e+08 7.29567e+08 4.55695e+08 2.21933e+08 6.79021e+07 7.18481e+06 485673 28821.5 1658.96 90.5208 4.1955
0.259441 5.19985 89.2537 1432.67 20695 236729 1.68652e+06 5.25953e+06 1.07043e+07 1.71016e+07 2.33071e+07 2.82002e+07 3.0892e+07 3.0892e+07 2.82002e+07 2.33071e+07 1.71016e+07 1.07043e+07 5.25953e+06 1.68652e+06 236729 20695 1432.67 89.2537 5.19985 0.259441
0.0135884 0.256586 4.09891 59.2782 730.578 6806.72 39884 119092 240053 382573 520950 630078 690110 690110 630078 520950 382573 240053 119092 39884 6806.72 730.578 59.2782 4.09891 0.256586 0.0135884
