0.0317408 0.596871 9.48725 136.472 1673.1 15509.1 90391.6 267976 535510 845876 1.14273e+06 1.37398e+06 1.50016e+06 1.50016e+06 1.37398e+06 1.14273e+06 845876 535510 267976 90391.6 15509.1 1673.1 136.472 9.48725 0.596871 0.0317408
0.604417 12.0679 206.163 3291.27 47274 537898 3.81202e+06 1.17999e+07 2.3799e+07 3.7669e+07 5.09137e+07 6.12245e+07 6.68495e+07 6.68495e+07 6.12245e+07 5.09137e+07 3.7669e+07 2.3799e+07 1.17999e+07 3.81202e+06 537898 47274 3291.27 206.163 12.0679 0.604417
9.74112 209.496 3824.57 66116.9 1.10749e+06 1.62894e+07 1.5316e+08 4.96744e+08 1.01032e+09 1.60178e+09 2.16577e+09 2.60461e+09 2.84396e+09 2.84396e+09 2.60461e+09 2.16577e+09 1.60178e+09 1.01032e+09 4.96744e+08 1.5316e+08 1.62894e+07 1.10749e+06 66116.9 3824.57 209.496 9.74112
141.785 3397.63 67464.4 1.21325e+06 2.19047e+07 4.27818e+08 6.15728e+09 2.09179e+10 4.28318e+10 6.79849e+10 9.19451e+10 1.10581e+11 1.20744e+11 1.20744e+11 1.10581e+11 9.19451e+10 6.79848e+10 4.28318e+10 2.09178e+10 6.15728e+09 4.27818e+08 2.19047e+07 1.21325e+06 67464.4 3397.63 141.785
1752.52 49376.5 1.15062e+06 2.25037e+07 3.74665e+08 8.3979e+09 2.48944e+11 8.82265e+11 1.81507e+12 2.88304e+12 3.89969e+12 4.6902e+12 5.12121e+12 5.12121e+12 4.6902e+12 3.89969e+12 2.88304e+12 1.81507e+12 8.82265e+11 2.48944e+11 8.3979e+09 3.74665e+08 2.25037e+07 1.15062e+06 49376.5 1752.52
16327.6 565745 1.71047e+07 4.47864e+08 8.73008e+09 1.24287e+11 1.22308e+13 4.43887e+13 9.13398e+13 1.44991e+14 1.96043e+14 2.35734e+14 2.57375e+14 2.57375e+14 2.35734e+14 1.96043e+14 1.44991e+14 9.13398e+13 4.43887e+13 1.22308e+13 1.24287e+11 8.73008e+09 4.47864e+08 1.71047e+07 565745 16327.6
95437.7 4.0252e+06 1.61744e+08 6.50331e+09 2.62986e+11 1.28358e+13 1.1656e+15 4.06893e+15 8.25057e+15 1.30081e+16 1.7532e+16 2.10524e+16 2.2974e+16 2.2974e+16 2.10524e+16 1.7532e+16 1.30081e+16 8.25057e+15 4.06893e+15 1.1656e+15 1.28358e+13 2.62986e+11 6.50331e+09 1.61744e+08 4.0252e+06 95437.7
283032 1.24652e+07 5.24856e+08 2.21064e+10 9.32604e+11 4.66315e+13 4.08074e+15 1.42092e+16 2.87839e+16 4.53603e+16 6.11213e+16 7.33866e+16 8.00819e+16 8.00819e+16 7.33866e+16 6.11213e+16 4.53603e+16 2.87839e+16 1.42092e+16 4.08074e+15 4.66315e+13 9.32604e+11 2.21064e+10 5.24856e+08 1.24652e+07 283032
565238 2.51244e+07 1.06678e+09 4.52339e+10 1.91723e+12 9.58993e+13 8.27876e+15 2.87995e+16 5.83179e+16 9.18841e+16 1.23797e+17 1.48631e+17 1.62187e+17 1.62187e+17 1.48631e+17 1.23797e+17 9.18841e+16 5.83179e+16 2.87995e+16 8.27876e+15 9.58993e+13 1.91723e+12 4.52339e+10 1.06678e+09 2.51244e+07 565238
891903 3.97241e+07 1.68941e+09 7.17151e+10 3.0417e+12 1.52062e+14 1.30493e+16 4.5375e+16 9.18649e+16 1.44723e+17 1.94973e+17 2.34075e+17 2.55419e+17 2.55418e+17 2.34075e+17 1.94973e+17 1.44723e+17 9.18649e+16 4.5375e+16 1.30493e+16 1.52062e+14 3.0417e+12 7.17151e+10 1.68941e+09 3.97241e+07 891903
1.20357e+06 5.36297e+07 2.28155e+09 9.68708e+10 4.10907e+12 2.05353e+14 1.75781e+16 6.11108e+16 1.23711e+17 1.94879e+17 2.6253e+17 3.1517e+17 3.43903e+17 3.43903e+17 3.1517e+17 2.6253e+17 1.94879e+17 1.23711e+17 6.11108e+16 1.75781e+16 2.05353e+14 4.10907e+12 9.68708e+10 2.28155e+09 5.36297e+07 1.20357e+06
1.4458e+06 6.44293e+07 2.74115e+09 1.16387e+11 4.93682e+12 2.46679e+14 2.10967e+16 7.33379e+16 1.48456e+17 2.3385e+17 3.15019e+17 3.78175e+17 4.12646e+17 4.12646e+17 3.78175e+17 3.15019e+17 2.3385e+17 1.48456e+17 7.33379e+16 2.10967e+16 2.46679e+14 4.93682e+12 1.16387e+11 2.74115e+09 6.44293e+07 1.4458e+06
1.57777e+06 7.03113e+07 2.9914e+09 1.2701e+11 5.38729e+12 2.69169e+14 2.30151e+16 8.0005e+16 1.61949e+17 2.551e+17 3.43639e+17 4.12528e+17 4.50128e+17 4.50128e+17 4.12528e+17 3.4364e+17 2.551e+17 1.61949e+17 8.0005e+16 2.30151e+16 2.69169e+14 5.38729e+12 1.2701e+11 2.9914e+09 7.03113e+07 1.57777e+06
1.57777e+06 7.03113e+07 2.9914e+09 1.2701e+11 5.38729e+12 2.69169e+14 2.30151e+16 8.0005e+16 1.61949e+17 2.551e+17 3.4364e+17 4.12528e+17 4.50128e+17 4.50128e+17 4.12528e+17 3.43639e+17 2.551e+17 1.61949e+17 8.0005e+16 2.30151e+16 2.69169e+14 5.38729e+12 1.2701e+11 2.9914e+09 7.03113e+07 1.57777e+06
1.4458e+06 6.44293e+07 2.74115e+09 1.16387e+11 4.93682e+12 2.46679e+14 2.10967e+16 7.33379e+16 1.48456e+17 2.3385e+17 3.15019e+17 3.78175e+17 4.12646e+17 4.12646e+17 3.78175e+17 3.15019e+17 2.3385e+17 1.48456e+17 7.33379e+16 2.10967e+16 2.46679e+14 4.93682e+12 1.16387e+11 2.74115e+09 6.44293e+07 1.4458e+06
1.20357e+06 5.36297e+07 2.28155e+09 9.68708e+10 4.10907e+12 2.05353e+14 1.75781e+16 6.11108e+16 1.23711e+17 1.94879e+17 2.6253e+17 3.1517e+17 3.43903e+17 3.43903e+17 3.1517e+17 2.6253e+17 1.94879e+17 1.23711e+17 6.11108e+16 1.75781e+16 2.05353e+14 4.10907e+12 9.68708e+10 2.28155e+09 5.36297e+07 1.20357e+06
891903 3.97241e+07 1.68941e+09 7.17151e+10 3.0417e+12 1.52062e+14 1.30493e+16 4.5375e+16 9.18649e+16 1.44723e+17 1.94973e+17 2.34075e+17 2.55418e+17 2.55419e+17 2.34075e+17 1.94973e+17 1.44723e+17 9.18649e+16 4.5375e+16 1.30493e+16 1.52062e+14 3.0417e+12 7.17151e+10 1.68941e+09 3.97241e+07 891903
565238 2.51244e+07 1.06678e+09 4.52339e+10 1.91723e+12 9.58993e+13 8.27876e+15 2.87995e+16 5.83179e+16 9.18841e+16 1.23797e+17 1.48631e+17 1.62187e+17 1.62187e+17 1.48631e+17 1.23797e+17 9.18841e+16 5.83179e+16 2.87995e+16 8.27876e+15 9.58993e+13 1.91723e+12 4.52339e+10 1.06678e+09 2.51244e+07 565238
283032 1.24652e+07 5.24856e+08 2.21064e+10 9.32604e+11 4.66315e+13 4.08074e+15 1.42092e+16 2.87839e+16 4.53603e+16 6.11213e+16 7.33866e+16 8.00819e+16 8.00819e+16 7.33866e+16 6.11213e+16 4.53603e+16 2.87839e+16 1.42092e+16 4.08074e+15 4.66315e+13 9.32604e+11 2.21064e+10 5.24856e+08 1.24652e+07 283032
95437.7 4.0252e+06 1.61744e+08 6.50331e+09 2.62986e+11 1.28358e+13 1.1656e+15 4.06893e+15 8.25057e+15 1.30081e+16 1.7532e+16 2.10524e+16 2.2974e+16 2.2974e+16 2.10524e+16 1.7532e+16 1.30081e+16 8.25057e+15 4.06893e+15 1.1656e+15 1.28358e+13 2.62986e+11 6.50331e+09 1.61744e+08 4.0252e+06 95437.7
16327.6 565745 1.71047e+07 4.47864e+08 8.73008e+09 1.24287e+11 1.22308e+13 4.43887e+13 9.13398e+13 1.44991e+14 1.96043e+14 2.35734e+14 2.57375e+14 2.57375e+14 2.35734e+14 1.96043e+14 1.44991e+14 9.13398e+13 4.43887e+13 1.22308e+13 1.24287e+11 8.73008e+09 4.47864e+08 1.71047e+07 565745 16327.6
1752.52 49376.5 1.15062e+06 2.25037e+07 3.74665e+08 8.3979e+09 2.48944e+11 8.82265e+11 1.81507e+12 2.88304e+12 3.89969e+12 4.6902e+12 5.12121e+12 5.12121e+12 4.6902e+12 3.89969e+12 2.88304e+12 1.81507e+12 8.82265e+11 2.48944e+11 8.3979e+09 3.74665e+08 2.25037e+07 1.15062e+06 49376.5 1752.52
141.785 3397.63 67464.4 1.21325e+06 2.19047e+07 4.27818e+08 6.15728e+09 2.09178e+10 4.28318e+10 6.79848e+10 9.19451e+10 1.10581e+11 1.20744e+11 1.20744e+11 1.10581e+11 9.19451e+10 6.79848e+10 4.28318e+10 2.09178e+10 6.15728e+09 4.27818e+08 2.19047e+07 1.21325e+06 67464.4 3397.63 141.785
9.74112 209.496 3824.57 66116.9 1.10749e+06 1.62894e+07 1.5316e+08 4.96744e+08 1.01032e+09 1.60178e+09 2.16577e+09 2.60461e+09 2.84396e+09 2.84396e+09 2.60461e+09 2.16577e+09 1.60178e+09 1.01032e+09 4.96744e+08 1.5316e+08 1.62894e+07 1.10749e+06 66116.9 3824.57 209.496 9.74112
0.604417 12.0679 206.163 3291.27 47274 537898 3.81202e+06 1.17999e+07 2.3799e+07 3.7669e+07 5.09137e+07 6.12245e+07 6.68495e+07 6.68495e+07 6.12245e+07 5.09137e+07 3.7669e+07 2.3799e+07 1.17999e+07 3.81202e+06 537898 47274 3291.27 206.163 12.0679 0.604417
0.0317408 0.596871 9.48725 136.472 1673.1 15509.1 90391.6 267976 535510 845876 1.14273e+06 1.37398e+06 1.50016e+06 1.50016e+06 1.37398e+06 1.14273e+06 845876 535510 267976 90391.6 15509.1 1673.1 136.472 9.48725 0.596871 0.0317408
