0.127677 2.4031 38.2103 549.569 6736 62439.6 363962 1.07876e+06 2.1541e+06 3.39824e+06 4.58402e+06 5.50438e+06 6.00528e+06 6.00528e+06 5.50438e+06 4.58402e+06 3.39824e+06 2.1541e+06 1.07876e+06 363962 62439.6 6736 549.569 38.2103 2.4031 0.127677
2.43625 48.7164 832.902 13295 190852 2.17079e+06 1.53844e+07 4.76136e+07 9.59612e+07 1.51694e+08 2.04718e+08 2.4584e+08 2.68212e+08 2.68212e+08 2.4584e+08 2.04718e+08 1.51694e+08 9.59612e+07 4.76136e+07 1.53844e+07 2.17079e+06 190852 13295 832.902 48.7164 2.43625
39.3252 847.609 15498.6 267998 4.48458e+06 6.58893e+07 6.19346e+08 2.00848e+09 4.08221e+09 6.46363e+09 8.7257e+09 1.04788e+10 1.14321e+10 1.14321e+10 1.04788e+10 8.7257e+09 6.46363e+09 4.08221e+09 2.00848e+09 6.19346e+08 6.58893e+07 4.48458e+06 267998 15498.6 847.609 39.3252
572.837 13763.7 273980 4.93448e+06 8.90167e+07 1.73436e+09 2.49377e+10 8.47138e+10 1.73346e+11 2.74781e+11 3.7101e+11 4.4554e+11 4.86057e+11 4.86057e+11 4.4554e+11 3.7101e+11 2.74781e+11 1.73346e+11 8.47138e+10 2.49377e+10 1.73436e+09 8.90167e+07 4.93448e+06 273980 13763.7 572.837
7081.83 200069 4.67533e+06 9.16988e+07 1.52952e+09 3.4145e+10 1.0094e+12 3.57734e+12 7.3549e+12 1.16665e+13 1.57532e+13 1.89167e+13 2.06359e+13 2.06359e+13 1.89167e+13 1.57532e+13 1.16665e+13 7.3549e+12 3.57734e+12 1.0094e+12 3.4145e+10 1.52952e+09 9.16988e+07 4.67533e+06 200069 7081.83
65973.1 2.29166e+06 6.94556e+07 1.82321e+09 3.56682e+10 5.09907e+11 4.96559e+13 1.80231e+14 3.7067e+14 5.87642e+14 7.93227e+14 9.52368e+14 1.03885e+15 1.03885e+15 9.52368e+14 7.93227e+14 5.87642e+14 3.7067e+14 1.80231e+14 4.96559e+13 5.09907e+11 3.56682e+10 1.82321e+09 6.94556e+07 2.29166e+06 65973.1
385548 1.62985e+07 6.56224e+08 2.64266e+10 1.06988e+12 5.22198e+13 4.73303e+15 1.65303e+16 3.35237e+16 5.28384e+16 7.1171e+16 8.54077e+16 9.31665e+16 9.31665e+16 8.54077e+16 7.1171e+16 5.28384e+16 3.35237e+16 1.65303e+16 4.73303e+15 5.22198e+13 1.06988e+12 2.64266e+10 6.56224e+08 1.62985e+07 385548
1.14291e+06 5.04541e+07 2.12873e+09 8.98045e+10 3.79316e+12 1.89712e+14 1.65788e+16 5.77546e+16 1.17013e+17 1.84344e+17 2.48252e+17 2.97887e+17 3.24941e+17 3.24941e+17 2.97887e+17 2.48252e+17 1.84344e+17 1.17013e+17 5.77546e+16 1.65788e+16 1.89712e+14 3.79316e+12 8.98045e+10 2.12873e+09 5.04541e+07 1.14291e+06
2.28035e+06 1.01602e+08 4.32292e+09 1.83602e+11 7.7915e+12 3.89886e+14 3.36363e+16 1.17066e+17 2.37078e+17 3.73405e+17 5.0278e+17 6.03255e+17 6.58017e+17 6.58017e+17 6.03255e+17 5.0278e+17 3.73405e+17 2.37078e+17 1.17066e+17 3.36363e+16 3.89886e+14 7.7915e+12 1.83602e+11 4.32292e+09 1.01602e+08 2.28035e+06
3.59303e+06 1.60409e+08 6.83589e+09 2.90646e+11 1.23419e+13 6.1731e+14 5.29943e+16 1.8436e+17 3.73272e+17 5.87813e+17 7.91371e+17 9.49436e+17 1.03558e+18 1.03558e+18 9.49436e+17 7.91371e+17 5.87813e+17 3.73272e+17 1.8436e+17 5.29943e+16 6.1731e+14 1.23419e+13 2.90646e+11 6.83589e+09 1.60409e+08 3.59303e+06
4.84056e+06 2.16192e+08 9.21557e+09 3.91874e+11 1.66407e+13 8.32095e+14 7.13306e+16 2.48108e+17 5.02274e+17 7.9086e+17 1.06462e+18 1.27717e+18 1.39299e+18 1.39299e+18 1.27717e+18 1.06462e+18 7.9086e+17 5.02274e+17 2.48108e+17 7.13306e+16 8.32095e+14 1.66407e+13 3.91874e+11 9.21557e+09 2.16192e+08 4.84056e+06
5.80631e+06 2.59336e+08 1.10546e+10 4.70045e+11 1.99581e+13 9.9785e+14 8.55421e+16 2.97526e+17 6.02272e+17 9.48236e+17 1.27638e+18 1.53111e+18 1.66992e+18 1.66992e+18 1.53111e+18 1.27638e+18 9.48236e+17 6.02272e+17 2.97526e+17 8.55421e+16 9.9785e+14 1.99581e+13 4.70045e+11 1.10546e+10 2.59336e+08 5.80631e+06
6.33093e+06 2.82763e+08 1.20526e+10 5.12452e+11 2.1757e+13 1.08773e+15 9.32761e+16 3.24425e+17 6.56701e+17 1.03389e+18 1.39162e+18 1.6693e+18 1.8206e+18 1.8206e+18 1.6693e+18 1.39162e+18 1.03389e+18 6.56701e+17 3.24425e+17 9.32761e+16 1.08773e+15 2.1757e+13 5.12452e+11 1.20526e+10 2.82763e+08 6.33093e+06
6.33093e+06 2.82763e+08 1.20526e+10 5.12452e+11 2.1757e+13 1.08773e+15 9.32761e+16 3.24425e+17 6.56701e+17 1.03389e+18 1.39162e+18 1.6693e+18 1.8206e+18 1.8206e+18 1.6693e+18 1.39162e+18 1.03389e+18 6.56701e+17 3.24425e+17 9.32761e+16 1.08773e+15 2.1757e+13 5.12452e+11 1.20526e+10 2.82763e+08 6.33093e+06
5.80631e+06 2.59336e+08 1.10546e+10 4.70045e+11 1.99581e+13 9.9785e+14 8.55421e+16 2.97526e+17 6.02272e+17 9.48236e+17 1.27638e+18 1.53111e+18 1.66992e+18 1.66992e+18 1.53111e+18 1.27638e+18 9.48236e+17 6.02272e+17 2.97526e+17 8.55421e+16 9.9785e+14 1.99581e+13 4.70045e+11 1.10546e+10 2.59336e+08 5.80631e+06
4.84056e+06 2.16192e+08 9.21557e+09 3.91874e+11 1.66407e+13 8.32095e+14 7.13306e+16 2.48108e+17 5.02274e+17 7.9086e+17 1.06462e+18 1.27717e+18 1.39299e+18 1.39299e+18 1.27717e+18 1.06462e+18 7.9086e+17 5.02274e+17 2.48108e+17 7.13306e+16 8.32095e+14 1.66407e+13 3.91874e+11 9.21557e+09 2.16192e+08 4.84056e+06
3.59303e+06 1.60409e+08 6.83589e+09 2.90646e+11 1.23419e+13 6.1731e+14 5.29943e+16 1.8436e+17 3.73272e+17 5.87813e+17 7.91371e+17 9.49436e+17 1.03558e+18 1.03558e+18 9.49436e+17 7.91371e+17 5.87813e+17 3.73272e+17 1.8436e+17 5.29943e+16 6.1731e+14 1.23419e+13 2.90646e+11 6.83589e+09 1.60409e+08 3.59303e+06
2.28035e+06 1.01602e+08 4.32292e+09 1.83602e+11 7.7915e+12 3.89886e+14 3.36363e+16 1.17066e+17 2.37078e+17 3.73405e+17 5.0278e+17 6.03255e+17 6.58017e+17 6.58017e+17 6.03255e+17 5.0278e+17 3.73405e+17 2.37078e+17 1.17066e+17 3.36363e+16 3.89886e+14 7.7915e+12 1.83602e+11 4.32292e+09 1.01602e+08 2.28035e+06
1.14291e+06 5.04541e+07 2.12873e+09 8.98045e+10 3.79316e+12 1.89712e+14 1.65788e+16 5.77546e+16 1.17013e+17 1.84344e+17 2.48252e+17 2.97887e+17 3.24941e+17 3.24941e+17 2.97887e+17 2.48252e+17 1.84344e+17 1.17013e+17 5.77546e+16 1.65788e+16 1.89712e+14 3.79316e+12 8.98045e+10 2.12873e+09 5.04541e+07 1.14291e+06
385548 1.62985e+07 6.56224e+08 2.64266e+10 1.06988e+12 5.22198e+13 4.73303e+15 1.65303e+16 3.35237e+16 5.28384e+16 7.1171e+16 8.54077e+16 9.31665e+16 9.31665e+16 8.54077e+16 7.1171e+16 5.28384e+16 3.35237e+16 1.65303e+16 4.73303e+15 5.22198e+13 1.06988e+12 2.64266e+10 6.56224e+08 1.62985e+07 385548
65973.1 2.29166e+06 6.94556e+07 1.82321e+09 3.56682e+10 5.09907e+11 4.96559e+13 1.80231e+14 3.7067e+14 5.87642e+14 7.93227e+14 9.52368e+14 1.03885e+15 1.03885e+15 9.52368e+14 7.93227e+14 5.87642e+14 3.7067e+14 1.80231e+14 4.96559e+13 5.09907e+11 3.56682e+10 1.82321e+09 6.94556e+07 2.29166e+06 65973.1
7081.83 200069 4.67533e+06 9.16988e+07 1.52952e+09 3.4145e+10 1.0094e+12 3.57734e+12 7.3549e+12 1.16665e+13 1.57532e+13 1.89167e+13 2.06359e+13 2.06359e+13 1.89167e+13 1.57532e+13 1.16665e+13 7.3549e+12 3.57734e+12 1.0094e+12 3.4145e+10 1.52952e+09 9.16988e+07 4.67533e+06 200069 7081.83
572.837 13763.7 273980 4.93448e+06 8.90167e+07 1.73436e+09 2.49377e+10 8.47138e+10 1.73346e+11 2.74781e+11 3.7101e+11 4.4554e+11 4.86057e+11 4.86057e+11 4.4554e+11 3.7101e+11 2.74781e+11 1.73346e+11 8.47138e+10 2.49377e+10 1.73436e+09 8.90167e+07 4.93448e+06 273980 13763.7 572.837
39.3252 847.609 15498.6 267998 4.48458e+06 6.58893e+07 6.19346e+08 2.00848e+09 4.08221e+09 6.46363e+09 8.7257e+09 1.04788e+10 1.14321e+10 1.14321e+10 1.04788e+10 8.7257e+09 6.46363e+09 4.08221e+09 2.00848e+09 6.19346e+08 6.58893e+07 4.48458e+06 267998 15498.6 847.609 39.3252
2.43625 48.7164 832.902 13295 190852 2.17079e+06 1.53844e+07 4.76136e+07 9.59612e+07 1.51694e+08 2.04718e+08 2.4584e+08 2.68212e+08 2.68212e+08 2.4584e+08 2.04718e+08 1.51694e+08 9.59612e+07 4.76136e+07 1.53844e+07 2.17079e+06 190852 13295 832.902 48.7164 2.43625
0.127677 2.4031 38.2103 549.569 6736 62439.6 363962 1.07876e+06 2.1541e+06 3.39824e+06 4.58402e+06 5.50438e+06 6.00528e+06 6.00528e+06 5.50438e+06 4.58402e+06 3.39824e+06 2.1541e+06 1.07876e+06 363962 62439.6 6736 549.569 38.2103 2.4031 0.127677
