0.000402644 0.00761472 0.12191 1.76764 21.8451 204.104 1200.05 3603.55 7317.42 11756.4 16129.6 19621.6 21558.5 21558.5 19621.6 16129.6 11756.4 7317.42 3603.55 1200.05 204.104 21.8451 1.76764 0.12191 0.00761472 0.000402644
0.00769232 0.154345 2.65413 42.7121 618.779 7098.81 50739.3 159145 326382 525836 722267 879168 966232 966232 879168 722267 525836 326382 159145 50739.3 7098.81 618.779 42.7121 2.65413 0.154345 0.00769232
0.124543 2.68859 49.3268 858.756 14515.5 215420 2.04219e+06 6.71415e+06 1.38961e+07 2.24429e+07 3.08593e+07 3.75853e+07 4.13191e+07 4.13191e+07 3.75853e+07 3.08593e+07 2.24429e+07 1.38961e+07 6.71415e+06 2.04219e+06 215420 14515.5 858.756 49.3268 2.68859 0.124543
1.8236 43.8243 872.708 15759.7 286849 5.66241e+06 8.21611e+07 2.83085e+08 5.90312e+08 9.55261e+08 1.31473e+09 1.60218e+09 1.76182e+09 1.76182e+09 1.60218e+09 1.31473e+09 9.55261e+08 5.90312e+08 2.83085e+08 8.21611e+07 5.66241e+06 286849 15759.7 872.708 43.8243 1.8236
22.7011 641.243 14969.2 292996 4.88813e+06 1.10962e+08 3.32084e+09 1.19436e+10 2.50439e+10 4.05895e+10 5.59112e+10 6.8172e+10 7.49845e+10 7.49845e+10 6.8172e+10 5.59112e+10 4.05895e+10 2.50439e+10 1.19436e+10 3.32084e+09 1.10962e+08 4.88813e+06 292996 14969.2 641.243 22.7011
213.192 7406.25 224309 5.87492e+06 1.14191e+08 1.61852e+09 1.62749e+11 5.99481e+11 1.25728e+12 2.0362e+12 2.80334e+12 3.41697e+12 3.75784e+12 3.75784e+12 3.41697e+12 2.80334e+12 2.0362e+12 1.25728e+12 5.99481e+11 1.62749e+11 1.61852e+09 1.14191e+08 5.87492e+06 224309 7406.25 213.192
1257.98 53187.8 2.14072e+06 8.61263e+07 3.4813e+09 1.69867e+11 1.55136e+13 5.46748e+13 1.12254e+14 1.79328e+14 2.44579e+14 2.9632e+14 3.24913e+14 3.24913e+14 2.9632e+14 2.44579e+14 1.79328e+14 1.12254e+14 5.46748e+13 1.55136e+13 1.69867e+11 3.4813e+09 8.61263e+07 2.14072e+06 53187.8 1257.98
3781.48 167021 7.04729e+06 2.97167e+08 1.25393e+10 6.26737e+11 5.48529e+13 1.92684e+14 3.94971e+14 6.30319e+14 8.59059e+14 1.04032e+15 1.14045e+15 1.14045e+15 1.04032e+15 8.59059e+14 6.30319e+14 3.94971e+14 1.92684e+14 5.48529e+13 6.26737e+11 1.25393e+10 2.97167e+08 7.04729e+06 167021 3781.48
7680.04 342599 1.45886e+07 6.19813e+08 2.62992e+10 1.31488e+12 1.12764e+14 3.95486e+14 8.10069e+14 1.29212e+15 1.76043e+15 2.13142e+15 2.33633e+15 2.33633e+15 2.13142e+15 1.76043e+15 1.29212e+15 8.10069e+14 3.95486e+14 1.12764e+14 1.31488e+12 2.62992e+10 6.19813e+08 1.45886e+07 342599 7680.04
12336.6 551860 2.35569e+07 1.00282e+09 4.26163e+10 2.12927e+12 1.8026e+14 6.31562e+14 1.29299e+15 2.06174e+15 2.80836e+15 3.39971e+15 3.72629e+15 3.72629e+15 3.39971e+15 2.80836e+15 2.06174e+15 1.29299e+15 6.31563e+14 1.8026e+14 2.12927e+12 4.26163e+10 1.00282e+09 2.35569e+07 551860 12336.6
16920 757759 3.23801e+07 1.37971e+09 5.86829e+10 2.93063e+12 2.45927e+14 8.61042e+14 1.76221e+15 2.80933e+15 3.82608e+15 4.63128e+15 5.07591e+15 5.07591e+15 4.63128e+15 3.82608e+15 2.80933e+15 1.76221e+15 8.61042e+14 2.45927e+14 2.93063e+12 5.86829e+10 1.37971e+09 3.23801e+07 757759 16920
20576.6 922074 3.94247e+07 1.68081e+09 7.15272e+10 3.57104e+12 2.97992e+14 1.04288e+15 2.13391e+15 3.40142e+15 4.632e+15 5.60645e+15 6.14451e+15 6.14451e+15 5.60645e+15 4.632e+15 3.40142e+15 2.13391e+15 1.04288e+15 2.97992e+14 3.57104e+12 7.15272e+10 1.68081e+09 3.94247e+07 922074 20576.6
22603.7 1.01319e+06 4.33327e+07 1.84792e+09 7.86587e+10 3.92654e+12 3.2676e+14 1.14331e+15 2.33918e+15 3.72836e+15 5.07699e+15 6.14485e+15 6.73448e+15 6.73448e+15 6.14485e+15 5.07699e+15 3.72836e+15 2.33918e+15 1.14331e+15 3.2676e+14 3.92654e+12 7.86587e+10 1.84792e+09 4.33327e+07 1.01319e+06 22603.7
22603.7 1.01319e+06 4.33327e+07 1.84792e+09 7.86587e+10 3.92654e+12 3.2676e+14 1.14331e+15 2.33918e+15 3.72836e+15 5.07699e+15 6.14485e+15 6.73448e+15 6.73448e+15 6.14485e+15 5.07699e+15 3.72836e+15 2.33918e+15 1.14331e+15 3.2676e+14 3.92654e+12 7.86587e+10 1.84792e+09 4.33327e+07 1.01319e+06 22603.7
20576.6 922074 3.94247e+07 1.68081e+09 7.15272e+10 3.57104e+12 2.97992e+14 1.04288e+15 2.13391e+15 3.40142e+15 4.632e+15 5.60645e+15 6.14451e+15 6.14451e+15 5.60645e+15 4.632e+15 3.40142e+15 2.13391e+15 1.04288e+15 2.97992e+14 3.57104e+12 7.15272e+10 1.68081e+09 3.94247e+07 922074 20576.6
16920 757759 3.23801e+07 1.37971e+09 5.86829e+10 2.93063e+12 2.45927e+14 8.61042e+14 1.76221e+15 2.80933e+15 3.82608e+15 4.63128e+15 5.07591e+15 5.07591e+15 4.63128e+15 3.82608e+15 2.80933e+15 1.76221e+15 8.61042e+14 2.45927e+14 2.93063e+12 5.86829e+10 1.37971e+09 3.23801e+07 757759 16920
12336.6 551860 2.35569e+07 1.00282e+09 4.26163e+10 2.12927e+12 1.8026e+14 6.31563e+14 1.29299e+15 2.06174e+15 2.80836e+15 3.39971e+15 3.72629e+15 3.72629e+15 3.39971e+15 2.80836e+15 2.06174e+15 1.29299e+15 6.31562e+14 1.8026e+14 2.12927e+12 4.26163e+10 1.00282e+09 2.35569e+07 551860 12336.6
7680.04 342599 1.45886e+07 6.19813e+08 2.62992e+10 1.31488e+12 1.12764e+14 3.95486e+14 8.10069e+14 1.29212e+15 1.76043e+15 2.13142e+15 2.33633e+15 2.33633e+15 2.13142e+15 1.76043e+15 1.29212e+15 8.10069e+14 3.95486e+14 1.12764e+14 1.31488e+12 2.62992e+10 6.19813e+08 1.45886e+07 342599 7680.04
3781.48 167021 7.04729e+06 2.97167e+08 1.25393e+10 6.26737e+11 5.48529e+13 1.92684e+14 3.94971e+14 6.30319e+14 8.59059e+14 1.04032e+15 1.14045e+15 1.14045e+15 1.04032e+15 8.59059e+14 6.30319e+14 3.94971e+14 1.92683e+14 5.48529e+13 6.26737e+11 1.25393e+10 2.97167e+08 7.04729e+06 167021 3781.48
1257.98 53187.8 2.14072e+06 8.61263e+07 3.4813e+09 1.69867e+11 1.55136e+13 5.46748e+13 1.12254e+14 1.79328e+14 2.44579e+14 2.9632e+14 3.24913e+14 3.24913e+14 2.9632e+14 2.44579e+14 1.79328e+14 1.12254e+14 5.46748e+13 1.55136e+13 1.69867e+11 3.4813e+09 8.61263e+07 2.14072e+06 53187.8 1257.98
213.192 7406.25 224309 5.87492e+06 1.14191e+08 1.61852e+09 1.62749e+11 5.99481e+11 1.25728e+12 2.0362e+12 2.80334e+12 3.41697e+12 3.75784e+12 3.75784e+12 3.41697e+12 2.80334e+12 2.0362e+12 1.25728e+12 5.99481e+11 1.62749e+11 1.61852e+09 1.14191e+08 5.87492e+06 224309 7406.25 213.192
22.7011 641.243 14969.2 292996 4.88813e+06 1.10962e+08 3.32084e+09 1.19436e+10 2.50439e+10 4.05895e+10 5.59112e+10 6.8172e+10 7.49845e+10 7.49845e+10 6.8172e+10 5.59112e+10 4.05895e+10 2.50439e+10 1.19436e+10 3.32084e+09 1.10962e+08 4.88813e+06 292996 14969.2 641.243 22.7011
1.8236 43.8243 872.708 15759.7 286849 5.66241e+06 8.21611e+07 2.83085e+08 5.90312e+08 9.55261e+08 1.31473e+09 1.60218e+09 1.76182e+09 1.76182e+09 1.60218e+09 1.31473e+09 9.55261e+08 5.90312e+08 2.83085e+08 8.21611e+07 5.66241e+06 286849 15759.7 872.708 43.8243 1.8236
0.124543 2.68859 49.3268 858.756 14515.5 215420 2.04219e+06 6.71415e+06 1.38961e+07 2.24429e+07 3.08593e+07 3.75853e+07 4.13191e+07 4.13191e+07 3.75853e+07 3.08593e+07 2.24429e+07 1.38961e+07 6.71415e+06 2.04219e+06 215420 14515.5 858.756 49.3268 2.68859 0.124543
0.00769232 0.154345 2.65413 42.7121 618.779 7098.81 50739.3 159145 326382 525836 722267 879168 966232 966232 879168 722267 525836 326382 159145 50739.3 7098.81 618.779 42.7121 2.65413 0.154345 0.00769232
0.000402644 0.00761472 0.12191 1.76764 21.8451 204.104 1200.05 3603.55 7317.42 11756.4 16129.6 19621.6 21558.5 21558.5 19621.6 16129.6 11756.4 7317.42 3603.55 1200.05 204.104 21.8451 1.76764 0.12191 0.00761472 0.000402644
