2.05318e-07 3.83913e-06 6.05421e-05 0.000863132 0.0104943 0.0966669 0.561204 1.66093 3.31689 5.2397 7.08275 8.52217 9.30929 9.30929 8.52217 7.08275 5.2397 3.31689 1.66093 0.561204 0.0966669 0.0104943 0.000863132 6.05421e-05 3.83913e-06 2.05318e-07
3.90889e-06 7.7715e-05 0.0013184 0.0208473 0.29642 3.34576 23.5989 72.9114 146.934 232.567 314.518 378.487 413.463 413.463 378.487 314.518 232.567 146.934 72.9114 23.5989 3.34576 0.29642 0.0208473 0.0013184 7.7715e-05 3.90889e-06
6.28704e-05 0.00134917 0.0245243 0.420406 6.9569 101.201 945.776 3061.07 6219.99 9860.62 13340 16055 17539.3 17539.3 16055 13340 9860.62 6219.99 3061.07 945.776 101.201 6.9569 0.420406 0.0245243 0.00134917 6.28704e-05
0.000911112 0.0218184 0.432884 7.75719 138.443 2659.52 37946.4 128622 263087 417535 565005 680050 742943 742943 680050 565005 417535 263087 128622 37946.4 2659.52 138.443 7.75719 0.432884 0.0218184 0.000911112
0.0111941 0.31517 7.34936 144.07 2397.6 52494.9 1.53199e+06 5.4161e+06 1.11292e+07 1.76746e+07 2.3921e+07 2.87936e+07 3.14572e+07 3.14572e+07 2.87936e+07 2.3921e+07 1.76746e+07 1.11292e+07 5.4161e+06 1.53199e+06 52494.9 2397.6 144.07 7.34936 0.31517 0.0111941
0.103646 3.5849 108.315 2840.8 55821.8 803178 7.53838e+07 2.728e+08 5.60534e+08 8.89477e+08 1.20321e+09 1.44788e+09 1.58163e+09 1.58163e+09 1.44788e+09 1.20321e+09 8.89477e+08 5.60534e+08 2.728e+08 7.53838e+07 803178 55821.8 2840.8 108.315 3.5849 0.103646
0.60288 25.3512 1016.01 40765.3 1.64589e+06 7.99929e+07 7.18293e+09 2.50169e+10 5.0641e+10 7.97606e+10 1.07453e+11 1.2902e+11 1.40803e+11 1.40803e+11 1.2902e+11 1.07453e+11 7.97606e+10 5.0641e+10 2.50169e+10 7.18293e+09 7.99929e+07 1.64589e+06 40765.3 1016.01 25.3512 0.60288
1.78463 78.3444 3289.33 138221 5.82065e+06 2.89854e+08 2.51067e+10 8.72283e+10 1.76408e+11 2.77713e+11 3.74035e+11 4.49047e+11 4.90026e+11 4.90026e+11 4.49047e+11 3.74035e+11 2.77713e+11 1.76408e+11 8.72283e+10 2.51067e+10 2.89854e+08 5.82065e+06 138221 3289.33 78.3444 1.78463
3.56257 157.822 6681.14 282603 1.19553e+07 5.95504e+08 5.08738e+10 1.76588e+11 3.57003e+11 5.6192e+11 7.56745e+11 9.08463e+11 9.91346e+11 9.91346e+11 9.08463e+11 7.56745e+11 5.6192e+11 3.57003e+11 1.76588e+11 5.08738e+10 5.95504e+08 1.19553e+07 282603 6681.14 157.822 3.56257
5.62447 249.648 10585 448219 1.89739e+07 9.44489e+08 8.0146e+10 2.78068e+11 5.62067e+11 8.84615e+11 1.19127e+12 1.43007e+12 1.56052e+12 1.56052e+12 1.43007e+12 1.19127e+12 8.84615e+11 5.62067e+11 2.78068e+11 8.0146e+10 9.44489e+08 1.89739e+07 448219 10585 249.648 5.62447
7.59816 337.403 14310.6 606114 2.56615e+07 1.27685e+09 1.07965e+11 3.74495e+11 7.56911e+11 1.19122e+12 1.60412e+12 1.92565e+12 2.1013e+12 2.1013e+12 1.92565e+12 1.60412e+12 1.19122e+12 7.56911e+11 3.74495e+11 1.07965e+11 1.27685e+09 2.56615e+07 606114 14310.6 337.403 7.59816
9.13771 405.817 17213.9 729127 3.0871e+07 1.53571e+09 1.29615e+11 4.49538e+11 9.08545e+11 1.42983e+12 1.92541e+12 2.31133e+12 2.52215e+12 2.52215e+12 2.31133e+12 1.92541e+12 1.42983e+12 9.08545e+11 4.49538e+11 1.29615e+11 1.53571e+09 3.0871e+07 729127 17213.9 405.817 9.13771
9.97888 443.19 18799.7 796312 3.37161e+07 1.67707e+09 1.41437e+11 4.90513e+11 9.91341e+11 1.56011e+12 2.10084e+12 2.52192e+12 2.75195e+12 2.75195e+12 2.52192e+12 2.10084e+12 1.56011e+12 9.91341e+11 4.90513e+11 1.41437e+11 1.67707e+09 3.37161e+07 796312 18799.7 443.19 9.97888
9.97888 443.19 18799.7 796312 3.37161e+07 1.67707e+09 1.41437e+11 4.90513e+11 9.91341e+11 1.56011e+12 2.10084e+12 2.52192e+12 2.75195e+12 2.75195e+12 2.52192e+12 2.10084e+12 1.56011e+12 9.91341e+11 4.90513e+11 1.41437e+11 1.67707e+09 3.37161e+07 796312 18799.7 443.19 9.97888
9.13771 405.817 17213.9 729127 3.0871e+07 1.53571e+09 1.29615e+11 4.49538e+11 9.08545e+11 1.42983e+12 1.92541e+12 2.31133e+12 2.52215e+12 2.52215e+12 2.31133e+12 1.92541e+12 1.42983e+12 9.08545e+11 4.49538e+11 1.29615e+11 1.53571e+09 3.0871e+07 729127 17213.9 405.817 9.13771
7.59816 337.403 14310.6 606114 2.56615e+07 1.27685e+09 1.07965e+11 3.74495e+11 7.56911e+11 1.19122e+12 1.60412e+12 1.92565e+12 2.1013e+12 2.1013e+12 1.92565e+12 1.60412e+12 1.19122e+12 7.56911e+11 3.74495e+11 1.07965e+11 1.27685e+09 2.56615e+07 606114 14310.6 337.403 7.59816
5.62447 249.648 10585 448219 1.89739e+07 9.44489e+08 8.0146e+10 2.78068e+11 5.62067e+11 8.84615e+11 1.19127e+12 1.43007e+12 1.56052e+12 1.56052e+12 1.43007e+12 1.19127e+12 8.84615e+11 5.62067e+11 2.78068e+11 8.0146e+10 9.44489e+08 1.89739e+07 448219 10585 249.648 5.62447
3.56257 157.822 6681.14 282603 1.19553e+07 5.95504e+08 5.08738e+10 1.76588e+11 3.57003e+11 5.6192e+11 7.56745e+11 9.08463e+11 9.91346e+11 9.91346e+11 9.08463e+11 7.56745e+11 5.6192e+11 3.57003e+11 1.76588e+11 5.08738e+10 5.95504e+08 1.19553e+07 282603 6681.14 157.822 3.56257
1.78463 78.3444 3289.33 138221 5.82065e+06 2.89854e+08 2.51067e+10 8.72283e+10 1.76408e+11 2.77713e+11 3.74035e+11 4.49047e+11 4.90026e+11 4.90026e+11 4.49047e+11 3.74035e+11 2.77713e+11 1.76408e+11 8.72283e+10 2.51067e+10 2.89854e+08 5.82065e+06 138221 3289.33 78.3444 1.78463
0.60288 25.3512 1016.01 40765.3 1.64589e+06 7.99929e+07 7.18293e+09 2.50169e+10 5.0641e+10 7.97606e+10 1.07453e+11 1.2902e+11 1.40803e+11 1.40803e+11 1.2902e+11 1.07453e+11 7.97606e+10 5.0641e+10 2.50169e+10 7.18293e+09 7.99929e+07 1.64589e+06 40765.3 1016.01 25.3512 0.60288
0.103646 3.5849 108.315 2840.8 55821.8 803178 7.53838e+07 2.728e+08 5.60534e+08 8.89477e+08 1.20321e+09 1.44788e+09 1.58163e+09 1.58163e+09 1.44788e+09 1.20321e+09 8.89477e+08 5.60534e+08 2.728e+08 7.53838e+07 803178 55821.8 2840.8 108.315 3.5849 0.103646
0.0111941 0.31517 7.34936 144.07 2397.6 52494.9 1.53199e+06 5.4161e+06 1.11292e+07 1.76746e+07 2.3921e+07 2.87936e+07 3.14572e+07 3.14572e+07 2.87936e+07 2.3921e+07 1.76746e+07 1.11292e+07 5.4161e+06 1.53199e+06 52494.9 2397.6 144.07 7.34936 0.31517 0.0111941
0.000911112 0.0218184 0.432884 7.75719 138.443 2659.52 37946.4 128622 263087 417535 565005 680050 742943 742943 680050 565005 417535 263087 128622 37946.4 2659.52 138.443 7.75719 0.432884 0.0218184 0.000911112
6.28704e-05 0.00134917 0.0245243 0.420406 6.9569 101.201 945.776 3061.07 6219.99 9860.62 13340 16055 17539.3 17539.3 16055 13340 9860.62 6219.99 3061.07 945.776 101.201 6.9569 0.420406 0.0245243 0.00134917 6.28704e-05
3.90889e-06 7.7715e-05 0.0013184 0.0208473 0.29642 3.34576 23.5989 72.9114 146.934 232.567 314.518 378.487 413.463 413.463 378.487 314.518 232.567 146.934 72.9114 23.5989 3.34576 0.29642 0.0208473 0.0013184 7.7715e-05 3.90889e-06
2.05318e-07 3.83913e-06 6.05421e-05 0.000863132 0.0104943 0.0966669 0.561204 1.66093 3.31689 5.2397 7.08275 8.52217 9.30929 9.30929 8.52217 7.08275 5.2397 3.31689 1.66093 0.561204 0.0966669 0.0104943 0.000863132 6.05421e-05 3.83913e-06 2.05318e-07
