0.00616174 0.117033 1.88123 27.3729 339.378 3180.76 18757.1 56470.1 114908 184860 253775 308749 339212 339212 308749 253775 184860 114908 56470.1 18757.1 3180.76 339.378 27.3729 1.88123 0.117033 0.00616174
0.118282 2.38521 41.2017 665.468 9670.77 111272 797621 2.50873e+06 5.15694e+06 8.32073e+06 1.14366e+07 1.39229e+07 1.5301e+07 1.5301e+07 1.39229e+07 1.14366e+07 8.32073e+06 5.15694e+06 2.50873e+06 797621 111272 9670.77 665.468 41.2017 2.38521 0.118282
1.92377 41.7624 770.052 13457.6 228113 3.39368e+06 3.22555e+07 1.06363e+08 2.20698e+08 3.57018e+08 4.91259e+08 5.98417e+08 6.57831e+08 6.57831e+08 5.98417e+08 4.91259e+08 3.57018e+08 2.20698e+08 1.06363e+08 3.22555e+07 3.39368e+06 228113 13457.6 770.053 41.7624 1.92377
28.2782 683.612 13687.2 248222 4.53012e+06 8.95702e+07 1.30224e+09 4.50117e+09 9.41225e+09 1.52579e+10 2.10155e+10 2.56136e+10 2.81639e+10 2.81639e+10 2.56136e+10 2.10155e+10 1.52579e+10 9.41225e+09 4.50117e+09 1.30224e+09 8.95702e+07 4.53012e+06 248222 13687.2 683.612 28.2782
353.216 10037.1 235583 4.63247e+06 7.7555e+07 1.76148e+09 5.27566e+10 1.90398e+11 4.00439e+11 6.50214e+11 8.96352e+11 1.09303e+12 1.20215e+12 1.20215e+12 1.09303e+12 8.96352e+11 6.50214e+11 4.00439e+11 1.90398e+11 5.27566e+10 1.76148e+09 7.7555e+07 4.63247e+06 235583 10037.1 353.216
3327.33 116268 3.53935e+06 9.30919e+07 1.81642e+09 2.5832e+10 2.58921e+12 9.57293e+12 2.01422e+13 3.26867e+13 4.50404e+13 5.49081e+13 6.03814e+13 6.03814e+13 5.49081e+13 4.50404e+13 3.26867e+13 2.01422e+13 9.57293e+12 2.58921e+12 2.5832e+10 1.81642e+09 9.30919e+07 3.53935e+06 116268 3327.33
19689 837236 3.38572e+07 1.36691e+09 5.53791e+10 2.7046e+12 2.47014e+14 8.73365e+14 1.79878e+15 2.88048e+15 3.93456e+15 4.77074e+15 5.23278e+15 5.23278e+15 4.77074e+15 3.93456e+15 2.88048e+15 1.79878e+15 8.73365e+14 2.47014e+14 2.7046e+12 5.53791e+10 1.36691e+09 3.38572e+07 837236 19689
59332.8 2.6362e+06 1.11781e+08 4.73102e+09 2.00146e+11 1.00162e+13 8.76278e+14 3.08759e+15 6.34855e+15 1.01555e+16 1.38622e+16 1.68012e+16 1.84246e+16 1.84246e+16 1.68012e+16 1.38622e+16 1.01555e+16 6.34855e+15 3.08759e+15 8.76278e+14 1.00162e+13 2.00146e+11 4.73102e+09 1.11781e+08 2.6362e+06 59332.8
120742 5.41947e+06 2.31965e+08 9.89417e+09 4.21002e+11 2.10807e+13 1.80709e+15 6.35681e+15 1.30599e+16 2.08804e+16 2.84917e+16 3.45251e+16 3.78574e+16 3.78574e+16 3.45251e+16 2.84917e+16 2.08803e+16 1.30599e+16 6.35681e+15 1.80709e+15 2.10807e+13 4.21002e+11 9.89417e+09 2.31965e+08 5.41947e+06 120742
194184 8.74155e+06 3.75126e+08 1.60341e+10 6.8339e+11 3.42022e+13 2.89545e+15 1.01748e+16 2.08929e+16 3.33926e+16 4.55545e+16 5.51933e+16 6.05165e+16 6.05165e+16 5.51933e+16 4.55545e+16 3.33926e+16 2.08929e+16 1.01748e+16 2.89545e+15 3.42022e+13 6.83389e+11 1.60341e+10 3.75126e+08 8.74155e+06 194184
266451 1.20093e+07 5.15928e+08 2.20737e+10 9.41614e+11 4.71081e+13 3.95579e+15 1.38917e+16 2.85156e+16 4.55654e+16 6.2151e+16 7.52941e+16 8.25521e+16 8.25521e+16 7.52941e+16 6.2151e+16 4.55654e+16 2.85156e+16 1.38917e+16 3.95579e+15 4.71081e+13 9.41614e+11 2.20737e+10 5.15928e+08 1.20093e+07 266451
324033 1.46137e+07 6.28183e+08 2.68909e+10 1.14768e+12 5.74035e+13 4.79658e+15 1.68376e+16 3.45557e+16 5.52094e+16 7.52982e+16 9.12159e+16 1.00006e+17 1.00006e+17 9.12159e+16 7.52982e+16 5.52094e+16 3.45557e+16 1.68376e+16 4.79658e+15 5.74035e+13 1.14768e+12 2.68909e+10 6.28183e+08 1.46137e+07 324033
355914 1.6056e+07 6.90366e+08 2.95601e+10 1.26189e+12 6.31087e+13 5.26097e+15 1.84643e+16 3.78907e+16 6.05337e+16 8.25561e+16 1.00005e+17 1.0964e+17 1.0964e+17 1.00005e+17 8.25561e+16 6.05337e+16 3.78907e+16 1.84643e+16 5.26097e+15 6.31087e+13 1.26189e+12 2.95601e+10 6.90366e+08 1.6056e+07 355914
355914 1.6056e+07 6.90366e+08 2.95601e+10 1.26189e+12 6.31087e+13 5.26097e+15 1.84643e+16 3.78907e+16 6.05337e+16 8.25561e+16 1.00005e+17 1.0964e+17 1.0964e+17 1.00005e+17 8.25561e+16 6.05337e+16 3.78907e+16 1.84643e+16 5.26097e+15 6.31087e+13 1.26189e+12 2.95601e+10 6.90366e+08 1.6056e+07 355914
324033 1.46137e+07 6.28183e+08 2.68909e+10 1.14768e+12 5.74035e+13 4.79658e+15 1.68376e+16 3.45557e+16 5.52094e+16 7.52982e+16 9.12159e+16 1.00006e+17 1.00006e+17 9.12159e+16 7.52982e+16 5.52094e+16 3.45557e+16 1.68376e+16 4.79658e+15 5.74035e+13 1.14768e+12 2.68909e+10 6.28183e+08 1.46137e+07 324033
266451 1.20093e+07 5.15928e+08 2.20737e+10 9.41614e+11 4.71081e+13 3.95579e+15 1.38917e+16 2.85156e+16 4.55654e+16 6.2151e+16 7.52941e+16 8.25521e+16 8.25521e+16 7.52941e+16 6.2151e+16 4.55654e+16 2.85156e+16 1.38917e+16 3.95579e+15 4.71081e+13 9.41614e+11 2.20737e+10 5.15928e+08 1.20093e+07 266451
194184 8.74155e+06 3.75126e+08 1.60341e+10 6.83389e+11 3.42022e+13 2.89545e+15 1.01748e+16 2.08929e+16 3.33926e+16 4.55545e+16 5.51933e+16 6.05165e+16 6.05165e+16 5.51933e+16 4.55545e+16 3.33926e+16 2.08929e+16 1.01748e+16 2.89545e+15 3.42022e+13 6.83389e+11 1.60341e+10 3.75126e+08 8.74155e+06 194184
120742 5.41947e+06 2.31965e+08 9.89417e+09 4.21002e+11 2.10807e+13 1.80709e+15 6.35681e+15 1.30599e+16 2.08803e+16 2.84917e+16 3.45251e+16 3.78574e+16 3.78574e+16 3.45251e+16 2.84917e+16 2.08804e+16 1.30599e+16 6.35681e+15 1.80709e+15 2.10807e+13 4.21002e+11 9.89417e+09 2.31965e+08 5.41947e+06 120742
59332.8 2.6362e+06 1.11781e+08 4.73102e+09 2.00146e+11 1.00162e+13 8.76278e+14 3.08759e+15 6.34855e+15 1.01555e+16 1.38622e+16 1.68012e+16 1.84246e+16 1.84246e+16 1.68012e+16 1.38622e+16 1.01555e+16 6.34855e+15 3.08759e+15 8.76278e+14 1.00162e+13 2.00146e+11 4.73102e+09 1.11781e+08 2.6362e+06 59332.8
19689 837236 3.38572e+07 1.36691e+09 5.53791e+10 2.7046e+12 2.47014e+14 8.73365e+14 1.79878e+15 2.88048e+15 3.93456e+15 4.77074e+15 5.23278e+15 5.23278e+15 4.77074e+15 3.93456e+15 2.88048e+15 1.79878e+15 8.73365e+14 2.47014e+14 2.7046e+12 5.53791e+10 1.36691e+09 3.38572e+07 837236 19689
3327.33 116268 3.53935e+06 9.30919e+07 1.81642e+09 2.5832e+10 2.58921e+12 9.57293e+12 2.01422e+13 3.26867e+13 4.50404e+13 5.49081e+13 6.03814e+13 6.03814e+13 5.49081e+13 4.50404e+13 3.26867e+13 2.01422e+13 9.57293e+12 2.58921e+12 2.5832e+10 1.81642e+09 9.30919e+07 3.53935e+06 116268 3327.33
353.216 10037.1 235583 4.63247e+06 7.7555e+07 1.76148e+09 5.27566e+10 1.90398e+11 4.00439e+11 6.50214e+11 8.96352e+11 1.09303e+12 1.20215e+12 1.20215e+12 1.09303e+12 8.96352e+11 6.50214e+11 4.00439e+11 1.90398e+11 5.27566e+10 1.76148e+09 7.7555e+07 4.63247e+06 235583 10037.1 353.216
28.2782 683.612 13687.2 248222 4.53012e+06 8.95702e+07 1.30224e+09 4.50117e+09 9.41225e+09 1.52579e+10 2.10155e+10 2.56136e+10 2.81639e+10 2.81639e+10 2.56136e+10 2.10155e+10 1.52579e+10 9.41225e+09 4.50117e+09 1.30224e+09 8.95702e+07 4.53012e+06 248222 13687.2 683.612 28.2782
1.92377 41.7624 770.053 13457.6 228113 3.39368e+06 3.22555e+07 1.06363e+08 2.20698e+08 3.57018e+08 4.91259e+08 5.98417e+08 6.57831e+08 6.57831e+08 5.98417e+08 4.91259e+08 3.57018e+08 2.20698e+08 1.06363e+08 3.22555e+07 3.39368e+06 228113 13457.6 770.052 41.7624 1.92377
0.118282 2.38521 41.2017 665.468 9670.77 111272 797621 2.50873e+06 5.15694e+06 8.32073e+06 1.14366e+07 1.39229e+07 1.5301e+07 1.5301e+07 1.39229e+07 1.14366e+07 8.32073e+06 5.15694e+06 2.50873e+06 797621 111272 9670.77 665.468 41.2017 2.38521 0.118282
0.00616174 0.117033 1.88123 27.3729 339.378 3180.76 18757.1 56470.1 114908 184860 253775 308749 339212 339212 308749 253775 184860 114908 56470.1 18757.1 3180.76 339.378 27.3729 1.88123 0.117033 0.00616175
