13.8524 256.321 3962.24 54999 650813 5.86402e+06 3.34872e+07 9.74203e+07 1.90311e+08 2.9314e+08 3.86611e+08 4.56147e+08 4.92893e+08 4.92893e+08 4.56147e+08 3.86611e+08 2.9314e+08 1.90311e+08 9.74203e+07 3.34872e+07 5.86402e+06 650813 54999 3962.24 256.321 13.8524
265.938 5268.23 88084.1 1.35521e+06 1.86338e+07 2.04381e+08 1.4142e+09 4.29239e+09 8.45409e+09 1.30319e+10 1.71743e+10 2.02461e+10 2.1866e+10 2.1866e+10 2.02461e+10 1.71743e+10 1.30319e+10 8.45409e+09 4.29239e+09 1.4142e+09 2.04381e+08 1.86338e+07 1.35521e+06 88084.1 5268.23 265.938
4281.17 92357.9 1.67415e+06 2.81111e+07 4.47012e+08 6.24402e+09 5.69556e+10 1.80979e+11 3.59055e+11 5.53636e+11 7.28907e+11 8.58456e+11 9.26631e+11 9.26631e+11 8.58456e+11 7.28907e+11 5.53636e+11 3.59055e+11 1.80979e+11 5.69556e+10 6.24402e+09 4.47012e+08 2.81111e+07 1.67415e+06 92357.9 4281.17
61455.2 1.48871e+06 2.98696e+07 5.35094e+08 9.22964e+09 1.66705e+11 2.29676e+12 7.63822e+12 1.52389e+13 2.34911e+13 3.08928e+13 3.63459e+13 3.92094e+13 3.92094e+13 3.63459e+13 3.08928e+13 2.34911e+13 1.52389e+13 7.63822e+12 2.29676e+12 1.66705e+11 9.22964e+09 5.35094e+08 2.98696e+07 1.48871e+06 61455.2
741847 2.11351e+07 5.01248e+08 1.00449e+10 1.68997e+11 3.40579e+12 9.31817e+13 3.23029e+14 6.46751e+14 9.96245e+14 1.30848e+15 1.53778e+15 1.65793e+15 1.65793e+15 1.53778e+15 1.30848e+15 9.96245e+14 6.46751e+14 3.23029e+14 9.31817e+13 3.40579e+12 1.68997e+11 1.00449e+10 5.01248e+08 2.11351e+07 741847
6.72649e+06 2.34533e+08 7.17091e+09 1.91751e+11 3.92914e+12 5.95338e+13 4.65392e+15 1.6512e+16 3.30712e+16 5.09277e+16 6.68941e+16 7.86356e+16 8.4795e+16 8.4795e+16 7.86356e+16 6.68941e+16 5.09277e+16 3.30712e+16 1.6512e+16 4.65392e+15 5.95338e+13 3.92914e+12 1.91751e+11 7.17091e+09 2.34533e+08 6.72649e+06
3.83317e+07 1.61847e+09 6.51691e+10 2.62745e+12 1.06574e+14 5.13565e+15 4.4221e+17 1.52355e+18 3.03808e+18 4.70071e+18 6.22353e+18 7.37045e+18 7.98276e+18 7.98276e+18 7.37045e+18 6.22353e+18 4.70071e+18 3.03808e+18 1.52355e+18 4.4221e+17 5.13565e+15 1.06574e+14 2.62745e+12 6.51691e+10 1.61847e+09 3.83317e+07
1.11343e+08 4.90427e+09 2.0671e+11 8.7214e+12 3.68721e+14 1.82368e+16 1.53015e+18 5.25993e+18 1.04765e+19 1.61978e+19 2.14347e+19 2.53774e+19 2.74819e+19 2.74819e+19 2.53774e+19 2.14347e+19 1.61978e+19 1.04765e+19 5.25993e+18 1.53015e+18 1.82368e+16 3.68721e+14 8.7214e+12 2.0671e+11 4.90427e+09 1.11343e+08
2.17265e+08 9.64806e+09 4.09618e+11 1.73787e+13 7.37315e+14 3.64935e+16 3.05129e+18 1.0477e+19 2.08404e+19 3.21786e+19 4.25319e+19 5.03112e+19 5.4458e+19 5.4458e+19 5.03112e+19 4.25319e+19 3.21786e+19 2.08404e+19 1.0477e+19 3.05129e+18 3.64935e+16 7.37315e+14 1.73787e+13 4.09618e+11 9.64806e+09 2.17265e+08
3.34342e+08 1.4858e+10 6.3097e+11 2.67622e+13 1.13454e+15 5.61219e+16 4.71476e+18 1.61772e+19 3.21366e+19 4.95463e+19 6.53972e+19 7.72774e+19 8.35998e+19 8.35998e+19 7.72774e+19 6.53972e+19 4.95463e+19 3.21366e+19 1.61772e+19 4.71476e+18 5.61219e+16 1.13454e+15 2.67622e+13 6.3097e+11 1.4858e+10 3.34342e+08
4.40606e+08 1.9565e+10 8.30032e+11 3.51642e+13 1.48879e+15 7.36134e+16 6.23129e+18 2.1371e+19 4.24048e+19 6.52874e+19 8.60629e+19 1.01597e+20 1.0985e+20 1.0985e+20 1.01597e+20 8.60629e+19 6.52874e+19 4.24048e+19 2.1371e+19 6.23129e+18 7.36134e+16 1.48879e+15 3.51642e+13 8.30031e+11 1.9565e+10 4.40606e+08
5.19559e+08 2.30509e+10 9.76958e+11 4.13452e+13 1.74855e+15 8.64363e+16 7.36852e+18 2.52647e+19 5.00876e+19 7.70356e+19 1.01449e+20 1.19669e+20 1.29336e+20 1.29336e+20 1.19669e+20 1.01449e+20 7.70356e+19 5.00876e+19 2.52647e+19 7.36852e+18 8.64363e+16 1.74855e+15 4.13452e+13 9.76958e+11 2.30509e+10 5.19559e+08
5.61244e+08 2.48876e+10 1.0542e+12 4.45877e+13 1.88451e+15 9.31478e+16 7.9738e+18 2.73368e+19 5.41708e+19 8.3269e+19 1.09599e+20 1.29229e+20 1.39638e+20 1.39638e+20 1.29229e+20 1.09599e+20 8.3269e+19 5.41708e+19 2.73368e+19 7.9738e+18 9.31478e+16 1.88451e+15 4.45877e+13 1.0542e+12 2.48876e+10 5.61244e+08
5.61244e+08 2.48876e+10 1.0542e+12 4.45877e+13 1.88451e+15 9.31478e+16 7.9738e+18 2.73368e+19 5.41708e+19 8.3269e+19 1.09599e+20 1.29229e+20 1.39638e+20 1.39638e+20 1.29229e+20 1.09599e+20 8.3269e+19 5.41708e+19 2.73368e+19 7.9738e+18 9.31478e+16 1.88451e+15 4.45877e+13 1.0542e+12 2.48876e+10 5.61244e+08
5.19559e+08 2.30509e+10 9.76958e+11 4.13452e+13 1.74855e+15 8.64363e+16 7.36852e+18 2.52647e+19 5.00876e+19 7.70356e+19 1.01449e+20 1.19669e+20 1.29336e+20 1.29336e+20 1.19669e+20 1.01449e+20 7.70356e+19 5.00876e+19 2.52647e+19 7.36852e+18 8.64363e+16 1.74855e+15 4.13452e+13 9.76958e+11 2.30509e+10 5.19559e+08
4.40606e+08 1.9565e+10 8.30031e+11 3.51642e+13 1.48879e+15 7.36134e+16 6.23129e+18 2.1371e+19 4.24048e+19 6.52874e+19 8.60629e+19 1.01597e+20 1.0985e+20 1.0985e+20 1.01597e+20 8.60629e+19 6.52874e+19 4.24048e+19 2.1371e+19 6.23129e+18 7.36134e+16 1.48879e+15 3.51642e+13 8.30031e+11 1.9565e+10 4.40606e+08
3.34342e+08 1.4858e+10 6.3097e+11 2.67622e+13 1.13454e+15 5.61219e+16 4.71476e+18 1.61772e+19 3.21366e+19 4.95463e+19 6.53972e+19 7.72774e+19 8.35998e+19 8.35998e+19 7.72774e+19 6.53972e+19 4.95463e+19 3.21366e+19 1.61772e+19 4.71476e+18 5.61219e+16 1.13454e+15 2.67622e+13 6.3097e+11 1.4858e+10 3.34342e+08
2.17265e+08 9.64806e+09 4.09618e+11 1.73787e+13 7.37315e+14 3.64935e+16 3.05129e+18 1.0477e+19 2.08404e+19 3.21786e+19 4.25319e+19 5.03112e+19 5.4458e+19 5.4458e+19 5.03112e+19 4.25319e+19 3.21786e+19 2.08404e+19 1.0477e+19 3.05129e+18 3.64935e+16 7.37315e+14 1.73787e+13 4.09618e+11 9.64806e+09 2.17265e+08
1.11343e+08 4.90427e+09 2.0671e+11 8.7214e+12 3.68721e+14 1.82368e+16 1.53015e+18 5.25993e+18 1.04765e+19 1.61978e+19 2.14347e+19 2.53774e+19 2.74819e+19 2.74819e+19 2.53774e+19 2.14347e+19 1.61978e+19 1.04765e+19 5.25993e+18 1.53015e+18 1.82368e+16 3.68721e+14 8.7214e+12 2.0671e+11 4.90427e+09 1.11343e+08
3.83317e+07 1.61847e+09 6.51691e+10 2.62745e+12 1.06574e+14 5.13565e+15 4.4221e+17 1.52355e+18 3.03808e+18 4.70071e+18 6.22353e+18 7.37045e+18 7.98276e+18 7.98276e+18 7.37045e+18 6.22353e+18 4.70071e+18 3.03808e+18 1.52355e+18 4.4221e+17 5.13565e+15 1.06574e+14 2.62745e+12 6.51691e+10 1.61847e+09 3.83317e+07
6.72649e+06 2.34533e+08 7.17091e+09 1.91751e+11 3.92914e+12 5.95338e+13 4.65392e+15 1.6512e+16 3.30712e+16 5.09277e+16 6.68941e+16 7.86356e+16 8.4795e+16 8.4795e+16 7.86356e+16 6.68941e+16 5.09277e+16 3.30712e+16 1.6512e+16 4.65392e+15 5.95338e+13 3.92914e+12 1.91751e+11 7.17091e+09 2.34533e+08 6.72649e+06
741847 2.11351e+07 5.01248e+08 1.00449e+10 1.68997e+11 3.40579e+12 9.31817e+13 3.23029e+14 6.46751e+14 9.96245e+14 1.30848e+15 1.53778e+15 1.65793e+15 1.65793e+15 1.53778e+15 1.30848e+15 9.96245e+14 6.46751e+14 3.23029e+14 9.31817e+13 3.40579e+12 1.68997e+11 1.00449e+10 5.01248e+08 2.11351e+07 741847
61455.2 1.48871e+06 2.98696e+07 5.35094e+08 9.22964e+09 1.66705e+11 2.29676e+12 7.63822e+12 1.52389e+13 2.34911e+13 3.08928e+13 3.63459e+13 3.92094e+13 3.92094e+13 3.63459e+13 3.08928e+13 2.34911e+13 1.52389e+13 7.63822e+12 2.29676e+12 1.66705e+11 9.22964e+09 5.35094e+08 2.98696e+07 1.48871e+06 61455.2
4281.17 92357.9 1.67415e+06 2.81111e+07 4.47012e+08 6.24402e+09 5.69556e+10 1.80979e+11 3.59055e+11 5.53636e+11 7.28907e+11 8.58456e+11 9.26631e+11 9.26631e+11 8.58456e+11 7.28907e+11 5.53636e+11 3.59055e+11 1.80979e+11 5.69556e+10 6.24402e+09 4.47012e+08 2.81111e+07 1.67415e+06 92357.9 4281.17
265.938 5268.23 88084.1 1.35521e+06 1.86338e+07 2.04381e+08 1.4142e+09 4.29239e+09 8.45409e+09 1.30319e+10 1.71743e+10 2.02461e+10 2.1866e+10 2.1866e+10 2.02461e+10 1.71743e+10 1.30319e+10 8.45409e+09 4.29239e+09 1.4142e+09 2.04381e+08 1.86338e+07 1.35521e+06 88084.1 5268.23 265.938
13.8524 256.321 3962.24 54999 650813 5.86402e+06 3.34872e+07 9.74203e+07 1.90311e+08 2.9314e+08 3.86611e+08 4.56147e+08 4.92893e+08 4.92893e+08 4.56147e+08 3.86611e+08 2.9314e+08 1.90311e+08 9.74203e+07 3.34872e+07 5.86402e+06 650813 54999 3962.24 256.321 13.8524
