5.84024 108.547 1688.72 23624.5 281891 2.56121e+06 1.47627e+07 4.35526e+07 8.6627e+07 1.36077e+08 1.8277e+08 2.1869e+08 2.38113e+08 2.38113e+08 2.1869e+08 1.8277e+08 1.36077e+08 8.6627e+07 4.35526e+07 1.47627e+07 2.56121e+06 281891 23624.5 1688.72 108.547 5.84024
112.304 2231.94 37516.4 581572 8.06773e+06 8.92745e+07 6.23369e+08 1.91929e+09 3.85148e+09 6.05954e+09 8.13878e+09 9.73562e+09 1.05982e+10 1.05982e+10 9.73562e+09 8.13878e+09 6.05954e+09 3.85148e+09 1.91929e+09 6.23369e+08 8.92745e+07 8.06773e+06 581572 37516.4 2231.94 112.304
1813.71 39193.7 712783 1.2042e+07 1.93265e+08 2.72656e+09 2.50954e+10 8.09215e+10 1.63702e+11 2.57857e+11 3.46287e+11 4.14089e+11 4.50679e+11 4.50679e+11 4.14089e+11 3.46287e+11 2.57857e+11 1.63702e+11 8.09215e+10 2.50954e+10 2.72656e+09 1.93265e+08 1.2042e+07 712783 39193.7 1813.71
26165.2 634149 1.27351e+07 2.28776e+08 3.97691e+09 7.27057e+10 1.01118e+12 3.41422e+12 6.95154e+12 1.09575e+13 1.47112e+13 1.75849e+13 1.91342e+13 1.91342e+13 1.75849e+13 1.47112e+13 1.09575e+13 6.95154e+12 3.41422e+12 1.01118e+12 7.27057e+10 3.97691e+09 2.28776e+08 1.27351e+07 634149 26165.2
317913 9.05768e+06 2.14727e+08 4.29932e+09 7.2408e+10 1.47966e+12 4.09707e+13 1.4429e+14 2.951e+14 4.6528e+14 6.24443e+14 7.46111e+14 8.11638e+14 8.11638e+14 7.46111e+14 6.24443e+14 4.6528e+14 2.951e+14 1.4429e+14 4.09707e+13 1.47966e+12 7.2408e+10 4.29932e+09 2.14727e+08 9.05768e+06 317913
2.90506e+06 1.01293e+08 3.09574e+09 8.26603e+10 1.68661e+12 2.54355e+13 2.03904e+15 7.34907e+15 1.50322e+16 2.36856e+16 3.17759e+16 3.79604e+16 4.12915e+16 4.12915e+16 3.79604e+16 3.17759e+16 2.36856e+16 1.50322e+16 7.34907e+15 2.03904e+15 2.54355e+13 1.68661e+12 8.26603e+10 3.09574e+09 1.01293e+08 2.90506e+06
1.67143e+07 7.05671e+08 2.84045e+10 1.14434e+12 4.63584e+13 2.23358e+15 1.93773e+17 6.74478e+17 1.3637e+18 2.14175e+18 2.87439e+18 3.43912e+18 3.74527e+18 3.74527e+18 3.43912e+18 2.87439e+18 2.14175e+18 1.3637e+18 6.74478e+17 1.93773e+17 2.23358e+15 4.63584e+13 1.14434e+12 2.84045e+10 7.05671e+08 1.67143e+07
4.92391e+07 2.16935e+09 9.14409e+10 3.85708e+12 1.62966e+14 8.05865e+15 6.77675e+17 2.35267e+18 4.75073e+18 7.45527e+18 1.00003e+19 1.19613e+19 1.30242e+19 1.30242e+19 1.19613e+19 1.00003e+19 7.45527e+18 4.75073e+18 2.35267e+18 6.77675e+17 8.05865e+15 1.62966e+14 3.85708e+12 9.14409e+10 2.16935e+09 4.92391e+07
9.78249e+07 4.34813e+09 1.84758e+11 7.84348e+12 3.32873e+14 1.64751e+16 1.37152e+18 4.75553e+18 9.59338e+18 1.50415e+19 2.01612e+19 2.41015e+19 2.62356e+19 2.62356e+19 2.41015e+19 2.01612e+19 1.50415e+19 9.59338e+18 4.75553e+18 1.37152e+18 1.64751e+16 3.32873e+14 7.84348e+12 1.84758e+11 4.34813e+09 9.78249e+07
1.53508e+08 6.83366e+09 2.90706e+11 1.23495e+13 5.24228e+14 2.59345e+16 2.15358e+18 7.46148e+18 1.50389e+19 2.35581e+19 3.15506e+19 3.76934e+19 4.10173e+19 4.10173e+19 3.76934e+19 3.15506e+19 2.35581e+19 1.50389e+19 7.46148e+18 2.15358e+18 2.59345e+16 5.24228e+14 1.23495e+13 2.90706e+11 6.83366e+09 1.53508e+08
2.05998e+08 9.17006e+09 3.90029e+11 1.65638e+13 7.02838e+14 3.47572e+16 2.88836e+18 1.00024e+19 2.01453e+19 3.15312e+19 4.21965e+19 5.03826e+19 5.4808e+19 5.4808e+19 5.03826e+19 4.21965e+19 3.15312e+19 2.01453e+19 1.00024e+19 2.88836e+18 3.47572e+16 7.02838e+14 1.65638e+13 3.90029e+11 9.17006e+09 2.05998e+08
2.46318e+08 1.09616e+10 4.6606e+11 1.97846e+13 8.39133e+14 4.14867e+16 3.45349e+18 1.19559e+19 2.4067e+19 3.76462e+19 5.03503e+19 6.00911e+19 6.53533e+19 6.53533e+19 6.00911e+19 5.03503e+19 3.76462e+19 2.4067e+19 1.19559e+19 3.45349e+18 4.14867e+16 8.39133e+14 1.97846e+13 4.6606e+11 1.09616e+10 2.46318e+08
2.68098e+08 1.19284e+10 5.07046e+11 2.1519e+13 9.12449e+14 4.51057e+16 3.75937e+18 1.30131e+19 2.61877e+19 4.09498e+19 5.47515e+19 6.53277e+19 7.1039e+19 7.1039e+19 6.53277e+19 5.47515e+19 4.09498e+19 2.61877e+19 1.30131e+19 3.75937e+18 4.51057e+16 9.12449e+14 2.1519e+13 5.07046e+11 1.19284e+10 2.68098e+08
2.68098e+08 1.19284e+10 5.07046e+11 2.1519e+13 9.12449e+14 4.51057e+16 3.75937e+18 1.30131e+19 2.61877e+19 4.09498e+19 5.47515e+19 6.53277e+19 7.1039e+19 7.1039e+19 6.53277e+19 5.47515e+19 4.09498e+19 2.61877e+19 1.30131e+19 3.75937e+18 4.51057e+16 9.12449e+14 2.1519e+13 5.07046e+11 1.19284e+10 2.68098e+08
2.46318e+08 1.09616e+10 4.6606e+11 1.97846e+13 8.39133e+14 4.14867e+16 3.45349e+18 1.19559e+19 2.4067e+19 3.76462e+19 5.03503e+19 6.00911e+19 6.53533e+19 6.53533e+19 6.00911e+19 5.03503e+19 3.76462e+19 2.4067e+19 1.19559e+19 3.45349e+18 4.14867e+16 8.39133e+14 1.97846e+13 4.6606e+11 1.09616e+10 2.46318e+08
2.05998e+08 9.17006e+09 3.90029e+11 1.65638e+13 7.02838e+14 3.47572e+16 2.88836e+18 1.00024e+19 2.01453e+19 3.15312e+19 4.21965e+19 5.03826e+19 5.4808e+19 5.4808e+19 5.03826e+19 4.21965e+19 3.15312e+19 2.01453e+19 1.00024e+19 2.88836e+18 3.47572e+16 7.02838e+14 1.65638e+13 3.90029e+11 9.17006e+09 2.05998e+08
1.53508e+08 6.83366e+09 2.90706e+11 1.23495e+13 5.24228e+14 2.59345e+16 2.15358e+18 7.46148e+18 1.50389e+19 2.35581e+19 3.15506e+19 3.76934e+19 4.10173e+19 4.10173e+19 3.76934e+19 3.15506e+19 2.35581e+19 1.50389e+19 7.46148e+18 2.15358e+18 2.59345e+16 5.24228e+14 1.23495e+13 2.90706e+11 6.83366e+09 1.53508e+08
9.78249e+07 4.34813e+09 1.84758e+11 7.84348e+12 3.32873e+14 1.64751e+16 1.37152e+18 4.75553e+18 9.59338e+18 1.50415e+19 2.01612e+19 2.41015e+19 2.62356e+19 2.62356e+19 2.41015e+19 2.01612e+19 1.50415e+19 9.59338e+18 4.75553e+18 1.37152e+18 1.64751e+16 3.32873e+14 7.84348e+12 1.84758e+11 4.34813e+09 9.78249e+07
4.92391e+07 2.16935e+09 9.14409e+10 3.85708e+12 1.62966e+14 8.05865e+15 6.77675e+17 2.35267e+18 4.75073e+18 7.45527e+18 1.00003e+19 1.19613e+19 1.30242e+19 1.30242e+19 1.19613e+19 1.00003e+19 7.45527e+18 4.75073e+18 2.35267e+18 6.77675e+17 8.05865e+15 1.62966e+14 3.85708e+12 9.14409e+10 2.16935e+09 4.92391e+07
1.67143e+07 7.05671e+08 2.84045e+10 1.14434e+12 4.63584e+13 2.23358e+15 1.93773e+17 6.74478e+17 1.3637e+18 2.14175e+18 2.87439e+18 3.43912e+18 3.74527e+18 3.74527e+18 3.43912e+18 2.87439e+18 2.14175e+18 1.3637e+18 6.74478e+17 1.93773e+17 2.23358e+15 4.63584e+13 1.14434e+12 2.84045e+10 7.05671e+08 1.67143e+07
2.90506e+06 1.01293e+08 3.09574e+09 8.26603e+10 1.68661e+12 2.54355e+13 2.03904e+15 7.34907e+15 1.50322e+16 2.36856e+16 3.17759e+16 3.79604e+16 4.12915e+16 4.12915e+16 3.79604e+16 3.17759e+16 2.36856e+16 1.50322e+16 7.34907e+15 2.03904e+15 2.54355e+13 1.68661e+12 8.26603e+10 3.09574e+09 1.01293e+08 2.90506e+06
317913 9.05768e+06 2.14727e+08 4.29932e+09 7.2408e+10 1.47966e+12 4.09707e+13 1.4429e+14 2.951e+14 4.6528e+14 6.24443e+14 7.46111e+14 8.11638e+14 8.11638e+14 7.46111e+14 6.24443e+14 4.6528e+14 2.951e+14 1.4429e+14 4.09707e+13 1.47966e+12 7.2408e+10 4.29932e+09 2.14727e+08 9.05768e+06 317913
26165.2 634149 1.27351e+07 2.28776e+08 3.97691e+09 7.27057e+10 1.01118e+12 3.41422e+12 6.95154e+12 1.09575e+13 1.47112e+13 1.75849e+13 1.91342e+13 1.91342e+13 1.75849e+13 1.47112e+13 1.09575e+13 6.95154e+12 3.41422e+12 1.01118e+12 7.27057e+10 3.97691e+09 2.28776e+08 1.27351e+07 634149 26165.2
1813.71 39193.7 712783 1.2042e+07 1.93265e+08 2.72656e+09 2.50954e+10 8.09215e+10 1.63702e+11 2.57857e+11 3.46287e+11 4.14089e+11 4.50679e+11 4.50679e+11 4.14089e+11 3.46287e+11 2.57857e+11 1.63702e+11 8.09215e+10 2.50954e+10 2.72656e+09 1.93265e+08 1.2042e+07 712783 39193.7 1813.71
112.304 2231.94 37516.4 581572 8.06773e+06 8.92745e+07 6.23369e+08 1.91929e+09 3.85148e+09 6.05954e+09 8.13878e+09 9.73562e+09 1.05982e+10 1.05982e+10 9.73562e+09 8.13878e+09 6.05954e+09 3.85148e+09 1.91929e+09 6.23369e+08 8.92745e+07 8.06773e+06 581572 37516.4 2231.94 112.304
5.84024 108.547 1688.72 23624.5 281891 2.56121e+06 1.47627e+07 4.35526e+07 8.6627e+07 1.36077e+08 1.8277e+08 2.1869e+08 2.38113e+08 2.38113e+08 2.1869e+08 1.8277e+08 1.36077e+08 8.6627e+07 4.35526e+07 1.47627e+07 2.56121e+06 281891 23624.5 1688.72 108.547 5.84024
