0.0172008 0.319648 4.97829 69.8019 835.172 7607.38 43954.9 130179 260456 412132 557712 671439 733617 733617 671439 557712 412132 260456 130179 43954.9 7607.38 835.172 69.8019 4.97829 0.319648 0.0172008
0.330226 6.55538 110.206 1711.95 23829.4 264562 1.85231e+06 5.72584e+06 1.15606e+07 1.83283e+07 2.48125e+07 2.98742e+07 3.26407e+07 3.26407e+07 2.98742e+07 2.48125e+07 1.83283e+07 1.15606e+07 5.72584e+06 1.85231e+06 264562 23829.4 1711.95 110.206 6.55538 0.330226
5.33013 114.915 2086.69 35283.4 568466 8.05809e+06 7.44108e+07 2.40925e+08 4.90498e+08 7.78867e+08 1.05473e+09 1.26994e+09 1.38753e+09 1.38753e+09 1.26994e+09 1.05473e+09 7.78867e+08 4.90498e+08 2.40925e+08 7.44108e+07 8.05809e+06 568466 35283.4 2086.69 114.915 5.33013
76.9611 1859.57 37222 667315 1.1629e+07 2.14129e+08 2.99196e+09 1.01447e+10 2.07925e+10 3.30534e+10 4.4769e+10 5.39047e+10 5.88954e+10 5.88954e+10 5.39047e+10 4.4769e+10 3.30534e+10 2.07925e+10 1.01447e+10 2.99196e+09 2.14129e+08 1.1629e+07 667315 37222 1859.57 76.9611
936.979 26615.8 628558 1.2526e+07 2.10164e+08 4.33206e+09 1.2099e+11 4.27922e+11 8.81224e+11 1.40184e+12 1.89893e+12 2.28643e+12 2.49808e+12 2.49808e+12 2.28643e+12 1.89893e+12 1.40184e+12 8.81224e+11 4.27922e+11 1.2099e+11 4.33206e+09 2.10164e+08 1.2526e+07 628558 26615.8 936.979
8584.64 298592 9.0979e+06 2.41947e+08 4.90191e+09 7.31992e+10 6.00396e+12 2.17266e+13 4.47356e+13 7.11011e+13 9.62574e+13 1.15862e+14 1.26568e+14 1.26568e+14 1.15862e+14 9.62574e+13 7.11011e+13 4.47356e+13 2.17266e+13 6.00396e+12 7.31992e+10 4.90191e+09 2.41947e+08 9.0979e+06 298592 8584.64
49545.9 2.08762e+06 8.38516e+07 3.37109e+09 1.36301e+11 6.5657e+12 5.71745e+14 1.99332e+15 4.0433e+15 6.37904e+15 8.60312e+15 1.03358e+16 1.12823e+16 1.12823e+16 1.03358e+16 8.60312e+15 6.37904e+15 4.0433e+15 1.99332e+15 5.71745e+14 6.5657e+12 1.36301e+11 3.37109e+09 8.38516e+07 2.08762e+06 49545.9
146581 6.44584e+06 2.7116e+08 1.14153e+10 4.81413e+11 2.37918e+13 2.00346e+15 6.96677e+15 1.41159e+16 2.22566e+16 3.00058e+16 3.60421e+16 3.93393e+16 3.93393e+16 3.60421e+16 3.00058e+16 2.22566e+16 1.41159e+16 6.96677e+15 2.00346e+15 2.37918e+13 4.81413e+11 1.14153e+10 2.7116e+08 6.44584e+06 146581
293008 1.30024e+07 5.51535e+08 2.33743e+10 9.90412e+11 4.89818e+13 4.0702e+15 1.41382e+16 2.86312e+16 4.51281e+16 6.08276e+16 7.3055e+16 7.97334e+16 7.97334e+16 7.3055e+16 6.08276e+16 4.51281e+16 2.86312e+16 1.41382e+16 4.0702e+15 4.89818e+13 9.90412e+11 2.33743e+10 5.51535e+08 1.30024e+07 293008
463261 2.05968e+07 8.75035e+08 3.71248e+10 1.57411e+12 7.78105e+13 6.42468e+15 2.23034e+16 4.51519e+16 7.11518e+16 9.58895e+16 1.15153e+17 1.25674e+17 1.25674e+17 1.15153e+17 9.58895e+16 7.11518e+16 4.51519e+16 2.23034e+16 6.42468e+15 7.78105e+13 1.57411e+12 3.71248e+10 8.75035e+08 2.05968e+07 463261
626453 2.7863e+07 1.18406e+09 5.02443e+10 2.13058e+12 1.05278e+14 8.6651e+15 3.00711e+16 6.08646e+16 9.58974e+16 1.29224e+17 1.55173e+17 1.69343e+17 1.69343e+17 1.55173e+17 1.29224e+17 9.58974e+16 6.08646e+16 3.00711e+16 8.6651e+15 1.05278e+14 2.13058e+12 5.02443e+10 1.18406e+09 2.7863e+07 626453
753792 3.35284e+07 1.42485e+09 6.04616e+10 2.56379e+12 1.26655e+14 1.04092e+16 3.61173e+16 7.30932e+16 1.15153e+17 1.5516e+17 1.86308e+17 2.03317e+17 2.03317e+17 1.86308e+17 1.5516e+17 1.15153e+17 7.30932e+16 3.61173e+16 1.04092e+16 1.26655e+14 2.56379e+12 6.04616e+10 1.42485e+09 3.35284e+07 753792
823357 3.66224e+07 1.5563e+09 6.60383e+10 2.80018e+12 1.38318e+14 1.13613e+16 3.9418e+16 7.97686e+16 1.25664e+17 1.69316e+17 2.03301e+17 2.21859e+17 2.21859e+17 2.03301e+17 1.69316e+17 1.25664e+17 7.97686e+16 3.9418e+16 1.13613e+16 1.38318e+14 2.80018e+12 6.60383e+10 1.5563e+09 3.66224e+07 823357
823357 3.66224e+07 1.5563e+09 6.60383e+10 2.80018e+12 1.38318e+14 1.13613e+16 3.9418e+16 7.97686e+16 1.25664e+17 1.69316e+17 2.03301e+17 2.21859e+17 2.21859e+17 2.03301e+17 1.69316e+17 1.25664e+17 7.97686e+16 3.9418e+16 1.13613e+16 1.38318e+14 2.80018e+12 6.60383e+10 1.5563e+09 3.66224e+07 823357
753792 3.35284e+07 1.42485e+09 6.04616e+10 2.56379e+12 1.26655e+14 1.04092e+16 3.61173e+16 7.30932e+16 1.15153e+17 1.5516e+17 1.86308e+17 2.03317e+17 2.03317e+17 1.86308e+17 1.5516e+17 1.15153e+17 7.30932e+16 3.61173e+16 1.04092e+16 1.26655e+14 2.56379e+12 6.04616e+10 1.42485e+09 3.35284e+07 753792
626453 2.7863e+07 1.18406e+09 5.02443e+10 2.13058e+12 1.05278e+14 8.6651e+15 3.00711e+16 6.08646e+16 9.58974e+16 1.29224e+17 1.55173e+17 1.69343e+17 1.69343e+17 1.55173e+17 1.29224e+17 9.58974e+16 6.08646e+16 3.00711e+16 8.6651e+15 1.05278e+14 2.13058e+12 5.02443e+10 1.18406e+09 2.7863e+07 626453
463261 2.05968e+07 8.75035e+08 3.71248e+10 1.57411e+12 7.78105e+13 6.42468e+15 2.23034e+16 4.51519e+16 7.11518e+16 9.58895e+16 1.15153e+17 1.25674e+17 1.25674e+17 1.15153e+17 9.58895e+16 7.11518e+16 4.51519e+16 2.23034e+16 6.42468e+15 7.78105e+13 1.57411e+12 3.71248e+10 8.75035e+08 2.05968e+07 463261
293008 1.30024e+07 5.51535e+08 2.33743e+10 9.90412e+11 4.89818e+13 4.0702e+15 1.41382e+16 2.86312e+16 4.51281e+16 6.08276e+16 7.3055e+16 7.97334e+16 7.97334e+16 7.3055e+16 6.08276e+16 4.51281e+16 2.86312e+16 1.41382e+16 4.0702e+15 4.89818e+13 9.90412e+11 2.33743e+10 5.51535e+08 1.30024e+07 293008
146581 6.44584e+06 2.7116e+08 1.14153e+10 4.81413e+11 2.37918e+13 2.00346e+15 6.96677e+15 1.41159e+16 2.22566e+16 3.00058e+16 3.60421e+16 3.93393e+16 3.93393e+16 3.60421e+16 3.00058e+16 2.22566e+16 1.41159e+16 6.96677e+15 2.00346e+15 2.37918e+13 4.81413e+11 1.14153e+10 2.7116e+08 6.44584e+06 146581
49545.9 2.08762e+06 8.38516e+07 3.37109e+09 1.36301e+11 6.5657e+12 5.71745e+14 1.99332e+15 4.0433e+15 6.37904e+15 8.60312e+15 1.03358e+16 1.12823e+16 1.12823e+16 1.03358e+16 8.60312e+15 6.37904e+15 4.0433e+15 1.99332e+15 5.71745e+14 6.5657e+12 1.36301e+11 3.37109e+09 8.38516e+07 2.08762e+06 49545.9
8584.64 298592 9.0979e+06 2.41947e+08 4.90191e+09 7.31992e+10 6.00396e+12 2.17266e+13 4.47356e+13 7.11011e+13 9.62574e+13 1.15862e+14 1.26568e+14 1.26568e+14 1.15862e+14 9.62574e+13 7.11011e+13 4.47356e+13 2.17266e+13 6.00396e+12 7.31992e+10 4.90191e+09 2.41947e+08 9.0979e+06 298592 8584.64
936.979 26615.8 628558 1.2526e+07 2.10164e+08 4.33206e+09 1.2099e+11 4.27922e+11 8.81224e+11 1.40184e+12 1.89893e+12 2.28643e+12 2.49808e+12 2.49808e+12 2.28643e+12 1.89893e+12 1.40184e+12 8.81224e+11 4.27922e+11 1.2099e+11 4.33206e+09 2.10164e+08 1.2526e+07 628558 26615.8 936.979
76.9611 1859.57 37222 667315 1.1629e+07 2.14129e+08 2.99196e+09 1.01447e+10 2.07925e+10 3.30534e+10 4.4769e+10 5.39047e+10 5.88954e+10 5.88954e+10 5.39047e+10 4.4769e+10 3.30534e+10 2.07925e+10 1.01447e+10 2.99196e+09 2.14129e+08 1.1629e+07 667315 37222 1859.57 76.9611
5.33013 114.915 2086.69 35283.4 568466 8.05809e+06 7.44108e+07 2.40925e+08 4.90498e+08 7.78867e+08 1.05473e+09 1.26994e+09 1.38753e+09 1.38753e+09 1.26994e+09 1.05473e+09 7.78867e+08 4.90498e+08 2.40925e+08 7.44108e+07 8.05809e+06 568466 35283.4 2086.69 114.915 5.33013
0.330226 6.55538 110.206 1711.95 23829.4 264562 1.85231e+06 5.72584e+06 1.15606e+07 1.83283e+07 2.48125e+07 2.98742e+07 3.26407e+07 3.26407e+07 2.98742e+07 2.48125e+07 1.83283e+07 1.15606e+07 5.72584e+06 1.85231e+06 264562 23829.4 1711.95 110.206 6.55538 0.330226
0.0172008 0.319648 4.97829 69.8019 835.172 7607.38 43954.9 130179 260456 412132 557712 671439 733617 733617 671439 557712 412132 260456 130179 43954.9 7607.38 835.172 69.8019 4.97829 0.319648 0.0172008
