0.0805696 1.51605 24.106 346.788 4251.59 39415.6 229765 681124 1.3606e+06 2.14767e+06 2.89894e+06 3.48292e+06 3.8011e+06 3.8011e+06 3.48292e+06 2.89894e+06 2.14767e+06 1.3606e+06 681124 229765 39415.6 4251.59 346.788 24.106 1.51605 0.0805696
1.53612 30.7005 524.785 8378.65 120328 1.36905e+06 9.70344e+06 3.00361e+07 6.05575e+07 9.57837e+07 1.2935e+08 1.55423e+08 1.69624e+08 1.69624e+08 1.55423e+08 1.2935e+08 9.57837e+07 6.05575e+07 3.00361e+07 9.70344e+06 1.36905e+06 120328 8378.65 524.785 30.7005 1.53612
24.7812 533.674 9752.77 168651 2.82392e+06 4.1517e+07 3.90346e+08 1.26603e+09 2.57412e+09 4.07819e+09 5.50923e+09 6.62009e+09 7.22494e+09 7.22494e+09 6.62009e+09 5.50923e+09 4.07819e+09 2.57412e+09 1.26603e+09 3.90346e+08 4.1517e+07 2.82392e+06 168651 9752.77 533.674 24.7812
360.898 8662.17 172258 3.10078e+06 5.59674e+07 1.09184e+09 1.57078e+10 5.33663e+10 1.0924e+11 1.73268e+11 2.34116e+11 2.81326e+11 3.07023e+11 3.07023e+11 2.81326e+11 2.34116e+11 1.73268e+11 1.0924e+11 5.33663e+10 1.57078e+10 1.09184e+09 5.59674e+07 3.10078e+06 172258 8662.17 360.898
4461.88 125916 2.93913e+06 5.75786e+07 9.59703e+08 2.14681e+10 6.35529e+11 2.25256e+12 4.63284e+12 7.35336e+12 9.93668e+12 1.19401e+13 1.30303e+13 1.30303e+13 1.19401e+13 9.93668e+12 7.35336e+12 4.63284e+12 2.25256e+12 6.35529e+11 2.14681e+10 9.59703e+08 5.75786e+07 2.93913e+06 125916 4461.88
41572.8 1.44267e+06 4.3682e+07 1.14546e+09 2.23735e+10 3.19259e+11 3.12469e+13 1.13422e+14 2.33342e+14 3.70151e+14 5.00014e+14 6.00721e+14 6.55524e+14 6.55524e+14 6.00721e+14 5.00014e+14 3.70151e+14 2.33342e+14 1.13422e+14 3.12469e+13 3.19259e+11 2.23735e+10 1.14546e+09 4.3682e+07 1.44267e+06 41572.8
242999 1.02634e+07 4.12921e+08 1.66187e+10 6.7252e+11 3.28269e+13 2.97818e+15 1.04003e+16 2.10925e+16 3.32517e+16 4.48022e+16 5.37802e+16 5.86762e+16 5.86762e+16 5.37802e+16 4.48022e+16 3.32517e+16 2.10925e+16 1.04003e+16 2.97818e+15 3.28269e+13 6.7252e+11 1.66187e+10 4.12921e+08 1.02634e+07 242999
720520 3.17792e+07 1.33978e+09 5.6487e+10 2.38483e+12 1.19271e+14 1.04306e+16 3.63326e+16 7.3613e+16 1.15995e+17 1.56254e+17 1.87548e+17 2.04617e+17 2.04617e+17 1.87548e+17 1.56254e+17 1.15995e+17 7.3613e+16 3.63326e+16 1.04306e+16 1.19271e+14 2.38483e+12 5.6487e+10 1.33978e+09 3.17792e+07 720520
1.43822e+06 6.40231e+07 2.72193e+09 1.15535e+11 4.90072e+12 2.4521e+14 2.11635e+16 7.36485e+16 1.49158e+17 2.3498e+17 3.16494e+17 3.79855e+17 4.14412e+17 4.14412e+17 3.79855e+17 3.16494e+17 2.3498e+17 1.49158e+17 7.36485e+16 2.11635e+16 2.4521e+14 4.90072e+12 1.15535e+11 2.72193e+09 6.40231e+07 1.43822e+06
2.26757e+06 1.01144e+08 4.30703e+09 1.83018e+11 7.76828e+12 3.88501e+14 3.33518e+16 1.16014e+17 2.34909e+17 3.70015e+17 4.98319e+17 5.98041e+17 6.52425e+17 6.52425e+17 5.98041e+17 4.98319e+17 3.70015e+17 2.34909e+17 1.16014e+17 3.33518e+16 3.88501e+14 7.76828e+12 1.83018e+11 4.30703e+09 1.01144e+08 2.26757e+06
3.05703e+06 1.36416e+08 5.81075e+09 2.46954e+11 1.04826e+13 5.24095e+14 4.49082e+16 1.56186e+17 3.16211e+17 4.98027e+17 6.70665e+17 8.04829e+17 8.77991e+17 8.77991e+17 8.04829e+17 6.70665e+17 4.98027e+17 3.16211e+17 1.56186e+17 4.49082e+16 5.24095e+14 1.04826e+13 2.46954e+11 5.81075e+09 1.36416e+08 3.05703e+06
3.66915e+06 1.63743e+08 6.97486e+09 2.9642e+11 1.25815e+13 6.28942e+14 5.38742e+16 1.87358e+17 3.79298e+17 5.9735e+17 8.04373e+17 9.65244e+17 1.05297e+18 1.05297e+18 9.65244e+17 8.04373e+17 5.9735e+17 3.79298e+17 1.87358e+17 5.38742e+16 6.28942e+14 1.25815e+13 2.9642e+11 6.97486e+09 1.63743e+08 3.66915e+06
4.00207e+06 1.78599e+08 7.60749e+09 3.23292e+11 1.37213e+13 6.8588e+14 5.87573e+16 2.04337e+17 4.13663e+17 6.5145e+17 8.77197e+17 1.05261e+18 1.14826e+18 1.14826e+18 1.05261e+18 8.77197e+17 6.5145e+17 4.13663e+17 2.04337e+17 5.87573e+16 6.8588e+14 1.37213e+13 3.23292e+11 7.60749e+09 1.78599e+08 4.00207e+06
4.00207e+06 1.78599e+08 7.60749e+09 3.23292e+11 1.37213e+13 6.8588e+14 5.87573e+16 2.04337e+17 4.13663e+17 6.5145e+17 8.77197e+17 1.05261e+18 1.14826e+18 1.14826e+18 1.05261e+18 8.77197e+17 6.5145e+17 4.13663e+17 2.04337e+17 5.87573e+16 6.8588e+14 1.37213e+13 3.23292e+11 7.60749e+09 1.78599e+08 4.00207e+06
3.66915e+06 1.63743e+08 6.97486e+09 2.9642e+11 1.25815e+13 6.28942e+14 5.38742e+16 1.87358e+17 3.79298e+17 5.9735e+17 8.04373e+17 9.65244e+17 1.05297e+18 1.05297e+18 9.65244e+17 8.04373e+17 5.9735e+17 3.79298e+17 1.87358e+17 5.38742e+16 6.28942e+14 1.25815e+13 2.9642e+11 6.97486e+09 1.63743e+08 3.66915e+06
3.05703e+06 1.36416e+08 5.81075e+09 2.46954e+11 1.04826e+13 5.24095e+14 4.49082e+16 1.56186e+17 3.16211e+17 4.98027e+17 6.70665e+17 8.04829e+17 8.77991e+17 8.77991e+17 8.04829e+17 6.70665e+17 4.98027e+17 3.16211e+17 1.56186e+17 4.49082e+16 5.24095e+14 1.04826e+13 2.46954e+11 5.81075e+09 1.36416e+08 3.05703e+06
2.26757e+06 1.01144e+08 4.30703e+09 1.83018e+11 7.76828e+12 3.88501e+14 3.33518e+16 1.16014e+17 2.34909e+17 3.70015e+17 4.98319e+17 5.98041e+17 6.52425e+17 6.52425e+17 5.98041e+17 4.98319e+17 3.70015e+17 2.34909e+17 1.16014e+17 3.33518e+16 3.88501e+14 7.76828e+12 1.83018e+11 4.30703e+09 1.01144e+08 2.26757e+06
1.43822e+06 6.40231e+07 2.72193e+09 1.15535e+11 4.90072e+12 2.4521e+14 2.11635e+16 7.36485e+16 1.49158e+17 2.3498e+17 3.16494e+17 3.79855e+17 4.14412e+17 4.14412e+17 3.79855e+17 3.16494e+17 2.3498e+17 1.49158e+17 7.36485e+16 2.11635e+16 2.4521e+14 4.90072e+12 1.15535e+11 2.72193e+09 6.40231e+07 1.43822e+06
720520 3.17792e+07 1.33978e+09 5.6487e+10 2.38483e+12 1.19271e+14 1.04306e+16 3.63326e+16 7.3613e+16 1.15995e+17 1.56254e+17 1.87548e+17 2.04617e+17 2.04617e+17 1.87548e+17 1.56254e+17 1.15995e+17 7.3613e+16 3.63326e+16 1.04306e+16 1.19271e+14 2.38483e+12 5.6487e+10 1.33978e+09 3.17792e+07 720520
242999 1.02634e+07 4.12921e+08 1.66187e+10 6.7252e+11 3.28269e+13 2.97818e+15 1.04003e+16 2.10925e+16 3.32517e+16 4.48022e+16 5.37802e+16 5.86762e+16 5.86762e+16 5.37802e+16 4.48022e+16 3.32517e+16 2.10925e+16 1.04003e+16 2.97818e+15 3.28269e+13 6.7252e+11 1.66187e+10 4.12921e+08 1.02634e+07 242999
41572.8 1.44267e+06 4.3682e+07 1.14546e+09 2.23735e+10 3.19259e+11 3.12469e+13 1.13422e+14 2.33342e+14 3.70151e+14 5.00014e+14 6.00721e+14 6.55524e+14 6.55524e+14 6.00721e+14 5.00014e+14 3.70151e+14 2.33342e+14 1.13422e+14 3.12469e+13 3.19259e+11 2.23735e+10 1.14546e+09 4.3682e+07 1.44267e+06 41572.8
4461.88 125916 2.93913e+06 5.75786e+07 9.59703e+08 2.14681e+10 6.35529e+11 2.25256e+12 4.63284e+12 7.35336e+12 9.93668e+12 1.19401e+13 1.30303e+13 1.30303e+13 1.19401e+13 9.93668e+12 7.35336e+12 4.63284e+12 2.25256e+12 6.35529e+11 2.14681e+10 9.59703e+08 5.75786e+07 2.93913e+06 125916 4461.88
360.898 8662.17 172258 3.10078e+06 5.59674e+07 1.09184e+09 1.57078e+10 5.33663e+10 1.0924e+11 1.73268e+11 2.34116e+11 2.81326e+11 3.07023e+11 3.07023e+11 2.81326e+11 2.34116e+11 1.73268e+11 1.0924e+11 5.33663e+10 1.57078e+10 1.09184e+09 5.59674e+07 3.10078e+06 172258 8662.17 360.898
24.7812 533.674 9752.77 168651 2.82392e+06 4.1517e+07 3.90346e+08 1.26603e+09 2.57412e+09 4.07819e+09 5.50923e+09 6.62009e+09 7.22494e+09 7.22494e+09 6.62009e+09 5.50923e+09 4.07819e+09 2.57412e+09 1.26603e+09 3.90346e+08 4.1517e+07 2.82392e+06 168651 9752.77 533.674 24.7812
1.53612 30.7005 524.785 8378.65 120328 1.36905e+06 9.70344e+06 3.00361e+07 6.05575e+07 9.57837e+07 1.2935e+08 1.55423e+08 1.69624e+08 1.69624e+08 1.55423e+08 1.2935e+08 9.57837e+07 6.05575e+07 3.00361e+07 9.70344e+06 1.36905e+06 120328 8378.65 524.785 30.7005 1.53612
0.0805696 1.51605 24.106 346.788 4251.59 39415.6 229765 681124 1.3606e+06 2.14767e+06 2.89894e+06 3.48292e+06 3.8011e+06 3.8011e+06 3.48292e+06 2.89894e+06 2.14767e+06 1.3606e+06 681124 229765 39415.6 4251.59 346.788 24.106 1.51605 0.0805696
