0.702237 13.2873 211.556 3039.05 37195.8 344757 2.01251e+06 5.97609e+06 1.19471e+07 1.88486e+07 2.5405e+07 3.04723e+07 3.32204e+07 3.32204e+07 3.04723e+07 2.5405e+07 1.88486e+07 1.19471e+07 5.97609e+06 2.01251e+06 344757 37195.8 3039.05 211.556 13.2873 0.702237
13.5408 273.302 4688.73 74731.5 1.06907e+06 1.21332e+07 8.60233e+07 2.66761e+08 5.38374e+08 8.512e+08 1.1478e+09 1.37679e+09 1.50089e+09 1.50089e+09 1.37679e+09 1.1478e+09 8.512e+08 5.38374e+08 2.66761e+08 8.60233e+07 1.21332e+07 1.06907e+06 74731.5 4688.73 273.302 13.5408
220.104 4803.8 88439.7 1.52924e+06 2.54422e+07 3.71628e+08 3.48833e+09 1.13357e+10 2.30752e+10 3.65445e+10 4.9291e+10 5.91206e+10 6.44443e+10 6.44443e+10 5.91206e+10 4.9291e+10 3.65445e+10 2.30752e+10 1.13357e+10 3.48833e+09 3.71628e+08 2.54422e+07 1.52924e+06 88439.7 4803.8 220.104
3216.41 78393.9 1.5771e+06 2.85537e+07 5.12487e+08 9.86388e+09 1.41146e+11 4.80539e+11 9.84998e+11 1.56174e+12 2.10664e+12 2.52639e+12 2.75356e+12 2.75356e+12 2.52639e+12 2.10664e+12 1.56174e+12 9.84998e+11 4.80539e+11 1.41146e+11 9.86388e+09 5.12487e+08 2.85537e+07 1.5771e+06 78393.9 3216.41
39789.8 1.14002e+06 2.69547e+07 5.34555e+08 8.97707e+09 1.96511e+11 5.73175e+12 2.03641e+13 4.1948e+13 6.65548e+13 8.97717e+13 1.07638e+14 1.173e+14 1.173e+14 1.07638e+14 8.97717e+13 6.65548e+13 4.1948e+13 2.03641e+13 5.73175e+12 1.96511e+11 8.97707e+09 5.34555e+08 2.69547e+07 1.14002e+06 39789.8
370600 1.30362e+07 3.98958e+08 1.05734e+10 2.09928e+11 3.05331e+12 2.83198e+14 1.03063e+15 2.12413e+15 3.36873e+15 4.54274e+15 5.44621e+15 5.93484e+15 5.93484e+15 5.44621e+15 4.54274e+15 3.36873e+15 2.12413e+15 1.03063e+15 2.83198e+14 3.05331e+12 2.09928e+11 1.05734e+10 3.98958e+08 1.30362e+07 370600
2.16617e+06 9.25955e+07 3.75507e+09 1.51951e+11 6.17123e+12 3.00716e+14 2.69988e+16 9.45622e+16 1.92269e+17 3.03486e+17 4.0896e+17 4.90703e+17 5.35166e+17 5.35166e+17 4.90703e+17 4.0896e+17 3.03486e+17 1.92269e+17 9.45622e+16 2.69988e+16 3.00716e+14 6.17123e+12 1.51951e+11 3.75507e+09 9.25955e+07 2.16617e+06
6.43022e+06 2.87057e+08 1.21993e+10 5.17203e+11 2.19204e+13 1.09541e+15 9.48858e+16 3.3142e+17 6.73081e+17 1.06181e+18 1.43045e+18 1.71618e+18 1.87163e+18 1.87163e+18 1.71618e+18 1.43045e+18 1.06181e+18 6.73081e+17 3.3142e+17 9.48858e+16 1.09541e+15 2.19204e+13 5.17203e+11 1.21993e+10 2.87057e+08 6.43022e+06
1.28423e+07 5.7875e+08 2.48076e+10 1.05903e+12 4.51048e+13 2.25599e+15 1.93033e+17 6.73474e+17 1.36688e+18 2.15531e+18 2.90263e+18 3.48172e+18 3.79671e+18 3.79671e+18 3.48172e+18 2.90263e+18 2.15531e+18 1.36688e+18 6.73474e+17 1.93033e+17 2.25599e+15 4.51048e+13 1.05903e+12 2.48076e+10 5.7875e+08 1.28423e+07
2.02348e+07 9.13818e+08 3.9234e+10 1.67674e+12 7.14584e+13 3.57309e+15 3.04559e+17 1.06201e+18 2.15447e+18 3.39582e+18 4.57177e+18 5.48256e+18 5.97783e+18 5.97783e+18 5.48256e+18 4.57177e+18 3.39582e+18 2.15447e+18 1.06201e+18 3.04559e+17 3.57309e+15 7.14584e+13 1.67674e+12 3.9234e+10 9.13818e+08 2.02348e+07
2.72374e+07 1.23056e+09 5.28438e+10 2.25844e+12 9.62394e+13 4.8112e+15 4.10069e+17 1.4296e+18 2.8993e+18 4.56831e+18 6.14848e+18 7.37179e+18 8.03681e+18 8.03681e+18 7.37179e+18 6.14848e+18 4.56831e+18 2.8993e+18 1.4296e+18 4.10069e+17 4.8112e+15 9.62394e+13 2.25844e+12 5.28438e+10 1.23056e+09 2.72374e+07
3.2635e+07 1.47441e+09 6.33086e+10 2.70519e+12 1.15248e+14 5.76086e+15 4.91643e+17 1.71387e+18 3.47513e+18 5.47437e+18 7.36637e+18 8.83056e+18 9.62634e+18 9.62634e+18 8.83056e+18 7.36637e+18 5.47437e+18 3.47513e+18 1.71387e+18 4.91643e+17 5.76086e+15 1.15248e+14 2.70519e+12 6.33086e+10 1.47441e+09 3.2635e+07
3.55568e+07 1.60631e+09 6.89645e+10 2.94644e+12 1.25505e+14 6.27326e+15 5.35937e+17 1.86826e+18 3.78784e+18 5.96626e+18 8.02736e+18 9.62209e+18 1.04887e+19 1.04887e+19 9.62209e+18 8.02736e+18 5.96626e+18 3.78784e+18 1.86826e+18 5.35937e+17 6.27326e+15 1.25505e+14 2.94644e+12 6.89645e+10 1.60631e+09 3.55568e+07
3.55568e+07 1.60631e+09 6.89645e+10 2.94644e+12 1.25505e+14 6.27326e+15 5.35937e+17 1.86826e+18 3.78784e+18 5.96626e+18 8.02736e+18 9.62209e+18 1.04887e+19 1.04887e+19 9.62209e+18 8.02736e+18 5.96626e+18 3.78784e+18 1.86826e+18 5.35937e+17 6.27326e+15 1.25505e+14 2.94644e+12 6.89645e+10 1.60631e+09 3.55568e+07
3.2635e+07 1.47441e+09 6.33086e+10 2.70519e+12 1.15248e+14 5.76086e+15 4.91643e+17 1.71387e+18 3.47513e+18 5.47437e+18 7.36637e+18 8.83056e+18 9.62634e+18 9.62634e+18 8.83056e+18 7.36637e+18 5.47437e+18 3.47513e+18 1.71387e+18 4.91643e+17 5.76086e+15 1.15248e+14 2.70519e+12 6.33086e+10 1.47441e+09 3.2635e+07
2.72374e+07 1.23056e+09 5.28438e+10 2.25844e+12 9.62394e+13 4.8112e+15 4.10069e+17 1.4296e+18 2.8993e+18 4.56831e+18 6.14848e+18 7.37179e+18 8.03681e+18 8.03681e+18 7.37179e+18 6.14848e+18 4.56831e+18 2.8993e+18 1.4296e+18 4.10069e+17 4.8112e+15 9.62394e+13 2.25844e+12 5.28438e+10 1.23056e+09 2.72374e+07
2.02348e+07 9.13818e+08 3.9234e+10 1.67674e+12 7.14584e+13 3.57309e+15 3.04559e+17 1.06201e+18 2.15447e+18 3.39582e+18 4.57177e+18 5.48256e+18 5.97783e+18 5.97783e+18 5.48256e+18 4.57177e+18 3.39582e+18 2.15447e+18 1.06201e+18 3.04559e+17 3.57309e+15 7.14584e+13 1.67674e+12 3.9234e+10 9.13818e+08 2.02348e+07
1.28423e+07 5.7875e+08 2.48076e+10 1.05903e+12 4.51048e+13 2.25599e+15 1.93033e+17 6.73474e+17 1.36688e+18 2.15531e+18 2.90263e+18 3.48172e+18 3.79671e+18 3.79671e+18 3.48172e+18 2.90263e+18 2.15531e+18 1.36688e+18 6.73474e+17 1.93033e+17 2.25599e+15 4.51048e+13 1.05903e+12 2.48076e+10 5.7875e+08 1.28423e+07
6.43022e+06 2.87057e+08 1.21993e+10 5.17203e+11 2.19204e+13 1.09541e+15 9.48858e+16 3.3142e+17 6.73081e+17 1.06181e+18 1.43045e+18 1.71618e+18 1.87163e+18 1.87163e+18 1.71618e+18 1.43045e+18 1.06181e+18 6.73081e+17 3.3142e+17 9.48858e+16 1.09541e+15 2.19204e+13 5.17203e+11 1.21993e+10 2.87057e+08 6.43022e+06
2.16617e+06 9.25955e+07 3.75507e+09 1.51951e+11 6.17123e+12 3.00716e+14 2.69988e+16 9.45622e+16 1.92269e+17 3.03486e+17 4.0896e+17 4.90703e+17 5.35166e+17 5.35166e+17 4.90703e+17 4.0896e+17 3.03486e+17 1.92269e+17 9.45622e+16 2.69988e+16 3.00716e+14 6.17123e+12 1.51951e+11 3.75507e+09 9.25955e+07 2.16617e+06
370600 1.30362e+07 3.98958e+08 1.05734e+10 2.09928e+11 3.05331e+12 2.83198e+14 1.03063e+15 2.12413e+15 3.36873e+15 4.54274e+15 5.44621e+15 5.93484e+15 5.93484e+15 5.44621e+15 4.54274e+15 3.36873e+15 2.12413e+15 1.03063e+15 2.83198e+14 3.05331e+12 2.09928e+11 1.05734e+10 3.98958e+08 1.30362e+07 370600
39789.8 1.14002e+06 2.69547e+07 5.34555e+08 8.97707e+09 1.96511e+11 5.73175e+12 2.03641e+13 4.1948e+13 6.65548e+13 8.97717e+13 1.07638e+14 1.173e+14 1.173e+14 1.07638e+14 8.97717e+13 6.65548e+13 4.1948e+13 2.03641e+13 5.73175e+12 1.96511e+11 8.97707e+09 5.34555e+08 2.69547e+07 1.14002e+06 39789.8
3216.41 78393.9 1.5771e+06 2.85537e+07 5.12487e+08 9.86388e+09 1.41146e+11 4.80539e+11 9.84998e+11 1.56174e+12 2.10664e+12 2.52639e+12 2.75356e+12 2.75356e+12 2.52639e+12 2.10664e+12 1.56174e+12 9.84998e+11 4.80539e+11 1.41146e+11 9.86388e+09 5.12487e+08 2.85537e+07 1.5771e+06 78393.9 3216.41
220.104 4803.8 88439.7 1.52924e+06 2.54422e+07 3.71628e+08 3.48833e+09 1.13357e+10 2.30752e+10 3.65445e+10 4.9291e+10 5.91206e+10 6.44443e+10 6.44443e+10 5.91206e+10 4.9291e+10 3.65445e+10 2.30752e+10 1.13357e+10 3.48833e+09 3.71628e+08 2.54422e+07 1.52924e+06 88439.7 4803.8 220.104
13.5408 273.302 4688.73 74731.5 1.06907e+06 1.21332e+07 8.60233e+07 2.66761e+08 5.38374e+08 8.512e+08 1.1478e+09 1.37679e+09 1.50089e+09 1.50089e+09 1.37679e+09 1.1478e+09 8.512e+08 5.38374e+08 2.66761e+08 8.60233e+07 1.21332e+07 1.06907e+06 74731.5 4688.73 273.302 13.5408
0.702237 13.2873 211.556 3039.05 37195.8 344757 2.01251e+06 5.97609e+06 1.19471e+07 1.88486e+07 2.5405e+07 3.04723e+07 3.32204e+07 3.32204e+07 3.04723e+07 2.5405e+07 1.88486e+07 1.19471e+07 5.97609e+06 2.01251e+06 344757 37195.8 3039.05 211.556 13.2873 0.702237
