0.000310848 0.00582305 0.0920986 1.31769 16.0743 148.428 862.899 2555.24 5104.4 8065 10903.1 13119.6 14331.6 14331.6 13119.6 10903.1 8065 5104.4 2555.24 862.899 148.428 16.0743 1.31769 0.0920986 0.00582305 0.000310848
0.00591341 0.117691 2.00138 31.7668 453.579 5136.41 36293.1 112199 226181 358076 484312 582852 636727 636727 582852 484312 358076 226181 112199 36293.1 5136.41 453.579 31.7668 2.00138 0.117691 0.00591341
0.095122 2.04119 37.1419 638.725 10624.4 155289 1.4548e+06 4.71157e+06 9.57709e+06 1.51861e+07 2.05474e+07 2.47309e+07 2.70179e+07 2.70179e+07 2.47309e+07 2.05474e+07 1.51861e+07 9.57709e+06 4.71157e+06 1.4548e+06 155289 10624.4 638.725 37.1419 2.04119 0.095122
1.38035 33.0283 654.829 11743.4 210600 4.07612e+06 5.83776e+07 1.9801e+08 4.05166e+08 6.4318e+08 8.70472e+08 1.04779e+09 1.14472e+09 1.14472e+09 1.04779e+09 8.70472e+08 6.4318e+08 4.05166e+08 1.9801e+08 5.83777e+07 4.07612e+06 210600 11743.4 654.829 33.0283 1.38035
16.997 478.155 11134.1 217812 3.62258e+06 8.01807e+07 2.3571e+09 8.33914e+09 1.71422e+10 2.72311e+10 3.68607e+10 4.43724e+10 4.84786e+10 4.84786e+10 4.43724e+10 3.68607e+10 2.72311e+10 1.71422e+10 8.33914e+09 2.3571e+09 8.01807e+07 3.62258e+06 217812 11134.1 478.155 16.997
157.753 5454.64 164685 4.31189e+06 8.43361e+07 1.20642e+09 1.15854e+11 4.19605e+11 8.62559e+11 1.36914e+12 1.85238e+12 2.22926e+12 2.43527e+12 2.43527e+12 2.22926e+12 1.85238e+12 1.36914e+12 8.62559e+11 4.19605e+11 1.15854e+11 1.20642e+09 8.43361e+07 4.31189e+06 164685 5454.64 157.753
919.336 38668 1.55007e+06 6.22052e+07 2.51194e+09 1.22291e+11 1.10386e+13 3.84654e+13 7.78908e+13 1.2271e+14 1.65342e+14 1.98548e+14 2.1669e+14 2.1669e+14 1.98548e+14 1.65342e+14 1.2271e+14 7.78908e+13 3.84654e+13 1.10386e+13 1.22291e+11 2.51194e+09 6.22052e+07 1.55007e+06 38668 919.336
2723.25 119588 5.02242e+06 2.11099e+08 8.89153e+09 4.43453e+11 3.85921e+13 1.34146e+14 2.71381e+14 4.27331e+14 5.75642e+14 6.91154e+14 7.54262e+14 7.54261e+14 6.91154e+14 5.75642e+14 4.27331e+14 2.71381e+14 1.34146e+14 3.85921e+13 4.43453e+11 8.89153e+09 2.11099e+08 5.02242e+06 119588 2723.25
5437.76 240974 1.02044e+07 4.3175e+08 1.82689e+10 9.11351e+11 7.82123e+13 2.71613e+14 5.49289e+14 8.64785e+14 1.16481e+15 1.39848e+15 1.52614e+15 1.52614e+15 1.39848e+15 1.16481e+15 8.64785e+14 5.49289e+14 2.71613e+14 7.82123e+13 9.11351e+11 1.82689e+10 4.3175e+08 1.02044e+07 240974 5437.76
8585.68 381218 1.61688e+07 6.84851e+08 2.89977e+10 1.44561e+12 1.23228e+14 4.27745e+14 8.64891e+14 1.36154e+15 1.83382e+15 2.20164e+15 2.40259e+15 2.40259e+15 2.20164e+15 1.83382e+15 1.36154e+15 8.64891e+14 4.27745e+14 1.23228e+14 1.44561e+12 2.89977e+10 6.84851e+08 1.61688e+07 381218 8585.68
11598.3 515215 2.18596e+07 9.26105e+08 3.92185e+10 1.95433e+12 1.66007e+14 5.76102e+14 1.16476e+15 1.83353e+15 2.46947e+15 2.96475e+15 3.23533e+15 3.23533e+15 2.96475e+15 2.46947e+15 1.83353e+15 1.16476e+15 5.76102e+14 1.66007e+14 1.95433e+12 3.92185e+10 9.26105e+08 2.18596e+07 515215 11598.3
13947.5 619650 2.6293e+07 1.114e+09 4.71778e+10 2.35043e+12 1.99298e+14 6.9155e+14 1.39812e+15 2.20081e+15 2.9641e+15 3.55856e+15 3.88333e+15 3.88333e+15 3.55857e+15 2.9641e+15 2.20081e+15 1.39812e+15 6.9155e+14 1.99298e+14 2.35043e+12 4.71778e+10 1.114e+09 2.6293e+07 619650 13947.5
15230.8 676687 2.87139e+07 1.2166e+09 5.15236e+10 2.56669e+12 2.17473e+14 7.54582e+14 1.52552e+15 2.40135e+15 3.23417e+15 3.88278e+15 4.23713e+15 4.23713e+15 3.88278e+15 3.23417e+15 2.40135e+15 1.52552e+15 7.54582e+14 2.17473e+14 2.56669e+12 5.15236e+10 1.2166e+09 2.87139e+07 676687 15230.8
15230.8 676687 2.87139e+07 1.2166e+09 5.15236e+10 2.56669e+12 2.17473e+14 7.54582e+14 1.52552e+15 2.40135e+15 3.23417e+15 3.88278e+15 4.23713e+15 4.23713e+15 3.88278e+15 3.23417e+15 2.40135e+15 1.52552e+15 7.54582e+14 2.17473e+14 2.56669e+12 5.15236e+10 1.2166e+09 2.87139e+07 676687 15230.8
13947.5 619650 2.6293e+07 1.114e+09 4.71778e+10 2.35043e+12 1.99298e+14 6.9155e+14 1.39812e+15 2.20081e+15 2.9641e+15 3.55857e+15 3.88333e+15 3.88333e+15 3.55856e+15 2.9641e+15 2.20081e+15 1.39812e+15 6.9155e+14 1.99298e+14 2.35043e+12 4.71778e+10 1.114e+09 2.6293e+07 619650 13947.5
11598.3 515215 2.18596e+07 9.26105e+08 3.92185e+10 1.95433e+12 1.66007e+14 5.76102e+14 1.16476e+15 1.83353e+15 2.46947e+15 2.96475e+15 3.23533e+15 3.23533e+15 2.96475e+15 2.46947e+15 1.83353e+15 1.16476e+15 5.76102e+14 1.66007e+14 1.95433e+12 3.92185e+10 9.26105e+08 2.18596e+07 515215 11598.3
8585.68 381218 1.61688e+07 6.84851e+08 2.89977e+10 1.44561e+12 1.23228e+14 4.27745e+14 8.64891e+14 1.36154e+15 1.83382e+15 2.20164e+15 2.40259e+15 2.40259e+15 2.20164e+15 1.83382e+15 1.36154e+15 8.64891e+14 4.27745e+14 1.23228e+14 1.44561e+12 2.89977e+10 6.84851e+08 1.61688e+07 381218 8585.68
5437.76 240974 1.02044e+07 4.3175e+08 1.82689e+10 9.11351e+11 7.82123e+13 2.71613e+14 5.49289e+14 8.64785e+14 1.16481e+15 1.39848e+15 1.52614e+15 1.52614e+15 1.39848e+15 1.16481e+15 8.64785e+14 5.49289e+14 2.71613e+14 7.82123e+13 9.11351e+11 1.82689e+10 4.3175e+08 1.02044e+07 240974 5437.76
2723.25 119588 5.02242e+06 2.11099e+08 8.89153e+09 4.43453e+11 3.85921e+13 1.34146e+14 2.71381e+14 4.27331e+14 5.75642e+14 6.91154e+14 7.54261e+14 7.54262e+14 6.91154e+14 5.75642e+14 4.27331e+14 2.71381e+14 1.34146e+14 3.85921e+13 4.43453e+11 8.89153e+09 2.11099e+08 5.02242e+06 119588 2723.25
919.336 38668 1.55007e+06 6.22052e+07 2.51194e+09 1.22291e+11 1.10386e+13 3.84654e+13 7.78908e+13 1.2271e+14 1.65342e+14 1.98548e+14 2.1669e+14 2.1669e+14 1.98548e+14 1.65342e+14 1.2271e+14 7.78908e+13 3.84654e+13 1.10386e+13 1.22291e+11 2.51194e+09 6.22052e+07 1.55007e+06 38668 919.336
157.753 5454.64 164685 4.31189e+06 8.43361e+07 1.20642e+09 1.15854e+11 4.19605e+11 8.62559e+11 1.36914e+12 1.85238e+12 2.22926e+12 2.43527e+12 2.43527e+12 2.22926e+12 1.85238e+12 1.36914e+12 8.62559e+11 4.19605e+11 1.15854e+11 1.20642e+09 8.43361e+07 4.31189e+06 164685 5454.64 157.753
16.997 478.155 11134.1 217812 3.62258e+06 8.01807e+07 2.3571e+09 8.33914e+09 1.71422e+10 2.72311e+10 3.68607e+10 4.43724e+10 4.84786e+10 4.84786e+10 4.43724e+10 3.68607e+10 2.72311e+10 1.71422e+10 8.33914e+09 2.3571e+09 8.01807e+07 3.62258e+06 217812 11134.1 478.155 16.997
1.38035 33.0283 654.829 11743.4 210600 4.07612e+06 5.83777e+07 1.9801e+08 4.05166e+08 6.4318e+08 8.70472e+08 1.04779e+09 1.14472e+09 1.14472e+09 1.04779e+09 8.70472e+08 6.4318e+08 4.05166e+08 1.9801e+08 5.83776e+07 4.07612e+06 210600 11743.4 654.829 33.0283 1.38035
0.095122 2.04119 37.1419 638.725 10624.4 155289 1.4548e+06 4.71157e+06 9.57709e+06 1.51861e+07 2.05474e+07 2.47309e+07 2.70179e+07 2.70179e+07 2.47309e+07 2.05474e+07 1.51861e+07 9.57709e+06 4.71157e+06 1.4548e+06 155289 10624.4 638.725 37.1419 2.04119 0.095122
0.00591341 0.117691 2.00138 31.7668 453.579 5136.41 36293.1 112199 226181 358076 484312 582852 636727 636727 582852 484312 358076 226181 112199 36293.1 5136.41 453.579 31.7668 2.00138 0.117691 0.00591341
0.000310849 0.00582305 0.0920986 1.31769 16.0743 148.428 862.899 2555.24 5104.4 8065 10903.1 13119.6 14331.6 14331.6 13119.6 10903.1 8065 5104.4 2555.24 862.899 148.428 16.0743 1.31769 0.0920986 0.00582305 0.000310849
