4.99078 93.0539 1454.92 20475.4 245635 2.23889e+06 1.28999e+07 3.78406e+07 7.46017e+07 1.15987e+08 1.5425e+08 1.83134e+08 1.98549e+08 1.98549e+08 1.83134e+08 1.5425e+08 1.15987e+08 7.46017e+07 3.78406e+07 1.28999e+07 2.23889e+06 245635 20475.4 1454.92 93.0539 4.99078
95.8825 1909.25 32223 502689 7.02301e+06 7.81114e+07 5.4589e+08 1.67125e+09 3.32339e+09 5.1735e+09 6.87796e+09 8.16153e+09 8.84554e+09 8.84554e+09 8.16153e+09 6.87796e+09 5.1735e+09 3.32339e+09 1.67125e+09 5.4589e+08 7.81114e+07 7.02301e+06 502689 32223 1909.25 95.8825
1549.2 33487.1 610134 1.03613e+07 1.67754e+08 2.38627e+09 2.20248e+10 7.06192e+10 1.41531e+11 2.20502e+11 2.93001e+11 3.47466e+11 3.76445e+11 3.76445e+11 3.47466e+11 2.93001e+11 2.20502e+11 1.41531e+11 7.06192e+10 2.20248e+10 2.38627e+09 1.67754e+08 1.03613e+07 610134 33487.1 1549.2
22397.7 542399 1.08836e+07 1.95739e+08 3.42926e+09 6.35426e+10 8.89243e+11 2.98541e+12 6.02005e+12 9.38195e+12 1.24585e+13 1.47643e+13 1.59892e+13 1.59892e+13 1.47643e+13 1.24585e+13 9.38195e+12 6.02005e+12 2.98541e+12 8.89243e+11 6.35426e+10 3.42926e+09 1.95739e+08 1.08836e+07 542399 22397.7
273024 7.77418e+06 1.8398e+08 3.67163e+09 6.17377e+10 1.28523e+12 3.60964e+13 1.26384e+14 2.55904e+14 3.98749e+14 5.29095e+14 6.2656e+14 6.78252e+14 6.78252e+14 6.2656e+14 5.29095e+14 3.98749e+14 2.55904e+14 1.26384e+14 3.60964e+13 1.28523e+12 6.17377e+10 3.67163e+09 1.8398e+08 7.77418e+06 273024
2.50209e+06 8.73039e+07 2.66783e+09 7.10802e+10 1.43915e+12 2.14772e+13 1.79528e+15 6.43559e+15 1.30369e+16 2.03075e+16 2.69445e+16 3.19111e+16 3.4547e+16 3.4547e+16 3.19111e+16 2.69445e+16 2.03075e+16 1.30369e+16 6.43559e+15 1.79528e+15 2.14772e+13 1.43915e+12 7.10802e+10 2.66783e+09 8.73039e+07 2.50209e+06
1.44027e+07 6.09443e+08 2.45875e+10 9.92661e+11 4.02924e+13 1.95082e+15 1.70863e+17 5.92731e+17 1.19142e+18 1.85834e+18 2.47769e+18 2.94942e+18 3.20311e+18 3.20311e+18 2.94942e+18 2.47769e+18 1.85834e+18 1.19142e+18 5.92731e+17 1.70863e+17 1.95082e+15 4.02924e+13 9.92661e+11 2.45875e+10 6.09443e+08 1.44027e+07
4.21978e+07 1.86344e+09 7.87302e+10 3.3279e+12 1.40867e+14 6.99855e+15 5.95087e+17 2.05952e+18 4.13549e+18 6.44695e+18 8.59333e+18 1.02283e+19 1.11077e+19 1.11077e+19 1.02283e+19 8.59333e+18 6.44695e+18 4.13549e+18 2.05952e+18 5.95087e+17 6.99855e+15 1.40867e+14 3.3279e+12 7.87302e+10 1.86344e+09 4.21978e+07
8.30886e+07 3.70085e+09 1.5758e+11 6.70161e+12 2.84833e+14 1.41637e+16 1.19643e+18 4.13656e+18 8.29885e+18 1.29269e+19 1.7219e+19 2.04853e+19 2.2241e+19 2.2241e+19 2.04853e+19 1.7219e+19 1.29269e+19 8.29885e+18 4.13656e+18 1.19643e+18 1.41637e+16 2.84833e+14 6.70161e+12 1.5758e+11 3.70085e+09 8.30886e+07
1.29018e+08 5.75355e+09 2.45172e+11 1.04295e+13 4.43183e+14 2.20299e+16 1.86428e+18 6.44239e+18 1.29146e+19 2.00992e+19 2.67517e+19 3.18076e+19 3.45228e+19 3.45228e+19 3.18076e+19 2.67517e+19 2.00992e+19 1.29146e+19 6.44239e+18 1.86428e+18 2.20299e+16 4.43183e+14 1.04295e+13 2.45172e+11 5.75355e+09 1.29018e+08
1.71379e+08 7.63983e+09 3.25373e+11 1.38314e+13 5.87255e+14 2.91838e+16 2.48213e+18 8.57564e+18 1.71796e+19 2.67161e+19 3.55328e+19 4.22248e+19 4.58155e+19 4.58155e+19 4.22247e+19 3.55328e+19 2.67161e+19 1.71796e+19 8.57564e+18 2.48213e+18 2.91838e+16 5.87255e+14 1.38314e+13 3.25373e+11 7.63983e+09 1.71379e+08
2.03285e+08 9.05702e+09 3.85476e+11 1.63746e+13 6.94695e+14 3.45185e+16 2.95104e+18 1.01949e+19 2.0414e+19 3.17275e+19 4.21746e+19 5.00961e+19 5.43437e+19 5.43437e+19 5.00961e+19 4.21746e+19 3.17275e+19 2.0414e+19 1.01949e+19 2.95104e+18 3.45185e+16 6.94695e+14 1.63746e+13 3.85476e+11 9.05702e+09 2.03285e+08
2.20287e+08 9.811e+09 4.174e+11 1.77232e+13 7.51569e+14 3.73427e+16 3.20255e+18 1.10637e+19 2.21482e+19 3.44121e+19 4.57297e+19 5.43064e+19 5.89037e+19 5.89037e+19 5.43064e+19 4.57297e+19 3.44121e+19 2.21482e+19 1.10637e+19 3.20255e+18 3.73427e+16 7.51569e+14 1.77232e+13 4.174e+11 9.811e+09 2.20287e+08
2.20287e+08 9.811e+09 4.174e+11 1.77232e+13 7.51569e+14 3.73427e+16 3.20255e+18 1.10637e+19 2.21482e+19 3.44121e+19 4.57297e+19 5.43064e+19 5.89037e+19 5.89037e+19 5.43064e+19 4.57297e+19 3.44121e+19 2.21482e+19 1.10637e+19 3.20255e+18 3.73427e+16 7.51569e+14 1.77232e+13 4.174e+11 9.811e+09 2.20287e+08
2.03285e+08 9.05702e+09 3.85476e+11 1.63746e+13 6.94695e+14 3.45185e+16 2.95104e+18 1.01949e+19 2.0414e+19 3.17275e+19 4.21746e+19 5.00961e+19 5.43437e+19 5.43437e+19 5.00961e+19 4.21746e+19 3.17275e+19 2.0414e+19 1.01949e+19 2.95104e+18 3.45185e+16 6.94695e+14 1.63746e+13 3.85476e+11 9.05702e+09 2.03285e+08
1.71379e+08 7.63983e+09 3.25373e+11 1.38314e+13 5.87255e+14 2.91838e+16 2.48213e+18 8.57564e+18 1.71796e+19 2.67161e+19 3.55328e+19 4.22247e+19 4.58155e+19 4.58155e+19 4.22247e+19 3.55328e+19 2.67161e+19 1.71796e+19 8.57564e+18 2.48213e+18 2.91838e+16 5.87255e+14 1.38314e+13 3.25373e+11 7.63983e+09 1.71379e+08
1.29018e+08 5.75355e+09 2.45172e+11 1.04295e+13 4.43183e+14 2.20299e+16 1.86428e+18 6.44239e+18 1.29146e+19 2.00992e+19 2.67517e+19 3.18076e+19 3.45228e+19 3.45228e+19 3.18076e+19 2.67517e+19 2.00992e+19 1.29146e+19 6.44239e+18 1.86428e+18 2.20299e+16 4.43183e+14 1.04295e+13 2.45172e+11 5.75355e+09 1.29018e+08
8.30886e+07 3.70085e+09 1.5758e+11 6.70161e+12 2.84833e+14 1.41637e+16 1.19643e+18 4.13656e+18 8.29885e+18 1.29269e+19 1.7219e+19 2.04853e+19 2.2241e+19 2.2241e+19 2.04853e+19 1.7219e+19 1.29269e+19 8.29885e+18 4.13656e+18 1.19643e+18 1.41637e+16 2.84833e+14 6.70161e+12 1.5758e+11 3.70085e+09 8.30886e+07
4.21978e+07 1.86344e+09 7.87302e+10 3.3279e+12 1.40867e+14 6.99855e+15 5.95087e+17 2.05952e+18 4.13549e+18 6.44695e+18 8.59333e+18 1.02283e+19 1.11077e+19 1.11077e+19 1.02283e+19 8.59333e+18 6.44695e+18 4.13549e+18 2.05952e+18 5.95087e+17 6.99855e+15 1.40867e+14 3.3279e+12 7.87302e+10 1.86344e+09 4.21978e+07
1.44027e+07 6.09443e+08 2.45875e+10 9.92661e+11 4.02924e+13 1.95082e+15 1.70863e+17 5.92731e+17 1.19142e+18 1.85834e+18 2.47769e+18 2.94942e+18 3.20311e+18 3.20311e+18 2.94942e+18 2.47769e+18 1.85834e+18 1.19142e+18 5.92731e+17 1.70863e+17 1.95082e+15 4.02924e+13 9.92661e+11 2.45875e+10 6.09443e+08 1.44027e+07
2.50209e+06 8.73039e+07 2.66783e+09 7.10802e+10 1.43915e+12 2.14772e+13 1.79528e+15 6.43559e+15 1.30369e+16 2.03075e+16 2.69445e+16 3.19111e+16 3.4547e+16 3.4547e+16 3.19111e+16 2.69445e+16 2.03075e+16 1.30369e+16 6.43559e+15 1.79528e+15 2.14772e+13 1.43915e+12 7.10802e+10 2.66783e+09 8.73039e+07 2.50209e+06
273024 7.77418e+06 1.8398e+08 3.67163e+09 6.17377e+10 1.28523e+12 3.60964e+13 1.26384e+14 2.55904e+14 3.98749e+14 5.29095e+14 6.2656e+14 6.78252e+14 6.78252e+14 6.2656e+14 5.29095e+14 3.98749e+14 2.55904e+14 1.26384e+14 3.60964e+13 1.28523e+12 6.17377e+10 3.67163e+09 1.8398e+08 7.77418e+06 273024
22397.7 542399 1.08836e+07 1.95739e+08 3.42926e+09 6.35426e+10 8.89243e+11 2.98541e+12 6.02005e+12 9.38195e+12 1.24585e+13 1.47643e+13 1.59892e+13 1.59892e+13 1.47643e+13 1.24585e+13 9.38195e+12 6.02005e+12 2.98541e+12 8.89243e+11 6.35426e+10 3.42926e+09 1.95739e+08 1.08836e+07 542399 22397.7
1549.2 33487.1 610134 1.03613e+07 1.67754e+08 2.38627e+09 2.20248e+10 7.06192e+10 1.41531e+11 2.20502e+11 2.93001e+11 3.47466e+11 3.76445e+11 3.76445e+11 3.47466e+11 2.93001e+11 2.20502e+11 1.41531e+11 7.06192e+10 2.20248e+10 2.38627e+09 1.67754e+08 1.03613e+07 610134 33487.1 1549.2
95.8825 1909.25 32223 502689 7.02301e+06 7.81114e+07 5.4589e+08 1.67125e+09 3.32339e+09 5.1735e+09 6.87796e+09 8.16153e+09 8.84554e+09 8.84554e+09 8.16153e+09 6.87796e+09 5.1735e+09 3.32339e+09 1.67125e+09 5.4589e+08 7.81114e+07 7.02301e+06 502689 32223 1909.25 95.8825
4.99078 93.0539 1454.92 20475.4 245635 2.23889e+06 1.28999e+07 3.78406e+07 7.46017e+07 1.15987e+08 1.5425e+08 1.83134e+08 1.98549e+08 1.98549e+08 1.83134e+08 1.5425e+08 1.15987e+08 7.46017e+07 3.78406e+07 1.28999e+07 2.23889e+06 245635 20475.4 1454.92 93.0539 4.99078
