0.000197724 0.00373619 0.0597646 0.865869 10.6926 99.8287 586.516 1759.78 3570.59 5732.68 7861.19 9560.04 10502.2 10502.2 9560.04 7861.19 5732.68 3570.59 1759.78 586.516 99.8287 10.6926 0.865869 0.0597646 0.00373619 0.000197725
0.00377419 0.075659 1.29986 20.9011 302.569 3468.63 24774.1 77637.9 159086 256116 351601 427837 470131 470131 427837 351601 256116 159086 77637.9 24774.1 3468.63 302.569 20.9011 1.29986 0.075659 0.00377419
0.0610532 1.31671 24.1346 419.825 7091.12 105166 996301 3.27259e+06 6.76692e+06 1.09203e+07 1.5007e+07 1.82715e+07 2.00833e+07 2.00833e+07 1.82715e+07 1.5007e+07 1.09203e+07 6.76692e+06 3.27259e+06 996301 105166 7091.12 419.825 24.1346 1.31671 0.0610532
0.893235 21.4444 426.632 7697.96 140018 2.76236e+06 4.00584e+07 1.37888e+08 2.87249e+08 4.64449e+08 6.38843e+08 7.78235e+08 8.55635e+08 8.55635e+08 7.78235e+08 6.38843e+08 4.64449e+08 2.87249e+08 1.37888e+08 4.00584e+07 2.76236e+06 140018 7697.96 426.632 21.4444 0.893235
11.1109 313.535 7312.38 143012 2.38433e+06 5.41009e+07 1.61846e+09 5.81488e+09 1.218e+10 1.97232e+10 2.71516e+10 3.30932e+10 3.6394e+10 3.6394e+10 3.30932e+10 2.71515e+10 1.97232e+10 1.218e+10 5.81488e+09 1.61846e+09 5.41009e+07 2.38433e+06 143012 7312.38 313.535 11.1109
104.269 3618.67 109500 2.86585e+06 5.56705e+07 7.88691e+08 7.93028e+10 2.91792e+11 6.11289e+11 9.89105e+11 1.36088e+12 1.65813e+12 1.82322e+12 1.82322e+12 1.65813e+12 1.36088e+12 9.89105e+11 6.11289e+11 2.91792e+11 7.93028e+10 7.88691e+08 5.56705e+07 2.86585e+06 109500 3618.67 104.269
614.805 25968.6 1.04433e+06 4.19902e+07 1.69661e+09 8.27715e+10 7.55803e+12 2.66139e+13 5.45903e+13 8.7138e+13 1.18771e+14 1.4384e+14 1.5769e+14 1.5769e+14 1.4384e+14 1.18771e+14 8.7138e+13 5.45903e+13 2.66139e+13 7.55803e+12 8.27715e+10 1.69661e+09 4.19902e+07 1.04433e+06 25968.6 614.805
1846.62 81477.9 3.43486e+06 1.44743e+08 6.10472e+09 3.05057e+11 2.67002e+13 9.37139e+13 1.91925e+14 3.06041e+14 4.16848e+14 5.04603e+14 5.53063e+14 5.53063e+14 5.04603e+14 4.16848e+14 3.06041e+14 1.91925e+14 9.37139e+13 2.67002e+13 3.05057e+11 6.10472e+09 1.44743e+08 3.43486e+06 81477.9 1846.62
3747.46 166988 7.10399e+06 3.01599e+08 1.27902e+10 6.39294e+11 5.48374e+13 1.92174e+14 3.93278e+14 6.26815e+14 8.53481e+14 1.03294e+15 1.13202e+15 1.13202e+15 1.03294e+15 8.53481e+14 6.26815e+14 3.93278e+14 1.92174e+14 5.48374e+13 6.39294e+11 1.27902e+10 3.01599e+08 7.10399e+06 166988 3747.46
6015.62 268791 1.14624e+07 4.8757e+08 2.0708e+10 1.03433e+12 8.75895e+13 3.06644e+14 6.27239e+14 9.99391e+14 1.36049e+15 1.64632e+15 1.80412e+15 1.80412e+15 1.64632e+15 1.36049e+15 9.99391e+14 6.27239e+14 3.06644e+14 8.75895e+13 1.03433e+12 2.0708e+10 4.8757e+08 1.14624e+07 268791 6015.62
8246.63 368887 1.5747e+07 6.70434e+08 2.84982e+10 1.42273e+12 1.19426e+14 4.17814e+14 8.54361e+14 1.36098e+15 1.85244e+15 2.24142e+15 2.45614e+15 2.45614e+15 2.24142e+15 1.85244e+15 1.36098e+15 8.54361e+14 4.17814e+14 1.19426e+14 1.42273e+12 2.84982e+10 6.70434e+08 1.5747e+07 368887 8246.63
10025.8 448736 1.91665e+07 8.16465e+08 3.47236e+10 1.73301e+12 1.44653e+14 5.05853e+14 1.03418e+15 1.64719e+15 2.2418e+15 2.71235e+15 2.9721e+15 2.9721e+15 2.71235e+15 2.2418e+15 1.64719e+15 1.03418e+15 5.05853e+14 1.44653e+14 1.73301e+12 3.47236e+10 8.16465e+08 1.91665e+07 448736 10025.8
11011.9 493008 2.10632e+07 8.97498e+08 3.81796e+10 1.90522e+12 1.58589e+14 5.54466e+14 1.13345e+15 1.80519e+15 2.45671e+15 2.97229e+15 3.25688e+15 3.25688e+15 2.97229e+15 2.45671e+15 1.80519e+15 1.13345e+15 5.54466e+14 1.58589e+14 1.90522e+12 3.81796e+10 8.97498e+08 2.10632e+07 493008 11011.9
11011.9 493008 2.10632e+07 8.97498e+08 3.81796e+10 1.90522e+12 1.58589e+14 5.54466e+14 1.13345e+15 1.80519e+15 2.45671e+15 2.97229e+15 3.25688e+15 3.25688e+15 2.97229e+15 2.45671e+15 1.80519e+15 1.13345e+15 5.54466e+14 1.58589e+14 1.90522e+12 3.81796e+10 8.97498e+08 2.10632e+07 493008 11011.9
10025.8 448736 1.91665e+07 8.16465e+08 3.47236e+10 1.73301e+12 1.44653e+14 5.05853e+14 1.03418e+15 1.64719e+15 2.2418e+15 2.71235e+15 2.9721e+15 2.9721e+15 2.71235e+15 2.2418e+15 1.64719e+15 1.03418e+15 5.05853e+14 1.44653e+14 1.73301e+12 3.47236e+10 8.16465e+08 1.91665e+07 448736 10025.8
8246.63 368887 1.5747e+07 6.70434e+08 2.84982e+10 1.42273e+12 1.19426e+14 4.17814e+14 8.54361e+14 1.36098e+15 1.85244e+15 2.24142e+15 2.45614e+15 2.45614e+15 2.24142e+15 1.85244e+15 1.36098e+15 8.54361e+14 4.17814e+14 1.19426e+14 1.42273e+12 2.84982e+10 6.70434e+08 1.5747e+07 368887 8246.63
6015.62 268791 1.14624e+07 4.8757e+08 2.0708e+10 1.03433e+12 8.75895e+13 3.06644e+14 6.27239e+14 9.99391e+14 1.36049e+15 1.64632e+15 1.80412e+15 1.80412e+15 1.64632e+15 1.36049e+15 9.99391e+14 6.27239e+14 3.06644e+14 8.75895e+13 1.03433e+12 2.0708e+10 4.8757e+08 1.14624e+07 268791 6015.62
3747.46 166988 7.10399e+06 3.01599e+08 1.27902e+10 6.39294e+11 5.48374e+13 1.92174e+14 3.93278e+14 6.26815e+14 8.53481e+14 1.03294e+15 1.13202e+15 1.13202e+15 1.03294e+15 8.53481e+14 6.26815e+14 3.93278e+14 1.92174e+14 5.48374e+13 6.39294e+11 1.27902e+10 3.01599e+08 7.10399e+06 166988 3747.46
1846.62 81477.9 3.43486e+06 1.44743e+08 6.10472e+09 3.05057e+11 2.67002e+13 9.37139e+13 1.91925e+14 3.06041e+14 4.16848e+14 5.04603e+14 5.53063e+14 5.53063e+14 5.04603e+14 4.16848e+14 3.06041e+14 1.91925e+14 9.37139e+13 2.67002e+13 3.05057e+11 6.10472e+09 1.44743e+08 3.43486e+06 81477.9 1846.62
614.805 25968.6 1.04433e+06 4.19902e+07 1.69661e+09 8.27715e+10 7.55803e+12 2.66139e+13 5.45903e+13 8.7138e+13 1.18771e+14 1.4384e+14 1.5769e+14 1.5769e+14 1.4384e+14 1.18771e+14 8.7138e+13 5.45903e+13 2.66139e+13 7.55803e+12 8.27715e+10 1.69661e+09 4.19902e+07 1.04433e+06 25968.6 614.805
104.269 3618.67 109500 2.86585e+06 5.56705e+07 7.88691e+08 7.93028e+10 2.91792e+11 6.11289e+11 9.89105e+11 1.36088e+12 1.65813e+12 1.82322e+12 1.82322e+12 1.65813e+12 1.36088e+12 9.89105e+11 6.11289e+11 2.91792e+11 7.93028e+10 7.88691e+08 5.56705e+07 2.86585e+06 109500 3618.67 104.269
11.1109 313.535 7312.38 143012 2.38433e+06 5.41009e+07 1.61846e+09 5.81488e+09 1.218e+10 1.97232e+10 2.71515e+10 3.30932e+10 3.6394e+10 3.6394e+10 3.30932e+10 2.71516e+10 1.97232e+10 1.218e+10 5.81488e+09 1.61846e+09 5.41009e+07 2.38433e+06 143012 7312.38 313.535 11.1109
0.893235 21.4444 426.632 7697.96 140018 2.76236e+06 4.00584e+07 1.37888e+08 2.87249e+08 4.64449e+08 6.38843e+08 7.78235e+08 8.55635e+08 8.55635e+08 7.78235e+08 6.38843e+08 4.64449e+08 2.87249e+08 1.37888e+08 4.00584e+07 2.76236e+06 140018 7697.96 426.632 21.4444 0.893235
0.0610532 1.31671 24.1346 419.825 7091.12 105166 996301 3.27259e+06 6.76692e+06 1.09203e+07 1.5007e+07 1.82715e+07 2.00833e+07 2.00833e+07 1.82715e+07 1.5007e+07 1.09203e+07 6.76692e+06 3.27259e+06 996301 105166 7091.12 419.825 24.1346 1.31671 0.0610532
0.00377419 0.075659 1.29986 20.9011 302.569 3468.63 24774.1 77637.9 159086 256116 351601 427837 470131 470131 427837 351601 256116 159086 77637.9 24774.1 3468.63 302.569 20.9011 1.29986 0.075659 0.00377419
0.000197725 0.00373619 0.0597646 0.865869 10.6926 99.8287 586.516 1759.78 3570.59 5732.68 7861.19 9560.04 10502.2 10502.2 9560.04 7861.19 5732.68 3570.59 1759.78 586.516 99.8287 10.6926 0.865869 0.0597646 0.00373619 0.000197725
