2.23618e-05 0.000421689 0.00673109 0.0973206 1.19942 11.176 65.5245 196.111 396.84 635.555 869.783 1056.29 1159.59 1159.59 1056.29 869.783 635.555 396.84 196.111 65.5245 11.176 1.19942 0.0973206 0.00673109 0.000421689 2.23618e-05
0.000425987 0.00852103 0.146073 2.34388 33.863 387.451 2761.67 8631.96 17636.9 28318.9 38794.4 47137.8 51760.1 51760.1 47137.8 38794.4 28318.9 17636.9 8631.96 2761.67 387.451 33.863 2.34388 0.146073 0.00852103 0.000425987
0.0068766 0.147971 2.7062 46.9779 791.965 11724 110860 363142 748598 1.20469e+06 1.65183e+06 2.00811e+06 2.20557e+06 2.20557e+06 2.00811e+06 1.65183e+06 1.20469e+06 748598 363142 110860 11724 791.965 46.9779 2.7062 0.147971 0.0068766
0.100405 2.40498 47.7418 859.742 15609.9 307459 4.45141e+06 1.5278e+07 3.1724e+07 5.11424e+07 7.01818e+07 8.53608e+07 9.37771e+07 9.37771e+07 8.53608e+07 7.01818e+07 5.11424e+07 3.1724e+07 1.5278e+07 4.45141e+06 307459 15609.9 859.742 47.7418 2.40498 0.100405
1.24649 35.0941 816.754 15944.8 265421 6.01417e+06 1.797e+08 6.43637e+08 1.34354e+09 2.16886e+09 2.97847e+09 3.62438e+09 3.98267e+09 3.98267e+09 3.62438e+09 2.97847e+09 2.16886e+09 1.34354e+09 6.43637e+08 1.797e+08 6.01417e+06 265421 15944.8 816.754 35.0941 1.24649
11.6746 404.265 12208.8 319017 6.18925e+06 8.75986e+07 8.80248e+09 3.2284e+10 6.73935e+10 1.08701e+11 1.49191e+11 1.81479e+11 1.99386e+11 1.99386e+11 1.81479e+11 1.49191e+11 1.08701e+11 6.73935e+10 3.2284e+10 8.80249e+09 8.75986e+07 6.18925e+06 319017 12208.8 404.265 11.6746
68.6955 2895.3 116224 4.66689e+06 1.88412e+08 9.18934e+09 8.38621e+11 2.94579e+12 6.02551e+12 9.59315e+12 1.30486e+13 1.57803e+13 1.72872e+13 1.72872e+13 1.57803e+13 1.30486e+13 9.59315e+12 6.02551e+12 2.94579e+12 8.38621e+11 9.18934e+09 1.88412e+08 4.66689e+06 116224 2895.3 68.6955
205.822 9060.39 381212 1.60402e+07 6.75835e+08 3.37575e+10 2.95522e+12 1.03485e+13 2.11365e+13 3.36193e+13 4.56988e+13 5.52421e+13 6.05047e+13 6.05047e+13 5.52421e+13 4.56988e+13 3.36193e+13 2.11365e+13 1.03485e+13 2.95522e+12 3.37575e+10 6.75835e+08 1.60402e+07 381212 9060.39 205.822
416.575 18516.3 786027 3.33147e+07 1.4111e+09 7.04929e+10 6.05231e+12 2.11631e+13 4.3196e+13 6.86769e+13 9.33249e+13 1.12792e+14 1.23526e+14 1.23526e+14 1.12792e+14 9.33249e+13 6.86769e+13 4.3196e+13 2.11631e+13 6.05231e+12 7.04929e+10 1.4111e+09 3.33147e+07 786027 18516.3 416.575
667.066 29726.8 1.26475e+06 5.36996e+07 2.27763e+09 1.13694e+11 9.64197e+12 3.36837e+13 6.87223e+13 1.0923e+14 1.48404e+14 1.79339e+14 1.96393e+14 1.96393e+14 1.79339e+14 1.48404e+14 1.0923e+14 6.87223e+13 3.36837e+13 9.64196e+12 1.13694e+11 2.27763e+09 5.36996e+07 1.26475e+06 29726.8 667.066
912.666 40712.2 1.73372e+06 7.36711e+07 3.12699e+09 1.56009e+11 1.31194e+13 4.58025e+13 9.342e+13 1.48458e+14 2.01673e+14 2.4369e+14 2.66852e+14 2.66852e+14 2.4369e+14 2.01673e+14 1.48458e+14 9.342e+13 4.58025e+13 1.31194e+13 1.56009e+11 3.12699e+09 7.36711e+07 1.73372e+06 40712.2 912.666
1108.09 49455.2 2.10711e+06 8.95809e+07 3.80407e+09 1.89728e+11 1.58684e+13 5.53771e+13 1.12928e+14 1.79436e+14 2.43735e+14 2.94499e+14 3.22481e+14 3.22481e+14 2.94499e+14 2.43735e+14 1.79436e+14 1.12928e+14 5.53771e+13 1.58684e+13 1.89728e+11 3.80407e+09 8.95809e+07 2.10711e+06 49455.2 1108.09
1216.26 54296.3 2.31393e+06 9.83973e+07 4.17944e+09 2.08418e+11 1.73848e+13 6.06568e+13 1.23683e+14 1.96514e+14 2.66921e+14 3.22505e+14 3.53143e+14 3.53143e+14 3.22505e+14 2.66921e+14 1.96514e+14 1.23683e+14 6.06568e+13 1.73848e+13 2.08418e+11 4.17944e+09 9.83973e+07 2.31393e+06 54296.3 1216.26
1216.26 54296.3 2.31393e+06 9.83973e+07 4.17944e+09 2.08418e+11 1.73848e+13 6.06568e+13 1.23683e+14 1.96514e+14 2.66921e+14 3.22505e+14 3.53143e+14 3.53143e+14 3.22505e+14 2.66921e+14 1.96514e+14 1.23683e+14 6.06568e+13 1.73848e+13 2.08418e+11 4.17944e+09 9.83973e+07 2.31393e+06 54296.3 1216.26
1108.09 49455.2 2.10711e+06 8.95809e+07 3.80407e+09 1.89728e+11 1.58684e+13 5.53771e+13 1.12928e+14 1.79436e+14 2.43735e+14 2.94499e+14 3.22481e+14 3.22481e+14 2.94499e+14 2.43735e+14 1.79436e+14 1.12928e+14 5.53771e+13 1.58684e+13 1.89728e+11 3.80407e+09 8.95809e+07 2.10711e+06 49455.2 1108.09
912.666 40712.2 1.73372e+06 7.36711e+07 3.12699e+09 1.56009e+11 1.31194e+13 4.58025e+13 9.342e+13 1.48458e+14 2.01673e+14 2.4369e+14 2.66852e+14 2.66852e+14 2.4369e+14 2.01673e+14 1.48458e+14 9.342e+13 4.58025e+13 1.31194e+13 1.56009e+11 3.12699e+09 7.36711e+07 1.73372e+06 40712.2 912.666
667.066 29726.8 1.26475e+06 5.36996e+07 2.27763e+09 1.13694e+11 9.64196e+12 3.36837e+13 6.87223e+13 1.0923e+14 1.48404e+14 1.79339e+14 1.96393e+14 1.96393e+14 1.79339e+14 1.48404e+14 1.0923e+14 6.87223e+13 3.36837e+13 9.64197e+12 1.13694e+11 2.27763e+09 5.36996e+07 1.26475e+06 29726.8 667.066
416.575 18516.3 786027 3.33147e+07 1.4111e+09 7.04929e+10 6.05231e+12 2.11631e+13 4.3196e+13 6.86769e+13 9.33249e+13 1.12792e+14 1.23526e+14 1.23526e+14 1.12792e+14 9.33249e+13 6.86769e+13 4.3196e+13 2.11631e+13 6.05231e+12 7.04929e+10 1.4111e+09 3.33147e+07 786027 18516.3 416.575
205.822 9060.39 381212 1.60402e+07 6.75835e+08 3.37575e+10 2.95522e+12 1.03485e+13 2.11365e+13 3.36193e+13 4.56988e+13 5.52421e+13 6.05047e+13 6.05047e+13 5.52421e+13 4.56988e+13 3.36193e+13 2.11365e+13 1.03485e+13 2.95522e+12 3.37575e+10 6.75835e+08 1.60402e+07 381212 9060.39 205.822
68.6955 2895.3 116224 4.66689e+06 1.88412e+08 9.18934e+09 8.38621e+11 2.94579e+12 6.02551e+12 9.59315e+12 1.30486e+13 1.57803e+13 1.72872e+13 1.72872e+13 1.57803e+13 1.30486e+13 9.59315e+12 6.02551e+12 2.94579e+12 8.38621e+11 9.18934e+09 1.88412e+08 4.66689e+06 116224 2895.3 68.6955
11.6746 404.265 12208.8 319017 6.18925e+06 8.75986e+07 8.80249e+09 3.2284e+10 6.73935e+10 1.08701e+11 1.49191e+11 1.81479e+11 1.99386e+11 1.99386e+11 1.81479e+11 1.49191e+11 1.08701e+11 6.73935e+10 3.2284e+10 8.80248e+09 8.75986e+07 6.18925e+06 319017 12208.8 404.265 11.6746
1.24649 35.0941 816.754 15944.8 265421 6.01417e+06 1.797e+08 6.43637e+08 1.34354e+09 2.16886e+09 2.97847e+09 3.62438e+09 3.98267e+09 3.98267e+09 3.62438e+09 2.97847e+09 2.16886e+09 1.34354e+09 6.43637e+08 1.797e+08 6.01417e+06 265421 15944.8 816.754 35.0941 1.24649
0.100405 2.40498 47.7418 859.742 15609.9 307459 4.45141e+06 1.5278e+07 3.1724e+07 5.11424e+07 7.01818e+07 8.53608e+07 9.37771e+07 9.37771e+07 8.53608e+07 7.01818e+07 5.11424e+07 3.1724e+07 1.5278e+07 4.45141e+06 307459 15609.9 859.742 47.7418 2.40498 0.100405
0.0068766 0.147971 2.7062 46.9779 791.965 11724 110860 363142 748598 1.20469e+06 1.65183e+06 2.00811e+06 2.20557e+06 2.20557e+06 2.00811e+06 1.65183e+06 1.20469e+06 748597 363142 110860 11724 791.965 46.9779 2.7062 0.147971 0.0068766
0.000425987 0.00852103 0.146073 2.34388 33.863 387.451 2761.67 8631.96 17636.9 28318.9 38794.4 47137.8 51760.1 51760.1 47137.8 38794.4 28318.9 17636.9 8631.96 2761.67 387.451 33.863 2.34388 0.146073 0.00852103 0.000425987
2.23618e-05 0.000421689 0.00673109 0.0973206 1.19942 11.176 65.5245 196.111 396.84 635.555 869.783 1056.29 1159.59 1159.59 1056.29 869.783 635.555 396.84 196.111 65.5245 11.176 1.19942 0.0973206 0.00673109 0.000421689 2.23618e-05
