9.96114e-07 1.87099e-05 0.000297198 0.00427444 0.0524059 0.485863 2.83341 8.41782 16.8818 26.7864 36.3554 43.8791 48.0118 48.0118 43.8791 36.3554 26.7864 16.8818 8.41782 2.83341 0.485863 0.0524059 0.00427444 0.000297198 1.87099e-05 9.96113e-07
1.89323e-05 0.00037736 0.0064395 0.102774 1.4765 16.8048 119.153 369.594 748.094 1189.54 1615.5 1950.32 2134.25 2134.25 1950.32 1615.5 1189.54 748.094 369.594 119.153 16.8048 1.4765 0.102774 0.0064395 0.00037736 1.89323e-05
0.00030468 0.00653731 0.119126 2.05793 34.4859 507.577 4775.01 15518.1 31676 50457.3 68561.6 82791.4 90608.8 90608.8 82791.4 68561.6 50457.3 31676 15518.1 4775.01 507.577 34.4859 2.05793 0.119126 0.00653731 0.000304681
0.00443142 0.105898 2.09726 37.6498 679.83 13298 191544 652017 1.33997e+06 2.13724e+06 2.90532e+06 3.50907e+06 3.8408e+06 3.8408e+06 3.50907e+06 2.90532e+06 2.13724e+06 1.33997e+06 652017 191544 13298 679.83 37.6498 2.09726 0.105898 0.00443142
0.0547652 1.53855 35.7478 697.17 11584.1 260293 7.73058e+06 2.74508e+07 5.66841e+07 9.04901e+07 1.23053e+08 1.48655e+08 1.62724e+08 1.62724e+08 1.48655e+08 1.23053e+08 9.04901e+07 5.66841e+07 2.74508e+07 7.73058e+06 260293 11584.1 697.17 35.7478 1.53855 0.0547652
0.510377 17.634 531.669 13883.2 269713 3.82545e+06 3.79144e+08 1.37839e+09 2.84624e+09 4.53991e+09 6.17018e+09 7.4515e+09 8.15553e+09 8.15553e+09 7.4515e+09 6.17018e+09 4.53991e+09 2.84624e+09 1.37839e+09 3.79144e+08 3.82545e+06 269713 13883.2 531.669 17.634 0.510377
2.98612 125.578 5032.69 201894 8.14924e+06 3.97353e+08 3.61214e+10 1.26143e+11 2.56125e+11 4.0469e+11 5.46783e+11 6.57982e+11 7.18926e+11 7.18926e+11 6.57982e+11 5.46783e+11 4.0469e+11 2.56125e+11 1.26143e+11 3.61214e+10 3.97353e+08 8.14924e+06 201894 5032.69 125.578 2.98612
8.8786 389.874 16371.8 687986 2.89695e+07 1.44662e+09 1.26538e+11 4.40719e+11 8.93859e+11 1.41145e+12 1.90628e+12 2.29341e+12 2.50554e+12 2.50554e+12 2.29341e+12 1.90628e+12 1.41145e+12 8.93859e+11 4.40719e+11 1.26538e+11 1.44662e+09 2.89695e+07 687986 16371.8 389.874 8.8786
17.8048 789.098 33416.7 1.41379e+06 5.98154e+07 2.98726e+09 2.57177e+11 8.94744e+11 1.8139e+12 2.86353e+12 3.86683e+12 4.65168e+12 5.08173e+12 5.08173e+12 4.65167e+12 3.86683e+12 2.86353e+12 1.8139e+12 8.94743e+11 2.57177e+11 2.98726e+09 5.98154e+07 1.41379e+06 33416.7 789.098 17.8048
28.2403 1254.25 53208.5 2.25405e+06 9.54478e+07 4.76318e+09 4.06486e+11 1.41334e+12 2.86454e+12 4.52149e+12 6.10516e+12 7.34394e+12 8.0227e+12 8.0227e+12 7.34394e+12 6.10516e+12 4.52149e+12 2.86454e+12 1.41334e+12 4.06486e+11 4.76318e+09 9.54478e+07 2.25405e+06 53208.5 1254.25 28.2403
38.3106 1702.55 72264 3.06255e+06 1.29727e+08 6.47062e+09 5.49239e+11 1.90897e+12 3.86849e+12 6.10566e+12 8.24374e+12 9.91614e+12 1.08325e+13 1.08325e+13 9.91614e+12 8.24374e+12 6.10566e+12 3.86849e+12 1.90897e+12 5.49239e+11 6.47062e+09 1.29727e+08 3.06255e+06 72264 1702.55 38.3106
46.2202 2054.57 87225 3.69735e+06 1.56647e+08 7.81112e+09 6.60906e+11 2.29657e+12 4.65356e+12 7.34436e+12 9.9159e+12 1.19273e+13 1.30294e+13 1.30294e+13 1.19273e+13 9.9159e+12 7.34436e+12 4.65356e+12 2.29657e+12 6.60906e+11 7.81112e+09 1.56647e+08 3.69735e+06 87225 2054.57 46.2202
50.5617 2247.79 95437.7 4.04586e+06 1.71428e+08 8.54709e+09 7.22087e+11 2.5089e+12 5.0836e+12 8.02287e+12 1.08318e+13 1.30289e+13 1.42327e+13 1.42327e+13 1.30289e+13 1.08318e+13 8.02287e+12 5.0836e+12 2.5089e+12 7.22087e+11 8.54709e+09 1.71428e+08 4.04586e+06 95437.7 2247.79 50.5617
50.5617 2247.79 95437.7 4.04586e+06 1.71428e+08 8.54709e+09 7.22087e+11 2.5089e+12 5.0836e+12 8.02287e+12 1.08318e+13 1.30289e+13 1.42327e+13 1.42327e+13 1.30289e+13 1.08318e+13 8.02287e+12 5.0836e+12 2.5089e+12 7.22087e+11 8.54709e+09 1.71428e+08 4.04586e+06 95437.7 2247.79 50.5617
46.2202 2054.57 87225 3.69735e+06 1.56647e+08 7.81112e+09 6.60906e+11 2.29657e+12 4.65356e+12 7.34436e+12 9.9159e+12 1.19273e+13 1.30294e+13 1.30294e+13 1.19273e+13 9.9159e+12 7.34436e+12 4.65356e+12 2.29657e+12 6.60906e+11 7.81112e+09 1.56647e+08 3.69735e+06 87225 2054.57 46.2202
38.3106 1702.55 72264 3.06255e+06 1.29727e+08 6.47062e+09 5.49239e+11 1.90897e+12 3.86849e+12 6.10566e+12 8.24374e+12 9.91614e+12 1.08325e+13 1.08325e+13 9.91614e+12 8.24374e+12 6.10566e+12 3.86849e+12 1.90897e+12 5.49239e+11 6.47062e+09 1.29727e+08 3.06255e+06 72264 1702.55 38.3106
28.2403 1254.25 53208.5 2.25405e+06 9.54478e+07 4.76318e+09 4.06486e+11 1.41334e+12 2.86454e+12 4.52149e+12 6.10516e+12 7.34394e+12 8.0227e+12 8.0227e+12 7.34394e+12 6.10516e+12 4.52149e+12 2.86454e+12 1.41334e+12 4.06486e+11 4.76318e+09 9.54478e+07 2.25405e+06 53208.5 1254.25 28.2403
17.8048 789.098 33416.7 1.41379e+06 5.98154e+07 2.98726e+09 2.57177e+11 8.94743e+11 1.8139e+12 2.86353e+12 3.86683e+12 4.65167e+12 5.08173e+12 5.08173e+12 4.65168e+12 3.86683e+12 2.86353e+12 1.8139e+12 8.94743e+11 2.57177e+11 2.98726e+09 5.98154e+07 1.41379e+06 33416.7 789.098 17.8048
8.8786 389.874 16371.8 687986 2.89695e+07 1.44662e+09 1.26538e+11 4.40719e+11 8.93859e+11 1.41145e+12 1.90628e+12 2.29341e+12 2.50554e+12 2.50554e+12 2.29341e+12 1.90628e+12 1.41145e+12 8.93859e+11 4.40719e+11 1.26538e+11 1.44662e+09 2.89695e+07 687986 16371.8 389.874 8.8786
2.98612 125.578 5032.69 201894 8.14924e+06 3.97353e+08 3.61214e+10 1.26143e+11 2.56125e+11 4.0469e+11 5.46783e+11 6.57982e+11 7.18926e+11 7.18926e+11 6.57982e+11 5.46783e+11 4.0469e+11 2.56125e+11 1.26143e+11 3.61214e+10 3.97353e+08 8.14924e+06 201894 5032.69 125.578 2.98612
0.510377 17.634 531.669 13883.2 269713 3.82545e+06 3.79144e+08 1.37839e+09 2.84624e+09 4.53991e+09 6.17018e+09 7.4515e+09 8.15553e+09 8.15553e+09 7.4515e+09 6.17018e+09 4.53991e+09 2.84624e+09 1.37839e+09 3.79144e+08 3.82545e+06 269713 13883.2 531.669 17.634 0.510377
0.0547652 1.53855 35.7478 697.17 11584.1 260293 7.73058e+06 2.74508e+07 5.66841e+07 9.04901e+07 1.23053e+08 1.48655e+08 1.62724e+08 1.62724e+08 1.48655e+08 1.23053e+08 9.04901e+07 5.66841e+07 2.74508e+07 7.73058e+06 260293 11584.1 697.17 35.7478 1.53855 0.0547652
0.00443142 0.105898 2.09726 37.6498 679.83 13298 191544 652017 1.33997e+06 2.13724e+06 2.90532e+06 3.50907e+06 3.8408e+06 3.8408e+06 3.50907e+06 2.90532e+06 2.13724e+06 1.33997e+06 652017 191544 13298 679.83 37.6498 2.09726 0.105898 0.00443142
0.000304681 0.00653731 0.119126 2.05793 34.4859 507.577 4775.01 15518.1 31676 50457.3 68561.6 82791.4 90608.8 90608.8 82791.4 68561.6 50457.3 31676 15518.1 4775.01 507.577 34.4859 2.05793 0.119126 0.00653731 0.00030468
1.89323e-05 0.00037736 0.0064395 0.102774 1.4765 16.8048 119.153 369.594 748.094 1189.54 1615.5 1950.32 2134.25 2134.25 1950.32 1615.5 1189.54 748.094 369.594 119.153 16.8048 1.4765 0.102774 0.0064395 0.00037736 1.89323e-05
9.96113e-07 1.87099e-05 0.000297198 0.00427444 0.0524059 0.485863 2.83341 8.41782 16.8818 26.7864 36.3554 43.8791 48.0118 48.0118 43.8791 36.3554 26.7864 16.8818 8.41782 2.83341 0.485863 0.0524059 0.00427444 0.000297198 1.87099e-05 9.96113e-07
