2.42949e-05 0.00045693 0.00727113 0.104787 1.28716 11.9526 69.7973 207.66 417.129 662.932 901.018 1088.6 1191.78 1191.78 1088.6 901.018 662.932 417.129 207.66 69.7973 11.9526 1.28716 0.104787 0.00727113 0.00045693 2.42948e-05
0.000461848 0.00921506 0.157503 2.51907 36.2711 413.598 2936.8 9123.11 18497.4 29462.7 40071.9 48429.3 53026.4 53026.4 48429.3 40071.9 29462.7 18497.4 9123.11 2936.8 413.598 36.2711 2.51907 0.157503 0.00921506 0.000461848
0.00743705 0.159667 2.91259 50.4103 846.959 12495.8 117742 383242 783686 1.25058e+06 1.70192e+06 2.05746e+06 2.25306e+06 2.25306e+06 2.05746e+06 1.70192e+06 1.25058e+06 783686 383242 117742 12495.8 846.959 50.4103 2.91259 0.159667 0.00743705
0.108286 2.58843 51.2786 921.371 16678.3 327350 4.72444e+06 1.61083e+07 3.31667e+07 5.29998e+07 7.21634e+07 8.72618e+07 9.55696e+07 9.55696e+07 8.72618e+07 7.21634e+07 5.29998e+07 3.31667e+07 1.61083e+07 4.72444e+06 327350 16678.3 921.371 51.2786 2.58843 0.108286
1.3402 37.6597 874.995 17059 283526 6.40101e+06 1.90699e+08 6.78326e+08 1.40347e+09 2.24489e+09 3.05787e+09 3.69857e+09 4.05119e+09 4.05119e+09 3.69857e+09 3.05787e+09 2.24489e+09 1.40347e+09 6.78326e+08 1.90699e+08 6.40101e+06 283526 17059 874.995 37.6597 1.3402
12.5096 432.389 13038.7 340375 6.60252e+06 9.34658e+07 9.34812e+09 3.40463e+10 7.04439e+10 1.12584e+11 1.53272e+11 1.85327e+11 2.02966e+11 2.02966e+11 1.85327e+11 1.53272e+11 1.12584e+11 7.04439e+10 3.40463e+10 9.34812e+09 9.34658e+07 6.60252e+06 340375 13038.7 432.389 12.5096
73.3038 3084.44 123668 4.96258e+06 2.00338e+08 9.77408e+09 8.90516e+11 3.11362e+12 6.3309e+12 1.00171e+13 1.35505e+13 1.63205e+13 1.78402e+13 1.78402e+13 1.63205e+13 1.35505e+13 1.00171e+13 6.3309e+12 3.11362e+12 8.90516e+11 9.77408e+09 2.00338e+08 4.96258e+06 123668 3084.44 73.3038
218.28 9591.07 402963 1.694e+07 7.1347e+08 3.56473e+10 3.12307e+12 1.08896e+13 2.21159e+13 3.49692e+13 4.72835e+13 5.69338e+13 6.22275e+13 6.22275e+13 5.69338e+13 4.72835e+13 3.49692e+13 2.21159e+13 1.08896e+13 3.12307e+12 3.56473e+10 7.1347e+08 1.694e+07 402963 9591.07 218.28
438.438 19445.2 823967 3.48769e+07 1.47608e+09 7.37577e+10 6.35608e+12 2.21371e+13 4.49373e+13 7.10341e+13 9.60317e+13 1.15619e+14 1.26363e+14 1.26363e+14 1.15619e+14 9.60317e+13 7.10341e+13 4.49373e+13 2.21371e+13 6.35608e+12 7.37577e+10 1.47608e+09 3.48769e+07 823967 19445.2 438.438
696.512 30959.3 1.31429e+06 5.57079e+07 2.35995e+09 1.17835e+11 1.006e+13 3.50142e+13 7.10577e+13 1.12306e+14 1.51812e+14 1.82766e+14 1.99743e+14 1.99743e+14 1.82766e+14 1.51812e+14 1.12306e+14 7.10577e+13 3.50142e+13 1.006e+13 1.17835e+11 2.35995e+09 5.57079e+07 1.31429e+06 30959.3 696.512
946.176 42085.3 1.78767e+06 7.5809e+07 3.21278e+09 1.60337e+11 1.3609e+13 4.73469e+13 9.60695e+13 1.51822e+14 2.05216e+14 2.47048e+14 2.69992e+14 2.69992e+14 2.47048e+14 2.05216e+14 1.51822e+14 9.60695e+13 4.73469e+13 1.3609e+13 1.60337e+11 3.21278e+09 7.5809e+07 1.78767e+06 42085.3 946.176
1142.66 50839.7 2.16012e+06 9.16265e+07 3.88403e+09 1.93782e+11 1.63898e+13 5.70074e+13 1.15659e+14 1.8277e+14 2.47038e+14 2.97389e+14 3.25005e+14 3.25005e+14 2.97389e+14 2.47038e+14 1.8277e+14 1.15659e+14 5.70074e+13 1.63898e+13 1.93782e+11 3.88403e+09 9.16265e+07 2.16012e+06 50839.7 1142.66
1250.64 55651.2 2.36485e+06 1.00322e+08 4.25314e+09 2.12169e+11 1.7915e+13 6.23049e+13 1.26401e+14 1.99739e+14 2.6997e+14 3.24991e+14 3.55168e+14 3.55168e+14 3.24991e+14 2.6997e+14 1.99739e+14 1.26401e+14 6.23049e+13 1.7915e+13 2.12169e+11 4.25314e+09 1.00322e+08 2.36485e+06 55651.2 1250.64
1250.64 55651.2 2.36485e+06 1.00322e+08 4.25314e+09 2.12169e+11 1.7915e+13 6.23049e+13 1.26401e+14 1.99739e+14 2.6997e+14 3.24991e+14 3.55168e+14 3.55168e+14 3.24991e+14 2.6997e+14 1.99739e+14 1.26401e+14 6.23049e+13 1.7915e+13 2.12169e+11 4.25314e+09 1.00322e+08 2.36485e+06 55651.2 1250.64
1142.66 50839.7 2.16012e+06 9.16265e+07 3.88403e+09 1.93782e+11 1.63898e+13 5.70074e+13 1.1566e+14 1.8277e+14 2.47038e+14 2.97389e+14 3.25005e+14 3.25005e+14 2.97389e+14 2.47038e+14 1.8277e+14 1.15659e+14 5.70074e+13 1.63898e+13 1.93782e+11 3.88403e+09 9.16265e+07 2.16012e+06 50839.7 1142.66
946.176 42085.3 1.78767e+06 7.5809e+07 3.21278e+09 1.60337e+11 1.3609e+13 4.73469e+13 9.60695e+13 1.51822e+14 2.05216e+14 2.47048e+14 2.69992e+14 2.69992e+14 2.47048e+14 2.05216e+14 1.51822e+14 9.60695e+13 4.73469e+13 1.3609e+13 1.60337e+11 3.21278e+09 7.5809e+07 1.78767e+06 42085.3 946.176
696.512 30959.3 1.31429e+06 5.57079e+07 2.35995e+09 1.17835e+11 1.006e+13 3.50142e+13 7.10577e+13 1.12306e+14 1.51812e+14 1.82766e+14 1.99743e+14 1.99743e+14 1.82766e+14 1.51812e+14 1.12306e+14 7.10577e+13 3.50142e+13 1.006e+13 1.17835e+11 2.35995e+09 5.57079e+07 1.31429e+06 30959.3 696.512
438.438 19445.2 823967 3.48769e+07 1.47608e+09 7.37577e+10 6.35608e+12 2.21371e+13 4.49373e+13 7.10341e+13 9.60317e+13 1.15619e+14 1.26363e+14 1.26363e+14 1.15619e+14 9.60317e+13 7.10341e+13 4.49373e+13 2.21371e+13 6.35608e+12 7.37577e+10 1.47608e+09 3.48769e+07 823967 19445.2 438.438
218.28 9591.07 402963 1.694e+07 7.1347e+08 3.56473e+10 3.12307e+12 1.08896e+13 2.21159e+13 3.49692e+13 4.72835e+13 5.69338e+13 6.22275e+13 6.22275e+13 5.69338e+13 4.72835e+13 3.49692e+13 2.21159e+13 1.08896e+13 3.12307e+12 3.56473e+10 7.1347e+08 1.694e+07 402963 9591.07 218.28
73.3038 3084.44 123668 4.96258e+06 2.00338e+08 9.77408e+09 8.90516e+11 3.11362e+12 6.3309e+12 1.00171e+13 1.35505e+13 1.63205e+13 1.78402e+13 1.78402e+13 1.63205e+13 1.35505e+13 1.00171e+13 6.3309e+12 3.11362e+12 8.90516e+11 9.77408e+09 2.00338e+08 4.96258e+06 123668 3084.44 73.3038
12.5096 432.389 13038.7 340375 6.60252e+06 9.34658e+07 9.34812e+09 3.40463e+10 7.04439e+10 1.12584e+11 1.53272e+11 1.85327e+11 2.02966e+11 2.02966e+11 1.85327e+11 1.53272e+11 1.12584e+11 7.04439e+10 3.40463e+10 9.34812e+09 9.34658e+07 6.60252e+06 340375 13038.7 432.389 12.5096
1.3402 37.6597 874.995 17059 283526 6.40101e+06 1.90699e+08 6.78326e+08 1.40347e+09 2.24489e+09 3.05787e+09 3.69857e+09 4.05119e+09 4.05119e+09 3.69857e+09 3.05787e+09 2.24489e+09 1.40347e+09 6.78326e+08 1.90699e+08 6.40101e+06 283526 17059 874.995 37.6597 1.3402
0.108286 2.58843 51.2786 921.371 16678.3 327350 4.72444e+06 1.61083e+07 3.31667e+07 5.29998e+07 7.21634e+07 8.72618e+07 9.55696e+07 9.55696e+07 8.72618e+07 7.21634e+07 5.29998e+07 3.31667e+07 1.61083e+07 4.72444e+06 327350 16678.3 921.371 51.2786 2.58843 0.108286
0.00743705 0.159667 2.91259 50.4103 846.959 12495.8 117742 383242 783686 1.25058e+06 1.70192e+06 2.05746e+06 2.25306e+06 2.25306e+06 2.05746e+06 1.70192e+06 1.25058e+06 783686 383242 117742 12495.8 846.959 50.4103 2.91259 0.159667 0.00743705
0.000461848 0.00921506 0.157503 2.51907 36.2711 413.598 2936.8 9123.11 18497.4 29462.7 40071.9 48429.3 53026.4 53026.4 48429.3 40071.9 29462.7 18497.4 9123.11 2936.8 413.598 36.2711 2.51907 0.157503 0.00921506 0.000461848
2.42949e-05 0.000456929 0.00727113 0.104787 1.28716 11.9526 69.7973 207.66 417.129 662.932 901.018 1088.6 1191.78 1191.78 1088.6 901.018 662.932 417.129 207.66 69.7973 11.9526 1.28716 0.104787 0.00727113 0.00045693 2.42949e-05
