0.000900879 0.0170299 0.2725 3.94877 48.7686 455.331 2674.74 8019.89 16254.4 26061.3 35688.7 43353.1 47596.2 47596.2 43353.1 35688.7 26061.3 16254.4 8019.89 2674.74 455.331 48.7686 3.94877 0.2725 0.0170299 0.000900879
0.017204 0.345063 5.93091 95.3901 1381.05 15832.9 113071 354111 724792 1.16523e+06 1.59739e+06 1.94152e+06 2.13208e+06 2.13208e+06 1.94152e+06 1.59739e+06 1.16523e+06 724792 354111 113071 15832.9 1381.05 95.3901 5.93091 0.345063 0.017204
0.278403 6.00814 110.189 1917.43 32390.7 480380 4.55053e+06 1.49376e+07 3.08523e+07 4.97174e+07 6.82232e+07 8.29647e+07 9.11308e+07 9.11308e+07 8.29647e+07 6.82232e+07 4.97174e+07 3.08523e+07 1.49376e+07 4.55053e+06 480380 32390.7 1917.43 110.189 6.00814 0.278403
4.07409 97.881 1948.69 35180.1 640024 1.26258e+07 1.83077e+08 6.29776e+08 1.31044e+09 2.11569e+09 2.90569e+09 3.5353e+09 3.88421e+09 3.88421e+09 3.5353e+09 2.90569e+09 2.11569e+09 1.31044e+09 6.29776e+08 1.83077e+08 1.26258e+07 640024 35180.1 1948.69 97.881 4.07409
50.683 1431.3 33406.2 653792 1.09061e+07 2.47429e+08 7.40052e+09 2.65718e+10 5.55926e+10 8.98837e+10 1.23541e+11 1.50381e+11 1.65261e+11 1.65261e+11 1.50381e+11 1.23541e+11 8.98837e+10 5.55926e+10 2.65718e+10 7.40052e+09 2.47429e+08 1.09061e+07 653792 33406.2 1431.3 50.683
475.622 16519.5 500242 1.31012e+07 2.54674e+08 3.61087e+09 3.62776e+11 1.33405e+12 2.79164e+12 4.51036e+12 6.1961e+12 7.53991e+12 8.28473e+12 8.28473e+12 7.53991e+12 6.1961e+12 4.51036e+12 2.79164e+12 1.33405e+12 3.62776e+11 3.61087e+09 2.54674e+08 1.31012e+07 500242 16519.5 475.622
2803.79 118527 4.77016e+06 1.9192e+08 7.7586e+09 3.78656e+11 3.45757e+13 1.21729e+14 2.49569e+14 3.9808e+14 5.42162e+14 6.56152e+14 7.19051e+14 7.19051e+14 6.56152e+14 5.42162e+14 3.9808e+14 2.49569e+14 1.21729e+14 3.45757e+13 3.78656e+11 7.7586e+09 1.9192e+08 4.77016e+06 118527 2803.79
8414.88 371599 1.56774e+07 6.6106e+08 2.78958e+10 1.39461e+12 1.22115e+14 4.28552e+14 8.77292e+14 1.398e+15 1.90277e+15 2.30189e+15 2.52206e+15 2.52206e+15 2.30189e+15 1.90277e+15 1.398e+15 8.77292e+14 4.28552e+14 1.22115e+14 1.39461e+12 2.78958e+10 6.6106e+08 1.56774e+07 371599 8414.88
17055.7 760629 3.23826e+07 1.37565e+09 5.83676e+10 2.91891e+12 2.5065e+14 8.78326e+14 1.79677e+15 2.86194e+15 3.89412e+15 4.71009e+15 5.16013e+15 5.16013e+15 4.71009e+15 3.89412e+15 2.86194e+15 1.79677e+15 8.78326e+14 2.5065e+14 2.91891e+12 5.83676e+10 1.37565e+09 3.23826e+07 760629 17055.7
27337.1 1.22244e+06 5.21659e+07 2.22021e+09 9.43384e+10 4.71473e+12 4.00005e+14 1.40038e+15 2.86346e+15 4.5597e+15 6.20302e+15 7.50188e+15 8.21819e+15 8.21819e+15 7.50188e+15 6.20301e+15 4.5597e+15 2.86346e+15 1.40038e+15 4.00005e+14 4.71473e+12 9.43384e+10 2.22021e+09 5.21659e+07 1.22244e+06 27337.1
37418.5 1.67503e+06 7.15488e+07 3.04775e+09 1.29599e+11 6.47399e+12 5.44882e+14 1.9064e+15 3.89703e+15 6.20435e+15 8.4393e+15 1.02056e+16 1.11796e+16 1.11796e+16 1.02056e+16 8.4393e+15 6.20435e+15 3.89703e+15 1.9064e+15 5.44882e+14 6.474e+12 1.29599e+11 3.04775e+09 7.15488e+07 1.67503e+06 37418.5
45435.5 2.03501e+06 8.69709e+07 3.70649e+09 1.57684e+11 7.87475e+12 6.59461e+14 2.3064e+15 4.71386e+15 7.50391e+15 1.02062e+16 1.23416e+16 1.35191e+16 1.35191e+16 1.23416e+16 1.02062e+16 7.50391e+15 4.71386e+15 2.3064e+15 6.59461e+14 7.87475e+12 1.57684e+11 3.70649e+09 8.69709e+07 2.03501e+06 45435.5
49870.2 2.2342e+06 9.55068e+07 4.07122e+09 1.73239e+11 8.65045e+12 7.22665e+14 2.52698e+15 5.16424e+15 8.22042e+15 1.11803e+16 1.35192e+16 1.48089e+16 1.48089e+16 1.35192e+16 1.11803e+16 8.22042e+15 5.16424e+15 2.52698e+15 7.22665e+14 8.65045e+12 1.73239e+11 4.07122e+09 9.55068e+07 2.2342e+06 49870.2
49870.2 2.2342e+06 9.55068e+07 4.07122e+09 1.73239e+11 8.65045e+12 7.22665e+14 2.52698e+15 5.16424e+15 8.22042e+15 1.11803e+16 1.35192e+16 1.48089e+16 1.48089e+16 1.35192e+16 1.11803e+16 8.22042e+15 5.16424e+15 2.52698e+15 7.22665e+14 8.65045e+12 1.73239e+11 4.07122e+09 9.55068e+07 2.2342e+06 49870.2
45435.5 2.03501e+06 8.69709e+07 3.70649e+09 1.57684e+11 7.87475e+12 6.59461e+14 2.3064e+15 4.71386e+15 7.50391e+15 1.02062e+16 1.23416e+16 1.35191e+16 1.35191e+16 1.23416e+16 1.02062e+16 7.50391e+15 4.71386e+15 2.3064e+15 6.59461e+14 7.87475e+12 1.57684e+11 3.70649e+09 8.69709e+07 2.03501e+06 45435.5
37418.5 1.67503e+06 7.15488e+07 3.04775e+09 1.29599e+11 6.47399e+12 5.44882e+14 1.9064e+15 3.89703e+15 6.20435e+15 8.4393e+15 1.02056e+16 1.11796e+16 1.11796e+16 1.02056e+16 8.4393e+15 6.20435e+15 3.89703e+15 1.9064e+15 5.44882e+14 6.47399e+12 1.29599e+11 3.04775e+09 7.15488e+07 1.67503e+06 37418.5
27337.1 1.22244e+06 5.21659e+07 2.22021e+09 9.43384e+10 4.71473e+12 4.00005e+14 1.40038e+15 2.86346e+15 4.5597e+15 6.20301e+15 7.50188e+15 8.21819e+15 8.21819e+15 7.50188e+15 6.20302e+15 4.5597e+15 2.86346e+15 1.40038e+15 4.00005e+14 4.71473e+12 9.43384e+10 2.22021e+09 5.21659e+07 1.22244e+06 27337.1
17055.7 760629 3.23826e+07 1.37565e+09 5.83676e+10 2.91891e+12 2.5065e+14 8.78326e+14 1.79677e+15 2.86194e+15 3.89412e+15 4.71009e+15 5.16013e+15 5.16013e+15 4.71009e+15 3.89412e+15 2.86194e+15 1.79677e+15 8.78326e+14 2.5065e+14 2.91891e+12 5.83676e+10 1.37565e+09 3.23826e+07 760629 17055.7
8414.88 371598 1.56774e+07 6.6106e+08 2.78958e+10 1.39461e+12 1.22115e+14 4.28552e+14 8.77292e+14 1.398e+15 1.90277e+15 2.30189e+15 2.52206e+15 2.52206e+15 2.30189e+15 1.90277e+15 1.398e+15 8.77292e+14 4.28552e+14 1.22115e+14 1.39461e+12 2.78958e+10 6.6106e+08 1.56774e+07 371598 8414.88
2803.79 118527 4.77016e+06 1.9192e+08 7.7586e+09 3.78656e+11 3.45757e+13 1.21729e+14 2.49569e+14 3.9808e+14 5.42162e+14 6.56152e+14 7.19051e+14 7.19051e+14 6.56152e+14 5.42162e+14 3.9808e+14 2.49569e+14 1.21729e+14 3.45757e+13 3.78656e+11 7.7586e+09 1.9192e+08 4.77016e+06 118527 2803.79
475.622 16519.5 500242 1.31012e+07 2.54674e+08 3.61087e+09 3.62776e+11 1.33405e+12 2.79164e+12 4.51036e+12 6.1961e+12 7.53991e+12 8.28473e+12 8.28473e+12 7.53991e+12 6.1961e+12 4.51036e+12 2.79164e+12 1.33405e+12 3.62776e+11 3.61087e+09 2.54674e+08 1.31012e+07 500242 16519.5 475.622
50.683 1431.3 33406.2 653792 1.09061e+07 2.47429e+08 7.40052e+09 2.65718e+10 5.55926e+10 8.98837e+10 1.23541e+11 1.50381e+11 1.65261e+11 1.65261e+11 1.50381e+11 1.23541e+11 8.98837e+10 5.55926e+10 2.65718e+10 7.40052e+09 2.47429e+08 1.09061e+07 653792 33406.2 1431.3 50.683
4.07409 97.881 1948.69 35180.1 640024 1.26258e+07 1.83077e+08 6.29776e+08 1.31044e+09 2.11569e+09 2.90569e+09 3.5353e+09 3.88421e+09 3.88421e+09 3.5353e+09 2.90569e+09 2.11569e+09 1.31044e+09 6.29776e+08 1.83077e+08 1.26258e+07 640024 35180.1 1948.69 97.881 4.07409
0.278403 6.00814 110.189 1917.43 32390.7 480380 4.55053e+06 1.49376e+07 3.08523e+07 4.97174e+07 6.82232e+07 8.29647e+07 9.11308e+07 9.11308e+07 8.29647e+07 6.82232e+07 4.97174e+07 3.08523e+07 1.49376e+07 4.55053e+06 480380 32390.7 1917.43 110.189 6.00814 0.278403
0.017204 0.345063 5.93091 95.3901 1381.05 15832.9 113071 354111 724792 1.16523e+06 1.59739e+06 1.94152e+06 2.13208e+06 2.13208e+06 1.94152e+06 1.59739e+06 1.16523e+06 724792 354111 113071 15832.9 1381.05 95.3901 5.93091 0.345063 0.017204
0.000900879 0.0170299 0.2725 3.94877 48.7686 455.331 2674.74 8019.89 16254.4 26061.3 35688.7 43353.1 47596.2 47596.2 43353.1 35688.7 26061.3 16254.4 8019.89 2674.74 455.331 48.7686 3.94877 0.2725 0.0170299 0.000900879
