13.649 252.641 3905.97 54222.2 641840 5.78956e+06 3.31497e+07 9.7002e+07 1.91019e+08 2.96863e+08 3.9481e+08 4.68845e+08 5.08402e+08 5.08402e+08 4.68845e+08 3.9481e+08 2.96863e+08 1.91019e+08 9.7002e+07 3.31497e+07 5.78956e+06 641840 54222.2 3905.97 252.641 13.649
262.299 5198.64 86941.3 1.3375e+06 1.83879e+07 2.01787e+08 1.39922e+09 4.27204e+09 8.48389e+09 1.3199e+10 1.75457e+10 2.08228e+10 2.25709e+10 2.25709e+10 2.08228e+10 1.75457e+10 1.3199e+10 8.48389e+09 4.27204e+09 1.39922e+09 2.01787e+08 1.83879e+07 1.3375e+06 86941.3 5198.64 262.299
4226.46 91239.7 1.65475e+06 2.77852e+07 4.41558e+08 6.16553e+09 5.6316e+10 1.80025e+11 3.60235e+11 5.60796e+11 7.44991e+11 8.83496e+11 9.57256e+11 9.57256e+11 8.83496e+11 7.44991e+11 5.60796e+11 3.60235e+11 1.80025e+11 5.6316e+10 6.16553e+09 4.41558e+08 2.77852e+07 1.65475e+06 91239.8 4226.46
60712.3 1.47183e+06 2.95567e+07 5.29801e+08 9.13298e+09 1.64679e+11 2.26921e+12 7.5932e+12 1.52845e+13 2.37968e+13 3.15873e+13 3.74305e+13 4.0537e+13 4.0537e+13 3.74305e+13 3.15873e+13 2.37968e+13 1.52845e+13 7.5932e+12 2.26921e+12 1.64679e+11 9.13298e+09 5.29801e+08 2.95567e+07 1.47183e+06 60712.3
733359 2.09048e+07 4.96202e+08 9.95576e+09 1.67673e+11 3.36913e+12 9.19769e+13 3.20891e+14 6.48451e+14 1.00924e+15 1.3384e+15 1.58466e+15 1.71535e+15 1.71535e+15 1.58466e+15 1.3384e+15 1.00924e+15 6.48451e+14 3.20891e+14 9.19769e+13 3.36913e+12 1.67673e+11 9.95576e+09 4.96202e+08 2.09048e+07 733359
6.65666e+06 2.32114e+08 7.09863e+09 1.89936e+11 3.899e+12 5.92324e+13 4.59061e+15 1.63883e+16 3.31214e+16 5.15191e+16 6.83038e+16 8.08665e+16 8.75367e+16 8.75367e+16 8.08665e+16 6.83038e+16 5.15191e+16 3.31214e+16 1.63883e+16 4.59061e+15 5.92324e+13 3.899e+12 1.89936e+11 7.09863e+09 2.32114e+08 6.65666e+06
3.80249e+07 1.60467e+09 6.45713e+10 2.60129e+12 1.05411e+14 5.07027e+15 4.35889e+17 1.50757e+18 3.02292e+18 4.70567e+18 6.26451e+18 7.4497e+18 8.08639e+18 8.08639e+18 7.4497e+18 6.26451e+18 4.70567e+18 3.02292e+18 1.50757e+18 4.35889e+17 5.07027e+15 1.05411e+14 2.60129e+12 6.45713e+10 1.60467e+09 3.80249e+07
1.11085e+08 4.89063e+09 2.06021e+11 8.68673e+12 3.6698e+14 1.81185e+16 1.51469e+18 5.22551e+18 1.04636e+19 1.62724e+19 2.16475e+19 2.5731e+19 2.79235e+19 2.79235e+19 2.5731e+19 2.16475e+19 1.62724e+19 1.04636e+19 5.22551e+18 1.51469e+18 1.81185e+16 3.6698e+14 8.68673e+12 2.06021e+11 4.89063e+09 1.11085e+08
2.18494e+08 9.70065e+09 4.11746e+11 1.74636e+13 7.40634e+14 3.65935e+16 3.03891e+18 1.04697e+19 2.09352e+19 3.25109e+19 4.31951e+19 5.12941e+19 5.56363e+19 5.56363e+19 5.12941e+19 4.31951e+19 3.25109e+19 2.09352e+19 1.04697e+19 3.03891e+18 3.65935e+16 7.40634e+14 1.74636e+13 4.11746e+11 9.70065e+09 2.18494e+08
3.39232e+08 1.5077e+10 6.4033e+11 2.71609e+13 1.15146e+15 5.68567e+16 4.72697e+18 1.627e+19 3.24876e+19 5.03719e+19 6.68278e+19 7.92688e+19 8.59269e+19 8.59269e+19 7.92688e+19 6.68278e+19 5.03719e+19 3.24876e+19 1.627e+19 4.72697e+18 5.68567e+16 1.15146e+15 2.71609e+13 6.4033e+11 1.5077e+10 3.39232e+08
4.50797e+08 2.00256e+10 8.49925e+11 3.60213e+13 1.52563e+15 7.52926e+16 6.28538e+18 2.16193e+19 4.31147e+19 6.67517e+19 8.84366e+19 1.04788e+20 1.13524e+20 1.13524e+20 1.04788e+20 8.84366e+19 6.67517e+19 4.31147e+19 2.16193e+19 6.28538e+18 7.52926e+16 1.52563e+15 3.60213e+13 8.49925e+11 2.00256e+10 4.50797e+08
5.35018e+08 2.37516e+10 1.00731e+12 4.26573e+13 1.80515e+15 8.90562e+16 7.46639e+18 2.56702e+19 5.11448e+19 7.90957e+19 1.04679e+20 1.23932e+20 1.34203e+20 1.34203e+20 1.23932e+20 1.04679e+20 7.90957e+19 5.11448e+19 2.56702e+19 7.46639e+18 8.90562e+16 1.80515e+15 4.26573e+13 1.00731e+12 2.37516e+10 5.35018e+08
5.79978e+08 2.57374e+10 1.09105e+12 4.61818e+13 1.95334e+15 9.63509e+16 8.09935e+18 2.78402e+19 5.54403e+19 8.56869e+19 1.13337e+20 1.34121e+20 1.45201e+20 1.45201e+20 1.34121e+20 1.13337e+20 8.56869e+19 5.54403e+19 2.78402e+19 8.09935e+18 9.63509e+16 1.95334e+15 4.61818e+13 1.09105e+12 2.57374e+10 5.79978e+08
5.79978e+08 2.57374e+10 1.09105e+12 4.61818e+13 1.95334e+15 9.63509e+16 8.09935e+18 2.78402e+19 5.54403e+19 8.56869e+19 1.13337e+20 1.34121e+20 1.45201e+20 1.45201e+20 1.34121e+20 1.13337e+20 8.56869e+19 5.54403e+19 2.78402e+19 8.09935e+18 9.63509e+16 1.95334e+15 4.61818e+13 1.09105e+12 2.57374e+10 5.79978e+08
5.35018e+08 2.37516e+10 1.00731e+12 4.26573e+13 1.80515e+15 8.90562e+16 7.46639e+18 2.56702e+19 5.11448e+19 7.90957e+19 1.04679e+20 1.23932e+20 1.34203e+20 1.34203e+20 1.23932e+20 1.04679e+20 7.90957e+19 5.11448e+19 2.56702e+19 7.46639e+18 8.90562e+16 1.80515e+15 4.26573e+13 1.00731e+12 2.37516e+10 5.35018e+08
4.50797e+08 2.00256e+10 8.49925e+11 3.60213e+13 1.52563e+15 7.52926e+16 6.28538e+18 2.16193e+19 4.31147e+19 6.67517e+19 8.84366e+19 1.04788e+20 1.13524e+20 1.13524e+20 1.04788e+20 8.84366e+19 6.67517e+19 4.31147e+19 2.16193e+19 6.28538e+18 7.52926e+16 1.52563e+15 3.60213e+13 8.49925e+11 2.00256e+10 4.50797e+08
3.39232e+08 1.5077e+10 6.4033e+11 2.71609e+13 1.15146e+15 5.68567e+16 4.72697e+18 1.627e+19 3.24876e+19 5.03719e+19 6.68278e+19 7.92688e+19 8.59269e+19 8.59269e+19 7.92688e+19 6.68278e+19 5.03719e+19 3.24876e+19 1.627e+19 4.72697e+18 5.68567e+16 1.15146e+15 2.71609e+13 6.4033e+11 1.5077e+10 3.39232e+08
2.18494e+08 9.70065e+09 4.11746e+11 1.74636e+13 7.40634e+14 3.65935e+16 3.03891e+18 1.04697e+19 2.09352e+19 3.25109e+19 4.31951e+19 5.12941e+19 5.56363e+19 5.56363e+19 5.12941e+19 4.31951e+19 3.25109e+19 2.09352e+19 1.04697e+19 3.03891e+18 3.65935e+16 7.40634e+14 1.74636e+13 4.11746e+11 9.70065e+09 2.18494e+08
1.11085e+08 4.89063e+09 2.06021e+11 8.68673e+12 3.6698e+14 1.81185e+16 1.51469e+18 5.22551e+18 1.04636e+19 1.62724e+19 2.16475e+19 2.5731e+19 2.79235e+19 2.79235e+19 2.5731e+19 2.16475e+19 1.62724e+19 1.04636e+19 5.22551e+18 1.51469e+18 1.81185e+16 3.6698e+14 8.68673e+12 2.06021e+11 4.89063e+09 1.11085e+08
3.80249e+07 1.60467e+09 6.45713e+10 2.60129e+12 1.05411e+14 5.07027e+15 4.35889e+17 1.50757e+18 3.02292e+18 4.70567e+18 6.26451e+18 7.4497e+18 8.08639e+18 8.08639e+18 7.4497e+18 6.26451e+18 4.70567e+18 3.02292e+18 1.50757e+18 4.35889e+17 5.07027e+15 1.05411e+14 2.60129e+12 6.45713e+10 1.60467e+09 3.80249e+07
6.65666e+06 2.32114e+08 7.09863e+09 1.89936e+11 3.899e+12 5.92324e+13 4.59061e+15 1.63883e+16 3.31214e+16 5.15191e+16 6.83038e+16 8.08665e+16 8.75367e+16 8.75367e+16 8.08665e+16 6.83038e+16 5.15191e+16 3.31214e+16 1.63883e+16 4.59061e+15 5.92324e+13 3.899e+12 1.89936e+11 7.09863e+09 2.32114e+08 6.65666e+06
733359 2.09048e+07 4.96202e+08 9.95576e+09 1.67673e+11 3.36913e+12 9.19769e+13 3.20891e+14 6.48451e+14 1.00924e+15 1.3384e+15 1.58466e+15 1.71535e+15 1.71535e+15 1.58466e+15 1.3384e+15 1.00924e+15 6.48451e+14 3.20891e+14 9.19769e+13 3.36913e+12 1.67673e+11 9.95576e+09 4.96202e+08 2.09048e+07 733359
60712.3 1.47183e+06 2.95567e+07 5.29801e+08 9.13298e+09 1.64679e+11 2.26921e+12 7.5932e+12 1.52845e+13 2.37968e+13 3.15873e+13 3.74305e+13 4.0537e+13 4.0537e+13 3.74305e+13 3.15873e+13 2.37968e+13 1.52845e+13 7.5932e+12 2.26921e+12 1.64679e+11 9.13298e+09 5.29801e+08 2.95567e+07 1.47183e+06 60712.3
4226.46 91239.7 1.65475e+06 2.77852e+07 4.41558e+08 6.16553e+09 5.6316e+10 1.80025e+11 3.60235e+11 5.60796e+11 7.44991e+11 8.83496e+11 9.57256e+11 9.57256e+11 8.83496e+11 7.44991e+11 5.60796e+11 3.60235e+11 1.80025e+11 5.6316e+10 6.16553e+09 4.41558e+08 2.77852e+07 1.65475e+06 91239.8 4226.46
262.299 5198.64 86941.3 1.3375e+06 1.83879e+07 2.01787e+08 1.39922e+09 4.27204e+09 8.48389e+09 1.3199e+10 1.75457e+10 2.08228e+10 2.25709e+10 2.25709e+10 2.08228e+10 1.75457e+10 1.3199e+10 8.48389e+09 4.27204e+09 1.39922e+09 2.01787e+08 1.83879e+07 1.3375e+06 86941.3 5198.64 262.299
13.649 252.64 3905.97 54222.2 641840 5.78956e+06 3.31497e+07 9.7002e+07 1.91019e+08 2.96863e+08 3.9481e+08 4.68845e+08 5.08402e+08 5.08402e+08 4.68845e+08 3.9481e+08 2.96863e+08 1.91019e+08 9.7002e+07 3.31497e+07 5.78956e+06 641840 54222.2 3905.97 252.64 13.649
