1.15321e-06 2.17065e-05 0.000345785 0.0049894 0.0613678 0.570641 3.33794 9.95888 20.0782 32.0379 43.7063 52.9563 58.065 58.065 52.9563 43.7063 32.0379 20.0782 9.95888 3.33794 0.570641 0.0613678 0.0049894 0.000345785 2.17065e-05 1.15321e-06
2.19314e-05 0.000437863 0.00749089 0.119953 1.72952 19.7488 140.453 437.568 890.57 1424.43 1944.85 2357.44 2585.36 2585.36 2357.44 1944.85 1424.43 890.57 437.568 140.453 19.7488 1.72952 0.119953 0.00749089 0.000437863 2.19314e-05
0.000353384 0.00758987 0.138538 2.40024 40.384 596.681 5630.6 18381.2 37736.5 60480.5 82640.1 100212 109923 109923 100212 82640.1 60480.5 37736.5 18381.2 5630.6 596.681 40.384 2.40024 0.138538 0.00758987 0.000353384
0.00515011 0.123133 2.43996 43.8634 794.964 15629.3 225883 772498 1.59713e+06 2.56373e+06 3.50537e+06 4.25238e+06 4.6653e+06 4.6653e+06 4.25238e+06 3.50537e+06 2.56373e+06 1.59713e+06 772498 225883 15629.3 794.964 43.8634 2.43996 0.123133 0.00515011
0.0638138 1.79342 41.6701 812.341 13504.2 305473 9.11443e+06 3.25224e+07 6.7579e+07 1.08604e+08 1.4858e+08 1.8031e+08 1.97856e+08 1.97856e+08 1.8031e+08 1.4858e+08 1.08604e+08 6.7579e+07 3.25224e+07 9.11443e+06 305473 13504.2 812.341 41.6701 1.79342 0.0638138
0.596475 20.6189 621.752 16227.4 314571 4.44944e+06 4.46487e+08 1.63121e+09 3.38944e+09 5.44229e+09 7.44106e+09 9.0269e+09 9.90365e+09 9.90365e+09 9.0269e+09 7.44106e+09 5.44229e+09 3.38944e+09 1.63121e+09 4.46487e+08 4.44944e+06 314571 16227.4 621.752 20.6189 0.596475
3.50167 147.343 5906.86 236973 9.56274e+06 4.6638e+08 4.25294e+10 1.48982e+11 3.03719e+11 4.8195e+11 6.53702e+11 7.8895e+11 8.63378e+11 8.63378e+11 7.8895e+11 6.53702e+11 4.8195e+11 3.03719e+11 1.48982e+11 4.25294e+10 4.6638e+08 9.56274e+06 236973 5906.86 147.343 3.50167
10.4584 459.569 19307.8 811547 3.4171e+07 1.70659e+09 1.49452e+11 5.22007e+11 1.06277e+12 1.68504e+12 2.28423e+12 2.75582e+12 3.01526e+12 3.01526e+12 2.75582e+12 2.28423e+12 1.68504e+12 1.06277e+12 5.22007e+11 1.49452e+11 1.70659e+09 3.4171e+07 811547 19307.8 459.569 10.4584
21.0893 935.537 39647.2 1.67822e+06 7.10198e+07 3.54711e+09 3.05032e+11 1.06403e+12 2.16504e+12 3.43146e+12 4.65054e+12 5.6098e+12 6.13744e+12 6.13744e+12 5.6098e+12 4.65054e+12 3.43146e+12 2.16504e+12 1.06403e+12 3.05032e+11 3.54711e+09 7.10198e+07 1.67822e+06 39647.2 935.537 21.0893
33.6466 1496.14 63533.9 2.69353e+06 1.14118e+08 5.69503e+09 4.84312e+11 1.68802e+12 3.43349e+12 5.44066e+12 7.37243e+12 8.89225e+12 9.72817e+12 9.72817e+12 8.89225e+12 7.37243e+12 5.44066e+12 3.43349e+12 1.68802e+12 4.84312e+11 5.69503e+09 1.14118e+08 2.69353e+06 63533.9 1496.14 33.6466
45.8891 2042.23 86789.6 3.68186e+06 1.56082e+08 7.78493e+09 6.57095e+11 2.28899e+12 4.65475e+12 7.37474e+12 9.9922e+12 1.20513e+13 1.31837e+13 1.31837e+13 1.20513e+13 9.9922e+12 7.37474e+12 4.65475e+12 2.28899e+12 6.57095e+11 7.78493e+09 1.56082e+08 3.68186e+06 86789.6 2042.23 45.8891
55.5877 2474.87 105218 4.46535e+06 1.89365e+08 9.44194e+09 7.93152e+11 2.76196e+12 5.61573e+12 8.8964e+12 1.20531e+13 1.45363e+13 1.59019e+13 1.59019e+13 1.45363e+13 1.20531e+13 8.8964e+12 5.61573e+12 2.76196e+12 7.93152e+11 9.44194e+09 1.89365e+08 4.46535e+06 105218 2474.87 55.5877
60.9414 2713.75 115396 4.89821e+06 2.07761e+08 1.03576e+10 8.6802e+11 3.02215e+12 6.14429e+12 9.7333e+12 1.31866e+13 1.59029e+13 1.73968e+13 1.73968e+13 1.59029e+13 1.31866e+13 9.7333e+12 6.14429e+12 3.02215e+12 8.6802e+11 1.03576e+10 2.07761e+08 4.89821e+06 115396 2713.75 60.9414
60.9414 2713.75 115396 4.89821e+06 2.07761e+08 1.03576e+10 8.6802e+11 3.02215e+12 6.14429e+12 9.7333e+12 1.31866e+13 1.59029e+13 1.73968e+13 1.73968e+13 1.59029e+13 1.31866e+13 9.7333e+12 6.14429e+12 3.02215e+12 8.6802e+11 1.03576e+10 2.0776e+08 4.89821e+06 115396 2713.75 60.9414
55.5877 2474.87 105218 4.46535e+06 1.89365e+08 9.44194e+09 7.93152e+11 2.76196e+12 5.61573e+12 8.8964e+12 1.20531e+13 1.45363e+13 1.59019e+13 1.59019e+13 1.45363e+13 1.20531e+13 8.8964e+12 5.61573e+12 2.76196e+12 7.93152e+11 9.44194e+09 1.89365e+08 4.46535e+06 105218 2474.87 55.5877
45.8891 2042.23 86789.6 3.68186e+06 1.56082e+08 7.78493e+09 6.57095e+11 2.28899e+12 4.65475e+12 7.37474e+12 9.9922e+12 1.20513e+13 1.31837e+13 1.31837e+13 1.20513e+13 9.9922e+12 7.37474e+12 4.65475e+12 2.28899e+12 6.57095e+11 7.78493e+09 1.56082e+08 3.68186e+06 86789.6 2042.23 45.8891
33.6466 1496.14 63533.9 2.69353e+06 1.14118e+08 5.69503e+09 4.84312e+11 1.68802e+12 3.43349e+12 5.44066e+12 7.37243e+12 8.89225e+12 9.72817e+12 9.72817e+12 8.89225e+12 7.37243e+12 5.44066e+12 3.43349e+12 1.68802e+12 4.84312e+11 5.69503e+09 1.14118e+08 2.69353e+06 63533.9 1496.14 33.6466
21.0893 935.537 39647.2 1.67822e+06 7.10198e+07 3.54711e+09 3.05032e+11 1.06403e+12 2.16504e+12 3.43146e+12 4.65054e+12 5.6098e+12 6.13744e+12 6.13744e+12 5.6098e+12 4.65054e+12 3.43146e+12 2.16504e+12 1.06403e+12 3.05032e+11 3.54711e+09 7.10198e+07 1.67822e+06 39647.2 935.537 21.0893
10.4584 459.569 19307.8 811547 3.4171e+07 1.70659e+09 1.49452e+11 5.22007e+11 1.06277e+12 1.68504e+12 2.28423e+12 2.75582e+12 3.01526e+12 3.01526e+12 2.75582e+12 2.28423e+12 1.68504e+12 1.06277e+12 5.22007e+11 1.49452e+11 1.70659e+09 3.4171e+07 811547 19307.8 459.569 10.4584
3.50167 147.343 5906.86 236973 9.56274e+06 4.6638e+08 4.25294e+10 1.48982e+11 3.03719e+11 4.8195e+11 6.53702e+11 7.8895e+11 8.63378e+11 8.63378e+11 7.8895e+11 6.53702e+11 4.8195e+11 3.03719e+11 1.48982e+11 4.25294e+10 4.6638e+08 9.56274e+06 236973 5906.86 147.343 3.50167
0.596475 20.6189 621.752 16227.4 314571 4.44944e+06 4.46487e+08 1.63121e+09 3.38944e+09 5.44229e+09 7.44106e+09 9.0269e+09 9.90365e+09 9.90365e+09 9.0269e+09 7.44106e+09 5.44229e+09 3.38944e+09 1.63121e+09 4.46487e+08 4.44944e+06 314571 16227.4 621.752 20.6189 0.596475
0.0638138 1.79342 41.6701 812.341 13504.2 305473 9.11443e+06 3.25224e+07 6.7579e+07 1.08604e+08 1.4858e+08 1.8031e+08 1.97856e+08 1.97856e+08 1.8031e+08 1.4858e+08 1.08604e+08 6.7579e+07 3.25224e+07 9.11443e+06 305473 13504.2 812.341 41.6701 1.79342 0.0638138
0.00515011 0.123133 2.43996 43.8634 794.964 15629.3 225883 772498 1.59713e+06 2.56373e+06 3.50537e+06 4.25238e+06 4.6653e+06 4.6653e+06 4.25238e+06 3.50537e+06 2.56373e+06 1.59713e+06 772498 225883 15629.3 794.964 43.8634 2.43996 0.123133 0.00515011
0.000353384 0.00758987 0.138538 2.40024 40.384 596.681 5630.6 18381.2 37736.5 60480.5 82640.1 100212 109923 109923 100212 82640.1 60480.5 37736.5 18381.2 5630.6 596.681 40.384 2.40024 0.138538 0.00758987 0.000353384
2.19314e-05 0.000437863 0.00749089 0.119953 1.72952 19.7488 140.453 437.568 890.57 1424.43 1944.85 2357.44 2585.36 2585.36 2357.44 1944.85 1424.43 890.57 437.568 140.453 19.7488 1.72952 0.119953 0.00749089 0.000437863 2.19314e-05
1.15321e-06 2.17065e-05 0.000345785 0.0049894 0.0613678 0.570641 3.33794 9.95888 20.0782 32.0379 43.7063 52.9563 58.065 58.065 52.9563 43.7063 32.0379 20.0782 9.95888 3.33794 0.570641 0.0613678 0.0049894 0.000345785 2.17065e-05 1.15321e-06
