0.123899 2.35076 37.676 545.907 6738.85 62912 369534 1.10577e+06 2.23195e+06 3.55833e+06 4.84309e+06 5.85296e+06 6.40696e+06 6.40696e+06 5.85296e+06 4.84309e+06 3.55833e+06 2.23195e+06 1.10577e+06 369534 62912 6738.85 545.907 37.676 2.35076 0.123899
2.38291 48.0763 828.919 13331.3 192713 2.20689e+06 1.57545e+07 4.9245e+07 1.00385e+08 1.60458e+08 2.18586e+08 2.64262e+08 2.89315e+08 2.89315e+08 2.64262e+08 2.18586e+08 1.60458e+08 1.00385e+08 4.9245e+07 1.57545e+07 2.20689e+06 192713 13331.3 828.919 48.0763 2.38291
38.7658 843.429 15555 270965 4.56415e+06 6.74745e+07 6.38411e+08 2.09178e+09 4.30289e+09 6.89303e+09 9.39713e+09 1.13643e+10 1.24431e+10 1.24431e+10 1.13643e+10 9.39713e+09 6.89303e+09 4.30289e+09 2.09178e+09 6.38411e+08 6.74745e+07 4.56415e+06 270965 15555 843.429 38.7658
568.818 13797.2 276961 5.02314e+06 9.11627e+07 1.78575e+09 2.58169e+10 8.86514e+10 1.83717e+11 2.94804e+11 4.02138e+11 4.86438e+11 5.32664e+11 5.32664e+11 4.86438e+11 4.02138e+11 2.94804e+11 1.83717e+11 8.86514e+10 2.58169e+10 1.78575e+09 9.11627e+07 5.02314e+06 276961 13797.2 568.818
7081.7 201935 4.75653e+06 9.38855e+07 1.57424e+09 3.52965e+10 1.04745e+12 3.75471e+12 7.8234e+12 1.25695e+13 1.71538e+13 2.07538e+13 2.27276e+13 2.27276e+13 2.07538e+13 1.71538e+13 1.25695e+13 7.8234e+12 3.75471e+12 1.04745e+12 3.52965e+10 1.57424e+09 9.38855e+07 4.75653e+06 201935 7081.7
66439.9 2.3286e+06 7.10905e+07 1.87634e+09 3.68586e+10 5.28623e+11 5.1554e+13 1.89324e+14 3.94693e+14 6.33838e+14 8.64725e+14 1.046e+15 1.14538e+15 1.14538e+15 1.046e+15 8.64725e+14 6.33838e+14 3.94693e+14 1.89324e+14 5.1554e+13 5.28623e+11 3.68586e+10 1.87634e+09 7.10905e+07 2.3286e+06 66439.9
391269 1.66819e+07 6.76028e+08 2.73402e+10 1.10938e+12 5.41681e+13 4.91812e+15 1.73219e+16 3.54801e+16 5.64573e+16 7.66498e+16 9.2498e+16 1.01192e+17 1.01192e+17 9.2498e+16 7.66497e+16 5.64573e+16 3.54801e+16 1.73219e+16 4.91812e+15 5.41681e+13 1.10938e+12 2.73402e+10 6.76028e+08 1.66819e+07 391269
1.17121e+06 5.21663e+07 2.21619e+09 9.3939e+10 3.97932e+12 1.99172e+14 1.73785e+16 6.10203e+16 1.24818e+17 1.98468e+17 2.69343e+17 3.24967e+17 3.55481e+17 3.55481e+17 3.24967e+17 2.69343e+17 1.98468e+17 1.24818e+17 6.10203e+16 1.73785e+16 1.99172e+14 3.97932e+12 9.3939e+10 2.21619e+09 5.21663e+07 1.17121e+06
2.36277e+06 1.06283e+08 4.55635e+09 1.94568e+11 8.28677e+12 4.15089e+14 3.56266e+16 1.24928e+17 2.55382e+17 4.05923e+17 5.5076e+17 6.6442e+17 7.26769e+17 7.26769e+17 6.6442e+17 5.5076e+17 4.05923e+17 2.55382e+17 1.24928e+17 3.56266e+16 4.15089e+14 8.28677e+12 1.94568e+11 4.55635e+09 1.06283e+08 2.36277e+06
3.76336e+06 1.69722e+08 7.29188e+09 3.11902e+11 1.33002e+13 6.6599e+14 5.66911e+16 1.98654e+17 4.05946e+17 6.45086e+17 8.7512e+17 1.05562e+18 1.15463e+18 1.15463e+18 1.05562e+18 8.7512e+17 6.45086e+17 4.05946e+17 1.98654e+17 5.66911e+16 6.6599e+14 1.33002e+13 3.11902e+11 7.29188e+09 1.69722e+08 3.76336e+06
5.11689e+06 2.30961e+08 9.92998e+09 4.24977e+11 1.81298e+13 9.07598e+14 7.69391e+16 2.69508e+17 5.5062e+17 8.74851e+17 1.18669e+18 1.43135e+18 1.56554e+18 1.56554e+18 1.43135e+18 1.18669e+18 8.74851e+17 5.5062e+17 2.69508e+17 7.69391e+16 9.07598e+14 1.81298e+13 4.24977e+11 9.92998e+09 2.30961e+08 5.11689e+06
6.17849e+06 2.78973e+08 1.19975e+10 5.1357e+11 2.19126e+13 1.09681e+15 9.28072e+16 3.25036e+17 6.63994e+17 1.05489e+18 1.4308e+18 1.72571e+18 1.88746e+18 1.88746e+18 1.72571e+18 1.4308e+18 1.05489e+18 6.63994e+17 3.25036e+17 9.28072e+16 1.09681e+15 2.19126e+13 5.1357e+11 1.19975e+10 2.78973e+08 6.17849e+06
6.75996e+06 3.05265e+08 1.31295e+10 5.62066e+11 2.39829e+13 1.20035e+15 1.01502e+17 3.55464e+17 7.26121e+17 1.15354e+18 1.56456e+18 1.88699e+18 2.06383e+18 2.06383e+18 1.88699e+18 1.56456e+18 1.15355e+18 7.26121e+17 3.55464e+17 1.01502e+17 1.20035e+15 2.39829e+13 5.62066e+11 1.31295e+10 3.05265e+08 6.75996e+06
6.75996e+06 3.05265e+08 1.31295e+10 5.62066e+11 2.39829e+13 1.20035e+15 1.01502e+17 3.55464e+17 7.26121e+17 1.15355e+18 1.56456e+18 1.88699e+18 2.06383e+18 2.06383e+18 1.88699e+18 1.56456e+18 1.15354e+18 7.26121e+17 3.55464e+17 1.01502e+17 1.20035e+15 2.39829e+13 5.62066e+11 1.31295e+10 3.05265e+08 6.75996e+06
6.17849e+06 2.78973e+08 1.19975e+10 5.1357e+11 2.19126e+13 1.09681e+15 9.28072e+16 3.25036e+17 6.63994e+17 1.05489e+18 1.4308e+18 1.72571e+18 1.88746e+18 1.88746e+18 1.72571e+18 1.4308e+18 1.05489e+18 6.63994e+17 3.25036e+17 9.28072e+16 1.09681e+15 2.19126e+13 5.1357e+11 1.19975e+10 2.78973e+08 6.17849e+06
5.11689e+06 2.30961e+08 9.92998e+09 4.24977e+11 1.81298e+13 9.07598e+14 7.69391e+16 2.69508e+17 5.5062e+17 8.74851e+17 1.18669e+18 1.43135e+18 1.56554e+18 1.56554e+18 1.43135e+18 1.18669e+18 8.74851e+17 5.5062e+17 2.69508e+17 7.69391e+16 9.07598e+14 1.81298e+13 4.24977e+11 9.92998e+09 2.30961e+08 5.11689e+06
3.76336e+06 1.69722e+08 7.29188e+09 3.11902e+11 1.33002e+13 6.6599e+14 5.66911e+16 1.98654e+17 4.05946e+17 6.45086e+17 8.7512e+17 1.05562e+18 1.15463e+18 1.15463e+18 1.05562e+18 8.7512e+17 6.45086e+17 4.05946e+17 1.98654e+17 5.66911e+16 6.6599e+14 1.33002e+13 3.11902e+11 7.29188e+09 1.69722e+08 3.76336e+06
2.36277e+06 1.06283e+08 4.55635e+09 1.94568e+11 8.28677e+12 4.15089e+14 3.56266e+16 1.24928e+17 2.55382e+17 4.05923e+17 5.5076e+17 6.6442e+17 7.26769e+17 7.26769e+17 6.6442e+17 5.5076e+17 4.05923e+17 2.55382e+17 1.24928e+17 3.56266e+16 4.15089e+14 8.28677e+12 1.94568e+11 4.55635e+09 1.06283e+08 2.36277e+06
1.17121e+06 5.21663e+07 2.21619e+09 9.3939e+10 3.97932e+12 1.99172e+14 1.73785e+16 6.10203e+16 1.24818e+17 1.98468e+17 2.69343e+17 3.24967e+17 3.55481e+17 3.55481e+17 3.24967e+17 2.69343e+17 1.98468e+17 1.24818e+17 6.10203e+16 1.73785e+16 1.99172e+14 3.97931e+12 9.3939e+10 2.21619e+09 5.21663e+07 1.17121e+06
391269 1.66819e+07 6.76028e+08 2.73402e+10 1.10938e+12 5.41681e+13 4.91812e+15 1.73219e+16 3.54801e+16 5.64573e+16 7.66497e+16 9.2498e+16 1.01192e+17 1.01192e+17 9.2498e+16 7.66498e+16 5.64573e+16 3.54801e+16 1.73219e+16 4.91812e+15 5.41681e+13 1.10938e+12 2.73402e+10 6.76028e+08 1.66819e+07 391269
66439.9 2.3286e+06 7.10905e+07 1.87634e+09 3.68586e+10 5.28623e+11 5.1554e+13 1.89324e+14 3.94693e+14 6.33838e+14 8.64725e+14 1.046e+15 1.14538e+15 1.14538e+15 1.046e+15 8.64725e+14 6.33838e+14 3.94693e+14 1.89324e+14 5.1554e+13 5.28623e+11 3.68586e+10 1.87634e+09 7.10905e+07 2.3286e+06 66439.9
7081.7 201935 4.75653e+06 9.38855e+07 1.57424e+09 3.52965e+10 1.04745e+12 3.75471e+12 7.8234e+12 1.25695e+13 1.71538e+13 2.07538e+13 2.27276e+13 2.27276e+13 2.07538e+13 1.71538e+13 1.25695e+13 7.8234e+12 3.75471e+12 1.04745e+12 3.52965e+10 1.57424e+09 9.38855e+07 4.75653e+06 201935 7081.7
568.818 13797.2 276961 5.02314e+06 9.11627e+07 1.78575e+09 2.58169e+10 8.86514e+10 1.83717e+11 2.94804e+11 4.02138e+11 4.86438e+11 5.32664e+11 5.32664e+11 4.86438e+11 4.02138e+11 2.94804e+11 1.83717e+11 8.86514e+10 2.58169e+10 1.78575e+09 9.11627e+07 5.02314e+06 276961 13797.2 568.818
38.7658 843.429 15555 270965 4.56415e+06 6.74745e+07 6.38411e+08 2.09178e+09 4.30289e+09 6.89303e+09 9.39713e+09 1.13643e+10 1.24431e+10 1.24431e+10 1.13643e+10 9.39713e+09 6.89303e+09 4.30289e+09 2.09178e+09 6.38411e+08 6.74745e+07 4.56415e+06 270965 15555 843.429 38.7658
2.38291 48.0763 828.919 13331.3 192713 2.20689e+06 1.57545e+07 4.9245e+07 1.00385e+08 1.60458e+08 2.18586e+08 2.64262e+08 2.89315e+08 2.89315e+08 2.64262e+08 2.18586e+08 1.60458e+08 1.00385e+08 4.9245e+07 1.57545e+07 2.20689e+06 192713 13331.3 828.919 48.0763 2.38291
0.123899 2.35076 37.676 545.907 6738.85 62912 369534 1.10577e+06 2.23195e+06 3.55833e+06 4.84309e+06 5.85296e+06 6.40696e+06 6.40696e+06 5.85296e+06 4.84309e+06 3.55833e+06 2.23195e+06 1.10577e+06 369534 62912 6738.85 545.907 37.676 2.35076 0.123899
