0.000442843 0.00832561 0.132393 1.90624 23.3938 217.043 1266.16 3760.76 7537.07 11947.6 16198.6 19533.3 21362.1 21362.1 19533.3 16198.6 11947.6 7537.07 3760.76 1266.16 217.043 23.3938 1.90624 0.132393 0.00832562 0.000442843
0.00842033 0.167983 2.86966 45.8551 659.542 7513.29 53296.9 165285 334336 531113 720519 869052 950505 950505 869052 720519 531113 334336 165285 53296.9 7513.29 659.542 45.8551 2.86966 0.167983 0.00842033
0.135584 2.91135 53.1011 918.411 15411.4 227095 2.13769e+06 6.94604e+06 1.41695e+07 2.25488e+07 3.06055e+07 3.69225e+07 4.03867e+07 4.03867e+07 3.69225e+07 3.06055e+07 2.25488e+07 1.41695e+07 6.94604e+06 2.13769e+06 227095 15411.4 918.411 53.1011 2.91135 0.135584
1.97334 47.189 935.174 16802 303807 5.95247e+06 8.58127e+07 2.92068e+08 5.9986e+08 9.55818e+08 1.29784e+09 1.566e+09 1.71307e+09 1.71307e+09 1.566e+09 1.29784e+09 9.55818e+08 5.9986e+08 2.92068e+08 8.58127e+07 5.95247e+06 303807 16802 935.174 47.189 1.97334
24.4056 686.122 15950.8 311187 5.17324e+06 1.16511e+08 3.46529e+09 1.23039e+10 2.53911e+10 4.04928e+10 5.49994e+10 6.63741e+10 7.26128e+10 7.26128e+10 6.63741e+10 5.49994e+10 4.04928e+10 2.53911e+10 1.23039e+10 3.46529e+09 1.16511e+08 5.17324e+06 311187 15950.8 686.122 24.4056
227.597 7870.26 237453 6.20298e+06 1.20479e+08 1.70803e+09 1.6999e+11 6.1801e+11 1.27546e+12 2.0325e+12 2.75927e+12 3.32899e+12 3.64143e+12 3.64143e+12 3.32899e+12 2.75927e+12 2.0325e+12 1.27546e+12 6.1801e+11 1.6999e+11 1.70803e+09 1.20479e+08 6.20298e+06 237453 7870.26 227.597
1332.11 56076.2 2.24934e+06 9.03041e+07 3.64724e+09 1.77969e+11 1.61964e+13 5.65746e+13 1.14868e+14 1.81446e+14 2.45051e+14 2.94765e+14 3.21986e+14 3.21986e+14 2.94765e+14 2.45051e+14 1.81446e+14 1.14868e+14 5.65746e+13 1.61964e+13 1.77969e+11 3.64724e+09 9.03041e+07 2.24934e+06 56076.2 1332.11
3959.32 174040 7.31525e+06 3.0765e+08 1.29628e+10 6.47826e+11 5.67428e+13 1.97682e+14 4.0094e+14 6.32958e+14 8.54538e+14 1.0277e+15 1.1225e+15 1.1225e+15 1.0277e+15 8.54538e+14 6.32957e+14 4.0094e+14 1.97682e+14 5.67428e+13 6.47826e+11 1.29628e+10 3.0765e+08 7.31525e+06 174040 3959.32
7932.88 351949 1.49184e+07 6.31674e+08 2.67424e+10 1.33671e+12 1.15299e+14 4.01259e+14 8.13495e+14 1.28396e+15 1.73321e+15 2.08425e+15 2.27645e+15 2.27645e+15 2.08425e+15 1.73321e+15 1.28396e+15 8.13495e+14 4.01259e+14 1.15299e+14 1.33671e+12 2.67424e+10 6.31674e+08 1.49184e+07 351949 7932.88
12566.9 558721 2.37243e+07 1.0058e+09 4.26167e+10 2.12872e+12 1.82145e+14 6.3354e+14 1.28413e+15 2.02652e+15 2.73539e+15 3.28928e+15 3.59253e+15 3.59253e+15 3.28928e+15 2.73539e+15 2.02652e+15 1.28413e+15 6.3354e+14 1.82145e+14 2.12872e+12 4.26167e+10 1.0058e+09 2.37243e+07 558721 12566.9
17025.8 757402 3.21762e+07 1.36462e+09 5.78365e+10 2.88767e+12 2.45951e+14 8.55199e+14 1.73319e+15 2.73501e+15 3.69155e+15 4.43895e+15 4.84814e+15 4.84814e+15 4.43895e+15 3.69155e+15 2.73501e+15 1.73319e+15 8.55199e+14 2.45951e+14 2.88767e+12 5.78365e+10 1.36462e+09 3.21762e+07 757402 17025.8
20518.2 912961 3.8792e+07 1.64546e+09 6.97495e+10 3.48161e+12 2.9578e+14 1.02828e+15 2.08382e+15 3.28818e+15 4.43807e+15 5.33655e+15 5.82844e+15 5.82844e+15 5.33655e+15 4.43807e+15 3.28818e+15 2.08382e+15 1.02828e+15 2.9578e+14 3.48161e+12 6.97495e+10 1.64546e+09 3.8792e+07 912961 20518.2
22431.4 998172 4.24159e+07 1.7993e+09 7.62754e+10 3.80694e+12 3.23047e+14 1.12298e+15 2.27567e+15 3.59085e+15 4.84654e+15 5.82768e+15 6.36482e+15 6.36482e+15 5.82768e+15 4.84654e+15 3.59085e+15 2.27567e+15 1.12298e+15 3.23047e+14 3.80694e+12 7.62754e+10 1.7993e+09 4.24159e+07 998172 22431.4
22431.4 998172 4.24159e+07 1.7993e+09 7.62754e+10 3.80694e+12 3.23047e+14 1.12298e+15 2.27567e+15 3.59085e+15 4.84654e+15 5.82768e+15 6.36482e+15 6.36482e+15 5.82768e+15 4.84654e+15 3.59085e+15 2.27567e+15 1.12298e+15 3.23047e+14 3.80694e+12 7.62754e+10 1.7993e+09 4.24159e+07 998172 22431.4
20518.2 912961 3.8792e+07 1.64546e+09 6.97495e+10 3.48161e+12 2.9578e+14 1.02828e+15 2.08382e+15 3.28818e+15 4.43807e+15 5.33655e+15 5.82844e+15 5.82844e+15 5.33655e+15 4.43807e+15 3.28818e+15 2.08382e+15 1.02828e+15 2.9578e+14 3.48161e+12 6.97495e+10 1.64546e+09 3.8792e+07 912961 20518.2
17025.8 757402 3.21762e+07 1.36462e+09 5.78365e+10 2.88767e+12 2.45951e+14 8.55199e+14 1.73319e+15 2.73501e+15 3.69155e+15 4.43895e+15 4.84814e+15 4.84814e+15 4.43895e+15 3.69155e+15 2.73501e+15 1.73319e+15 8.55199e+14 2.45951e+14 2.88767e+12 5.78365e+10 1.36462e+09 3.21762e+07 757402 17025.8
12566.9 558721 2.37243e+07 1.0058e+09 4.26167e+10 2.12872e+12 1.82145e+14 6.3354e+14 1.28413e+15 2.02652e+15 2.73539e+15 3.28928e+15 3.59253e+15 3.59253e+15 3.28928e+15 2.73539e+15 2.02652e+15 1.28413e+15 6.3354e+14 1.82145e+14 2.12872e+12 4.26167e+10 1.0058e+09 2.37243e+07 558721 12566.9
7932.88 351949 1.49184e+07 6.31674e+08 2.67424e+10 1.33671e+12 1.15299e+14 4.01259e+14 8.13495e+14 1.28396e+15 1.73321e+15 2.08425e+15 2.27645e+15 2.27645e+15 2.08425e+15 1.73321e+15 1.28396e+15 8.13495e+14 4.01259e+14 1.15299e+14 1.33671e+12 2.67424e+10 6.31674e+08 1.49184e+07 351949 7932.88
3959.32 174040 7.31525e+06 3.0765e+08 1.29628e+10 6.47826e+11 5.67428e+13 1.97682e+14 4.0094e+14 6.32957e+14 8.54538e+14 1.0277e+15 1.1225e+15 1.1225e+15 1.0277e+15 8.54538e+14 6.32958e+14 4.0094e+14 1.97682e+14 5.67428e+13 6.47826e+11 1.29628e+10 3.0765e+08 7.31525e+06 174040 3959.32
1332.11 56076.2 2.24934e+06 9.03041e+07 3.64724e+09 1.77969e+11 1.61964e+13 5.65746e+13 1.14868e+14 1.81446e+14 2.45051e+14 2.94765e+14 3.21986e+14 3.21986e+14 2.94765e+14 2.45051e+14 1.81446e+14 1.14868e+14 5.65746e+13 1.61964e+13 1.77969e+11 3.64724e+09 9.03041e+07 2.24934e+06 56076.2 1332.11
227.597 7870.26 237453 6.20298e+06 1.20479e+08 1.70803e+09 1.6999e+11 6.1801e+11 1.27546e+12 2.0325e+12 2.75927e+12 3.32899e+12 3.64143e+12 3.64143e+12 3.32899e+12 2.75927e+12 2.0325e+12 1.27546e+12 6.1801e+11 1.6999e+11 1.70803e+09 1.20479e+08 6.20298e+06 237453 7870.26 227.597
24.4056 686.122 15950.8 311187 5.17324e+06 1.16511e+08 3.46529e+09 1.23039e+10 2.53911e+10 4.04928e+10 5.49994e+10 6.63741e+10 7.26128e+10 7.26128e+10 6.63741e+10 5.49994e+10 4.04928e+10 2.53911e+10 1.23039e+10 3.46529e+09 1.16511e+08 5.17324e+06 311187 15950.8 686.122 24.4056
1.97334 47.189 935.174 16802 303807 5.95247e+06 8.58127e+07 2.92068e+08 5.9986e+08 9.55818e+08 1.29784e+09 1.566e+09 1.71307e+09 1.71307e+09 1.566e+09 1.29784e+09 9.55818e+08 5.9986e+08 2.92068e+08 8.58127e+07 5.95247e+06 303807 16802 935.174 47.189 1.97334
0.135584 2.91135 53.1011 918.411 15411.4 227095 2.13769e+06 6.94604e+06 1.41695e+07 2.25488e+07 3.06055e+07 3.69225e+07 4.03867e+07 4.03867e+07 3.69225e+07 3.06055e+07 2.25488e+07 1.41695e+07 6.94604e+06 2.13769e+06 227095 15411.4 918.411 53.1011 2.91135 0.135584
0.00842033 0.167983 2.86966 45.8551 659.542 7513.29 53296.9 165285 334336 531113 720519 869052 950505 950505 869052 720519 531113 334336 165285 53296.9 7513.29 659.542 45.8551 2.86966 0.167983 0.00842033
0.000442843 0.00832561 0.132393 1.90624 23.3938 217.043 1266.16 3760.76 7537.07 11947.6 16198.6 19533.3 21362.1 21362.1 19533.3 16198.6 11947.6 7537.07 3760.76 1266.16 217.043 23.3938 1.90624 0.132393 0.00832561 0.000442842
