1.25209e-05 0.000234259 0.00369818 0.0527955 0.64272 5.92541 34.4125 101.836 203.314 321.076 433.89 521.957 570.1 570.1 521.957 433.89 321.076 203.314 101.836 34.4125 5.92541 0.64272 0.0527955 0.00369818 0.000234259 1.25208e-05
0.00023824 0.00473766 0.0804388 1.27379 18.1416 205.022 1446.88 4469.85 9005.26 14248.9 19264.2 23177.1 25315.9 25315.9 23177.1 19264.2 14248.9 9005.26 4469.85 1446.88 205.022 18.1416 1.27379 0.0804388 0.00473766 0.00023824
0.00383117 0.0821932 1.49437 25.6474 425.305 6198.79 57981 187641 381167 604062 816956 982994 1.07374e+06 1.07374e+06 982994 816956 604062 381167 187641 57981 6198.79 425.305 25.6474 1.49437 0.0821932 0.00383117
0.055542 1.32925 26.3579 472.382 8447.13 162787 2.32616e+06 7.88389e+06 1.61208e+07 2.55756e+07 3.45975e+07 4.16321e+07 4.54765e+07 4.54765e+07 4.16321e+07 3.45975e+07 2.55756e+07 1.61208e+07 7.88389e+06 2.32616e+06 162787 8447.13 472.382 26.3579 1.32925 0.055542
0.682928 19.2161 447.705 8766.48 145823 3.20779e+06 9.39101e+07 3.31968e+08 6.8191e+08 1.08256e+09 1.46466e+09 1.76256e+09 1.92536e+09 1.92536e+09 1.76256e+09 1.46466e+09 1.08256e+09 6.8191e+08 3.31968e+08 9.39101e+07 3.20779e+06 145823 8766.48 447.705 19.2161 0.682928
6.32859 218.811 6607.58 173137 3.39459e+06 4.87089e+07 4.61857e+09 1.67126e+10 3.43291e+10 5.44549e+10 7.36377e+10 8.85904e+10 9.67612e+10 9.67612e+10 8.85904e+10 7.36377e+10 5.44549e+10 3.43291e+10 1.67126e+10 4.61857e+09 4.87089e+07 3.39459e+06 173137 6607.58 218.811 6.32859
36.8334 1548.68 62061.8 2.48999e+06 1.00533e+08 4.88967e+09 4.40066e+11 1.53253e+12 3.10153e+12 4.88369e+12 6.57772e+12 7.89658e+12 8.61693e+12 8.61693e+12 7.89658e+12 6.57772e+12 4.88369e+12 3.10153e+12 1.53253e+12 4.40066e+11 4.88967e+09 1.00533e+08 2.48999e+06 62061.8 1548.68 36.8334
109.029 4785.87 200923 8.44263e+06 3.55528e+08 1.77159e+10 1.53783e+12 5.34241e+12 1.08019e+13 1.70007e+13 2.2892e+13 2.74783e+13 2.99832e+13 2.99832e+13 2.74783e+13 2.2892e+13 1.70007e+13 1.08019e+13 5.34241e+12 1.53783e+12 1.77159e+10 3.55528e+08 8.44263e+06 200923 4785.87 109.029
217.592 9638.23 407983 1.72561e+07 7.29983e+08 3.6384e+10 3.11513e+12 1.08121e+13 2.18537e+13 3.4389e+13 4.63016e+13 5.55751e+13 6.06401e+13 6.06401e+13 5.55751e+13 4.63016e+13 3.4389e+13 2.18537e+13 1.08121e+13 3.11513e+12 3.6384e+10 7.29983e+08 1.72561e+07 407983 9638.23 217.592
343.412 15240.7 646132 2.73581e+07 1.15806e+09 5.76819e+10 4.90596e+12 1.70201e+13 3.43959e+13 5.4121e+13 7.28657e+13 8.74576e+13 9.54274e+13 9.54274e+13 8.74576e+13 7.28657e+13 5.4121e+13 3.43959e+13 1.70201e+13 4.90596e+12 5.76819e+10 1.15806e+09 2.73581e+07 646132 15240.7 343.412
463.769 20591 873243 3.6982e+07 1.56564e+09 7.795e+10 6.60693e+12 2.29159e+13 4.63068e+13 7.28593e+13 9.80917e+13 1.17734e+14 1.28462e+14 1.28462e+14 1.17734e+14 9.80917e+13 7.28593e+13 4.63068e+13 2.29159e+13 6.60693e+12 7.795e+10 1.56564e+09 3.6982e+07 873243 20591 463.769
557.6 24759.8 1.05012e+06 4.44752e+07 1.88293e+09 9.3726e+10 7.93016e+12 2.75023e+13 5.55722e+13 8.74357e+13 1.17715e+14 1.41286e+14 1.54159e+14 1.5416e+14 1.41286e+14 1.17715e+14 8.74357e+13 5.55722e+13 2.75023e+13 7.93016e+12 9.3726e+10 1.88293e+09 4.44752e+07 1.05012e+06 24759.8 557.6
608.848 27036.2 1.14669e+06 4.85661e+07 2.05615e+09 1.02338e+11 8.65247e+12 3.00059e+13 6.063e+13 9.53927e+13 1.28427e+14 1.54142e+14 1.68187e+14 1.68187e+14 1.54142e+14 1.28427e+14 9.53927e+13 6.063e+13 3.00059e+13 8.65247e+12 1.02338e+11 2.05615e+09 4.85661e+07 1.14669e+06 27036.2 608.848
608.848 27036.2 1.14669e+06 4.85661e+07 2.05615e+09 1.02338e+11 8.65247e+12 3.00059e+13 6.063e+13 9.53927e+13 1.28427e+14 1.54142e+14 1.68187e+14 1.68187e+14 1.54142e+14 1.28427e+14 9.53927e+13 6.063e+13 3.00059e+13 8.65247e+12 1.02338e+11 2.05615e+09 4.85661e+07 1.14669e+06 27036.2 608.848
557.6 24759.8 1.05012e+06 4.44752e+07 1.88293e+09 9.3726e+10 7.93016e+12 2.75023e+13 5.55722e+13 8.74357e+13 1.17715e+14 1.41286e+14 1.5416e+14 1.54159e+14 1.41286e+14 1.17715e+14 8.74357e+13 5.55722e+13 2.75023e+13 7.93016e+12 9.3726e+10 1.88293e+09 4.44752e+07 1.05012e+06 24759.8 557.6
463.769 20591 873243 3.6982e+07 1.56564e+09 7.795e+10 6.60693e+12 2.29159e+13 4.63068e+13 7.28593e+13 9.80917e+13 1.17734e+14 1.28462e+14 1.28462e+14 1.17734e+14 9.80917e+13 7.28593e+13 4.63068e+13 2.29159e+13 6.60693e+12 7.795e+10 1.56564e+09 3.6982e+07 873243 20591 463.769
343.412 15240.7 646132 2.73581e+07 1.15806e+09 5.76819e+10 4.90596e+12 1.70201e+13 3.43959e+13 5.4121e+13 7.28657e+13 8.74576e+13 9.54274e+13 9.54274e+13 8.74576e+13 7.28657e+13 5.4121e+13 3.43959e+13 1.70201e+13 4.90596e+12 5.76819e+10 1.15806e+09 2.73581e+07 646132 15240.7 343.412
217.592 9638.23 407983 1.72561e+07 7.29983e+08 3.6384e+10 3.11513e+12 1.08121e+13 2.18537e+13 3.4389e+13 4.63016e+13 5.55751e+13 6.06401e+13 6.06401e+13 5.55751e+13 4.63016e+13 3.4389e+13 2.18537e+13 1.08121e+13 3.11513e+12 3.6384e+10 7.29983e+08 1.72561e+07 407983 9638.23 217.592
109.029 4785.87 200923 8.44263e+06 3.55528e+08 1.77159e+10 1.53783e+12 5.34241e+12 1.08019e+13 1.70007e+13 2.2892e+13 2.74783e+13 2.99832e+13 2.99832e+13 2.74783e+13 2.2892e+13 1.70007e+13 1.08019e+13 5.34241e+12 1.53783e+12 1.77159e+10 3.55528e+08 8.44263e+06 200923 4785.87 109.029
36.8334 1548.68 62061.8 2.48999e+06 1.00533e+08 4.88967e+09 4.40066e+11 1.53253e+12 3.10153e+12 4.88369e+12 6.57772e+12 7.89658e+12 8.61693e+12 8.61693e+12 7.89658e+12 6.57772e+12 4.88369e+12 3.10153e+12 1.53253e+12 4.40066e+11 4.88967e+09 1.00533e+08 2.48999e+06 62061.8 1548.68 36.8334
6.32859 218.811 6607.58 173137 3.39459e+06 4.87089e+07 4.61857e+09 1.67126e+10 3.43291e+10 5.44549e+10 7.36377e+10 8.85904e+10 9.67612e+10 9.67612e+10 8.85904e+10 7.36377e+10 5.44549e+10 3.43291e+10 1.67126e+10 4.61857e+09 4.87089e+07 3.39459e+06 173137 6607.58 218.811 6.32859
0.682928 19.2161 447.705 8766.48 145823 3.20779e+06 9.39101e+07 3.31968e+08 6.8191e+08 1.08256e+09 1.46466e+09 1.76256e+09 1.92536e+09 1.92536e+09 1.76256e+09 1.46466e+09 1.08256e+09 6.8191e+08 3.31968e+08 9.39101e+07 3.20779e+06 145823 8766.48 447.705 19.2161 0.682928
0.055542 1.32925 26.3579 472.382 8447.13 162787 2.32616e+06 7.88389e+06 1.61208e+07 2.55756e+07 3.45975e+07 4.16321e+07 4.54765e+07 4.54765e+07 4.16321e+07 3.45975e+07 2.55756e+07 1.61208e+07 7.88389e+06 2.32616e+06 162787 8447.13 472.382 26.3579 1.32925 0.055542
0.00383117 0.0821932 1.49437 25.6474 425.305 6198.79 57981 187641 381167 604062 816956 982994 1.07374e+06 1.07374e+06 982994 816956 604062 381167 187641 57981 6198.79 425.305 25.6474 1.49437 0.0821932 0.00383117
0.00023824 0.00473766 0.0804388 1.27379 18.1416 205.022 1446.88 4469.85 9005.26 14248.9 19264.2 23177.1 25315.9 25315.9 23177.1 19264.2 14248.9 9005.26 4469.85 1446.88 205.022 18.1416 1.27379 0.0804388 0.00473766 0.00023824
1.25209e-05 0.000234259 0.00369818 0.0527955 0.64272 5.92541 34.4125 101.836 203.314 321.076 433.89 521.957 570.1 570.1 521.957 433.89 321.076 203.314 101.836 34.4125 5.92541 0.64272 0.0527955 0.00369818 0.000234259 1.25209e-05
