6.91113e-06 0.000130002 0.00206917 0.0298272 0.366487 3.40418 19.886 59.1996 119.009 189.301 257.493 311.294 340.913 340.913 311.294 257.493 189.301 119.009 59.1996 19.886 3.40418 0.366487 0.0298272 0.00206917 0.000130002 6.91114e-06
0.000131392 0.00262189 0.0448212 0.717038 10.3273 117.797 836.713 2600.82 5277.54 8413.6 11452.8 13850.3 15170.3 15170.3 13850.3 11452.8 8413.6 5277.54 2600.82 836.713 117.797 10.3273 0.717038 0.0448212 0.00262189 0.000131392
0.00211606 0.0454324 0.828849 14.3484 241.143 3558.88 33544.3 109252 223597 357141 486458 588475 644654 644654 588475 486458 357141 223597 109252 33544.3 3558.88 241.143 14.3484 0.828849 0.0454324 0.00211606
0.0308167 0.736642 14.5937 262.238 4748.09 93226.8 1.3459e+06 4.59186e+06 9.46286e+06 1.51361e+07 2.06276e+07 2.49608e+07 2.73475e+07 2.73475e+07 2.49608e+07 2.06276e+07 1.51361e+07 9.46286e+06 4.59186e+06 1.3459e+06 93226.8 4748.09 262.238 14.5937 0.736642 0.0308167
0.381497 10.7202 249.068 4855.58 80701.6 1.82273e+06 5.43218e+07 1.93353e+08 4.00416e+08 6.41121e+08 8.7412e+08 1.05803e+09 1.15936e+09 1.15936e+09 1.05803e+09 8.7412e+08 6.41121e+08 4.00416e+08 1.93353e+08 5.43218e+07 1.82273e+06 80701.6 4855.58 249.068 10.7202 0.381497
3.56202 123.119 3712.58 96909.6 1.87949e+06 2.65993e+07 2.66246e+09 9.70316e+09 2.00945e+10 3.21472e+10 4.38055e+10 5.30046e+10 5.80719e+10 5.80719e+10 5.30046e+10 4.38055e+10 3.21472e+10 2.00945e+10 9.70316e+09 2.66246e+09 2.65993e+07 1.87949e+06 96909.6 3712.58 123.119 3.56202
20.8811 878.606 35225.2 1.41344e+06 5.70544e+07 2.78334e+09 2.53634e+11 8.87158e+11 1.80484e+12 2.85745e+12 3.86757e+12 4.6602e+12 5.09537e+12 5.09537e+12 4.6602e+12 3.86757e+12 2.85745e+12 1.80484e+12 8.87158e+11 2.53634e+11 2.78334e+09 5.70544e+07 1.41344e+06 35225.2 878.606 20.8811
62.2186 2733.82 114857 4.82816e+06 2.03336e+08 1.01583e+10 8.89877e+11 3.10394e+12 6.3071e+12 9.97838e+12 1.34995e+13 1.62615e+13 1.77775e+13 1.77775e+13 1.62615e+13 1.34995e+13 9.97838e+12 6.3071e+12 3.10394e+12 8.89878e+11 1.01583e+10 2.03336e+08 4.82816e+06 114857 2733.82 62.2186
125.079 5547.48 235069 9.94988e+06 4.21089e+08 2.10389e+10 1.81217e+12 6.31349e+12 1.28224e+13 2.02802e+13 2.74313e+13 3.30398e+13 3.6118e+13 3.6118e+13 3.30398e+13 2.74313e+13 2.02802e+13 1.28224e+13 6.31349e+12 1.81217e+12 2.10389e+10 4.21089e+08 9.94987e+06 235069 5547.48 125.079
198.887 8840.85 375330 1.59092e+07 6.73965e+08 3.36475e+10 2.87013e+12 9.99239e+12 2.02882e+13 3.20827e+13 4.33909e+13 5.22588e+13 5.71257e+13 5.71257e+13 5.22588e+13 4.33909e+13 3.20827e+13 2.02882e+13 9.99239e+12 2.87013e+12 3.36475e+10 6.73965e+08 1.59092e+07 375330 8840.85 198.887
270.413 12028.9 510993 2.16709e+07 9.18449e+08 4.58298e+10 3.8851e+12 1.352e+13 2.74455e+13 4.33962e+13 5.86879e+13 7.06789e+13 7.72597e+13 7.72597e+13 7.06789e+13 5.86879e+13 4.33962e+13 2.74455e+13 1.352e+13 3.8851e+12 4.58298e+10 9.18449e+08 2.16709e+07 510993 12028.9 270.413
326.785 14541.1 617902 2.62121e+07 1.11121e+09 5.5432e+10 4.68124e+12 1.62862e+13 3.3057e+13 5.22655e+13 7.06794e+13 8.51183e+13 9.30423e+13 9.30423e+13 8.51183e+13 7.06794e+13 5.22655e+13 3.3057e+13 1.62862e+13 4.68124e+12 5.5432e+10 1.11121e+09 2.62121e+07 617902 14541.1 326.785
357.797 15923.3 676729 2.87115e+07 1.21732e+09 6.07172e+10 5.1182e+12 1.78041e+13 3.61361e+13 5.7132e+13 7.72588e+13 9.30405e+13 1.01701e+14 1.01701e+14 9.30405e+13 7.72588e+13 5.7132e+13 3.61361e+13 1.78041e+13 5.1182e+12 6.07172e+10 1.21732e+09 2.87115e+07 676729 15923.3 357.797
357.797 15923.3 676729 2.87115e+07 1.21732e+09 6.07172e+10 5.1182e+12 1.78041e+13 3.61361e+13 5.7132e+13 7.72588e+13 9.30405e+13 1.01701e+14 1.01701e+14 9.30405e+13 7.72588e+13 5.7132e+13 3.61361e+13 1.78041e+13 5.1182e+12 6.07172e+10 1.21732e+09 2.87115e+07 676729 15923.3 357.797
326.785 14541.1 617902 2.62121e+07 1.11121e+09 5.5432e+10 4.68124e+12 1.62862e+13 3.3057e+13 5.22655e+13 7.06794e+13 8.51183e+13 9.30423e+13 9.30423e+13 8.51183e+13 7.06794e+13 5.22655e+13 3.3057e+13 1.62862e+13 4.68124e+12 5.5432e+10 1.11121e+09 2.62121e+07 617902 14541.1 326.785
270.413 12028.9 510993 2.16709e+07 9.18449e+08 4.58298e+10 3.8851e+12 1.352e+13 2.74455e+13 4.33962e+13 5.86879e+13 7.06789e+13 7.72597e+13 7.72597e+13 7.06789e+13 5.86879e+13 4.33962e+13 2.74455e+13 1.352e+13 3.8851e+12 4.58298e+10 9.18449e+08 2.16709e+07 510993 12028.9 270.413
198.887 8840.85 375330 1.59092e+07 6.73965e+08 3.36475e+10 2.87013e+12 9.99239e+12 2.02882e+13 3.20827e+13 4.33909e+13 5.22588e+13 5.71257e+13 5.71257e+13 5.22588e+13 4.33909e+13 3.20827e+13 2.02882e+13 9.99239e+12 2.87013e+12 3.36475e+10 6.73965e+08 1.59092e+07 375330 8840.85 198.887
125.079 5547.48 235069 9.94987e+06 4.21089e+08 2.10389e+10 1.81217e+12 6.31349e+12 1.28224e+13 2.02802e+13 2.74313e+13 3.30398e+13 3.6118e+13 3.6118e+13 3.30398e+13 2.74313e+13 2.02802e+13 1.28224e+13 6.31349e+12 1.81217e+12 2.10389e+10 4.21089e+08 9.94987e+06 235069 5547.48 125.079
62.2186 2733.82 114857 4.82816e+06 2.03336e+08 1.01583e+10 8.89878e+11 3.10394e+12 6.3071e+12 9.97838e+12 1.34995e+13 1.62615e+13 1.77775e+13 1.77775e+13 1.62615e+13 1.34995e+13 9.97838e+12 6.3071e+12 3.10394e+12 8.89877e+11 1.01583e+10 2.03336e+08 4.82816e+06 114857 2733.82 62.2186
20.8811 878.606 35225.2 1.41344e+06 5.70544e+07 2.78334e+09 2.53634e+11 8.87158e+11 1.80484e+12 2.85745e+12 3.86757e+12 4.6602e+12 5.09537e+12 5.09537e+12 4.6602e+12 3.86757e+12 2.85745e+12 1.80484e+12 8.87158e+11 2.53634e+11 2.78334e+09 5.70544e+07 1.41344e+06 35225.2 878.606 20.8811
3.56202 123.119 3712.58 96909.6 1.87949e+06 2.65993e+07 2.66246e+09 9.70316e+09 2.00945e+10 3.21472e+10 4.38055e+10 5.30046e+10 5.80719e+10 5.80719e+10 5.30046e+10 4.38055e+10 3.21472e+10 2.00945e+10 9.70316e+09 2.66246e+09 2.65993e+07 1.87949e+06 96909.6 3712.58 123.119 3.56202
0.381497 10.7202 249.068 4855.58 80701.6 1.82273e+06 5.43218e+07 1.93353e+08 4.00416e+08 6.41121e+08 8.7412e+08 1.05803e+09 1.15936e+09 1.15936e+09 1.05803e+09 8.7412e+08 6.41121e+08 4.00416e+08 1.93353e+08 5.43218e+07 1.82273e+06 80701.6 4855.58 249.068 10.7202 0.381497
0.0308167 0.736642 14.5937 262.238 4748.09 93226.8 1.3459e+06 4.59186e+06 9.46286e+06 1.51361e+07 2.06276e+07 2.49608e+07 2.73475e+07 2.73475e+07 2.49608e+07 2.06276e+07 1.51361e+07 9.46286e+06 4.59186e+06 1.3459e+06 93226.8 4748.09 262.238 14.5937 0.736642 0.0308167
0.00211606 0.0454324 0.828849 14.3484 241.143 3558.88 33544.3 109252 223597 357141 486458 588475 644654 644654 588475 486458 357141 223597 109252 33544.3 3558.88 241.143 14.3484 0.828849 0.0454324 0.00211606
0.000131392 0.00262189 0.0448212 0.717038 10.3273 117.797 836.713 2600.82 5277.54 8413.6 11452.8 13850.3 15170.3 15170.3 13850.3 11452.8 8413.6 5277.54 2600.82 836.713 117.797 10.3273 0.717038 0.0448212 0.00262189 0.000131392
6.91114e-06 0.000130002 0.00206917 0.0298272 0.366487 3.40418 19.886 59.1996 119.009 189.301 257.493 311.294 340.913 340.913 311.294 257.493 189.301 119.009 59.1996 19.886 3.40418 0.366487 0.0298272 0.00206917 0.000130002 6.91113e-06
