0.000720455 0.013521 0.214455 3.07853 37.6725 348.702 2030.47 6019.49 12037.8 19039.5 25762.2 31019.1 33896 33896 31019.1 25762.2 19039.5 12037.8 6019.49 2030.47 348.702 37.6725 3.07853 0.214455 0.013521 0.000720455
0.0137002 0.272986 4.6532 74.1194 1062.41 12068.2 85434.3 264431 533679 845807 1.14504e+06 1.37893e+06 1.50692e+06 1.50692e+06 1.37893e+06 1.14504e+06 845807 533679 264431 85434.3 12068.2 1062.41 74.1194 4.6532 0.272986 0.0137002
0.220471 4.73212 86.2065 1486.94 24849.7 364787 3.42569e+06 1.11085e+07 2.26072e+07 3.58886e+07 4.86057e+07 5.85425e+07 6.39794e+07 6.39794e+07 5.85425e+07 4.86057e+07 3.58886e+07 2.26072e+07 1.11085e+07 3.42569e+06 364787 24849.7 1486.94 86.2065 4.73212 0.220471
3.20406 76.6314 1518.77 27261.1 491040 9.56716e+06 1.37496e+08 4.66982e+08 9.56741e+08 1.5206e+09 2.06003e+09 2.48146e+09 2.71205e+09 2.71205e+09 2.48146e+09 2.06003e+09 1.5206e+09 9.56741e+08 4.66982e+08 1.37496e+08 9.56716e+06 491040 27261.1 1518.77 76.6314 3.20406
39.5419 1111.88 25865.1 505179 8.39896e+06 1.8767e+08 5.55229e+09 1.96704e+10 4.04886e+10 6.43986e+10 8.7263e+10 1.05125e+11 1.14898e+11 1.14898e+11 1.05125e+11 8.7263e+10 6.43986e+10 4.04886e+10 1.96704e+10 5.55229e+09 1.8767e+08 8.39896e+06 505179 25865.1 1111.88 39.5419
367.887 12720.1 383872 1.00377e+07 1.95564e+08 2.78353e+09 2.72629e+11 9.88889e+11 2.03558e+12 3.23519e+12 4.3817e+12 5.27717e+12 5.76709e+12 5.76709e+12 5.27717e+12 4.3817e+12 3.23519e+12 2.03558e+12 9.88889e+11 2.72629e+11 2.78353e+09 1.95564e+08 1.00377e+07 383872 12720.1 367.887
2148.38 90400.7 3.62509e+06 1.45513e+08 5.87693e+09 2.86502e+11 2.59772e+13 9.06071e+13 1.83651e+14 2.89588e+14 3.90492e+14 4.6917e+14 5.12183e+14 5.12183e+14 4.6917e+14 3.90492e+14 2.89588e+14 1.83651e+14 9.06071e+13 2.59772e+13 2.86502e+11 5.87693e+09 1.45513e+08 3.62509e+06 90400.7 2148.38
6372.19 279964 1.17629e+07 4.94571e+08 2.08361e+10 1.04046e+12 9.08873e+13 3.16207e+14 6.40284e+14 1.0091e+15 1.36033e+15 1.63416e+15 1.78385e+15 1.78385e+15 1.63416e+15 1.36033e+15 1.0091e+15 6.40284e+14 3.16207e+14 9.08873e+13 1.04046e+12 2.08361e+10 4.94571e+08 1.17629e+07 279964 6372.19
12738.4 564812 2.39294e+07 1.01284e+09 4.28691e+10 2.14114e+12 1.84359e+14 6.40784e+14 1.29703e+15 2.04377e+15 2.75481e+15 3.30916e+15 3.61221e+15 3.61221e+15 3.30916e+15 2.75481e+15 2.04377e+15 1.29703e+15 6.40784e+14 1.84359e+14 2.14114e+12 4.28691e+10 1.01284e+09 2.39294e+07 564812 12738.4
20133.2 894486 3.79586e+07 1.60849e+09 6.81293e+10 3.40051e+12 2.90717e+14 1.00997e+15 2.04393e+15 3.22036e+15 4.34051e+15 5.21379e+15 5.69119e+15 5.69119e+15 5.21379e+15 4.34051e+15 3.22036e+15 2.04393e+15 1.00997e+15 2.90717e+14 3.40051e+12 6.81293e+10 1.60849e+09 3.79586e+07 894486 20133.2
27220.6 1.20997e+06 5.13663e+07 2.17724e+09 9.22363e+10 4.60181e+12 3.91926e+14 1.36122e+15 2.7545e+15 4.33969e+15 5.84901e+15 7.02568e+15 7.66892e+15 7.66892e+15 7.02568e+15 5.84901e+15 4.33969e+15 2.7545e+15 1.36122e+15 3.91926e+14 4.60181e+12 9.22363e+10 2.17724e+09 5.13663e+07 1.20997e+06 27220.6
32753.9 1.45615e+06 6.18247e+07 2.62077e+09 1.11034e+11 5.53842e+12 4.70764e+14 1.63482e+15 3.30798e+15 5.21155e+15 7.02399e+15 8.43696e+15 9.20938e+15 9.20938e+15 8.43696e+15 7.02399e+15 5.21155e+15 3.30798e+15 1.63482e+15 4.70764e+14 5.53842e+12 1.11034e+11 2.62077e+09 6.18247e+07 1.45615e+06 32753.9
35778.7 1.5907e+06 6.75402e+07 2.86315e+09 1.21307e+11 6.0502e+12 5.13835e+14 1.78429e+15 3.61035e+15 5.68785e+15 7.66589e+15 9.20796e+15 1.00509e+16 1.00509e+16 9.20796e+15 7.66589e+15 5.68785e+15 3.61035e+15 1.78429e+15 5.13835e+14 6.0502e+12 1.21307e+11 2.86315e+09 6.75402e+07 1.5907e+06 35778.7
35778.7 1.5907e+06 6.75402e+07 2.86315e+09 1.21307e+11 6.0502e+12 5.13835e+14 1.78429e+15 3.61035e+15 5.68785e+15 7.66589e+15 9.20796e+15 1.00509e+16 1.00509e+16 9.20796e+15 7.66589e+15 5.68785e+15 3.61035e+15 1.78429e+15 5.13835e+14 6.0502e+12 1.21307e+11 2.86315e+09 6.75402e+07 1.5907e+06 35778.7
32753.9 1.45615e+06 6.18247e+07 2.62077e+09 1.11034e+11 5.53842e+12 4.70764e+14 1.63482e+15 3.30798e+15 5.21155e+15 7.02399e+15 8.43696e+15 9.20938e+15 9.20938e+15 8.43696e+15 7.02399e+15 5.21155e+15 3.30798e+15 1.63482e+15 4.70764e+14 5.53842e+12 1.11034e+11 2.62077e+09 6.18247e+07 1.45615e+06 32753.9
27220.6 1.20997e+06 5.13663e+07 2.17724e+09 9.22363e+10 4.60181e+12 3.91926e+14 1.36122e+15 2.7545e+15 4.33969e+15 5.84901e+15 7.02568e+15 7.66892e+15 7.66892e+15 7.02568e+15 5.84901e+15 4.33969e+15 2.7545e+15 1.36122e+15 3.91926e+14 4.60181e+12 9.22363e+10 2.17724e+09 5.13663e+07 1.20997e+06 27220.6
20133.2 894486 3.79586e+07 1.60849e+09 6.81293e+10 3.40051e+12 2.90717e+14 1.00997e+15 2.04393e+15 3.22036e+15 4.34051e+15 5.21379e+15 5.69119e+15 5.69119e+15 5.21379e+15 4.34051e+15 3.22036e+15 2.04393e+15 1.00997e+15 2.90717e+14 3.40051e+12 6.81293e+10 1.60849e+09 3.79586e+07 894486 20133.2
12738.4 564812 2.39294e+07 1.01284e+09 4.28691e+10 2.14114e+12 1.84359e+14 6.40784e+14 1.29703e+15 2.04377e+15 2.75481e+15 3.30916e+15 3.61221e+15 3.61221e+15 3.30916e+15 2.75481e+15 2.04377e+15 1.29703e+15 6.40784e+14 1.84359e+14 2.14114e+12 4.28691e+10 1.01284e+09 2.39294e+07 564812 12738.4
6372.19 279964 1.17629e+07 4.94571e+08 2.08361e+10 1.04046e+12 9.08873e+13 3.16207e+14 6.40284e+14 1.0091e+15 1.36033e+15 1.63416e+15 1.78385e+15 1.78385e+15 1.63416e+15 1.36033e+15 1.0091e+15 6.40284e+14 3.16207e+14 9.08873e+13 1.04046e+12 2.08361e+10 4.94571e+08 1.17629e+07 279964 6372.19
2148.38 90400.7 3.62509e+06 1.45513e+08 5.87693e+09 2.86502e+11 2.59772e+13 9.06071e+13 1.83651e+14 2.89588e+14 3.90492e+14 4.6917e+14 5.12183e+14 5.12183e+14 4.6917e+14 3.90492e+14 2.89588e+14 1.83651e+14 9.06071e+13 2.59772e+13 2.86502e+11 5.87693e+09 1.45513e+08 3.62509e+06 90400.7 2148.38
367.887 12720.1 383872 1.00377e+07 1.95564e+08 2.78353e+09 2.72629e+11 9.88889e+11 2.03558e+12 3.23519e+12 4.3817e+12 5.27717e+12 5.76709e+12 5.76709e+12 5.27717e+12 4.3817e+12 3.23519e+12 2.03558e+12 9.88889e+11 2.72629e+11 2.78353e+09 1.95564e+08 1.00377e+07 383872 12720.1 367.887
39.5419 1111.88 25865.1 505179 8.39896e+06 1.8767e+08 5.55229e+09 1.96704e+10 4.04886e+10 6.43986e+10 8.7263e+10 1.05125e+11 1.14898e+11 1.14898e+11 1.05125e+11 8.7263e+10 6.43986e+10 4.04886e+10 1.96704e+10 5.55229e+09 1.8767e+08 8.39896e+06 505179 25865.1 1111.88 39.5419
3.20406 76.6314 1518.77 27261.1 491040 9.56716e+06 1.37496e+08 4.66982e+08 9.56741e+08 1.5206e+09 2.06003e+09 2.48146e+09 2.71205e+09 2.71205e+09 2.48146e+09 2.06003e+09 1.5206e+09 9.56741e+08 4.66982e+08 1.37496e+08 9.56716e+06 491040 27261.1 1518.77 76.6314 3.20406
0.220471 4.73212 86.2065 1486.94 24849.7 364787 3.42569e+06 1.11085e+07 2.26072e+07 3.58886e+07 4.86057e+07 5.85425e+07 6.39794e+07 6.39794e+07 5.85425e+07 4.86057e+07 3.58886e+07 2.26072e+07 1.11085e+07 3.42569e+06 364787 24849.7 1486.94 86.2065 4.73212 0.220471
0.0137002 0.272986 4.6532 74.1194 1062.41 12068.2 85434.3 264431 533679 845807 1.14504e+06 1.37893e+06 1.50692e+06 1.50692e+06 1.37893e+06 1.14504e+06 845807 533679 264431 85434.3 12068.2 1062.41 74.1194 4.6532 0.272986 0.0137002
0.000720455 0.013521 0.214455 3.07853 37.6725 348.702 2030.47 6019.49 12037.8 19039.5 25762.2 31019.1 33896 33896 31019.1 25762.2 19039.5 12037.8 6019.49 2030.47 348.702 37.6725 3.07853 0.214455 0.013521 0.000720455
