29.8323 550.352 8474.28 117097 1.37875e+06 1.23546e+07 7.00619e+07 2.01526e+08 3.87906e+08 5.87916e+08 7.63756e+08 8.90676e+08 9.56333e+08 9.56333e+08 8.90676e+08 7.63756e+08 5.87916e+08 3.87906e+08 2.01526e+08 7.00619e+07 1.23546e+07 1.37875e+06 117097 8474.28 550.352 29.8323
571.284 11288.4 188100 2.88183e+06 3.94318e+07 4.30202e+08 2.95733e+09 8.87246e+09 1.72077e+10 2.60808e+10 3.38323e+10 3.94003e+10 4.22715e+10 4.22715e+10 3.94003e+10 3.38323e+10 2.60808e+10 1.72077e+10 8.87246e+09 2.95733e+09 4.30202e+08 3.94318e+07 2.88183e+06 188100 11288.4 571.284
9166.4 197355 3.56809e+06 5.97029e+07 9.45026e+08 1.31322e+10 1.19073e+11 3.73859e+11 7.29859e+11 1.10561e+12 1.43173e+12 1.66481e+12 1.78459e+12 1.78459e+12 1.66481e+12 1.43173e+12 1.10561e+12 7.29859e+11 3.73859e+11 1.19073e+11 1.31322e+10 9.45026e+08 5.97029e+07 3.56809e+06 197355 9166.4
131061 3.17003e+06 6.34917e+07 1.1348e+09 1.95012e+10 3.50424e+11 4.8023e+12 1.57739e+13 3.09425e+13 4.68194e+13 6.05128e+13 7.02497e+13 7.52361e+13 7.52361e+13 7.02497e+13 6.05128e+13 4.68194e+13 3.09425e+13 1.57739e+13 4.8023e+12 3.50424e+11 1.95012e+10 1.1348e+09 6.34917e+07 3.17003e+06 131061
1.57486e+06 4.48125e+07 1.06152e+09 2.12497e+10 3.56957e+11 7.16038e+12 1.94961e+14 6.67159e+14 1.31223e+15 1.98225e+15 2.55664e+15 2.96299e+15 3.17034e+15 3.17034e+15 2.96299e+15 2.55664e+15 1.98225e+15 1.31223e+15 6.67159e+14 1.94961e+14 7.16038e+12 3.56957e+11 2.12497e+10 1.06152e+09 4.48125e+07 1.57486e+06
1.42035e+07 4.94769e+08 1.51151e+10 4.03971e+11 8.2791e+12 1.25512e+14 9.7528e+15 3.41583e+16 6.72174e+16 1.01536e+17 1.31015e+17 1.5193e+17 1.62629e+17 1.62629e+17 1.5193e+17 1.31015e+17 1.01536e+17 6.72174e+16 3.41583e+16 9.7528e+15 1.25512e+14 8.2791e+12 4.03971e+11 1.51151e+10 4.94769e+08 1.42035e+07
8.0375e+07 3.39188e+09 1.36538e+11 5.50541e+12 2.23447e+14 1.07782e+16 9.25976e+17 3.16241e+18 6.23113e+18 9.5182e+18 1.24561e+19 1.46236e+19 1.57651e+19 1.57651e+19 1.46236e+19 1.24561e+19 9.5182e+18 6.23113e+18 3.16241e+18 9.25976e+17 1.07782e+16 2.23447e+14 5.50541e+12 1.36538e+11 3.39188e+09 8.0375e+07
2.30836e+08 1.01594e+10 4.27935e+11 1.80491e+13 7.63124e+14 3.77738e+16 3.17431e+18 1.08169e+19 2.12834e+19 3.24754e+19 4.24637e+19 4.98248e+19 5.36986e+19 5.36986e+19 4.98248e+19 4.24637e+19 3.24754e+19 2.12834e+19 1.08169e+19 3.17431e+18 3.77738e+16 7.63124e+14 1.80491e+13 4.27935e+11 1.01594e+10 2.30836e+08
4.43844e+08 1.96817e+10 8.34474e+11 3.53642e+13 1.49919e+15 7.42424e+16 6.24927e+18 2.1266e+19 4.1758e+19 6.35745e+19 8.29573e+19 9.71864e+19 1.04655e+20 1.04655e+20 9.71864e+19 8.29573e+19 6.35745e+19 4.1758e+19 2.1266e+19 6.24927e+18 7.42424e+16 1.49919e+15 3.53642e+13 8.34474e+11 1.96817e+10 4.43844e+08
6.7211e+08 2.98039e+10 1.26292e+12 5.34592e+13 2.26246e+15 1.11956e+17 9.52394e+18 3.23756e+19 6.34318e+19 9.63224e+19 1.25384e+20 1.46616e+20 1.57722e+20 1.57722e+20 1.46616e+20 1.25384e+20 9.63224e+19 6.34318e+19 3.23756e+19 9.52394e+18 1.11956e+17 2.26246e+15 5.34592e+13 1.26292e+12 2.98039e+10 6.7211e+08
8.72525e+08 3.86343e+10 1.63424e+12 6.90421e+13 2.91576e+15 1.44212e+17 1.24311e+19 4.22249e+19 8.2561e+19 1.25067e+20 1.62426e+20 1.89593e+20 2.03758e+20 2.03758e+20 1.89593e+20 1.62426e+20 1.25067e+20 8.2561e+19 4.22249e+19 1.24311e+19 1.44212e+17 2.91576e+15 6.90421e+13 1.63424e+12 3.86343e+10 8.72525e+08
1.01702e+09 4.497e+10 1.8993e+12 8.01089e+13 3.37735e+15 1.67003e+17 1.45627e+19 4.94395e+19 9.65187e+19 1.45938e+20 1.89196e+20 2.20536e+20 2.36836e+20 2.36836e+20 2.20536e+20 1.89196e+20 1.45938e+20 9.65187e+19 4.94395e+19 1.45627e+19 1.67003e+17 3.37735e+15 8.01089e+13 1.8993e+12 4.497e+10 1.01702e+09
1.09171e+09 4.82345e+10 2.03541e+12 8.57718e+13 3.61269e+15 1.78628e+17 1.56803e+19 5.32199e+19 1.03813e+20 1.5681e+20 2.03094e+20 2.36559e+20 2.5394e+20 2.5394e+20 2.36559e+20 2.03094e+20 1.5681e+20 1.03813e+20 5.32199e+19 1.56803e+19 1.78628e+17 3.61269e+15 8.57718e+13 2.03541e+12 4.82345e+10 1.09171e+09
1.09171e+09 4.82345e+10 2.03541e+12 8.57718e+13 3.61269e+15 1.78628e+17 1.56803e+19 5.32199e+19 1.03813e+20 1.5681e+20 2.03094e+20 2.36559e+20 2.5394e+20 2.5394e+20 2.36559e+20 2.03094e+20 1.5681e+20 1.03813e+20 5.32199e+19 1.56803e+19 1.78628e+17 3.61269e+15 8.57718e+13 2.03541e+12 4.82345e+10 1.09171e+09
1.01702e+09 4.497e+10 1.8993e+12 8.01089e+13 3.37735e+15 1.67003e+17 1.45627e+19 4.94395e+19 9.65187e+19 1.45938e+20 1.89196e+20 2.20536e+20 2.36836e+20 2.36836e+20 2.20536e+20 1.89196e+20 1.45938e+20 9.65187e+19 4.94395e+19 1.45627e+19 1.67003e+17 3.37735e+15 8.01089e+13 1.8993e+12 4.497e+10 1.01702e+09
8.72525e+08 3.86343e+10 1.63424e+12 6.90421e+13 2.91576e+15 1.44212e+17 1.24311e+19 4.22249e+19 8.2561e+19 1.25067e+20 1.62426e+20 1.89593e+20 2.03758e+20 2.03758e+20 1.89593e+20 1.62426e+20 1.25067e+20 8.2561e+19 4.22249e+19 1.24311e+19 1.44212e+17 2.91576e+15 6.90421e+13 1.63424e+12 3.86343e+10 8.72525e+08
6.7211e+08 2.98039e+10 1.26292e+12 5.34592e+13 2.26246e+15 1.11956e+17 9.52394e+18 3.23756e+19 6.34318e+19 9.63224e+19 1.25384e+20 1.46616e+20 1.57722e+20 1.57722e+20 1.46616e+20 1.25384e+20 9.63224e+19 6.34318e+19 3.23756e+19 9.52394e+18 1.11956e+17 2.26246e+15 5.34592e+13 1.26292e+12 2.98039e+10 6.7211e+08
4.43844e+08 1.96817e+10 8.34474e+11 3.53642e+13 1.49919e+15 7.42424e+16 6.24927e+18 2.1266e+19 4.1758e+19 6.35745e+19 8.29573e+19 9.71864e+19 1.04655e+20 1.04655e+20 9.71864e+19 8.29573e+19 6.35745e+19 4.1758e+19 2.1266e+19 6.24927e+18 7.42424e+16 1.49919e+15 3.53642e+13 8.34474e+11 1.96817e+10 4.43844e+08
2.30836e+08 1.01594e+10 4.27935e+11 1.80491e+13 7.63124e+14 3.77738e+16 3.17431e+18 1.08169e+19 2.12834e+19 3.24754e+19 4.24637e+19 4.98248e+19 5.36986e+19 5.36986e+19 4.98248e+19 4.24637e+19 3.24754e+19 2.12834e+19 1.08169e+19 3.17431e+18 3.77738e+16 7.63124e+14 1.80491e+13 4.27935e+11 1.01594e+10 2.30836e+08
8.0375e+07 3.39188e+09 1.36538e+11 5.50541e+12 2.23447e+14 1.07782e+16 9.25976e+17 3.16241e+18 6.23113e+18 9.5182e+18 1.24561e+19 1.46236e+19 1.57651e+19 1.57651e+19 1.46236e+19 1.24561e+19 9.5182e+18 6.23113e+18 3.16241e+18 9.25976e+17 1.07782e+16 2.23447e+14 5.50541e+12 1.36538e+11 3.39188e+09 8.0375e+07
1.42035e+07 4.94769e+08 1.51151e+10 4.03971e+11 8.2791e+12 1.25512e+14 9.7528e+15 3.41583e+16 6.72174e+16 1.01536e+17 1.31015e+17 1.5193e+17 1.62629e+17 1.62629e+17 1.5193e+17 1.31015e+17 1.01536e+17 6.72174e+16 3.41583e+16 9.7528e+15 1.25512e+14 8.2791e+12 4.03971e+11 1.51151e+10 4.94769e+08 1.42035e+07
1.57486e+06 4.48125e+07 1.06152e+09 2.12497e+10 3.56957e+11 7.16038e+12 1.94961e+14 6.67159e+14 1.31223e+15 1.98225e+15 2.55664e+15 2.96299e+15 3.17034e+15 3.17034e+15 2.96299e+15 2.55664e+15 1.98225e+15 1.31223e+15 6.67159e+14 1.94961e+14 7.16038e+12 3.56957e+11 2.12497e+10 1.06152e+09 4.48125e+07 1.57486e+06
131061 3.17003e+06 6.34917e+07 1.1348e+09 1.95012e+10 3.50424e+11 4.8023e+12 1.57739e+13 3.09425e+13 4.68194e+13 6.05128e+13 7.02497e+13 7.52361e+13 7.52361e+13 7.02497e+13 6.05128e+13 4.68194e+13 3.09425e+13 1.57739e+13 4.8023e+12 3.50424e+11 1.95012e+10 1.1348e+09 6.34917e+07 3.17003e+06 131061
9166.4 197355 3.56809e+06 5.97029e+07 9.45026e+08 1.31322e+10 1.19073e+11 3.73859e+11 7.29859e+11 1.10561e+12 1.43173e+12 1.66481e+12 1.78459e+12 1.78459e+12 1.66481e+12 1.43173e+12 1.10561e+12 7.29859e+11 3.73859e+11 1.19073e+11 1.31322e+10 9.45026e+08 5.97029e+07 3.56809e+06 197355 9166.4
571.284 11288.4 188100 2.88183e+06 3.94318e+07 4.30202e+08 2.95733e+09 8.87246e+09 1.72077e+10 2.60808e+10 3.38323e+10 3.94003e+10 4.22715e+10 4.22715e+10 3.94003e+10 3.38323e+10 2.60808e+10 1.72077e+10 8.87246e+09 2.95733e+09 4.30202e+08 3.94318e+07 2.88183e+06 188100 11288.4 571.284
29.8323 550.352 8474.28 117097 1.37875e+06 1.23546e+07 7.00619e+07 2.01526e+08 3.87906e+08 5.87916e+08 7.63756e+08 8.90676e+08 9.56333e+08 9.56333e+08 8.90676e+08 7.63756e+08 5.87916e+08 3.87906e+08 2.01526e+08 7.00619e+07 1.23546e+07 1.37875e+06 117097 8474.28 550.352 29.8323
