1.02759e-06 1.92776e-05 0.000305663 0.00438689 0.053675 0.496772 2.89266 8.57818 17.165 27.171 36.7968 44.338 48.4704 48.4704 44.338 36.7968 27.171 17.165 8.57818 2.89266 0.496772 0.053675 0.00438689 0.000305663 1.92776e-05 1.02759e-06
1.95323e-05 0.000388997 0.00662793 0.105547 1.51268 17.1813 121.628 376.563 760.432 1206.17 1634.35 1969.67 2153.4 2153.4 1969.67 1634.35 1206.17 760.432 376.563 121.628 17.1813 1.51268 0.105547 0.00662793 0.000388997 1.95323e-05
0.00031421 0.00673998 0.122717 2.11596 35.3573 519.015 4873.93 15808.8 32191.7 51146.2 69333.1 83572.1 91374.2 91374.2 83572.1 69333.1 51146.2 32191.7 15808.8 4873.93 519.015 35.3573 2.11596 0.122717 0.00673998 0.00031421
0.0045653 0.109114 2.1611 38.77 698.193 13604.3 195521 664216 1.36161e+06 2.16591e+06 2.93703e+06 3.54071e+06 3.87151e+06 3.87151e+06 3.54071e+06 2.93703e+06 2.16591e+06 1.36161e+06 664216 195521 13604.3 698.193 38.77 2.1611 0.109114 0.0045653
0.0563339 1.58294 36.7975 718.217 11934.1 266702 7.89217e+06 2.79661e+07 5.7597e+07 9.16893e+07 1.24364e+08 1.49945e+08 1.63964e+08 1.63964e+08 1.49945e+08 1.24364e+08 9.16893e+07 5.7597e+07 2.79661e+07 7.89217e+06 266702 11934.1 718.217 36.7975 1.58294 0.0563339
0.524092 18.1085 546.12 14271.3 277850 3.95126e+06 3.87386e+08 1.40537e+09 2.89435e+09 4.60378e+09 6.24107e+09 7.52259e+09 8.22479e+09 8.22479e+09 7.52259e+09 6.24107e+09 4.60378e+09 2.89435e+09 1.40537e+09 3.87386e+08 3.95126e+06 277850 14271.3 546.12 18.1085 0.524092
3.06091 128.706 5157.78 206922 8.35337e+06 4.07115e+08 3.6913e+10 1.2874e+11 2.60967e+11 4.11617e+11 5.5525e+11 6.67359e+11 7.28695e+11 7.28695e+11 6.67359e+11 5.5525e+11 4.11617e+11 2.60967e+11 1.2874e+11 3.6913e+10 4.07115e+08 8.35337e+06 206922 5157.78 128.706 3.06091
9.08298 398.769 16743.3 703572 2.96274e+07 1.47892e+09 1.29151e+11 4.49281e+11 9.09805e+11 1.43422e+12 1.93407e+12 2.32414e+12 2.53753e+12 2.53753e+12 2.32414e+12 1.93407e+12 1.43422e+12 9.09805e+11 4.49281e+11 1.29151e+11 1.47892e+09 2.96274e+07 703572 16743.3 398.769 9.08298
18.172 805.137 34088.3 1.44201e+06 6.10056e+07 3.04568e+09 2.62041e+11 9.10655e+11 1.84338e+12 2.90532e+12 3.91738e+12 4.70712e+12 5.13914e+12 5.13914e+12 4.70712e+12 3.91738e+12 2.90532e+12 1.84338e+12 9.10655e+11 2.62041e+11 3.04568e+09 6.10056e+07 1.44201e+06 34088.3 805.137 18.172
28.7514 1276.45 54132 2.29259e+06 9.70627e+07 4.84232e+09 4.13409e+11 1.43594e+12 2.90609e+12 4.57973e+12 6.17467e+12 7.41921e+12 8.10002e+12 8.10002e+12 7.41921e+12 6.17467e+12 4.57973e+12 2.90609e+12 1.43594e+12 4.13409e+11 4.84232e+09 9.70627e+07 2.29259e+06 54132 1276.45 28.7514
38.9156 1728.6 73337.6 3.10694e+06 1.31571e+08 6.5608e+09 5.57648e+11 1.93635e+12 3.91838e+12 6.17462e+12 8.3247e+12 1.00024e+13 1.09201e+13 1.09201e+13 1.00024e+13 8.3247e+12 6.17462e+12 3.91838e+12 1.93635e+12 5.57648e+11 6.5608e+09 1.31571e+08 3.10694e+06 73337.6 1728.6 38.9156
46.8692 2082.26 88355.5 3.74365e+06 1.58551e+08 7.90416e+09 6.70162e+11 2.32664e+12 4.70787e+12 7.41846e+12 1.00015e+13 1.20169e+13 1.31194e+13 1.31194e+13 1.20169e+13 1.00015e+13 7.41846e+12 4.70787e+12 2.32664e+12 6.70162e+11 7.90416e+09 1.58551e+08 3.74365e+06 88355.5 2082.26 46.8692
51.2241 2275.88 96577.4 4.09224e+06 1.73324e+08 8.6396e+09 7.31693e+11 2.54007e+12 5.13958e+12 8.09861e+12 1.09183e+13 1.31185e+13 1.4322e+13 1.4322e+13 1.31185e+13 1.09183e+13 8.09861e+12 5.13958e+12 2.54007e+12 7.31693e+11 8.6396e+09 1.73324e+08 4.09224e+06 96577.4 2275.88 51.2241
51.2241 2275.88 96577.4 4.09224e+06 1.73324e+08 8.6396e+09 7.31693e+11 2.54007e+12 5.13958e+12 8.09861e+12 1.09183e+13 1.31185e+13 1.4322e+13 1.4322e+13 1.31185e+13 1.09183e+13 8.09861e+12 5.13958e+12 2.54007e+12 7.31693e+11 8.6396e+09 1.73324e+08 4.09224e+06 96577.4 2275.88 51.2241
46.8692 2082.26 88355.5 3.74365e+06 1.58551e+08 7.90416e+09 6.70162e+11 2.32664e+12 4.70787e+12 7.41846e+12 1.00015e+13 1.20169e+13 1.31194e+13 1.31194e+13 1.20169e+13 1.00015e+13 7.41846e+12 4.70787e+12 2.32664e+12 6.70162e+11 7.90416e+09 1.58551e+08 3.74365e+06 88355.5 2082.26 46.8692
38.9156 1728.6 73337.6 3.10694e+06 1.31571e+08 6.5608e+09 5.57648e+11 1.93635e+12 3.91838e+12 6.17462e+12 8.3247e+12 1.00024e+13 1.09201e+13 1.09201e+13 1.00024e+13 8.3247e+12 6.17462e+12 3.91838e+12 1.93635e+12 5.57648e+11 6.5608e+09 1.31571e+08 3.10694e+06 73337.6 1728.6 38.9156
28.7514 1276.45 54132 2.29259e+06 9.70627e+07 4.84232e+09 4.13409e+11 1.43594e+12 2.90609e+12 4.57973e+12 6.17467e+12 7.41921e+12 8.10002e+12 8.10002e+12 7.41921e+12 6.17467e+12 4.57973e+12 2.90609e+12 1.43594e+12 4.13409e+11 4.84232e+09 9.70627e+07 2.29259e+06 54132 1276.45 28.7514
18.172 805.137 34088.3 1.44201e+06 6.10056e+07 3.04568e+09 2.62041e+11 9.10655e+11 1.84338e+12 2.90532e+12 3.91738e+12 4.70712e+12 5.13914e+12 5.13914e+12 4.70712e+12 3.91738e+12 2.90532e+12 1.84338e+12 9.10655e+11 2.62041e+11 3.04568e+09 6.10056e+07 1.44201e+06 34088.3 805.137 18.172
9.08298 398.769 16743.3 703572 2.96274e+07 1.47892e+09 1.29151e+11 4.49281e+11 9.09805e+11 1.43422e+12 1.93407e+12 2.32414e+12 2.53753e+12 2.53753e+12 2.32414e+12 1.93407e+12 1.43422e+12 9.09805e+11 4.49281e+11 1.29151e+11 1.47892e+09 2.96274e+07 703572 16743.3 398.769 9.08298
3.06091 128.706 5157.78 206922 8.35337e+06 4.07115e+08 3.6913e+10 1.2874e+11 2.60967e+11 4.11617e+11 5.5525e+11 6.67359e+11 7.28695e+11 7.28695e+11 6.67359e+11 5.5525e+11 4.11617e+11 2.60967e+11 1.2874e+11 3.6913e+10 4.07115e+08 8.35337e+06 206922 5157.78 128.706 3.06091
0.524092 18.1085 546.12 14271.3 277850 3.95126e+06 3.87386e+08 1.40537e+09 2.89435e+09 4.60378e+09 6.24107e+09 7.52259e+09 8.22479e+09 8.22479e+09 7.52259e+09 6.24107e+09 4.60378e+09 2.89435e+09 1.40537e+09 3.87386e+08 3.95126e+06 277850 14271.3 546.12 18.1085 0.524092
0.0563339 1.58294 36.7975 718.217 11934.1 266702 7.89217e+06 2.79661e+07 5.7597e+07 9.16893e+07 1.24364e+08 1.49945e+08 1.63964e+08 1.63964e+08 1.49945e+08 1.24364e+08 9.16893e+07 5.7597e+07 2.79661e+07 7.89217e+06 266702 11934.1 718.217 36.7975 1.58294 0.0563339
0.0045653 0.109114 2.1611 38.77 698.193 13604.3 195521 664216 1.36161e+06 2.16591e+06 2.93703e+06 3.54071e+06 3.87151e+06 3.87151e+06 3.54071e+06 2.93703e+06 2.16591e+06 1.36161e+06 664216 195521 13604.3 698.193 38.77 2.1611 0.109114 0.0045653
0.00031421 0.00673998 0.122717 2.11596 35.3573 519.015 4873.93 15808.8 32191.7 51146.2 69333.1 83572.1 91374.2 91374.2 83572.1 69333.1 51146.2 32191.7 15808.8 4873.93 519.015 35.3573 2.11596 0.122717 0.00673998 0.00031421
1.95322e-05 0.000388997 0.00662793 0.105547 1.51268 17.1813 121.628 376.563 760.432 1206.17 1634.35 1969.67 2153.4 2153.4 1969.67 1634.35 1206.17 760.432 376.563 121.628 17.1813 1.51268 0.105547 0.00662793 0.000388997 1.95322e-05
1.02759e-06 1.92776e-05 0.000305663 0.00438689 0.053675 0.496772 2.89266 8.57818 17.165 27.171 36.7968 44.338 48.4704 48.4704 44.338 36.7968 27.171 17.165 8.57818 2.89266 0.496772 0.053675 0.00438689 0.000305663 1.92776e-05 1.02759e-06
