0.00180156 0.0339517 0.541384 7.81701 96.1944 894.798 5233.84 15596.7 31374.6 49916.1 67886.3 82044 89828.9 89828.9 82044 67886.3 49916.1 31374.6 15596.7 5233.84 894.798 96.1944 7.81701 0.541384 0.0339518 0.00180156
0.0343158 0.686201 11.7542 188.37 2717.22 31037.4 220749 686945 1.39503e+06 2.22464e+06 3.02783e+06 3.66052e+06 4.00843e+06 4.00843e+06 3.66052e+06 3.02783e+06 2.22464e+06 1.39503e+06 686945 220749 31037.4 2717.22 188.37 11.7542 0.686201 0.0343158
0.553686 11.915 217.849 3778.17 63591.9 939734 8.86848e+06 2.89202e+07 5.92419e+07 9.46585e+07 1.2892e+08 1.55907e+08 1.70749e+08 1.70749e+08 1.55907e+08 1.2892e+08 9.46585e+07 5.92419e+07 2.89202e+07 8.86848e+06 939734 63591.9 3778.17 217.849 11.915 0.553686
8.07686 193.533 3842.97 69192.7 1.25469e+06 2.46618e+07 3.56413e+08 1.21765e+09 2.51189e+09 4.01954e+09 5.47737e+09 6.62581e+09 7.25748e+09 7.25748e+09 6.62581e+09 5.47737e+09 4.01954e+09 2.51189e+09 1.21765e+09 3.56413e+08 2.46618e+07 1.25469e+06 69192.7 3842.97 193.533 8.07686
100.137 2820.72 65686.8 1.2832e+06 2.13642e+07 4.82936e+08 1.44018e+10 5.13392e+10 1.06441e+11 1.70507e+11 2.32453e+11 2.81263e+11 3.08114e+11 3.08114e+11 2.81263e+11 2.32453e+11 1.70507e+11 1.06441e+11 5.13392e+10 1.44018e+10 4.82936e+08 2.13642e+07 1.2832e+06 65686.8 2820.72 100.137
936.236 32439.1 980337 2.56382e+07 4.98079e+08 7.06051e+09 7.0638e+11 2.57869e+12 5.34721e+12 8.55954e+12 1.16636e+13 1.41088e+13 1.54537e+13 1.54537e+13 1.41088e+13 1.16636e+13 8.55954e+12 5.34721e+12 2.57869e+12 7.0638e+11 7.06051e+09 4.98079e+08 2.56382e+07 980337 32439.1 936.236
5494.77 231767 9.31178e+06 3.74265e+08 1.51255e+10 7.38361e+11 6.73117e+13 2.35817e+14 4.80468e+14 7.61505e+14 1.03133e+15 1.24303e+15 1.35922e+15 1.35922e+15 1.24303e+15 1.03133e+15 7.61505e+14 4.80468e+14 2.35817e+14 6.73117e+13 7.38361e+11 1.51255e+10 3.74265e+08 9.31177e+06 231767 5494.77
16386.1 721834 3.03945e+07 1.27996e+09 5.39772e+10 2.69891e+12 2.36519e+14 8.26271e+14 1.68146e+15 2.66314e+15 3.60524e+15 4.34419e+15 4.74968e+15 4.74968e+15 4.34419e+15 3.60524e+15 2.66314e+15 1.68146e+15 8.26271e+14 2.36519e+14 2.69891e+12 5.39772e+10 1.27996e+09 3.03945e+07 721834 16386.1
32954.3 1.46551e+06 6.2246e+07 2.63974e+09 1.11879e+11 5.59551e+12 4.82296e+14 1.68289e+15 3.42295e+15 5.41977e+15 7.33574e+15 8.83838e+15 9.66292e+15 9.66292e+15 8.83838e+15 7.33574e+15 5.41977e+15 3.42295e+15 1.68289e+15 4.82296e+14 5.59551e+12 1.11879e+11 2.63974e+09 6.2246e+07 1.46551e+06 32954.3
52395.6 2.33548e+06 9.93907e+07 4.22116e+09 1.79089e+11 8.95121e+12 7.64513e+14 2.66587e+15 5.42075e+15 8.58157e+15 1.1614e+16 1.39922e+16 1.52971e+16 1.52971e+16 1.39922e+16 1.1614e+16 8.58157e+15 5.42075e+15 2.66587e+15 7.64513e+14 8.95121e+12 1.79089e+11 4.22116e+09 9.93907e+07 2.33548e+06 52395.6
71205.1 3.17626e+06 1.35258e+08 5.74742e+09 2.43948e+11 1.21877e+13 1.03526e+15 3.60851e+15 7.33627e+15 1.16128e+16 1.57155e+16 1.89327e+16 2.06979e+16 2.06979e+16 1.89327e+16 1.57155e+16 1.16128e+16 7.33627e+15 3.60851e+15 1.03526e+15 1.21877e+13 2.43948e+11 5.74742e+09 1.35258e+08 3.17626e+06 71205.1
86000.4 3.83745e+06 1.63461e+08 6.94765e+09 2.9496e+11 1.47327e+13 1.24749e+15 4.34728e+15 8.83737e+15 1.39882e+16 1.89292e+16 2.28038e+16 2.49297e+16 2.49297e+16 2.28038e+16 1.89292e+16 1.39882e+16 8.83737e+15 4.34728e+15 1.24749e+15 1.47327e+13 2.9496e+11 6.94765e+09 1.63461e+08 3.83745e+06 86000.4
94126.7 4.20061e+06 1.78953e+08 7.60698e+09 3.22986e+11 1.61308e+13 1.36389e+15 4.75244e+15 9.66056e+15 1.52907e+16 2.06915e+16 2.49265e+16 2.72502e+16 2.72502e+16 2.49265e+16 2.06915e+16 1.52907e+16 9.66056e+15 4.75244e+15 1.36389e+15 1.61308e+13 3.22986e+11 7.60698e+09 1.78953e+08 4.20061e+06 94126.7
94126.7 4.20061e+06 1.78953e+08 7.60698e+09 3.22986e+11 1.61308e+13 1.36389e+15 4.75244e+15 9.66056e+15 1.52907e+16 2.06915e+16 2.49265e+16 2.72502e+16 2.72502e+16 2.49265e+16 2.06915e+16 1.52907e+16 9.66056e+15 4.75244e+15 1.36389e+15 1.61308e+13 3.22986e+11 7.60698e+09 1.78953e+08 4.20061e+06 94126.7
86000.4 3.83745e+06 1.63461e+08 6.94765e+09 2.9496e+11 1.47327e+13 1.24749e+15 4.34728e+15 8.83737e+15 1.39882e+16 1.89292e+16 2.28038e+16 2.49297e+16 2.49297e+16 2.28038e+16 1.89292e+16 1.39882e+16 8.83737e+15 4.34728e+15 1.24749e+15 1.47327e+13 2.9496e+11 6.94765e+09 1.63461e+08 3.83745e+06 86000.4
71205.1 3.17626e+06 1.35258e+08 5.74742e+09 2.43948e+11 1.21877e+13 1.03526e+15 3.60851e+15 7.33627e+15 1.16128e+16 1.57155e+16 1.89327e+16 2.06979e+16 2.06979e+16 1.89327e+16 1.57155e+16 1.16128e+16 7.33627e+15 3.60851e+15 1.03526e+15 1.21877e+13 2.43948e+11 5.74742e+09 1.35258e+08 3.17626e+06 71205.1
52395.6 2.33548e+06 9.93907e+07 4.22116e+09 1.79089e+11 8.95121e+12 7.64513e+14 2.66587e+15 5.42075e+15 8.58157e+15 1.1614e+16 1.39922e+16 1.52971e+16 1.52971e+16 1.39922e+16 1.1614e+16 8.58157e+15 5.42075e+15 2.66587e+15 7.64513e+14 8.95121e+12 1.79089e+11 4.22116e+09 9.93907e+07 2.33548e+06 52395.6
32954.3 1.46551e+06 6.2246e+07 2.63974e+09 1.11879e+11 5.59551e+12 4.82296e+14 1.68289e+15 3.42295e+15 5.41977e+15 7.33574e+15 8.83838e+15 9.66292e+15 9.66292e+15 8.83838e+15 7.33574e+15 5.41977e+15 3.42295e+15 1.68289e+15 4.82296e+14 5.59551e+12 1.11879e+11 2.63974e+09 6.2246e+07 1.46551e+06 32954.3
16386.1 721834 3.03945e+07 1.27996e+09 5.39772e+10 2.69891e+12 2.36519e+14 8.26271e+14 1.68146e+15 2.66314e+15 3.60524e+15 4.34419e+15 4.74968e+15 4.74968e+15 4.34419e+15 3.60524e+15 2.66314e+15 1.68146e+15 8.26271e+14 2.36519e+14 2.69891e+12 5.39772e+10 1.27996e+09 3.03945e+07 721834 16386.1
5494.77 231767 9.31177e+06 3.74265e+08 1.51255e+10 7.38361e+11 6.73117e+13 2.35817e+14 4.80468e+14 7.61505e+14 1.03133e+15 1.24303e+15 1.35922e+15 1.35922e+15 1.24303e+15 1.03133e+15 7.61505e+14 4.80468e+14 2.35817e+14 6.73117e+13 7.38361e+11 1.51255e+10 3.74265e+08 9.31177e+06 231767 5494.77
936.236 32439.1 980337 2.56382e+07 4.98079e+08 7.06051e+09 7.0638e+11 2.57869e+12 5.34721e+12 8.55954e+12 1.16636e+13 1.41088e+13 1.54537e+13 1.54537e+13 1.41088e+13 1.16636e+13 8.55954e+12 5.34721e+12 2.57869e+12 7.0638e+11 7.06051e+09 4.98079e+08 2.56382e+07 980337 32439.1 936.236
100.137 2820.72 65686.8 1.2832e+06 2.13642e+07 4.82936e+08 1.44018e+10 5.13392e+10 1.06441e+11 1.70507e+11 2.32453e+11 2.81263e+11 3.08114e+11 3.08114e+11 2.81263e+11 2.32453e+11 1.70507e+11 1.06441e+11 5.13392e+10 1.44018e+10 4.82936e+08 2.13642e+07 1.2832e+06 65686.8 2820.72 100.137
8.07686 193.533 3842.97 69192.7 1.25469e+06 2.46618e+07 3.56413e+08 1.21765e+09 2.51189e+09 4.01954e+09 5.47737e+09 6.62581e+09 7.25748e+09 7.25748e+09 6.62581e+09 5.47737e+09 4.01954e+09 2.51189e+09 1.21765e+09 3.56413e+08 2.46618e+07 1.25469e+06 69192.7 3842.97 193.533 8.07686
0.553686 11.915 217.849 3778.17 63591.9 939734 8.86848e+06 2.89202e+07 5.92419e+07 9.46585e+07 1.2892e+08 1.55907e+08 1.70749e+08 1.70749e+08 1.55907e+08 1.2892e+08 9.46585e+07 5.92419e+07 2.89202e+07 8.86848e+06 939734 63591.9 3778.17 217.849 11.915 0.553686
0.0343158 0.686201 11.7542 188.37 2717.22 31037.4 220749 686945 1.39503e+06 2.22464e+06 3.02783e+06 3.66052e+06 4.00843e+06 4.00843e+06 3.66052e+06 3.02783e+06 2.22464e+06 1.39503e+06 686945 220749 31037.4 2717.22 188.37 11.7542 0.686201 0.0343158
0.00180156 0.0339517 0.541384 7.81701 96.1944 894.798 5233.84 15596.7 31374.6 49916.1 67886.3 82044 89828.9 89828.9 82044 67886.3 49916.1 31374.6 15596.7 5233.84 894.798 96.1944 7.81701 0.541384 0.0339517 0.00180156
