0.121573 2.31243 37.1364 538.972 6663.39 62303.8 366566 1.099e+06 2.22296e+06 3.55115e+06 4.84152e+06 5.85812e+06 6.41661e+06 6.41661e+06 5.85812e+06 4.84152e+06 3.55115e+06 2.22296e+06 1.099e+06 366566 62303.8 6663.39 538.972 37.1364 2.31243 0.121573
2.34433 47.4503 820.011 13209.6 191214 2.19265e+06 1.5676e+07 4.90965e+07 1.00304e+08 1.60669e+08 2.19262e+08 2.65412e+08 2.90763e+08 2.90763e+08 2.65412e+08 2.19262e+08 1.60669e+08 1.00304e+08 4.90965e+07 1.5676e+07 2.19265e+06 191214 13209.6 820.011 47.4503 2.34433
38.2202 834.497 15428 269187 4.53945e+06 6.71797e+07 6.36406e+08 2.08944e+09 4.30807e+09 6.91664e+09 9.4467e+09 1.14391e+10 1.25334e+10 1.25334e+10 1.14391e+10 9.4467e+09 6.91664e+09 4.30807e+09 2.08944e+09 6.36406e+08 6.71797e+07 4.53945e+06 269187 15428 834.497 38.2202
561.792 13675.6 275202 4.99953e+06 9.08285e+07 1.78041e+09 2.57628e+10 8.86522e+10 1.84167e+11 2.96209e+11 4.04823e+11 4.90341e+11 5.37308e+11 5.37308e+11 4.90341e+11 4.04823e+11 2.96209e+11 1.84167e+11 8.86522e+10 2.57628e+10 1.78041e+09 9.08285e+07 4.99953e+06 275202 13675.6 561.792
7005.23 200444 4.73261e+06 9.35702e+07 1.57089e+09 3.52303e+10 1.04583e+12 3.75725e+12 7.84875e+12 1.26405e+13 1.72847e+13 2.0941e+13 2.29487e+13 2.29487e+13 2.0941e+13 1.72847e+13 1.26405e+13 7.84875e+12 3.75725e+12 1.04583e+12 3.52303e+10 1.57089e+09 9.35702e+07 4.73261e+06 200444 7005.23
65823.7 2.3145e+06 7.08094e+07 1.87158e+09 3.68108e+10 5.28552e+11 5.14861e+13 1.89507e+14 3.961e+14 6.37631e+14 8.71606e+14 1.05576e+15 1.15687e+15 1.15687e+15 1.05576e+15 8.71606e+14 6.37631e+14 3.961e+14 1.89507e+14 5.14861e+13 5.28552e+11 3.68108e+10 1.87158e+09 7.08094e+07 2.3145e+06 65823.7
388274 1.66048e+07 6.74134e+08 2.72915e+10 1.10799e+12 5.41011e+13 4.91233e+15 1.73301e+16 3.55648e+16 5.66938e+16 7.70842e+16 9.31182e+16 1.01924e+17 1.01924e+17 9.31182e+16 7.70842e+16 5.66938e+16 3.55648e+16 1.73301e+16 4.91233e+15 5.41011e+13 1.10799e+12 2.72915e+10 6.74134e+08 1.66048e+07 388274
1.16455e+06 5.20307e+07 2.2146e+09 9.39755e+10 3.98343e+12 1.994e+14 1.73884e+16 6.1149e+16 1.25309e+17 1.99593e+17 2.71255e+17 3.27601e+17 3.58545e+17 3.58545e+17 3.27601e+17 2.71255e+17 1.99593e+17 1.25309e+17 6.1149e+16 1.73884e+16 1.994e+14 3.98343e+12 9.39755e+10 2.2146e+09 5.20307e+07 1.16455e+06
2.3545e+06 1.06252e+08 4.56414e+09 1.95139e+11 8.31756e+12 4.16698e+14 3.57194e+16 1.25435e+17 2.56869e+17 4.08973e+17 5.55669e+17 6.70998e+17 7.34333e+17 7.34333e+17 6.70998e+17 5.55669e+17 4.08973e+17 2.56869e+17 1.25435e+17 3.57194e+16 4.16698e+14 8.31756e+12 1.95139e+11 4.56414e+09 1.06252e+08 2.3545e+06
3.75819e+06 1.70054e+08 7.32144e+09 3.1358e+11 1.33834e+13 6.70277e+14 5.69479e+16 1.99828e+17 4.09045e+17 6.51081e+17 8.8446e+17 1.06791e+18 1.16865e+18 1.16865e+18 1.06791e+18 8.8446e+17 6.51081e+17 4.09045e+17 1.99828e+17 5.69479e+16 6.70277e+14 1.33834e+13 3.1358e+11 7.32144e+09 1.70054e+08 3.75819e+06
5.11906e+06 2.31848e+08 9.98972e+09 4.28128e+11 1.82814e+13 9.15346e+14 7.74096e+16 2.71514e+17 5.55651e+17 8.84278e+17 1.20109e+18 1.4501e+18 1.58683e+18 1.58683e+18 1.4501e+18 1.20109e+18 8.84278e+17 5.55651e+17 2.71514e+17 7.74096e+16 9.15346e+14 1.82814e+13 4.28128e+11 9.98972e+09 2.31848e+08 5.11906e+06
6.18907e+06 2.80419e+08 1.20864e+10 5.18117e+11 2.21284e+13 1.10779e+15 9.34783e+16 3.27806e+17 6.70766e+17 1.06736e+18 1.44966e+18 1.7501e+18 1.91506e+18 1.91506e+18 1.7501e+18 1.44966e+18 1.06736e+18 6.70766e+17 3.27806e+17 9.34783e+16 1.10779e+15 2.21284e+13 5.18117e+11 1.20864e+10 2.80419e+08 6.18907e+06
6.77608e+06 3.07061e+08 1.32363e+10 5.6746e+11 2.42373e+13 1.21328e+15 1.02294e+17 3.58692e+17 7.33923e+17 1.16781e+18 1.58601e+18 1.91467e+18 2.09511e+18 2.09511e+18 1.91467e+18 1.58601e+18 1.16781e+18 7.33923e+17 3.58692e+17 1.02294e+17 1.21328e+15 2.42373e+13 5.6746e+11 1.32363e+10 3.07061e+08 6.77608e+06
6.77608e+06 3.07061e+08 1.32363e+10 5.6746e+11 2.42373e+13 1.21328e+15 1.02294e+17 3.58692e+17 7.33923e+17 1.16781e+18 1.58601e+18 1.91467e+18 2.09511e+18 2.09511e+18 1.91467e+18 1.58601e+18 1.16781e+18 7.33923e+17 3.58692e+17 1.02294e+17 1.21328e+15 2.42373e+13 5.6746e+11 1.32363e+10 3.07061e+08 6.77608e+06
6.18907e+06 2.80419e+08 1.20864e+10 5.18117e+11 2.21284e+13 1.10779e+15 9.34783e+16 3.27806e+17 6.70766e+17 1.06736e+18 1.44966e+18 1.7501e+18 1.91506e+18 1.91506e+18 1.7501e+18 1.44966e+18 1.06736e+18 6.70766e+17 3.27806e+17 9.34783e+16 1.10779e+15 2.21284e+13 5.18117e+11 1.20864e+10 2.80419e+08 6.18907e+06
5.11906e+06 2.31848e+08 9.98972e+09 4.28128e+11 1.82814e+13 9.15346e+14 7.74096e+16 2.71514e+17 5.55651e+17 8.84278e+17 1.20109e+18 1.4501e+18 1.58683e+18 1.58683e+18 1.4501e+18 1.20109e+18 8.84278e+17 5.55651e+17 2.71514e+17 7.74096e+16 9.15346e+14 1.82814e+13 4.28128e+11 9.98972e+09 2.31848e+08 5.11906e+06
3.75819e+06 1.70054e+08 7.32144e+09 3.1358e+11 1.33834e+13 6.70277e+14 5.69479e+16 1.99828e+17 4.09045e+17 6.51081e+17 8.8446e+17 1.06791e+18 1.16865e+18 1.16865e+18 1.06791e+18 8.8446e+17 6.51081e+17 4.09045e+17 1.99828e+17 5.69479e+16 6.70277e+14 1.33834e+13 3.1358e+11 7.32144e+09 1.70054e+08 3.75819e+06
2.3545e+06 1.06252e+08 4.56414e+09 1.95139e+11 8.31756e+12 4.16698e+14 3.57194e+16 1.25435e+17 2.56869e+17 4.08973e+17 5.55669e+17 6.70998e+17 7.34333e+17 7.34333e+17 6.70998e+17 5.55669e+17 4.08973e+17 2.56869e+17 1.25435e+17 3.57194e+16 4.16698e+14 8.31756e+12 1.95139e+11 4.56414e+09 1.06252e+08 2.3545e+06
1.16455e+06 5.20307e+07 2.2146e+09 9.39755e+10 3.98343e+12 1.994e+14 1.73884e+16 6.1149e+16 1.25309e+17 1.99593e+17 2.71255e+17 3.27601e+17 3.58545e+17 3.58545e+17 3.27601e+17 2.71255e+17 1.99593e+17 1.25309e+17 6.1149e+16 1.73884e+16 1.994e+14 3.98343e+12 9.39755e+10 2.2146e+09 5.20307e+07 1.16455e+06
388274 1.66048e+07 6.74134e+08 2.72915e+10 1.10799e+12 5.41011e+13 4.91233e+15 1.73301e+16 3.55648e+16 5.66938e+16 7.70842e+16 9.31182e+16 1.01924e+17 1.01924e+17 9.31182e+16 7.70842e+16 5.66938e+16 3.55648e+16 1.73301e+16 4.91233e+15 5.41011e+13 1.10799e+12 2.72915e+10 6.74134e+08 1.66048e+07 388274
65823.7 2.3145e+06 7.08094e+07 1.87158e+09 3.68108e+10 5.28552e+11 5.14861e+13 1.89507e+14 3.961e+14 6.37631e+14 8.71606e+14 1.05576e+15 1.15687e+15 1.15687e+15 1.05576e+15 8.71606e+14 6.37631e+14 3.961e+14 1.89507e+14 5.14861e+13 5.28552e+11 3.68108e+10 1.87158e+09 7.08094e+07 2.3145e+06 65823.7
7005.23 200444 4.73261e+06 9.35702e+07 1.57089e+09 3.52303e+10 1.04583e+12 3.75725e+12 7.84875e+12 1.26405e+13 1.72847e+13 2.0941e+13 2.29487e+13 2.29487e+13 2.0941e+13 1.72847e+13 1.26405e+13 7.84875e+12 3.75725e+12 1.04583e+12 3.52303e+10 1.57089e+09 9.35702e+07 4.73261e+06 200444 7005.23
561.792 13675.6 275202 4.99953e+06 9.08285e+07 1.78041e+09 2.57628e+10 8.86522e+10 1.84167e+11 2.96209e+11 4.04823e+11 4.90341e+11 5.37308e+11 5.37308e+11 4.90341e+11 4.04823e+11 2.96209e+11 1.84167e+11 8.86522e+10 2.57628e+10 1.78041e+09 9.08285e+07 4.99953e+06 275202 13675.6 561.792
38.2202 834.497 15428 269187 4.53945e+06 6.71797e+07 6.36406e+08 2.08944e+09 4.30807e+09 6.91664e+09 9.4467e+09 1.14391e+10 1.25334e+10 1.25334e+10 1.14391e+10 9.4467e+09 6.91664e+09 4.30807e+09 2.08944e+09 6.36406e+08 6.71797e+07 4.53945e+06 269187 15428 834.497 38.2202
2.34433 47.4503 820.011 13209.6 191214 2.19265e+06 1.5676e+07 4.90965e+07 1.00304e+08 1.60669e+08 2.19262e+08 2.65412e+08 2.90763e+08 2.90763e+08 2.65412e+08 2.19262e+08 1.60669e+08 1.00304e+08 4.90965e+07 1.5676e+07 2.19265e+06 191214 13209.6 820.011 47.4503 2.34433
0.121573 2.31243 37.1364 538.972 6663.39 62303.8 366566 1.099e+06 2.22296e+06 3.55115e+06 4.84152e+06 5.85812e+06 6.41661e+06 6.41661e+06 5.85812e+06 4.84152e+06 3.55115e+06 2.22296e+06 1.099e+06 366566 62303.8 6663.39 538.972 37.1364 2.31243 0.121573
