0.00031065 0.00585233 0.0933004 1.34709 16.5773 154.212 902.245 2690.92 5420.47 8638.35 11768.3 14242.2 15605.7 15605.7 14242.2 11768.3 8638.35 5420.47 2690.92 902.245 154.212 16.5773 1.34709 0.0933004 0.00585233 0.00031065
0.00591353 0.118188 2.0238 32.43 467.828 5344.26 38018.2 118406 240786 384641 524435 634927 695831 695831 634927 524435 384641 240786 118406 38018.2 5344.26 467.828 32.43 2.0238 0.118188 0.00591353
0.0953689 2.05079 37.4745 649.786 10938.2 161673 1.52604e+06 4.98049e+06 1.02166e+07 1.63534e+07 2.2313e+07 2.7024e+07 2.96212e+07 2.96212e+07 2.7024e+07 2.2313e+07 1.63534e+07 1.02166e+07 4.98049e+06 1.52604e+06 161673 10938.2 649.786 37.4745 2.05079 0.0953689
1.39082 33.2971 660.641 11888.6 215589 4.23946e+06 6.12843e+07 2.09541e+08 4.32877e+08 6.93964e+08 9.47443e+08 1.14787e+09 1.25839e+09 1.25839e+09 1.14787e+09 9.47443e+08 6.93964e+08 4.32877e+08 2.09541e+08 6.12843e+07 4.23946e+06 215589 11888.6 660.641 33.2971 1.39082
17.2423 485.242 11289.5 220351 3.66659e+06 8.29454e+07 2.47485e+09 8.82938e+09 1.83324e+10 2.94224e+10 4.01906e+10 4.87083e+10 5.34066e+10 5.34066e+10 4.87083e+10 4.01906e+10 2.94224e+10 1.83324e+10 8.82938e+09 2.47485e+09 8.29454e+07 3.66659e+06 220351 11289.5 485.242 17.2423
161.223 5580.91 168509 4.40311e+06 8.54529e+07 1.21009e+09 1.21313e+11 4.43186e+11 9.20265e+11 1.47582e+12 2.01487e+12 2.44112e+12 2.67619e+12 2.67619e+12 2.44112e+12 2.01487e+12 1.47582e+12 9.20265e+11 4.43186e+11 1.21313e+11 1.21009e+09 8.54529e+07 4.40311e+06 168509 5580.91 161.223
946.547 39886.5 1.60111e+06 6.43038e+07 2.59712e+09 1.26734e+11 1.15577e+13 4.05e+13 8.25655e+13 1.30974e+14 1.77554e+14 2.14175e+14 2.34303e+14 2.34303e+14 2.14175e+14 1.77554e+14 1.30974e+14 8.25655e+13 4.05e+13 1.15577e+13 1.26734e+11 2.59712e+09 6.43038e+07 1.60111e+06 39886.5 946.547
2825.45 124344 5.23111e+06 2.20123e+08 9.27687e+09 4.63633e+11 4.06226e+13 1.41938e+14 2.88997e+14 4.58089e+14 6.20695e+14 7.48485e+14 8.18708e+14 8.18708e+14 7.48485e+14 6.20695e+14 4.58089e+14 2.88997e+14 1.41938e+14 4.06226e+13 4.63633e+11 9.27687e+09 2.20123e+08 5.23111e+06 124344 2825.45
5690.94 252839 1.07297e+07 4.54695e+08 1.92596e+10 9.62716e+11 8.2895e+13 2.89279e+14 5.88675e+14 9.32805e+14 1.26366e+15 1.52363e+15 1.66647e+15 1.66647e+15 1.52363e+15 1.26366e+15 9.32805e+14 5.88675e+14 2.89279e+14 8.2895e+13 9.62716e+11 1.92596e+10 4.54695e+08 1.07297e+07 252839 5690.94
9065.17 403703 1.71664e+07 7.28578e+08 3.08948e+10 1.54321e+12 1.31538e+14 4.58689e+14 9.33121e+14 1.47833e+15 2.00241e+15 2.41418e+15 2.64043e+15 2.64043e+15 2.41418e+15 2.00241e+15 1.47832e+15 9.33121e+14 4.58689e+14 1.31538e+14 1.54321e+12 3.08948e+10 7.28578e+08 1.71664e+07 403703 9065.17
12342.7 550103 2.34082e+07 9.94086e+08 4.21751e+10 2.10566e+12 1.78321e+14 6.21538e+14 1.26415e+15 2.00253e+15 2.71224e+15 3.26981e+15 3.57615e+15 3.57615e+15 3.26981e+15 2.71224e+15 2.00253e+15 1.26415e+15 6.21538e+14 1.78321e+14 2.10566e+12 4.21751e+10 9.94086e+08 2.34082e+07 550103 12342.7
14930 665664 2.83356e+07 1.20373e+09 5.10851e+10 2.5498e+12 2.15083e+14 7.49455e+14 1.52414e+15 2.41419e+15 3.26964e+15 3.94169e+15 4.31091e+15 4.31091e+15 3.94169e+15 3.26964e+15 2.41419e+15 1.52414e+15 7.49455e+14 2.15083e+14 2.5498e+12 5.10851e+10 1.20373e+09 2.83356e+07 665664 14930
16354.6 729304 3.10496e+07 1.31923e+09 5.5995e+10 2.7945e+12 2.3528e+14 8.19719e+14 1.66694e+15 2.64029e+15 3.57577e+15 4.31068e+15 4.71444e+15 4.71444e+15 4.31068e+15 3.57577e+15 2.64029e+15 1.66694e+15 8.19719e+14 2.3528e+14 2.7945e+12 5.5995e+10 1.31923e+09 3.10496e+07 729304 16354.6
16354.6 729304 3.10496e+07 1.31923e+09 5.5995e+10 2.7945e+12 2.3528e+14 8.19719e+14 1.66694e+15 2.64029e+15 3.57577e+15 4.31068e+15 4.71444e+15 4.71444e+15 4.31068e+15 3.57577e+15 2.64029e+15 1.66694e+15 8.19719e+14 2.3528e+14 2.7945e+12 5.5995e+10 1.31923e+09 3.10496e+07 729304 16354.6
14930 665664 2.83356e+07 1.20373e+09 5.10851e+10 2.5498e+12 2.15083e+14 7.49455e+14 1.52414e+15 2.41419e+15 3.26964e+15 3.94169e+15 4.31091e+15 4.31091e+15 3.94169e+15 3.26964e+15 2.41419e+15 1.52414e+15 7.49455e+14 2.15083e+14 2.5498e+12 5.10851e+10 1.20373e+09 2.83356e+07 665664 14930
12342.7 550103 2.34082e+07 9.94086e+08 4.21751e+10 2.10566e+12 1.78321e+14 6.21538e+14 1.26415e+15 2.00253e+15 2.71224e+15 3.26981e+15 3.57615e+15 3.57615e+15 3.26981e+15 2.71224e+15 2.00253e+15 1.26415e+15 6.21538e+14 1.78321e+14 2.10566e+12 4.21751e+10 9.94086e+08 2.34082e+07 550103 12342.7
9065.17 403703 1.71664e+07 7.28578e+08 3.08948e+10 1.54321e+12 1.31538e+14 4.58689e+14 9.33121e+14 1.47832e+15 2.00241e+15 2.41418e+15 2.64043e+15 2.64043e+15 2.41418e+15 2.00241e+15 1.47833e+15 9.33121e+14 4.58689e+14 1.31538e+14 1.54321e+12 3.08948e+10 7.28578e+08 1.71664e+07 403703 9065.17
5690.94 252839 1.07297e+07 4.54695e+08 1.92596e+10 9.62716e+11 8.2895e+13 2.89279e+14 5.88675e+14 9.32805e+14 1.26366e+15 1.52363e+15 1.66647e+15 1.66647e+15 1.52363e+15 1.26366e+15 9.32805e+14 5.88675e+14 2.89279e+14 8.2895e+13 9.62716e+11 1.92596e+10 4.54695e+08 1.07297e+07 252839 5690.94
2825.45 124344 5.23111e+06 2.20123e+08 9.27687e+09 4.63633e+11 4.06226e+13 1.41938e+14 2.88997e+14 4.58089e+14 6.20695e+14 7.48485e+14 8.18708e+14 8.18708e+14 7.48485e+14 6.20695e+14 4.58089e+14 2.88997e+14 1.41938e+14 4.06226e+13 4.63633e+11 9.27687e+09 2.20123e+08 5.23111e+06 124344 2825.45
946.547 39886.5 1.60111e+06 6.43038e+07 2.59712e+09 1.26734e+11 1.15577e+13 4.05e+13 8.25655e+13 1.30974e+14 1.77554e+14 2.14175e+14 2.34303e+14 2.34303e+14 2.14175e+14 1.77554e+14 1.30974e+14 8.25655e+13 4.05e+13 1.15577e+13 1.26734e+11 2.59712e+09 6.43038e+07 1.60111e+06 39886.5 946.547
161.223 5580.91 168509 4.40311e+06 8.54529e+07 1.21009e+09 1.21313e+11 4.43186e+11 9.20265e+11 1.47582e+12 2.01487e+12 2.44112e+12 2.67619e+12 2.67619e+12 2.44112e+12 2.01487e+12 1.47582e+12 9.20265e+11 4.43186e+11 1.21313e+11 1.21009e+09 8.54529e+07 4.40311e+06 168509 5580.91 161.223
17.2423 485.242 11289.5 220351 3.66659e+06 8.29454e+07 2.47485e+09 8.82938e+09 1.83324e+10 2.94224e+10 4.01906e+10 4.87083e+10 5.34066e+10 5.34066e+10 4.87083e+10 4.01906e+10 2.94224e+10 1.83324e+10 8.82938e+09 2.47485e+09 8.29454e+07 3.66659e+06 220351 11289.5 485.242 17.2423
1.39082 33.2971 660.641 11888.6 215589 4.23946e+06 6.12843e+07 2.09541e+08 4.32877e+08 6.93964e+08 9.47443e+08 1.14787e+09 1.25839e+09 1.25839e+09 1.14787e+09 9.47443e+08 6.93964e+08 4.32877e+08 2.09541e+08 6.12843e+07 4.23946e+06 215589 11888.6 660.641 33.2971 1.39082
0.0953689 2.05079 37.4745 649.786 10938.2 161673 1.52604e+06 4.98049e+06 1.02166e+07 1.63534e+07 2.2313e+07 2.7024e+07 2.96212e+07 2.96212e+07 2.7024e+07 2.2313e+07 1.63534e+07 1.02166e+07 4.98049e+06 1.52604e+06 161673 10938.2 649.786 37.4745 2.05079 0.0953689
0.00591353 0.118188 2.0238 32.43 467.828 5344.26 38018.2 118406 240786 384641 524435 634927 695831 695831 634927 524435 384641 240786 118406 38018.2 5344.26 467.828 32.43 2.0238 0.118188 0.00591353
0.000310649 0.00585233 0.0933004 1.34709 16.5773 154.212 902.245 2690.92 5420.47 8638.35 11768.3 14242.2 15605.7 15605.7 14242.2 11768.3 8638.35 5420.47 2690.92 902.245 154.212 16.5773 1.34709 0.0933004 0.00585233 0.00031065
