2.65184e-05 0.000499231 0.00795343 0.11476 1.4114 13.1221 76.73 228.719 460.492 733.598 999.19 1209.13 1324.84 1324.84 1209.13 999.19 733.598 460.492 228.719 76.73 13.1221 1.4114 0.11476 0.00795343 0.000499231 2.65184e-05
0.000504455 0.0100742 0.172377 2.76037 39.7968 454.365 3230.47 10055.1 20436.4 32632.8 44482.3 53848.4 59011.7 59011.7 53848.4 44482.3 32632.8 20436.4 10055.1 3230.47 454.365 39.7968 2.76037 0.172377 0.0100742 0.000504455
0.00812988 0.174677 3.18932 55.2624 929.722 13734.7 129576 422620 866404 1.38621e+06 1.89089e+06 2.28985e+06 2.50983e+06 2.50983e+06 2.28985e+06 1.89089e+06 1.38621e+06 866404 422620 129576 13734.7 929.722 55.2624 3.18932 0.174677 0.00812988
0.11849 2.83424 56.1863 1010.35 18311.2 359928 5.20075e+06 1.77698e+07 3.66852e+07 5.87833e+07 8.02324e+07 9.7193e+07 1.06547e+08 1.06547e+08 9.7193e+07 8.02324e+07 5.87833e+07 3.66852e+07 1.77698e+07 5.20075e+06 359928 18311.2 1010.35 56.1863 2.83424 0.11849
1.4681 41.28 959.616 18715.9 311225 7.03809e+06 2.09943e+08 7.48432e+08 1.55285e+09 2.49095e+09 3.4016e+09 4.12199e+09 4.51942e+09 4.51942e+09 4.12199e+09 3.4016e+09 2.49095e+09 1.55285e+09 7.48432e+08 2.09943e+08 7.03809e+06 311225 18715.9 959.616 41.28 1.4681
13.7199 474.523 14316.4 373836 7.25077e+06 1.02614e+08 1.02888e+10 3.75569e+10 7.79259e+10 1.24899e+11 1.70465e+11 2.06498e+11 2.26373e+11 2.26373e+11 2.06498e+11 1.70465e+11 1.24899e+11 7.79259e+10 3.75569e+10 1.02888e+10 1.02614e+08 7.25077e+06 373836 14316.4 474.523 13.7199
80.5093 3389.67 135967 5.4576e+06 2.20337e+08 1.07498e+10 9.80166e+11 3.43225e+12 6.99209e+12 1.10849e+13 1.50209e+13 1.81144e+13 1.98145e+13 1.98145e+13 1.81144e+13 1.50209e+13 1.10849e+13 6.99209e+12 3.43225e+12 9.80166e+11 1.07498e+10 2.20337e+08 5.4576e+06 135967 3389.67 80.5093
240.205 10561.5 443972 1.86706e+07 7.86497e+08 3.92966e+10 3.44277e+12 1.20211e+13 2.44584e+13 3.87457e+13 5.24767e+13 6.32643e+13 6.91915e+13 6.91916e+13 6.32643e+13 5.24767e+13 3.87457e+13 2.44584e+13 1.20211e+13 3.44277e+12 3.92966e+10 7.86497e+08 1.86706e+07 443972 10561.5 240.205
483.621 21466 910190 3.85452e+07 1.63183e+09 8.15429e+10 7.02063e+12 2.44836e+13 4.97881e+13 7.88465e+13 1.06766e+14 1.28698e+14 1.40746e+14 1.40746e+14 1.28698e+14 1.06766e+14 7.88465e+13 4.97881e+13 2.44836e+13 7.02063e+12 8.15429e+10 1.63183e+09 3.85452e+07 910190 21466 483.621
770.175 34264.5 1.45573e+06 6.17405e+07 2.61665e+09 1.30655e+11 1.11345e+13 3.88016e+13 7.88791e+13 1.24892e+14 1.69096e+14 2.03814e+14 2.22887e+14 2.22887e+14 2.03814e+14 1.69096e+14 1.24892e+14 7.88791e+13 3.88016e+13 1.11345e+13 1.30655e+11 2.61665e+09 6.17405e+07 1.45573e+06 34264.5 770.175
1048.53 46684.6 1.98477e+06 8.42272e+07 3.57146e+09 1.7824e+11 1.50896e+13 5.25591e+13 1.06825e+14 1.69119e+14 2.28957e+14 2.75952e+14 3.01768e+14 3.01768e+14 2.75952e+14 2.28957e+14 1.69119e+14 1.06825e+14 5.25591e+13 1.50896e+13 1.7824e+11 3.57146e+09 8.42272e+07 1.98477e+06 46684.6 1048.53
1268.32 56491.1 2.40252e+06 1.01988e+08 4.32589e+09 2.15828e+11 1.8197e+13 6.33639e+13 1.28769e+14 2.03844e+14 2.75955e+14 3.32587e+14 3.63696e+14 3.63696e+14 3.32587e+14 2.75955e+14 2.03844e+14 1.28769e+14 6.33639e+13 1.8197e+13 2.15828e+11 4.32589e+09 1.01988e+08 2.40252e+06 56491.1 1268.32
1389.38 61893.1 2.63269e+06 1.11776e+08 4.74176e+09 2.36544e+11 1.99043e+13 6.9299e+13 1.40822e+14 2.22916e+14 3.01767e+14 3.6369e+14 3.97705e+14 3.97705e+14 3.6369e+14 3.01767e+14 2.22916e+14 1.40822e+14 6.9299e+13 1.99043e+13 2.36544e+11 4.74176e+09 1.11776e+08 2.63269e+06 61893.1 1389.38
1389.38 61893.1 2.63269e+06 1.11776e+08 4.74176e+09 2.36544e+11 1.99043e+13 6.9299e+13 1.40822e+14 2.22916e+14 3.01767e+14 3.6369e+14 3.97705e+14 3.97705e+14 3.6369e+14 3.01767e+14 2.22916e+14 1.40822e+14 6.9299e+13 1.99043e+13 2.36544e+11 4.74176e+09 1.11776e+08 2.63269e+06 61893.1 1389.38
1268.32 56491.1 2.40252e+06 1.01988e+08 4.32589e+09 2.15828e+11 1.8197e+13 6.33639e+13 1.28769e+14 2.03844e+14 2.75955e+14 3.32587e+14 3.63696e+14 3.63696e+14 3.32587e+14 2.75955e+14 2.03844e+14 1.28769e+14 6.33639e+13 1.8197e+13 2.15828e+11 4.32589e+09 1.01988e+08 2.40252e+06 56491.1 1268.32
1048.53 46684.6 1.98477e+06 8.42272e+07 3.57146e+09 1.7824e+11 1.50896e+13 5.25591e+13 1.06825e+14 1.69119e+14 2.28957e+14 2.75952e+14 3.01768e+14 3.01768e+14 2.75952e+14 2.28957e+14 1.69119e+14 1.06825e+14 5.25591e+13 1.50896e+13 1.7824e+11 3.57146e+09 8.42272e+07 1.98477e+06 46684.6 1048.53
770.175 34264.5 1.45573e+06 6.17405e+07 2.61665e+09 1.30655e+11 1.11345e+13 3.88016e+13 7.88791e+13 1.24892e+14 1.69096e+14 2.03814e+14 2.22887e+14 2.22887e+14 2.03814e+14 1.69096e+14 1.24892e+14 7.88791e+13 3.88016e+13 1.11345e+13 1.30655e+11 2.61665e+09 6.17405e+07 1.45573e+06 34264.5 770.175
483.621 21466 910190 3.85452e+07 1.63183e+09 8.15429e+10 7.02063e+12 2.44836e+13 4.97881e+13 7.88465e+13 1.06766e+14 1.28698e+14 1.40746e+14 1.40746e+14 1.28698e+14 1.06766e+14 7.88465e+13 4.97881e+13 2.44836e+13 7.02063e+12 8.15429e+10 1.63183e+09 3.85452e+07 910190 21466 483.621
240.205 10561.5 443972 1.86706e+07 7.86497e+08 3.92966e+10 3.44277e+12 1.20211e+13 2.44584e+13 3.87457e+13 5.24767e+13 6.32643e+13 6.91916e+13 6.91915e+13 6.32643e+13 5.24767e+13 3.87457e+13 2.44584e+13 1.20211e+13 3.44277e+12 3.92966e+10 7.86497e+08 1.86706e+07 443972 10561.5 240.205
80.5093 3389.67 135967 5.4576e+06 2.20337e+08 1.07498e+10 9.80166e+11 3.43225e+12 6.99209e+12 1.10849e+13 1.50209e+13 1.81144e+13 1.98145e+13 1.98145e+13 1.81144e+13 1.50209e+13 1.10849e+13 6.99209e+12 3.43225e+12 9.80166e+11 1.07498e+10 2.20337e+08 5.4576e+06 135967 3389.67 80.5093
13.7199 474.523 14316.4 373836 7.25077e+06 1.02614e+08 1.02888e+10 3.75569e+10 7.79259e+10 1.24899e+11 1.70465e+11 2.06498e+11 2.26373e+11 2.26373e+11 2.06498e+11 1.70465e+11 1.24899e+11 7.79259e+10 3.75569e+10 1.02888e+10 1.02614e+08 7.25077e+06 373836 14316.4 474.523 13.7199
1.4681 41.28 959.616 18715.9 311225 7.03809e+06 2.09943e+08 7.48432e+08 1.55285e+09 2.49095e+09 3.4016e+09 4.12199e+09 4.51942e+09 4.51942e+09 4.12199e+09 3.4016e+09 2.49095e+09 1.55285e+09 7.48432e+08 2.09943e+08 7.03809e+06 311225 18715.9 959.616 41.28 1.4681
0.11849 2.83424 56.1863 1010.35 18311.2 359928 5.20075e+06 1.77698e+07 3.66852e+07 5.87833e+07 8.02324e+07 9.7193e+07 1.06547e+08 1.06547e+08 9.7193e+07 8.02324e+07 5.87833e+07 3.66852e+07 1.77698e+07 5.20075e+06 359928 18311.2 1010.35 56.1863 2.83424 0.11849
0.00812988 0.174677 3.18932 55.2624 929.722 13734.7 129576 422620 866404 1.38621e+06 1.89089e+06 2.28985e+06 2.50983e+06 2.50983e+06 2.28985e+06 1.89089e+06 1.38621e+06 866404 422620 129576 13734.7 929.722 55.2624 3.18932 0.174677 0.00812988
0.000504455 0.0100742 0.172377 2.76037 39.7968 454.365 3230.47 10055.1 20436.4 32632.8 44482.3 53848.4 59011.7 59011.7 53848.4 44482.3 32632.8 20436.4 10055.1 3230.47 454.365 39.7968 2.76037 0.172377 0.0100742 0.000504455
2.65184e-05 0.000499231 0.00795343 0.11476 1.4114 13.1221 76.73 228.719 460.492 733.598 999.19 1209.13 1324.84 1324.84 1209.13 999.19 733.598 460.492 228.719 76.73 13.1221 1.4114 0.11476 0.00795343 0.000499231 2.65184e-05
