7.45666 138.392 2148.19 29967.6 356562 3.23189e+06 1.85941e+07 5.4761e+07 1.08711e+08 1.70431e+08 2.28506e+08 2.7305e+08 2.97089e+08 2.97089e+08 2.7305e+08 2.28506e+08 1.70431e+08 1.08711e+08 5.4761e+07 1.85941e+07 3.23189e+06 356562 29967.6 2148.19 138.392 7.45666
143.392 2847.25 47773.1 738481 1.02104e+07 1.12654e+08 7.84992e+08 2.41259e+09 4.83167e+09 7.58594e+09 1.017e+10 1.21483e+10 1.32148e+10 1.32148e+10 1.21483e+10 1.017e+10 7.58594e+09 4.83167e+09 2.41259e+09 7.84992e+08 1.12654e+08 1.02104e+07 738481 47773.1 2847.25 143.392
2314.38 50003.5 908580 1.53153e+07 2.44878e+08 3.44142e+09 3.15964e+10 1.01695e+11 2.05293e+11 3.22665e+11 4.32473e+11 5.16389e+11 5.61576e+11 5.61576e+11 5.16389e+11 4.32473e+11 3.22665e+11 2.05293e+11 1.01695e+11 3.15964e+10 3.44142e+09 2.44878e+08 1.53153e+07 908580 50003.5 2314.38
33341.6 808327 1.62366e+07 2.91486e+08 5.05076e+09 9.18357e+10 1.27298e+12 4.28984e+12 8.71505e+12 1.37058e+13 1.83632e+13 2.19163e+13 2.38274e+13 2.38274e+13 2.19163e+13 1.83632e+13 1.37058e+13 8.71505e+12 4.28984e+12 1.27298e+12 9.18357e+10 5.05076e+09 2.91486e+08 1.62366e+07 808327 33341.6
404302 1.15231e+07 2.73363e+08 5.47926e+09 9.23042e+10 1.87327e+12 5.15767e+13 1.81274e+14 3.69875e+14 5.81772e+14 7.79095e+14 9.29386e+14 1.01013e+15 1.01013e+15 9.29386e+14 7.79095e+14 5.81772e+14 3.69875e+14 1.81274e+14 5.15767e+13 1.87327e+12 9.23042e+10 5.47926e+09 2.73363e+08 1.15231e+07 404302
3.6863e+06 1.28544e+08 3.92996e+09 1.05035e+11 2.14893e+12 3.2516e+13 2.5693e+15 9.24065e+15 1.88567e+16 2.96396e+16 3.96776e+16 4.73234e+16 5.14317e+16 5.14317e+16 4.73234e+16 3.96776e+16 2.96396e+16 1.88567e+16 9.24065e+15 2.5693e+15 3.2516e+13 2.14893e+12 1.05035e+11 3.92996e+09 1.28544e+08 3.6863e+06
2.11645e+07 8.93354e+08 3.59519e+10 1.44821e+12 5.86649e+13 2.82372e+15 2.44067e+17 8.48329e+17 1.71229e+18 2.68448e+18 3.5971e+18 4.29878e+18 4.67854e+18 4.67854e+18 4.29878e+18 3.5971e+18 2.68448e+18 1.71229e+18 8.48329e+17 2.44067e+17 2.82372e+15 5.86649e+13 1.44821e+12 3.59519e+10 8.93354e+08 2.11645e+07
6.22348e+07 2.74108e+09 1.15508e+11 4.87112e+12 2.05778e+14 1.01663e+16 8.52421e+17 2.95515e+18 5.95698e+18 9.33129e+18 1.24964e+19 1.49287e+19 1.62447e+19 1.62447e+19 1.49287e+19 1.24964e+19 9.33129e+18 5.95698e+18 2.95515e+18 8.52421e+17 1.01663e+16 2.05778e+14 4.87112e+12 1.15508e+11 2.74108e+09 6.22348e+07
1.23403e+08 5.48292e+09 2.32889e+11 9.88343e+12 4.19333e+14 2.07346e+16 1.72218e+18 5.96276e+18 1.20067e+19 1.8789e+19 2.51404e+19 3.00146e+19 3.26495e+19 3.26495e+19 3.00146e+19 2.51404e+19 1.8789e+19 1.20067e+19 5.96276e+18 1.72218e+18 2.07346e+16 4.19333e+14 9.88343e+12 2.32889e+11 5.48292e+09 1.23403e+08
1.93266e+08 8.59943e+09 3.65645e+11 1.5526e+13 6.58811e+14 3.256e+16 2.69923e+18 9.33802e+18 1.87845e+19 2.93643e+19 3.92527e+19 4.68286e+19 5.09194e+19 5.09194e+19 4.68286e+19 3.92527e+19 2.93643e+19 1.87845e+19 9.33802e+18 2.69923e+18 3.256e+16 6.58811e+14 1.5526e+13 3.65645e+11 8.59943e+09 1.93266e+08
2.58898e+08 1.15184e+10 4.89626e+11 2.07821e+13 8.81395e+14 4.35421e+16 3.61423e+18 1.24967e+19 2.5117e+19 3.92257e+19 5.23877e+19 6.24556e+19 6.7886e+19 6.7886e+19 6.24556e+19 5.23877e+19 3.92257e+19 2.5117e+19 1.24967e+19 3.61423e+18 4.35421e+16 8.81395e+14 2.07821e+13 4.89626e+11 1.15184e+10 2.58898e+08
3.09167e+08 1.37499e+10 5.8423e+11 2.47856e+13 1.05064e+15 5.18885e+16 4.31607e+18 1.49184e+19 2.99656e+19 4.67638e+19 6.24121e+19 7.43668e+19 8.08094e+19 8.08094e+19 7.43668e+19 6.24121e+19 4.67638e+19 2.99656e+19 1.49184e+19 4.31607e+18 5.18885e+16 1.05064e+15 2.47856e+13 5.8423e+11 1.37499e+10 3.09167e+08
3.3627e+08 1.49516e+10 6.35118e+11 2.69366e+13 1.14147e+15 5.63661e+16 4.69526e+18 1.62265e+19 3.25822e+19 5.08273e+19 6.78101e+19 8.07753e+19 8.77592e+19 8.77592e+19 8.07753e+19 6.78101e+19 5.08273e+19 3.25822e+19 1.62265e+19 4.69526e+18 5.63661e+16 1.14147e+15 2.69366e+13 6.35118e+11 1.49516e+10 3.3627e+08
3.3627e+08 1.49516e+10 6.35118e+11 2.69366e+13 1.14147e+15 5.63661e+16 4.69526e+18 1.62265e+19 3.25822e+19 5.08273e+19 6.78101e+19 8.07753e+19 8.77592e+19 8.77592e+19 8.07753e+19 6.78101e+19 5.08273e+19 3.25822e+19 1.62265e+19 4.69526e+18 5.63661e+16 1.14147e+15 2.69366e+13 6.35118e+11 1.49516e+10 3.3627e+08
3.09167e+08 1.37499e+10 5.8423e+11 2.47856e+13 1.05064e+15 5.18885e+16 4.31607e+18 1.49184e+19 2.99656e+19 4.67638e+19 6.24121e+19 7.43668e+19 8.08094e+19 8.08094e+19 7.43668e+19 6.24121e+19 4.67638e+19 2.99656e+19 1.49184e+19 4.31607e+18 5.18885e+16 1.05064e+15 2.47856e+13 5.8423e+11 1.37499e+10 3.09167e+08
2.58898e+08 1.15184e+10 4.89626e+11 2.07821e+13 8.81395e+14 4.35421e+16 3.61423e+18 1.24967e+19 2.5117e+19 3.92257e+19 5.23877e+19 6.24556e+19 6.7886e+19 6.7886e+19 6.24556e+19 5.23877e+19 3.92257e+19 2.5117e+19 1.24967e+19 3.61423e+18 4.35421e+16 8.81395e+14 2.07821e+13 4.89626e+11 1.15184e+10 2.58898e+08
1.93266e+08 8.59943e+09 3.65645e+11 1.5526e+13 6.58811e+14 3.256e+16 2.69923e+18 9.33802e+18 1.87845e+19 2.93643e+19 3.92527e+19 4.68286e+19 5.09194e+19 5.09194e+19 4.68286e+19 3.92527e+19 2.93643e+19 1.87845e+19 9.33802e+18 2.69923e+18 3.256e+16 6.58811e+14 1.5526e+13 3.65645e+11 8.59943e+09 1.93266e+08
1.23403e+08 5.48292e+09 2.32889e+11 9.88343e+12 4.19333e+14 2.07346e+16 1.72218e+18 5.96276e+18 1.20067e+19 1.8789e+19 2.51404e+19 3.00146e+19 3.26495e+19 3.26495e+19 3.00146e+19 2.51404e+19 1.8789e+19 1.20067e+19 5.96276e+18 1.72218e+18 2.07346e+16 4.19333e+14 9.88343e+12 2.32889e+11 5.48292e+09 1.23403e+08
6.22348e+07 2.74108e+09 1.15508e+11 4.87112e+12 2.05778e+14 1.01663e+16 8.52421e+17 2.95515e+18 5.95698e+18 9.33129e+18 1.24964e+19 1.49287e+19 1.62447e+19 1.62447e+19 1.49287e+19 1.24964e+19 9.33129e+18 5.95698e+18 2.95515e+18 8.52421e+17 1.01663e+16 2.05778e+14 4.87112e+12 1.15508e+11 2.74108e+09 6.22348e+07
2.11645e+07 8.93354e+08 3.59519e+10 1.44821e+12 5.86649e+13 2.82372e+15 2.44067e+17 8.48329e+17 1.71229e+18 2.68448e+18 3.5971e+18 4.29878e+18 4.67854e+18 4.67854e+18 4.29878e+18 3.5971e+18 2.68448e+18 1.71229e+18 8.48329e+17 2.44067e+17 2.82372e+15 5.86649e+13 1.44821e+12 3.59519e+10 8.93354e+08 2.11645e+07
3.6863e+06 1.28544e+08 3.92996e+09 1.05035e+11 2.14893e+12 3.2516e+13 2.5693e+15 9.24065e+15 1.88567e+16 2.96396e+16 3.96776e+16 4.73234e+16 5.14317e+16 5.14317e+16 4.73234e+16 3.96776e+16 2.96396e+16 1.88567e+16 9.24065e+15 2.5693e+15 3.2516e+13 2.14893e+12 1.05035e+11 3.92996e+09 1.28544e+08 3.6863e+06
404302 1.15231e+07 2.73363e+08 5.47926e+09 9.23042e+10 1.87327e+12 5.15767e+13 1.81274e+14 3.69875e+14 5.81772e+14 7.79095e+14 9.29386e+14 1.01013e+15 1.01013e+15 9.29386e+14 7.79095e+14 5.81772e+14 3.69875e+14 1.81274e+14 5.15767e+13 1.87327e+12 9.23042e+10 5.47926e+09 2.73363e+08 1.15231e+07 404302
33341.6 808327 1.62366e+07 2.91486e+08 5.05076e+09 9.18357e+10 1.27298e+12 4.28984e+12 8.71505e+12 1.37058e+13 1.83632e+13 2.19163e+13 2.38274e+13 2.38274e+13 2.19163e+13 1.83632e+13 1.37058e+13 8.71505e+12 4.28984e+12 1.27298e+12 9.18357e+10 5.05076e+09 2.91486e+08 1.62366e+07 808327 33341.6
2314.38 50003.5 908580 1.53153e+07 2.44878e+08 3.44142e+09 3.15964e+10 1.01695e+11 2.05293e+11 3.22665e+11 4.32473e+11 5.16389e+11 5.61576e+11 5.61576e+11 5.16389e+11 4.32473e+11 3.22665e+11 2.05293e+11 1.01695e+11 3.15964e+10 3.44142e+09 2.44878e+08 1.53153e+07 908580 50003.5 2314.38
143.392 2847.25 47773.1 738481 1.02104e+07 1.12654e+08 7.84992e+08 2.41259e+09 4.83167e+09 7.58594e+09 1.017e+10 1.21483e+10 1.32148e+10 1.32148e+10 1.21483e+10 1.017e+10 7.58594e+09 4.83167e+09 2.41259e+09 7.84992e+08 1.12654e+08 1.02104e+07 738481 47773 2847.25 143.392
7.45666 138.392 2148.19 29967.6 356562 3.23189e+06 1.85941e+07 5.4761e+07 1.08711e+08 1.70431e+08 2.28506e+08 2.7305e+08 2.97089e+08 2.97089e+08 2.7305e+08 2.28506e+08 1.70431e+08 1.08711e+08 5.4761e+07 1.85941e+07 3.23189e+06 356562 29967.6 2148.19 138.392 7.45665
