16.8639 311.857 4815.47 66748.8 788817 7.10214e+06 4.05662e+07 1.18214e+08 2.31515e+08 3.57622e+08 4.72907e+08 5.59105e+08 6.04814e+08 6.04814e+08 5.59105e+08 4.72907e+08 3.57622e+08 2.31515e+08 1.18214e+08 4.05662e+07 7.10214e+06 788817 66748.8 4815.47 311.857 16.864
323.88 6414.28 107157 1.64621e+06 2.25953e+07 2.47515e+08 1.71242e+09 5.20625e+09 1.02804e+10 1.5893e+10 2.10014e+10 2.4809e+10 2.68241e+10 2.68241e+10 2.4809e+10 2.10014e+10 1.5893e+10 1.02804e+10 5.20625e+09 1.71242e+09 2.47515e+08 2.25953e+07 1.64621e+06 107157 6414.28 323.88
5214.13 112500 2.03874e+06 3.41935e+07 5.42552e+08 7.56242e+09 6.89336e+10 2.19407e+11 4.36438e+11 6.74944e+11 8.91064e+11 1.05164e+12 1.13644e+12 1.13644e+12 1.05164e+12 8.91064e+11 6.74944e+11 4.36438e+11 2.19407e+11 6.89336e+10 7.56242e+09 5.42552e+08 3.41935e+07 2.03874e+06 112500 5214.13
74814.5 1.81307e+06 3.63927e+07 6.51874e+08 1.12229e+10 2.01999e+11 2.77844e+12 9.25569e+12 1.85156e+13 2.86285e+13 3.77543e+13 4.4513e+13 4.80749e+13 4.80749e+13 4.4513e+13 3.77543e+13 2.86285e+13 1.85156e+13 9.25569e+12 2.77844e+12 2.01999e+11 1.12229e+10 6.51874e+08 3.63927e+07 1.81307e+06 74814.5
902435 2.57188e+07 6.10337e+08 1.2243e+10 2.06089e+11 4.13381e+12 1.12667e+14 3.91252e+14 7.85514e+14 1.21373e+15 1.59867e+15 1.88287e+15 2.03232e+15 2.03232e+15 1.88287e+15 1.59867e+15 1.21373e+15 7.85514e+14 3.91252e+14 1.12667e+14 4.13381e+12 2.06089e+11 1.2243e+10 6.10337e+08 2.57188e+07 902435
8.1771e+06 2.85105e+08 8.71877e+09 2.33294e+11 4.79012e+12 7.27776e+13 5.62767e+15 1.99986e+16 4.01595e+16 6.20236e+16 8.16847e+16 9.62131e+16 1.03859e+17 1.03859e+17 9.62131e+16 8.16847e+16 6.20236e+16 4.01595e+16 1.99986e+16 5.62767e+15 7.27776e+13 4.79012e+12 2.33294e+11 8.71877e+09 2.85105e+08 8.1771e+06
4.6597e+07 1.96657e+09 7.91473e+10 3.18939e+12 1.29299e+14 6.22228e+15 5.34415e+17 1.84278e+18 3.67965e+18 5.70169e+18 7.55838e+18 8.95948e+18 9.70837e+18 9.70837e+18 8.95948e+18 7.55838e+18 5.70169e+18 3.67965e+18 1.84278e+18 5.34414e+17 6.22228e+15 1.29299e+14 3.18939e+12 7.91473e+10 1.96657e+09 4.6597e+07
1.35566e+08 5.9684e+09 2.51437e+11 1.06032e+13 4.48058e+14 2.21316e+16 1.85114e+18 6.36759e+18 1.26972e+19 1.96548e+19 2.60359e+19 3.08468e+19 3.34169e+19 3.34169e+19 3.08468e+19 2.60359e+19 1.96548e+19 1.26972e+19 6.36759e+18 1.85114e+18 2.21316e+16 4.48058e+14 1.06032e+13 2.51437e+11 5.9684e+09 1.35566e+08
2.65189e+08 1.17713e+10 4.99541e+11 2.11847e+13 8.98416e+14 4.44071e+16 3.69714e+18 1.27003e+19 2.52854e+19 3.90773e+19 5.16876e+19 6.11702e+19 6.62269e+19 6.62269e+19 6.11702e+19 5.16876e+19 3.90773e+19 2.52854e+19 1.27003e+19 3.69714e+18 4.44071e+16 8.98416e+14 2.11847e+13 4.99541e+11 1.17713e+10 2.65189e+08
4.09246e+08 1.81801e+10 7.71755e+11 3.27216e+13 1.38671e+15 6.84972e+16 5.72222e+18 1.96377e+19 3.90341e+19 6.02146e+19 7.95088e+19 9.39707e+19 1.01666e+20 1.01666e+20 9.39707e+19 7.95088e+19 6.02146e+19 3.90341e+19 1.96377e+19 5.72222e+18 6.84972e+16 1.38671e+15 3.27216e+13 7.71755e+11 1.81801e+10 4.09246e+08
5.40751e+08 2.40043e+10 1.01803e+12 4.31152e+13 1.8249e+15 9.00923e+16 7.57381e+18 2.59737e+19 5.15528e+19 7.93896e+19 1.04657e+20 1.23536e+20 1.33561e+20 1.33561e+20 1.23536e+20 1.04657e+20 7.93896e+19 5.15528e+19 2.59737e+19 7.57381e+18 9.00923e+16 1.8249e+15 4.31152e+13 1.01803e+12 2.40043e+10 5.40751e+08
6.38952e+08 2.83398e+10 1.20076e+12 5.08022e+13 2.14794e+15 1.06004e+17 8.96545e+18 3.07319e+19 6.09296e+19 9.37057e+19 1.23373e+20 1.45487e+20 1.57208e+20 1.57208e+20 1.45487e+20 1.23373e+20 9.37057e+19 6.09296e+19 3.07319e+19 8.96545e+18 1.06004e+17 2.14794e+15 5.08022e+13 1.20076e+12 2.83398e+10 6.38952e+08
6.90981e+08 3.06322e+10 1.29717e+12 5.48493e+13 2.31765e+15 1.1436e+17 9.70717e+18 3.32666e+19 6.5916e+19 1.01302e+20 1.33283e+20 1.57089e+20 1.69695e+20 1.69695e+20 1.57089e+20 1.33283e+20 1.01302e+20 6.5916e+19 3.32666e+19 9.70717e+18 1.1436e+17 2.31765e+15 5.48493e+13 1.29717e+12 3.06322e+10 6.90981e+08
6.90981e+08 3.06322e+10 1.29717e+12 5.48493e+13 2.31765e+15 1.1436e+17 9.70717e+18 3.32666e+19 6.5916e+19 1.01302e+20 1.33283e+20 1.57089e+20 1.69695e+20 1.69695e+20 1.57089e+20 1.33283e+20 1.01302e+20 6.5916e+19 3.32666e+19 9.70717e+18 1.1436e+17 2.31765e+15 5.48493e+13 1.29717e+12 3.06322e+10 6.90981e+08
6.38952e+08 2.83398e+10 1.20076e+12 5.08022e+13 2.14794e+15 1.06004e+17 8.96545e+18 3.07319e+19 6.09296e+19 9.37057e+19 1.23373e+20 1.45487e+20 1.57208e+20 1.57208e+20 1.45487e+20 1.23373e+20 9.37057e+19 6.09296e+19 3.07319e+19 8.96545e+18 1.06004e+17 2.14794e+15 5.08022e+13 1.20076e+12 2.83398e+10 6.38952e+08
5.40751e+08 2.40043e+10 1.01803e+12 4.31152e+13 1.8249e+15 9.00923e+16 7.57381e+18 2.59737e+19 5.15528e+19 7.93896e+19 1.04657e+20 1.23536e+20 1.33561e+20 1.33561e+20 1.23536e+20 1.04657e+20 7.93896e+19 5.15528e+19 2.59737e+19 7.57381e+18 9.00923e+16 1.8249e+15 4.31152e+13 1.01803e+12 2.40043e+10 5.40751e+08
4.09246e+08 1.81801e+10 7.71755e+11 3.27216e+13 1.38671e+15 6.84972e+16 5.72222e+18 1.96377e+19 3.90341e+19 6.02146e+19 7.95088e+19 9.39707e+19 1.01666e+20 1.01666e+20 9.39707e+19 7.95088e+19 6.02146e+19 3.90341e+19 1.96377e+19 5.72222e+18 6.84972e+16 1.38671e+15 3.27216e+13 7.71755e+11 1.81801e+10 4.09246e+08
2.65189e+08 1.17713e+10 4.99541e+11 2.11847e+13 8.98416e+14 4.44071e+16 3.69714e+18 1.27003e+19 2.52854e+19 3.90773e+19 5.16876e+19 6.11702e+19 6.62269e+19 6.62269e+19 6.11702e+19 5.16876e+19 3.90773e+19 2.52854e+19 1.27003e+19 3.69714e+18 4.44071e+16 8.98416e+14 2.11847e+13 4.99541e+11 1.17713e+10 2.65189e+08
1.35566e+08 5.9684e+09 2.51437e+11 1.06032e+13 4.48058e+14 2.21316e+16 1.85114e+18 6.36759e+18 1.26972e+19 1.96548e+19 2.60359e+19 3.08468e+19 3.34169e+19 3.34169e+19 3.08468e+19 2.60359e+19 1.96548e+19 1.26972e+19 6.36759e+18 1.85114e+18 2.21316e+16 4.48058e+14 1.06032e+13 2.51437e+11 5.9684e+09 1.35566e+08
4.6597e+07 1.96657e+09 7.91473e+10 3.18939e+12 1.29299e+14 6.22228e+15 5.34414e+17 1.84278e+18 3.67965e+18 5.70169e+18 7.55838e+18 8.95948e+18 9.70837e+18 9.70837e+18 8.95948e+18 7.55838e+18 5.70169e+18 3.67965e+18 1.84278e+18 5.34415e+17 6.22228e+15 1.29299e+14 3.18939e+12 7.91473e+10 1.96657e+09 4.6597e+07
8.1771e+06 2.85105e+08 8.71877e+09 2.33294e+11 4.79012e+12 7.27776e+13 5.62767e+15 1.99986e+16 4.01595e+16 6.20236e+16 8.16847e+16 9.62131e+16 1.03859e+17 1.03859e+17 9.62131e+16 8.16847e+16 6.20236e+16 4.01595e+16 1.99986e+16 5.62767e+15 7.27776e+13 4.79012e+12 2.33294e+11 8.71877e+09 2.85105e+08 8.1771e+06
902435 2.57188e+07 6.10337e+08 1.2243e+10 2.06089e+11 4.13381e+12 1.12667e+14 3.91252e+14 7.85514e+14 1.21373e+15 1.59867e+15 1.88287e+15 2.03232e+15 2.03232e+15 1.88287e+15 1.59867e+15 1.21373e+15 7.85514e+14 3.91252e+14 1.12667e+14 4.13381e+12 2.06089e+11 1.2243e+10 6.10337e+08 2.57188e+07 902435
74814.5 1.81307e+06 3.63927e+07 6.51874e+08 1.12229e+10 2.01999e+11 2.77844e+12 9.25569e+12 1.85156e+13 2.86285e+13 3.77543e+13 4.4513e+13 4.80749e+13 4.80749e+13 4.4513e+13 3.77543e+13 2.86285e+13 1.85156e+13 9.25569e+12 2.77844e+12 2.01999e+11 1.12229e+10 6.51874e+08 3.63927e+07 1.81307e+06 74814.5
5214.13 112500 2.03874e+06 3.41935e+07 5.42552e+08 7.56242e+09 6.89336e+10 2.19407e+11 4.36438e+11 6.74944e+11 8.91064e+11 1.05164e+12 1.13644e+12 1.13644e+12 1.05164e+12 8.91064e+11 6.74944e+11 4.36438e+11 2.19407e+11 6.89336e+10 7.56242e+09 5.42552e+08 3.41935e+07 2.03874e+06 112500 5214.13
323.88 6414.28 107157 1.64621e+06 2.25953e+07 2.47515e+08 1.71242e+09 5.20625e+09 1.02804e+10 1.5893e+10 2.10014e+10 2.4809e+10 2.68241e+10 2.68241e+10 2.4809e+10 2.10014e+10 1.5893e+10 1.02804e+10 5.20625e+09 1.71242e+09 2.47515e+08 2.25953e+07 1.64621e+06 107157 6414.28 323.88
16.8639 311.857 4815.47 66748.8 788817 7.10214e+06 4.05662e+07 1.18214e+08 2.31515e+08 3.57622e+08 4.72907e+08 5.59105e+08 6.04814e+08 6.04814e+08 5.59105e+08 4.72907e+08 3.57622e+08 2.31515e+08 1.18214e+08 4.05662e+07 7.10214e+06 788817 66748.8 4815.47 311.857 16.864
