0.000150108 0.0028196 0.0447861 0.644053 7.89474 73.1724 426.496 1265.62 2533.98 4012.99 5436.45 6551.9 7163.21 7163.21 6551.9 5436.45 4012.99 2533.98 1265.62 426.496 73.1724 7.89474 0.644053 0.0447861 0.00281959 0.000150108
0.0028533 0.0568794 0.970658 15.4903 222.501 2531.76 17943.1 55592.3 112333 178268 241639 291278 318480 318480 291278 241639 178268 112333 55592.3 17943.1 2531.76 222.501 15.4903 0.970658 0.0568794 0.0028533
0.04592 0.985487 17.9607 310.274 5198.61 76496.7 719368 2.33511e+06 4.75821e+06 7.56396e+06 1.02575e+07 1.23669e+07 1.35229e+07 1.35229e+07 1.23669e+07 1.02575e+07 7.56396e+06 4.75821e+06 2.33511e+06 719368 76496.7 5198.61 310.274 17.9607 0.985486 0.04592
0.667831 15.9639 316.238 5677.95 102517 2.0048e+06 2.88684e+07 9.81517e+07 2.01351e+08 3.20474e+08 4.34748e+08 5.24234e+08 5.73273e+08 5.73273e+08 5.24234e+08 4.34748e+08 3.20474e+08 2.01351e+08 9.81517e+07 2.88684e+07 2.0048e+06 102517 5677.95 316.238 15.9639 0.667831
8.2518 231.899 5389.93 105149 1.74747e+06 3.92557e+07 1.16556e+09 4.13382e+09 8.52027e+09 1.35719e+10 1.84162e+10 2.221e+10 2.42891e+10 2.42891e+10 2.221e+10 1.84162e+10 1.35719e+10 8.52027e+09 4.13382e+09 1.16556e+09 3.92557e+07 1.74747e+06 105149 5389.93 231.899 8.2518
76.8772 2657.19 80145 2.09355e+06 4.06879e+07 5.77326e+08 5.71879e+10 2.07668e+11 4.28044e+11 6.81295e+11 9.24008e+11 1.11404e+12 1.21817e+12 1.21817e+12 1.11404e+12 9.24008e+11 6.81295e+11 4.28044e+11 2.07668e+11 5.71879e+10 5.77326e+08 4.06879e+07 2.09355e+06 80145 2657.19 76.8772
449.526 18913 758305 3.0434e+07 1.22895e+09 5.99459e+10 5.44884e+12 1.90172e+13 3.8576e+13 6.08804e+13 8.21604e+13 9.87768e+13 1.0787e+14 1.0787e+14 9.87768e+13 8.21604e+13 6.08804e+13 3.8576e+13 1.90172e+13 5.44884e+12 5.99459e+10 1.22895e+09 3.0434e+07 758305 18913 449.526
1334.84 58641.4 2.46359e+06 1.0357e+08 4.36282e+09 2.17958e+11 1.90748e+13 6.64014e+13 1.34554e+14 2.12234e+14 2.86323e+14 3.44166e+14 3.75817e+14 3.75817e+14 3.44166e+14 2.86323e+14 2.12234e+14 1.34554e+14 6.64014e+13 1.90748e+13 2.17958e+11 4.36282e+09 1.0357e+08 2.46359e+06 58641.4 1334.84
2671.89 118464 5.01866e+06 2.12406e+08 8.98952e+09 4.49172e+11 3.87237e+13 1.34664e+14 2.72771e+14 4.30153e+14 5.80246e+14 6.97418e+14 7.61531e+14 7.61531e+14 6.97418e+14 5.80246e+14 4.30153e+14 2.72771e+14 1.34664e+14 3.87237e+13 4.49172e+11 8.98952e+09 2.12406e+08 5.01866e+06 118464 2671.89
4228.81 187879 7.97283e+06 3.37844e+08 1.43095e+10 7.14487e+11 6.11207e+13 2.12438e+14 4.30217e+14 6.78367e+14 9.15009e+14 1.09974e+15 1.20082e+15 1.20082e+15 1.09974e+15 9.15009e+14 6.78367e+14 4.30217e+14 2.12438e+14 6.11207e+13 7.14487e+11 1.43095e+10 3.37844e+08 7.97283e+06 187879 4228.81
5724.88 254485 1.0804e+07 4.57964e+08 1.94019e+10 9.68324e+11 8.24724e+13 2.86563e+14 5.80264e+14 9.14904e+14 1.23401e+15 1.48312e+15 1.61942e+15 1.61942e+15 1.48312e+15 1.23401e+15 9.14904e+14 5.80264e+14 2.86563e+14 8.24723e+13 9.68324e+11 1.94019e+10 4.57964e+08 1.0804e+07 254485 5724.88
6895.52 306581 1.30179e+07 5.51879e+08 2.33834e+10 1.16675e+12 9.91311e+13 3.4439e+14 6.97314e+14 1.09942e+15 1.48285e+15 1.78217e+15 1.94595e+15 1.94595e+15 1.78217e+15 1.48285e+15 1.09942e+15 6.97314e+14 3.4439e+14 9.91311e+13 1.16675e+12 2.33834e+10 5.51879e+08 1.30179e+07 306581 6895.52
7536.42 335099 1.42297e+07 6.03288e+08 2.5563e+10 1.27536e+12 1.08242e+14 3.76014e+14 7.61324e+14 1.20032e+15 1.61893e+15 1.94571e+15 2.12451e+15 2.12451e+15 1.94571e+15 1.61893e+15 1.20032e+15 7.61324e+14 3.76014e+14 1.08242e+14 1.27536e+12 2.5563e+10 6.03288e+08 1.42297e+07 335099 7536.42
7536.42 335099 1.42297e+07 6.03288e+08 2.5563e+10 1.27536e+12 1.08242e+14 3.76014e+14 7.61324e+14 1.20032e+15 1.61893e+15 1.94571e+15 2.12451e+15 2.12451e+15 1.94571e+15 1.61893e+15 1.20032e+15 7.61324e+14 3.76014e+14 1.08242e+14 1.27536e+12 2.5563e+10 6.03288e+08 1.42297e+07 335099 7536.42
6895.52 306581 1.30179e+07 5.51879e+08 2.33834e+10 1.16675e+12 9.91311e+13 3.4439e+14 6.97314e+14 1.09942e+15 1.48285e+15 1.78217e+15 1.94595e+15 1.94595e+15 1.78217e+15 1.48285e+15 1.09942e+15 6.97314e+14 3.4439e+14 9.91311e+13 1.16675e+12 2.33834e+10 5.51879e+08 1.30179e+07 306581 6895.52
5724.88 254485 1.0804e+07 4.57964e+08 1.94019e+10 9.68324e+11 8.24723e+13 2.86563e+14 5.80264e+14 9.14904e+14 1.23401e+15 1.48312e+15 1.61942e+15 1.61942e+15 1.48312e+15 1.23401e+15 9.14904e+14 5.80264e+14 2.86563e+14 8.24724e+13 9.68324e+11 1.94019e+10 4.57964e+08 1.0804e+07 254485 5724.88
4228.81 187879 7.97283e+06 3.37844e+08 1.43095e+10 7.14487e+11 6.11207e+13 2.12438e+14 4.30217e+14 6.78367e+14 9.15009e+14 1.09974e+15 1.20082e+15 1.20082e+15 1.09974e+15 9.15009e+14 6.78367e+14 4.30217e+14 2.12438e+14 6.11207e+13 7.14487e+11 1.43095e+10 3.37844e+08 7.97283e+06 187879 4228.81
2671.89 118464 5.01866e+06 2.12406e+08 8.98952e+09 4.49172e+11 3.87237e+13 1.34664e+14 2.72771e+14 4.30153e+14 5.80246e+14 6.97418e+14 7.61531e+14 7.61531e+14 6.97418e+14 5.80246e+14 4.30153e+14 2.72771e+14 1.34664e+14 3.87237e+13 4.49172e+11 8.98952e+09 2.12406e+08 5.01866e+06 118464 2671.89
1334.84 58641.4 2.46359e+06 1.0357e+08 4.36282e+09 2.17958e+11 1.90748e+13 6.64014e+13 1.34554e+14 2.12234e+14 2.86323e+14 3.44166e+14 3.75817e+14 3.75817e+14 3.44166e+14 2.86323e+14 2.12234e+14 1.34554e+14 6.64014e+13 1.90748e+13 2.17958e+11 4.36282e+09 1.0357e+08 2.46359e+06 58641.4 1334.84
449.526 18913 758305 3.0434e+07 1.22895e+09 5.99459e+10 5.44884e+12 1.90172e+13 3.8576e+13 6.08804e+13 8.21604e+13 9.87768e+13 1.0787e+14 1.0787e+14 9.87768e+13 8.21604e+13 6.08804e+13 3.8576e+13 1.90172e+13 5.44884e+12 5.99459e+10 1.22895e+09 3.0434e+07 758305 18913 449.526
76.8772 2657.19 80145 2.09355e+06 4.06879e+07 5.77326e+08 5.71879e+10 2.07668e+11 4.28044e+11 6.81295e+11 9.24008e+11 1.11404e+12 1.21817e+12 1.21817e+12 1.11404e+12 9.24008e+11 6.81295e+11 4.28044e+11 2.07668e+11 5.71879e+10 5.77326e+08 4.06879e+07 2.09355e+06 80145 2657.19 76.8772
8.2518 231.899 5389.93 105149 1.74747e+06 3.92557e+07 1.16556e+09 4.13382e+09 8.52027e+09 1.35719e+10 1.84162e+10 2.221e+10 2.42891e+10 2.42891e+10 2.221e+10 1.84162e+10 1.35719e+10 8.52027e+09 4.13382e+09 1.16556e+09 3.92557e+07 1.74747e+06 105149 5389.93 231.899 8.2518
0.667831 15.9639 316.238 5677.95 102517 2.0048e+06 2.88684e+07 9.81517e+07 2.01351e+08 3.20474e+08 4.34748e+08 5.24234e+08 5.73273e+08 5.73273e+08 5.24234e+08 4.34748e+08 3.20474e+08 2.01351e+08 9.81517e+07 2.88684e+07 2.0048e+06 102517 5677.95 316.238 15.9639 0.667831
0.04592 0.985486 17.9607 310.274 5198.61 76496.7 719368 2.33511e+06 4.75821e+06 7.56396e+06 1.02575e+07 1.23669e+07 1.35229e+07 1.35229e+07 1.23669e+07 1.02575e+07 7.56396e+06 4.75821e+06 2.33511e+06 719368 76496.7 5198.61 310.274 17.9607 0.985486 0.04592
0.0028533 0.0568794 0.970658 15.4903 222.501 2531.76 17943.1 55592.3 112333 178268 241639 291278 318480 318480 291278 241639 178268 112333 55592.3 17943.1 2531.76 222.501 15.4903 0.970658 0.0568794 0.0028533
0.000150108 0.00281959 0.0447861 0.644053 7.89474 73.1724 426.496 1265.62 2533.98 4012.99 5436.45 6551.9 7163.21 7163.21 6551.9 5436.45 4012.99 2533.98 1265.62 426.496 73.1724 7.89474 0.644053 0.0447861 0.00281959 0.000150108
