2.78666e-07 5.21404e-06 8.23188e-05 0.00117529 0.0143091 0.131936 0.76637 2.26856 4.53078 7.1579 9.67641 11.6436 12.7195 12.7195 11.6436 9.67641 7.1579 4.53078 2.26856 0.76637 0.131936 0.0143091 0.00117529 8.23188e-05 5.21404e-06 2.78666e-07
5.30294e-06 0.000105462 0.00179071 0.028359 0.403928 4.56539 32.224 99.5788 200.695 317.688 429.667 517.089 564.892 564.892 517.089 429.667 317.688 200.695 99.5788 32.224 4.56539 0.403928 0.028359 0.00179071 0.000105462 5.30294e-06
8.52887e-05 0.0018299 0.0332717 0.571062 9.47035 138.042 1291.37 4180.45 8495.37 13469 18223.1 21933.2 23961.8 23961.8 21933.2 18223.1 13469 8495.37 4180.45 1291.37 138.042 9.47035 0.571062 0.0332717 0.0018299 8.52887e-05
0.00123663 0.0295976 0.586933 10.5193 188.111 3625.32 51809.5 175649 359314 570303 771793 929005 1.01496e+06 1.01496e+06 929005 771793 570303 359314 175649 51809.5 3625.32 188.111 10.5193 0.586933 0.0295976 0.00123663
0.0152072 0.42793 9.97079 195.246 3247.78 71441.3 2.09161e+06 7.39615e+06 1.51993e+07 2.41407e+07 3.26751e+07 3.93335e+07 4.29739e+07 4.29739e+07 3.93335e+07 3.26751e+07 2.41407e+07 1.51993e+07 7.39615e+06 2.09161e+06 71441.3 3247.78 195.246 9.97079 0.42793 0.0152072
0.140944 4.87344 147.175 3856.56 75616 1.08495e+06 1.02865e+08 3.72345e+08 7.65154e+08 1.21429e+09 1.64272e+09 1.97691e+09 2.15961e+09 2.15961e+09 1.97691e+09 1.64272e+09 1.21429e+09 7.65154e+08 3.72345e+08 1.02865e+08 1.08495e+06 75616 3856.56 147.175 4.87344 0.140944
0.820467 34.4987 1382.55 55469.9 2.23955e+06 1.0892e+08 9.80211e+09 3.41428e+10 6.91173e+10 1.08865e+11 1.46667e+11 1.7611e+11 1.92196e+11 1.92196e+11 1.7611e+11 1.46667e+11 1.08865e+11 6.91173e+10 3.41428e+10 9.80211e+09 1.0892e+08 2.23955e+06 55469.9 1382.55 34.4987 0.820467
2.4294 106.646 4477.43 188142 7.92285e+06 3.94774e+08 3.42621e+10 1.19049e+11 2.4077e+11 3.79048e+11 5.10532e+11 6.12933e+11 6.68877e+11 6.68877e+11 6.12933e+11 5.10532e+11 3.79048e+11 2.4077e+11 1.19049e+11 3.42621e+10 3.94774e+08 7.92285e+06 188142 4477.43 106.646 2.4294
4.85038 214.863 9095.62 384724 1.62752e+07 8.11148e+08 6.94258e+10 2.41007e+11 4.87254e+11 7.66958e+11 1.0329e+12 1.24001e+12 1.35317e+12 1.35317e+12 1.24001e+12 1.0329e+12 7.66958e+11 4.87254e+11 2.41007e+11 6.94258e+10 8.11148e+08 1.62752e+07 384724 9095.62 214.863 4.85038
7.65838 339.912 14411.8 610248 2.58326e+07 1.28662e+09 1.09374e+11 3.79512e+11 7.67145e+11 1.20741e+12 1.62601e+12 1.952e+12 2.13009e+12 2.13009e+12 1.952e+12 1.62601e+12 1.20741e+12 7.67145e+11 3.79512e+11 1.09374e+11 1.28662e+09 2.58326e+07 610248 14411.8 339.912 7.65838
10.3466 459.433 19485.9 825293 3.49408e+07 1.73952e+09 1.47342e+11 5.11127e+11 1.0331e+12 1.62593e+12 2.18956e+12 2.6285e+12 2.86831e+12 2.8683e+12 2.6285e+12 2.18956e+12 1.62593e+12 1.0331e+12 5.11127e+11 1.47342e+11 1.73952e+09 3.49408e+07 825293 19485.9 459.433 10.3466
12.4438 552.625 23440.6 992854 4.2037e+07 2.09231e+09 1.76893e+11 6.13562e+11 1.24009e+12 1.95164e+12 2.62815e+12 3.155e+12 3.44283e+12 3.44283e+12 3.155e+12 2.62815e+12 1.95164e+12 1.24009e+12 6.13562e+11 1.76893e+11 2.09231e+09 4.2037e+07 992854 23440.6 552.625 12.4438
13.5898 603.538 25600.9 1.08438e+06 4.59129e+07 2.285e+09 1.93029e+11 6.69497e+11 1.35311e+12 2.1295e+12 2.86765e+12 3.4425e+12 3.75655e+12 3.75655e+12 3.4425e+12 2.86765e+12 2.1295e+12 1.35311e+12 6.69497e+11 1.93029e+11 2.285e+09 4.59129e+07 1.08438e+06 25600.9 603.538 13.5898
13.5898 603.538 25600.9 1.08438e+06 4.59129e+07 2.285e+09 1.93029e+11 6.69497e+11 1.35311e+12 2.1295e+12 2.86765e+12 3.4425e+12 3.75655e+12 3.75655e+12 3.4425e+12 2.86765e+12 2.1295e+12 1.35311e+12 6.69497e+11 1.93029e+11 2.285e+09 4.59129e+07 1.08438e+06 25600.9 603.538 13.5898
12.4438 552.625 23440.6 992854 4.2037e+07 2.09231e+09 1.76893e+11 6.13562e+11 1.24009e+12 1.95164e+12 2.62815e+12 3.155e+12 3.44283e+12 3.44283e+12 3.155e+12 2.62815e+12 1.95164e+12 1.24009e+12 6.13562e+11 1.76893e+11 2.09231e+09 4.2037e+07 992854 23440.6 552.625 12.4438
10.3466 459.433 19485.9 825293 3.49408e+07 1.73952e+09 1.47342e+11 5.11127e+11 1.0331e+12 1.62593e+12 2.18956e+12 2.6285e+12 2.8683e+12 2.86831e+12 2.6285e+12 2.18956e+12 1.62593e+12 1.0331e+12 5.11127e+11 1.47342e+11 1.73952e+09 3.49408e+07 825293 19485.9 459.433 10.3466
7.65838 339.912 14411.8 610248 2.58326e+07 1.28662e+09 1.09374e+11 3.79512e+11 7.67145e+11 1.20741e+12 1.62601e+12 1.952e+12 2.13009e+12 2.13009e+12 1.952e+12 1.62601e+12 1.20741e+12 7.67145e+11 3.79512e+11 1.09374e+11 1.28662e+09 2.58326e+07 610248 14411.8 339.912 7.65838
4.85038 214.863 9095.62 384724 1.62752e+07 8.11148e+08 6.94258e+10 2.41007e+11 4.87254e+11 7.66958e+11 1.0329e+12 1.24001e+12 1.35317e+12 1.35317e+12 1.24001e+12 1.0329e+12 7.66958e+11 4.87254e+11 2.41007e+11 6.94258e+10 8.11148e+08 1.62752e+07 384724 9095.62 214.863 4.85038
2.4294 106.646 4477.43 188142 7.92285e+06 3.94774e+08 3.42621e+10 1.19049e+11 2.4077e+11 3.79048e+11 5.10532e+11 6.12933e+11 6.68877e+11 6.68877e+11 6.12933e+11 5.10532e+11 3.79048e+11 2.4077e+11 1.19049e+11 3.42621e+10 3.94774e+08 7.92285e+06 188142 4477.43 106.646 2.4294
0.820467 34.4987 1382.55 55469.9 2.23955e+06 1.0892e+08 9.80211e+09 3.41428e+10 6.91173e+10 1.08865e+11 1.46667e+11 1.7611e+11 1.92196e+11 1.92196e+11 1.7611e+11 1.46667e+11 1.08865e+11 6.91173e+10 3.41428e+10 9.80211e+09 1.0892e+08 2.23955e+06 55469.9 1382.55 34.4987 0.820467
0.140944 4.87344 147.175 3856.56 75616 1.08495e+06 1.02865e+08 3.72345e+08 7.65154e+08 1.21429e+09 1.64272e+09 1.97691e+09 2.15961e+09 2.15961e+09 1.97691e+09 1.64272e+09 1.21429e+09 7.65154e+08 3.72345e+08 1.02865e+08 1.08495e+06 75616 3856.56 147.175 4.87344 0.140944
0.0152072 0.42793 9.97079 195.246 3247.78 71441.3 2.09161e+06 7.39615e+06 1.51993e+07 2.41407e+07 3.26751e+07 3.93335e+07 4.29739e+07 4.29739e+07 3.93335e+07 3.26751e+07 2.41407e+07 1.51993e+07 7.39615e+06 2.09161e+06 71441.3 3247.78 195.246 9.97079 0.42793 0.0152072
0.00123663 0.0295976 0.586933 10.5193 188.111 3625.32 51809.5 175649 359314 570303 771793 929005 1.01496e+06 1.01496e+06 929005 771793 570303 359314 175649 51809.5 3625.32 188.111 10.5193 0.586933 0.0295976 0.00123663
8.52887e-05 0.0018299 0.0332717 0.571062 9.47035 138.042 1291.37 4180.45 8495.37 13469 18223.1 21933.2 23961.8 23961.8 21933.2 18223.1 13469 8495.37 4180.45 1291.37 138.042 9.47035 0.571062 0.0332717 0.0018299 8.52887e-05
5.30294e-06 0.000105462 0.00179071 0.028359 0.403928 4.56539 32.224 99.5788 200.695 317.688 429.667 517.089 564.892 564.892 517.089 429.667 317.688 200.695 99.5788 32.224 4.56539 0.403928 0.028359 0.00179071 0.000105462 5.30294e-06
2.78666e-07 5.21404e-06 8.23188e-05 0.00117529 0.0143091 0.131936 0.76637 2.26856 4.53078 7.1579 9.67641 11.6436 12.7195 12.7195 11.6436 9.67641 7.1579 4.53078 2.26856 0.76637 0.131936 0.0143091 0.00117529 8.23188e-05 5.21404e-06 2.78666e-07
