6.06439 112.778 1756.23 24597.5 293793 2.67029e+06 1.53792e+07 4.52429e+07 8.96087e+07 1.40067e+08 1.8723e+08 2.23176e+08 2.42489e+08 2.42489e+08 2.23176e+08 1.8723e+08 1.40067e+08 8.96087e+07 4.52429e+07 1.53792e+07 2.67029e+06 293793 24597.5 1756.23 112.778 6.06439
116.584 2317.7 38987.7 605146 8.40666e+06 9.31057e+07 6.49855e+08 1.99515e+09 3.98629e+09 6.23969e+09 8.33916e+09 9.93603e+09 1.07929e+10 1.07929e+10 9.93603e+09 8.33916e+09 6.23969e+09 3.98629e+09 1.99515e+09 6.49855e+08 9.31057e+07 8.40666e+06 605146 38987.7 2317.7 116.584
1882.89 40687 740152 1.25171e+07 2.01259e+08 2.84409e+09 2.61816e+10 8.41819e+10 1.69533e+11 2.6563e+11 3.54887e+11 4.22635e+11 4.58938e+11 4.58938e+11 4.22635e+11 3.54887e+11 2.6563e+11 1.69533e+11 8.41819e+10 2.61816e+10 2.84409e+09 2.01259e+08 1.25171e+07 740152 40687 1882.89
27173.9 658438 1.32193e+07 2.37507e+08 4.13538e+09 7.58257e+10 1.05576e+12 3.5544e+12 7.20335e+12 1.12921e+13 1.50792e+13 1.7948e+13 1.94832e+13 1.94832e+13 1.7948e+13 1.50792e+13 1.12921e+13 7.20335e+12 3.5544e+12 1.05576e+12 7.58257e+10 4.13538e+09 2.37507e+08 1.32193e+07 658438 27173.9
330360 9.4111e+06 2.23016e+08 4.46178e+09 7.51064e+10 1.54114e+12 4.28112e+13 1.50323e+14 3.05959e+14 4.79652e+14 6.40143e+14 7.61481e+14 8.26324e+14 8.26324e+14 7.61481e+14 6.40143e+14 4.79652e+14 3.05959e+14 1.50323e+14 4.28112e+13 1.54114e+12 7.51064e+10 4.46178e+09 2.23016e+08 9.4111e+06 330360
3.01982e+06 1.05322e+08 3.21909e+09 8.59209e+10 1.75013e+12 2.63251e+13 2.13124e+15 7.65985e+15 1.55952e+16 2.4437e+16 3.26069e+16 3.8786e+16 4.20893e+16 4.20893e+16 3.8786e+16 3.26069e+16 2.4437e+16 1.55952e+16 7.65985e+15 2.13124e+15 2.63251e+13 1.75013e+12 8.59209e+10 3.21909e+09 1.05322e+08 3.01982e+06
1.73648e+07 7.3366e+08 2.95542e+10 1.19162e+12 4.83135e+13 2.3314e+15 2.02682e+17 7.04337e+17 1.42024e+18 2.2234e+18 2.97469e+18 3.55041e+18 3.86126e+18 3.86126e+18 3.55041e+18 2.97469e+18 2.2234e+18 1.42024e+18 7.04337e+17 2.02682e+17 2.3314e+15 4.83135e+13 1.19162e+12 2.95542e+10 7.3366e+08 1.73648e+07
5.10138e+07 2.24914e+09 9.48772e+10 4.0051e+12 1.69348e+14 8.3872e+15 7.07497e+17 2.45253e+18 4.93963e+18 7.72787e+18 1.03349e+19 1.23324e+19 1.34108e+19 1.34108e+19 1.23324e+19 1.03349e+19 7.72787e+18 4.93963e+18 2.45253e+18 7.07497e+17 8.3872e+15 1.69348e+14 4.0051e+12 9.48772e+10 2.24914e+09 5.10138e+07
1.0092e+08 4.48836e+09 1.90836e+11 8.10647e+12 3.44235e+14 1.70643e+16 1.42754e+18 4.94299e+18 9.94627e+18 1.5547e+19 2.07765e+19 2.47785e+19 2.69375e+19 2.69375e+19 2.47785e+19 2.07765e+19 1.5547e+19 9.94627e+18 4.94299e+18 1.42754e+18 1.70643e+16 3.44235e+14 8.10647e+12 1.90836e+11 4.48836e+09 1.0092e+08
1.57577e+08 7.0177e+09 2.98663e+11 1.26927e+13 5.38992e+14 2.6708e+16 2.23354e+18 7.72886e+18 1.55386e+19 2.42657e+19 3.24001e+19 3.86159e+19 4.1966e+19 4.1966e+19 3.86159e+19 3.24001e+19 2.42657e+19 1.55386e+19 7.72886e+18 2.23354e+18 2.6708e+16 5.38992e+14 1.26927e+13 2.98663e+11 7.0177e+09 1.57577e+08
2.10433e+08 9.36964e+09 3.98609e+11 1.69315e+13 7.18543e+14 3.5593e+16 2.98519e+18 1.0326e+19 2.07449e+19 3.23687e+19 4.31845e+19 5.14373e+19 5.58808e+19 5.58808e+19 5.14373e+19 4.31845e+19 3.23687e+19 2.07449e+19 1.0326e+19 2.98519e+18 3.5593e+16 7.18543e+14 1.69315e+13 3.98609e+11 9.36964e+09 2.10433e+08
2.50652e+08 1.11554e+10 4.74332e+11 2.01363e+13 8.54019e+14 4.22947e+16 3.55951e+18 1.23103e+19 2.4718e+19 3.8543e+19 5.13901e+19 6.11815e+19 6.64492e+19 6.64492e+19 6.11815e+19 5.13901e+19 3.8543e+19 2.4718e+19 1.23103e+19 3.55951e+18 4.22946e+16 8.54019e+14 2.01363e+13 4.74332e+11 1.11554e+10 2.50652e+08
2.72234e+08 1.21124e+10 5.14857e+11 2.1849e+13 9.26317e+14 4.58704e+16 3.86896e+18 1.33793e+19 2.68571e+19 4.18639e+19 5.57991e+19 6.64131e+19 7.21208e+19 7.21208e+19 6.64131e+19 5.57991e+19 4.18639e+19 2.68571e+19 1.33793e+19 3.86896e+18 4.58704e+16 9.26317e+14 2.1849e+13 5.14857e+11 1.21124e+10 2.72234e+08
2.72234e+08 1.21124e+10 5.14857e+11 2.1849e+13 9.26317e+14 4.58704e+16 3.86896e+18 1.33793e+19 2.68571e+19 4.18639e+19 5.57991e+19 6.64131e+19 7.21208e+19 7.21208e+19 6.64131e+19 5.57991e+19 4.18639e+19 2.68571e+19 1.33793e+19 3.86896e+18 4.58704e+16 9.26317e+14 2.1849e+13 5.14857e+11 1.21124e+10 2.72234e+08
2.50652e+08 1.11554e+10 4.74332e+11 2.01363e+13 8.54019e+14 4.22946e+16 3.55951e+18 1.23103e+19 2.4718e+19 3.8543e+19 5.13901e+19 6.11815e+19 6.64492e+19 6.64492e+19 6.11815e+19 5.13901e+19 3.8543e+19 2.4718e+19 1.23103e+19 3.55951e+18 4.22946e+16 8.54019e+14 2.01363e+13 4.74332e+11 1.11554e+10 2.50652e+08
2.10433e+08 9.36964e+09 3.98609e+11 1.69315e+13 7.18543e+14 3.5593e+16 2.98519e+18 1.0326e+19 2.07449e+19 3.23687e+19 4.31845e+19 5.14373e+19 5.58808e+19 5.58808e+19 5.14373e+19 4.31845e+19 3.23687e+19 2.07449e+19 1.0326e+19 2.98519e+18 3.5593e+16 7.18543e+14 1.69315e+13 3.98609e+11 9.36964e+09 2.10433e+08
1.57577e+08 7.0177e+09 2.98663e+11 1.26927e+13 5.38992e+14 2.6708e+16 2.23354e+18 7.72886e+18 1.55386e+19 2.42657e+19 3.24001e+19 3.86159e+19 4.1966e+19 4.1966e+19 3.86159e+19 3.24001e+19 2.42657e+19 1.55386e+19 7.72886e+18 2.23354e+18 2.6708e+16 5.38992e+14 1.26927e+13 2.98663e+11 7.0177e+09 1.57577e+08
1.0092e+08 4.48836e+09 1.90836e+11 8.10647e+12 3.44235e+14 1.70643e+16 1.42754e+18 4.94299e+18 9.94627e+18 1.5547e+19 2.07765e+19 2.47785e+19 2.69375e+19 2.69375e+19 2.47785e+19 2.07765e+19 1.5547e+19 9.94627e+18 4.94299e+18 1.42754e+18 1.70643e+16 3.44235e+14 8.10647e+12 1.90836e+11 4.48836e+09 1.0092e+08
5.10138e+07 2.24914e+09 9.48771e+10 4.0051e+12 1.69348e+14 8.3872e+15 7.07497e+17 2.45253e+18 4.93963e+18 7.72787e+18 1.03349e+19 1.23324e+19 1.34108e+19 1.34108e+19 1.23324e+19 1.03349e+19 7.72787e+18 4.93963e+18 2.45253e+18 7.07497e+17 8.3872e+15 1.69348e+14 4.0051e+12 9.48772e+10 2.24914e+09 5.10138e+07
1.73648e+07 7.3366e+08 2.95542e+10 1.19162e+12 4.83135e+13 2.3314e+15 2.02682e+17 7.04337e+17 1.42024e+18 2.2234e+18 2.97469e+18 3.55041e+18 3.86126e+18 3.86126e+18 3.55041e+18 2.97469e+18 2.2234e+18 1.42024e+18 7.04337e+17 2.02682e+17 2.3314e+15 4.83135e+13 1.19162e+12 2.95542e+10 7.3366e+08 1.73648e+07
3.01982e+06 1.05322e+08 3.21909e+09 8.59209e+10 1.75013e+12 2.63251e+13 2.13124e+15 7.65985e+15 1.55952e+16 2.4437e+16 3.26069e+16 3.8786e+16 4.20893e+16 4.20893e+16 3.8786e+16 3.26069e+16 2.4437e+16 1.55952e+16 7.65985e+15 2.13124e+15 2.63251e+13 1.75013e+12 8.59209e+10 3.21909e+09 1.05322e+08 3.01982e+06
330360 9.4111e+06 2.23016e+08 4.46178e+09 7.51064e+10 1.54114e+12 4.28112e+13 1.50323e+14 3.05959e+14 4.79652e+14 6.40143e+14 7.61481e+14 8.26324e+14 8.26324e+14 7.61481e+14 6.40143e+14 4.79652e+14 3.05959e+14 1.50323e+14 4.28112e+13 1.54114e+12 7.51064e+10 4.46178e+09 2.23016e+08 9.4111e+06 330360
27173.9 658438 1.32193e+07 2.37507e+08 4.13538e+09 7.58257e+10 1.05576e+12 3.5544e+12 7.20335e+12 1.12921e+13 1.50792e+13 1.7948e+13 1.94832e+13 1.94832e+13 1.7948e+13 1.50792e+13 1.12921e+13 7.20335e+12 3.5544e+12 1.05576e+12 7.58257e+10 4.13538e+09 2.37507e+08 1.32193e+07 658438 27173.9
1882.89 40687 740152 1.25171e+07 2.01259e+08 2.84409e+09 2.61816e+10 8.41819e+10 1.69533e+11 2.6563e+11 3.54887e+11 4.22635e+11 4.58938e+11 4.58938e+11 4.22635e+11 3.54887e+11 2.6563e+11 1.69533e+11 8.41819e+10 2.61816e+10 2.84409e+09 2.01259e+08 1.25171e+07 740152 40687 1882.89
116.584 2317.7 38987.7 605146 8.40666e+06 9.31057e+07 6.49855e+08 1.99515e+09 3.98629e+09 6.23969e+09 8.33916e+09 9.93603e+09 1.07929e+10 1.07929e+10 9.93603e+09 8.33916e+09 6.23969e+09 3.98629e+09 1.99515e+09 6.49855e+08 9.31057e+07 8.40666e+06 605146 38987.7 2317.7 116.584
6.06438 112.778 1756.23 24597.5 293793 2.67029e+06 1.53792e+07 4.52429e+07 8.96087e+07 1.40067e+08 1.8723e+08 2.23176e+08 2.42489e+08 2.42489e+08 2.23176e+08 1.8723e+08 1.40067e+08 8.96087e+07 4.52429e+07 1.53792e+07 2.67029e+06 293793 24597.5 1756.23 112.778 6.06439
