9.62666e-05 0.00181768 0.0290532 0.420612 5.1904 48.4249 284.301 852.312 1727.85 2771.97 3798.89 4618.02 5072.14 5072.14 4618.02 3798.89 2771.97 1727.85 852.312 284.301 48.4249 5.1904 0.420612 0.0290532 0.00181768 9.62667e-05
0.00183616 0.0367785 0.63136 10.1443 146.746 1681.12 11998.5 37568.7 76909.9 123717 169733 206448 226810 226810 206448 169733 123717 76909.9 37568.7 11998.5 1681.12 146.746 10.1443 0.63136 0.0367785 0.00183616
0.0296795 0.639539 11.7127 203.59 3436.41 50931.5 482186 1.5824e+06 3.26878e+06 5.27047e+06 7.23798e+06 8.80857e+06 9.67997e+06 9.67997e+06 8.80857e+06 7.23798e+06 5.27047e+06 3.26878e+06 1.5824e+06 482186 50931.5 3436.41 203.59 11.7127 0.639539 0.0296795
0.433903 10.4079 206.89 3730.3 67806.9 1.33697e+06 1.93772e+07 6.66347e+07 1.38668e+08 2.24002e+08 3.07895e+08 3.74905e+08 4.121e+08 4.121e+08 3.74905e+08 3.07895e+08 2.24002e+08 1.38668e+08 6.66347e+07 1.93772e+07 1.33697e+06 67806.9 3730.3 206.89 10.4079 0.433903
5.39347 152.064 3543.62 69256.4 1.15399e+06 2.6172e+07 7.82628e+08 2.80893e+09 5.87708e+09 9.50756e+09 1.30788e+10 1.59334e+10 1.75186e+10 1.75186e+10 1.59334e+10 1.30788e+10 9.50756e+09 5.87708e+09 2.80893e+09 7.82628e+08 2.6172e+07 1.15399e+06 69256.4 3543.62 152.064 5.39347
50.5789 1753.85 53030.5 1.38706e+06 2.69309e+07 3.81385e+08 3.83424e+10 1.40926e+11 2.94889e+11 4.76673e+11 6.55351e+11 7.98113e+11 8.77375e+11 8.77375e+11 7.98113e+11 6.55351e+11 4.76673e+11 2.94889e+11 1.40926e+11 3.83424e+10 3.81385e+08 2.69309e+07 1.38706e+06 53030.5 1753.85 50.5789
298.018 12577.3 505443 2.03121e+07 8.20437e+08 4.00211e+10 3.65373e+12 1.28549e+13 2.6343e+13 4.20134e+13 5.72273e+13 6.92753e+13 7.59285e+13 7.59285e+13 6.92753e+13 5.72273e+13 4.20134e+13 2.6343e+13 1.28549e+13 3.65373e+12 4.00211e+10 8.20437e+08 2.03121e+07 505443 12577.3 298.018
894.388 39427.7 1.6609e+06 6.99488e+07 2.94901e+09 1.47337e+11 1.28964e+13 4.52284e+13 9.25427e+13 1.47445e+14 2.00699e+14 2.42843e+14 2.66106e+14 2.66106e+14 2.42843e+14 2.00699e+14 1.47445e+14 9.25427e+13 4.52284e+13 1.28964e+13 1.47337e+11 2.94901e+09 6.99488e+07 1.6609e+06 39427.7 894.388
1813.49 80732.4 3.4317e+06 1.45599e+08 6.17167e+09 3.08409e+11 2.64616e+13 9.26617e+13 1.89461e+14 3.01721e+14 4.10563e+14 4.96674e+14 5.44199e+14 5.44199e+14 4.96674e+14 4.10563e+14 3.01721e+14 1.89461e+14 9.26617e+13 2.64616e+13 3.08409e+11 6.17167e+09 1.45599e+08 3.4317e+06 80732.4 1813.49
2908.91 129846 5.53231e+06 2.35163e+08 9.98269e+09 4.98491e+11 4.22301e+13 1.47734e+14 3.01925e+14 4.80675e+14 6.53935e+14 7.90984e+14 8.66613e+14 8.66613e+14 7.90984e+14 6.53935e+14 4.80675e+14 3.01925e+14 1.47734e+14 4.22301e+13 4.98491e+11 9.98269e+09 2.35163e+08 5.53231e+06 129846 2908.91
3985.41 178089 7.59533e+06 3.2314e+08 1.37283e+10 6.85181e+11 5.75416e+13 2.01163e+14 4.10989e+14 6.54172e+14 8.8984e+14 1.07623e+15 1.17907e+15 1.17907e+15 1.07623e+15 8.8984e+14 6.54172e+14 4.10989e+14 2.01163e+14 5.75416e+13 6.85181e+11 1.37283e+10 3.2314e+08 7.59533e+06 178089 3985.41
4843.39 216550 9.2408e+06 3.93353e+08 1.67197e+10 8.34223e+11 6.96664e+13 2.43446e+14 4.97276e+14 7.91411e+14 1.07642e+15 1.30181e+15 1.42617e+15 1.42617e+15 1.30181e+15 1.07642e+15 7.91411e+14 4.97276e+14 2.43446e+14 6.96664e+13 8.34223e+11 1.67197e+10 3.93353e+08 9.2408e+06 216550 4843.39
5318.79 237868 1.01532e+07 4.32301e+08 1.83798e+10 9.16922e+11 7.63614e+13 2.66784e+14 5.44896e+14 8.67142e+14 1.17937e+15 1.42627e+15 1.5625e+15 1.5625e+15 1.42627e+15 1.17937e+15 8.67142e+14 5.44896e+14 2.66784e+14 7.63614e+13 9.16922e+11 1.83798e+10 4.32301e+08 1.01532e+07 237868 5318.79
5318.79 237868 1.01532e+07 4.32301e+08 1.83798e+10 9.16922e+11 7.63614e+13 2.66784e+14 5.44896e+14 8.67142e+14 1.17937e+15 1.42627e+15 1.5625e+15 1.5625e+15 1.42627e+15 1.17937e+15 8.67142e+14 5.44896e+14 2.66784e+14 7.63614e+13 9.16922e+11 1.83798e+10 4.32301e+08 1.01532e+07 237868 5318.79
4843.39 216550 9.2408e+06 3.93353e+08 1.67197e+10 8.34223e+11 6.96664e+13 2.43446e+14 4.97276e+14 7.91411e+14 1.07642e+15 1.30181e+15 1.42617e+15 1.42617e+15 1.30181e+15 1.07642e+15 7.91411e+14 4.97276e+14 2.43446e+14 6.96664e+13 8.34223e+11 1.67197e+10 3.93353e+08 9.2408e+06 216550 4843.39
3985.41 178089 7.59533e+06 3.2314e+08 1.37283e+10 6.85181e+11 5.75416e+13 2.01163e+14 4.10989e+14 6.54172e+14 8.8984e+14 1.07623e+15 1.17907e+15 1.17907e+15 1.07623e+15 8.8984e+14 6.54172e+14 4.10989e+14 2.01163e+14 5.75416e+13 6.85181e+11 1.37283e+10 3.2314e+08 7.59533e+06 178089 3985.41
2908.91 129846 5.53231e+06 2.35163e+08 9.98269e+09 4.98491e+11 4.22301e+13 1.47734e+14 3.01925e+14 4.80675e+14 6.53935e+14 7.90984e+14 8.66613e+14 8.66613e+14 7.90984e+14 6.53935e+14 4.80675e+14 3.01925e+14 1.47734e+14 4.22301e+13 4.98491e+11 9.98269e+09 2.35163e+08 5.53231e+06 129846 2908.91
1813.49 80732.4 3.4317e+06 1.45599e+08 6.17167e+09 3.08409e+11 2.64616e+13 9.26617e+13 1.89461e+14 3.01721e+14 4.10563e+14 4.96674e+14 5.44199e+14 5.44199e+14 4.96674e+14 4.10563e+14 3.01721e+14 1.89461e+14 9.26617e+13 2.64616e+13 3.08409e+11 6.17167e+09 1.45599e+08 3.4317e+06 80732.4 1813.49
894.388 39427.7 1.6609e+06 6.99488e+07 2.94901e+09 1.47337e+11 1.28964e+13 4.52284e+13 9.25427e+13 1.47445e+14 2.00699e+14 2.42843e+14 2.66106e+14 2.66106e+14 2.42843e+14 2.00699e+14 1.47445e+14 9.25427e+13 4.52284e+13 1.28964e+13 1.47337e+11 2.94901e+09 6.99488e+07 1.6609e+06 39427.7 894.388
298.018 12577.3 505443 2.03121e+07 8.20437e+08 4.00211e+10 3.65373e+12 1.28549e+13 2.6343e+13 4.20134e+13 5.72273e+13 6.92753e+13 7.59285e+13 7.59285e+13 6.92753e+13 5.72273e+13 4.20134e+13 2.6343e+13 1.28549e+13 3.65373e+12 4.00211e+10 8.20437e+08 2.03121e+07 505443 12577.3 298.018
50.5789 1753.85 53030.5 1.38706e+06 2.69309e+07 3.81385e+08 3.83424e+10 1.40926e+11 2.94889e+11 4.76673e+11 6.55351e+11 7.98113e+11 8.77375e+11 8.77375e+11 7.98113e+11 6.55351e+11 4.76673e+11 2.94889e+11 1.40926e+11 3.83424e+10 3.81385e+08 2.69309e+07 1.38706e+06 53030.5 1753.85 50.5789
5.39347 152.064 3543.62 69256.4 1.15399e+06 2.6172e+07 7.82628e+08 2.80893e+09 5.87708e+09 9.50756e+09 1.30788e+10 1.59334e+10 1.75186e+10 1.75186e+10 1.59334e+10 1.30788e+10 9.50756e+09 5.87708e+09 2.80893e+09 7.82628e+08 2.6172e+07 1.15399e+06 69256.4 3543.62 152.064 5.39347
0.433903 10.4079 206.89 3730.3 67806.9 1.33697e+06 1.93772e+07 6.66347e+07 1.38668e+08 2.24002e+08 3.07895e+08 3.74905e+08 4.121e+08 4.121e+08 3.74905e+08 3.07895e+08 2.24002e+08 1.38668e+08 6.66347e+07 1.93772e+07 1.33697e+06 67806.9 3730.3 206.89 10.4079 0.433903
0.0296795 0.639539 11.7127 203.59 3436.41 50931.5 482186 1.5824e+06 3.26878e+06 5.27047e+06 7.23798e+06 8.80857e+06 9.67997e+06 9.67997e+06 8.80857e+06 7.23798e+06 5.27047e+06 3.26878e+06 1.5824e+06 482186 50931.5 3436.41 203.59 11.7127 0.639539 0.0296795
0.00183616 0.0367785 0.63136 10.1443 146.746 1681.12 11998.5 37568.7 76909.9 123717 169733 206448 226810 226810 206448 169733 123717 76909.9 37568.7 11998.5 1681.12 146.746 10.1443 0.63136 0.0367785 0.00183616
9.62666e-05 0.00181768 0.0290532 0.420612 5.1904 48.4249 284.301 852.312 1727.85 2771.97 3798.89 4618.02 5072.14 5072.14 4618.02 3798.89 2771.97 1727.85 852.312 284.301 48.4249 5.1904 0.420612 0.0290532 0.00181768 9.62667e-05
