0.000464961 0.00869503 0.137163 1.95636 23.7948 219.199 1272.12 3761.17 7500.51 11830.2 15968.2 19192 20951.9 20951.9 19192 15968.2 11830.2 7500.51 3761.17 1272.12 219.199 23.7948 1.95636 0.137163 0.00869503 0.000464961
0.00884754 0.175892 2.98459 47.2183 671.774 7584.83 53487.8 165087 332204 524965 708880 852070 930224 930224 852070 708880 524965 332204 165087 53487.8 7584.83 671.774 47.2183 2.98459 0.175892 0.00884755
0.142254 3.0518 55.4698 951.284 15755.4 229357 2.14354e+06 6.93046e+06 1.40611e+07 2.22537e+07 3.00589e+07 3.61329e+07 3.94476e+07 3.94476e+07 3.61329e+07 3.00589e+07 2.22537e+07 1.40611e+07 6.93046e+06 2.14354e+06 229357 15755.4 951.284 55.4698 3.0518 0.142254
2.06137 49.3407 978.51 17533.2 313181 6.02494e+06 8.60047e+07 2.91205e+08 5.94698e+08 9.42172e+08 1.27286e+09 1.53012e+09 1.6705e+09 1.6705e+09 1.53012e+09 1.27286e+09 9.42172e+08 5.94698e+08 2.91205e+08 8.60047e+07 6.02494e+06 313181 17533.2 978.51 49.3407 2.06137
25.3285 712.813 16612.6 325434 5.41399e+06 1.18816e+08 3.47254e+09 1.22629e+10 2.51567e+10 3.98795e+10 5.38821e+10 6.47733e+10 7.07157e+10 7.07157e+10 6.47733e+10 5.38821e+10 3.98795e+10 2.51567e+10 1.22629e+10 3.47254e+09 1.18816e+08 5.41399e+06 325434 16612.6 712.813 25.3285
234.53 8109.66 244943 6.42081e+06 1.26019e+08 1.81062e+09 1.70852e+11 6.17616e+11 1.26699e+12 2.00691e+12 2.71027e+12 3.25726e+12 3.55569e+12 3.55569e+12 3.25726e+12 2.71027e+12 2.00691e+12 1.26699e+12 6.17616e+11 1.70852e+11 1.81062e+09 1.26019e+08 6.42081e+06 244943 8109.66 234.53
1363.84 57345.1 2.2982e+06 9.22151e+07 3.72364e+09 1.81081e+11 1.62791e+13 5.66582e+13 1.14575e+14 1.80254e+14 2.42585e+14 2.91043e+14 3.17486e+14 3.17486e+14 2.91043e+14 2.42585e+14 1.80254e+14 1.14575e+14 5.66582e+13 1.62791e+13 1.81081e+11 3.72364e+09 9.22151e+07 2.2982e+06 57345.1 1363.84
4032.97 177029 7.43239e+06 3.12323e+08 1.31534e+10 6.55369e+11 5.68531e+13 1.974e+14 3.98831e+14 6.27191e+14 8.43883e+14 1.01235e+15 1.10428e+15 1.10428e+15 1.01235e+15 8.43883e+14 6.27191e+14 3.98831e+14 1.974e+14 5.68531e+13 6.55369e+11 1.31534e+10 3.12323e+08 7.43239e+06 177029 4032.97
8038.65 356058 1.50717e+07 6.37482e+08 2.69684e+10 1.34406e+12 1.15066e+14 3.99175e+14 8.06244e+14 1.26769e+15 1.70554e+15 2.04594e+15 2.23169e+15 2.23169e+15 2.04594e+15 1.70554e+15 1.26769e+15 8.06244e+14 3.99175e+14 1.15066e+14 1.34406e+12 2.69684e+10 6.37482e+08 1.50717e+07 356058 8038.65
12669.7 562235 2.38345e+07 1.00914e+09 4.27158e+10 2.12752e+12 1.8104e+14 6.27791e+14 1.26781e+15 1.99329e+15 2.68166e+15 3.21683e+15 3.50887e+15 3.50887e+15 3.21683e+15 2.68166e+15 1.99329e+15 1.26781e+15 6.27791e+14 1.8104e+14 2.12752e+12 4.27158e+10 1.00914e+09 2.38345e+07 562235 12669.7
17088.4 758612 3.21681e+07 1.36219e+09 5.76644e+10 2.8709e+12 2.43587e+14 8.44522e+14 1.70538e+15 2.68116e+15 3.60702e+15 4.32682e+15 4.71961e+15 4.71961e+15 4.32682e+15 3.60702e+15 2.68116e+15 1.70538e+15 8.44522e+14 2.43587e+14 2.8709e+12 5.76644e+10 1.36219e+09 3.21681e+07 758612 17088.4
20525.6 911268 3.86429e+07 1.6364e+09 6.92716e+10 3.44804e+12 2.92166e+14 1.01286e+15 2.04525e+15 3.21544e+15 4.32577e+15 5.18898e+15 5.66002e+15 5.66002e+15 5.18898e+15 4.32577e+15 3.21544e+15 2.04525e+15 1.01286e+15 2.92166e+14 3.44804e+12 6.92716e+10 1.6364e+09 3.86429e+07 911268 20525.6
22400.1 994499 4.21723e+07 1.78585e+09 7.5597e+10 3.76256e+12 3.18656e+14 1.10466e+15 2.23059e+15 3.5068e+15 4.71772e+15 5.65914e+15 6.17286e+15 6.17286e+15 5.65914e+15 4.71772e+15 3.5068e+15 2.23059e+15 1.10466e+15 3.18656e+14 3.76256e+12 7.5597e+10 1.78585e+09 4.21723e+07 994499 22400.1
22400.1 994499 4.21723e+07 1.78585e+09 7.5597e+10 3.76256e+12 3.18656e+14 1.10466e+15 2.23059e+15 3.5068e+15 4.71772e+15 5.65914e+15 6.17286e+15 6.17286e+15 5.65914e+15 4.71772e+15 3.5068e+15 2.23059e+15 1.10466e+15 3.18656e+14 3.76256e+12 7.5597e+10 1.78585e+09 4.21723e+07 994499 22400.1
20525.6 911268 3.86429e+07 1.6364e+09 6.92716e+10 3.44804e+12 2.92166e+14 1.01286e+15 2.04525e+15 3.21544e+15 4.32577e+15 5.18898e+15 5.66002e+15 5.66002e+15 5.18898e+15 4.32577e+15 3.21544e+15 2.04525e+15 1.01286e+15 2.92166e+14 3.44804e+12 6.92716e+10 1.6364e+09 3.86429e+07 911268 20525.6
17088.4 758612 3.21681e+07 1.36219e+09 5.76644e+10 2.8709e+12 2.43587e+14 8.44522e+14 1.70538e+15 2.68116e+15 3.60702e+15 4.32682e+15 4.71961e+15 4.71961e+15 4.32682e+15 3.60702e+15 2.68116e+15 1.70538e+15 8.44522e+14 2.43587e+14 2.8709e+12 5.76644e+10 1.36219e+09 3.21681e+07 758612 17088.4
12669.7 562235 2.38345e+07 1.00914e+09 4.27158e+10 2.12752e+12 1.8104e+14 6.27791e+14 1.26781e+15 1.99329e+15 2.68166e+15 3.21683e+15 3.50887e+15 3.50887e+15 3.21683e+15 2.68166e+15 1.99329e+15 1.26781e+15 6.27791e+14 1.8104e+14 2.12752e+12 4.27158e+10 1.00914e+09 2.38345e+07 562235 12669.7
8038.65 356058 1.50717e+07 6.37482e+08 2.69684e+10 1.34406e+12 1.15066e+14 3.99175e+14 8.06244e+14 1.26769e+15 1.70554e+15 2.04594e+15 2.23169e+15 2.23169e+15 2.04594e+15 1.70554e+15 1.26769e+15 8.06244e+14 3.99175e+14 1.15066e+14 1.34406e+12 2.69684e+10 6.37482e+08 1.50717e+07 356058 8038.65
4032.97 177029 7.43239e+06 3.12323e+08 1.31534e+10 6.55369e+11 5.68531e+13 1.974e+14 3.98831e+14 6.27191e+14 8.43883e+14 1.01235e+15 1.10428e+15 1.10428e+15 1.01235e+15 8.43883e+14 6.27191e+14 3.98831e+14 1.974e+14 5.68531e+13 6.55369e+11 1.31534e+10 3.12323e+08 7.43239e+06 177029 4032.97
1363.84 57345.1 2.2982e+06 9.22151e+07 3.72364e+09 1.81081e+11 1.62791e+13 5.66582e+13 1.14575e+14 1.80254e+14 2.42585e+14 2.91043e+14 3.17486e+14 3.17486e+14 2.91043e+14 2.42585e+14 1.80254e+14 1.14575e+14 5.66582e+13 1.62791e+13 1.81081e+11 3.72364e+09 9.22151e+07 2.2982e+06 57345.1 1363.84
234.53 8109.66 244943 6.42081e+06 1.26019e+08 1.81062e+09 1.70852e+11 6.17616e+11 1.26699e+12 2.00691e+12 2.71027e+12 3.25726e+12 3.55569e+12 3.55569e+12 3.25726e+12 2.71027e+12 2.00691e+12 1.26699e+12 6.17616e+11 1.70852e+11 1.81062e+09 1.26019e+08 6.42081e+06 244943 8109.66 234.53
25.3285 712.813 16612.6 325434 5.41399e+06 1.18816e+08 3.47254e+09 1.22629e+10 2.51567e+10 3.98795e+10 5.38821e+10 6.47733e+10 7.07157e+10 7.07157e+10 6.47733e+10 5.38821e+10 3.98795e+10 2.51567e+10 1.22629e+10 3.47254e+09 1.18816e+08 5.41399e+06 325434 16612.6 712.813 25.3285
2.06137 49.3407 978.51 17533.2 313181 6.02494e+06 8.60047e+07 2.91205e+08 5.94698e+08 9.42172e+08 1.27286e+09 1.53012e+09 1.6705e+09 1.6705e+09 1.53012e+09 1.27286e+09 9.42172e+08 5.94698e+08 2.91205e+08 8.60047e+07 6.02494e+06 313181 17533.2 978.51 49.3407 2.06137
0.142254 3.0518 55.4698 951.284 15755.4 229357 2.14354e+06 6.93046e+06 1.40611e+07 2.22537e+07 3.00589e+07 3.61329e+07 3.94476e+07 3.94476e+07 3.61329e+07 3.00589e+07 2.22537e+07 1.40611e+07 6.93046e+06 2.14354e+06 229357 15755.4 951.284 55.4698 3.0518 0.142254
0.00884754 0.175892 2.98459 47.2183 671.774 7584.83 53487.8 165087 332204 524965 708880 852070 930224 930224 852070 708880 524965 332204 165087 53487.8 7584.83 671.774 47.2183 2.98459 0.175892 0.00884755
0.000464961 0.00869503 0.137163 1.95636 23.7948 219.199 1272.12 3761.17 7500.51 11830.2 15968.2 19192 20951.9 20951.9 19192 15968.2 11830.2 7500.51 3761.17 1272.12 219.199 23.7948 1.95636 0.137163 0.00869503 0.000464961
