0.000116268 0.00218339 0.0346681 0.498344 6.10632 56.5803 329.734 978.476 1959.21 3103.13 4204.49 5067.83 5541.09 5541.09 5067.83 4204.49 3103.13 1959.21 978.476 329.734 56.5803 6.10632 0.498344 0.0346681 0.00218339 0.000116268
0.00220996 0.0440461 0.751416 11.9863 172.09 1957.42 13869.8 42971.4 86836.6 137824 186846 225259 246316 246316 225259 186846 137824 86836.6 42971.4 13869.8 1957.42 172.09 11.9863 0.751416 0.0440461 0.00220996
0.0355616 0.763106 13.905 240.121 4020.97 59138 555977 1.80468e+06 3.6776e+06 5.84691e+06 7.93025e+06 9.56241e+06 1.04571e+07 1.04571e+07 9.56241e+06 7.93025e+06 5.84691e+06 3.6776e+06 1.80468e+06 555977 59138 4020.97 240.121 13.905 0.763106 0.0355616
0.517062 12.3593 244.825 4395.1 79314.3 1.54987e+06 2.23086e+07 7.58458e+07 1.55602e+08 2.47691e+08 3.36066e+08 4.05298e+08 4.4325e+08 4.4325e+08 4.05298e+08 3.36066e+08 2.47691e+08 1.55602e+08 7.58458e+07 2.23086e+07 1.54987e+06 79314.3 4395.1 244.825 12.3593 0.517062
6.38693 179.481 4171.67 81392.2 1.35269e+06 3.03549e+07 9.00617e+08 3.19402e+09 6.58363e+09 1.04884e+10 1.42345e+10 1.71694e+10 1.87784e+10 1.87784e+10 1.71694e+10 1.42345e+10 1.04884e+10 6.58363e+09 3.19402e+09 9.00617e+08 3.03549e+07 1.35269e+06 81392.2 4171.67 179.481 6.38693
59.4857 2055.83 62003.3 1.61975e+06 3.14915e+07 4.47106e+08 4.41899e+10 1.60457e+11 3.30747e+11 5.26495e+11 7.14172e+11 8.61171e+11 9.41749e+11 9.41749e+11 8.61171e+11 7.14172e+11 5.26495e+11 3.30747e+11 1.60457e+11 4.41899e+10 4.47106e+08 3.14915e+07 1.61975e+06 62003.3 2055.83 59.4857
347.761 14628.7 586435 2.35329e+07 9.50176e+08 4.63374e+10 4.20996e+12 1.46922e+13 2.9802e+13 4.70342e+13 6.34776e+13 7.63196e+13 8.33482e+13 8.33482e+13 7.63196e+13 6.34776e+13 4.70342e+13 2.9802e+13 1.46922e+13 4.20996e+12 4.63374e+10 9.50176e+08 2.35329e+07 586435 14628.7 347.761
1032.65 45356.9 1.90517e+06 8.00819e+07 3.37299e+09 1.68471e+11 1.47372e+13 5.12976e+13 1.03945e+14 1.63955e+14 2.21201e+14 2.659e+14 2.90362e+14 2.90362e+14 2.659e+14 2.21201e+14 1.63955e+14 1.03945e+14 5.12976e+13 1.47372e+13 1.68471e+11 3.37299e+09 8.00819e+07 1.90517e+06 45356.9 1032.65
2067.22 91636.5 3.88144e+06 1.64251e+08 6.95064e+09 3.47217e+11 2.99181e+13 1.04033e+14 2.10719e+14 3.32302e+14 4.4827e+14 5.38816e+14 5.88366e+14 5.88366e+14 5.38816e+14 4.4827e+14 3.32302e+14 2.10719e+14 1.04033e+14 2.99181e+13 3.47217e+11 6.95064e+09 1.64251e+08 3.88144e+06 91636.5 2067.22
3272.36 145357 6.16727e+06 2.61296e+08 1.1066e+10 5.52404e+11 4.7225e+13 1.64125e+14 3.32365e+14 5.24078e+14 7.06923e+14 8.49683e+14 9.27805e+14 9.27805e+14 8.49683e+14 7.06923e+14 5.24078e+14 3.32365e+14 1.64125e+14 4.7225e+13 5.52404e+11 1.1066e+10 2.61296e+08 6.16727e+06 145357 3272.36
4430.91 196927 8.35902e+06 3.54275e+08 1.50075e+10 7.48815e+11 6.3728e+13 2.21411e+14 4.48319e+14 7.06869e+14 9.53452e+14 1.14597e+15 1.25132e+15 1.25132e+15 1.14597e+15 9.53452e+14 7.06869e+14 4.48319e+14 2.21411e+14 6.3728e+13 7.48815e+11 1.50075e+10 3.54275e+08 8.35902e+06 196927 4430.91
5337.85 237281 1.00736e+07 4.27005e+08 1.80907e+10 9.02426e+11 7.66071e+13 2.66111e+14 5.38793e+14 8.49491e+14 1.1458e+15 1.37714e+15 1.50374e+15 1.50374e+15 1.37714e+15 1.1458e+15 8.49491e+14 5.38793e+14 2.66111e+14 7.66071e+13 9.02426e+11 1.80907e+10 4.27005e+08 1.00736e+07 237281 5337.85
5834.53 259379 1.10125e+07 4.66832e+08 1.97791e+10 9.86542e+11 8.36521e+13 2.90561e+14 5.88279e+14 9.27498e+14 1.25101e+15 1.50358e+15 1.6418e+15 1.6418e+15 1.50358e+15 1.25101e+15 9.27498e+14 5.88279e+14 2.90561e+14 8.36521e+13 9.86542e+11 1.97791e+10 4.66832e+08 1.10125e+07 259379 5834.53
5834.53 259379 1.10125e+07 4.66832e+08 1.97791e+10 9.86542e+11 8.36521e+13 2.90561e+14 5.88279e+14 9.27498e+14 1.25101e+15 1.50358e+15 1.6418e+15 1.6418e+15 1.50358e+15 1.25101e+15 9.27498e+14 5.88279e+14 2.90561e+14 8.36521e+13 9.86542e+11 1.97791e+10 4.66832e+08 1.10125e+07 259379 5834.53
5337.85 237281 1.00736e+07 4.27005e+08 1.80907e+10 9.02426e+11 7.66071e+13 2.66111e+14 5.38793e+14 8.49491e+14 1.1458e+15 1.37714e+15 1.50374e+15 1.50374e+15 1.37714e+15 1.1458e+15 8.49491e+14 5.38793e+14 2.66111e+14 7.66071e+13 9.02426e+11 1.80907e+10 4.27005e+08 1.00736e+07 237281 5337.85
4430.91 196927 8.35902e+06 3.54275e+08 1.50075e+10 7.48815e+11 6.3728e+13 2.21411e+14 4.48319e+14 7.06869e+14 9.53452e+14 1.14597e+15 1.25132e+15 1.25132e+15 1.14597e+15 9.53452e+14 7.06869e+14 4.48319e+14 2.21411e+14 6.3728e+13 7.48815e+11 1.50075e+10 3.54275e+08 8.35902e+06 196927 4430.91
3272.36 145357 6.16727e+06 2.61296e+08 1.1066e+10 5.52404e+11 4.7225e+13 1.64125e+14 3.32365e+14 5.24078e+14 7.06923e+14 8.49683e+14 9.27805e+14 9.27805e+14 8.49683e+14 7.06923e+14 5.24078e+14 3.32365e+14 1.64125e+14 4.7225e+13 5.52404e+11 1.1066e+10 2.61296e+08 6.16727e+06 145357 3272.36
2067.22 91636.5 3.88144e+06 1.64251e+08 6.95064e+09 3.47217e+11 2.99181e+13 1.04033e+14 2.10719e+14 3.32302e+14 4.4827e+14 5.38816e+14 5.88366e+14 5.88366e+14 5.38816e+14 4.4827e+14 3.32302e+14 2.10719e+14 1.04033e+14 2.99181e+13 3.47217e+11 6.95064e+09 1.64251e+08 3.88144e+06 91636.5 2067.22
1032.65 45356.9 1.90517e+06 8.00819e+07 3.37299e+09 1.68471e+11 1.47372e+13 5.12976e+13 1.03945e+14 1.63955e+14 2.21201e+14 2.659e+14 2.90362e+14 2.90362e+14 2.659e+14 2.21201e+14 1.63955e+14 1.03945e+14 5.12976e+13 1.47372e+13 1.68471e+11 3.37299e+09 8.00819e+07 1.90517e+06 45356.9 1032.65
347.761 14628.7 586435 2.35329e+07 9.50176e+08 4.63374e+10 4.20996e+12 1.46922e+13 2.9802e+13 4.70342e+13 6.34776e+13 7.63196e+13 8.33482e+13 8.33482e+13 7.63196e+13 6.34776e+13 4.70342e+13 2.9802e+13 1.46922e+13 4.20996e+12 4.63374e+10 9.50176e+08 2.35329e+07 586435 14628.7 347.761
59.4857 2055.83 62003.3 1.61975e+06 3.14915e+07 4.47106e+08 4.41899e+10 1.60457e+11 3.30747e+11 5.26495e+11 7.14172e+11 8.61171e+11 9.41749e+11 9.41749e+11 8.61171e+11 7.14172e+11 5.26495e+11 3.30747e+11 1.60457e+11 4.41899e+10 4.47106e+08 3.14915e+07 1.61975e+06 62003.3 2055.83 59.4857
6.38693 179.481 4171.67 81392.2 1.35269e+06 3.03549e+07 9.00617e+08 3.19402e+09 6.58363e+09 1.04884e+10 1.42345e+10 1.71694e+10 1.87784e+10 1.87784e+10 1.71694e+10 1.42345e+10 1.04884e+10 6.58363e+09 3.19402e+09 9.00617e+08 3.03549e+07 1.35269e+06 81392.2 4171.67 179.481 6.38693
0.517062 12.3593 244.825 4395.1 79314.3 1.54987e+06 2.23086e+07 7.58458e+07 1.55602e+08 2.47691e+08 3.36066e+08 4.05298e+08 4.4325e+08 4.4325e+08 4.05298e+08 3.36066e+08 2.47691e+08 1.55602e+08 7.58458e+07 2.23086e+07 1.54987e+06 79314.3 4395.1 244.825 12.3593 0.517062
0.0355616 0.763106 13.905 240.121 4020.97 59138 555977 1.80468e+06 3.6776e+06 5.84691e+06 7.93025e+06 9.56241e+06 1.04571e+07 1.04571e+07 9.56241e+06 7.93025e+06 5.84691e+06 3.6776e+06 1.80468e+06 555977 59138 4020.97 240.121 13.905 0.763106 0.0355616
0.00220996 0.0440461 0.751416 11.9863 172.09 1957.42 13869.8 42971.4 86836.6 137824 186846 225259 246316 246316 225259 186846 137824 86836.6 42971.4 13869.8 1957.42 172.09 11.9863 0.751416 0.0440461 0.00220996
0.000116268 0.00218339 0.0346681 0.498344 6.10632 56.5803 329.734 978.476 1959.21 3103.13 4204.49 5067.83 5541.09 5541.09 5067.83 4204.49 3103.13 1959.21 978.476 329.734 56.5803 6.10632 0.498344 0.0346681 0.00218339 0.000116268
