3.14567e-06 5.90818e-05 0.000938464 0.0134973 0.165473 1.53392 8.94264 26.5504 53.1985 84.3266 114.344 137.908 150.839 150.839 137.908 114.344 84.3266 53.1985 26.5504 8.94264 1.53392 0.165473 0.0134973 0.000938464 5.90818e-05 3.14567e-06
5.97782e-05 0.00119141 0.0203301 0.324471 4.66156 53.0522 376.068 1165.72 2357.34 3744.54 5080.47 6128.88 6704.14 6704.14 6128.88 5080.47 3744.54 2357.34 1165.72 376.068 53.0522 4.66156 0.324471 0.0203301 0.00119141 5.97782e-05
0.000961899 0.0206363 0.376013 6.4957 108.861 1602.32 15071.3 48946.1 99814 158825 215595 260139 284582 284582 260139 215595 158825 99814 48946.1 15071.3 1602.32 108.861 6.4957 0.376013 0.0206363 0.000961899
0.0139891 0.334254 6.61875 118.808 2145.48 41976.1 604610 2.05665e+06 4.2224e+06 6.72716e+06 9.1352e+06 1.10247e+07 1.20616e+07 1.20616e+07 1.10247e+07 9.1352e+06 6.72716e+06 4.2224e+06 2.05665e+06 604610 41976.1 2145.48 118.808 6.61875 0.334254 0.0139891
0.17287 4.85599 112.812 2199.69 36544.1 821489 2.4404e+07 8.65939e+07 1.78624e+08 2.84822e+08 3.86894e+08 4.66997e+08 5.10962e+08 5.10962e+08 4.66997e+08 3.86894e+08 2.84822e+08 1.78624e+08 8.65939e+07 2.4404e+07 821489 36544.1 2199.69 112.812 4.85599 0.17287
1.61084 55.6533 1677.85 43808.5 850849 1.2063e+07 1.19699e+09 4.3486e+09 8.97017e+09 1.42915e+10 1.94027e+10 2.34126e+10 2.56132e+10 2.56132e+10 2.34126e+10 1.94027e+10 1.42915e+10 8.97017e+09 4.3486e+09 1.19699e+09 1.2063e+07 850849 43808.5 1677.85 55.6533 1.61084
9.42205 396.243 15880.7 637128 2.57198e+07 1.25437e+09 1.14048e+11 3.98107e+11 8.07821e+11 1.2755e+12 1.72222e+12 2.07142e+12 2.26266e+12 2.26266e+12 2.07142e+12 1.72222e+12 1.2755e+12 8.07821e+11 3.98107e+11 1.14048e+11 1.25437e+09 2.57198e+07 637128 15880.7 396.243 9.42205
27.9955 1229.34 51624.7 2.16954e+06 9.1362e+07 4.56329e+09 3.99337e+11 1.3903e+12 2.81812e+12 4.447e+12 6.00228e+12 7.21775e+12 7.88332e+12 7.88332e+12 7.21775e+12 6.00228e+12 4.447e+12 2.81812e+12 1.3903e+12 3.99337e+11 4.56329e+09 9.1362e+07 2.16954e+06 51624.7 1229.34 27.9955
56.088 2485.72 105265 4.45362e+06 1.88433e+08 9.41283e+09 8.11055e+11 2.82074e+12 5.7152e+12 9.0165e+12 1.21682e+13 1.46311e+13 1.59796e+13 1.59796e+13 1.46311e+13 1.21682e+13 9.0165e+12 5.7152e+12 2.82074e+12 8.11055e+11 9.41283e+09 1.88433e+08 4.45362e+06 105265 2485.72 56.088
88.8677 3946.66 167419 7.0921e+06 3.00313e+08 1.49904e+10 1.28094e+12 4.45237e+12 9.01905e+12 1.4227e+13 1.91985e+13 2.30834e+13 2.52105e+13 2.52105e+13 2.30834e+13 1.91985e+13 1.4227e+13 9.01905e+12 4.45237e+12 1.28094e+12 1.49904e+10 3.00313e+08 7.0921e+06 167419 3946.66 88.8677
120.438 5351.8 227134 9.62523e+06 4.07695e+08 2.03406e+10 1.72954e+12 6.00957e+12 1.21718e+13 1.91989e+13 2.59066e+13 3.1148e+13 3.40178e+13 3.40178e+13 3.1148e+13 2.59066e+13 1.91989e+13 1.21718e+13 6.00957e+12 1.72954e+12 2.03406e+10 4.07695e+08 9.62523e+06 227134 5351.8 120.438
145.193 6453.2 273931 1.16104e+07 4.91856e+08 2.45329e+10 2.08002e+12 7.22593e+12 1.46343e+13 2.3082e+13 3.11457e+13 3.74464e+13 4.08963e+13 4.08962e+13 3.74464e+13 3.11457e+13 2.3082e+13 1.46343e+13 7.22593e+12 2.08002e+12 2.45329e+10 4.91856e+08 1.16104e+07 273931 6453.2 145.193
158.765 7057.04 299589 1.26988e+07 5.38007e+08 2.68315e+10 2.27188e+12 7.89172e+12 1.59821e+13 2.52074e+13 3.40132e+13 4.08937e+13 4.4661e+13 4.4661e+13 4.08937e+13 3.40132e+13 2.52074e+13 1.59821e+13 7.89172e+12 2.27188e+12 2.68315e+10 5.38007e+08 1.26988e+07 299589 7057.04 158.765
158.765 7057.04 299589 1.26988e+07 5.38007e+08 2.68315e+10 2.27188e+12 7.89172e+12 1.59821e+13 2.52074e+13 3.40132e+13 4.08937e+13 4.4661e+13 4.4661e+13 4.08937e+13 3.40132e+13 2.52074e+13 1.59821e+13 7.89172e+12 2.27188e+12 2.68315e+10 5.38007e+08 1.26988e+07 299589 7057.04 158.765
145.193 6453.2 273931 1.16104e+07 4.91856e+08 2.45329e+10 2.08002e+12 7.22593e+12 1.46343e+13 2.3082e+13 3.11457e+13 3.74464e+13 4.08962e+13 4.08963e+13 3.74464e+13 3.11457e+13 2.3082e+13 1.46343e+13 7.22593e+12 2.08002e+12 2.45329e+10 4.91856e+08 1.16104e+07 273931 6453.2 145.193
120.438 5351.8 227134 9.62523e+06 4.07695e+08 2.03406e+10 1.72954e+12 6.00957e+12 1.21718e+13 1.91989e+13 2.59066e+13 3.1148e+13 3.40178e+13 3.40178e+13 3.1148e+13 2.59066e+13 1.91989e+13 1.21718e+13 6.00957e+12 1.72954e+12 2.03406e+10 4.07695e+08 9.62523e+06 227134 5351.8 120.438
88.8677 3946.66 167419 7.0921e+06 3.00313e+08 1.49904e+10 1.28094e+12 4.45237e+12 9.01905e+12 1.4227e+13 1.91985e+13 2.30834e+13 2.52105e+13 2.52105e+13 2.30834e+13 1.91985e+13 1.4227e+13 9.01905e+12 4.45237e+12 1.28094e+12 1.49904e+10 3.00313e+08 7.0921e+06 167419 3946.66 88.8677
56.088 2485.72 105265 4.45362e+06 1.88433e+08 9.41283e+09 8.11055e+11 2.82074e+12 5.7152e+12 9.0165e+12 1.21682e+13 1.46311e+13 1.59796e+13 1.59796e+13 1.46311e+13 1.21682e+13 9.0165e+12 5.7152e+12 2.82074e+12 8.11055e+11 9.41283e+09 1.88433e+08 4.45362e+06 105265 2485.72 56.088
27.9955 1229.34 51624.7 2.16954e+06 9.1362e+07 4.56329e+09 3.99337e+11 1.3903e+12 2.81812e+12 4.447e+12 6.00228e+12 7.21775e+12 7.88332e+12 7.88332e+12 7.21775e+12 6.00228e+12 4.447e+12 2.81812e+12 1.3903e+12 3.99337e+11 4.56329e+09 9.1362e+07 2.16954e+06 51624.7 1229.34 27.9955
9.42205 396.243 15880.7 637128 2.57198e+07 1.25437e+09 1.14048e+11 3.98107e+11 8.07821e+11 1.2755e+12 1.72222e+12 2.07142e+12 2.26266e+12 2.26266e+12 2.07142e+12 1.72222e+12 1.2755e+12 8.07821e+11 3.98107e+11 1.14048e+11 1.25437e+09 2.57198e+07 637128 15880.7 396.243 9.42205
1.61084 55.6533 1677.85 43808.5 850849 1.2063e+07 1.19699e+09 4.3486e+09 8.97017e+09 1.42915e+10 1.94027e+10 2.34126e+10 2.56132e+10 2.56132e+10 2.34126e+10 1.94027e+10 1.42915e+10 8.97017e+09 4.3486e+09 1.19699e+09 1.2063e+07 850849 43808.5 1677.85 55.6533 1.61084
0.17287 4.85599 112.812 2199.69 36544.1 821489 2.4404e+07 8.65939e+07 1.78624e+08 2.84822e+08 3.86894e+08 4.66997e+08 5.10962e+08 5.10962e+08 4.66997e+08 3.86894e+08 2.84822e+08 1.78624e+08 8.65939e+07 2.4404e+07 821489 36544.1 2199.69 112.812 4.85599 0.17287
0.0139891 0.334254 6.61875 118.808 2145.48 41976.1 604610 2.05665e+06 4.2224e+06 6.72716e+06 9.1352e+06 1.10247e+07 1.20616e+07 1.20616e+07 1.10247e+07 9.1352e+06 6.72716e+06 4.2224e+06 2.05665e+06 604610 41976.1 2145.48 118.808 6.61875 0.334254 0.0139891
0.000961899 0.0206363 0.376013 6.4957 108.861 1602.32 15071.3 48946.1 99814 158825 215595 260139 284582 284582 260139 215595 158825 99814 48946.1 15071.3 1602.32 108.861 6.4957 0.376013 0.0206363 0.000961899
5.97782e-05 0.00119141 0.0203301 0.324471 4.66156 53.0522 376.068 1165.72 2357.34 3744.54 5080.47 6128.88 6704.14 6704.14 6128.88 5080.47 3744.54 2357.34 1165.72 376.068 53.0522 4.66156 0.324471 0.0203301 0.00119141 5.97782e-05
3.14567e-06 5.90818e-05 0.000938464 0.0134973 0.165473 1.53392 8.94264 26.5504 53.1985 84.3266 114.344 137.908 150.839 150.839 137.908 114.344 84.3266 53.1985 26.5504 8.94264 1.53392 0.165473 0.0134973 0.000938464 5.90818e-05 3.14567e-06
