1.18108e-05 0.000220789 0.00348092 0.049616 0.603142 5.55472 32.2411 95.3891 190.417 300.683 406.306 488.754 533.824 533.824 488.754 406.306 300.683 190.417 95.3891 32.2411 5.55472 0.603142 0.049616 0.00348092 0.000220789 1.18108e-05
0.000224831 0.00446878 0.0757899 1.19814 17.0326 192.219 1355.51 4186.58 8433.43 13342.8 18037.9 21700.9 23702.9 23702.9 21700.9 18037.9 13342.8 8433.43 4186.58 1355.51 192.219 17.0326 1.19814 0.07579 0.00446878 0.000224831
0.00361582 0.077572 1.40962 24.1575 399.673 5813.12 54317.4 175739 356939 565609 764895 920309 1.00524e+06 1.00524e+06 920308 764895 565609 356939 175739 54317.4 5813.12 399.673 24.1575 1.40962 0.077572 0.00361582
0.0523957 1.25439 24.88 445.701 7952.21 152742 2.1791e+06 7.38346e+06 1.50953e+07 2.39461e+07 3.23906e+07 3.89745e+07 4.25725e+07 4.25725e+07 3.89745e+07 3.23906e+07 2.39461e+07 1.50953e+07 7.38346e+06 2.1791e+06 152742 7952.21 445.701 24.88 1.25439 0.0523957
0.64368 18.1186 422.396 8277.89 137708 3.01439e+06 8.7971e+07 3.10885e+08 6.38503e+08 1.01353e+09 1.37115e+09 1.64995e+09 1.8023e+09 1.8023e+09 1.64995e+09 1.37115e+09 1.01353e+09 6.38503e+08 3.10885e+08 8.7971e+07 3.01439e+06 137708 8277.89 422.396 18.1186 0.64368
5.95905 206.07 6225.04 163236 3.20683e+06 4.61147e+07 4.32886e+09 1.5659e+10 3.21592e+10 5.10063e+10 6.8968e+10 8.29677e+10 9.06174e+10 9.06174e+10 8.29677e+10 6.8968e+10 5.10063e+10 3.21592e+10 1.5659e+10 4.32886e+09 4.61147e+07 3.20683e+06 163236 6225.04 206.07 5.95905
34.6553 1457.01 58385 2.34235e+06 9.45676e+07 4.59608e+09 4.126e+11 1.43657e+12 2.90694e+12 4.57684e+12 6.16396e+12 7.39951e+12 8.07431e+12 8.07431e+12 7.39951e+12 6.16396e+12 4.57684e+12 2.90694e+12 1.43657e+12 4.126e+11 4.59608e+09 9.45676e+07 2.34235e+06 58385 1457.01 34.6553
102.552 4501.16 188954 7.93914e+06 3.34304e+08 1.66471e+10 1.44176e+12 5.00764e+12 1.01237e+13 1.59318e+13 2.14512e+13 2.57475e+13 2.80939e+13 2.80939e+13 2.57475e+13 2.14512e+13 1.59318e+13 1.01237e+13 5.00765e+12 1.44176e+12 1.66471e+10 3.34304e+08 7.93914e+06 188954 4501.16 102.552
204.638 9063.54 383623 1.62245e+07 6.86295e+08 3.4184e+10 2.92034e+12 1.0134e+13 2.04805e+13 3.22249e+13 4.33848e+13 5.20716e+13 5.68159e+13 5.68159e+13 5.20716e+13 4.33848e+13 3.22249e+13 2.04805e+13 1.0134e+13 2.92034e+12 3.4184e+10 6.86295e+08 1.62245e+07 383623 9063.54 204.638
322.943 14330.8 607501 2.57202e+07 1.08865e+09 5.41893e+10 4.59894e+12 1.59518e+13 3.22329e+13 5.07126e+13 6.82718e+13 8.19398e+13 8.94046e+13 8.94046e+13 8.19398e+13 6.82718e+13 5.07126e+13 3.22329e+13 1.59518e+13 4.59894e+12 5.41893e+10 1.08865e+09 2.57202e+07 607501 14330.8 322.943
436.11 19361 820996 3.47663e+07 1.47172e+09 7.32263e+10 6.19321e+12 2.14767e+13 4.3393e+13 6.82681e+13 9.19039e+13 1.10302e+14 1.2035e+14 1.2035e+14 1.10302e+14 9.19039e+13 6.82681e+13 4.3393e+13 2.14767e+13 6.19321e+12 7.32263e+10 1.47172e+09 3.47663e+07 820996 19361 436.11
524.336 23280.3 987270 4.18096e+07 1.76994e+09 8.80439e+10 7.4334e+12 2.57744e+13 5.20741e+13 8.19239e+13 1.10286e+14 1.32363e+14 1.44421e+14 1.44421e+14 1.32363e+14 1.10286e+14 8.19239e+13 5.20741e+13 2.57744e+13 7.4334e+12 8.80439e+10 1.76994e+09 4.18096e+07 987270 23280.3 524.336
572.524 25420.5 1.07806e+06 4.56549e+07 1.93274e+09 9.61328e+10 8.11037e+12 2.81203e+13 5.68129e+13 8.93783e+13 1.20321e+14 1.44406e+14 1.5756e+14 1.5756e+14 1.44406e+14 1.20321e+14 8.93783e+13 5.68129e+13 2.81203e+13 8.11037e+12 9.61328e+10 1.93274e+09 4.56549e+07 1.07806e+06 25420.5 572.524
572.524 25420.5 1.07806e+06 4.56549e+07 1.93274e+09 9.61328e+10 8.11037e+12 2.81203e+13 5.68129e+13 8.93783e+13 1.20321e+14 1.44406e+14 1.5756e+14 1.5756e+14 1.44406e+14 1.20321e+14 8.93783e+13 5.68129e+13 2.81203e+13 8.11037e+12 9.61328e+10 1.93274e+09 4.56549e+07 1.07806e+06 25420.5 572.524
524.336 23280.3 987270 4.18096e+07 1.76994e+09 8.80439e+10 7.4334e+12 2.57744e+13 5.20741e+13 8.19239e+13 1.10286e+14 1.32363e+14 1.44421e+14 1.44421e+14 1.32363e+14 1.10286e+14 8.19239e+13 5.20741e+13 2.57744e+13 7.4334e+12 8.80439e+10 1.76994e+09 4.18096e+07 987270 23280.3 524.336
436.11 19361 820996 3.47663e+07 1.47172e+09 7.32263e+10 6.19321e+12 2.14767e+13 4.3393e+13 6.82681e+13 9.19039e+13 1.10302e+14 1.2035e+14 1.2035e+14 1.10302e+14 9.19039e+13 6.82681e+13 4.3393e+13 2.14767e+13 6.19321e+12 7.32263e+10 1.47172e+09 3.47663e+07 820996 19361 436.11
322.943 14330.8 607501 2.57202e+07 1.08865e+09 5.41893e+10 4.59894e+12 1.59518e+13 3.22329e+13 5.07126e+13 6.82718e+13 8.19398e+13 8.94046e+13 8.94046e+13 8.19398e+13 6.82718e+13 5.07126e+13 3.22329e+13 1.59518e+13 4.59894e+12 5.41893e+10 1.08865e+09 2.57202e+07 607501 14330.8 322.943
204.638 9063.54 383623 1.62245e+07 6.86295e+08 3.4184e+10 2.92034e+12 1.0134e+13 2.04805e+13 3.22249e+13 4.33848e+13 5.20716e+13 5.68159e+13 5.68159e+13 5.20716e+13 4.33848e+13 3.22249e+13 2.04805e+13 1.0134e+13 2.92034e+12 3.4184e+10 6.86295e+08 1.62245e+07 383623 9063.54 204.638
102.552 4501.16 188954 7.93914e+06 3.34304e+08 1.66471e+10 1.44176e+12 5.00765e+12 1.01237e+13 1.59318e+13 2.14512e+13 2.57475e+13 2.80939e+13 2.80939e+13 2.57475e+13 2.14512e+13 1.59318e+13 1.01237e+13 5.00764e+12 1.44176e+12 1.66471e+10 3.34304e+08 7.93914e+06 188954 4501.16 102.552
34.6553 1457.01 58385 2.34235e+06 9.45676e+07 4.59608e+09 4.126e+11 1.43657e+12 2.90694e+12 4.57684e+12 6.16396e+12 7.39951e+12 8.07431e+12 8.07431e+12 7.39951e+12 6.16396e+12 4.57684e+12 2.90694e+12 1.43657e+12 4.126e+11 4.59608e+09 9.45676e+07 2.34235e+06 58385 1457.01 34.6553
5.95905 206.07 6225.04 163236 3.20683e+06 4.61147e+07 4.32886e+09 1.5659e+10 3.21592e+10 5.10063e+10 6.8968e+10 8.29677e+10 9.06174e+10 9.06174e+10 8.29677e+10 6.8968e+10 5.10063e+10 3.21592e+10 1.5659e+10 4.32886e+09 4.61147e+07 3.20683e+06 163236 6225.04 206.07 5.95905
0.64368 18.1186 422.396 8277.89 137708 3.01439e+06 8.7971e+07 3.10885e+08 6.38503e+08 1.01353e+09 1.37115e+09 1.64995e+09 1.8023e+09 1.8023e+09 1.64995e+09 1.37115e+09 1.01353e+09 6.38503e+08 3.10885e+08 8.7971e+07 3.01439e+06 137708 8277.89 422.396 18.1186 0.64368
0.0523957 1.25439 24.88 445.701 7952.21 152742 2.1791e+06 7.38346e+06 1.50953e+07 2.39461e+07 3.23906e+07 3.89745e+07 4.25725e+07 4.25725e+07 3.89745e+07 3.23906e+07 2.39461e+07 1.50953e+07 7.38346e+06 2.1791e+06 152742 7952.21 445.701 24.88 1.25439 0.0523957
0.00361582 0.077572 1.40962 24.1575 399.673 5813.12 54317.4 175739 356939 565609 764895 920308 1.00524e+06 1.00524e+06 920309 764895 565609 356939 175739 54317.4 5813.12 399.673 24.1575 1.40962 0.077572 0.00361582
0.000224831 0.00446878 0.07579 1.19814 17.0326 192.219 1355.51 4186.58 8433.43 13342.8 18037.9 21700.9 23702.9 23702.9 21700.9 18037.9 13342.8 8433.43 4186.58 1355.51 192.219 17.0326 1.19814 0.0757899 0.00446878 0.000224831
1.18108e-05 0.000220789 0.00348092 0.049616 0.603142 5.55472 32.2411 95.3891 190.417 300.683 406.306 488.754 533.824 533.824 488.754 406.306 300.683 190.417 95.3891 32.2411 5.55472 0.603142 0.049616 0.00348092 0.000220789 1.18108e-05
