0.0345366 0.640208 9.94536 139.114 1660.53 15085.7 86881 256135 509811 802703 1.08177e+06 1.29858e+06 1.41671e+06 1.41671e+06 1.29858e+06 1.08177e+06 802703 509811 256135 86881 15085.7 1660.53 139.114 9.94536 0.640208 0.0345366
0.661021 13.0875 219.445 3401.22 47247.1 523388 3.65367e+06 1.12412e+07 2.2574e+07 3.56047e+07 4.79955e+07 5.76136e+07 6.28524e+07 6.28524e+07 5.76136e+07 4.79955e+07 3.56047e+07 2.2574e+07 1.12412e+07 3.65367e+06 523388 47247.1 3401.22 219.445 13.0875 0.661021
10.6357 228.657 4140.35 69848.1 1.12353e+06 1.59015e+07 1.46483e+08 4.71975e+08 9.55466e+08 1.50905e+09 2.03452e+09 2.4421e+09 2.66403e+09 2.66403e+09 2.4421e+09 2.03452e+09 1.50905e+09 9.55466e+08 4.71975e+08 1.46483e+08 1.59015e+07 1.12353e+06 69848.1 4140.35 228.657 10.6357
153.125 3689.23 73617.4 1.31624e+06 2.29018e+07 4.21491e+08 5.88038e+09 1.98371e+10 4.04166e+10 6.38899e+10 8.61403e+10 1.0339e+11 1.12779e+11 1.12779e+11 1.0339e+11 8.61403e+10 6.38899e+10 4.04166e+10 1.98371e+10 5.88038e+09 4.21491e+08 2.29018e+07 1.31624e+06 73617.4 3689.23 153.125
1859.37 52672 1.24011e+06 2.46355e+07 4.12225e+08 8.50263e+09 2.3754e+11 8.35621e+11 1.71005e+12 2.70446e+12 3.64619e+12 4.37594e+12 4.77309e+12 4.77309e+12 4.37594e+12 3.64619e+12 2.70446e+12 1.71005e+12 8.35621e+11 2.3754e+11 8.50263e+09 4.12225e+08 2.46355e+07 1.24011e+06 52672 1859.37
16991.1 589553 1.79167e+07 4.752e+08 9.59686e+09 1.42828e+11 1.17793e+13 4.23918e+13 8.67348e+13 1.3705e+14 1.84674e+14 2.21572e+14 2.41652e+14 2.41652e+14 2.21572e+14 1.84674e+14 1.3705e+14 8.67348e+13 4.23918e+13 1.17793e+13 1.42828e+11 9.59686e+09 4.752e+08 1.79167e+07 589553 16991.1
97762.5 4.11071e+06 1.64784e+08 6.61416e+09 2.67143e+11 1.28704e+13 1.12141e+15 3.89397e+15 7.86179e+15 1.23495e+16 1.65966e+16 1.98906e+16 2.16852e+16 2.16852e+16 1.98906e+16 1.65966e+16 1.23495e+16 7.86179e+15 3.89397e+15 1.12141e+15 1.28704e+13 2.67143e+11 6.61416e+09 1.64784e+08 4.11071e+06 97762.5
287925 1.26338e+07 5.30334e+08 2.22853e+10 9.38561e+11 4.63783e+13 3.91281e+15 1.35553e+16 2.73433e+16 4.29327e+16 5.76848e+16 6.91264e+16 7.53601e+16 7.53601e+16 6.91264e+16 5.76848e+16 4.29327e+16 2.73433e+16 1.35553e+16 3.91281e+15 4.63783e+13 9.38561e+11 2.22853e+10 5.30334e+08 1.26338e+07 287925
572584 2.53478e+07 1.07262e+09 4.53621e+10 1.91887e+12 9.48707e+13 7.91016e+15 2.73796e+16 5.52089e+16 8.66679e+16 1.16434e+17 1.39519e+17 1.52096e+17 1.52096e+17 1.39519e+17 1.16434e+17 8.66679e+16 5.52089e+16 2.73796e+16 7.91016e+15 9.48707e+13 1.91887e+12 4.53621e+10 1.07262e+09 2.53478e+07 572584
900802 3.99462e+07 1.69263e+09 7.16444e+10 3.03197e+12 1.49817e+14 1.24289e+16 4.30025e+16 8.66942e+16 1.36077e+17 1.82798e+17 2.1903e+17 2.3877e+17 2.3877e+17 2.1903e+17 1.82798e+17 1.36077e+17 8.66942e+16 4.30025e+16 1.24289e+16 1.49817e+14 3.03197e+12 7.16444e+10 1.69263e+09 3.99462e+07 900802
1.2131e+06 5.3808e+07 2.28028e+09 9.65196e+10 4.08442e+12 2.01742e+14 1.67012e+16 5.77727e+16 1.16458e+17 1.82781e+17 2.45524e+17 2.94179e+17 3.20685e+17 3.20685e+17 2.94179e+17 2.45524e+17 1.82781e+17 1.16458e+17 5.77727e+16 1.67012e+16 2.01742e+14 4.08442e+12 9.65196e+10 2.28028e+09 5.3808e+07 1.2131e+06
1.45543e+06 6.45546e+07 2.73551e+09 1.15778e+11 4.89885e+12 2.41915e+14 2.00116e+16 6.92176e+16 1.3952e+17 2.18967e+17 2.94121e+17 3.52399e+17 3.84147e+17 3.84147e+17 3.52399e+17 2.94121e+17 2.18967e+17 1.3952e+17 6.92176e+16 2.00116e+16 2.41915e+14 4.89885e+12 1.15778e+11 2.73551e+09 6.45546e+07 1.45543e+06
1.58737e+06 7.04031e+07 2.98317e+09 1.26252e+11 5.34167e+12 2.63756e+14 2.18138e+16 7.54485e+16 1.52076e+17 2.38667e+17 3.20577e+17 3.84093e+17 4.18694e+17 4.18694e+17 3.84093e+17 3.20577e+17 2.38667e+17 1.52076e+17 7.54485e+16 2.18138e+16 2.63756e+14 5.34167e+12 1.26252e+11 2.98317e+09 7.04031e+07 1.58737e+06
1.58737e+06 7.04031e+07 2.98317e+09 1.26252e+11 5.34167e+12 2.63756e+14 2.18138e+16 7.54485e+16 1.52076e+17 2.38667e+17 3.20577e+17 3.84093e+17 4.18694e+17 4.18694e+17 3.84093e+17 3.20577e+17 2.38667e+17 1.52076e+17 7.54485e+16 2.18138e+16 2.63756e+14 5.34167e+12 1.26252e+11 2.98317e+09 7.04031e+07 1.58737e+06
1.45543e+06 6.45546e+07 2.73551e+09 1.15778e+11 4.89885e+12 2.41915e+14 2.00116e+16 6.92176e+16 1.3952e+17 2.18967e+17 2.94121e+17 3.52399e+17 3.84147e+17 3.84147e+17 3.52399e+17 2.94121e+17 2.18967e+17 1.3952e+17 6.92176e+16 2.00116e+16 2.41915e+14 4.89885e+12 1.15778e+11 2.73551e+09 6.45546e+07 1.45543e+06
1.2131e+06 5.3808e+07 2.28028e+09 9.65196e+10 4.08442e+12 2.01742e+14 1.67012e+16 5.77727e+16 1.16458e+17 1.82781e+17 2.45524e+17 2.94179e+17 3.20685e+17 3.20685e+17 2.94179e+17 2.45524e+17 1.82781e+17 1.16458e+17 5.77727e+16 1.67012e+16 2.01742e+14 4.08442e+12 9.65196e+10 2.28028e+09 5.3808e+07 1.2131e+06
900802 3.99462e+07 1.69263e+09 7.16444e+10 3.03197e+12 1.49817e+14 1.24289e+16 4.30025e+16 8.66942e+16 1.36077e+17 1.82798e+17 2.1903e+17 2.3877e+17 2.3877e+17 2.1903e+17 1.82798e+17 1.36077e+17 8.66942e+16 4.30025e+16 1.24289e+16 1.49817e+14 3.03197e+12 7.16444e+10 1.69263e+09 3.99462e+07 900802
572584 2.53478e+07 1.07262e+09 4.53621e+10 1.91887e+12 9.48707e+13 7.91016e+15 2.73796e+16 5.52089e+16 8.66679e+16 1.16434e+17 1.39519e+17 1.52096e+17 1.52096e+17 1.39519e+17 1.16434e+17 8.66679e+16 5.52089e+16 2.73796e+16 7.91016e+15 9.48707e+13 1.91887e+12 4.53621e+10 1.07262e+09 2.53478e+07 572584
287925 1.26338e+07 5.30334e+08 2.22853e+10 9.38561e+11 4.63783e+13 3.91281e+15 1.35553e+16 2.73433e+16 4.29327e+16 5.76848e+16 6.91264e+16 7.53601e+16 7.53601e+16 6.91264e+16 5.76848e+16 4.29327e+16 2.73433e+16 1.35553e+16 3.91281e+15 4.63783e+13 9.38561e+11 2.22853e+10 5.30334e+08 1.26338e+07 287925
97762.5 4.11071e+06 1.64784e+08 6.61416e+09 2.67143e+11 1.28704e+13 1.12141e+15 3.89397e+15 7.86179e+15 1.23495e+16 1.65966e+16 1.98906e+16 2.16852e+16 2.16852e+16 1.98906e+16 1.65966e+16 1.23495e+16 7.86179e+15 3.89397e+15 1.12141e+15 1.28704e+13 2.67143e+11 6.61416e+09 1.64784e+08 4.11071e+06 97762.5
16991.1 589553 1.79167e+07 4.752e+08 9.59686e+09 1.42828e+11 1.17793e+13 4.23918e+13 8.67348e+13 1.3705e+14 1.84674e+14 2.21572e+14 2.41652e+14 2.41652e+14 2.21572e+14 1.84674e+14 1.3705e+14 8.67348e+13 4.23918e+13 1.17793e+13 1.42828e+11 9.59686e+09 4.752e+08 1.79167e+07 589553 16991.1
1859.37 52672 1.24011e+06 2.46355e+07 4.12225e+08 8.50263e+09 2.3754e+11 8.35621e+11 1.71005e+12 2.70446e+12 3.64619e+12 4.37594e+12 4.77309e+12 4.77309e+12 4.37594e+12 3.64619e+12 2.70446e+12 1.71005e+12 8.35621e+11 2.3754e+11 8.50263e+09 4.12225e+08 2.46355e+07 1.24011e+06 52672 1859.37
153.125 3689.23 73617.4 1.31624e+06 2.29018e+07 4.21491e+08 5.88038e+09 1.98371e+10 4.04166e+10 6.38899e+10 8.61403e+10 1.0339e+11 1.12779e+11 1.12779e+11 1.0339e+11 8.61403e+10 6.38899e+10 4.04166e+10 1.98371e+10 5.88038e+09 4.21491e+08 2.29018e+07 1.31624e+06 73617.4 3689.23 153.125
10.6357 228.657 4140.35 69848.1 1.12353e+06 1.59015e+07 1.46483e+08 4.71975e+08 9.55466e+08 1.50905e+09 2.03452e+09 2.4421e+09 2.66403e+09 2.66403e+09 2.4421e+09 2.03452e+09 1.50905e+09 9.55466e+08 4.71975e+08 1.46483e+08 1.59015e+07 1.12353e+06 69848.1 4140.35 228.657 10.6357
0.661021 13.0875 219.445 3401.22 47247.1 523388 3.65367e+06 1.12412e+07 2.2574e+07 3.56047e+07 4.79955e+07 5.76136e+07 6.28524e+07 6.28524e+07 5.76136e+07 4.79955e+07 3.56047e+07 2.2574e+07 1.12412e+07 3.65367e+06 523388 47247.1 3401.22 219.445 13.0875 0.661021
0.0345366 0.640208 9.94536 139.114 1660.53 15085.7 86881 256135 509811 802703 1.08177e+06 1.29858e+06 1.41671e+06 1.41671e+06 1.29858e+06 1.08177e+06 802703 509811 256135 86881 15085.7 1660.53 139.114 9.94536 0.640208 0.0345366
