0.217699 4.11493 65.6788 947.685 11651.5 108367 634193 1.88942e+06 3.79448e+06 6.01867e+06 8.15526e+06 9.82337e+06 1.07344e+07 1.07344e+07 9.82337e+06 8.15526e+06 6.01867e+06 3.79448e+06 1.88942e+06 634193 108367 11651.5 947.685 65.6788 4.11493 0.217699
4.17525 83.9156 1440.96 23076 332156 3.78889e+06 2.69501e+07 8.38588e+07 1.70041e+08 2.70351e+08 3.66575e+08 4.41656e+08 4.82651e+08 4.82651e+08 4.41656e+08 3.66575e+08 2.70351e+08 1.70041e+08 8.38588e+07 2.69501e+07 3.78889e+06 332156 23076 1440.96 83.9156 4.17525
67.7143 1468.02 26978.8 468143 7.85044e+06 1.15567e+08 1.08956e+09 3.55325e+09 7.2687e+09 1.15792e+10 1.57091e+10 1.89298e+10 2.06879e+10 2.06879e+10 1.89298e+10 1.57091e+10 1.15792e+10 7.2687e+09 3.55325e+09 1.08956e+09 1.15567e+08 7.85044e+06 468143 26978.8 1468.02 67.7143
990.228 23940.6 479276 8.6693e+06 1.56709e+08 3.05447e+09 4.39988e+10 1.5035e+11 3.09767e+11 4.94181e+11 6.70698e+11 8.08295e+11 8.83382e+11 8.83382e+11 8.08295e+11 6.70698e+11 4.94181e+11 3.09767e+11 1.5035e+11 4.39988e+10 3.05447e+09 1.56709e+08 8.6693e+06 479276 23940.6 990.228
12283.1 349143 8.20559e+06 1.61762e+08 2.70872e+09 6.03819e+10 1.78396e+12 6.36215e+12 1.31756e+13 2.10401e+13 2.85632e+13 3.44252e+13 3.76231e+13 3.76231e+13 3.44252e+13 2.85632e+13 2.10401e+13 1.31756e+13 6.36215e+12 1.78396e+12 6.03819e+10 2.70872e+09 1.61762e+08 8.20559e+06 349143 12283.1
114803 4.01071e+06 1.22169e+08 3.22095e+09 6.33141e+10 9.09664e+11 8.78458e+13 3.20912e+14 6.64909e+14 1.06129e+15 1.44034e+15 1.73566e+15 1.89676e+15 1.89676e+15 1.73566e+15 1.44034e+15 1.06129e+15 6.64909e+14 3.20912e+14 8.78458e+13 9.09664e+11 6.33141e+10 3.22095e+09 1.22169e+08 4.01071e+06 114803
673411 2.86186e+07 1.15711e+09 4.67318e+10 1.89505e+12 9.24816e+13 8.37585e+15 2.93951e+16 5.99511e+16 9.49909e+16 1.28494e+17 1.54651e+17 1.6895e+17 1.6895e+17 1.54651e+17 1.28494e+17 9.49909e+16 5.99511e+16 2.93951e+16 8.37585e+15 9.24816e+13 1.89505e+12 4.67318e+10 1.15711e+09 2.86186e+07 673411
2.0065e+06 8.90682e+07 3.77458e+09 1.59742e+11 6.76083e+12 3.38203e+14 2.9488e+16 1.03197e+17 2.10224e+17 3.329e+17 4.50185e+17 5.41759e+17 5.9183e+17 5.9183e+17 5.41759e+17 4.50185e+17 3.329e+17 2.10224e+17 1.03197e+17 2.9488e+16 3.38203e+14 6.76083e+12 1.59742e+11 3.77458e+09 8.90682e+07 2.0065e+06
4.02658e+06 1.80467e+08 7.71549e+09 3.28858e+11 1.39898e+13 7.00335e+14 6.01792e+16 2.10365e+17 4.28318e+17 6.78058e+17 9.16788e+17 1.10317e+18 1.20508e+18 1.20508e+18 1.10317e+18 9.16788e+17 6.78058e+17 4.28318e+17 2.10365e+17 6.01792e+16 7.00335e+14 1.39898e+13 3.28858e+11 7.71549e+09 1.80467e+08 4.02658e+06
6.37956e+06 2.8659e+08 1.22761e+10 5.23983e+11 2.23117e+13 1.11655e+15 9.53306e+16 3.33061e+17 6.77938e+17 1.07301e+18 1.4506e+18 1.74537e+18 1.90653e+18 1.90653e+18 1.74537e+18 1.4506e+18 1.07301e+18 6.77937e+17 3.33061e+17 9.53306e+16 1.11655e+15 2.23117e+13 5.23983e+11 1.22761e+10 2.8659e+08 6.37956e+06
8.63378e+06 3.88108e+08 1.6633e+10 7.10193e+11 3.02474e+13 1.51333e+15 1.28879e+17 4.50161e+17 9.16146e+17 1.44985e+18 1.95985e+18 2.35794e+18 2.57558e+18 2.57558e+18 2.35794e+18 1.95985e+18 1.44985e+18 9.16146e+17 4.50161e+17 1.28879e+17 1.51333e+15 3.02474e+13 7.10193e+11 1.6633e+10 3.88108e+08 8.63378e+06
1.03893e+07 4.67113e+08 2.00215e+10 8.54937e+11 3.64128e+13 1.82157e+15 1.55022e+17 5.41429e+17 1.1018e+18 1.74353e+18 2.35667e+18 2.83523e+18 3.09683e+18 3.09683e+18 2.83523e+18 2.35667e+18 1.74353e+18 1.1018e+18 5.41429e+17 1.55022e+17 1.82157e+15 3.64128e+13 8.54937e+11 2.00215e+10 4.67113e+08 1.03893e+07
1.13464e+07 5.10172e+08 2.18677e+10 9.33765e+11 3.97692e+13 1.98937e+15 1.69295e+17 5.91266e+17 1.20318e+18 1.90388e+18 2.57334e+18 3.09581e+18 3.38141e+18 3.38141e+18 3.09581e+18 2.57334e+18 1.90388e+18 1.20318e+18 5.91266e+17 1.69295e+17 1.98937e+15 3.97692e+13 9.33765e+11 2.18677e+10 5.10172e+08 1.13464e+07
1.13464e+07 5.10172e+08 2.18677e+10 9.33765e+11 3.97692e+13 1.98937e+15 1.69295e+17 5.91266e+17 1.20318e+18 1.90388e+18 2.57334e+18 3.09581e+18 3.38141e+18 3.38141e+18 3.09581e+18 2.57334e+18 1.90388e+18 1.20318e+18 5.91266e+17 1.69295e+17 1.98937e+15 3.97692e+13 9.33765e+11 2.18677e+10 5.10172e+08 1.13464e+07
1.03893e+07 4.67113e+08 2.00215e+10 8.54937e+11 3.64128e+13 1.82157e+15 1.55022e+17 5.41429e+17 1.1018e+18 1.74353e+18 2.35667e+18 2.83523e+18 3.09683e+18 3.09683e+18 2.83523e+18 2.35667e+18 1.74353e+18 1.1018e+18 5.41429e+17 1.55022e+17 1.82157e+15 3.64128e+13 8.54937e+11 2.00215e+10 4.67113e+08 1.03893e+07
8.63378e+06 3.88108e+08 1.6633e+10 7.10193e+11 3.02474e+13 1.51333e+15 1.28879e+17 4.50161e+17 9.16146e+17 1.44985e+18 1.95985e+18 2.35794e+18 2.57558e+18 2.57558e+18 2.35794e+18 1.95985e+18 1.44985e+18 9.16146e+17 4.50161e+17 1.28879e+17 1.51333e+15 3.02474e+13 7.10193e+11 1.6633e+10 3.88108e+08 8.63378e+06
6.37956e+06 2.8659e+08 1.22761e+10 5.23983e+11 2.23117e+13 1.11655e+15 9.53305e+16 3.33061e+17 6.77937e+17 1.07301e+18 1.4506e+18 1.74537e+18 1.90653e+18 1.90653e+18 1.74537e+18 1.4506e+18 1.07301e+18 6.77938e+17 3.33061e+17 9.53306e+16 1.11655e+15 2.23117e+13 5.23983e+11 1.22761e+10 2.8659e+08 6.37956e+06
4.02658e+06 1.80467e+08 7.71549e+09 3.28858e+11 1.39898e+13 7.00335e+14 6.01792e+16 2.10365e+17 4.28318e+17 6.78058e+17 9.16788e+17 1.10317e+18 1.20508e+18 1.20508e+18 1.10317e+18 9.16788e+17 6.78058e+17 4.28318e+17 2.10365e+17 6.01792e+16 7.00335e+14 1.39898e+13 3.28858e+11 7.71549e+09 1.80467e+08 4.02658e+06
2.0065e+06 8.90682e+07 3.77458e+09 1.59742e+11 6.76083e+12 3.38203e+14 2.9488e+16 1.03197e+17 2.10224e+17 3.329e+17 4.50185e+17 5.41759e+17 5.9183e+17 5.9183e+17 5.41759e+17 4.50185e+17 3.329e+17 2.10224e+17 1.03197e+17 2.9488e+16 3.38203e+14 6.76083e+12 1.59742e+11 3.77458e+09 8.90682e+07 2.0065e+06
673411 2.86186e+07 1.15711e+09 4.67318e+10 1.89505e+12 9.24816e+13 8.37585e+15 2.93951e+16 5.99511e+16 9.49909e+16 1.28494e+17 1.54651e+17 1.6895e+17 1.6895e+17 1.54651e+17 1.28494e+17 9.49909e+16 5.99511e+16 2.93951e+16 8.37585e+15 9.24816e+13 1.89505e+12 4.67318e+10 1.15711e+09 2.86186e+07 673411
114803 4.01071e+06 1.22169e+08 3.22095e+09 6.33141e+10 9.09664e+11 8.78458e+13 3.20912e+14 6.64909e+14 1.06129e+15 1.44034e+15 1.73566e+15 1.89676e+15 1.89676e+15 1.73566e+15 1.44034e+15 1.06129e+15 6.64909e+14 3.20912e+14 8.78458e+13 9.09664e+11 6.33141e+10 3.22095e+09 1.22169e+08 4.01071e+06 114803
12283.1 349143 8.20559e+06 1.61762e+08 2.70872e+09 6.03819e+10 1.78396e+12 6.36215e+12 1.31756e+13 2.10401e+13 2.85632e+13 3.44252e+13 3.76231e+13 3.76231e+13 3.44252e+13 2.85632e+13 2.10401e+13 1.31756e+13 6.36215e+12 1.78396e+12 6.03819e+10 2.70872e+09 1.61762e+08 8.20559e+06 349143 12283.1
990.228 23940.6 479276 8.6693e+06 1.56709e+08 3.05447e+09 4.39988e+10 1.5035e+11 3.09767e+11 4.94181e+11 6.70698e+11 8.08295e+11 8.83382e+11 8.83382e+11 8.08295e+11 6.70698e+11 4.94181e+11 3.09767e+11 1.5035e+11 4.39988e+10 3.05447e+09 1.56709e+08 8.6693e+06 479276 23940.6 990.228
67.7143 1468.02 26978.8 468143 7.85044e+06 1.15567e+08 1.08956e+09 3.55325e+09 7.2687e+09 1.15792e+10 1.57091e+10 1.89298e+10 2.06879e+10 2.06879e+10 1.89298e+10 1.57091e+10 1.15792e+10 7.2687e+09 3.55325e+09 1.08956e+09 1.15567e+08 7.85044e+06 468143 26978.8 1468.02 67.7143
4.17525 83.9156 1440.96 23076 332156 3.78889e+06 2.69501e+07 8.38588e+07 1.70041e+08 2.70351e+08 3.66575e+08 4.41656e+08 4.82651e+08 4.82651e+08 4.41656e+08 3.66575e+08 2.70351e+08 1.70041e+08 8.38588e+07 2.69501e+07 3.78889e+06 332156 23076 1440.96 83.9156 4.17525
0.217699 4.11493 65.6788 947.685 11651.5 108367 634193 1.88942e+06 3.79448e+06 6.01867e+06 8.15526e+06 9.82337e+06 1.07344e+07 1.07344e+07 9.82337e+06 8.15526e+06 6.01867e+06 3.79448e+06 1.88942e+06 634193 108367 11651.5 947.685 65.6788 4.11493 0.217699
