5.03212 93.7052 1462.52 20542.5 246042 2.24087e+06 1.29194e+07 3.80104e+07 7.52713e+07 1.17633e+08 1.57219e+08 1.87392e+08 2.03604e+08 2.03604e+08 1.87392e+08 1.57219e+08 1.17633e+08 7.52713e+07 3.80104e+07 1.29194e+07 2.24087e+06 246042 20542.5 1462.52 93.7052 5.03212
96.6708 1923.14 32407.5 504509 7.03301e+06 7.81104e+07 5.45962e+08 1.67638e+09 3.34879e+09 5.24072e+09 7.00311e+09 8.34367e+09 9.06309e+09 9.06309e+09 8.34367e+09 7.00311e+09 5.24072e+09 3.34879e+09 1.67638e+09 5.45962e+08 7.81104e+07 7.03301e+06 504509 32407.5 1923.14 96.6708
1561.27 33731.5 614026 1.04088e+07 1.68059e+08 2.38469e+09 2.19979e+10 7.07394e+10 1.42433e+11 2.2312e+11 2.98052e+11 3.54934e+11 3.85422e+11 3.85422e+11 3.54934e+11 2.98052e+11 2.2312e+11 1.42433e+11 7.07394e+10 2.19979e+10 2.38469e+09 1.68059e+08 1.04088e+07 614026 33731.5 1561.27
22553.5 546059 1.09556e+07 1.96921e+08 3.44139e+09 6.35021e+10 8.87128e+11 2.98707e+12 6.05225e+12 9.48538e+12 1.26649e+13 1.50739e+13 1.63634e+13 1.63634e+13 1.50739e+13 1.26649e+13 9.48538e+12 6.05225e+12 2.98707e+12 8.87128e+11 6.35021e+10 3.44139e+09 1.96921e+08 1.09556e+07 546059 22553.5
274641 7.81757e+06 1.85022e+08 3.69523e+09 6.21636e+10 1.2866e+12 3.59757e+13 1.26338e+14 2.57074e+14 4.02915e+14 5.37659e+14 6.39558e+14 6.94032e+14 6.94032e+14 6.39558e+14 5.37659e+14 4.02915e+14 2.57074e+14 1.26338e+14 3.59757e+13 1.2866e+12 6.21636e+10 3.69523e+09 1.85022e+08 7.81757e+06 274641
2.51505e+06 8.76837e+07 2.67807e+09 7.13747e+10 1.44841e+12 2.16911e+13 1.78904e+15 6.43123e+15 1.30904e+16 2.05066e+16 2.73587e+16 3.25426e+16 3.53149e+16 3.53149e+16 3.25426e+16 2.73587e+16 2.05066e+16 1.30904e+16 6.43123e+15 1.78904e+15 2.16911e+13 1.44841e+12 7.13747e+10 2.67807e+09 8.76837e+07 2.51505e+06
1.4482e+07 6.11935e+08 2.46538e+10 9.94149e+11 4.03119e+13 1.94815e+15 1.70147e+17 5.91282e+17 1.19198e+18 1.86559e+18 2.49554e+18 2.97829e+18 3.23897e+18 3.23897e+18 2.97829e+18 2.49554e+18 1.86559e+18 1.19198e+18 5.91282e+17 1.70147e+17 1.94815e+15 4.03119e+13 9.94149e+11 2.46538e+10 6.11935e+08 1.4482e+07
4.25535e+07 1.87642e+09 7.91668e+10 3.34237e+12 1.41342e+14 7.00936e+15 5.93793e+17 2.05835e+18 4.14466e+18 6.48257e+18 8.66817e+18 1.03428e+19 1.12471e+19 1.12471e+19 1.03428e+19 8.66817e+18 6.48257e+18 4.14466e+18 2.05835e+18 5.93793e+17 7.00936e+15 1.41342e+14 3.34237e+12 7.91668e+10 1.87642e+09 4.25535e+07
8.4168e+07 3.74383e+09 1.59202e+11 6.76342e+12 2.87227e+14 1.42562e+16 1.1977e+18 4.14706e+18 8.34266e+18 1.30376e+19 1.7421e+19 2.07763e+19 2.2587e+19 2.2587e+19 2.07763e+19 1.7421e+19 1.30376e+19 8.34266e+18 4.14706e+18 1.1977e+18 1.42562e+16 2.87227e+14 6.76342e+12 1.59202e+11 3.74383e+09 8.4168e+07
1.31384e+08 5.85194e+09 2.4908e+11 1.05865e+13 4.4958e+14 2.23052e+16 1.87334e+18 6.48237e+18 1.30297e+19 2.03446e+19 2.71636e+19 3.23765e+19 3.51874e+19 3.51874e+19 3.23765e+19 2.71636e+19 2.03446e+19 1.30297e+19 6.48237e+18 1.87334e+18 2.23052e+16 4.4958e+14 1.05865e+13 2.4908e+11 5.85194e+09 1.31384e+08
1.75414e+08 7.81138e+09 3.32357e+11 1.41186e+13 5.99204e+14 2.97187e+16 2.50326e+18 8.65909e+18 1.73931e+19 2.71364e+19 3.62061e+19 4.31312e+19 4.68621e+19 4.68621e+19 4.31312e+19 3.62061e+19 2.71364e+19 1.73931e+19 8.65909e+18 2.50326e+18 2.97187e+16 5.99204e+14 1.41186e+13 3.32357e+11 7.81138e+09 1.75414e+08
2.0891e+08 9.2989e+09 3.95443e+11 1.67889e+13 7.121e+14 3.5311e+16 2.98458e+18 1.03222e+19 2.07236e+19 3.23141e+19 4.30911e+19 5.1312e+19 5.57384e+19 5.57384e+19 5.1312e+19 4.30911e+19 3.23141e+19 2.07236e+19 1.03222e+19 2.98458e+18 3.5311e+16 7.121e+14 1.67889e+13 3.95443e+11 9.2989e+09 2.0891e+08
2.26884e+08 1.00961e+10 4.29206e+11 1.82162e+13 7.72357e+14 3.82956e+16 3.24394e+18 1.12184e+19 2.25173e+19 3.51002e+19 4.6793e+19 5.57079e+19 6.05063e+19 6.05063e+19 5.57079e+19 4.6793e+19 3.51002e+19 2.25173e+19 1.12184e+19 3.24394e+18 3.82956e+16 7.72357e+14 1.82162e+13 4.29206e+11 1.00961e+10 2.26884e+08
2.26884e+08 1.00961e+10 4.29206e+11 1.82162e+13 7.72357e+14 3.82956e+16 3.24394e+18 1.12184e+19 2.25173e+19 3.51002e+19 4.6793e+19 5.57079e+19 6.05063e+19 6.05063e+19 5.57079e+19 4.6793e+19 3.51002e+19 2.25173e+19 1.12184e+19 3.24394e+18 3.82956e+16 7.72357e+14 1.82162e+13 4.29206e+11 1.00961e+10 2.26884e+08
2.0891e+08 9.2989e+09 3.95443e+11 1.67889e+13 7.121e+14 3.5311e+16 2.98458e+18 1.03222e+19 2.07236e+19 3.23141e+19 4.30911e+19 5.1312e+19 5.57384e+19 5.57384e+19 5.1312e+19 4.30911e+19 3.23141e+19 2.07236e+19 1.03222e+19 2.98458e+18 3.5311e+16 7.121e+14 1.67889e+13 3.95443e+11 9.2989e+09 2.0891e+08
1.75414e+08 7.81138e+09 3.32357e+11 1.41186e+13 5.99204e+14 2.97187e+16 2.50326e+18 8.65909e+18 1.73931e+19 2.71364e+19 3.62061e+19 4.31312e+19 4.68621e+19 4.68621e+19 4.31312e+19 3.62061e+19 2.71364e+19 1.73931e+19 8.65909e+18 2.50326e+18 2.97187e+16 5.99204e+14 1.41186e+13 3.32357e+11 7.81138e+09 1.75414e+08
1.31384e+08 5.85194e+09 2.4908e+11 1.05865e+13 4.4958e+14 2.23052e+16 1.87334e+18 6.48237e+18 1.30297e+19 2.03446e+19 2.71636e+19 3.23765e+19 3.51874e+19 3.51874e+19 3.23765e+19 2.71636e+19 2.03446e+19 1.30297e+19 6.48237e+18 1.87334e+18 2.23052e+16 4.4958e+14 1.05865e+13 2.4908e+11 5.85194e+09 1.31384e+08
8.4168e+07 3.74383e+09 1.59202e+11 6.76342e+12 2.87227e+14 1.42562e+16 1.1977e+18 4.14706e+18 8.34266e+18 1.30376e+19 1.7421e+19 2.07763e+19 2.2587e+19 2.2587e+19 2.07763e+19 1.7421e+19 1.30376e+19 8.34266e+18 4.14706e+18 1.1977e+18 1.42562e+16 2.87227e+14 6.76342e+12 1.59202e+11 3.74383e+09 8.4168e+07
4.25535e+07 1.87642e+09 7.91668e+10 3.34237e+12 1.41342e+14 7.00936e+15 5.93793e+17 2.05835e+18 4.14466e+18 6.48257e+18 8.66817e+18 1.03428e+19 1.12471e+19 1.12471e+19 1.03428e+19 8.66817e+18 6.48257e+18 4.14466e+18 2.05835e+18 5.93793e+17 7.00936e+15 1.41342e+14 3.34237e+12 7.91668e+10 1.87642e+09 4.25535e+07
1.4482e+07 6.11935e+08 2.46538e+10 9.94149e+11 4.03119e+13 1.94815e+15 1.70147e+17 5.91282e+17 1.19198e+18 1.86559e+18 2.49554e+18 2.97829e+18 3.23897e+18 3.23897e+18 2.97829e+18 2.49554e+18 1.86559e+18 1.19198e+18 5.91282e+17 1.70147e+17 1.94815e+15 4.03119e+13 9.94149e+11 2.46538e+10 6.11935e+08 1.4482e+07
2.51505e+06 8.76837e+07 2.67807e+09 7.13747e+10 1.44841e+12 2.16911e+13 1.78904e+15 6.43123e+15 1.30904e+16 2.05066e+16 2.73587e+16 3.25426e+16 3.53149e+16 3.53149e+16 3.25426e+16 2.73587e+16 2.05066e+16 1.30904e+16 6.43123e+15 1.78904e+15 2.16911e+13 1.44841e+12 7.13747e+10 2.67807e+09 8.76837e+07 2.51505e+06
274641 7.81757e+06 1.85022e+08 3.69523e+09 6.21636e+10 1.2866e+12 3.59757e+13 1.26338e+14 2.57074e+14 4.02915e+14 5.37659e+14 6.39558e+14 6.94032e+14 6.94032e+14 6.39558e+14 5.37659e+14 4.02915e+14 2.57074e+14 1.26338e+14 3.59757e+13 1.2866e+12 6.21636e+10 3.69523e+09 1.85022e+08 7.81757e+06 274641
22553.5 546059 1.09556e+07 1.96921e+08 3.44139e+09 6.35021e+10 8.87128e+11 2.98707e+12 6.05225e+12 9.48538e+12 1.26649e+13 1.50739e+13 1.63634e+13 1.63634e+13 1.50739e+13 1.26649e+13 9.48538e+12 6.05225e+12 2.98707e+12 8.87128e+11 6.35021e+10 3.44139e+09 1.96921e+08 1.09556e+07 546059 22553.5
1561.27 33731.5 614026 1.04088e+07 1.68059e+08 2.38469e+09 2.19979e+10 7.07394e+10 1.42433e+11 2.2312e+11 2.98052e+11 3.54934e+11 3.85422e+11 3.85422e+11 3.54934e+11 2.98052e+11 2.2312e+11 1.42433e+11 7.07394e+10 2.19979e+10 2.38469e+09 1.68059e+08 1.04088e+07 614026 33731.5 1561.27
96.6708 1923.14 32407.5 504509 7.03301e+06 7.81104e+07 5.45962e+08 1.67638e+09 3.34879e+09 5.24072e+09 7.00311e+09 8.34367e+09 9.06309e+09 9.06309e+09 8.34367e+09 7.00311e+09 5.24072e+09 3.34879e+09 1.67638e+09 5.45962e+08 7.81104e+07 7.03301e+06 504509 32407.5 1923.14 96.6708
5.03211 93.7052 1462.52 20542.5 246042 2.24087e+06 1.29194e+07 3.80104e+07 7.52713e+07 1.17633e+08 1.57219e+08 1.87392e+08 2.03604e+08 2.03604e+08 1.87392e+08 1.57219e+08 1.17633e+08 7.52713e+07 3.80104e+07 1.29194e+07 2.24087e+06 246042 20542.5 1462.52 93.7052 5.03211
