0.000463279 0.0086873 0.137617 1.97264 24.1065 222.897 1296.98 3842.97 7681.24 12143.1 16424.1 19769.8 21600.1 21600.1 19769.8 16424.1 12143.1 7681.24 3842.97 1296.98 222.897 24.1065 1.97264 0.137617 0.0086873 0.000463279
0.0088108 0.175465 2.98775 47.5175 679.962 7713.49 54559.9 168776 340443 539280 729761 878557 959947 959947 878557 729761 539280 340443 168776 54559.9 7713.49 679.962 47.5175 2.98775 0.175465 0.0088108
0.141756 3.04215 55.3894 954.127 15913.1 233164 2.18731e+06 7.08866e+06 1.44181e+07 2.28763e+07 3.09686e+07 3.72879e+07 4.07442e+07 4.07442e+07 3.72879e+07 3.09686e+07 2.28763e+07 1.44181e+07 7.08866e+06 2.18731e+06 233164 15913.1 954.127 55.3894 3.04215 0.141756
2.05874 49.2453 976.095 17512.9 314850 6.11702e+06 8.77801e+07 2.97948e+08 6.10063e+08 9.69059e+08 1.31222e+09 1.58015e+09 1.72668e+09 1.72668e+09 1.58015e+09 1.31222e+09 9.69059e+08 6.10063e+08 2.97948e+08 8.77801e+07 6.11702e+06 314850 17512.9 976.095 49.2453 2.05874
25.3822 713.817 16611.3 324644 5.39803e+06 1.20129e+08 3.54445e+09 1.2549e+10 2.5814e+10 4.10339e+10 5.55758e+10 6.69286e+10 7.31378e+10 7.31378e+10 6.69286e+10 5.55758e+10 4.10339e+10 2.5814e+10 1.2549e+10 3.54445e+09 1.20129e+08 5.39803e+06 324644 16611.3 713.817 25.3822
235.897 8156.07 246170 6.44029e+06 1.25679e+08 1.79257e+09 1.74111e+11 6.31101e+11 1.29825e+12 2.0621e+12 2.7915e+12 3.36083e+12 3.67219e+12 3.67219e+12 3.36083e+12 2.7915e+12 2.0621e+12 1.29825e+12 6.31101e+11 1.74111e+11 1.79257e+09 1.25679e+08 6.44029e+06 246170 8156.07 235.897
1376.33 57900.4 2.32138e+06 9.31684e+07 3.76253e+09 1.83317e+11 1.65898e+13 5.78377e+13 1.17176e+14 1.84687e+14 2.4895e+14 2.99033e+14 3.26405e+14 3.26405e+14 2.99033e+14 2.4895e+14 1.84687e+14 1.17176e+14 5.78377e+13 1.65898e+13 1.83317e+11 3.76253e+09 9.31684e+07 2.32138e+06 57900.4 1376.33
4079.81 179200 7.52748e+06 3.16438e+08 1.33298e+10 6.6527e+11 5.80215e+13 2.01776e+14 4.08392e+14 6.43365e+14 8.66986e+14 1.04125e+15 1.13649e+15 1.13649e+15 1.04125e+15 8.66987e+14 6.43365e+14 4.08392e+14 2.01776e+14 5.80215e+13 6.6527e+11 1.33298e+10 3.16438e+08 7.52748e+06 179200 4079.81
8151.47 361325 1.53044e+07 6.47643e+08 2.74077e+10 1.36818e+12 1.17642e+14 4.08725e+14 8.26953e+14 1.30251e+15 1.75506e+15 2.10771e+15 2.30044e+15 2.30044e+15 2.10771e+15 1.75506e+15 1.30251e+15 8.26953e+14 4.08725e+14 1.17642e+14 1.36818e+12 2.74077e+10 6.47643e+08 1.53044e+07 361325 8151.47
12877.4 571943 2.42642e+07 1.02796e+09 4.35323e+10 2.17167e+12 1.85434e+14 6.4395e+14 1.30264e+15 2.05156e+15 2.76422e+15 3.31956e+15 3.62305e+15 3.62305e+15 3.31956e+15 2.76422e+15 2.05156e+15 1.30264e+15 6.4395e+14 1.85434e+14 2.17167e+12 4.35323e+10 1.02796e+09 2.42642e+07 571943 12877.4
17404 773352 3.28208e+07 1.39081e+09 5.89086e+10 2.93749e+12 2.49904e+14 8.67616e+14 1.75493e+15 2.76374e+15 3.7237e+15 4.47172e+15 4.88053e+15 4.88053e+15 4.47173e+15 3.7237e+15 2.76374e+15 1.75493e+15 8.67616e+14 2.49904e+14 2.93749e+12 5.89086e+10 1.39081e+09 3.28208e+07 773352 17404
20936.1 930432 3.94915e+07 1.67362e+09 7.08916e+10 3.53422e+12 3.00102e+14 1.04176e+15 2.10707e+15 3.31823e+15 4.47071e+15 5.36876e+15 5.85955e+15 5.85955e+15 5.36876e+15 4.47071e+15 3.31823e+15 2.10707e+15 1.04176e+15 3.00102e+14 3.53422e+12 7.08916e+10 1.67362e+09 3.94915e+07 930432 20936.1
22866.3 1.01626e+06 4.31358e+07 1.82811e+09 7.74373e+10 3.86018e+12 3.27518e+14 1.13687e+15 2.29939e+15 3.62106e+15 4.8787e+15 5.85868e+15 6.39425e+15 6.39425e+15 5.85869e+15 4.8787e+15 3.62106e+15 2.29939e+15 1.13687e+15 3.27518e+14 3.86018e+12 7.74373e+10 1.82811e+09 4.31358e+07 1.01626e+06 22866.3
22866.3 1.01626e+06 4.31358e+07 1.82811e+09 7.74373e+10 3.86018e+12 3.27518e+14 1.13687e+15 2.29939e+15 3.62106e+15 4.8787e+15 5.85869e+15 6.39425e+15 6.39425e+15 5.85868e+15 4.8787e+15 3.62106e+15 2.29939e+15 1.13687e+15 3.27518e+14 3.86018e+12 7.74373e+10 1.82811e+09 4.31358e+07 1.01626e+06 22866.3
20936.1 930432 3.94915e+07 1.67362e+09 7.08916e+10 3.53422e+12 3.00102e+14 1.04176e+15 2.10707e+15 3.31823e+15 4.47071e+15 5.36876e+15 5.85955e+15 5.85955e+15 5.36876e+15 4.47071e+15 3.31823e+15 2.10707e+15 1.04176e+15 3.00102e+14 3.53422e+12 7.08916e+10 1.67362e+09 3.94915e+07 930432 20936.1
17404 773352 3.28208e+07 1.39081e+09 5.89086e+10 2.93749e+12 2.49904e+14 8.67616e+14 1.75493e+15 2.76374e+15 3.7237e+15 4.47173e+15 4.88053e+15 4.88053e+15 4.47172e+15 3.7237e+15 2.76374e+15 1.75493e+15 8.67616e+14 2.49904e+14 2.93749e+12 5.89086e+10 1.39081e+09 3.28208e+07 773352 17404
12877.4 571943 2.42642e+07 1.02796e+09 4.35323e+10 2.17167e+12 1.85434e+14 6.4395e+14 1.30264e+15 2.05156e+15 2.76422e+15 3.31956e+15 3.62305e+15 3.62305e+15 3.31956e+15 2.76422e+15 2.05156e+15 1.30264e+15 6.4395e+14 1.85434e+14 2.17167e+12 4.35323e+10 1.02796e+09 2.42642e+07 571943 12877.4
8151.47 361325 1.53044e+07 6.47643e+08 2.74077e+10 1.36818e+12 1.17642e+14 4.08725e+14 8.26953e+14 1.30251e+15 1.75506e+15 2.10771e+15 2.30044e+15 2.30044e+15 2.10771e+15 1.75506e+15 1.30251e+15 8.26953e+14 4.08725e+14 1.17642e+14 1.36818e+12 2.74077e+10 6.47643e+08 1.53044e+07 361325 8151.47
4079.81 179200 7.52748e+06 3.16438e+08 1.33298e+10 6.6527e+11 5.80215e+13 2.01776e+14 4.08392e+14 6.43365e+14 8.66986e+14 1.04125e+15 1.13649e+15 1.13649e+15 1.04125e+15 8.66986e+14 6.43365e+14 4.08392e+14 2.01776e+14 5.80215e+13 6.6527e+11 1.33298e+10 3.16438e+08 7.52748e+06 179200 4079.81
1376.33 57900.4 2.32138e+06 9.31684e+07 3.76253e+09 1.83317e+11 1.65898e+13 5.78377e+13 1.17176e+14 1.84687e+14 2.4895e+14 2.99033e+14 3.26405e+14 3.26405e+14 2.99033e+14 2.4895e+14 1.84687e+14 1.17176e+14 5.78377e+13 1.65898e+13 1.83317e+11 3.76253e+09 9.31684e+07 2.32138e+06 57900.4 1376.33
235.897 8156.07 246170 6.44029e+06 1.25679e+08 1.79257e+09 1.74111e+11 6.31101e+11 1.29825e+12 2.0621e+12 2.7915e+12 3.36083e+12 3.67219e+12 3.67219e+12 3.36083e+12 2.7915e+12 2.0621e+12 1.29825e+12 6.31101e+11 1.74111e+11 1.79257e+09 1.25679e+08 6.44029e+06 246170 8156.07 235.897
25.3822 713.817 16611.3 324644 5.39803e+06 1.20129e+08 3.54445e+09 1.2549e+10 2.5814e+10 4.10339e+10 5.55758e+10 6.69286e+10 7.31378e+10 7.31378e+10 6.69286e+10 5.55758e+10 4.10339e+10 2.5814e+10 1.2549e+10 3.54445e+09 1.20129e+08 5.39803e+06 324644 16611.3 713.817 25.3822
2.05874 49.2453 976.095 17512.9 314850 6.11702e+06 8.77801e+07 2.97948e+08 6.10063e+08 9.69059e+08 1.31222e+09 1.58015e+09 1.72668e+09 1.72668e+09 1.58015e+09 1.31222e+09 9.69059e+08 6.10063e+08 2.97948e+08 8.77801e+07 6.11702e+06 314850 17512.9 976.095 49.2453 2.05874
0.141756 3.04215 55.3894 954.127 15913.1 233164 2.18731e+06 7.08866e+06 1.44181e+07 2.28763e+07 3.09686e+07 3.72879e+07 4.07442e+07 4.07442e+07 3.72879e+07 3.09686e+07 2.28763e+07 1.44181e+07 7.08866e+06 2.18731e+06 233164 15913.1 954.127 55.3894 3.04215 0.141756
0.0088108 0.175465 2.98775 47.5175 679.962 7713.49 54559.9 168776 340443 539280 729761 878557 959947 959947 878557 729761 539280 340443 168776 54559.9 7713.49 679.962 47.5175 2.98775 0.175465 0.0088108
0.000463279 0.0086873 0.137617 1.97264 24.1065 222.897 1296.98 3842.97 7681.24 12143.1 16424.1 19769.8 21600.1 21600.1 19769.8 16424.1 12143.1 7681.24 3842.97 1296.98 222.897 24.1065 1.97264 0.137617 0.0086873 0.000463279
