0.00341073 0.0645928 1.03536 15.0266 185.852 1737.66 10221.5 30687.3 62264.5 99909 136875 166299 182583 182583 166299 136875 99909 62264.5 30687.3 10221.5 1737.66 185.852 15.0266 1.03536 0.0645928 0.00341073
0.0652652 1.31176 22.5897 363.907 5276.01 60567.2 433121 1.35831e+06 2.78358e+06 4.47894e+06 6.14298e+06 7.46777e+06 8.20114e+06 8.20114e+06 7.46777e+06 6.14298e+06 4.47894e+06 2.78358e+06 1.35831e+06 433121 60567.2 5276.01 363.907 22.5897 1.31176 0.0652652
1.0582 22.8894 420.681 7332.67 124028 1.84154e+06 1.74657e+07 5.74175e+07 1.18749e+08 1.9154e+08 2.62968e+08 3.19853e+08 3.51353e+08 3.51353e+08 3.19853e+08 2.62968e+08 1.9154e+08 1.18749e+08 5.74175e+07 1.74657e+07 1.84154e+06 124028 7332.67 420.681 22.8894 1.0582
15.5118 373.584 7454.51 134826 2.45588e+06 4.84862e+07 7.03729e+08 2.42462e+09 5.05248e+09 8.16536e+09 1.12203e+10 1.36543e+10 1.50025e+10 1.50025e+10 1.36543e+10 1.12203e+10 8.16536e+09 5.05248e+09 2.42462e+09 7.03729e+08 4.84862e+07 2.45588e+06 134826 7454.51 373.584 15.5118
193.262 5471.21 127988 2.50983e+06 4.19318e+07 9.51646e+08 2.84752e+10 1.02416e+11 2.14607e+11 3.47353e+11 4.77683e+11 5.8158e+11 6.39149e+11 6.39149e+11 5.8158e+11 4.77683e+11 3.47353e+11 2.14607e+11 1.02416e+11 2.84752e+10 9.51646e+08 4.19318e+07 2.50983e+06 127988 5471.21 193.262
1816.13 63230.8 1.91886e+06 5.03453e+07 9.80294e+08 1.39194e+10 1.39671e+12 5.14561e+12 1.07858e+13 1.7446e+13 2.39807e+13 2.91882e+13 3.2073e+13 3.2073e+13 2.91882e+13 2.39807e+13 1.7446e+13 1.07858e+13 5.14561e+12 1.39671e+12 1.39194e+10 9.80294e+08 5.03453e+07 1.91886e+06 63230.8 1816.13
10720.1 454250 1.83179e+07 7.38092e+08 2.98679e+10 1.45826e+12 1.33167e+14 4.69569e+14 9.64227e+14 1.53992e+15 2.09904e+15 2.54157e+15 2.78578e+15 2.78578e+15 2.54157e+15 2.09904e+15 1.53992e+15 9.64227e+14 4.69569e+14 1.33167e+14 1.45826e+12 2.98679e+10 7.38092e+08 1.83179e+07 454250 10720.1
32213.6 1.42605e+06 6.02892e+07 2.54625e+09 1.0757e+11 5.38072e+12 4.7107e+14 1.65565e+15 3.39449e+15 5.41593e+15 7.37763e+15 8.92953e+15 9.78569e+15 9.78569e+15 8.92953e+15 7.37763e+15 5.41593e+15 3.39449e+15 1.65565e+15 4.7107e+14 5.38072e+12 1.0757e+11 2.54625e+09 6.02892e+07 1.42605e+06 32213.6
65360.8 2.92241e+06 1.24691e+08 5.30609e+09 2.25414e+11 1.12803e+13 9.68426e+14 3.39848e+15 6.96264e+15 1.11038e+16 1.51211e+16 1.82985e+16 2.00512e+16 2.00512e+16 1.82985e+16 1.51211e+16 1.11038e+16 6.96264e+15 3.39848e+15 9.68426e+14 1.12803e+13 2.25414e+11 5.30609e+09 1.24691e+08 2.92241e+06 65360.8
104836 4.70046e+06 2.01042e+08 8.57173e+09 3.64695e+11 1.82399e+13 1.54735e+15 5.42495e+15 1.11093e+16 1.77116e+16 2.41149e+16 2.91786e+16 3.19716e+16 3.19716e+16 2.91786e+16 2.41149e+16 1.77116e+16 1.11093e+16 5.42495e+15 1.54735e+15 1.82399e+13 3.64695e+11 8.57173e+09 2.01042e+08 4.70045e+06 104836
143549 6.44329e+06 2.75861e+08 1.1772e+10 5.01242e+11 2.5059e+13 2.10942e+15 7.39103e+15 1.51311e+16 2.41188e+16 3.28342e+16 3.97256e+16 4.35264e+16 4.35264e+16 3.97256e+16 3.28342e+16 2.41188e+16 1.51311e+16 7.39103e+15 2.10942e+15 2.5059e+13 5.01242e+11 1.1772e+10 2.75861e+08 6.44329e+06 143549
174324 7.82903e+06 3.35367e+08 1.43183e+10 6.09939e+11 3.04855e+13 2.55407e+15 8.94569e+15 1.83106e+16 2.91835e+16 3.97258e+16 4.80611e+16 5.26582e+16 5.26582e+16 4.80611e+16 3.97258e+16 2.91835e+16 1.83106e+16 8.94569e+15 2.55407e+15 3.04855e+13 6.09939e+11 1.43183e+10 3.35367e+08 7.82903e+06 174324
191341 8.59542e+06 3.68286e+08 1.57273e+10 6.70105e+11 3.34887e+13 2.79934e+15 9.80304e+15 2.00638e+16 3.1976e+16 4.35255e+16 5.26567e+16 5.76927e+16 5.76927e+16 5.26567e+16 4.35255e+16 3.1976e+16 2.00638e+16 9.80304e+15 2.79934e+15 3.34887e+13 6.70105e+11 1.57273e+10 3.68286e+08 8.59542e+06 191341
191341 8.59542e+06 3.68286e+08 1.57273e+10 6.70105e+11 3.34887e+13 2.79934e+15 9.80304e+15 2.00638e+16 3.1976e+16 4.35255e+16 5.26567e+16 5.76927e+16 5.76927e+16 5.26567e+16 4.35255e+16 3.1976e+16 2.00638e+16 9.80304e+15 2.79934e+15 3.34887e+13 6.70105e+11 1.57273e+10 3.68286e+08 8.59542e+06 191341
174324 7.82903e+06 3.35367e+08 1.43183e+10 6.09939e+11 3.04855e+13 2.55407e+15 8.94569e+15 1.83106e+16 2.91835e+16 3.97258e+16 4.80611e+16 5.26582e+16 5.26582e+16 4.80611e+16 3.97258e+16 2.91835e+16 1.83106e+16 8.94569e+15 2.55407e+15 3.04855e+13 6.09939e+11 1.43183e+10 3.35367e+08 7.82903e+06 174324
143549 6.44329e+06 2.75861e+08 1.1772e+10 5.01242e+11 2.5059e+13 2.10942e+15 7.39103e+15 1.51311e+16 2.41188e+16 3.28342e+16 3.97256e+16 4.35264e+16 4.35264e+16 3.97256e+16 3.28342e+16 2.41188e+16 1.51311e+16 7.39103e+15 2.10942e+15 2.5059e+13 5.01242e+11 1.1772e+10 2.75861e+08 6.44329e+06 143549
104836 4.70045e+06 2.01042e+08 8.57173e+09 3.64695e+11 1.82399e+13 1.54735e+15 5.42495e+15 1.11093e+16 1.77116e+16 2.41149e+16 2.91786e+16 3.19716e+16 3.19716e+16 2.91786e+16 2.41149e+16 1.77116e+16 1.11093e+16 5.42495e+15 1.54735e+15 1.82399e+13 3.64695e+11 8.57173e+09 2.01042e+08 4.70045e+06 104836
65360.8 2.92241e+06 1.24691e+08 5.30609e+09 2.25414e+11 1.12803e+13 9.68426e+14 3.39848e+15 6.96264e+15 1.11038e+16 1.51211e+16 1.82985e+16 2.00512e+16 2.00512e+16 1.82985e+16 1.51211e+16 1.11038e+16 6.96264e+15 3.39848e+15 9.68426e+14 1.12803e+13 2.25414e+11 5.30609e+09 1.24691e+08 2.92241e+06 65360.8
32213.6 1.42605e+06 6.02892e+07 2.54625e+09 1.0757e+11 5.38072e+12 4.7107e+14 1.65565e+15 3.39449e+15 5.41593e+15 7.37763e+15 8.92953e+15 9.78569e+15 9.78569e+15 8.92953e+15 7.37763e+15 5.41593e+15 3.39449e+15 1.65565e+15 4.7107e+14 5.38072e+12 1.0757e+11 2.54625e+09 6.02892e+07 1.42605e+06 32213.6
10720.1 454250 1.83179e+07 7.38092e+08 2.98679e+10 1.45826e+12 1.33167e+14 4.69569e+14 9.64227e+14 1.53992e+15 2.09904e+15 2.54157e+15 2.78578e+15 2.78578e+15 2.54157e+15 2.09904e+15 1.53992e+15 9.64227e+14 4.69569e+14 1.33167e+14 1.45826e+12 2.98679e+10 7.38092e+08 1.83179e+07 454250 10720.1
1816.13 63230.8 1.91886e+06 5.03453e+07 9.80294e+08 1.39194e+10 1.39671e+12 5.14561e+12 1.07858e+13 1.7446e+13 2.39807e+13 2.91882e+13 3.2073e+13 3.2073e+13 2.91882e+13 2.39807e+13 1.7446e+13 1.07858e+13 5.14561e+12 1.39671e+12 1.39194e+10 9.80294e+08 5.03453e+07 1.91886e+06 63230.8 1816.13
193.262 5471.21 127988 2.50983e+06 4.19318e+07 9.51646e+08 2.84752e+10 1.02416e+11 2.14607e+11 3.47353e+11 4.77683e+11 5.8158e+11 6.39149e+11 6.39149e+11 5.8158e+11 4.77683e+11 3.47353e+11 2.14607e+11 1.02416e+11 2.84752e+10 9.51646e+08 4.19318e+07 2.50983e+06 127988 5471.21 193.262
15.5118 373.584 7454.51 134826 2.45588e+06 4.84862e+07 7.03729e+08 2.42462e+09 5.05248e+09 8.16536e+09 1.12203e+10 1.36543e+10 1.50025e+10 1.50025e+10 1.36543e+10 1.12203e+10 8.16536e+09 5.05248e+09 2.42462e+09 7.03729e+08 4.84862e+07 2.45588e+06 134826 7454.51 373.584 15.5118
1.0582 22.8894 420.681 7332.67 124028 1.84154e+06 1.74657e+07 5.74175e+07 1.18749e+08 1.9154e+08 2.62968e+08 3.19853e+08 3.51353e+08 3.51353e+08 3.19853e+08 2.62968e+08 1.9154e+08 1.18749e+08 5.74175e+07 1.74657e+07 1.84154e+06 124028 7332.67 420.681 22.8894 1.0582
0.0652652 1.31176 22.5897 363.907 5276.01 60567.2 433121 1.35831e+06 2.78358e+06 4.47894e+06 6.14298e+06 7.46777e+06 8.20114e+06 8.20114e+06 7.46777e+06 6.14298e+06 4.47894e+06 2.78358e+06 1.35831e+06 433121 60567.2 5276.01 363.907 22.5897 1.31176 0.0652652
0.00341073 0.0645928 1.03536 15.0266 185.852 1737.66 10221.5 30687.3 62264.5 99909 136875 166299 182583 182583 166299 136875 99909 62264.5 30687.3 10221.5 1737.66 185.852 15.0266 1.03536 0.0645928 0.00341073
