10.056 186.401 2888.22 40202.9 477186 4.31387e+06 2.47367e+07 7.24458e+07 1.42752e+08 2.2195e+08 2.95258e+08 3.50668e+08 3.8027e+08 3.8027e+08 3.50668e+08 2.95258e+08 2.2195e+08 1.42752e+08 7.24458e+07 2.47367e+07 4.31387e+06 477186 40202.9 2888.22 186.401 10.056
193.279 3834.28 64238.4 990938 1.36669e+07 1.50393e+08 1.04469e+09 3.19253e+09 6.34452e+09 9.87568e+09 1.31321e+10 1.55873e+10 1.68968e+10 1.68968e+10 1.55873e+10 1.31321e+10 9.87568e+09 6.34452e+09 3.19253e+09 1.04469e+09 1.50393e+08 1.36669e+07 990938 64238.4 3834.28 193.279
3116.66 67302.7 1.22175e+06 2.05595e+07 3.27905e+08 4.59548e+09 4.20692e+10 1.34616e+11 2.69582e+11 4.19918e+11 5.5805e+11 6.61929e+11 7.17246e+11 7.17246e+11 6.61929e+11 5.5805e+11 4.19918e+11 2.69582e+11 1.34616e+11 4.20692e+10 4.59548e+09 3.27905e+08 2.05595e+07 1.22175e+06 67302.7 3116.66
44835.4 1.0868e+06 2.18235e+07 3.91456e+08 6.76877e+09 1.22688e+11 1.69593e+12 5.68106e+12 1.14454e+13 1.78316e+13 2.36796e+13 2.80666e+13 3.03988e+13 3.03988e+13 2.80666e+13 2.36796e+13 1.78316e+13 1.14454e+13 5.68106e+12 1.69593e+12 1.22688e+11 6.76877e+09 3.91456e+08 2.18235e+07 1.0868e+06 44835.4
542641 1.54665e+07 3.6695e+08 7.35605e+09 1.23862e+11 2.50507e+12 6.87662e+13 2.40194e+14 4.85848e+14 7.56734e+14 1.00404e+15 1.18911e+15 1.28733e+15 1.28733e+15 1.18911e+15 1.00404e+15 7.56734e+14 4.85848e+14 2.40194e+14 6.87662e+13 2.50507e+12 1.23862e+11 7.35605e+09 3.6695e+08 1.54665e+07 542641
4.93568e+06 1.72139e+08 5.26416e+09 1.40759e+11 2.88263e+12 4.36518e+13 3.43026e+15 1.22621e+16 2.48092e+16 3.86233e+16 5.12372e+16 6.06822e+16 6.56976e+16 6.56976e+16 6.06822e+16 5.12372e+16 3.86233e+16 2.48092e+16 1.22621e+16 3.43026e+15 4.36518e+13 2.88263e+12 1.40759e+11 5.26416e+09 1.72139e+08 4.93568e+06
2.82432e+07 1.19255e+09 4.80149e+10 1.93527e+12 7.84542e+13 3.77846e+15 3.25961e+17 1.12861e+18 2.26565e+18 3.5306e+18 4.70423e+18 5.59759e+18 6.07782e+18 6.07782e+18 5.59759e+18 4.70423e+18 3.5306e+18 2.26565e+18 1.12861e+18 3.25961e+17 3.77846e+15 7.84542e+13 1.93527e+12 4.80149e+10 1.19255e+09 2.82432e+07
8.25867e+07 3.63834e+09 1.53367e+11 6.47043e+12 2.73488e+14 1.35197e+16 1.13382e+18 3.91622e+18 7.85211e+18 1.22264e+19 1.62821e+19 1.93678e+19 2.10261e+19 2.10261e+19 1.93678e+19 1.62821e+19 1.22264e+19 7.85211e+18 3.91622e+18 1.13382e+18 1.35197e+16 2.73488e+14 6.47043e+12 1.53367e+11 3.63834e+09 8.25867e+07
1.62545e+08 7.22181e+09 3.06754e+11 1.30193e+13 5.5248e+14 2.73343e+16 2.27727e+18 7.85629e+18 1.57335e+19 2.44697e+19 3.2553e+19 3.86924e+19 4.19881e+19 4.19881e+19 3.86924e+19 3.2553e+19 2.44697e+19 1.57335e+19 7.85629e+18 2.27727e+18 2.73343e+16 5.5248e+14 1.30193e+13 3.06754e+11 7.22181e+09 1.62545e+08
2.52471e+08 1.12297e+10 4.77314e+11 2.02615e+13 8.59548e+14 4.25048e+16 3.54586e+18 1.22235e+19 2.44511e+19 3.79789e+19 5.0464e+19 5.9926e+19 6.49978e+19 6.49978e+19 5.9926e+19 5.0464e+19 3.79789e+19 2.44511e+19 1.22235e+19 3.54586e+18 4.25048e+16 8.59548e+14 2.02615e+13 4.77314e+11 1.12297e+10 2.52471e+08
3.35576e+08 1.49196e+10 6.33756e+11 2.68814e+13 1.13936e+15 5.63172e+16 4.71874e+18 1.62587e+19 3.24896e+19 5.04043e+19 6.68979e+19 7.93712e+19 8.60474e+19 8.60474e+19 7.93712e+19 6.68979e+19 5.04043e+19 3.24896e+19 1.62587e+19 4.71874e+18 5.63172e+16 1.13936e+15 2.68814e+13 6.33756e+11 1.49196e+10 3.35576e+08
3.98305e+08 1.76975e+10 7.51227e+11 3.18396e+13 1.34841e+15 6.66317e+16 5.60852e+18 1.93187e+19 3.85751e+19 5.97903e+19 7.92854e+19 9.40039e+19 1.01873e+20 1.01873e+20 9.40039e+19 7.92854e+19 5.97903e+19 3.85751e+19 1.93187e+19 5.60852e+18 6.66317e+16 1.34841e+15 3.18396e+13 7.51227e+11 1.76975e+10 3.98305e+08
4.31784e+08 1.91778e+10 8.13716e+11 3.44726e+13 1.45923e+15 7.20983e+16 6.08569e+18 2.09594e+19 4.18341e+19 6.48096e+19 8.59001e+19 1.01809e+20 1.10308e+20 1.10308e+20 1.01809e+20 8.59001e+19 6.48096e+19 4.18341e+19 2.09594e+19 6.08569e+18 7.20983e+16 1.45923e+15 3.44726e+13 8.13716e+11 1.91778e+10 4.31784e+08
4.31784e+08 1.91778e+10 8.13716e+11 3.44726e+13 1.45923e+15 7.20983e+16 6.08569e+18 2.09594e+19 4.18341e+19 6.48096e+19 8.59001e+19 1.01809e+20 1.10308e+20 1.10308e+20 1.01809e+20 8.59001e+19 6.48096e+19 4.18341e+19 2.09594e+19 6.08569e+18 7.20983e+16 1.45923e+15 3.44726e+13 8.13716e+11 1.91778e+10 4.31784e+08
3.98305e+08 1.76975e+10 7.51227e+11 3.18396e+13 1.34841e+15 6.66317e+16 5.60852e+18 1.93187e+19 3.85751e+19 5.97903e+19 7.92854e+19 9.40039e+19 1.01873e+20 1.01873e+20 9.40039e+19 7.92854e+19 5.97903e+19 3.85751e+19 1.93187e+19 5.60852e+18 6.66317e+16 1.34841e+15 3.18396e+13 7.51227e+11 1.76975e+10 3.98305e+08
3.35576e+08 1.49196e+10 6.33756e+11 2.68814e+13 1.13936e+15 5.63172e+16 4.71874e+18 1.62587e+19 3.24896e+19 5.04043e+19 6.68979e+19 7.93712e+19 8.60474e+19 8.60474e+19 7.93712e+19 6.68979e+19 5.04043e+19 3.24896e+19 1.62587e+19 4.71874e+18 5.63172e+16 1.13936e+15 2.68814e+13 6.33756e+11 1.49196e+10 3.35576e+08
2.52471e+08 1.12297e+10 4.77314e+11 2.02615e+13 8.59548e+14 4.25048e+16 3.54586e+18 1.22235e+19 2.44511e+19 3.79789e+19 5.0464e+19 5.9926e+19 6.49978e+19 6.49978e+19 5.9926e+19 5.0464e+19 3.79789e+19 2.44511e+19 1.22235e+19 3.54586e+18 4.25048e+16 8.59548e+14 2.02615e+13 4.77314e+11 1.12297e+10 2.52471e+08
1.62545e+08 7.22181e+09 3.06754e+11 1.30193e+13 5.5248e+14 2.73343e+16 2.27727e+18 7.85629e+18 1.57335e+19 2.44697e+19 3.2553e+19 3.86924e+19 4.19881e+19 4.19881e+19 3.86924e+19 3.2553e+19 2.44697e+19 1.57335e+19 7.85629e+18 2.27727e+18 2.73343e+16 5.5248e+14 1.30193e+13 3.06754e+11 7.22181e+09 1.62545e+08
8.25867e+07 3.63834e+09 1.53367e+11 6.47043e+12 2.73488e+14 1.35197e+16 1.13382e+18 3.91622e+18 7.85211e+18 1.22264e+19 1.62821e+19 1.93678e+19 2.10261e+19 2.10261e+19 1.93678e+19 1.62821e+19 1.22264e+19 7.85211e+18 3.91622e+18 1.13382e+18 1.35197e+16 2.73488e+14 6.47043e+12 1.53367e+11 3.63834e+09 8.25867e+07
2.82432e+07 1.19255e+09 4.80149e+10 1.93527e+12 7.84542e+13 3.77846e+15 3.25961e+17 1.12861e+18 2.26565e+18 3.5306e+18 4.70423e+18 5.59759e+18 6.07782e+18 6.07782e+18 5.59759e+18 4.70423e+18 3.5306e+18 2.26565e+18 1.12861e+18 3.25961e+17 3.77846e+15 7.84542e+13 1.93527e+12 4.80149e+10 1.19255e+09 2.82432e+07
4.93568e+06 1.72139e+08 5.26416e+09 1.40759e+11 2.88263e+12 4.36518e+13 3.43026e+15 1.22621e+16 2.48092e+16 3.86233e+16 5.12372e+16 6.06822e+16 6.56976e+16 6.56976e+16 6.06822e+16 5.12372e+16 3.86233e+16 2.48092e+16 1.22621e+16 3.43026e+15 4.36518e+13 2.88263e+12 1.40759e+11 5.26416e+09 1.72139e+08 4.93568e+06
542641 1.54665e+07 3.6695e+08 7.35605e+09 1.23862e+11 2.50507e+12 6.87662e+13 2.40194e+14 4.85848e+14 7.56734e+14 1.00404e+15 1.18911e+15 1.28733e+15 1.28733e+15 1.18911e+15 1.00404e+15 7.56734e+14 4.85848e+14 2.40194e+14 6.87662e+13 2.50507e+12 1.23862e+11 7.35605e+09 3.6695e+08 1.54665e+07 542641
44835.4 1.0868e+06 2.18235e+07 3.91456e+08 6.76877e+09 1.22688e+11 1.69593e+12 5.68106e+12 1.14454e+13 1.78316e+13 2.36796e+13 2.80666e+13 3.03988e+13 3.03988e+13 2.80666e+13 2.36796e+13 1.78316e+13 1.14454e+13 5.68106e+12 1.69593e+12 1.22688e+11 6.76877e+09 3.91456e+08 2.18235e+07 1.0868e+06 44835.4
3116.66 67302.7 1.22175e+06 2.05595e+07 3.27905e+08 4.59548e+09 4.20692e+10 1.34616e+11 2.69582e+11 4.19918e+11 5.5805e+11 6.61929e+11 7.17246e+11 7.17246e+11 6.61929e+11 5.5805e+11 4.19918e+11 2.69582e+11 1.34616e+11 4.20692e+10 4.59548e+09 3.27905e+08 2.05595e+07 1.22175e+06 67302.7 3116.66
193.279 3834.28 64238.4 990938 1.36669e+07 1.50393e+08 1.04469e+09 3.19253e+09 6.34452e+09 9.87568e+09 1.31321e+10 1.55873e+10 1.68968e+10 1.68968e+10 1.55873e+10 1.31321e+10 9.87568e+09 6.34452e+09 3.19253e+09 1.04469e+09 1.50393e+08 1.36669e+07 990938 64238.4 3834.28 193.279
10.056 186.401 2888.22 40202.9 477186 4.31387e+06 2.47367e+07 7.24458e+07 1.42752e+08 2.2195e+08 2.95258e+08 3.50668e+08 3.8027e+08 3.8027e+08 3.50668e+08 2.95258e+08 2.2195e+08 1.42752e+08 7.24458e+07 2.47367e+07 4.31387e+06 477186 40202.9 2888.22 186.401 10.056
