0.108474 2.04542 32.5902 469.721 5769.07 53580.4 312934 929736 1.86156e+06 2.9446e+06 3.98121e+06 4.78849e+06 5.22878e+06 5.22878e+06 4.78849e+06 3.98121e+06 2.9446e+06 1.86156e+06 929736 312934 53580.4 5769.07 469.721 32.5902 2.04542 0.108474
2.07283 41.5251 711.403 11380 163713 1.86583e+06 1.32488e+07 4.11063e+07 8.30836e+07 1.31707e+08 1.78173e+08 2.14335e+08 2.34051e+08 2.34051e+08 2.14335e+08 1.78173e+08 1.31707e+08 8.30836e+07 4.11063e+07 1.32488e+07 1.86583e+06 163713 11380 711.403 41.5251 2.07283
33.5141 723.602 13255.4 229670 3.8517e+06 5.67098e+07 5.3406e+08 1.73641e+09 3.53988e+09 5.62154e+09 7.60801e+09 9.15305e+09 9.99519e+09 9.99519e+09 9.15305e+09 7.60801e+09 5.62154e+09 3.53988e+09 1.73641e+09 5.3406e+08 5.67098e+07 3.8517e+06 229670 13255.4 723.602 33.5141
489.057 11769.7 234644 4.23256e+06 7.65084e+07 1.49413e+09 2.15227e+10 7.33115e+10 1.50492e+11 2.39294e+11 3.23944e+11 3.8975e+11 4.25608e+11 4.25608e+11 3.8975e+11 3.23944e+11 2.39294e+11 1.50492e+11 7.33115e+10 2.15227e+10 1.49413e+09 7.65084e+07 4.23256e+06 234644 11769.7 489.057
6057.46 171402 4.01076e+06 7.8741e+07 1.31469e+09 2.94249e+10 8.71591e+11 3.09778e+12 6.3903e+12 1.01694e+13 1.37691e+13 1.65663e+13 1.80901e+13 1.80901e+13 1.65663e+13 1.37691e+13 1.01694e+13 6.3903e+12 3.09778e+12 8.71591e+11 2.94249e+10 1.31469e+09 7.8741e+07 4.01076e+06 171402 6057.46
56539.9 1.96715e+06 5.9698e+07 1.56841e+09 3.06877e+10 4.38575e+11 4.28724e+13 1.56068e+14 3.22069e+14 5.12259e+14 6.93355e+14 8.34066e+14 9.10716e+14 9.10716e+14 8.34066e+14 6.93355e+14 5.12259e+14 3.22069e+14 1.56068e+14 4.28724e+13 4.38575e+11 3.06877e+10 1.56841e+09 5.9698e+07 1.96715e+06 56539.9
331100 1.40192e+07 5.65176e+08 2.27798e+10 9.22671e+11 4.50469e+13 4.08747e+15 1.43053e+16 2.90826e+16 4.59472e+16 6.20115e+16 7.45209e+16 8.13498e+16 8.13498e+16 7.45209e+16 6.20115e+16 4.59472e+16 2.90826e+16 1.43053e+16 4.08748e+15 4.50469e+13 9.22671e+11 2.27798e+10 5.65176e+08 1.40192e+07 331100
983930 4.35101e+07 1.8383e+09 7.76296e+10 3.28095e+12 1.64149e+14 1.4348e+16 5.00808e+16 1.01704e+17 1.60596e+17 2.16688e+17 2.60369e+17 2.84218e+17 2.84218e+17 2.60369e+17 2.16688e+17 1.60596e+17 1.01704e+17 5.00808e+16 1.4348e+16 1.64149e+14 3.28095e+12 7.76296e+10 1.8383e+09 4.35101e+07 983930
1.96861e+06 8.78761e+07 3.74473e+09 1.5923e+11 6.76262e+12 3.3853e+14 2.91846e+16 1.0176e+17 2.06557e+17 3.26071e+17 4.39885e+17 5.2851e+17 5.76894e+17 5.76894e+17 5.2851e+17 4.39885e+17 3.26071e+17 2.06557e+17 1.0176e+17 2.91846e+16 3.3853e+14 6.76262e+12 1.5923e+11 3.74473e+09 8.78761e+07 1.96861e+06
3.11036e+06 1.3914e+08 5.93957e+09 2.52869e+11 1.07479e+13 5.37794e+14 4.60939e+16 1.6064e+17 3.25986e+17 5.14502e+17 6.93989e+17 8.33735e+17 9.10021e+17 9.10021e+17 8.33735e+17 6.93989e+17 5.14502e+17 3.25986e+17 1.6064e+17 4.60939e+16 5.37794e+14 1.07479e+13 2.52869e+11 5.93957e+09 1.3914e+08 3.11036e+06
4.20017e+06 1.87989e+08 8.02789e+09 3.41856e+11 1.45319e+13 7.2694e+14 6.21707e+16 2.16621e+17 4.39519e+17 6.93597e+17 9.3546e+17 1.12374e+18 1.22651e+18 1.22651e+18 1.12374e+18 9.3546e+17 6.93597e+17 4.39519e+17 2.16621e+17 6.21707e+16 7.2694e+14 1.45319e+13 3.41856e+11 8.02789e+09 1.87989e+08 4.20017e+06
5.04673e+06 2.25905e+08 9.64771e+09 4.10837e+11 1.74637e+13 8.73475e+14 7.46666e+16 2.6014e+17 5.27772e+17 8.32795e+17 1.12311e+18 1.34909e+18 1.47243e+18 1.47243e+18 1.34909e+18 1.12311e+18 8.32795e+17 5.27772e+17 2.6014e+17 7.46666e+16 8.73475e+14 1.74637e+13 4.10837e+11 9.6477e+09 2.25905e+08 5.04673e+06
5.50761e+06 2.4654e+08 1.05289e+10 4.48349e+11 1.90573e+13 9.5313e+14 8.14789e+16 2.83868e+17 5.75891e+17 9.08686e+17 1.22541e+18 1.47193e+18 1.60647e+18 1.60647e+18 1.47193e+18 1.22541e+18 9.08686e+17 5.75891e+17 2.83868e+17 8.14789e+16 9.5313e+14 1.90573e+13 4.48349e+11 1.05289e+10 2.4654e+08 5.50761e+06
5.50761e+06 2.4654e+08 1.05289e+10 4.48349e+11 1.90573e+13 9.5313e+14 8.14789e+16 2.83868e+17 5.75891e+17 9.08686e+17 1.22541e+18 1.47193e+18 1.60647e+18 1.60647e+18 1.47193e+18 1.22541e+18 9.08686e+17 5.75891e+17 2.83868e+17 8.14789e+16 9.5313e+14 1.90573e+13 4.48349e+11 1.05289e+10 2.4654e+08 5.50761e+06
5.04673e+06 2.25905e+08 9.6477e+09 4.10837e+11 1.74637e+13 8.73475e+14 7.46666e+16 2.6014e+17 5.27772e+17 8.32795e+17 1.12311e+18 1.34909e+18 1.47243e+18 1.47243e+18 1.34909e+18 1.12311e+18 8.32795e+17 5.27772e+17 2.6014e+17 7.46666e+16 8.73475e+14 1.74637e+13 4.10837e+11 9.64771e+09 2.25905e+08 5.04673e+06
4.20017e+06 1.87989e+08 8.02789e+09 3.41856e+11 1.45319e+13 7.2694e+14 6.21707e+16 2.16621e+17 4.39519e+17 6.93597e+17 9.3546e+17 1.12374e+18 1.22651e+18 1.22651e+18 1.12374e+18 9.3546e+17 6.93597e+17 4.39519e+17 2.16621e+17 6.21707e+16 7.2694e+14 1.45319e+13 3.41856e+11 8.02789e+09 1.87989e+08 4.20017e+06
3.11036e+06 1.3914e+08 5.93957e+09 2.52869e+11 1.07479e+13 5.37794e+14 4.60939e+16 1.6064e+17 3.25986e+17 5.14502e+17 6.93989e+17 8.33735e+17 9.10021e+17 9.10021e+17 8.33735e+17 6.93989e+17 5.14502e+17 3.25986e+17 1.6064e+17 4.60939e+16 5.37794e+14 1.07479e+13 2.52869e+11 5.93957e+09 1.3914e+08 3.11036e+06
1.96861e+06 8.78761e+07 3.74473e+09 1.5923e+11 6.76262e+12 3.3853e+14 2.91846e+16 1.0176e+17 2.06557e+17 3.26071e+17 4.39885e+17 5.2851e+17 5.76894e+17 5.76894e+17 5.2851e+17 4.39885e+17 3.26071e+17 2.06557e+17 1.0176e+17 2.91846e+16 3.3853e+14 6.76262e+12 1.5923e+11 3.74473e+09 8.78761e+07 1.96861e+06
983930 4.35101e+07 1.8383e+09 7.76296e+10 3.28095e+12 1.64149e+14 1.4348e+16 5.00808e+16 1.01704e+17 1.60596e+17 2.16688e+17 2.60369e+17 2.84218e+17 2.84218e+17 2.60369e+17 2.16688e+17 1.60596e+17 1.01704e+17 5.00808e+16 1.4348e+16 1.64149e+14 3.28095e+12 7.76296e+10 1.8383e+09 4.35101e+07 983930
331100 1.40192e+07 5.65176e+08 2.27798e+10 9.22671e+11 4.50469e+13 4.08748e+15 1.43053e+16 2.90826e+16 4.59472e+16 6.20115e+16 7.45209e+16 8.13498e+16 8.13498e+16 7.45209e+16 6.20115e+16 4.59472e+16 2.90826e+16 1.43053e+16 4.08747e+15 4.50469e+13 9.22671e+11 2.27798e+10 5.65176e+08 1.40192e+07 331100
56539.9 1.96715e+06 5.9698e+07 1.56841e+09 3.06877e+10 4.38575e+11 4.28724e+13 1.56068e+14 3.22069e+14 5.12259e+14 6.93355e+14 8.34066e+14 9.10716e+14 9.10716e+14 8.34066e+14 6.93355e+14 5.12259e+14 3.22069e+14 1.56068e+14 4.28724e+13 4.38575e+11 3.06877e+10 1.56841e+09 5.9698e+07 1.96715e+06 56539.9
6057.46 171402 4.01076e+06 7.8741e+07 1.31469e+09 2.94249e+10 8.71591e+11 3.09778e+12 6.3903e+12 1.01694e+13 1.37691e+13 1.65663e+13 1.80901e+13 1.80901e+13 1.65663e+13 1.37691e+13 1.01694e+13 6.3903e+12 3.09778e+12 8.71591e+11 2.94249e+10 1.31469e+09 7.8741e+07 4.01076e+06 171402 6057.46
489.057 11769.7 234644 4.23256e+06 7.65084e+07 1.49413e+09 2.15227e+10 7.33115e+10 1.50492e+11 2.39294e+11 3.23944e+11 3.8975e+11 4.25608e+11 4.25608e+11 3.8975e+11 3.23944e+11 2.39294e+11 1.50492e+11 7.33115e+10 2.15227e+10 1.49413e+09 7.65084e+07 4.23256e+06 234644 11769.7 489.057
33.5141 723.602 13255.4 229670 3.8517e+06 5.67098e+07 5.3406e+08 1.73641e+09 3.53988e+09 5.62154e+09 7.60801e+09 9.15305e+09 9.99519e+09 9.99519e+09 9.15305e+09 7.60801e+09 5.62154e+09 3.53988e+09 1.73641e+09 5.3406e+08 5.67098e+07 3.8517e+06 229670 13255.4 723.602 33.5141
2.07283 41.5251 711.403 11380 163713 1.86583e+06 1.32488e+07 4.11063e+07 8.30836e+07 1.31707e+08 1.78173e+08 2.14335e+08 2.34051e+08 2.34051e+08 2.14335e+08 1.78173e+08 1.31707e+08 8.30836e+07 4.11063e+07 1.32488e+07 1.86583e+06 163713 11380 711.403 41.5251 2.07283
0.108474 2.04542 32.5902 469.721 5769.07 53580.4 312934 929736 1.86156e+06 2.9446e+06 3.98121e+06 4.78849e+06 5.22878e+06 5.22878e+06 4.78849e+06 3.98121e+06 2.9446e+06 1.86156e+06 929736 312934 53580.4 5769.07 469.721 32.5902 2.04542 0.108474
