0.484805 9.1592 146.005 2102.42 25799.1 239744 1.40401e+06 4.19306e+06 8.44335e+06 1.34227e+07 1.82169e+07 2.19645e+07 2.40123e+07 2.40123e+07 2.19645e+07 1.82169e+07 1.34227e+07 8.44335e+06 4.19306e+06 1.40401e+06 239744 25799.1 2102.42 146.005 9.1592 0.484805
9.32814 187.436 3214.74 51332.3 736224 8.37784e+06 5.95813e+07 1.85807e+08 3.77717e+08 6.01801e+08 8.1719e+08 9.85413e+08 1.0773e+09 1.0773e+09 9.85413e+08 8.1719e+08 6.01801e+08 3.77717e+08 1.85807e+08 5.95813e+07 8.37784e+06 736224 51332.3 3214.74 187.436 9.32814
151.698 3290.84 60495.4 1.04726e+06 1.74686e+07 2.55895e+08 2.40909e+09 7.87323e+09 1.61459e+10 2.57729e+10 3.50127e+10 4.22236e+10 4.61604e+10 4.61604e+10 4.22236e+10 3.50127e+10 2.57729e+10 1.61459e+10 7.87323e+09 2.40909e+09 2.55895e+08 1.74686e+07 1.04726e+06 60495.4 3290.84 151.698
2220.72 53756.1 1.07882e+06 1.95331e+07 3.51339e+08 6.7847e+09 9.73619e+10 3.3341e+11 6.88656e+11 1.10082e+12 1.49595e+12 1.80411e+12 1.97227e+12 1.97227e+12 1.80411e+12 1.49595e+12 1.10082e+12 6.88656e+11 3.3341e+11 9.73619e+10 6.7847e+09 3.51339e+08 1.95331e+07 1.07882e+06 53756.1 2220.72
27534.4 783303 1.84678e+07 3.65875e+08 6.14618e+09 1.35042e+11 3.95111e+12 1.41227e+13 2.93232e+13 4.69193e+13 6.37745e+13 7.69118e+13 8.40775e+13 8.40775e+13 7.69118e+13 6.37745e+13 4.69193e+13 2.93232e+13 1.41227e+13 3.95111e+12 1.35042e+11 6.14618e+09 3.65875e+08 1.84678e+07 783303 27534.4
257111 8.97974e+06 2.74032e+08 7.25376e+09 1.43851e+11 2.0899e+12 1.9502e+14 7.14034e+14 1.4833e+15 2.37221e+15 3.22328e+15 3.88648e+15 4.24819e+15 4.24819e+15 3.88648e+15 3.22328e+15 2.37221e+15 1.4833e+15 7.14034e+14 1.9502e+14 2.0899e+12 1.43851e+11 7.25376e+09 2.74032e+08 8.97974e+06 257111
1.50793e+06 6.3992e+07 2.58748e+09 1.04575e+11 4.24411e+12 2.0673e+14 1.85949e+16 6.539e+16 1.33662e+17 2.12167e+17 2.87352e+17 3.46094e+17 3.78217e+17 3.78217e+17 3.46094e+17 2.87352e+17 2.12167e+17 1.33662e+17 6.539e+16 1.85949e+16 2.0673e+14 4.24411e+12 1.04575e+11 2.58748e+09 6.3992e+07 1.50793e+06
4.50291e+06 1.99549e+08 8.45608e+09 3.58118e+11 1.51705e+13 7.57797e+14 6.56264e+16 2.30081e+17 4.69657e+17 7.44934e+17 1.00848e+18 1.21438e+18 1.32697e+18 1.32697e+18 1.21438e+18 1.00848e+18 7.44933e+17 4.69657e+17 2.30081e+17 6.56264e+16 7.57797e+14 1.51705e+13 3.58118e+11 8.45608e+09 1.99549e+08 4.50291e+06
9.06079e+06 4.05358e+08 1.73283e+10 7.39134e+11 3.14747e+13 1.57361e+15 1.34268e+17 4.70099e+17 9.58881e+17 1.52011e+18 2.05717e+18 2.47661e+18 2.70594e+18 2.70594e+18 2.47661e+18 2.05717e+18 1.52011e+18 9.58881e+17 4.70099e+17 1.34268e+17 1.57361e+15 3.14747e+13 7.39134e+11 1.73283e+10 4.05358e+08 9.06079e+06
1.43899e+07 6.45177e+08 2.76312e+10 1.18022e+12 5.03056e+13 2.5143e+15 2.13123e+17 7.45643e+17 1.52014e+18 2.40887e+18 3.25887e+18 3.92245e+18 4.28518e+18 4.28518e+18 3.92245e+18 3.25887e+18 2.40887e+18 1.52014e+18 7.45643e+17 2.13123e+17 2.5143e+15 5.03056e+13 1.18022e+12 2.76312e+10 6.45177e+08 1.43899e+07
1.95093e+07 8.7515e+08 3.74955e+10 1.60201e+12 6.82958e+13 3.41259e+15 2.88524e+17 1.00905e+18 2.05643e+18 3.25765e+18 4.40596e+18 5.30208e+18 5.79182e+18 5.79182e+18 5.30208e+18 4.40596e+18 3.25765e+18 2.05643e+18 1.00905e+18 2.88524e+17 3.41259e+15 6.82958e+13 1.60201e+12 3.74955e+10 8.7515e+08 1.95093e+07
2.35026e+07 1.05437e+09 4.51762e+10 1.93018e+12 8.22829e+13 4.11083e+15 3.47335e+17 1.2145e+18 2.47461e+18 3.91924e+18 5.29974e+18 6.37675e+18 6.96523e+18 6.96523e+18 6.37675e+18 5.29974e+18 3.91924e+18 2.47461e+18 1.2145e+18 3.47335e+17 4.11083e+15 8.2283e+13 1.93018e+12 4.51762e+10 1.05437e+09 2.35026e+07
2.56815e+07 1.15211e+09 4.93627e+10 2.10895e+12 8.98985e+13 4.49095e+15 3.79456e+17 1.32672e+18 2.70299e+18 4.28046e+18 5.78762e+18 6.96326e+18 7.60556e+18 7.60556e+18 6.96326e+18 5.78762e+18 4.28046e+18 2.70299e+18 1.32672e+18 3.79456e+17 4.49095e+15 8.98985e+13 2.10895e+12 4.93627e+10 1.15211e+09 2.56815e+07
2.56815e+07 1.15211e+09 4.93627e+10 2.10895e+12 8.98985e+13 4.49095e+15 3.79456e+17 1.32672e+18 2.70299e+18 4.28046e+18 5.78762e+18 6.96326e+18 7.60556e+18 7.60556e+18 6.96326e+18 5.78762e+18 4.28046e+18 2.70299e+18 1.32672e+18 3.79456e+17 4.49095e+15 8.98985e+13 2.10895e+12 4.93627e+10 1.15211e+09 2.56815e+07
2.35026e+07 1.05437e+09 4.51762e+10 1.93018e+12 8.2283e+13 4.11083e+15 3.47335e+17 1.2145e+18 2.47461e+18 3.91924e+18 5.29974e+18 6.37675e+18 6.96523e+18 6.96523e+18 6.37675e+18 5.29974e+18 3.91924e+18 2.47461e+18 1.2145e+18 3.47335e+17 4.11083e+15 8.22829e+13 1.93018e+12 4.51762e+10 1.05437e+09 2.35026e+07
1.95093e+07 8.7515e+08 3.74955e+10 1.60201e+12 6.82958e+13 3.41259e+15 2.88524e+17 1.00905e+18 2.05643e+18 3.25765e+18 4.40596e+18 5.30208e+18 5.79182e+18 5.79182e+18 5.30208e+18 4.40596e+18 3.25765e+18 2.05643e+18 1.00905e+18 2.88524e+17 3.41259e+15 6.82958e+13 1.60201e+12 3.74955e+10 8.7515e+08 1.95093e+07
1.43899e+07 6.45177e+08 2.76312e+10 1.18022e+12 5.03056e+13 2.5143e+15 2.13123e+17 7.45643e+17 1.52014e+18 2.40887e+18 3.25887e+18 3.92245e+18 4.28518e+18 4.28518e+18 3.92245e+18 3.25887e+18 2.40887e+18 1.52014e+18 7.45643e+17 2.13123e+17 2.5143e+15 5.03056e+13 1.18022e+12 2.76312e+10 6.45177e+08 1.43899e+07
9.06079e+06 4.05358e+08 1.73283e+10 7.39134e+11 3.14747e+13 1.57361e+15 1.34268e+17 4.70099e+17 9.58881e+17 1.52011e+18 2.05717e+18 2.47661e+18 2.70594e+18 2.70594e+18 2.47661e+18 2.05717e+18 1.52011e+18 9.58881e+17 4.70099e+17 1.34268e+17 1.57361e+15 3.14747e+13 7.39134e+11 1.73283e+10 4.05358e+08 9.06079e+06
4.50291e+06 1.99549e+08 8.45608e+09 3.58118e+11 1.51705e+13 7.57797e+14 6.56264e+16 2.30081e+17 4.69657e+17 7.44933e+17 1.00848e+18 1.21438e+18 1.32697e+18 1.32697e+18 1.21438e+18 1.00848e+18 7.44933e+17 4.69657e+17 2.30081e+17 6.56264e+16 7.57797e+14 1.51705e+13 3.58118e+11 8.45608e+09 1.99549e+08 4.50291e+06
1.50793e+06 6.3992e+07 2.58748e+09 1.04575e+11 4.24411e+12 2.0673e+14 1.85949e+16 6.539e+16 1.33662e+17 2.12167e+17 2.87352e+17 3.46094e+17 3.78217e+17 3.78217e+17 3.46094e+17 2.87352e+17 2.12167e+17 1.33662e+17 6.539e+16 1.85949e+16 2.0673e+14 4.24411e+12 1.04575e+11 2.58748e+09 6.3992e+07 1.50793e+06
257111 8.97974e+06 2.74032e+08 7.25376e+09 1.43851e+11 2.0899e+12 1.9502e+14 7.14034e+14 1.4833e+15 2.37221e+15 3.22328e+15 3.88648e+15 4.24819e+15 4.24819e+15 3.88648e+15 3.22328e+15 2.37221e+15 1.4833e+15 7.14034e+14 1.9502e+14 2.0899e+12 1.43851e+11 7.25376e+09 2.74032e+08 8.97974e+06 257111
27534.4 783303 1.84678e+07 3.65875e+08 6.14618e+09 1.35042e+11 3.95111e+12 1.41227e+13 2.93232e+13 4.69193e+13 6.37745e+13 7.69118e+13 8.40775e+13 8.40775e+13 7.69118e+13 6.37745e+13 4.69193e+13 2.93232e+13 1.41227e+13 3.95111e+12 1.35042e+11 6.14618e+09 3.65875e+08 1.84678e+07 783303 27534.4
2220.72 53756.1 1.07882e+06 1.95331e+07 3.51339e+08 6.7847e+09 9.73619e+10 3.3341e+11 6.88656e+11 1.10082e+12 1.49595e+12 1.80411e+12 1.97227e+12 1.97227e+12 1.80411e+12 1.49595e+12 1.10082e+12 6.88656e+11 3.3341e+11 9.73619e+10 6.7847e+09 3.51339e+08 1.95331e+07 1.07882e+06 53756.1 2220.72
151.698 3290.84 60495.4 1.04726e+06 1.74686e+07 2.55895e+08 2.40909e+09 7.87323e+09 1.61459e+10 2.57729e+10 3.50127e+10 4.22236e+10 4.61604e+10 4.61604e+10 4.22236e+10 3.50127e+10 2.57729e+10 1.61459e+10 7.87323e+09 2.40909e+09 2.55895e+08 1.74686e+07 1.04726e+06 60495.4 3290.84 151.698
9.32813 187.436 3214.74 51332.3 736224 8.37784e+06 5.95813e+07 1.85807e+08 3.77717e+08 6.01801e+08 8.1719e+08 9.85413e+08 1.0773e+09 1.0773e+09 9.85413e+08 8.1719e+08 6.01801e+08 3.77717e+08 1.85807e+08 5.95813e+07 8.37784e+06 736224 51332.3 3214.74 187.436 9.32813
0.484805 9.1592 146.005 2102.42 25799.1 239744 1.40401e+06 4.19306e+06 8.44335e+06 1.34227e+07 1.82169e+07 2.19645e+07 2.40123e+07 2.40123e+07 2.19645e+07 1.82169e+07 1.34227e+07 8.44335e+06 4.19306e+06 1.40401e+06 239744 25799.1 2102.42 146.005 9.1592 0.484805
