0.619465 11.6679 185.303 2658.17 32513.2 301504 1.76484e+06 5.28007e+06 1.06646e+07 1.70154e+07 2.31741e+07 2.80192e+07 3.06783e+07 3.06783e+07 2.80192e+07 2.31741e+07 1.70154e+07 1.06646e+07 5.28007e+06 1.76484e+06 301504 32513.2 2658.17 185.303 11.6679 0.619465
11.9094 238.686 4079.59 64874 926647 1.05137e+07 7.4695e+07 2.33339e+08 4.75792e+08 7.60855e+08 1.0369e+09 1.25392e+09 1.37299e+09 1.37299e+09 1.25392e+09 1.0369e+09 7.60855e+08 4.75792e+08 2.33339e+08 7.4695e+07 1.05137e+07 926647 64874 4079.59 238.686 11.9094
193.419 4188.1 76797.8 1.32454e+06 2.19837e+07 3.20635e+08 3.01318e+09 9.86375e+09 2.02904e+10 3.25107e+10 4.43299e+10 5.3617e+10 5.87111e+10 5.87111e+10 5.3617e+10 4.43299e+10 3.25107e+10 2.02904e+10 9.86375e+09 3.01318e+09 3.20635e+08 2.19837e+07 1.32454e+06 76797.8 4188.1 193.419
2826.03 68318 1.36949e+06 2.47526e+07 4.43123e+08 8.49872e+09 1.21572e+11 4.16988e+11 8.64001e+11 1.38647e+12 1.89135e+12 2.28791e+12 2.50536e+12 2.50536e+12 2.28791e+12 1.89135e+12 1.38647e+12 8.64001e+11 4.16988e+11 1.21572e+11 8.49872e+09 4.43123e+08 2.47526e+07 1.36949e+06 68318 2826.03
34958.9 993114 2.34e+07 4.63874e+08 7.79242e+09 1.69548e+11 4.9279e+12 1.76426e+13 3.67503e+13 5.90394e+13 8.05678e+13 9.74718e+13 1.06739e+14 1.06739e+14 9.74718e+13 8.05678e+13 5.90394e+13 3.67503e+13 1.76426e+13 4.9279e+12 1.69548e+11 7.79242e+09 4.63874e+08 2.34e+07 993114 34958.9
325763 1.13548e+07 3.46055e+08 9.1619e+09 1.82306e+11 2.66174e+12 2.43302e+14 8.92065e+14 1.85892e+15 2.98462e+15 4.07127e+15 4.92425e+15 5.39179e+15 5.39179e+15 4.92425e+15 4.07127e+15 2.98462e+15 1.85892e+15 8.92065e+14 2.43302e+14 2.66174e+12 1.82306e+11 9.1619e+09 3.46055e+08 1.13548e+07 325763
1.90876e+06 8.0784e+07 3.25873e+09 1.31478e+11 5.3295e+12 2.59009e+14 2.3191e+16 8.16256e+16 1.67173e+17 2.66017e+17 3.61175e+17 4.35866e+17 4.76839e+17 4.76839e+17 4.35866e+17 3.61175e+17 2.66017e+17 1.67173e+17 8.16256e+16 2.3191e+16 2.59009e+14 5.3295e+12 1.31478e+11 3.25873e+09 8.0784e+07 1.90876e+06
5.70944e+06 2.52313e+08 1.06658e+10 4.50901e+11 1.90776e+13 9.50872e+14 8.19476e+16 2.87543e+17 5.88054e+17 9.34965e+17 1.26878e+18 1.53074e+18 1.67443e+18 1.67443e+18 1.53074e+18 1.26878e+18 9.34965e+17 5.88054e+17 2.87543e+17 8.19476e+16 9.50872e+14 1.90776e+13 4.50901e+11 1.06658e+10 2.52313e+08 5.70944e+06
1.15244e+07 5.14146e+08 2.19259e+10 9.3364e+11 3.97125e+13 1.9811e+15 1.68035e+17 5.88777e+17 1.20319e+18 1.91199e+18 2.59372e+18 3.12854e+18 3.42185e+18 3.42185e+18 3.12854e+18 2.59372e+18 1.91199e+18 1.20319e+18 5.88777e+17 1.68035e+17 1.9811e+15 3.97125e+13 9.3364e+11 2.19259e+10 5.14146e+08 1.15244e+07
1.83717e+07 8.21478e+08 3.51e+10 1.49685e+12 6.37386e+13 3.17863e+15 2.67462e+17 9.36401e+17 1.9126e+18 3.03811e+18 4.12011e+18 4.96867e+18 5.43395e+18 5.43395e+18 4.96867e+18 4.12011e+18 3.03811e+18 1.9126e+18 9.36401e+17 2.67462e+17 3.17863e+15 6.37386e+13 1.49685e+12 3.51e+10 8.21478e+08 1.83717e+07
2.49999e+07 1.11852e+09 4.78167e+10 2.04e+12 8.68954e+13 4.33226e+15 3.63083e+17 1.27058e+18 2.59426e+18 4.11969e+18 5.58556e+18 6.7348e+18 7.36482e+18 7.36482e+18 6.7348e+18 5.58556e+18 4.11969e+18 2.59426e+18 1.27058e+18 3.63083e+17 4.33226e+15 8.68954e+13 2.04e+12 4.78167e+10 1.11852e+09 2.49999e+07
3.02055e+07 1.35164e+09 5.77908e+10 2.4658e+12 1.05042e+14 5.23604e+15 4.38048e+17 1.53253e+18 3.12844e+18 4.96699e+18 6.73322e+18 8.11761e+18 8.87643e+18 8.87643e+18 8.11761e+18 6.73322e+18 4.96699e+18 3.12844e+18 1.53253e+18 4.38048e+17 5.23604e+15 1.05042e+14 2.4658e+12 5.77908e+10 1.35164e+09 3.02055e+07
3.30591e+07 1.47939e+09 6.32547e+10 2.69898e+12 1.14976e+14 5.73073e+15 4.79134e+17 1.67609e+18 3.42115e+18 5.43119e+18 7.36185e+18 8.87493e+18 9.70423e+18 9.70423e+18 8.87493e+18 7.36186e+18 5.43119e+18 3.42115e+18 1.67609e+18 4.79134e+17 5.73073e+15 1.14976e+14 2.69898e+12 6.32547e+10 1.47939e+09 3.30591e+07
3.30591e+07 1.47939e+09 6.32547e+10 2.69898e+12 1.14976e+14 5.73073e+15 4.79134e+17 1.67609e+18 3.42115e+18 5.43119e+18 7.36186e+18 8.87493e+18 9.70423e+18 9.70423e+18 8.87493e+18 7.36185e+18 5.43119e+18 3.42115e+18 1.67609e+18 4.79134e+17 5.73073e+15 1.14976e+14 2.69898e+12 6.32547e+10 1.47939e+09 3.30591e+07
3.02055e+07 1.35164e+09 5.77908e+10 2.4658e+12 1.05042e+14 5.23604e+15 4.38048e+17 1.53253e+18 3.12844e+18 4.96699e+18 6.73322e+18 8.11761e+18 8.87643e+18 8.87643e+18 8.11761e+18 6.73322e+18 4.96699e+18 3.12844e+18 1.53253e+18 4.38048e+17 5.23604e+15 1.05042e+14 2.4658e+12 5.77908e+10 1.35164e+09 3.02055e+07
2.49999e+07 1.11852e+09 4.78167e+10 2.04e+12 8.68954e+13 4.33226e+15 3.63083e+17 1.27058e+18 2.59426e+18 4.11969e+18 5.58556e+18 6.7348e+18 7.36482e+18 7.36482e+18 6.7348e+18 5.58556e+18 4.11969e+18 2.59426e+18 1.27058e+18 3.63083e+17 4.33226e+15 8.68954e+13 2.04e+12 4.78167e+10 1.11852e+09 2.49999e+07
1.83717e+07 8.21478e+08 3.51e+10 1.49685e+12 6.37386e+13 3.17863e+15 2.67462e+17 9.36401e+17 1.9126e+18 3.03811e+18 4.12011e+18 4.96867e+18 5.43395e+18 5.43395e+18 4.96867e+18 4.12011e+18 3.03811e+18 1.9126e+18 9.36401e+17 2.67462e+17 3.17863e+15 6.37386e+13 1.49685e+12 3.51e+10 8.21478e+08 1.83717e+07
1.15244e+07 5.14146e+08 2.19259e+10 9.3364e+11 3.97125e+13 1.9811e+15 1.68035e+17 5.88777e+17 1.20319e+18 1.91199e+18 2.59372e+18 3.12854e+18 3.42185e+18 3.42185e+18 3.12854e+18 2.59372e+18 1.91199e+18 1.20319e+18 5.88777e+17 1.68035e+17 1.9811e+15 3.97125e+13 9.3364e+11 2.19259e+10 5.14146e+08 1.15244e+07
5.70944e+06 2.52313e+08 1.06658e+10 4.50901e+11 1.90776e+13 9.50872e+14 8.19476e+16 2.87543e+17 5.88054e+17 9.34965e+17 1.26878e+18 1.53074e+18 1.67443e+18 1.67443e+18 1.53074e+18 1.26878e+18 9.34965e+17 5.88054e+17 2.87543e+17 8.19476e+16 9.50872e+14 1.90776e+13 4.50901e+11 1.06658e+10 2.52313e+08 5.70944e+06
1.90876e+06 8.0784e+07 3.25873e+09 1.31478e+11 5.3295e+12 2.59009e+14 2.3191e+16 8.16256e+16 1.67173e+17 2.66017e+17 3.61175e+17 4.35866e+17 4.76839e+17 4.76839e+17 4.35866e+17 3.61175e+17 2.66017e+17 1.67173e+17 8.16256e+16 2.3191e+16 2.59009e+14 5.3295e+12 1.31478e+11 3.25873e+09 8.0784e+07 1.90876e+06
325763 1.13548e+07 3.46055e+08 9.1619e+09 1.82306e+11 2.66174e+12 2.43302e+14 8.92065e+14 1.85892e+15 2.98462e+15 4.07127e+15 4.92425e+15 5.39179e+15 5.39179e+15 4.92425e+15 4.07127e+15 2.98462e+15 1.85892e+15 8.92065e+14 2.43302e+14 2.66174e+12 1.82306e+11 9.1619e+09 3.46055e+08 1.13548e+07 325763
34958.9 993114 2.34e+07 4.63874e+08 7.79242e+09 1.69548e+11 4.9279e+12 1.76426e+13 3.67503e+13 5.90394e+13 8.05678e+13 9.74718e+13 1.06739e+14 1.06739e+14 9.74718e+13 8.05678e+13 5.90394e+13 3.67502e+13 1.76426e+13 4.9279e+12 1.69548e+11 7.79242e+09 4.63874e+08 2.34e+07 993114 34958.9
2826.03 68318 1.36949e+06 2.47526e+07 4.43123e+08 8.49872e+09 1.21572e+11 4.16988e+11 8.64001e+11 1.38647e+12 1.89135e+12 2.28791e+12 2.50536e+12 2.50536e+12 2.28791e+12 1.89135e+12 1.38647e+12 8.64001e+11 4.16988e+11 1.21572e+11 8.49872e+09 4.43123e+08 2.47526e+07 1.36949e+06 68318 2826.03
193.419 4188.1 76797.8 1.32454e+06 2.19837e+07 3.20635e+08 3.01318e+09 9.86375e+09 2.02904e+10 3.25107e+10 4.43299e+10 5.3617e+10 5.87111e+10 5.87111e+10 5.3617e+10 4.43299e+10 3.25107e+10 2.02904e+10 9.86375e+09 3.01318e+09 3.20635e+08 2.19837e+07 1.32454e+06 76797.8 4188.1 193.419
11.9094 238.686 4079.59 64874 926647 1.05137e+07 7.4695e+07 2.33339e+08 4.75792e+08 7.60855e+08 1.0369e+09 1.25392e+09 1.37299e+09 1.37299e+09 1.25392e+09 1.0369e+09 7.60855e+08 4.75792e+08 2.33339e+08 7.4695e+07 1.05137e+07 926647 64874 4079.59 238.686 11.9094
0.619465 11.6679 185.303 2658.17 32513.2 301504 1.76484e+06 5.28007e+06 1.06646e+07 1.70154e+07 2.31741e+07 2.80192e+07 3.06783e+07 3.06783e+07 2.80192e+07 2.31741e+07 1.70154e+07 1.06646e+07 5.28007e+06 1.76484e+06 301504 32513.2 2658.17 185.303 11.6679 0.619466
