6.23548e-07 1.16885e-05 0.000185099 0.00265253 0.0324081 0.299612 1.7433 5.16654 10.3313 16.3423 22.1178 26.6377 29.1128 29.1128 26.6377 22.1178 16.3423 10.3313 5.16654 1.7433 0.299612 0.0324081 0.00265253 0.000185099 1.16885e-05 6.23547e-07
1.18557e-05 0.00023601 0.00401713 0.0638686 0.913719 10.3635 73.299 226.789 457.659 725.391 982.249 1183.18 1293.2 1293.2 1183.18 982.249 725.391 457.659 226.789 73.299 10.3635 0.913719 0.0638686 0.00401713 0.00023601 1.18557e-05
0.000190702 0.00409074 0.0744491 1.28197 21.3749 313.134 2937.26 9520.81 19373.2 30756.9 41664.8 50195.1 54865.8 54865.8 50195.2 41664.8 30756.9 19373.2 9520.81 2937.26 313.134 21.3749 1.28197 0.0744491 0.00409074 0.000190702
0.00276907 0.066206 1.31168 23.5238 422.772 8212.04 117833 400020 819401 1.30239e+06 1.7648e+06 2.12639e+06 2.32437e+06 2.32437e+06 2.12639e+06 1.7648e+06 1.30239e+06 819401 400020 117833 8212.04 422.772 23.5238 1.31168 0.066206 0.00276907
0.0341347 0.959516 22.3189 436.009 7246.75 161222 4.75651e+06 1.68427e+07 3.46609e+07 5.51317e+07 7.47225e+07 9.00416e+07 9.84297e+07 9.84297e+07 9.00416e+07 7.47225e+07 5.51317e+07 3.46609e+07 1.68427e+07 4.75651e+06 161222 7246.75 436.009 22.3189 0.959516 0.0341347
0.317212 10.9622 330.72 8648.91 168720 2.40533e+06 2.33602e+08 8.46825e+08 1.74266e+09 2.76961e+09 3.75181e+09 4.51964e+09 4.94004e+09 4.94004e+09 4.51964e+09 3.75181e+09 2.76961e+09 1.74266e+09 8.46825e+08 2.33602e+08 2.40533e+06 168720 8648.91 330.72 10.9622 0.317212
1.85081 77.8213 3118.59 125115 5.051e+06 2.46028e+08 2.226e+10 7.76008e+10 1.57226e+11 2.47863e+11 3.34199e+11 4.01536e+11 4.38358e+11 4.38358e+11 4.01536e+11 3.34199e+11 2.47863e+11 1.57226e+11 7.76008e+10 2.226e+10 2.46028e+08 5.051e+06 125115 3118.59 77.8212 1.85081
5.48817 240.932 10115.7 425064 1.78995e+07 8.93053e+08 7.78552e+10 2.70726e+11 5.47972e+11 8.63407e+11 1.1638e+12 1.39805e+12 1.52614e+12 1.52614e+12 1.39805e+12 1.1638e+12 8.63407e+11 5.47972e+11 2.70726e+11 7.78552e+10 8.93054e+08 1.78995e+07 425064 10115.7 240.932 5.48817
10.972 486.089 20578.8 870485 3.68258e+07 1.83765e+09 1.57888e+11 5.4849e+11 1.10977e+12 1.74826e+12 2.35624e+12 2.83033e+12 3.08956e+12 3.08956e+12 2.83033e+12 2.35624e+12 1.74826e+12 1.10977e+12 5.4849e+11 1.57888e+11 1.83765e+09 3.68258e+07 870485 20578.8 486.089 10.972
17.347 770.05 32653.2 1.38281e+06 5.85413e+07 2.91922e+09 2.48963e+11 8.64441e+11 1.74871e+12 2.75452e+12 3.71223e+12 4.45901e+12 4.86733e+12 4.86733e+12 4.45901e+12 3.71223e+12 2.75452e+12 1.74871e+12 8.64441e+11 2.48963e+11 2.91922e+09 5.85413e+07 1.38281e+06 32653.2 770.05 17.347
23.4642 1042.11 44206.8 1.87261e+06 7.92927e+07 3.95221e+09 3.35666e+11 1.16516e+12 2.35679e+12 3.71215e+12 5.00265e+12 6.00891e+12 6.55911e+12 6.55911e+12 6.00891e+12 5.00265e+12 3.71215e+12 2.35679e+12 1.16516e+12 3.35666e+11 3.95221e+09 7.92927e+07 1.87261e+06 44206.8 1042.11 23.4642
28.2458 1254.67 53230.7 2.2551e+06 9.54974e+07 4.75872e+09 4.03246e+11 1.39952e+12 2.83069e+12 4.45844e+12 6.00827e+12 7.21674e+12 7.8775e+12 7.8775e+12 7.21674e+12 6.00827e+12 4.45844e+12 2.83069e+12 1.39952e+12 4.03246e+11 4.75872e+09 9.54974e+07 2.2551e+06 53230.7 1254.67 28.2458
30.862 1370.96 58167.2 2.46434e+06 1.04362e+08 5.19988e+09 4.40184e+11 1.52762e+12 3.08969e+12 4.86631e+12 6.55789e+12 7.87687e+12 8.59806e+12 8.59806e+12 7.87687e+12 6.55789e+12 4.86631e+12 3.08969e+12 1.52762e+12 4.40184e+11 5.19988e+09 1.04362e+08 2.46434e+06 58167.2 1370.96 30.862
30.862 1370.96 58167.2 2.46434e+06 1.04362e+08 5.19988e+09 4.40184e+11 1.52762e+12 3.08969e+12 4.86631e+12 6.55789e+12 7.87687e+12 8.59806e+12 8.59806e+12 7.87687e+12 6.55789e+12 4.86631e+12 3.08969e+12 1.52762e+12 4.40184e+11 5.19988e+09 1.04362e+08 2.46434e+06 58167.2 1370.96 30.862
28.2458 1254.67 53230.7 2.2551e+06 9.54974e+07 4.75872e+09 4.03246e+11 1.39952e+12 2.83069e+12 4.45844e+12 6.00827e+12 7.21674e+12 7.8775e+12 7.8775e+12 7.21674e+12 6.00827e+12 4.45844e+12 2.83069e+12 1.39952e+12 4.03246e+11 4.75872e+09 9.54974e+07 2.2551e+06 53230.7 1254.67 28.2458
23.4642 1042.11 44206.8 1.87261e+06 7.92927e+07 3.95221e+09 3.35666e+11 1.16516e+12 2.35679e+12 3.71215e+12 5.00265e+12 6.00891e+12 6.55911e+12 6.55911e+12 6.00891e+12 5.00265e+12 3.71215e+12 2.35679e+12 1.16516e+12 3.35666e+11 3.95221e+09 7.92927e+07 1.87261e+06 44206.8 1042.11 23.4642
17.347 770.05 32653.2 1.38281e+06 5.85413e+07 2.91922e+09 2.48963e+11 8.64441e+11 1.74871e+12 2.75452e+12 3.71223e+12 4.45901e+12 4.86733e+12 4.86733e+12 4.45901e+12 3.71223e+12 2.75452e+12 1.74871e+12 8.64441e+11 2.48963e+11 2.91922e+09 5.85413e+07 1.38281e+06 32653.2 770.05 17.347
10.972 486.089 20578.8 870485 3.68258e+07 1.83765e+09 1.57888e+11 5.4849e+11 1.10977e+12 1.74826e+12 2.35624e+12 2.83033e+12 3.08956e+12 3.08956e+12 2.83033e+12 2.35624e+12 1.74826e+12 1.10977e+12 5.4849e+11 1.57888e+11 1.83765e+09 3.68258e+07 870485 20578.8 486.089 10.972
5.48817 240.932 10115.7 425064 1.78995e+07 8.93054e+08 7.78552e+10 2.70726e+11 5.47972e+11 8.63407e+11 1.1638e+12 1.39805e+12 1.52614e+12 1.52614e+12 1.39805e+12 1.1638e+12 8.63407e+11 5.47972e+11 2.70726e+11 7.78552e+10 8.93053e+08 1.78995e+07 425064 10115.7 240.932 5.48817
1.85081 77.8212 3118.59 125115 5.051e+06 2.46028e+08 2.226e+10 7.76008e+10 1.57226e+11 2.47863e+11 3.34199e+11 4.01536e+11 4.38358e+11 4.38358e+11 4.01536e+11 3.34199e+11 2.47863e+11 1.57226e+11 7.76008e+10 2.226e+10 2.46028e+08 5.051e+06 125115 3118.59 77.8212 1.85081
0.317212 10.9622 330.72 8648.91 168720 2.40533e+06 2.33602e+08 8.46825e+08 1.74266e+09 2.76961e+09 3.75181e+09 4.51964e+09 4.94004e+09 4.94004e+09 4.51964e+09 3.75181e+09 2.76961e+09 1.74266e+09 8.46825e+08 2.33602e+08 2.40533e+06 168720 8648.91 330.72 10.9622 0.317212
0.0341347 0.959516 22.3189 436.009 7246.75 161222 4.75651e+06 1.68427e+07 3.46609e+07 5.51317e+07 7.47225e+07 9.00416e+07 9.84297e+07 9.84297e+07 9.00416e+07 7.47225e+07 5.51317e+07 3.46609e+07 1.68427e+07 4.75651e+06 161222 7246.75 436.009 22.3189 0.959516 0.0341347
0.00276907 0.066206 1.31168 23.5238 422.772 8212.04 117833 400020 819401 1.30239e+06 1.7648e+06 2.12639e+06 2.32437e+06 2.32437e+06 2.12639e+06 1.7648e+06 1.30239e+06 819401 400020 117833 8212.04 422.772 23.5238 1.31168 0.066206 0.00276907
0.000190702 0.00409074 0.0744491 1.28197 21.3749 313.134 2937.26 9520.81 19373.2 30756.9 41664.8 50195.2 54865.8 54865.8 50195.1 41664.8 30756.9 19373.2 9520.81 2937.26 313.134 21.3749 1.28197 0.0744491 0.00409074 0.000190702
1.18557e-05 0.00023601 0.00401713 0.0638686 0.913719 10.3635 73.299 226.789 457.659 725.391 982.249 1183.18 1293.2 1293.2 1183.18 982.249 725.391 457.659 226.789 73.299 10.3635 0.913719 0.0638686 0.00401713 0.00023601 1.18557e-05
6.23548e-07 1.16885e-05 0.000185099 0.00265253 0.0324081 0.299612 1.7433 5.16654 10.3313 16.3423 22.1178 26.6377 29.1128 29.1128 26.6377 22.1178 16.3423 10.3313 5.16654 1.7433 0.299612 0.0324081 0.00265253 0.000185099 1.16885e-05 6.23548e-07
