0.00319977 0.0600436 0.952134 13.664 167.153 1546.64 9001.55 26662.2 53254.3 84114 113665 136720 149316 149316 136720 113665 84114 53254.3 26662.2 9001.55 1546.64 167.153 13.664 0.952134 0.0600436 0.00319977
0.0608467 1.21234 20.6617 329.024 4714.52 53534 378811 1.17142e+06 2.36121e+06 3.73688e+06 5.05209e+06 6.0776e+06 6.63783e+06 6.63783e+06 6.0776e+06 5.05209e+06 3.73688e+06 2.36121e+06 1.17142e+06 378811 53534 4714.52 329.024 20.6617 1.21234 0.0608467
0.979082 21.0154 382.827 6601.9 110292 1.6184e+06 1.5192e+07 4.92179e+07 1.00035e+08 1.5857e+08 2.14457e+08 2.58015e+08 2.81807e+08 2.81807e+08 2.58015e+08 2.14457e+08 1.5857e+08 1.00035e+08 4.92179e+07 1.5192e+07 1.6184e+06 110292 6601.9 382.827 21.0154 0.979082
14.226 340.276 6744.56 121059 2.17995e+06 4.24525e+07 6.09867e+08 2.06938e+09 4.23399e+09 6.719e+09 9.08926e+09 1.09362e+10 1.19449e+10 1.19449e+10 1.09362e+10 9.08926e+09 6.719e+09 4.23399e+09 2.06938e+09 6.09867e+08 4.24525e+07 2.17995e+06 121059 6744.56 340.276 14.226
175.515 4935.91 114839 2.24336e+06 3.73001e+07 8.32976e+08 2.46323e+10 8.71819e+10 1.79201e+11 2.84573e+11 3.85022e+11 4.6328e+11 5.0602e+11 5.0602e+11 4.6328e+11 3.85022e+11 2.84573e+11 1.79201e+11 8.71819e+10 2.46323e+10 8.32976e+08 3.73001e+07 2.24336e+06 114839 4935.91 175.515
1632.33 56447.3 1.70377e+06 4.45601e+07 8.68452e+08 1.23661e+10 1.20983e+12 4.3842e+12 9.01238e+12 1.43012e+13 1.93404e+13 2.32657e+13 2.54094e+13 2.54094e+13 2.32657e+13 1.93404e+13 1.43012e+13 9.01238e+12 4.3842e+12 1.20983e+12 1.23661e+10 8.68452e+08 4.45601e+07 1.70377e+06 56447.3 1632.33
9527.31 400962 1.60817e+07 6.45658e+08 2.60823e+10 1.27173e+12 1.1528e+14 4.01876e+14 8.13918e+14 1.28225e+15 1.72752e+15 2.07417e+15 2.26348e+15 2.26348e+15 2.07417e+15 1.72752e+15 1.28225e+15 8.13918e+14 4.01876e+14 1.1528e+14 1.27173e+12 2.60823e+10 6.45658e+08 1.60817e+07 400962 9527.31
28231.3 1.24054e+06 5.2131e+07 2.19224e+09 9.23753e+10 4.61371e+12 4.03098e+14 1.40175e+15 2.83628e+15 4.46619e+15 6.01565e+15 7.22187e+15 7.8806e+15 7.8806e+15 7.22187e+15 6.01565e+15 4.46619e+15 2.83628e+15 1.40175e+15 4.03098e+14 4.61371e+12 9.23753e+10 2.19224e+09 5.2131e+07 1.24054e+06 28231.3
56362.1 2.49935e+06 1.05903e+08 4.48305e+09 1.89773e+11 9.48054e+12 8.1694e+14 2.83824e+15 5.74086e+15 9.03836e+15 1.21729e+16 1.46131e+16 1.59457e+16 1.59457e+16 1.46131e+16 1.21729e+16 9.03836e+15 5.74086e+15 2.83824e+15 8.1694e+14 9.48054e+12 1.89773e+11 4.48305e+09 1.05903e+08 2.49935e+06 56362.1
88949.8 3.95215e+06 1.67725e+08 7.10779e+09 3.01078e+11 1.50314e+13 1.28693e+15 4.46913e+15 9.03813e+15 1.42283e+16 1.91619e+16 2.30025e+16 2.51e+16 2.51e+16 2.30025e+16 1.91619e+16 1.42283e+16 9.03813e+15 4.46913e+15 1.28693e+15 1.50314e+13 3.01078e+11 7.10779e+09 1.67725e+08 3.95215e+06 88949.8
120094 5.33827e+06 2.26625e+08 9.60587e+09 4.06944e+11 2.03088e+13 1.73325e+15 6.01779e+15 1.2169e+16 1.91563e+16 2.57981e+16 3.09683e+16 3.37919e+16 3.37918e+16 3.09683e+16 2.57981e+16 1.91563e+16 1.2169e+16 6.01779e+15 1.73325e+15 2.03088e+13 4.06944e+11 9.60587e+09 2.26625e+08 5.33827e+06 120094
144347 6.41706e+06 2.72443e+08 1.15485e+10 4.89252e+11 2.44114e+13 2.08031e+15 7.22203e+15 1.46037e+16 2.29884e+16 3.09584e+16 3.71625e+16 4.05507e+16 4.05507e+16 3.71625e+16 3.09584e+16 2.29884e+16 1.46037e+16 7.22203e+15 2.08031e+15 2.44114e+13 4.89252e+11 1.15485e+10 2.72443e+08 6.41706e+06 144347
157582 7.00562e+06 2.97436e+08 1.2608e+10 5.34139e+11 2.66486e+13 2.26968e+15 7.87916e+15 1.59322e+16 2.50795e+16 3.37743e+16 4.05426e+16 4.42389e+16 4.42389e+16 4.05426e+16 3.37743e+16 2.50795e+16 1.59322e+16 7.87916e+15 2.26968e+15 2.66486e+13 5.34138e+11 1.2608e+10 2.97436e+08 7.00562e+06 157582
157582 7.00562e+06 2.97436e+08 1.2608e+10 5.34138e+11 2.66486e+13 2.26968e+15 7.87916e+15 1.59322e+16 2.50795e+16 3.37743e+16 4.05426e+16 4.42389e+16 4.42389e+16 4.05426e+16 3.37743e+16 2.50795e+16 1.59322e+16 7.87916e+15 2.26968e+15 2.66486e+13 5.34138e+11 1.2608e+10 2.97436e+08 7.00562e+06 157582
144347 6.41706e+06 2.72443e+08 1.15485e+10 4.89252e+11 2.44114e+13 2.08031e+15 7.22203e+15 1.46037e+16 2.29884e+16 3.09584e+16 3.71625e+16 4.05507e+16 4.05507e+16 3.71625e+16 3.09584e+16 2.29884e+16 1.46037e+16 7.22203e+15 2.08031e+15 2.44114e+13 4.89252e+11 1.15485e+10 2.72443e+08 6.41706e+06 144347
120094 5.33827e+06 2.26625e+08 9.60587e+09 4.06944e+11 2.03088e+13 1.73325e+15 6.01779e+15 1.2169e+16 1.91563e+16 2.57981e+16 3.09683e+16 3.37918e+16 3.37919e+16 3.09683e+16 2.57981e+16 1.91563e+16 1.2169e+16 6.01779e+15 1.73325e+15 2.03088e+13 4.06944e+11 9.60587e+09 2.26625e+08 5.33827e+06 120094
88949.8 3.95215e+06 1.67725e+08 7.10779e+09 3.01078e+11 1.50314e+13 1.28693e+15 4.46913e+15 9.03813e+15 1.42283e+16 1.91619e+16 2.30025e+16 2.51e+16 2.51e+16 2.30025e+16 1.91619e+16 1.42283e+16 9.03813e+15 4.46913e+15 1.28693e+15 1.50314e+13 3.01078e+11 7.10779e+09 1.67725e+08 3.95215e+06 88949.8
56362.1 2.49935e+06 1.05903e+08 4.48305e+09 1.89773e+11 9.48054e+12 8.1694e+14 2.83824e+15 5.74086e+15 9.03836e+15 1.21729e+16 1.46131e+16 1.59457e+16 1.59457e+16 1.46131e+16 1.21729e+16 9.03836e+15 5.74086e+15 2.83824e+15 8.1694e+14 9.48054e+12 1.89773e+11 4.48305e+09 1.05903e+08 2.49935e+06 56362.1
28231.3 1.24054e+06 5.2131e+07 2.19224e+09 9.23753e+10 4.61371e+12 4.03098e+14 1.40175e+15 2.83628e+15 4.46619e+15 6.01565e+15 7.22187e+15 7.8806e+15 7.8806e+15 7.22187e+15 6.01565e+15 4.46619e+15 2.83628e+15 1.40175e+15 4.03098e+14 4.61371e+12 9.23753e+10 2.19224e+09 5.2131e+07 1.24054e+06 28231.3
9527.31 400962 1.60817e+07 6.45658e+08 2.60823e+10 1.27173e+12 1.1528e+14 4.01876e+14 8.13918e+14 1.28225e+15 1.72752e+15 2.07417e+15 2.26348e+15 2.26348e+15 2.07417e+15 1.72752e+15 1.28225e+15 8.13918e+14 4.01876e+14 1.1528e+14 1.27173e+12 2.60823e+10 6.45658e+08 1.60817e+07 400962 9527.31
1632.33 56447.3 1.70377e+06 4.45601e+07 8.68452e+08 1.23661e+10 1.20983e+12 4.3842e+12 9.01238e+12 1.43012e+13 1.93404e+13 2.32657e+13 2.54094e+13 2.54094e+13 2.32657e+13 1.93404e+13 1.43012e+13 9.01238e+12 4.3842e+12 1.20983e+12 1.23661e+10 8.68452e+08 4.45601e+07 1.70377e+06 56447.3 1632.33
175.515 4935.91 114839 2.24336e+06 3.73001e+07 8.32976e+08 2.46323e+10 8.71819e+10 1.79201e+11 2.84573e+11 3.85022e+11 4.6328e+11 5.0602e+11 5.0602e+11 4.6328e+11 3.85022e+11 2.84573e+11 1.79201e+11 8.71819e+10 2.46323e+10 8.32976e+08 3.73001e+07 2.24336e+06 114839 4935.91 175.515
14.226 340.276 6744.56 121059 2.17995e+06 4.24525e+07 6.09867e+08 2.06938e+09 4.23399e+09 6.719e+09 9.08926e+09 1.09362e+10 1.19449e+10 1.19449e+10 1.09362e+10 9.08926e+09 6.719e+09 4.23399e+09 2.06938e+09 6.09867e+08 4.24525e+07 2.17995e+06 121059 6744.56 340.276 14.226
0.979082 21.0154 382.827 6601.9 110292 1.6184e+06 1.5192e+07 4.92179e+07 1.00035e+08 1.5857e+08 2.14457e+08 2.58015e+08 2.81807e+08 2.81807e+08 2.58015e+08 2.14457e+08 1.5857e+08 1.00035e+08 4.92179e+07 1.5192e+07 1.6184e+06 110292 6601.9 382.827 21.0154 0.979082
0.0608467 1.21234 20.6617 329.024 4714.52 53534 378811 1.17142e+06 2.36121e+06 3.73688e+06 5.05209e+06 6.0776e+06 6.63783e+06 6.63783e+06 6.0776e+06 5.05209e+06 3.73687e+06 2.36121e+06 1.17142e+06 378811 53534 4714.52 329.024 20.6617 1.21234 0.0608467
0.00319977 0.0600436 0.952134 13.664 167.153 1546.64 9001.55 26662.2 53254.3 84114 113665 136720 149316 149316 136720 113665 84114 53254.3 26662.2 9001.55 1546.64 167.153 13.664 0.952134 0.0600436 0.00319977
