0.0185784 0.351542 5.62703 81.5226 1006.4 9391.68 55118.1 164836 332726 530836 723336 875172 958690 958690 875172 723336 530836 332726 164836 55118.1 9391.68 1006.4 81.5226 5.62703 0.351542 0.0185784
0.35552 7.14243 122.867 1975.86 28587.3 327511 2.33689e+06 7.29975e+06 1.48793e+07 2.37995e+07 3.24591e+07 3.92885e+07 4.3045e+07 4.3045e+07 3.92885e+07 3.24591e+07 2.37995e+07 1.48793e+07 7.29975e+06 2.33689e+06 327511 28587.3 1975.86 122.867 7.14243 0.35552
5.76184 124.641 2289.76 39856.1 672612 9.96344e+06 9.42933e+07 3.08729e+08 6.34963e+08 1.01784e+09 1.38927e+09 1.68218e+09 1.84331e+09 1.84331e+09 1.68218e+09 1.38927e+09 1.01784e+09 6.34963e+08 3.08729e+08 9.42933e+07 9.96344e+06 672612 39856.1 2289.76 124.641 5.76184
84.373 2032.97 40579.2 733676 1.33374e+07 2.62519e+08 3.80178e+09 1.3044e+10 2.70246e+10 4.33933e+10 5.92664e+10 7.17844e+10 7.86707e+10 7.86707e+10 7.17844e+10 5.92664e+10 4.33933e+10 2.70246e+10 1.3044e+10 3.80178e+09 2.62519e+08 1.33374e+07 733676 40579.2 2032.97 84.373
1049.59 29730.8 695989 1.36595e+07 2.28239e+08 5.15966e+09 1.53944e+11 5.513e+11 1.14828e+12 1.84609e+12 2.52272e+12 3.0564e+12 3.34999e+12 3.34999e+12 3.0564e+12 2.52272e+12 1.84608e+12 1.14828e+12 5.513e+11 1.53944e+11 5.15966e+09 2.28239e+08 1.36595e+07 695989 29730.8 1049.59
9844.19 342931 1.04139e+07 2.73484e+08 5.33481e+09 7.59127e+10 7.56025e+12 2.77335e+13 5.77875e+13 9.28504e+13 1.26831e+14 1.53625e+14 1.68364e+14 1.68364e+14 1.53625e+14 1.26831e+14 9.28504e+13 5.77875e+13 2.77335e+13 7.56025e+12 7.59127e+10 5.33481e+09 2.73484e+08 1.04139e+07 342931 9844.19
57958.7 2.45744e+06 9.91635e+07 3.99847e+09 1.6193e+11 7.90931e+12 7.2095e+14 2.53571e+15 5.18798e+15 8.25147e+15 1.12037e+16 1.35248e+16 1.47998e+16 1.47999e+16 1.35248e+16 1.12037e+16 8.25147e+15 5.18798e+15 2.53571e+15 7.2095e+14 7.90931e+12 1.6193e+11 3.99847e+09 9.91635e+07 2.45744e+06 57958.7
173442 7.68207e+06 3.24955e+08 1.3732e+10 5.80488e+11 2.90522e+13 2.54353e+15 8.91891e+15 1.82233e+16 2.89617e+16 3.93055e+16 4.74361e+16 5.19024e+16 5.19024e+16 4.74361e+16 3.93055e+16 2.89617e+16 1.82233e+16 8.91891e+15 2.54353e+15 2.90522e+13 5.80488e+11 1.3732e+10 3.24955e+08 7.68207e+06 173442
349981 1.56535e+07 6.68116e+08 2.84407e+10 1.20867e+12 6.05232e+13 5.20853e+15 1.82396e+16 3.72447e+16 5.91702e+16 8.02851e+16 9.68802e+16 1.05996e+17 1.05996e+17 9.68802e+16 8.02851e+16 5.91702e+16 3.72447e+16 1.82396e+16 5.20853e+15 6.05232e+13 1.20867e+12 2.84407e+10 6.68116e+08 1.56535e+07 349981
557950 2.50187e+07 1.07015e+09 4.56304e+10 1.94157e+12 9.71751e+13 8.28513e+15 2.8992e+16 5.91797e+16 9.39965e+16 1.2752e+17 1.53865e+17 1.68335e+17 1.68335e+17 1.53865e+17 1.2752e+17 9.39965e+16 5.91797e+16 2.8992e+16 8.28513e+15 9.71751e+13 1.94157e+12 4.56304e+10 1.07015e+09 2.50187e+07 557950
759629 3.40918e+07 1.45934e+09 6.22633e+10 2.65063e+12 1.32618e+14 1.1247e+16 3.93395e+16 8.02842e+16 1.27499e+17 1.72953e+17 2.08671e+17 2.28288e+17 2.28288e+17 2.08671e+17 1.72953e+17 1.27499e+17 8.02842e+16 3.93395e+16 1.1247e+16 1.32618e+14 2.65063e+12 6.22633e+10 1.45934e+09 3.40918e+07 759629
918412 4.12334e+07 1.76564e+09 7.53533e+10 3.20868e+12 1.60507e+14 1.3573e+16 4.74645e+16 9.6854e+16 1.538e+17 2.08619e+17 2.51692e+17 2.75347e+17 2.75347e+17 2.51692e+17 2.08619e+17 1.538e+17 9.6854e+16 4.74645e+16 1.3573e+16 1.60507e+14 3.20868e+12 7.53533e+10 1.76564e+09 4.12334e+07 918412
1.00563e+06 4.51564e+07 1.93389e+09 8.25437e+10 3.51522e+12 1.75824e+14 1.48497e+16 5.1924e+16 1.05948e+17 1.68235e+17 2.28191e+17 2.753e+17 3.01172e+17 3.01172e+17 2.753e+17 2.28191e+17 1.68235e+17 1.05948e+17 5.1924e+16 1.48497e+16 1.75824e+14 3.51522e+12 8.25437e+10 1.93389e+09 4.51564e+07 1.00563e+06
1.00563e+06 4.51564e+07 1.93389e+09 8.25437e+10 3.51522e+12 1.75824e+14 1.48497e+16 5.1924e+16 1.05948e+17 1.68235e+17 2.28191e+17 2.753e+17 3.01172e+17 3.01172e+17 2.753e+17 2.28191e+17 1.68235e+17 1.05948e+17 5.1924e+16 1.48497e+16 1.75824e+14 3.51522e+12 8.25437e+10 1.93389e+09 4.51564e+07 1.00563e+06
918412 4.12334e+07 1.76564e+09 7.53533e+10 3.20868e+12 1.60507e+14 1.3573e+16 4.74645e+16 9.6854e+16 1.538e+17 2.08619e+17 2.51692e+17 2.75347e+17 2.75347e+17 2.51692e+17 2.08619e+17 1.538e+17 9.6854e+16 4.74645e+16 1.3573e+16 1.60507e+14 3.20868e+12 7.53533e+10 1.76564e+09 4.12334e+07 918412
759629 3.40918e+07 1.45934e+09 6.22633e+10 2.65063e+12 1.32618e+14 1.1247e+16 3.93395e+16 8.02842e+16 1.27499e+17 1.72953e+17 2.08671e+17 2.28288e+17 2.28288e+17 2.08671e+17 1.72953e+17 1.27499e+17 8.02842e+16 3.93395e+16 1.1247e+16 1.32618e+14 2.65063e+12 6.22633e+10 1.45934e+09 3.40918e+07 759629
557950 2.50187e+07 1.07015e+09 4.56304e+10 1.94157e+12 9.71751e+13 8.28513e+15 2.8992e+16 5.91797e+16 9.39965e+16 1.2752e+17 1.53865e+17 1.68335e+17 1.68335e+17 1.53865e+17 1.2752e+17 9.39965e+16 5.91797e+16 2.8992e+16 8.28513e+15 9.71751e+13 1.94157e+12 4.56304e+10 1.07015e+09 2.50187e+07 557950
349981 1.56535e+07 6.68116e+08 2.84407e+10 1.20867e+12 6.05232e+13 5.20853e+15 1.82396e+16 3.72447e+16 5.91702e+16 8.02851e+16 9.68802e+16 1.05996e+17 1.05995e+17 9.68802e+16 8.02851e+16 5.91702e+16 3.72447e+16 1.82396e+16 5.20853e+15 6.05232e+13 1.20867e+12 2.84407e+10 6.68116e+08 1.56535e+07 349981
173442 7.68207e+06 3.24955e+08 1.3732e+10 5.80488e+11 2.90522e+13 2.54353e+15 8.91891e+15 1.82233e+16 2.89617e+16 3.93055e+16 4.74361e+16 5.19024e+16 5.19024e+16 4.74361e+16 3.93055e+16 2.89617e+16 1.82233e+16 8.91891e+15 2.54353e+15 2.90522e+13 5.80488e+11 1.3732e+10 3.24955e+08 7.68207e+06 173442
57958.7 2.45744e+06 9.91635e+07 3.99847e+09 1.6193e+11 7.90931e+12 7.2095e+14 2.53571e+15 5.18798e+15 8.25147e+15 1.12037e+16 1.35248e+16 1.47999e+16 1.47998e+16 1.35248e+16 1.12037e+16 8.25147e+15 5.18798e+15 2.53571e+15 7.2095e+14 7.90931e+12 1.6193e+11 3.99847e+09 9.91635e+07 2.45744e+06 57958.7
9844.19 342931 1.04139e+07 2.73484e+08 5.33481e+09 7.59127e+10 7.56025e+12 2.77335e+13 5.77875e+13 9.28504e+13 1.26831e+14 1.53625e+14 1.68364e+14 1.68364e+14 1.53625e+14 1.26831e+14 9.28504e+13 5.77875e+13 2.77335e+13 7.56025e+12 7.59127e+10 5.33481e+09 2.73484e+08 1.04139e+07 342931 9844.19
1049.59 29730.8 695989 1.36595e+07 2.28239e+08 5.15966e+09 1.53944e+11 5.513e+11 1.14828e+12 1.84608e+12 2.52272e+12 3.0564e+12 3.34999e+12 3.34999e+12 3.0564e+12 2.52272e+12 1.84608e+12 1.14828e+12 5.513e+11 1.53944e+11 5.15966e+09 2.28239e+08 1.36595e+07 695989 29730.8 1049.59
84.373 2032.97 40579.2 733676 1.33374e+07 2.62519e+08 3.80178e+09 1.3044e+10 2.70246e+10 4.33933e+10 5.92664e+10 7.17844e+10 7.86707e+10 7.86707e+10 7.17844e+10 5.92664e+10 4.33933e+10 2.70246e+10 1.3044e+10 3.80178e+09 2.62519e+08 1.33374e+07 733676 40579.2 2032.97 84.373
5.76184 124.641 2289.76 39856.1 672612 9.96344e+06 9.42933e+07 3.08729e+08 6.34963e+08 1.01784e+09 1.38927e+09 1.68218e+09 1.84331e+09 1.84331e+09 1.68218e+09 1.38927e+09 1.01784e+09 6.34963e+08 3.08729e+08 9.42933e+07 9.96344e+06 672612 39856.1 2289.76 124.641 5.76184
0.35552 7.14243 122.867 1975.86 28587.3 327511 2.33689e+06 7.29975e+06 1.48793e+07 2.37995e+07 3.24591e+07 3.92885e+07 4.3045e+07 4.3045e+07 3.92885e+07 3.24591e+07 2.37995e+07 1.48793e+07 7.29975e+06 2.33689e+06 327511 28587.3 1975.86 122.867 7.14243 0.35552
0.0185784 0.351542 5.62703 81.5226 1006.4 9391.68 55118.1 164836 332726 530836 723336 875172 958690 958690 875172 723336 530836 332726 164836 55118.1 9391.68 1006.4 81.5226 5.62703 0.351542 0.0185784
