0.000391073 0.00736064 0.117217 1.69042 20.7779 193.065 1128.11 3358.49 6750.31 10733.1 14592.2 17632.9 19305.3 19305.3 17632.9 14592.2 10733.1 6750.31 3358.49 1128.11 193.065 20.7779 1.69042 0.117217 0.00736064 0.000391073
0.00743981 0.148565 2.54131 40.6742 586.033 6686.62 47508.4 147686 299637 477508 649667 785298 859900 859900 785298 649667 477508 299637 147686 47508.4 6686.62 586.033 40.6742 2.54131 0.148565 0.00743981
0.119889 2.57618 47.0341 814.66 13696 202181 1.90615e+06 6.20898e+06 1.27058e+07 2.02869e+07 2.76185e+07 3.33944e+07 3.65717e+07 3.65717e+07 3.33943e+07 2.76185e+07 2.02869e+07 1.27058e+07 6.20898e+06 1.90615e+06 202181 13696 814.66 47.0341 2.57618 0.119889
1.7468 41.7928 828.68 14901.3 269905 5.30004e+06 7.6529e+07 2.61139e+08 5.38103e+08 8.60398e+08 1.17194e+09 1.41742e+09 1.55249e+09 1.55249e+09 1.41742e+09 1.17194e+09 8.60398e+08 5.38103e+08 2.61139e+08 7.6529e+07 5.30004e+06 269905 14901.3 828.68 41.7928 1.7468
21.6325 608.433 14148.7 276061 4.59139e+06 1.03697e+08 3.09026e+09 1.10017e+10 2.27821e+10 3.6464e+10 4.96891e+10 6.01124e+10 6.58485e+10 6.58485e+10 6.01123e+10 4.96891e+10 3.6464e+10 2.27821e+10 1.10017e+10 3.09026e+09 1.03697e+08 4.59139e+06 276061 14148.7 608.433 21.6325
202.04 6989.72 210948 5.51064e+06 1.06961e+08 1.51512e+09 1.51517e+11 5.52342e+11 1.14386e+12 1.82939e+12 2.49159e+12 3.01333e+12 3.30041e+12 3.30041e+12 3.01333e+12 2.49159e+12 1.82939e+12 1.14386e+12 5.52342e+11 1.51517e+11 1.51512e+09 1.06961e+08 5.51064e+06 210948 6989.72 202.04
1184.59 49889.3 2.0018e+06 8.03764e+07 3.24608e+09 1.584e+11 1.44348e+13 5.05096e+13 1.02785e+14 1.62746e+14 2.20262e+14 2.6537e+14 2.90123e+14 2.90123e+14 2.6537e+14 2.20262e+14 1.62746e+14 1.02785e+14 5.05096e+13 1.44348e+13 1.584e+11 3.24608e+09 8.03764e+07 2.0018e+06 49889.3 1184.59
3529.41 155226 6.52707e+06 2.74566e+08 1.15695e+10 5.78204e+11 5.06609e+13 1.76778e+14 3.59313e+14 5.6853e+14 7.69123e+14 9.26389e+14 1.01268e+15 1.01268e+15 9.26389e+14 7.69123e+14 5.6853e+14 3.59313e+14 1.76778e+14 5.06609e+13 5.78204e+11 1.15695e+10 2.74566e+08 6.52707e+06 155226 3529.41
7092.7 314884 1.33546e+07 5.65673e+08 2.39534e+10 1.19731e+12 1.03184e+14 3.59636e+14 7.30626e+14 1.15572e+15 1.56322e+15 1.88266e+15 2.05792e+15 2.05792e+15 1.88266e+15 1.56322e+15 1.15572e+15 7.30626e+14 3.59636e+14 1.03184e+14 1.19731e+12 2.39534e+10 5.65673e+08 1.33546e+07 314884 7092.7
11271.5 501531 2.13107e+07 9.03956e+08 3.83159e+10 1.91387e+12 1.63413e+14 5.69182e+14 1.15602e+15 1.82832e+15 2.47272e+15 2.97784e+15 3.25495e+15 3.25495e+15 2.97784e+15 2.47272e+15 1.82832e+15 1.15602e+15 5.69182e+14 1.63413e+14 1.91387e+12 3.83159e+10 9.03956e+08 2.13107e+07 501531 11271.5
15314.4 681907 2.89928e+07 1.23043e+09 5.21758e+10 2.60494e+12 2.21153e+14 7.69983e+14 1.56358e+15 2.47267e+15 3.34397e+15 4.02691e+15 4.40157e+15 4.40157e+15 4.02691e+15 3.34397e+15 2.47267e+15 1.56358e+15 7.69983e+14 2.21153e+14 2.60494e+12 5.21758e+10 1.23043e+09 2.89928e+07 681907 15314.4
18495.7 823810 3.50361e+07 1.48728e+09 6.30825e+10 3.14863e+12 2.66406e+14 9.27313e+14 1.88288e+15 2.97745e+15 4.02647e+15 4.84868e+15 5.29974e+15 5.29974e+15 4.84868e+15 4.02647e+15 2.97745e+15 1.88288e+15 9.27313e+14 2.66406e+14 3.14863e+12 6.30825e+10 1.48728e+09 3.50361e+07 823810 18495.7
20243.7 901785 3.83572e+07 1.62845e+09 6.90781e+10 3.44747e+12 2.91226e+14 1.01359e+15 2.05798e+15 3.25425e+15 4.40071e+15 5.2993e+15 5.79225e+15 5.79225e+15 5.2993e+15 4.40071e+15 3.25425e+15 2.05798e+15 1.01359e+15 2.91226e+14 3.44747e+12 6.90781e+10 1.62845e+09 3.83572e+07 901785 20243.7
20243.7 901785 3.83572e+07 1.62845e+09 6.90781e+10 3.44747e+12 2.91226e+14 1.01359e+15 2.05798e+15 3.25425e+15 4.40071e+15 5.2993e+15 5.79225e+15 5.79225e+15 5.2993e+15 4.40071e+15 3.25425e+15 2.05798e+15 1.01359e+15 2.91226e+14 3.44747e+12 6.90781e+10 1.62845e+09 3.83572e+07 901785 20243.7
18495.7 823810 3.50361e+07 1.48728e+09 6.30825e+10 3.14863e+12 2.66406e+14 9.27313e+14 1.88288e+15 2.97745e+15 4.02647e+15 4.84868e+15 5.29974e+15 5.29974e+15 4.84868e+15 4.02647e+15 2.97745e+15 1.88288e+15 9.27313e+14 2.66406e+14 3.14863e+12 6.30825e+10 1.48728e+09 3.50361e+07 823810 18495.7
15314.4 681907 2.89928e+07 1.23043e+09 5.21758e+10 2.60494e+12 2.21153e+14 7.69983e+14 1.56358e+15 2.47267e+15 3.34397e+15 4.02691e+15 4.40157e+15 4.40157e+15 4.02691e+15 3.34397e+15 2.47267e+15 1.56358e+15 7.69983e+14 2.21153e+14 2.60494e+12 5.21758e+10 1.23043e+09 2.89928e+07 681907 15314.4
11271.5 501531 2.13107e+07 9.03956e+08 3.83159e+10 1.91387e+12 1.63413e+14 5.69182e+14 1.15602e+15 1.82832e+15 2.47272e+15 2.97784e+15 3.25495e+15 3.25495e+15 2.97784e+15 2.47272e+15 1.82832e+15 1.15602e+15 5.69182e+14 1.63413e+14 1.91387e+12 3.83159e+10 9.03956e+08 2.13107e+07 501531 11271.5
7092.7 314884 1.33546e+07 5.65673e+08 2.39534e+10 1.19731e+12 1.03184e+14 3.59636e+14 7.30626e+14 1.15572e+15 1.56322e+15 1.88266e+15 2.05792e+15 2.05792e+15 1.88266e+15 1.56322e+15 1.15572e+15 7.30626e+14 3.59636e+14 1.03184e+14 1.19731e+12 2.39534e+10 5.65673e+08 1.33546e+07 314884 7092.7
3529.41 155226 6.52707e+06 2.74566e+08 1.15695e+10 5.78204e+11 5.06609e+13 1.76778e+14 3.59313e+14 5.6853e+14 7.69123e+14 9.26389e+14 1.01268e+15 1.01268e+15 9.26389e+14 7.69123e+14 5.6853e+14 3.59313e+14 1.76778e+14 5.06609e+13 5.78204e+11 1.15695e+10 2.74566e+08 6.52707e+06 155226 3529.41
1184.59 49889.3 2.0018e+06 8.03764e+07 3.24608e+09 1.584e+11 1.44348e+13 5.05096e+13 1.02785e+14 1.62746e+14 2.20262e+14 2.6537e+14 2.90123e+14 2.90123e+14 2.6537e+14 2.20262e+14 1.62746e+14 1.02785e+14 5.05096e+13 1.44348e+13 1.584e+11 3.24608e+09 8.03764e+07 2.0018e+06 49889.3 1184.59
202.04 6989.72 210948 5.51064e+06 1.06961e+08 1.51512e+09 1.51517e+11 5.52342e+11 1.14386e+12 1.82939e+12 2.49159e+12 3.01333e+12 3.30041e+12 3.30041e+12 3.01333e+12 2.49159e+12 1.82939e+12 1.14386e+12 5.52342e+11 1.51517e+11 1.51512e+09 1.06961e+08 5.51064e+06 210948 6989.72 202.04
21.6325 608.433 14148.7 276061 4.59139e+06 1.03697e+08 3.09026e+09 1.10017e+10 2.27821e+10 3.6464e+10 4.96891e+10 6.01124e+10 6.58485e+10 6.58485e+10 6.01124e+10 4.96891e+10 3.6464e+10 2.27821e+10 1.10017e+10 3.09026e+09 1.03697e+08 4.59139e+06 276061 14148.7 608.433 21.6325
1.7468 41.7928 828.68 14901.3 269905 5.30004e+06 7.6529e+07 2.61139e+08 5.38103e+08 8.60398e+08 1.17194e+09 1.41742e+09 1.55249e+09 1.55249e+09 1.41742e+09 1.17194e+09 8.60398e+08 5.38103e+08 2.61139e+08 7.6529e+07 5.30004e+06 269905 14901.3 828.68 41.7928 1.7468
0.119889 2.57618 47.0341 814.66 13696 202181 1.90615e+06 6.20898e+06 1.27058e+07 2.02869e+07 2.76185e+07 3.33943e+07 3.65717e+07 3.65717e+07 3.33944e+07 2.76185e+07 2.02869e+07 1.27058e+07 6.20898e+06 1.90615e+06 202181 13696 814.66 47.0341 2.57618 0.119889
0.00743981 0.148565 2.54131 40.6742 586.033 6686.62 47508.4 147686 299637 477508 649667 785298 859900 859900 785298 649667 477508 299637 147686 47508.4 6686.62 586.033 40.6742 2.54131 0.148565 0.00743981
0.000391073 0.00736064 0.117217 1.69042 20.7779 193.065 1128.11 3358.49 6750.31 10733.1 14592.2 17632.9 19305.3 19305.3 17632.9 14592.2 10733.1 6750.31 3358.49 1128.11 193.065 20.7779 1.69042 0.117217 0.00736064 0.000391073
