0.0259501 0.481346 7.47947 104.611 1248.54 11345.9 65407.1 193214 385512 608466 821709 987873 1.07858e+06 1.07858e+06 987873 821709 608466 385512 193214 65407.1 11345.9 1248.54 104.611 7.47947 0.481346 0.0259501
0.497412 9.85794 165.382 2562.87 35582.1 394078 2.75281e+06 8.48668e+06 1.70855e+07 2.70156e+07 3.64951e+07 4.38758e+07 4.79037e+07 4.79037e+07 4.38758e+07 3.64951e+07 2.70156e+07 1.70855e+07 8.48668e+06 2.75281e+06 394078 35582.1 2562.87 165.382 9.85794 0.497412
8.01283 172.511 3127.23 52765.9 847947 1.19883e+07 1.1045e+08 3.56611e+08 7.23816e+08 1.14615e+09 1.54865e+09 1.86183e+09 2.03268e+09 2.03268e+09 1.86183e+09 1.54865e+09 1.14615e+09 7.23816e+08 3.56611e+08 1.1045e+08 1.19883e+07 847947 52765.9 3127.23 172.511 8.01283
115.44 2785.91 55691.3 996958 1.73353e+07 3.18271e+08 4.43663e+09 1.49986e+10 3.06422e+10 4.85689e+10 6.56319e+10 7.89016e+10 8.61393e+10 8.61393e+10 7.89016e+10 6.56319e+10 4.85689e+10 3.06422e+10 1.49986e+10 4.43663e+09 3.18271e+08 1.73353e+07 996958 55691.3 2785.91 115.44
1402.17 39782.3 938445 1.86854e+07 3.13232e+08 6.43734e+09 1.7929e+11 6.32124e+11 1.29731e+12 2.05742e+12 2.78031e+12 3.34228e+12 3.64874e+12 3.64874e+12 3.34228e+12 2.78031e+12 2.05742e+12 1.29731e+12 6.32124e+11 1.7929e+11 6.43734e+09 3.13232e+08 1.86854e+07 938445 39782.3 1402.17
12816.4 445230 1.355e+07 3.60042e+08 7.29406e+09 1.08998e+11 8.89658e+12 3.2089e+13 6.58425e+13 1.04325e+14 1.40898e+14 1.69323e+14 1.84823e+14 1.84823e+14 1.69323e+14 1.40898e+14 1.04325e+14 6.58425e+13 3.2089e+13 8.89658e+12 1.08998e+11 7.29406e+09 3.60042e+08 1.355e+07 445230 12816.4
73793.9 3.10531e+06 1.24575e+08 5.00325e+09 2.02155e+11 9.73277e+12 8.46485e+14 2.94423e+15 5.95653e+15 9.37518e+15 1.26201e+16 1.51425e+16 1.65186e+16 1.65186e+16 1.51425e+16 1.26201e+16 9.37518e+15 5.95653e+15 2.94423e+15 8.46485e+14 9.73277e+12 2.02155e+11 5.00325e+09 1.24575e+08 3.10531e+06 73793.9
217745 9.56202e+06 4.01702e+08 1.68912e+10 7.11725e+11 3.51511e+13 2.95888e+15 1.02664e+16 2.07492e+16 3.26403e+16 4.39246e+16 5.26954e+16 5.74803e+16 5.74803e+16 5.26954e+16 4.39246e+16 3.26403e+16 2.07492e+16 1.02664e+16 2.95888e+15 3.51511e+13 7.11725e+11 1.68912e+10 4.01702e+08 9.56202e+06 217745
434062 1.92324e+07 8.1456e+08 3.44752e+10 1.45922e+12 7.21129e+13 5.99482e+15 2.07795e+16 4.1978e+16 6.60169e+16 8.88245e+16 1.0655e+17 1.16219e+17 1.16219e+17 1.0655e+17 8.88245e+16 6.60169e+16 4.1978e+16 2.07795e+16 5.99482e+15 7.21129e+13 1.45922e+12 3.44752e+10 8.1456e+08 1.92324e+07 434062
684531 3.03847e+07 1.28873e+09 5.45958e+10 2.3121e+12 1.14198e+14 9.43921e+15 3.27019e+16 6.60451e+16 1.03847e+17 1.39707e+17 1.67573e+17 1.82774e+17 1.82774e+17 1.67573e+17 1.39707e+17 1.03847e+17 6.60451e+16 3.27019e+16 9.43921e+15 1.14198e+14 2.3121e+12 5.45958e+10 1.28873e+09 3.03847e+07 684531
923769 4.10161e+07 1.73998e+09 7.37186e+10 3.12197e+12 1.54137e+14 1.27061e+16 4.40075e+16 8.88633e+16 1.39709e+17 1.87935e+17 2.25408e+17 2.45848e+17 2.45848e+17 2.25408e+17 1.87935e+17 1.39709e+17 8.88633e+16 4.40075e+16 1.27061e+16 1.54137e+14 3.12197e+12 7.37186e+10 1.73998e+09 4.10161e+07 923769
1.10997e+06 4.92839e+07 2.09065e+09 8.85711e+10 3.75072e+12 1.85137e+14 1.52433e+16 5.27878e+16 1.06583e+17 1.67554e+17 2.2538e+17 2.70309e+17 2.94815e+17 2.94815e+17 2.70309e+17 2.2538e+17 1.67554e+17 1.06583e+17 5.27878e+16 1.52433e+16 1.85137e+14 3.75072e+12 8.85711e+10 2.09065e+09 4.92839e+07 1.10997e+06
1.21155e+06 5.37921e+07 2.2818e+09 9.66651e+10 4.09328e+12 2.02025e+14 1.66267e+16 5.75749e+16 1.16243e+17 1.82734e+17 2.45792e+17 2.94785e+17 3.21506e+17 3.21506e+17 2.94785e+17 2.45792e+17 1.82734e+17 1.16243e+17 5.75749e+16 1.66267e+16 2.02025e+14 4.09328e+12 9.66651e+10 2.2818e+09 5.37921e+07 1.21155e+06
1.21155e+06 5.37921e+07 2.2818e+09 9.66651e+10 4.09328e+12 2.02025e+14 1.66267e+16 5.75749e+16 1.16243e+17 1.82734e+17 2.45792e+17 2.94785e+17 3.21506e+17 3.21506e+17 2.94785e+17 2.45792e+17 1.82734e+17 1.16243e+17 5.75749e+16 1.66267e+16 2.02025e+14 4.09328e+12 9.66651e+10 2.2818e+09 5.37921e+07 1.21155e+06
1.10997e+06 4.92839e+07 2.09065e+09 8.85711e+10 3.75072e+12 1.85137e+14 1.52433e+16 5.27878e+16 1.06583e+17 1.67554e+17 2.2538e+17 2.70309e+17 2.94815e+17 2.94815e+17 2.70309e+17 2.2538e+17 1.67554e+17 1.06583e+17 5.27878e+16 1.52433e+16 1.85137e+14 3.75072e+12 8.85711e+10 2.09065e+09 4.92839e+07 1.10997e+06
923769 4.10161e+07 1.73998e+09 7.37186e+10 3.12197e+12 1.54137e+14 1.27061e+16 4.40075e+16 8.88633e+16 1.39709e+17 1.87935e+17 2.25408e+17 2.45848e+17 2.45848e+17 2.25408e+17 1.87935e+17 1.39709e+17 8.88633e+16 4.40075e+16 1.27061e+16 1.54137e+14 3.12197e+12 7.37186e+10 1.73998e+09 4.10161e+07 923769
684531 3.03847e+07 1.28873e+09 5.45958e+10 2.3121e+12 1.14198e+14 9.43921e+15 3.27019e+16 6.60451e+16 1.03847e+17 1.39707e+17 1.67573e+17 1.82774e+17 1.82774e+17 1.67573e+17 1.39707e+17 1.03847e+17 6.60451e+16 3.27019e+16 9.43921e+15 1.14198e+14 2.3121e+12 5.45958e+10 1.28873e+09 3.03847e+07 684531
434062 1.92324e+07 8.1456e+08 3.44752e+10 1.45922e+12 7.21129e+13 5.99482e+15 2.07795e+16 4.1978e+16 6.60169e+16 8.88245e+16 1.0655e+17 1.16219e+17 1.16219e+17 1.0655e+17 8.88245e+16 6.60169e+16 4.1978e+16 2.07795e+16 5.99482e+15 7.21129e+13 1.45922e+12 3.44752e+10 8.1456e+08 1.92324e+07 434062
217745 9.56202e+06 4.01702e+08 1.68912e+10 7.11725e+11 3.51511e+13 2.95888e+15 1.02664e+16 2.07492e+16 3.26403e+16 4.39246e+16 5.26954e+16 5.74803e+16 5.74803e+16 5.26954e+16 4.39246e+16 3.26403e+16 2.07492e+16 1.02664e+16 2.95888e+15 3.51511e+13 7.11725e+11 1.68912e+10 4.01702e+08 9.56202e+06 217745
73793.9 3.10531e+06 1.24575e+08 5.00325e+09 2.02155e+11 9.73277e+12 8.46485e+14 2.94423e+15 5.95653e+15 9.37518e+15 1.26201e+16 1.51425e+16 1.65186e+16 1.65186e+16 1.51425e+16 1.26201e+16 9.37518e+15 5.95653e+15 2.94423e+15 8.46485e+14 9.73277e+12 2.02155e+11 5.00325e+09 1.24575e+08 3.10531e+06 73793.9
12816.4 445230 1.355e+07 3.60042e+08 7.29406e+09 1.08998e+11 8.89658e+12 3.2089e+13 6.58425e+13 1.04325e+14 1.40898e+14 1.69323e+14 1.84823e+14 1.84823e+14 1.69323e+14 1.40898e+14 1.04325e+14 6.58425e+13 3.2089e+13 8.89658e+12 1.08998e+11 7.29406e+09 3.60042e+08 1.355e+07 445230 12816.4
1402.17 39782.3 938445 1.86854e+07 3.13232e+08 6.43734e+09 1.7929e+11 6.32124e+11 1.29731e+12 2.05742e+12 2.78031e+12 3.34228e+12 3.64874e+12 3.64874e+12 3.34228e+12 2.78031e+12 2.05742e+12 1.29731e+12 6.32124e+11 1.7929e+11 6.43734e+09 3.13232e+08 1.86854e+07 938445 39782.3 1402.17
115.44 2785.91 55691.3 996958 1.73353e+07 3.18271e+08 4.43663e+09 1.49986e+10 3.06422e+10 4.85689e+10 6.56319e+10 7.89016e+10 8.61393e+10 8.61393e+10 7.89016e+10 6.56319e+10 4.85689e+10 3.06422e+10 1.49986e+10 4.43663e+09 3.18271e+08 1.73353e+07 996958 55691.3 2785.91 115.44
8.01283 172.511 3127.23 52765.9 847947 1.19883e+07 1.1045e+08 3.56611e+08 7.23816e+08 1.14615e+09 1.54865e+09 1.86183e+09 2.03268e+09 2.03268e+09 1.86183e+09 1.54865e+09 1.14615e+09 7.23816e+08 3.56611e+08 1.1045e+08 1.19883e+07 847947 52765.9 3127.23 172.511 8.01283
0.497412 9.85794 165.382 2562.87 35582.1 394078 2.75281e+06 8.48668e+06 1.70855e+07 2.70156e+07 3.64951e+07 4.38758e+07 4.79037e+07 4.79037e+07 4.38758e+07 3.64951e+07 2.70156e+07 1.70855e+07 8.48668e+06 2.75281e+06 394078 35582.1 2562.87 165.382 9.85794 0.497412
0.0259502 0.481346 7.47947 104.611 1248.54 11345.9 65407.1 193214 385512 608466 821709 987873 1.07858e+06 1.07858e+06 987873 821709 608466 385512 193214 65407.1 11345.9 1248.54 104.611 7.47947 0.481346 0.0259501
