1.59243e-05 0.00029789 0.00470152 0.0671008 0.816706 7.52899 43.731 129.461 258.598 408.614 552.475 664.877 726.361 726.361 664.877 552.475 408.614 258.598 129.461 43.731 7.52899 0.816706 0.0671008 0.00470152 0.00029789 1.59243e-05
0.000303098 0.00602692 0.102305 1.6195 23.0576 260.536 1838.77 5682.68 11454.9 18135.6 24532.2 29527.5 32259.5 32259.5 29527.5 24532.2 18135.6 11454.9 5682.68 1838.77 260.536 23.0576 1.6195 0.102305 0.00602691 0.000303098
0.00487547 0.104601 1.90155 32.6242 540.728 7878.25 73687.8 238565 484880 768895 1.04047e+06 1.25248e+06 1.36842e+06 1.36842e+06 1.25248e+06 1.04047e+06 768895 484880 238565 73687.8 7878.25 540.728 32.6242 1.90155 0.104601 0.00487547
0.0706919 1.69205 33.5545 601.266 10745.5 206928 2.95631e+06 1.00236e+07 2.0508e+07 3.25566e+07 4.40669e+07 5.30506e+07 5.79634e+07 5.79634e+07 5.30506e+07 4.40669e+07 3.25566e+07 2.0508e+07 1.00236e+07 2.95631e+06 206928 10745.5 601.266 33.5545 1.69205 0.0706919
0.869237 24.4624 570.045 11164 185680 4.07913e+06 1.19347e+08 4.22061e+08 8.67497e+08 1.3781e+09 1.86565e+09 2.24614e+09 2.45422e+09 2.45422e+09 2.24614e+09 1.86565e+09 1.3781e+09 8.67497e+08 4.22061e+08 1.19347e+08 4.07913e+06 185680 11164 570.045 24.4624 0.869237
8.05519 278.54 8412.46 220475 4.32463e+06 6.20625e+07 5.87027e+09 2.12503e+10 4.36757e+10 6.9326e+10 9.38032e+10 1.12902e+11 1.23345e+11 1.23345e+11 1.12902e+11 9.38032e+10 6.9326e+10 4.36757e+10 2.12503e+10 5.87027e+09 6.20625e+07 4.32463e+06 220475 8412.46 278.54 8.05519
46.8874 1971.49 79007.5 3.16984e+06 1.27977e+08 6.22273e+09 5.59572e+11 1.94916e+12 3.94615e+12 6.21616e+12 8.37551e+12 1.00577e+13 1.09769e+13 1.09769e+13 1.00577e+13 8.37551e+12 6.21616e+12 3.94615e+12 1.94916e+12 5.59572e+11 6.22273e+09 1.27977e+08 3.16984e+06 79007.5 1971.49 46.8874
138.844 6094.9 255886 1.07522e+07 4.52774e+08 2.25559e+10 1.9561e+12 6.79693e+12 1.37476e+13 2.16452e+13 2.91564e+13 3.50072e+13 3.8204e+13 3.8204e+13 3.50072e+13 2.91564e+13 2.16452e+13 1.37476e+13 6.79693e+12 1.9561e+12 2.25559e+10 4.52774e+08 1.07522e+07 255886 6094.9 138.844
277.247 12281.5 519899 2.19903e+07 9.30255e+08 4.6354e+10 3.96416e+12 1.37615e+13 2.78245e+13 4.38012e+13 5.8995e+13 7.08298e+13 7.72961e+13 7.72961e+13 7.08298e+13 5.8995e+13 4.38012e+13 2.78245e+13 1.37615e+13 3.96416e+12 4.6354e+10 9.30255e+08 2.19903e+07 519899 12281.5 277.247
437.83 19432.8 823922 3.48878e+07 1.47683e+09 7.35404e+10 6.24603e+12 2.16729e+13 4.38129e+13 6.89639e+13 9.28816e+13 1.11511e+14 1.2169e+14 1.2169e+14 1.11511e+14 9.28816e+13 6.89639e+13 4.38129e+13 2.16729e+13 6.24603e+12 7.35404e+10 1.47683e+09 3.48878e+07 823922 19432.8 437.83
591.616 26270.5 1.11421e+06 4.71907e+07 1.99793e+09 9.94461e+10 8.41524e+12 2.91925e+13 5.90087e+13 9.28786e+13 1.25087e+14 1.50174e+14 1.63881e+14 1.63881e+14 1.50174e+14 1.25087e+14 9.28786e+13 5.90087e+13 2.91925e+13 8.41524e+12 9.94461e+10 1.99793e+09 4.71907e+07 1.11421e+06 26270.5 591.616
711.627 31603.4 1.34053e+06 5.67801e+07 2.40405e+09 1.19632e+11 1.01039e+13 3.5046e+13 7.08374e+13 1.11494e+14 1.50156e+14 1.80269e+14 1.96723e+14 1.96723e+14 1.80269e+14 1.50156e+14 1.11494e+14 7.08374e+13 3.5046e+13 1.01039e+13 1.19632e+11 2.40405e+09 5.67801e+07 1.34053e+06 31603.4 711.627
777.217 34517.6 1.46419e+06 6.20193e+07 2.62593e+09 1.3066e+11 1.10262e+13 3.82427e+13 7.72974e+13 1.21661e+14 1.63847e+14 1.96705e+14 2.14659e+14 2.14659e+14 1.96705e+14 1.63847e+14 1.21661e+14 7.72974e+13 3.82427e+13 1.10262e+13 1.3066e+11 2.62593e+09 6.20193e+07 1.46419e+06 34517.6 777.217
777.217 34517.6 1.46419e+06 6.20193e+07 2.62593e+09 1.3066e+11 1.10262e+13 3.82427e+13 7.72974e+13 1.21661e+14 1.63847e+14 1.96705e+14 2.14659e+14 2.14659e+14 1.96705e+14 1.63847e+14 1.21661e+14 7.72974e+13 3.82427e+13 1.10262e+13 1.3066e+11 2.62593e+09 6.20193e+07 1.46419e+06 34517.6 777.217
711.627 31603.4 1.34053e+06 5.67801e+07 2.40405e+09 1.19632e+11 1.01039e+13 3.5046e+13 7.08374e+13 1.11494e+14 1.50156e+14 1.80269e+14 1.96723e+14 1.96723e+14 1.80269e+14 1.50156e+14 1.11494e+14 7.08374e+13 3.5046e+13 1.01039e+13 1.19632e+11 2.40405e+09 5.67801e+07 1.34053e+06 31603.4 711.627
591.616 26270.5 1.11421e+06 4.71907e+07 1.99793e+09 9.94461e+10 8.41524e+12 2.91925e+13 5.90087e+13 9.28786e+13 1.25087e+14 1.50174e+14 1.63881e+14 1.63881e+14 1.50174e+14 1.25087e+14 9.28786e+13 5.90087e+13 2.91925e+13 8.41524e+12 9.94461e+10 1.99793e+09 4.71907e+07 1.11421e+06 26270.5 591.616
437.83 19432.8 823922 3.48878e+07 1.47683e+09 7.35404e+10 6.24603e+12 2.16729e+13 4.38129e+13 6.89639e+13 9.28816e+13 1.11511e+14 1.2169e+14 1.2169e+14 1.11511e+14 9.28816e+13 6.89639e+13 4.38129e+13 2.16729e+13 6.24603e+12 7.35404e+10 1.47683e+09 3.48878e+07 823922 19432.8 437.83
277.247 12281.5 519899 2.19903e+07 9.30255e+08 4.6354e+10 3.96416e+12 1.37615e+13 2.78245e+13 4.38012e+13 5.8995e+13 7.08298e+13 7.72961e+13 7.72961e+13 7.08298e+13 5.8995e+13 4.38012e+13 2.78245e+13 1.37615e+13 3.96416e+12 4.6354e+10 9.30255e+08 2.19903e+07 519899 12281.5 277.247
138.844 6094.9 255886 1.07522e+07 4.52774e+08 2.25559e+10 1.9561e+12 6.79693e+12 1.37476e+13 2.16452e+13 2.91564e+13 3.50072e+13 3.8204e+13 3.8204e+13 3.50072e+13 2.91564e+13 2.16452e+13 1.37476e+13 6.79693e+12 1.9561e+12 2.25559e+10 4.52774e+08 1.07522e+07 255886 6094.9 138.844
46.8874 1971.49 79007.5 3.16984e+06 1.27977e+08 6.22273e+09 5.59572e+11 1.94916e+12 3.94615e+12 6.21616e+12 8.37551e+12 1.00577e+13 1.09769e+13 1.09769e+13 1.00577e+13 8.37551e+12 6.21616e+12 3.94615e+12 1.94916e+12 5.59572e+11 6.22273e+09 1.27977e+08 3.16984e+06 79007.5 1971.49 46.8874
8.05519 278.54 8412.46 220475 4.32463e+06 6.20625e+07 5.87027e+09 2.12503e+10 4.36757e+10 6.9326e+10 9.38032e+10 1.12902e+11 1.23345e+11 1.23345e+11 1.12902e+11 9.38032e+10 6.9326e+10 4.36757e+10 2.12503e+10 5.87027e+09 6.20625e+07 4.32463e+06 220475 8412.46 278.54 8.05519
0.869237 24.4624 570.045 11164 185680 4.07913e+06 1.19347e+08 4.22061e+08 8.67497e+08 1.3781e+09 1.86565e+09 2.24614e+09 2.45422e+09 2.45422e+09 2.24614e+09 1.86565e+09 1.3781e+09 8.67497e+08 4.22061e+08 1.19347e+08 4.07913e+06 185680 11164 570.045 24.4624 0.869237
0.0706919 1.69205 33.5545 601.266 10745.5 206928 2.95631e+06 1.00236e+07 2.0508e+07 3.25566e+07 4.40669e+07 5.30506e+07 5.79634e+07 5.79634e+07 5.30506e+07 4.40669e+07 3.25566e+07 2.0508e+07 1.00236e+07 2.95631e+06 206928 10745.5 601.266 33.5545 1.69205 0.0706919
0.00487547 0.104601 1.90155 32.6242 540.728 7878.25 73687.8 238565 484880 768895 1.04047e+06 1.25248e+06 1.36842e+06 1.36842e+06 1.25248e+06 1.04047e+06 768895 484880 238565 73687.8 7878.25 540.728 32.6242 1.90155 0.104601 0.00487547
0.000303098 0.00602691 0.102305 1.6195 23.0576 260.536 1838.77 5682.68 11454.9 18135.6 24532.2 29527.5 32259.5 32259.5 29527.5 24532.2 18135.6 11454.9 5682.68 1838.77 260.536 23.0576 1.6195 0.102305 0.00602692 0.000303098
1.59243e-05 0.00029789 0.00470152 0.0671008 0.816706 7.52899 43.731 129.461 258.598 408.614 552.475 664.877 726.361 726.361 664.877 552.475 408.614 258.598 129.461 43.731 7.52899 0.816706 0.0671008 0.00470152 0.00029789 1.59243e-05
