13.0532 241.605 3735.68 51867.2 614049 5.53872e+06 3.1703e+07 9.26947e+07 1.82356e+08 2.83129e+08 3.76259e+08 4.46592e+08 4.84154e+08 4.84154e+08 4.46592e+08 3.76259e+08 2.83129e+08 1.82356e+08 9.26947e+07 3.1703e+07 5.53872e+06 614049 51867.2 3735.68 241.605 13.0532
250.753 4969.22 83106.6 1.27878e+06 1.75857e+07 1.93011e+08 1.33808e+09 4.08205e+09 8.09827e+09 1.25868e+10 1.67191e+10 1.9832e+10 2.1492e+10 2.1492e+10 1.9832e+10 1.67191e+10 1.25868e+10 8.09827e+09 4.08205e+09 1.33808e+09 1.93011e+08 1.75857e+07 1.27878e+06 83106.6 4969.22 250.753
4039.19 87176.2 1.58084e+06 2.6548e+07 4.22083e+08 5.89608e+09 5.38531e+10 1.72008e+11 3.43825e+11 5.34713e+11 7.09797e+11 8.41353e+11 9.11392e+11 9.11392e+11 8.41353e+11 7.09797e+11 5.34713e+11 3.43825e+11 1.72008e+11 5.38531e+10 5.89608e+09 4.22083e+08 2.6548e+07 1.58084e+06 87176.2 4039.19
58012.7 1.40594e+06 2.82242e+07 5.05841e+08 8.72342e+09 1.57431e+11 2.16995e+12 7.25475e+12 1.45869e+13 2.26872e+13 3.00914e+13 3.56412e+13 3.85911e+13 3.85911e+13 3.56412e+13 3.00914e+13 2.26872e+13 1.45869e+13 7.25475e+12 2.16995e+12 1.57431e+11 8.72342e+09 5.05841e+08 2.82242e+07 1.40594e+06 58012.7
700705 1.99681e+07 4.73785e+08 9.50149e+09 1.59975e+11 3.2187e+12 8.79572e+13 3.06585e+14 6.18814e+14 9.62087e+14 1.27489e+15 1.50878e+15 1.6329e+15 1.6329e+15 1.50878e+15 1.27489e+15 9.62087e+14 6.18814e+14 3.06585e+14 8.79572e+13 3.2187e+12 1.59975e+11 9.50149e+09 4.73785e+08 1.99681e+07 700705
6.35976e+06 2.21721e+08 6.77911e+09 1.81319e+11 3.71931e+12 5.64543e+13 4.38952e+15 1.56561e+16 3.16047e+16 4.91092e+16 6.50616e+16 7.69967e+16 8.33338e+16 8.33338e+16 7.69967e+16 6.50616e+16 4.91092e+16 3.16047e+16 1.56561e+16 4.38952e+15 5.64543e+13 3.71931e+12 1.81319e+11 6.77911e+09 2.21721e+08 6.35976e+06
3.63188e+07 1.5326e+09 6.16693e+10 2.48439e+12 1.0068e+14 4.84447e+15 4.16796e+17 1.44064e+18 2.88651e+18 4.49029e+18 5.97499e+18 7.10357e+18 7.70985e+18 7.70985e+18 7.10357e+18 5.97499e+18 4.49029e+18 2.88651e+18 1.44064e+18 4.16796e+17 4.84447e+15 1.0068e+14 2.48439e+12 6.16693e+10 1.5326e+09 3.63188e+07
1.06016e+08 4.66719e+09 1.96599e+11 8.28922e+12 3.50188e+14 1.72949e+16 1.4473e+18 4.99029e+18 9.98571e+18 1.55203e+19 2.06395e+19 2.45286e+19 2.66172e+19 2.66172e+19 2.45286e+19 2.06395e+19 1.55203e+19 9.98571e+18 4.99029e+18 1.4473e+18 1.72949e+16 3.50188e+14 8.28922e+12 1.96599e+11 4.66719e+09 1.06016e+08
2.08311e+08 9.24766e+09 3.92482e+11 1.66452e+13 7.05889e+14 3.48868e+16 2.90119e+18 9.99054e+18 1.99656e+19 3.09921e+19 4.11688e+19 4.88862e+19 5.30258e+19 5.30258e+19 4.88862e+19 4.11688e+19 3.0992e+19 1.99656e+19 9.99054e+18 2.90119e+18 3.48868e+16 7.05889e+14 1.66452e+13 3.92482e+11 9.24766e+09 2.08311e+08
3.23098e+08 1.43582e+10 6.09728e+11 2.58601e+13 1.09622e+15 5.41446e+16 4.50929e+18 1.55151e+19 3.09671e+19 4.80034e+19 6.36862e+19 7.55532e+19 8.19094e+19 8.19094e+19 7.55532e+19 6.36862e+19 4.80034e+19 3.09671e+19 1.55151e+19 4.50929e+18 5.41446e+16 1.09622e+15 2.58601e+13 6.09728e+11 1.43582e+10 3.23098e+08
4.29008e+08 1.90553e+10 8.0864e+11 3.42676e+13 1.45123e+15 7.16436e+16 5.99272e+18 2.06074e+19 4.10859e+19 6.36094e+19 8.4293e+19 9.99117e+19 1.08266e+20 1.08266e+20 9.99117e+19 8.4293e+19 6.36094e+19 4.10859e+19 2.06074e+19 5.99272e+18 7.16436e+16 1.45123e+15 3.42676e+13 8.0864e+11 1.90553e+10 4.29008e+08
5.08882e+08 2.25886e+10 9.57875e+11 4.05595e+13 1.71624e+15 8.47006e+16 7.11657e+18 2.44634e+19 4.87344e+19 7.538e+19 9.98031e+19 1.18216e+20 1.28054e+20 1.28054e+20 1.18216e+20 9.98031e+19 7.538e+19 4.87344e+19 2.44634e+19 7.11657e+18 8.47006e+16 1.71624e+15 4.05595e+13 9.57875e+11 2.25886e+10 5.08882e+08
5.51498e+08 2.44708e+10 1.03724e+12 4.39002e+13 1.85672e+15 9.16201e+16 7.71887e+18 2.65294e+19 5.28276e+19 8.167e+19 1.0808e+20 1.27974e+20 1.38596e+20 1.38596e+20 1.27974e+20 1.0808e+20 8.167e+19 5.28276e+19 2.65294e+19 7.71887e+18 9.16201e+16 1.85672e+15 4.39002e+13 1.03724e+12 2.44708e+10 5.51498e+08
5.51498e+08 2.44708e+10 1.03724e+12 4.39002e+13 1.85672e+15 9.16201e+16 7.71887e+18 2.65294e+19 5.28276e+19 8.167e+19 1.0808e+20 1.27974e+20 1.38596e+20 1.38596e+20 1.27974e+20 1.0808e+20 8.167e+19 5.28276e+19 2.65294e+19 7.71887e+18 9.16201e+16 1.85672e+15 4.39002e+13 1.03724e+12 2.44708e+10 5.51498e+08
5.08882e+08 2.25886e+10 9.57875e+11 4.05595e+13 1.71624e+15 8.47006e+16 7.11657e+18 2.44634e+19 4.87344e+19 7.538e+19 9.98031e+19 1.18216e+20 1.28054e+20 1.28054e+20 1.18216e+20 9.98031e+19 7.538e+19 4.87344e+19 2.44634e+19 7.11657e+18 8.47006e+16 1.71624e+15 4.05595e+13 9.57875e+11 2.25886e+10 5.08882e+08
4.29008e+08 1.90553e+10 8.0864e+11 3.42676e+13 1.45123e+15 7.16436e+16 5.99272e+18 2.06074e+19 4.10859e+19 6.36094e+19 8.4293e+19 9.99117e+19 1.08266e+20 1.08266e+20 9.99117e+19 8.4293e+19 6.36094e+19 4.10859e+19 2.06074e+19 5.99272e+18 7.16436e+16 1.45123e+15 3.42676e+13 8.0864e+11 1.90553e+10 4.29008e+08
3.23098e+08 1.43582e+10 6.09728e+11 2.58601e+13 1.09622e+15 5.41446e+16 4.50929e+18 1.55151e+19 3.09671e+19 4.80034e+19 6.36862e+19 7.55532e+19 8.19094e+19 8.19094e+19 7.55532e+19 6.36862e+19 4.80034e+19 3.09671e+19 1.55151e+19 4.50929e+18 5.41446e+16 1.09622e+15 2.58601e+13 6.09728e+11 1.43582e+10 3.23098e+08
2.08311e+08 9.24766e+09 3.92482e+11 1.66452e+13 7.05889e+14 3.48868e+16 2.90119e+18 9.99054e+18 1.99656e+19 3.0992e+19 4.11688e+19 4.88862e+19 5.30258e+19 5.30258e+19 4.88862e+19 4.11688e+19 3.0992e+19 1.99656e+19 9.99054e+18 2.90119e+18 3.48868e+16 7.05889e+14 1.66452e+13 3.92482e+11 9.24766e+09 2.08311e+08
1.06016e+08 4.66719e+09 1.96599e+11 8.28922e+12 3.50188e+14 1.72949e+16 1.4473e+18 4.99029e+18 9.98571e+18 1.55203e+19 2.06395e+19 2.45286e+19 2.66172e+19 2.66172e+19 2.45286e+19 2.06395e+19 1.55203e+19 9.98571e+18 4.99029e+18 1.4473e+18 1.72949e+16 3.50188e+14 8.28922e+12 1.96599e+11 4.66719e+09 1.06016e+08
3.63188e+07 1.5326e+09 6.16693e+10 2.48439e+12 1.0068e+14 4.84447e+15 4.16796e+17 1.44064e+18 2.88651e+18 4.49029e+18 5.97499e+18 7.10357e+18 7.70985e+18 7.70985e+18 7.10357e+18 5.97499e+18 4.49029e+18 2.88651e+18 1.44064e+18 4.16796e+17 4.84447e+15 1.0068e+14 2.48439e+12 6.16693e+10 1.5326e+09 3.63188e+07
6.35976e+06 2.21721e+08 6.77911e+09 1.81319e+11 3.71931e+12 5.64543e+13 4.38952e+15 1.56561e+16 3.16047e+16 4.91092e+16 6.50616e+16 7.69967e+16 8.33338e+16 8.33338e+16 7.69967e+16 6.50616e+16 4.91092e+16 3.16047e+16 1.56561e+16 4.38952e+15 5.64543e+13 3.71931e+12 1.81319e+11 6.77911e+09 2.21721e+08 6.35976e+06
700705 1.99681e+07 4.73785e+08 9.50149e+09 1.59975e+11 3.2187e+12 8.79572e+13 3.06585e+14 6.18814e+14 9.62087e+14 1.27489e+15 1.50878e+15 1.6329e+15 1.6329e+15 1.50878e+15 1.27489e+15 9.62087e+14 6.18814e+14 3.06585e+14 8.79572e+13 3.2187e+12 1.59975e+11 9.50149e+09 4.73785e+08 1.99681e+07 700705
58012.7 1.40594e+06 2.82242e+07 5.05841e+08 8.72342e+09 1.57431e+11 2.16995e+12 7.25475e+12 1.45869e+13 2.26872e+13 3.00914e+13 3.56412e+13 3.85911e+13 3.85911e+13 3.56412e+13 3.00914e+13 2.26872e+13 1.45869e+13 7.25475e+12 2.16995e+12 1.57431e+11 8.72342e+09 5.05841e+08 2.82242e+07 1.40594e+06 58012.7
4039.19 87176.2 1.58084e+06 2.6548e+07 4.22083e+08 5.89608e+09 5.38531e+10 1.72008e+11 3.43825e+11 5.34713e+11 7.09797e+11 8.41353e+11 9.11392e+11 9.11392e+11 8.41353e+11 7.09797e+11 5.34713e+11 3.43825e+11 1.72008e+11 5.38531e+10 5.89608e+09 4.22083e+08 2.6548e+07 1.58084e+06 87176.2 4039.19
250.753 4969.22 83106.6 1.27878e+06 1.75857e+07 1.93011e+08 1.33808e+09 4.08205e+09 8.09827e+09 1.25868e+10 1.67191e+10 1.9832e+10 2.1492e+10 2.1492e+10 1.9832e+10 1.67191e+10 1.25868e+10 8.09827e+09 4.08205e+09 1.33808e+09 1.93011e+08 1.75857e+07 1.27878e+06 83106.6 4969.22 250.753
13.0532 241.605 3735.68 51867.2 614049 5.53872e+06 3.1703e+07 9.26947e+07 1.82356e+08 2.83129e+08 3.76259e+08 4.46592e+08 4.84154e+08 4.84154e+08 4.46592e+08 3.76259e+08 2.83129e+08 1.82356e+08 9.26947e+07 3.1703e+07 5.53872e+06 614049 51867.2 3735.68 241.605 13.0532
