11.6218 215.246 3330.75 46286.4 548514 4.95292e+06 2.83881e+07 8.31776e+07 1.64059e+08 2.55402e+08 3.40204e+08 4.04484e+08 4.38895e+08 4.38895e+08 4.04484e+08 3.40204e+08 2.55402e+08 1.64059e+08 8.31776e+07 2.83881e+07 4.95292e+06 548514 46286.4 3330.75 215.246 11.6218
223.388 4429.35 74129.4 1.14159e+06 1.57138e+07 1.72643e+08 1.19838e+09 3.66379e+09 7.28823e+09 1.13593e+10 1.51251e+10 1.79727e+10 1.94948e+10 1.94948e+10 1.79727e+10 1.51251e+10 1.13593e+10 7.28823e+09 3.66379e+09 1.19838e+09 1.72643e+08 1.57138e+07 1.14159e+06 74129.4 4429.35 223.388
3601.03 77755.2 1.4108e+06 2.3709e+07 3.77271e+08 5.27521e+09 4.82372e+10 1.54415e+11 3.09537e+11 4.82789e+11 6.42481e+11 7.62939e+11 8.27227e+11 8.27227e+11 7.62939e+11 6.42481e+11 4.82789e+11 3.09537e+11 1.54415e+11 4.82372e+10 5.27521e+09 3.77271e+08 2.3709e+07 1.4108e+06 77755.2 3601.03
51763.1 1.25496e+06 2.52041e+07 4.51942e+08 7.79933e+09 1.40881e+11 1.94377e+12 6.51371e+12 1.3136e+13 2.04929e+13 2.72518e+13 3.23381e+13 3.50483e+13 3.50483e+13 3.23381e+13 2.72518e+13 2.04929e+13 1.3136e+13 6.51371e+12 1.94377e+12 1.40881e+11 7.79933e+09 4.51942e+08 2.52041e+07 1.25496e+06 51763.1
625805 1.78395e+07 4.23418e+08 8.49406e+09 1.43065e+11 2.88064e+12 7.87844e+13 2.75286e+14 5.5739e+14 8.69348e+14 1.15512e+15 1.36966e+15 1.4838e+15 1.4838e+15 1.36966e+15 1.15512e+15 8.69348e+14 5.5739e+14 2.75286e+14 7.87844e+13 2.88064e+12 1.43065e+11 8.49406e+09 4.23418e+08 1.78395e+07 625805
5.68598e+06 1.98282e+08 6.064e+09 1.62225e+11 3.32797e+12 5.05147e+13 3.93085e+15 1.40549e+16 2.84618e+16 4.43652e+16 5.89327e+16 6.98738e+16 7.56966e+16 7.56966e+16 6.98738e+16 5.89327e+16 4.43652e+16 2.84618e+16 1.40549e+16 3.93085e+15 5.05147e+13 3.32797e+12 1.62225e+11 6.064e+09 1.98282e+08 5.68598e+06
3.25153e+07 1.37233e+09 5.52278e+10 2.225e+12 9.01624e+13 4.33764e+15 3.73318e+17 1.29256e+18 2.5955e+18 4.04647e+18 5.39434e+18 6.42154e+18 6.9742e+18 6.9742e+18 6.42154e+18 5.39434e+18 4.04647e+18 2.5955e+18 1.29256e+18 3.73318e+17 4.33764e+15 9.01624e+13 2.225e+12 5.52278e+10 1.37233e+09 3.25153e+07
9.51159e+07 4.1883e+09 1.76462e+11 7.44127e+12 3.14385e+14 1.55248e+16 1.29871e+18 4.48531e+18 8.99467e+18 1.40102e+19 1.86649e+19 2.22098e+19 2.41163e+19 2.41163e+19 2.22098e+19 1.86649e+19 1.40102e+19 8.99467e+18 4.48531e+18 1.29871e+18 1.55248e+16 3.14385e+14 7.44127e+12 1.76462e+11 4.1883e+09 9.51159e+07
1.87387e+08 8.32161e+09 3.53298e+11 1.49877e+13 6.35739e+14 3.14184e+16 2.6095e+18 9.00061e+18 1.80262e+19 2.80416e+19 3.73154e+19 4.43644e+19 4.81505e+19 4.81505e+19 4.43644e+19 3.73154e+19 2.80416e+19 1.80262e+19 9.00061e+18 2.6095e+18 3.14184e+16 6.35739e+14 1.49877e+13 3.53298e+11 8.32161e+09 1.87387e+08
2.91434e+08 1.29569e+10 5.50475e+11 2.33569e+13 9.90468e+14 4.89212e+16 4.06558e+18 1.40105e+19 2.8024e+19 4.35327e+19 5.78536e+19 6.87132e+19 7.45367e+19 7.45367e+19 6.87132e+19 5.78536e+19 4.35327e+19 2.8024e+19 1.40105e+19 4.06558e+18 4.89211e+16 9.90468e+14 2.33569e+13 5.50475e+11 1.29569e+10 2.91434e+08
3.87885e+08 1.7238e+10 7.31925e+11 3.10329e+13 1.31484e+15 6.49108e+16 5.41386e+18 1.86454e+19 3.72526e+19 5.77926e+19 7.67097e+19 9.10216e+19 9.86845e+19 9.86845e+19 9.10216e+19 7.67097e+19 5.77926e+19 3.72526e+19 1.86454e+19 5.41386e+18 6.49108e+16 1.31484e+15 3.10329e+13 7.31925e+11 1.7238e+10 3.87885e+08
4.609e+08 2.04709e+10 8.68604e+11 3.68008e+13 1.55801e+15 7.68902e+16 6.43818e+18 2.21645e+19 4.42461e+19 6.85734e+19 9.09325e+19 1.07818e+20 1.16848e+20 1.16848e+20 1.07818e+20 9.09325e+19 6.85734e+19 4.42461e+19 2.21645e+19 6.43818e+18 7.68902e+16 1.55801e+15 3.68008e+13 8.68604e+11 2.04709e+10 4.609e+08
4.99953e+08 2.21973e+10 9.41479e+11 3.98712e+13 1.68723e+15 8.32545e+16 6.98807e+18 2.40529e+19 4.79942e+19 7.43422e+19 9.85311e+19 1.16781e+20 1.26533e+20 1.26533e+20 1.16781e+20 9.85311e+19 7.43422e+19 4.79942e+19 2.40529e+19 6.98807e+18 8.32545e+16 1.68723e+15 3.98712e+13 9.41479e+11 2.21973e+10 4.99953e+08
4.99953e+08 2.21973e+10 9.41479e+11 3.98712e+13 1.68723e+15 8.32545e+16 6.98807e+18 2.40529e+19 4.79942e+19 7.43422e+19 9.85311e+19 1.16781e+20 1.26533e+20 1.26533e+20 1.16781e+20 9.85311e+19 7.43422e+19 4.79942e+19 2.40529e+19 6.98807e+18 8.32545e+16 1.68723e+15 3.98712e+13 9.41479e+11 2.21973e+10 4.99953e+08
4.609e+08 2.04709e+10 8.68604e+11 3.68008e+13 1.55801e+15 7.68902e+16 6.43818e+18 2.21645e+19 4.42461e+19 6.85734e+19 9.09325e+19 1.07818e+20 1.16848e+20 1.16848e+20 1.07818e+20 9.09325e+19 6.85734e+19 4.42461e+19 2.21645e+19 6.43818e+18 7.68902e+16 1.55801e+15 3.68008e+13 8.68604e+11 2.04709e+10 4.609e+08
3.87885e+08 1.7238e+10 7.31925e+11 3.10329e+13 1.31484e+15 6.49108e+16 5.41386e+18 1.86454e+19 3.72526e+19 5.77926e+19 7.67097e+19 9.10216e+19 9.86845e+19 9.86845e+19 9.10216e+19 7.67097e+19 5.77926e+19 3.72526e+19 1.86454e+19 5.41386e+18 6.49108e+16 1.31484e+15 3.10329e+13 7.31925e+11 1.7238e+10 3.87885e+08
2.91434e+08 1.29569e+10 5.50475e+11 2.33569e+13 9.90468e+14 4.89211e+16 4.06558e+18 1.40105e+19 2.8024e+19 4.35327e+19 5.78536e+19 6.87132e+19 7.45367e+19 7.45367e+19 6.87132e+19 5.78536e+19 4.35327e+19 2.8024e+19 1.40105e+19 4.06558e+18 4.89211e+16 9.90468e+14 2.33569e+13 5.50475e+11 1.29569e+10 2.91434e+08
1.87387e+08 8.32161e+09 3.53298e+11 1.49877e+13 6.35739e+14 3.14184e+16 2.6095e+18 9.00061e+18 1.80262e+19 2.80416e+19 3.73154e+19 4.43644e+19 4.81505e+19 4.81505e+19 4.43644e+19 3.73154e+19 2.80416e+19 1.80262e+19 9.00061e+18 2.6095e+18 3.14184e+16 6.35739e+14 1.49877e+13 3.53298e+11 8.32161e+09 1.87387e+08
9.51159e+07 4.1883e+09 1.76462e+11 7.44127e+12 3.14385e+14 1.55248e+16 1.29871e+18 4.48531e+18 8.99467e+18 1.40102e+19 1.86649e+19 2.22098e+19 2.41163e+19 2.41163e+19 2.22098e+19 1.86649e+19 1.40102e+19 8.99467e+18 4.48531e+18 1.29871e+18 1.55248e+16 3.14385e+14 7.44127e+12 1.76462e+11 4.1883e+09 9.51159e+07
3.25153e+07 1.37233e+09 5.52278e+10 2.225e+12 9.01624e+13 4.33764e+15 3.73318e+17 1.29256e+18 2.5955e+18 4.04647e+18 5.39434e+18 6.42154e+18 6.9742e+18 6.9742e+18 6.42154e+18 5.39434e+18 4.04647e+18 2.5955e+18 1.29256e+18 3.73318e+17 4.33764e+15 9.01624e+13 2.225e+12 5.52278e+10 1.37233e+09 3.25153e+07
5.68598e+06 1.98282e+08 6.064e+09 1.62225e+11 3.32797e+12 5.05147e+13 3.93085e+15 1.40549e+16 2.84618e+16 4.43652e+16 5.89327e+16 6.98738e+16 7.56966e+16 7.56966e+16 6.98738e+16 5.89327e+16 4.43652e+16 2.84618e+16 1.40549e+16 3.93085e+15 5.05147e+13 3.32797e+12 1.62225e+11 6.064e+09 1.98282e+08 5.68598e+06
625805 1.78395e+07 4.23418e+08 8.49406e+09 1.43065e+11 2.88064e+12 7.87844e+13 2.75286e+14 5.5739e+14 8.69348e+14 1.15512e+15 1.36966e+15 1.4838e+15 1.4838e+15 1.36966e+15 1.15512e+15 8.69348e+14 5.5739e+14 2.75286e+14 7.87844e+13 2.88064e+12 1.43065e+11 8.49406e+09 4.23418e+08 1.78395e+07 625805
51763.1 1.25496e+06 2.52041e+07 4.51942e+08 7.79933e+09 1.40881e+11 1.94377e+12 6.51371e+12 1.3136e+13 2.04929e+13 2.72518e+13 3.23381e+13 3.50483e+13 3.50483e+13 3.23381e+13 2.72518e+13 2.04929e+13 1.3136e+13 6.51371e+12 1.94377e+12 1.40881e+11 7.79933e+09 4.51942e+08 2.52041e+07 1.25496e+06 51763.1
3601.03 77755.2 1.4108e+06 2.3709e+07 3.77271e+08 5.27521e+09 4.82372e+10 1.54415e+11 3.09537e+11 4.82789e+11 6.42481e+11 7.62939e+11 8.27227e+11 8.27227e+11 7.62939e+11 6.42481e+11 4.82789e+11 3.09537e+11 1.54415e+11 4.82372e+10 5.27521e+09 3.77271e+08 2.3709e+07 1.4108e+06 77755.2 3601.03
223.388 4429.35 74129.4 1.14159e+06 1.57138e+07 1.72643e+08 1.19838e+09 3.66379e+09 7.28823e+09 1.13593e+10 1.51251e+10 1.79727e+10 1.94948e+10 1.94948e+10 1.79727e+10 1.51251e+10 1.13593e+10 7.28823e+09 3.66379e+09 1.19838e+09 1.72643e+08 1.57138e+07 1.14159e+06 74129.4 4429.35 223.388
11.6218 215.246 3330.75 46286.4 548514 4.95292e+06 2.83881e+07 8.31776e+07 1.64059e+08 2.55402e+08 3.40204e+08 4.04484e+08 4.38895e+08 4.38895e+08 4.04484e+08 3.40204e+08 2.55402e+08 1.64059e+08 8.31776e+07 2.83881e+07 4.95292e+06 548514 46286.4 3330.75 215.246 11.6218
