0.000125538 0.0023659 0.0377366 0.545146 6.7124 62.4806 365.827 1092.41 2204.01 3518.5 4800.99 5817.34 6378.44 6378.44 5817.34 4800.99 3518.5 2204.01 1092.41 365.827 62.4806 6.7124 0.545146 0.0377366 0.0023659 0.000125538
0.00239028 0.0477876 0.818653 13.1254 189.456 2165.55 15416.3 48073.6 97922.7 156707 214015 259433 284513 284513 259433 214015 156707 97922.7 48073.6 15416.3 2165.55 189.456 13.1254 0.818653 0.0477876 0.00239028
0.038561 0.829406 15.1609 263.003 4429.91 65516.9 618821 2.02223e+06 4.1554e+06 6.66388e+06 9.10808e+06 1.10456e+07 1.21158e+07 1.21158e+07 1.10456e+07 9.10808e+06 6.66388e+06 4.1554e+06 2.02223e+06 618821 65516.9 4429.91 263.003 15.1608 0.829406 0.038561
0.562595 13.4711 267.328 4812.04 87308.1 1.71804e+06 2.48501e+07 8.50799e+07 1.76076e+08 2.82827e+08 3.86826e+08 4.69298e+08 5.14864e+08 5.14864e+08 4.69298e+08 3.86826e+08 2.82827e+08 1.76076e+08 8.50799e+07 2.48501e+07 1.71804e+06 87308.1 4812.04 267.328 13.4711 0.562595
6.97815 196.41 4570.08 89204.3 1.48457e+06 3.36096e+07 1.00341e+09 3.58475e+09 7.45693e+09 1.19923e+10 1.64119e+10 1.99183e+10 2.18564e+10 2.18564e+10 1.99183e+10 1.64119e+10 1.19923e+10 7.45693e+09 3.58475e+09 1.00341e+09 3.36096e+07 1.48457e+06 89204.3 4570.08 196.41 6.97815
65.2884 2260.29 68250.8 1.78335e+06 3.46041e+07 4.89918e+08 4.91723e+10 1.79886e+11 3.74224e+11 6.01346e+11 8.2251e+11 9.97913e+11 1.09484e+12 1.09484e+12 9.97914e+11 8.2251e+11 6.01346e+11 3.74224e+11 1.79886e+11 4.91723e+10 4.89918e+08 3.46041e+07 1.78335e+06 68250.8 2260.29 65.2884
383.62 16166.4 648953 2.60616e+07 1.05244e+09 5.13489e+10 4.68449e+12 1.64292e+13 3.35327e+13 5.32609e+13 7.22872e+13 8.72746e+13 9.55228e+13 9.55228e+13 8.72746e+13 7.22872e+13 5.32609e+13 3.35327e+13 1.64292e+13 4.68449e+12 5.13489e+10 1.05244e+09 2.60616e+07 648953 16166.4 383.62
1146.61 50465.5 2.12316e+06 8.93399e+07 3.76484e+09 1.88125e+11 1.64798e+13 5.76265e+13 1.17461e+14 1.86412e+14 2.52864e+14 3.05184e+14 3.3397e+14 3.3397e+14 3.05184e+14 2.52864e+14 1.86412e+14 1.17461e+14 5.76265e+13 1.64798e+13 1.88125e+11 3.76484e+09 8.93399e+07 2.12316e+06 50465.5 1146.61
2313.38 102797 4.36289e+06 1.84897e+08 7.83171e+09 3.91405e+11 3.36714e+13 1.17587e+14 2.39538e+14 3.80013e+14 5.15357e+14 6.21898e+14 6.80508e+14 6.80508e+14 6.21898e+14 5.15357e+14 3.80013e+14 2.39538e+14 1.17587e+14 3.36714e+13 3.91405e+11 7.83171e+09 1.84897e+08 4.36289e+06 102797 2313.38
3691.8 164448 6.99407e+06 2.96885e+08 1.25902e+10 6.28761e+11 5.35036e+13 1.86694e+14 3.80183e+14 6.03005e+14 8.17649e+14 9.86593e+14 1.07953e+15 1.07953e+15 9.86593e+14 8.17649e+14 6.03005e+14 3.80183e+14 1.86694e+14 5.35036e+13 6.28761e+11 1.25902e+10 2.96885e+08 6.99407e+06 164448 3691.8
5035.1 224480 9.55473e+06 4.05852e+08 1.72215e+10 8.59616e+11 7.2626e+13 2.53285e+14 5.1567e+14 8.1778e+14 1.10877e+15 1.33778e+15 1.46375e+15 1.46375e+15 1.33778e+15 1.10877e+15 8.17781e+14 5.1567e+14 2.53285e+14 7.2626e+13 8.59616e+11 1.72215e+10 4.05852e+08 9.55473e+06 224480 5035.1
6098.5 272004 1.15823e+07 4.92162e+08 2.08914e+10 1.0425e+12 8.76836e+13 3.05698e+14 6.2229e+14 9.86778e+14 1.33782e+15 1.61408e+15 1.76603e+15 1.76603e+15 1.61408e+15 1.33782e+15 9.86778e+14 6.2229e+14 3.05698e+14 8.76836e+13 1.0425e+12 2.08914e+10 4.92162e+08 1.15823e+07 272004 6098.5
6685.13 298226 1.27012e+07 5.39809e+08 2.29181e+10 1.14347e+12 9.5968e+13 3.34528e+14 6.8093e+14 1.07972e+15 1.46378e+15 1.76601e+15 1.93226e+15 1.93226e+15 1.76601e+15 1.46378e+15 1.07972e+15 6.8093e+14 3.34528e+14 9.5968e+13 1.14347e+12 2.29181e+10 5.39809e+08 1.27012e+07 298226 6685.13
6685.13 298226 1.27012e+07 5.39809e+08 2.29181e+10 1.14347e+12 9.5968e+13 3.34528e+14 6.8093e+14 1.07972e+15 1.46378e+15 1.76601e+15 1.93226e+15 1.93226e+15 1.76601e+15 1.46378e+15 1.07972e+15 6.8093e+14 3.34528e+14 9.5968e+13 1.14347e+12 2.29181e+10 5.39809e+08 1.27012e+07 298226 6685.13
6098.5 272004 1.15823e+07 4.92162e+08 2.08914e+10 1.0425e+12 8.76836e+13 3.05698e+14 6.2229e+14 9.86778e+14 1.33782e+15 1.61408e+15 1.76603e+15 1.76603e+15 1.61408e+15 1.33782e+15 9.86778e+14 6.2229e+14 3.05698e+14 8.76836e+13 1.0425e+12 2.08914e+10 4.92162e+08 1.15823e+07 272004 6098.5
5035.1 224480 9.55473e+06 4.05852e+08 1.72215e+10 8.59616e+11 7.2626e+13 2.53285e+14 5.1567e+14 8.17781e+14 1.10877e+15 1.33778e+15 1.46375e+15 1.46375e+15 1.33778e+15 1.10877e+15 8.1778e+14 5.1567e+14 2.53285e+14 7.2626e+13 8.59616e+11 1.72215e+10 4.05852e+08 9.55473e+06 224480 5035.1
3691.8 164448 6.99407e+06 2.96885e+08 1.25902e+10 6.28761e+11 5.35036e+13 1.86694e+14 3.80183e+14 6.03005e+14 8.17649e+14 9.86593e+14 1.07953e+15 1.07953e+15 9.86593e+14 8.17649e+14 6.03005e+14 3.80183e+14 1.86694e+14 5.35036e+13 6.28761e+11 1.25902e+10 2.96885e+08 6.99407e+06 164448 3691.8
2313.38 102797 4.36289e+06 1.84897e+08 7.83171e+09 3.91405e+11 3.36714e+13 1.17587e+14 2.39538e+14 3.80013e+14 5.15357e+14 6.21898e+14 6.80508e+14 6.80508e+14 6.21898e+14 5.15357e+14 3.80013e+14 2.39538e+14 1.17587e+14 3.36714e+13 3.91405e+11 7.83171e+09 1.84897e+08 4.36289e+06 102797 2313.38
1146.61 50465.5 2.12316e+06 8.93399e+07 3.76484e+09 1.88125e+11 1.64798e+13 5.76265e+13 1.17461e+14 1.86412e+14 2.52864e+14 3.05184e+14 3.3397e+14 3.3397e+14 3.05184e+14 2.52864e+14 1.86412e+14 1.17461e+14 5.76265e+13 1.64798e+13 1.88125e+11 3.76484e+09 8.93399e+07 2.12316e+06 50465.5 1146.61
383.62 16166.4 648953 2.60616e+07 1.05244e+09 5.13489e+10 4.68449e+12 1.64292e+13 3.35327e+13 5.32609e+13 7.22872e+13 8.72746e+13 9.55228e+13 9.55228e+13 8.72746e+13 7.22872e+13 5.32609e+13 3.35327e+13 1.64292e+13 4.68449e+12 5.13489e+10 1.05244e+09 2.60616e+07 648953 16166.4 383.62
65.2884 2260.29 68250.8 1.78335e+06 3.46041e+07 4.89918e+08 4.91723e+10 1.79886e+11 3.74224e+11 6.01346e+11 8.2251e+11 9.97914e+11 1.09484e+12 1.09484e+12 9.97913e+11 8.2251e+11 6.01346e+11 3.74224e+11 1.79886e+11 4.91723e+10 4.89918e+08 3.46041e+07 1.78335e+06 68250.8 2260.29 65.2884
6.97815 196.41 4570.08 89204.3 1.48457e+06 3.36096e+07 1.00341e+09 3.58475e+09 7.45693e+09 1.19923e+10 1.64119e+10 1.99183e+10 2.18564e+10 2.18564e+10 1.99183e+10 1.64119e+10 1.19923e+10 7.45693e+09 3.58475e+09 1.00341e+09 3.36096e+07 1.48457e+06 89204.3 4570.08 196.41 6.97815
0.562595 13.4711 267.328 4812.04 87308.1 1.71804e+06 2.48501e+07 8.50799e+07 1.76076e+08 2.82827e+08 3.86826e+08 4.69298e+08 5.14864e+08 5.14864e+08 4.69298e+08 3.86826e+08 2.82827e+08 1.76076e+08 8.50799e+07 2.48501e+07 1.71804e+06 87308.1 4812.04 267.328 13.4711 0.562595
0.038561 0.829406 15.1608 263.003 4429.91 65516.9 618821 2.02223e+06 4.1554e+06 6.66388e+06 9.10808e+06 1.10456e+07 1.21158e+07 1.21158e+07 1.10456e+07 9.10808e+06 6.66388e+06 4.1554e+06 2.02223e+06 618821 65516.9 4429.91 263.003 15.1608 0.829406 0.038561
0.00239028 0.0477876 0.818653 13.1254 189.456 2165.55 15416.3 48073.6 97922.7 156707 214015 259433 284513 284513 259433 214015 156707 97922.7 48073.6 15416.3 2165.55 189.456 13.1254 0.818653 0.0477876 0.00239028
0.000125538 0.0023659 0.0377366 0.545146 6.7124 62.4806 365.827 1092.41 2204.01 3518.5 4800.99 5817.34 6378.44 6378.44 5817.34 4800.99 3518.5 2204.01 1092.41 365.827 62.4806 6.7124 0.545146 0.0377366 0.0023659 0.000125538
