0.0402329 0.767321 12.3655 180.159 2235.84 20978.3 123846 372947 758464 1.21862e+06 1.67019e+06 2.02898e+06 2.22721e+06 2.22721e+06 2.02898e+06 1.67019e+06 1.21862e+06 758464 372947 123846 20978.3 2235.84 180.159 12.3655 0.767321 0.0402329
0.776704 15.7565 273.139 4417.39 64215.9 739193 5.30286e+06 1.66838e+07 3.42778e+07 5.52367e+07 7.57942e+07 9.21296e+07 1.01156e+08 1.01156e+08 9.21296e+07 7.57942e+07 5.52367e+07 3.42778e+07 1.66838e+07 5.30286e+06 739193 64215.9 4417.39 273.139 15.7565 0.776704
12.6855 277.408 5139.44 89975.1 1.52443e+06 2.2663e+07 2.15449e+08 7.1067e+08 1.47391e+09 2.38121e+09 3.27084e+09 3.97786e+09 4.36858e+09 4.36858e+09 3.97786e+09 3.27084e+09 2.38121e+09 1.47391e+09 7.1067e+08 2.15449e+08 2.2663e+07 1.52443e+06 89975.1 5139.44 277.408 12.6855
186.948 4555.44 91747.2 1.66934e+06 3.04544e+07 6.00552e+08 8.72443e+09 3.01669e+10 6.30536e+10 1.02076e+11 1.40336e+11 1.70749e+11 1.87558e+11 1.87558e+11 1.70749e+11 1.40336e+11 1.02076e+11 6.30536e+10 3.01669e+10 8.72443e+09 6.00552e+08 3.04544e+07 1.66934e+06 91747.2 4555.44 186.948
2338.7 66980 1.58179e+06 3.12577e+07 5.24884e+08 1.18623e+10 3.54131e+11 1.27865e+12 2.68817e+12 4.3588e+12 5.99714e+12 7.29975e+12 8.01978e+12 8.01978e+12 7.29975e+12 5.99714e+12 4.3588e+12 2.68817e+12 1.27865e+12 3.54131e+11 1.18623e+10 5.24884e+08 3.12577e+07 1.58179e+06 66980 2338.7
22053.6 776301 2.37606e+07 6.27706e+08 1.2313e+10 1.76102e+11 1.74126e+13 6.44178e+13 1.35505e+14 2.1961e+14 3.02038e+14 3.67553e+14 4.03758e+14 4.03758e+14 3.67553e+14 3.02038e+14 2.1961e+14 1.35505e+14 6.44178e+13 1.74126e+13 1.76102e+11 1.2313e+10 6.27706e+08 2.37606e+07 776301 22053.6
130590 5.59155e+06 2.27177e+08 9.1994e+09 3.73426e+11 1.8241e+13 1.66191e+15 5.88188e+15 1.21209e+16 1.94072e+16 2.64929e+16 3.21005e+16 3.51932e+16 3.51932e+16 3.21005e+16 2.64929e+16 1.94072e+16 1.21209e+16 5.88188e+15 1.66191e+15 1.8241e+13 3.73426e+11 9.1994e+09 2.27177e+08 5.59155e+06 130590
393552 1.76073e+07 7.50089e+08 3.18438e+10 1.34989e+12 6.75912e+13 5.90217e+15 2.0817e+16 4.28269e+16 6.85027e+16 9.34552e+16 1.13196e+17 1.24081e+17 1.24081e+17 1.13196e+17 9.34552e+16 6.85027e+16 4.28269e+16 2.0817e+16 5.90217e+15 6.75912e+13 1.34989e+12 3.18438e+10 7.50089e+08 1.76073e+07 393552
800291 3.61724e+07 1.55557e+09 6.65555e+10 2.83784e+12 1.42205e+14 1.2178e+16 4.28814e+16 8.81474e+16 1.40921e+17 1.92188e+17 2.32739e+17 2.55098e+17 2.55098e+17 2.32739e+17 1.92188e+17 1.40921e+17 8.81474e+16 4.28814e+16 1.2178e+16 1.42205e+14 2.83784e+12 6.65555e+10 1.55557e+09 3.61724e+07 800291
1.28522e+06 5.82617e+07 2.51192e+09 1.07693e+11 4.59921e+12 2.30382e+14 1.95076e+16 6.86236e+16 1.40991e+17 2.25325e+17 3.0723e+17 3.72003e+17 4.07714e+17 4.07714e+17 3.72003e+17 3.0723e+17 2.25325e+17 1.40991e+17 6.86236e+16 1.95076e+16 2.30382e+14 4.59921e+12 1.07693e+11 2.51192e+09 5.82617e+07 1.28522e+06
1.76038e+06 7.9895e+07 3.44816e+09 1.4796e+11 6.32361e+12 3.16665e+14 2.66316e+16 9.36289e+16 1.92304e+17 3.07263e+17 4.18887e+17 5.07152e+17 5.55812e+17 5.55812e+17 5.07152e+17 4.18887e+17 3.07263e+17 1.92304e+17 9.36289e+16 2.66316e+16 3.16665e+14 6.32361e+12 1.4796e+11 3.44816e+09 7.9895e+07 1.76038e+06
2.13739e+06 9.70598e+07 4.19107e+09 1.79916e+11 7.69237e+12 3.85131e+14 3.22652e+16 1.13397e+17 2.32864e+17 3.72019e+17 5.0712e+17 6.13939e+17 6.72825e+17 6.72825e+17 6.13939e+17 5.0712e+17 3.72018e+17 2.32864e+17 1.13397e+17 3.22652e+16 3.85131e+14 7.69237e+12 1.79916e+11 4.19107e+09 9.70598e+07 2.13739e+06
2.34546e+06 1.06534e+08 4.60117e+09 1.97558e+11 8.44803e+12 4.22922e+14 3.53703e+16 1.24292e+17 2.55214e+17 4.07701e+17 5.55736e+17 6.72775e+17 7.37293e+17 7.37293e+17 6.72775e+17 5.55736e+17 4.07701e+17 2.55214e+17 1.24292e+17 3.53703e+16 4.22922e+14 8.44803e+12 1.97558e+11 4.60117e+09 1.06534e+08 2.34546e+06
2.34546e+06 1.06534e+08 4.60117e+09 1.97558e+11 8.44803e+12 4.22922e+14 3.53703e+16 1.24292e+17 2.55214e+17 4.07701e+17 5.55736e+17 6.72775e+17 7.37293e+17 7.37293e+17 6.72775e+17 5.55736e+17 4.07701e+17 2.55214e+17 1.24292e+17 3.53703e+16 4.22922e+14 8.44803e+12 1.97558e+11 4.60117e+09 1.06534e+08 2.34546e+06
2.13739e+06 9.70598e+07 4.19107e+09 1.79916e+11 7.69237e+12 3.85131e+14 3.22652e+16 1.13397e+17 2.32864e+17 3.72018e+17 5.0712e+17 6.13939e+17 6.72825e+17 6.72825e+17 6.13939e+17 5.0712e+17 3.72019e+17 2.32864e+17 1.13397e+17 3.22652e+16 3.85131e+14 7.69237e+12 1.79916e+11 4.19107e+09 9.70598e+07 2.13739e+06
1.76038e+06 7.9895e+07 3.44816e+09 1.4796e+11 6.32361e+12 3.16665e+14 2.66316e+16 9.36289e+16 1.92304e+17 3.07263e+17 4.18887e+17 5.07152e+17 5.55812e+17 5.55812e+17 5.07152e+17 4.18887e+17 3.07263e+17 1.92304e+17 9.36289e+16 2.66316e+16 3.16665e+14 6.32361e+12 1.4796e+11 3.44816e+09 7.9895e+07 1.76038e+06
1.28522e+06 5.82617e+07 2.51192e+09 1.07693e+11 4.59921e+12 2.30382e+14 1.95076e+16 6.86236e+16 1.40991e+17 2.25325e+17 3.0723e+17 3.72003e+17 4.07714e+17 4.07714e+17 3.72003e+17 3.0723e+17 2.25325e+17 1.40991e+17 6.86236e+16 1.95076e+16 2.30382e+14 4.59921e+12 1.07693e+11 2.51192e+09 5.82617e+07 1.28522e+06
800291 3.61724e+07 1.55557e+09 6.65555e+10 2.83784e+12 1.42205e+14 1.2178e+16 4.28814e+16 8.81474e+16 1.40921e+17 1.92188e+17 2.32739e+17 2.55098e+17 2.55098e+17 2.32739e+17 1.92188e+17 1.40921e+17 8.81474e+16 4.28814e+16 1.2178e+16 1.42205e+14 2.83784e+12 6.65555e+10 1.55557e+09 3.61724e+07 800291
393552 1.76073e+07 7.50089e+08 3.18438e+10 1.34989e+12 6.75912e+13 5.90217e+15 2.0817e+16 4.28269e+16 6.85027e+16 9.34552e+16 1.13196e+17 1.24081e+17 1.24081e+17 1.13196e+17 9.34552e+16 6.85027e+16 4.28269e+16 2.0817e+16 5.90217e+15 6.75912e+13 1.34989e+12 3.18438e+10 7.50089e+08 1.76073e+07 393552
130590 5.59155e+06 2.27177e+08 9.1994e+09 3.73426e+11 1.8241e+13 1.66191e+15 5.88188e+15 1.21209e+16 1.94072e+16 2.64929e+16 3.21005e+16 3.51932e+16 3.51932e+16 3.21005e+16 2.64929e+16 1.94072e+16 1.21209e+16 5.88188e+15 1.66191e+15 1.8241e+13 3.73426e+11 9.1994e+09 2.27177e+08 5.59155e+06 130590
22053.6 776301 2.37606e+07 6.27706e+08 1.2313e+10 1.76102e+11 1.74126e+13 6.44178e+13 1.35505e+14 2.1961e+14 3.02038e+14 3.67553e+14 4.03758e+14 4.03758e+14 3.67553e+14 3.02038e+14 2.1961e+14 1.35505e+14 6.44178e+13 1.74126e+13 1.76102e+11 1.2313e+10 6.27706e+08 2.37606e+07 776301 22053.6
2338.7 66980 1.58179e+06 3.12577e+07 5.24884e+08 1.18623e+10 3.54131e+11 1.27865e+12 2.68817e+12 4.3588e+12 5.99714e+12 7.29975e+12 8.01978e+12 8.01978e+12 7.29975e+12 5.99714e+12 4.3588e+12 2.68817e+12 1.27865e+12 3.54131e+11 1.18623e+10 5.24884e+08 3.12577e+07 1.58179e+06 66980 2338.7
186.948 4555.44 91747.2 1.66934e+06 3.04544e+07 6.00552e+08 8.72443e+09 3.01669e+10 6.30536e+10 1.02076e+11 1.40336e+11 1.70749e+11 1.87558e+11 1.87558e+11 1.70749e+11 1.40336e+11 1.02076e+11 6.30536e+10 3.01669e+10 8.72443e+09 6.00552e+08 3.04544e+07 1.66934e+06 91747.2 4555.44 186.948
12.6855 277.408 5139.44 89975.1 1.52443e+06 2.2663e+07 2.15449e+08 7.1067e+08 1.47391e+09 2.38121e+09 3.27084e+09 3.97786e+09 4.36858e+09 4.36858e+09 3.97786e+09 3.27084e+09 2.38121e+09 1.47391e+09 7.1067e+08 2.15449e+08 2.2663e+07 1.52443e+06 89975.1 5139.44 277.408 12.6855
0.776704 15.7565 273.139 4417.39 64215.9 739193 5.30286e+06 1.66838e+07 3.42778e+07 5.52367e+07 7.57942e+07 9.21296e+07 1.01156e+08 1.01156e+08 9.21296e+07 7.57942e+07 5.52367e+07 3.42778e+07 1.66838e+07 5.30286e+06 739193 64215.9 4417.39 273.139 15.7565 0.776704
0.0402329 0.767321 12.3655 180.159 2235.84 20978.3 123846 372947 758464 1.21862e+06 1.67019e+06 2.02898e+06 2.22721e+06 2.22721e+06 2.02898e+06 1.67019e+06 1.21862e+06 758464 372947 123846 20978.3 2235.84 180.159 12.3655 0.767321 0.0402329
