0.436515 8.27891 132.223 1906.13 23410.4 217636 1.27379e+06 3.7939e+06 7.61178e+06 1.20542e+07 1.63028e+07 1.96052e+07 2.14031e+07 2.14031e+07 1.96052e+07 1.63028e+07 1.20542e+07 7.61178e+06 3.7939e+06 1.27379e+06 217636 23410.4 1906.13 132.223 8.27891 0.436515
8.42252 170.328 2930.07 46870.5 673169 7.66647e+06 5.45049e+07 1.69548e+08 3.43461e+08 5.4517e+08 7.37765e+08 8.87342e+08 9.68734e+08 9.68734e+08 8.87342e+08 7.37765e+08 5.4517e+08 3.43461e+08 1.69548e+08 5.45049e+07 7.66647e+06 673169 46870.5 2930.07 170.328 8.42252
137.078 2995.38 55240 958107 1.60119e+07 2.34898e+08 2.21158e+09 7.20991e+09 1.47341e+10 2.34307e+10 3.17212e+10 3.81544e+10 4.16532e+10 4.16532e+10 3.81544e+10 3.17212e+10 2.34307e+10 1.47341e+10 7.20991e+09 2.21158e+09 2.34898e+08 1.60119e+07 958107 55240 2995.38 137.078
2007.29 48955.9 985287 1.78609e+07 3.21866e+08 6.23237e+09 8.95105e+10 3.05763e+11 6.2931e+11 1.00208e+12 1.35698e+12 1.63215e+12 1.78172e+12 1.78172e+12 1.63215e+12 1.35698e+12 1.00208e+12 6.2931e+11 3.05763e+11 8.95105e+10 6.23237e+09 3.21866e+08 1.78609e+07 985287 48955.9 2007.29
24899.8 713818 1.68746e+07 3.34369e+08 5.6154e+09 1.23902e+11 3.63494e+12 1.29595e+13 2.68095e+13 4.27272e+13 5.78662e+13 6.9595e+13 7.59666e+13 7.59666e+13 6.9595e+13 5.78662e+13 4.27272e+13 2.68095e+13 1.29595e+13 3.63494e+12 1.23902e+11 5.6154e+09 3.34369e+08 1.68746e+07 713818 24899.8
232611 8.18898e+06 2.50651e+08 6.63794e+09 1.31409e+11 1.90376e+12 1.79405e+14 6.55231e+14 1.35623e+15 2.16052e+15 2.9252e+15 3.51757e+15 3.83938e+15 3.83938e+15 3.51757e+15 2.9252e+15 2.16052e+15 1.35623e+15 6.55231e+14 1.79405e+14 1.90376e+12 1.31409e+11 6.63794e+09 2.50651e+08 8.18898e+06 232611
1.36374e+06 5.83564e+07 2.36799e+09 9.58486e+10 3.89275e+12 1.89839e+14 1.71081e+16 6.00585e+16 1.22464e+17 1.93881e+17 2.6196e+17 3.14946e+17 3.43849e+17 3.43849e+17 3.14946e+17 2.6196e+17 1.93881e+17 1.22464e+17 6.00585e+16 1.71081e+16 1.89839e+14 3.89275e+12 9.58486e+10 2.36799e+09 5.83564e+07 1.36374e+06
4.06136e+06 1.81518e+08 7.71978e+09 3.27425e+11 1.38794e+13 6.94072e+14 6.02625e+16 2.10944e+17 4.29598e+17 6.79686e+17 9.18053e+17 1.10359e+18 1.20481e+18 1.20481e+18 1.10359e+18 9.18053e+17 6.79686e+17 4.29598e+17 2.10944e+17 6.02625e+16 6.94072e+14 1.38794e+13 3.27425e+11 7.71978e+09 1.81518e+08 4.06136e+06
8.14159e+06 3.67398e+08 1.57624e+10 6.73299e+11 2.86866e+13 1.4358e+15 1.22964e+17 4.29904e+17 8.74944e+17 1.38367e+18 1.86836e+18 2.24553e+18 2.45126e+18 2.45126e+18 2.24553e+18 1.86836e+18 1.38367e+18 8.74944e+17 4.29904e+17 1.22964e+17 1.4358e+15 2.86866e+13 6.73299e+11 1.57624e+10 3.67398e+08 8.14159e+06
1.28782e+07 5.82465e+08 2.5035e+10 1.07076e+12 4.56587e+13 2.28461e+15 1.94621e+17 6.80017e+17 1.38337e+18 2.18691e+18 2.95212e+18 3.54737e+18 3.87198e+18 3.87198e+18 3.54737e+18 2.95212e+18 2.18691e+18 1.38337e+18 6.80017e+17 1.94621e+17 2.28461e+15 4.56587e+13 1.07076e+12 2.5035e+10 5.82465e+08 1.28782e+07
1.7396e+07 7.87245e+08 3.38491e+10 1.44803e+12 6.175e+13 3.08908e+15 2.62789e+17 9.17942e+17 1.86684e+18 2.95038e+18 3.98176e+18 4.78377e+18 5.22104e+18 5.22104e+18 4.78377e+18 3.98176e+18 2.95038e+18 1.86684e+18 9.17942e+17 2.62789e+17 3.08908e+15 6.175e+13 1.44803e+12 3.38491e+10 7.87245e+08 1.7396e+07
2.0899e+07 9.45874e+08 4.06701e+10 1.73972e+12 7.41798e+13 3.71042e+15 3.15735e+17 1.10277e+18 2.24234e+18 3.54313e+18 4.78088e+18 5.74309e+18 6.26761e+18 6.26761e+18 5.74309e+18 4.78088e+18 3.54313e+18 2.24234e+18 1.10277e+18 3.15735e+17 3.71042e+15 7.41798e+13 1.73972e+12 4.06701e+10 9.45874e+08 2.0899e+07
2.28027e+07 1.03203e+09 4.43726e+10 1.89794e+12 8.0918e+13 4.04722e+15 3.4457e+17 1.20345e+18 2.44685e+18 3.86591e+18 5.21594e+18 6.26529e+18 6.83724e+18 6.83724e+18 6.26529e+18 5.21594e+18 3.86591e+18 2.44685e+18 1.20345e+18 3.4457e+17 4.04722e+15 8.0918e+13 1.89794e+12 4.43726e+10 1.03203e+09 2.28027e+07
2.28027e+07 1.03203e+09 4.43726e+10 1.89794e+12 8.0918e+13 4.04722e+15 3.4457e+17 1.20345e+18 2.44685e+18 3.86591e+18 5.21594e+18 6.26529e+18 6.83724e+18 6.83724e+18 6.26529e+18 5.21594e+18 3.86591e+18 2.44685e+18 1.20345e+18 3.4457e+17 4.04722e+15 8.0918e+13 1.89794e+12 4.43726e+10 1.03203e+09 2.28027e+07
2.0899e+07 9.45874e+08 4.06701e+10 1.73972e+12 7.41798e+13 3.71042e+15 3.15735e+17 1.10277e+18 2.24234e+18 3.54313e+18 4.78088e+18 5.74309e+18 6.26761e+18 6.26761e+18 5.74309e+18 4.78088e+18 3.54313e+18 2.24234e+18 1.10277e+18 3.15735e+17 3.71042e+15 7.41798e+13 1.73972e+12 4.06701e+10 9.45874e+08 2.0899e+07
1.7396e+07 7.87245e+08 3.38491e+10 1.44803e+12 6.175e+13 3.08908e+15 2.62789e+17 9.17942e+17 1.86684e+18 2.95038e+18 3.98176e+18 4.78377e+18 5.22104e+18 5.22104e+18 4.78377e+18 3.98176e+18 2.95038e+18 1.86684e+18 9.17942e+17 2.62789e+17 3.08908e+15 6.175e+13 1.44803e+12 3.38491e+10 7.87245e+08 1.7396e+07
1.28782e+07 5.82465e+08 2.5035e+10 1.07076e+12 4.56587e+13 2.28461e+15 1.94621e+17 6.80017e+17 1.38337e+18 2.18691e+18 2.95212e+18 3.54737e+18 3.87198e+18 3.87198e+18 3.54737e+18 2.95212e+18 2.18691e+18 1.38337e+18 6.80017e+17 1.94621e+17 2.28461e+15 4.56587e+13 1.07076e+12 2.5035e+10 5.82465e+08 1.28782e+07
8.14159e+06 3.67398e+08 1.57624e+10 6.73299e+11 2.86866e+13 1.4358e+15 1.22964e+17 4.29904e+17 8.74944e+17 1.38367e+18 1.86836e+18 2.24553e+18 2.45126e+18 2.45126e+18 2.24553e+18 1.86836e+18 1.38367e+18 8.74944e+17 4.29904e+17 1.22964e+17 1.4358e+15 2.86866e+13 6.73299e+11 1.57624e+10 3.67398e+08 8.14159e+06
4.06136e+06 1.81518e+08 7.71978e+09 3.27425e+11 1.38794e+13 6.94072e+14 6.02625e+16 2.10944e+17 4.29598e+17 6.79686e+17 9.18053e+17 1.10359e+18 1.20481e+18 1.20481e+18 1.10359e+18 9.18053e+17 6.79686e+17 4.29598e+17 2.10944e+17 6.02625e+16 6.94072e+14 1.38794e+13 3.27425e+11 7.71978e+09 1.81518e+08 4.06136e+06
1.36374e+06 5.83564e+07 2.36799e+09 9.58486e+10 3.89275e+12 1.89839e+14 1.71081e+16 6.00585e+16 1.22464e+17 1.93881e+17 2.6196e+17 3.14946e+17 3.43849e+17 3.43849e+17 3.14946e+17 2.6196e+17 1.93881e+17 1.22464e+17 6.00585e+16 1.71081e+16 1.89839e+14 3.89275e+12 9.58486e+10 2.36799e+09 5.83564e+07 1.36374e+06
232611 8.18898e+06 2.50651e+08 6.63794e+09 1.31409e+11 1.90376e+12 1.79405e+14 6.55231e+14 1.35623e+15 2.16052e+15 2.9252e+15 3.51757e+15 3.83938e+15 3.83938e+15 3.51757e+15 2.9252e+15 2.16052e+15 1.35623e+15 6.55231e+14 1.79405e+14 1.90376e+12 1.31409e+11 6.63794e+09 2.50651e+08 8.18898e+06 232611
24899.8 713818 1.68746e+07 3.34369e+08 5.6154e+09 1.23902e+11 3.63494e+12 1.29595e+13 2.68095e+13 4.27272e+13 5.78662e+13 6.9595e+13 7.59666e+13 7.59666e+13 6.9595e+13 5.78662e+13 4.27272e+13 2.68095e+13 1.29595e+13 3.63494e+12 1.23902e+11 5.6154e+09 3.34369e+08 1.68746e+07 713818 24899.8
2007.29 48955.9 985287 1.78609e+07 3.21866e+08 6.23237e+09 8.95105e+10 3.05763e+11 6.2931e+11 1.00208e+12 1.35698e+12 1.63215e+12 1.78172e+12 1.78172e+12 1.63215e+12 1.35698e+12 1.00208e+12 6.2931e+11 3.05763e+11 8.95105e+10 6.23237e+09 3.21866e+08 1.78609e+07 985287 48955.9 2007.29
137.078 2995.38 55240 958107 1.60119e+07 2.34898e+08 2.21158e+09 7.20991e+09 1.47341e+10 2.34307e+10 3.17212e+10 3.81544e+10 4.16532e+10 4.16532e+10 3.81544e+10 3.17212e+10 2.34307e+10 1.47341e+10 7.20991e+09 2.21158e+09 2.34898e+08 1.60119e+07 958107 55240 2995.38 137.078
8.42252 170.328 2930.07 46870.5 673169 7.66647e+06 5.45049e+07 1.69548e+08 3.43461e+08 5.4517e+08 7.37765e+08 8.87342e+08 9.68734e+08 9.68734e+08 8.87342e+08 7.37765e+08 5.4517e+08 3.43461e+08 1.69548e+08 5.45049e+07 7.66647e+06 673169 46870.5 2930.07 170.328 8.42252
0.436515 8.27891 132.223 1906.13 23410.4 217636 1.27379e+06 3.7939e+06 7.61178e+06 1.20542e+07 1.63028e+07 1.96052e+07 2.14031e+07 2.14031e+07 1.96052e+07 1.63028e+07 1.20542e+07 7.61178e+06 3.7939e+06 1.27379e+06 217636 23410.4 1906.13 132.223 8.27891 0.436515
