9.13041e-05 0.00171664 0.027302 0.393192 4.82655 44.7917 261.394 776.927 1558.58 2473.37 3356.99 4051.51 4432.89 4432.89 4051.51 3356.99 2473.37 1558.58 776.927 261.394 44.7917 4.82655 0.393192 0.027302 0.00171664 9.1304e-05
0.0017359 0.0346296 0.591632 9.45586 136.043 1550.2 11000.3 34137.9 69122.1 109931 149300 180236 197224 197224 180236 149300 109931 69122.1 34137.9 11000.3 1550.2 136.043 9.45586 0.591632 0.0346296 0.0017359
0.0279508 0.600103 10.9451 189.327 3178.01 46845.5 441106 1.4343e+06 2.92887e+06 4.66642e+06 6.34106e+06 7.65682e+06 8.3794e+06 8.3794e+06 7.65682e+06 6.34106e+06 4.66642e+06 2.92887e+06 1.4343e+06 441106 46845.5 3178.01 189.327 10.9451 0.600103 0.0279508
0.406845 9.72703 192.732 3462.58 62625.3 1.22759e+06 1.77031e+07 6.02964e+07 1.23969e+08 1.97777e+08 2.68869e+08 3.2473e+08 3.55411e+08 3.55411e+08 3.2473e+08 2.68869e+08 1.97777e+08 1.23969e+08 6.02964e+07 1.77031e+07 1.22759e+06 62625.3 3462.58 192.732 9.72703 0.406845
5.0327 141.454 3287.63 64122 1.06585e+06 2.40198e+07 7.1473e+08 2.53957e+09 5.24654e+09 8.37769e+09 1.13932e+10 1.3763e+10 1.50648e+10 1.50648e+10 1.3763e+10 1.13932e+10 8.37769e+09 5.24654e+09 2.53957e+09 7.1473e+08 2.40198e+07 1.06585e+06 64122 3287.63 141.454 5.0327
46.9462 1623.01 48955.3 1.2785e+06 2.48214e+07 3.51725e+08 3.50511e+10 1.27521e+11 2.63458e+11 4.20357e+11 5.71361e+11 6.89999e+11 7.55159e+11 7.55159e+11 6.89999e+11 5.71361e+11 4.20357e+11 2.63458e+11 1.27521e+11 3.50511e+10 3.51725e+08 2.48214e+07 1.2785e+06 48955.3 1623.01 46.9462
274.888 11568.7 463927 1.86207e+07 7.51884e+08 3.66833e+10 3.33939e+12 1.16689e+13 2.37059e+13 3.74721e+13 5.06422e+13 6.09495e+13 6.65983e+13 6.65983e+13 6.09495e+13 5.06422e+13 3.74721e+13 2.37059e+13 1.16689e+13 3.33939e+12 3.66833e+10 7.51884e+08 1.86207e+07 463927 11568.7 274.888
817.649 35932.7 1.50995e+06 6.3488e+07 2.67448e+09 1.33635e+11 1.1704e+13 4.07879e+13 8.27706e+13 1.30754e+14 1.76641e+14 2.12545e+14 2.32218e+14 2.32218e+14 2.12545e+14 1.76641e+14 1.30754e+14 8.27706e+13 4.07879e+13 1.1704e+13 1.33635e+11 2.67448e+09 6.3488e+07 1.50995e+06 35932.7 817.649
1639.99 72743.5 3.08281e+06 1.30506e+08 5.52409e+09 2.76061e+11 2.37977e+13 8.28432e+13 1.68038e+14 2.65387e+14 3.58469e+14 4.31291e+14 4.71193e+14 4.71193e+14 4.31291e+14 3.58469e+14 2.65387e+14 1.68038e+14 8.28432e+13 2.37977e+13 2.76061e+11 5.52409e+09 1.30506e+08 3.08281e+06 72743.5 1639.99
2601.18 115627 4.90891e+06 2.08084e+08 8.81559e+09 4.40233e+11 3.76247e+13 1.30898e+14 2.65447e+14 4.19169e+14 5.66141e+14 6.81118e+14 7.44117e+14 7.44117e+14 6.81118e+14 5.66141e+14 4.19169e+14 2.65447e+14 1.30898e+14 3.76247e+13 4.40233e+11 8.81559e+09 2.08084e+08 4.90891e+06 115627 2601.18
3528.26 156935 6.66615e+06 2.82689e+08 1.19803e+10 5.9799e+11 5.08447e+13 1.76827e+14 3.58535e+14 5.66118e+14 7.64576e+14 9.19826e+14 1.00489e+15 1.00489e+15 9.19826e+14 7.64576e+14 5.66118e+14 3.58535e+14 1.76827e+14 5.08447e+13 5.9799e+11 1.19803e+10 2.82689e+08 6.66615e+06 156935 3528.26
4255.95 189349 8.04485e+06 3.41223e+08 1.44636e+10 7.21753e+11 6.11839e+13 2.1274e+14 4.31317e+14 6.81008e+14 9.19714e+14 1.10645e+15 1.20876e+15 1.20876e+15 1.10645e+15 9.19714e+14 6.81008e+14 4.31317e+14 2.1274e+14 6.11839e+13 7.21753e+11 1.44636e+10 3.41223e+08 8.04485e+06 189349 4255.95
4655.17 207132 8.80123e+06 3.73339e+08 1.58263e+10 7.89658e+11 6.68474e+13 2.3241e+14 4.71179e+14 7.43929e+14 1.00468e+15 1.20865e+15 1.32041e+15 1.32041e+15 1.20865e+15 1.00468e+15 7.43929e+14 4.71179e+14 2.3241e+14 6.68474e+13 7.89658e+11 1.58263e+10 3.73339e+08 8.80123e+06 207132 4655.17
4655.17 207132 8.80123e+06 3.73339e+08 1.58263e+10 7.89658e+11 6.68474e+13 2.3241e+14 4.71179e+14 7.43929e+14 1.00468e+15 1.20865e+15 1.32041e+15 1.32041e+15 1.20865e+15 1.00468e+15 7.43929e+14 4.71179e+14 2.3241e+14 6.68474e+13 7.89658e+11 1.58263e+10 3.73339e+08 8.80123e+06 207132 4655.17
4255.95 189349 8.04485e+06 3.41223e+08 1.44636e+10 7.21753e+11 6.11839e+13 2.1274e+14 4.31317e+14 6.81008e+14 9.19714e+14 1.10645e+15 1.20876e+15 1.20876e+15 1.10645e+15 9.19714e+14 6.81008e+14 4.31317e+14 2.1274e+14 6.11839e+13 7.21753e+11 1.44636e+10 3.41223e+08 8.04485e+06 189349 4255.95
3528.26 156935 6.66615e+06 2.82689e+08 1.19803e+10 5.9799e+11 5.08447e+13 1.76827e+14 3.58535e+14 5.66118e+14 7.64576e+14 9.19826e+14 1.00489e+15 1.00489e+15 9.19826e+14 7.64576e+14 5.66118e+14 3.58535e+14 1.76827e+14 5.08447e+13 5.9799e+11 1.19803e+10 2.82689e+08 6.66615e+06 156935 3528.26
2601.18 115627 4.90891e+06 2.08084e+08 8.81559e+09 4.40233e+11 3.76247e+13 1.30898e+14 2.65447e+14 4.19169e+14 5.66141e+14 6.81118e+14 7.44117e+14 7.44117e+14 6.81118e+14 5.66141e+14 4.19169e+14 2.65447e+14 1.30898e+14 3.76247e+13 4.40233e+11 8.81559e+09 2.08084e+08 4.90891e+06 115627 2601.18
1639.99 72743.5 3.08281e+06 1.30506e+08 5.52409e+09 2.76061e+11 2.37977e+13 8.28432e+13 1.68038e+14 2.65387e+14 3.58469e+14 4.31291e+14 4.71193e+14 4.71193e+14 4.31291e+14 3.58469e+14 2.65387e+14 1.68038e+14 8.28432e+13 2.37977e+13 2.76061e+11 5.52409e+09 1.30506e+08 3.08281e+06 72743.5 1639.99
817.649 35932.7 1.50995e+06 6.3488e+07 2.67448e+09 1.33635e+11 1.1704e+13 4.07879e+13 8.27706e+13 1.30754e+14 1.76641e+14 2.12545e+14 2.32218e+14 2.32218e+14 2.12545e+14 1.76641e+14 1.30754e+14 8.27706e+13 4.07879e+13 1.1704e+13 1.33635e+11 2.67448e+09 6.3488e+07 1.50995e+06 35932.7 817.649
274.888 11568.7 463927 1.86207e+07 7.51884e+08 3.66833e+10 3.33939e+12 1.16689e+13 2.37059e+13 3.74721e+13 5.06422e+13 6.09495e+13 6.65983e+13 6.65983e+13 6.09495e+13 5.06422e+13 3.74721e+13 2.37059e+13 1.16689e+13 3.33939e+12 3.66833e+10 7.51884e+08 1.86207e+07 463927 11568.7 274.888
46.9462 1623.01 48955.3 1.2785e+06 2.48214e+07 3.51725e+08 3.50511e+10 1.27521e+11 2.63458e+11 4.20357e+11 5.71361e+11 6.89999e+11 7.55159e+11 7.55159e+11 6.89999e+11 5.71361e+11 4.20357e+11 2.63458e+11 1.27521e+11 3.50511e+10 3.51725e+08 2.48214e+07 1.2785e+06 48955.3 1623.01 46.9462
5.0327 141.454 3287.63 64122 1.06585e+06 2.40198e+07 7.1473e+08 2.53957e+09 5.24654e+09 8.37769e+09 1.13932e+10 1.3763e+10 1.50648e+10 1.50648e+10 1.3763e+10 1.13932e+10 8.37769e+09 5.24654e+09 2.53957e+09 7.1473e+08 2.40198e+07 1.06585e+06 64122 3287.63 141.454 5.0327
0.406845 9.72703 192.732 3462.58 62625.3 1.22759e+06 1.77031e+07 6.02964e+07 1.23969e+08 1.97777e+08 2.68869e+08 3.2473e+08 3.55411e+08 3.55411e+08 3.2473e+08 2.68869e+08 1.97777e+08 1.23969e+08 6.02964e+07 1.77031e+07 1.22759e+06 62625.3 3462.58 192.732 9.72703 0.406845
0.0279508 0.600103 10.9451 189.327 3178.01 46845.5 441106 1.4343e+06 2.92887e+06 4.66642e+06 6.34106e+06 7.65682e+06 8.3794e+06 8.3794e+06 7.65682e+06 6.34106e+06 4.66642e+06 2.92887e+06 1.4343e+06 441106 46845.5 3178.01 189.327 10.9451 0.600102 0.0279508
0.0017359 0.0346296 0.591632 9.45586 136.043 1550.2 11000.3 34137.9 69122.1 109931 149300 180236 197224 197224 180236 149300 109931 69122.1 34137.9 11000.3 1550.2 136.043 9.45586 0.591632 0.0346296 0.0017359
9.13041e-05 0.00171664 0.027302 0.393192 4.82655 44.7917 261.394 776.927 1558.58 2473.37 3356.99 4051.51 4432.89 4432.89 4051.51 3356.99 2473.37 1558.58 776.927 261.394 44.7917 4.82655 0.393192 0.027302 0.00171664 9.13038e-05
