0.0612581 1.15666 18.4626 266.641 3281.39 30531.2 178632 531947 1.0681e+06 1.69457e+06 2.29734e+06 2.76887e+06 3.0268e+06 3.0268e+06 2.76887e+06 2.29734e+06 1.69457e+06 1.0681e+06 531947 178632 30531.2 3281.39 266.641 18.4626 1.15666 0.061258
1.17108 23.4857 403.001 6460.12 93145.2 1.06371e+06 7.56673e+06 2.35329e+07 4.77048e+07 7.58598e+07 1.02914e+08 1.24067e+08 1.35635e+08 1.35635e+08 1.24067e+08 1.02914e+08 7.58598e+07 4.77048e+07 2.35329e+07 7.56673e+06 1.06371e+06 93145.2 6460.12 403.001 23.4857 1.17108
18.9498 409.425 7508.25 130330 2.19123e+06 3.234e+07 3.05127e+08 9.94515e+08 2.0337e+09 3.24019e+09 4.39816e+09 5.30318e+09 5.79806e+09 5.79806e+09 5.30318e+09 4.39816e+09 3.24019e+09 2.0337e+09 9.94515e+08 3.05127e+08 3.234e+07 2.19123e+06 130330 7508.25 409.425 18.9498
276.877 6665.96 132949 2.40031e+06 4.3489e+07 8.52024e+08 1.22988e+10 4.20001e+10 8.64954e+10 1.38004e+11 1.87399e+11 2.25993e+11 2.47093e+11 2.47093e+11 2.25993e+11 1.87399e+11 1.38004e+11 8.64954e+10 4.20001e+10 1.22988e+10 8.52024e+08 4.3489e+07 2.40031e+06 132949 6665.96 276.877
3434.99 97229.1 2.27532e+06 4.46608e+07 7.45891e+08 1.67645e+10 4.9805e+11 1.77489e+12 3.67373e+12 5.86713e+12 7.96951e+12 9.61176e+12 1.05095e+13 1.05095e+13 9.61176e+12 7.96951e+12 5.86713e+12 3.67373e+12 1.77489e+12 4.9805e+11 1.67645e+10 7.45891e+08 4.46608e+07 2.27532e+06 97229.1 3434.99
32120.2 1.11801e+06 3.39354e+07 8.91356e+08 1.74175e+10 2.48486e+11 2.44831e+13 8.93686e+13 1.85049e+14 2.9537e+14 4.01067e+14 4.83618e+14 5.28739e+14 5.28739e+14 4.83618e+14 4.01067e+14 2.9537e+14 1.85049e+14 8.93686e+13 2.44831e+13 2.48486e+11 1.74175e+10 8.91356e+08 3.39354e+07 1.11801e+06 32120.2
188469 7.98406e+06 3.21986e+08 1.298e+10 5.25725e+11 2.56742e+13 2.33422e+15 8.18373e+15 1.66748e+16 2.64061e+16 3.57133e+16 4.29852e+16 4.69637e+16 4.69637e+16 4.29852e+16 3.57133e+16 2.64061e+16 1.66748e+16 8.18373e+15 2.33422e+15 2.56742e+13 5.25725e+11 1.298e+10 3.21986e+08 7.98406e+06 188469
561448 2.48423e+07 1.05006e+09 4.43547e+10 1.87479e+12 9.38193e+13 8.20822e+15 2.86974e+16 5.84045e+16 9.24327e+16 1.24972e+17 1.50395e+17 1.64304e+17 1.64304e+17 1.50395e+17 1.24972e+17 9.24327e+16 5.84045e+16 2.86974e+16 8.20822e+15 9.38193e+13 1.87479e+12 4.43547e+10 1.05006e+09 2.48423e+07 561448
1.12665e+06 5.03283e+07 2.14593e+09 9.12854e+10 3.87793e+12 1.94168e+14 1.67351e+16 5.84427e+16 1.18881e+17 1.88088e+17 2.54255e+17 3.05946e+17 3.34227e+17 3.34227e+17 3.05946e+17 2.54255e+17 1.88088e+17 1.18881e+17 5.84427e+16 1.67351e+16 1.94168e+14 3.87793e+12 9.12854e+10 2.14593e+09 5.03283e+07 1.12665e+06
1.78562e+06 7.9947e+07 3.41527e+09 1.45483e+11 6.18606e+12 3.09598e+14 2.6497e+16 9.24805e+16 1.88064e+17 2.97489e+17 4.02088e+17 4.83795e+17 5.28495e+17 5.28495e+17 4.83795e+17 4.02088e+17 2.97489e+17 1.88064e+17 9.24805e+16 2.6497e+16 3.09598e+14 6.18606e+12 1.45483e+11 3.41527e+09 7.9947e+07 1.78562e+06
2.41808e+06 1.08334e+08 4.63029e+09 1.97312e+11 8.39203e+12 4.19877e+14 3.58186e+16 1.2498e+17 2.5411e+17 4.01912e+17 5.43174e+17 6.53507e+17 7.13864e+17 7.13864e+17 6.53507e+17 5.43174e+17 4.01912e+17 2.5411e+17 1.2498e+17 3.58186e+16 4.19877e+14 8.39203e+12 1.97312e+11 4.63029e+09 1.08334e+08 2.41808e+06
2.91168e+06 1.30475e+08 5.57751e+09 2.37702e+11 1.01105e+13 5.05777e+14 4.309e+16 1.50332e+17 3.05629e+17 4.83359e+17 6.53206e+17 7.85855e+17 8.58415e+17 8.58415e+17 7.85855e+17 6.53206e+17 4.83359e+17 3.05629e+17 1.50332e+17 4.309e+16 5.05777e+14 1.01105e+13 2.37702e+11 5.57751e+09 1.30475e+08 2.91168e+06
3.18124e+06 1.42563e+08 6.09454e+09 2.59742e+11 1.10481e+13 5.52639e+14 4.70634e+16 1.64187e+17 3.33785e+17 5.27868e+17 7.13332e+17 8.58171e+17 9.37397e+17 9.37397e+17 8.58171e+17 7.13332e+17 5.27868e+17 3.33785e+17 1.64187e+17 4.70634e+16 5.52639e+14 1.10481e+13 2.59742e+11 6.09454e+09 1.42563e+08 3.18124e+06
3.18124e+06 1.42563e+08 6.09454e+09 2.59742e+11 1.10481e+13 5.52639e+14 4.70634e+16 1.64187e+17 3.33785e+17 5.27868e+17 7.13332e+17 8.58171e+17 9.37397e+17 9.37397e+17 8.58171e+17 7.13332e+17 5.27868e+17 3.33785e+17 1.64187e+17 4.70634e+16 5.52639e+14 1.10481e+13 2.59742e+11 6.09454e+09 1.42563e+08 3.18124e+06
2.91168e+06 1.30475e+08 5.57751e+09 2.37702e+11 1.01105e+13 5.05777e+14 4.309e+16 1.50332e+17 3.05629e+17 4.83359e+17 6.53206e+17 7.85855e+17 8.58415e+17 8.58415e+17 7.85855e+17 6.53206e+17 4.83359e+17 3.05629e+17 1.50332e+17 4.309e+16 5.05777e+14 1.01105e+13 2.37702e+11 5.57751e+09 1.30475e+08 2.91168e+06
2.41808e+06 1.08334e+08 4.63029e+09 1.97312e+11 8.39203e+12 4.19877e+14 3.58186e+16 1.2498e+17 2.5411e+17 4.01912e+17 5.43174e+17 6.53507e+17 7.13864e+17 7.13864e+17 6.53507e+17 5.43174e+17 4.01912e+17 2.5411e+17 1.2498e+17 3.58186e+16 4.19877e+14 8.39203e+12 1.97312e+11 4.63029e+09 1.08334e+08 2.41808e+06
1.78562e+06 7.9947e+07 3.41527e+09 1.45483e+11 6.18606e+12 3.09598e+14 2.6497e+16 9.24805e+16 1.88064e+17 2.97489e+17 4.02088e+17 4.83795e+17 5.28495e+17 5.28495e+17 4.83795e+17 4.02088e+17 2.97489e+17 1.88064e+17 9.24805e+16 2.6497e+16 3.09598e+14 6.18606e+12 1.45483e+11 3.41527e+09 7.9947e+07 1.78562e+06
1.12665e+06 5.03283e+07 2.14593e+09 9.12854e+10 3.87793e+12 1.94168e+14 1.67351e+16 5.84427e+16 1.18881e+17 1.88088e+17 2.54255e+17 3.05946e+17 3.34227e+17 3.34227e+17 3.05946e+17 2.54255e+17 1.88088e+17 1.18881e+17 5.84427e+16 1.67351e+16 1.94168e+14 3.87793e+12 9.12854e+10 2.14593e+09 5.03283e+07 1.12665e+06
561448 2.48423e+07 1.05006e+09 4.43547e+10 1.87479e+12 9.38193e+13 8.20822e+15 2.86974e+16 5.84045e+16 9.24327e+16 1.24972e+17 1.50395e+17 1.64304e+17 1.64304e+17 1.50395e+17 1.24972e+17 9.24327e+16 5.84045e+16 2.86974e+16 8.20822e+15 9.38193e+13 1.87479e+12 4.43547e+10 1.05006e+09 2.48423e+07 561448
188469 7.98406e+06 3.21986e+08 1.298e+10 5.25725e+11 2.56742e+13 2.33422e+15 8.18373e+15 1.66748e+16 2.64061e+16 3.57133e+16 4.29852e+16 4.69637e+16 4.69637e+16 4.29852e+16 3.57133e+16 2.64061e+16 1.66748e+16 8.18373e+15 2.33422e+15 2.56742e+13 5.25725e+11 1.298e+10 3.21986e+08 7.98406e+06 188469
32120.2 1.11801e+06 3.39354e+07 8.91356e+08 1.74175e+10 2.48486e+11 2.44831e+13 8.93686e+13 1.85049e+14 2.9537e+14 4.01067e+14 4.83618e+14 5.28739e+14 5.28739e+14 4.83618e+14 4.01067e+14 2.9537e+14 1.85049e+14 8.93686e+13 2.44831e+13 2.48486e+11 1.74175e+10 8.91356e+08 3.39354e+07 1.11801e+06 32120.2
3434.99 97229.1 2.27532e+06 4.46608e+07 7.45891e+08 1.67645e+10 4.9805e+11 1.77489e+12 3.67373e+12 5.86713e+12 7.96951e+12 9.61176e+12 1.05095e+13 1.05095e+13 9.61176e+12 7.96951e+12 5.86713e+12 3.67373e+12 1.77489e+12 4.9805e+11 1.67645e+10 7.45891e+08 4.46608e+07 2.27532e+06 97229.1 3434.99
276.877 6665.96 132949 2.40031e+06 4.3489e+07 8.52024e+08 1.22988e+10 4.20001e+10 8.64954e+10 1.38004e+11 1.87399e+11 2.25993e+11 2.47093e+11 2.47093e+11 2.25993e+11 1.87399e+11 1.38004e+11 8.64954e+10 4.20001e+10 1.22988e+10 8.52024e+08 4.3489e+07 2.40031e+06 132949 6665.96 276.877
18.9498 409.425 7508.25 130330 2.19123e+06 3.234e+07 3.05127e+08 9.94515e+08 2.0337e+09 3.24019e+09 4.39816e+09 5.30318e+09 5.79806e+09 5.79806e+09 5.30318e+09 4.39816e+09 3.24019e+09 2.0337e+09 9.94515e+08 3.05127e+08 3.234e+07 2.19123e+06 130330 7508.25 409.425 18.9498
1.17108 23.4857 403.001 6460.12 93145.2 1.06371e+06 7.56673e+06 2.35329e+07 4.77048e+07 7.58598e+07 1.02914e+08 1.24067e+08 1.35635e+08 1.35635e+08 1.24067e+08 1.02914e+08 7.58598e+07 4.77048e+07 2.35329e+07 7.56673e+06 1.06371e+06 93145.2 6460.12 403.001 23.4857 1.17108
0.061258 1.15666 18.4626 266.641 3281.39 30531.2 178632 531947 1.0681e+06 1.69457e+06 2.29734e+06 2.76887e+06 3.0268e+06 3.0268e+06 2.76887e+06 2.29734e+06 1.69457e+06 1.0681e+06 531947 178632 30531.2 3281.39 266.641 18.4626 1.15666 0.061258
