2.34461e-07 4.38966e-06 6.93689e-05 0.000991514 0.0120848 0.111528 0.64831 1.92073 3.84008 6.07347 8.21889 9.8976 10.8167 10.8167 9.8976 8.21889 6.07347 3.84008 1.92073 0.64831 0.111528 0.0120848 0.000991514 6.93689e-05 4.38966e-06 2.34461e-07
4.46125e-06 8.87574e-05 0.00150826 0.023914 0.341061 3.85908 27.2606 84.3153 170.116 269.595 365.013 439.641 480.498 480.498 439.641 365.013 269.595 170.116 84.3153 27.2606 3.85908 0.341061 0.023914 0.00150826 8.87574e-05 4.46125e-06
7.17624e-05 0.00153981 0.0280083 0.481201 7.99248 116.671 1092.46 3539.75 7201.43 11431.3 15483.5 18651.8 20386.3 20386.3 18651.8 15483.5 11431.3 7201.43 3539.75 1092.46 116.671 7.99248 0.481201 0.0280083 0.00153981 7.17624e-05
0.00104103 0.0249125 0.493973 8.85602 158.594 3063.07 43827.5 148728 304596 484065 655849 790145 863666 863666 790145 655849 484065 304596 148728 43827.5 3063.07 158.594 8.85602 0.493973 0.0249125 0.00104103
0.0128119 0.360461 8.39595 164.326 2733.27 60305.6 1.76922e+06 6.26225e+06 1.28847e+07 2.04913e+07 2.77692e+07 3.34588e+07 3.65737e+07 3.65737e+07 3.34588e+07 2.77692e+07 2.04913e+07 1.28847e+07 6.26225e+06 1.76922e+06 60305.6 2733.27 164.326 8.39595 0.360461 0.0128119
0.118848 4.10913 124.069 3249.59 63636.4 911720 8.69706e+07 3.15123e+08 6.48349e+08 1.03025e+09 1.39542e+09 1.68083e+09 1.83707e+09 1.83707e+09 1.68083e+09 1.39542e+09 1.03025e+09 6.48348e+08 3.15123e+08 8.69705e+07 911720 63636.4 3249.59 124.069 4.10913 0.118848
0.69246 29.1173 1166.88 46815.1 1.88997e+06 9.19456e+07 8.28669e+09 2.88815e+10 5.85103e+10 9.2232e+10 1.2435e+11 1.49397e+11 1.63093e+11 1.63093e+11 1.49397e+11 1.2435e+11 9.2232e+10 5.85103e+10 2.88815e+10 8.28669e+09 9.19456e+07 1.88997e+06 46815.1 1166.88 29.1173 0.69246
2.05228 90.0963 3782.74 158951 6.6933e+06 3.33589e+08 2.89812e+10 1.00755e+11 2.03916e+11 3.21273e+11 4.33021e+11 5.20155e+11 5.67796e+11 5.67796e+11 5.20155e+11 4.33021e+11 3.21273e+11 2.03916e+11 1.00755e+11 2.89812e+10 3.33589e+08 6.6933e+06 158951 3782.74 90.0963 2.05228
4.1019 181.725 7693.41 325428 1.37669e+07 6.86285e+08 5.87705e+10 2.04121e+11 4.12964e+11 6.50507e+11 8.76675e+11 1.05302e+12 1.14943e+12 1.14943e+12 1.05302e+12 8.76675e+11 6.50507e+11 4.12964e+11 2.04121e+11 5.87705e+10 6.86285e+08 1.37669e+07 325428 7693.41 181.725 4.1019
6.48407 287.834 12205.2 516865 2.1881e+07 1.09003e+09 9.26663e+10 3.21688e+11 6.50694e+11 1.02488e+12 1.38113e+12 1.6589e+12 1.81076e+12 1.81076e+12 1.6589e+12 1.38113e+12 1.02488e+12 6.50694e+11 3.21688e+11 9.26663e+10 1.09003e+09 2.1881e+07 516865 12205.2 287.834 6.48407
8.7694 389.473 16521.5 699841 2.96329e+07 1.47554e+09 1.24932e+11 4.33575e+11 8.76922e+11 1.38113e+12 1.86116e+12 2.23542e+12 2.44004e+12 2.44004e+12 2.23542e+12 1.86115e+12 1.38113e+12 8.76922e+11 4.33575e+11 1.24932e+11 1.47554e+09 2.96329e+07 699841 16521.5 389.473 8.7694
10.5555 468.869 19892.1 842702 3.5685e+07 1.77646e+09 1.50078e+11 5.20766e+11 1.05321e+12 1.65873e+12 2.2352e+12 2.68466e+12 2.93039e+12 2.93039e+12 2.68466e+12 2.2352e+12 1.65873e+12 1.05321e+12 5.20766e+11 1.50078e+11 1.77646e+09 3.5685e+07 842702 19892.1 468.869 10.5555
11.5326 512.3 21735.7 920842 3.89953e+07 1.94105e+09 1.63821e+11 5.68418e+11 1.14955e+12 1.81044e+12 2.43962e+12 2.93017e+12 3.19837e+12 3.19837e+12 2.93017e+12 2.43962e+12 1.81044e+12 1.14955e+12 5.68418e+11 1.63821e+11 1.94105e+09 3.89953e+07 920842 21735.7 512.3 11.5326
11.5326 512.3 21735.7 920842 3.89953e+07 1.94105e+09 1.63821e+11 5.68418e+11 1.14955e+12 1.81044e+12 2.43962e+12 2.93017e+12 3.19837e+12 3.19837e+12 2.93017e+12 2.43962e+12 1.81044e+12 1.14955e+12 5.68418e+11 1.63821e+11 1.94105e+09 3.89953e+07 920842 21735.7 512.3 11.5326
10.5555 468.869 19892.1 842702 3.5685e+07 1.77646e+09 1.50078e+11 5.20766e+11 1.05321e+12 1.65873e+12 2.2352e+12 2.68466e+12 2.93039e+12 2.93039e+12 2.68466e+12 2.2352e+12 1.65873e+12 1.05321e+12 5.20766e+11 1.50078e+11 1.77646e+09 3.5685e+07 842702 19892.1 468.869 10.5555
8.7694 389.473 16521.5 699841 2.96329e+07 1.47554e+09 1.24932e+11 4.33575e+11 8.76922e+11 1.38113e+12 1.86115e+12 2.23542e+12 2.44004e+12 2.44004e+12 2.23542e+12 1.86116e+12 1.38113e+12 8.76922e+11 4.33575e+11 1.24932e+11 1.47554e+09 2.96329e+07 699841 16521.5 389.473 8.7694
6.48407 287.834 12205.2 516865 2.1881e+07 1.09003e+09 9.26663e+10 3.21688e+11 6.50694e+11 1.02488e+12 1.38113e+12 1.6589e+12 1.81076e+12 1.81076e+12 1.6589e+12 1.38113e+12 1.02488e+12 6.50694e+11 3.21688e+11 9.26663e+10 1.09003e+09 2.1881e+07 516865 12205.2 287.834 6.48407
4.1019 181.725 7693.41 325428 1.37669e+07 6.86285e+08 5.87705e+10 2.04121e+11 4.12964e+11 6.50507e+11 8.76675e+11 1.05302e+12 1.14943e+12 1.14943e+12 1.05302e+12 8.76675e+11 6.50507e+11 4.12964e+11 2.04121e+11 5.87705e+10 6.86285e+08 1.37669e+07 325428 7693.41 181.725 4.1019
2.05228 90.0963 3782.74 158951 6.6933e+06 3.33589e+08 2.89812e+10 1.00755e+11 2.03916e+11 3.21273e+11 4.33021e+11 5.20155e+11 5.67796e+11 5.67796e+11 5.20155e+11 4.33021e+11 3.21273e+11 2.03916e+11 1.00755e+11 2.89812e+10 3.33589e+08 6.6933e+06 158951 3782.74 90.0963 2.05228
0.69246 29.1173 1166.88 46815.1 1.88997e+06 9.19456e+07 8.28669e+09 2.88815e+10 5.85103e+10 9.2232e+10 1.2435e+11 1.49397e+11 1.63093e+11 1.63093e+11 1.49397e+11 1.2435e+11 9.2232e+10 5.85103e+10 2.88815e+10 8.28669e+09 9.19456e+07 1.88997e+06 46815.1 1166.88 29.1173 0.69246
0.118848 4.10913 124.069 3249.59 63636.4 911720 8.69705e+07 3.15123e+08 6.48348e+08 1.03025e+09 1.39542e+09 1.68083e+09 1.83707e+09 1.83707e+09 1.68083e+09 1.39542e+09 1.03025e+09 6.48349e+08 3.15123e+08 8.69706e+07 911720 63636.4 3249.59 124.069 4.10913 0.118848
0.0128119 0.360461 8.39595 164.326 2733.27 60305.6 1.76922e+06 6.26225e+06 1.28847e+07 2.04913e+07 2.77692e+07 3.34588e+07 3.65737e+07 3.65737e+07 3.34588e+07 2.77692e+07 2.04913e+07 1.28847e+07 6.26225e+06 1.76922e+06 60305.6 2733.27 164.326 8.39595 0.360461 0.0128119
0.00104103 0.0249125 0.493973 8.85602 158.594 3063.07 43827.5 148728 304596 484065 655849 790145 863666 863666 790145 655849 484065 304596 148728 43827.5 3063.07 158.594 8.85602 0.493973 0.0249125 0.00104103
7.17624e-05 0.00153981 0.0280083 0.481201 7.99248 116.671 1092.46 3539.75 7201.43 11431.3 15483.5 18651.8 20386.3 20386.3 18651.8 15483.5 11431.3 7201.43 3539.75 1092.46 116.671 7.99248 0.481201 0.0280083 0.00153981 7.17624e-05
4.46125e-06 8.87574e-05 0.00150826 0.023914 0.341061 3.85908 27.2606 84.3153 170.116 269.595 365.013 439.641 480.498 480.498 439.641 365.013 269.595 170.116 84.3153 27.2606 3.85908 0.341061 0.023914 0.00150826 8.87574e-05 4.46125e-06
2.34461e-07 4.38966e-06 6.93689e-05 0.000991514 0.0120848 0.111528 0.64831 1.92073 3.84008 6.07347 8.21889 9.8976 10.8167 10.8167 9.8976 8.21889 6.07347 3.84008 1.92073 0.64831 0.111528 0.0120848 0.000991514 6.93689e-05 4.38966e-06 2.34461e-07
