8.7863 162.966 2527.84 35236.9 418864 3.79155e+06 2.17666e+07 6.38418e+07 1.26051e+08 1.9645e+08 2.6196e+08 3.11727e+08 3.38413e+08 3.38413e+08 3.11727e+08 2.6196e+08 1.9645e+08 1.26051e+08 6.38418e+07 2.17666e+07 3.79155e+06 418864 35236.9 2527.84 162.966 8.78631
168.819 3350.04 56171.7 867746 1.19889e+07 1.32137e+08 9.19004e+08 2.81267e+09 5.60118e+09 8.74018e+09 1.16512e+10 1.38578e+10 1.50394e+10 1.50394e+10 1.38578e+10 1.16512e+10 8.74018e+09 5.60118e+09 2.81267e+09 9.19004e+08 1.32137e+08 1.19889e+07 867746 56171.7 3350.04 168.819
2722.29 58779.4 1.06733e+06 1.79808e+07 2.87356e+08 4.03567e+09 3.69968e+10 1.18566e+11 2.37947e+11 3.71595e+11 4.95123e+11 5.88552e+11 6.38512e+11 6.38512e+11 5.88552e+11 4.95123e+11 3.71595e+11 2.37947e+11 1.18566e+11 3.69968e+10 4.03567e+09 2.87356e+08 1.79808e+07 1.06733e+06 58779.4 2722.29
39181.6 949346 1.90562e+07 3.41883e+08 5.92182e+09 1.07661e+11 1.49099e+12 5.00229e+12 1.01001e+13 1.57778e+13 2.10097e+13 2.49584e+13 2.7067e+13 2.7067e+13 2.49584e+13 2.10097e+13 1.57778e+13 1.01001e+13 5.00229e+12 1.49099e+12 1.07661e+11 5.92182e+09 3.41883e+08 1.90562e+07 949346 39181.6
474641 1.35216e+07 3.20588e+08 6.42124e+09 1.08094e+11 2.19476e+12 6.04368e+13 2.11434e+14 4.28644e+14 6.695e+14 8.90854e+14 1.05757e+15 1.14648e+15 1.14648e+15 1.05757e+15 8.90854e+14 6.695e+14 4.28644e+14 2.11434e+14 6.04368e+13 2.19476e+12 1.08094e+11 6.42124e+09 3.20588e+08 1.35216e+07 474641
4.32205e+06 1.5068e+08 4.60548e+09 1.23043e+11 2.5154e+12 3.80199e+13 3.01216e+15 1.07841e+16 2.18665e+16 3.41342e+16 4.54087e+16 5.39039e+16 5.8436e+16 5.8436e+16 5.39039e+16 4.54087e+16 3.41342e+16 2.18665e+16 1.07841e+16 3.01216e+15 3.80199e+13 2.5154e+12 1.23043e+11 4.60548e+09 1.5068e+08 4.32205e+06
2.47628e+07 1.04533e+09 4.20757e+10 1.69539e+12 6.87096e+13 3.31014e+15 2.86185e+17 9.91738e+17 1.99338e+18 3.11115e+18 4.15197e+18 4.94694e+18 5.37535e+18 5.37535e+18 4.94694e+18 4.15197e+18 3.11115e+18 1.99338e+18 9.91738e+17 2.86185e+17 3.31014e+15 6.87096e+13 1.69539e+12 4.20757e+10 1.04533e+09 2.47628e+07
7.25184e+07 3.19406e+09 1.34606e+11 5.67744e+12 2.39906e+14 1.1862e+16 9.96272e+17 3.44391e+18 6.91368e+18 1.0782e+19 1.43817e+19 1.71302e+19 1.8611e+19 1.8611e+19 1.71302e+19 1.43817e+19 1.0782e+19 6.91368e+18 3.44391e+18 9.96272e+17 1.1862e+16 2.39906e+14 5.67744e+12 1.34606e+11 3.19406e+09 7.25184e+07
1.4301e+08 6.35285e+09 2.69794e+11 1.14484e+13 4.85721e+14 2.4035e+16 2.00367e+18 6.91791e+18 1.38723e+19 2.16114e+19 2.88008e+19 3.42823e+19 3.72331e+19 3.72331e+19 3.42823e+19 2.88008e+19 2.16114e+19 1.38723e+19 6.91791e+18 2.00367e+18 2.4035e+16 4.85721e+14 1.14484e+13 2.69794e+11 6.35285e+09 1.4301e+08
2.22644e+08 9.90225e+09 4.20856e+11 1.78633e+13 7.57742e+14 3.74757e+16 3.1251e+18 1.07817e+19 2.15978e+19 3.36091e+19 4.47447e+19 5.32207e+19 5.77782e+19 5.77782e+19 5.32207e+19 4.47447e+19 3.36091e+19 2.15978e+19 1.07817e+19 3.1251e+18 3.74757e+16 7.57742e+14 1.78633e+13 4.20856e+11 9.90225e+09 2.22644e+08
2.96617e+08 1.31878e+10 5.60213e+11 2.37628e+13 1.00722e+15 4.97927e+16 4.16603e+18 1.43661e+19 2.87526e+19 4.46982e+19 5.9453e+19 7.06656e+19 7.66882e+19 7.66882e+19 7.06656e+19 5.9453e+19 4.46982e+19 2.87526e+19 1.43661e+19 4.16603e+18 4.97927e+16 1.00722e+15 2.37628e+13 5.60213e+11 1.31878e+10 2.96617e+08
3.52728e+08 1.56744e+10 6.65436e+11 2.82075e+13 1.19478e+15 5.9049e+16 4.9587e+18 1.70948e+19 3.41918e+19 5.31142e+19 7.05977e+19 8.38674e+19 9.09891e+19 9.09891e+19 8.38674e+19 7.05977e+19 5.31142e+19 3.41918e+19 1.70948e+19 4.9587e+18 5.9049e+16 1.19478e+15 2.82075e+13 6.65436e+11 1.56744e+10 3.52728e+08
3.82782e+08 1.70044e+10 7.21638e+11 3.05781e+13 1.29466e+15 6.39777e+16 5.38495e+18 1.8562e+19 3.71137e+19 5.76301e+19 7.65714e+19 9.09379e+19 9.86447e+19 9.86447e+19 9.09379e+19 7.65714e+19 5.76301e+19 3.71137e+19 1.8562e+19 5.38495e+18 6.39777e+16 1.29466e+15 3.05781e+13 7.21638e+11 1.70044e+10 3.82782e+08
3.82782e+08 1.70044e+10 7.21638e+11 3.05781e+13 1.29466e+15 6.39777e+16 5.38495e+18 1.8562e+19 3.71137e+19 5.76301e+19 7.65714e+19 9.09379e+19 9.86447e+19 9.86447e+19 9.09379e+19 7.65714e+19 5.76301e+19 3.71137e+19 1.8562e+19 5.38495e+18 6.39777e+16 1.29466e+15 3.05781e+13 7.21638e+11 1.70044e+10 3.82782e+08
3.52728e+08 1.56744e+10 6.65436e+11 2.82075e+13 1.19478e+15 5.9049e+16 4.9587e+18 1.70948e+19 3.41918e+19 5.31142e+19 7.05977e+19 8.38674e+19 9.09891e+19 9.09891e+19 8.38674e+19 7.05977e+19 5.31142e+19 3.41918e+19 1.70948e+19 4.9587e+18 5.9049e+16 1.19478e+15 2.82075e+13 6.65436e+11 1.56744e+10 3.52728e+08
2.96617e+08 1.31878e+10 5.60213e+11 2.37628e+13 1.00722e+15 4.97927e+16 4.16603e+18 1.43661e+19 2.87526e+19 4.46982e+19 5.9453e+19 7.06656e+19 7.66882e+19 7.66882e+19 7.06656e+19 5.9453e+19 4.46982e+19 2.87526e+19 1.43661e+19 4.16603e+18 4.97927e+16 1.00722e+15 2.37628e+13 5.60213e+11 1.31878e+10 2.96617e+08
2.22644e+08 9.90225e+09 4.20856e+11 1.78633e+13 7.57742e+14 3.74757e+16 3.1251e+18 1.07817e+19 2.15978e+19 3.36091e+19 4.47447e+19 5.32207e+19 5.77782e+19 5.77782e+19 5.32207e+19 4.47447e+19 3.36091e+19 2.15978e+19 1.07817e+19 3.1251e+18 3.74757e+16 7.57742e+14 1.78633e+13 4.20856e+11 9.90225e+09 2.22644e+08
1.4301e+08 6.35285e+09 2.69794e+11 1.14484e+13 4.85721e+14 2.4035e+16 2.00367e+18 6.91791e+18 1.38723e+19 2.16114e+19 2.88008e+19 3.42823e+19 3.72331e+19 3.72331e+19 3.42823e+19 2.88008e+19 2.16114e+19 1.38723e+19 6.91791e+18 2.00367e+18 2.4035e+16 4.85721e+14 1.14484e+13 2.69794e+11 6.35285e+09 1.4301e+08
7.25184e+07 3.19406e+09 1.34606e+11 5.67744e+12 2.39906e+14 1.1862e+16 9.96272e+17 3.44391e+18 6.91368e+18 1.0782e+19 1.43817e+19 1.71302e+19 1.8611e+19 1.8611e+19 1.71302e+19 1.43817e+19 1.0782e+19 6.91368e+18 3.44391e+18 9.96272e+17 1.1862e+16 2.39906e+14 5.67744e+12 1.34606e+11 3.19406e+09 7.25184e+07
2.47628e+07 1.04533e+09 4.20757e+10 1.69539e+12 6.87096e+13 3.31014e+15 2.86185e+17 9.91738e+17 1.99338e+18 3.11115e+18 4.15197e+18 4.94694e+18 5.37535e+18 5.37535e+18 4.94694e+18 4.15197e+18 3.11115e+18 1.99338e+18 9.91738e+17 2.86185e+17 3.31014e+15 6.87096e+13 1.69539e+12 4.20757e+10 1.04533e+09 2.47628e+07
4.32205e+06 1.5068e+08 4.60548e+09 1.23043e+11 2.5154e+12 3.80199e+13 3.01216e+15 1.07841e+16 2.18665e+16 3.41342e+16 4.54087e+16 5.39039e+16 5.8436e+16 5.8436e+16 5.39039e+16 4.54087e+16 3.41342e+16 2.18665e+16 1.07841e+16 3.01216e+15 3.80199e+13 2.5154e+12 1.23043e+11 4.60548e+09 1.5068e+08 4.32205e+06
474641 1.35216e+07 3.20588e+08 6.42124e+09 1.08094e+11 2.19476e+12 6.04368e+13 2.11434e+14 4.28644e+14 6.695e+14 8.90854e+14 1.05757e+15 1.14648e+15 1.14648e+15 1.05757e+15 8.90854e+14 6.695e+14 4.28644e+14 2.11434e+14 6.04368e+13 2.19476e+12 1.08094e+11 6.42124e+09 3.20588e+08 1.35216e+07 474641
39181.6 949346 1.90562e+07 3.41883e+08 5.92182e+09 1.07661e+11 1.49099e+12 5.00229e+12 1.01001e+13 1.57778e+13 2.10097e+13 2.49584e+13 2.7067e+13 2.7067e+13 2.49584e+13 2.10097e+13 1.57778e+13 1.01001e+13 5.00229e+12 1.49099e+12 1.07661e+11 5.92182e+09 3.41883e+08 1.90562e+07 949346 39181.6
2722.29 58779.4 1.06733e+06 1.79808e+07 2.87356e+08 4.03567e+09 3.69968e+10 1.18566e+11 2.37947e+11 3.71595e+11 4.95123e+11 5.88552e+11 6.38512e+11 6.38512e+11 5.88552e+11 4.95123e+11 3.71595e+11 2.37947e+11 1.18566e+11 3.69968e+10 4.03567e+09 2.87356e+08 1.79808e+07 1.06733e+06 58779.4 2722.29
168.819 3350.04 56171.7 867746 1.19889e+07 1.32137e+08 9.19004e+08 2.81267e+09 5.60118e+09 8.74018e+09 1.16512e+10 1.38578e+10 1.50394e+10 1.50394e+10 1.38578e+10 1.16512e+10 8.74018e+09 5.60118e+09 2.81267e+09 9.19004e+08 1.32137e+08 1.19889e+07 867746 56171.7 3350.04 168.819
8.78631 162.966 2527.84 35236.9 418864 3.79155e+06 2.17666e+07 6.38418e+07 1.26051e+08 1.9645e+08 2.6196e+08 3.11727e+08 3.38413e+08 3.38413e+08 3.11727e+08 2.6196e+08 1.9645e+08 1.26051e+08 6.38418e+07 2.17666e+07 3.79155e+06 418864 35236.9 2527.84 162.966 8.78631
