9.14616e-06 0.000170963 0.00269484 0.0384002 0.466651 4.29646 24.9316 73.7413 147.149 232.263 313.73 377.278 412.001 412.001 377.278 313.73 232.263 147.149 73.7413 24.9316 4.29646 0.466651 0.0384002 0.00269484 0.000170963 9.14617e-06
0.000174103 0.00346053 0.0586837 0.927461 13.1798 148.687 1048.24 3236.59 6517.28 10306.9 13928.1 16751.2 18293.4 18293.4 16751.2 13928.1 10306.9 6517.28 3236.59 1048.24 148.687 13.1798 0.927461 0.0586837 0.00346053 0.000174103
0.00279961 0.0600681 1.09159 18.7044 309.33 4497.05 42006.8 135868 275848 436920 590619 710393 775817 775817 710393 590619 436920 275848 135868 42006.8 4497.05 309.33 18.7044 1.09159 0.0600681 0.00279961
0.0405579 0.97114 19.2657 345.165 6156.83 118181 1.68532e+06 5.70857e+06 1.16663e+07 1.84982e+07 2.50108e+07 3.00845e+07 3.28557e+07 3.28557e+07 3.00845e+07 2.50108e+07 1.84982e+07 1.16663e+07 5.70857e+06 1.68532e+06 118181 6156.83 345.165 19.2657 0.97114 0.0405579
0.498088 14.0225 326.976 6410.02 106669 2.33321e+06 6.80407e+07 2.40375e+08 4.9348e+08 7.82964e+08 1.05876e+09 1.27359e+09 1.39092e+09 1.39092e+09 1.27359e+09 1.05876e+09 7.82964e+08 4.9348e+08 2.40375e+08 6.80407e+07 2.33321e+06 106669 6410.02 326.976 14.0225 0.498088
4.60962 159.419 4816.45 126329 2.48311e+06 3.57435e+07 3.34856e+09 1.2109e+10 2.48585e+10 3.9409e+10 5.32635e+10 6.40537e+10 6.99465e+10 6.99465e+10 6.40537e+10 5.32635e+10 3.9409e+10 2.48585e+10 1.2109e+10 3.34856e+09 3.57435e+07 2.48311e+06 126329 4816.45 159.419 4.60962
26.7988 1126.75 45153.1 1.81161e+06 7.31442e+07 3.55474e+09 3.19053e+11 1.11069e+12 2.247e+12 3.53688e+12 4.76219e+12 5.71564e+12 6.23623e+12 6.23623e+12 5.71564e+12 4.76219e+12 3.53688e+12 2.247e+12 1.11069e+12 3.19053e+11 3.55474e+09 7.31442e+07 1.81161e+06 45153.1 1126.75 26.7988
79.2757 3479.65 146079 6.13796e+06 2.58472e+08 1.28707e+10 1.11466e+12 3.87098e+12 7.82413e+12 1.23099e+13 1.65706e+13 1.98858e+13 2.16958e+13 2.16958e+13 1.98858e+13 1.65706e+13 1.23099e+13 7.82413e+12 3.87098e+12 1.11466e+12 1.28707e+10 2.58472e+08 6.13796e+06 146079 3479.65 79.2757
158.125 7003.66 296445 1.25379e+07 5.30373e+08 2.64174e+10 2.25717e+12 7.83172e+12 1.58245e+13 2.48931e+13 3.35061e+13 4.02077e+13 4.38668e+13 4.38668e+13 4.02077e+13 3.35061e+13 2.48931e+13 1.58245e+13 7.83172e+12 2.25718e+12 2.64174e+10 5.30373e+08 1.25379e+07 296445 7003.66 158.125
249.428 11068.7 469223 1.98662e+07 8.40884e+08 4.18565e+10 3.55351e+12 1.23243e+13 2.48982e+13 3.91636e+13 5.27121e+13 6.32539e+13 6.90096e+13 6.90096e+13 6.32539e+13 5.27121e+13 3.91636e+13 2.48982e+13 1.23243e+13 3.55351e+12 4.18565e+10 8.40884e+08 1.98662e+07 469223 11068.7 249.428
336.69 14947.3 633834 2.68407e+07 1.13622e+09 5.65338e+10 4.784e+12 1.65883e+13 3.35098e+13 5.27072e+13 7.09397e+13 8.51258e+13 9.28713e+13 9.28713e+13 8.51258e+13 7.09397e+13 5.27072e+13 3.35098e+13 1.65883e+13 4.784e+12 5.65338e+10 1.13622e+09 2.68407e+07 633834 14947.3 336.69
404.67 17966.9 761932 3.22664e+07 1.36593e+09 6.79483e+10 5.7407e+12 1.99035e+13 4.02052e+13 6.32373e+13 8.51114e+13 1.02131e+14 1.11424e+14 1.11424e+14 1.02131e+14 8.51114e+13 6.32373e+13 4.02052e+13 1.99035e+13 5.7407e+12 6.79483e+10 1.36593e+09 3.22664e+07 761932 17966.9 404.67
441.781 19615 831836 3.5227e+07 1.49126e+09 7.41757e+10 6.26275e+12 2.17125e+13 4.38589e+13 6.89834e+13 9.28448e+13 1.11411e+14 1.21548e+14 1.21548e+14 1.11411e+14 9.28449e+13 6.89834e+13 4.38589e+13 2.17125e+13 6.26275e+12 7.41757e+10 1.49126e+09 3.5227e+07 831836 19615 441.781
441.781 19615 831836 3.5227e+07 1.49126e+09 7.41757e+10 6.26275e+12 2.17125e+13 4.38589e+13 6.89834e+13 9.28449e+13 1.11411e+14 1.21548e+14 1.21548e+14 1.11411e+14 9.28448e+13 6.89834e+13 4.38589e+13 2.17125e+13 6.26275e+12 7.41757e+10 1.49126e+09 3.5227e+07 831836 19615 441.781
404.67 17966.9 761932 3.22664e+07 1.36593e+09 6.79483e+10 5.7407e+12 1.99035e+13 4.02052e+13 6.32373e+13 8.51114e+13 1.02131e+14 1.11424e+14 1.11424e+14 1.02131e+14 8.51114e+13 6.32373e+13 4.02052e+13 1.99035e+13 5.7407e+12 6.79483e+10 1.36593e+09 3.22664e+07 761932 17966.9 404.67
336.69 14947.3 633834 2.68407e+07 1.13622e+09 5.65338e+10 4.784e+12 1.65883e+13 3.35098e+13 5.27072e+13 7.09397e+13 8.51258e+13 9.28713e+13 9.28713e+13 8.51258e+13 7.09397e+13 5.27072e+13 3.35098e+13 1.65883e+13 4.784e+12 5.65338e+10 1.13622e+09 2.68407e+07 633834 14947.3 336.69
249.428 11068.7 469223 1.98662e+07 8.40884e+08 4.18565e+10 3.55351e+12 1.23243e+13 2.48982e+13 3.91636e+13 5.27121e+13 6.32539e+13 6.90096e+13 6.90096e+13 6.32539e+13 5.27121e+13 3.91636e+13 2.48982e+13 1.23243e+13 3.55351e+12 4.18565e+10 8.40884e+08 1.98662e+07 469223 11068.7 249.428
158.125 7003.66 296445 1.25379e+07 5.30373e+08 2.64174e+10 2.25718e+12 7.83172e+12 1.58245e+13 2.48931e+13 3.35061e+13 4.02077e+13 4.38668e+13 4.38668e+13 4.02077e+13 3.35061e+13 2.48931e+13 1.58245e+13 7.83172e+12 2.25717e+12 2.64174e+10 5.30373e+08 1.25379e+07 296445 7003.66 158.125
79.2757 3479.65 146079 6.13796e+06 2.58472e+08 1.28707e+10 1.11466e+12 3.87098e+12 7.82413e+12 1.23099e+13 1.65706e+13 1.98858e+13 2.16958e+13 2.16958e+13 1.98858e+13 1.65706e+13 1.23099e+13 7.82413e+12 3.87098e+12 1.11466e+12 1.28707e+10 2.58472e+08 6.13796e+06 146079 3479.65 79.2757
26.7988 1126.75 45153.1 1.81161e+06 7.31442e+07 3.55474e+09 3.19053e+11 1.11069e+12 2.247e+12 3.53688e+12 4.76219e+12 5.71564e+12 6.23623e+12 6.23623e+12 5.71564e+12 4.76219e+12 3.53688e+12 2.247e+12 1.11069e+12 3.19053e+11 3.55474e+09 7.31442e+07 1.81161e+06 45153.1 1126.75 26.7988
4.60962 159.419 4816.45 126329 2.48311e+06 3.57435e+07 3.34856e+09 1.2109e+10 2.48585e+10 3.9409e+10 5.32635e+10 6.40537e+10 6.99465e+10 6.99465e+10 6.40537e+10 5.32635e+10 3.9409e+10 2.48585e+10 1.2109e+10 3.34856e+09 3.57435e+07 2.48311e+06 126329 4816.45 159.419 4.60962
0.498088 14.0225 326.976 6410.02 106669 2.33321e+06 6.80407e+07 2.40375e+08 4.9348e+08 7.82964e+08 1.05876e+09 1.27359e+09 1.39092e+09 1.39092e+09 1.27359e+09 1.05876e+09 7.82964e+08 4.9348e+08 2.40375e+08 6.80407e+07 2.33321e+06 106669 6410.02 326.976 14.0225 0.498088
0.0405579 0.97114 19.2657 345.165 6156.83 118181 1.68532e+06 5.70857e+06 1.16663e+07 1.84982e+07 2.50108e+07 3.00845e+07 3.28557e+07 3.28557e+07 3.00845e+07 2.50108e+07 1.84982e+07 1.16663e+07 5.70857e+06 1.68532e+06 118181 6156.83 345.165 19.2657 0.97114 0.0405579
0.00279961 0.0600681 1.09159 18.7044 309.33 4497.05 42006.8 135868 275848 436920 590619 710393 775817 775817 710393 590619 436920 275848 135868 42006.8 4497.05 309.33 18.7044 1.09159 0.0600681 0.00279961
0.000174103 0.00346053 0.0586837 0.927461 13.1798 148.687 1048.24 3236.59 6517.28 10306.9 13928.1 16751.2 18293.4 18293.4 16751.2 13928.1 10306.9 6517.28 3236.59 1048.24 148.687 13.1798 0.927461 0.0586837 0.00346053 0.000174103
9.14617e-06 0.000170963 0.00269484 0.0384002 0.466651 4.29646 24.9316 73.7413 147.149 232.263 313.73 377.278 412.001 412.001 377.278 313.73 232.263 147.149 73.7413 24.9316 4.29646 0.466651 0.0384002 0.00269484 0.000170963 9.14617e-06
