0.123005 2.32879 37.2526 538.889 6642.07 61913.6 363079 1.08443e+06 2.18444e+06 3.47597e+06 4.72361e+06 5.70232e+06 6.23857e+06 6.23857e+06 5.70232e+06 4.72361e+06 3.47597e+06 2.18444e+06 1.08443e+06 363079 61913.6 6642.07 538.889 37.2526 2.32879 0.123005
2.3603 47.4975 817.187 13120.8 189401 2.16596e+06 1.54391e+07 4.81655e+07 9.7975e+07 1.56291e+08 2.12562e+08 2.56686e+08 2.80858e+08 2.80858e+08 2.56686e+08 2.12562e+08 1.56291e+08 9.7975e+07 4.81655e+07 1.54391e+07 2.16596e+06 189401 13120.8 817.187 47.4975 2.3603
38.3184 831.333 15296.6 266017 4.47524e+06 6.60854e+07 6.24463e+08 2.04196e+09 4.19095e+09 6.69957e+09 9.11779e+09 1.10134e+10 1.20517e+10 1.20517e+10 1.10134e+10 9.11779e+09 6.69957e+09 4.19095e+09 2.04196e+09 6.24463e+08 6.60854e+07 4.47524e+06 266017 15296.6 831.333 38.3184
561.265 13574.3 271836 4.9216e+06 8.9219e+07 1.74635e+09 2.52229e+10 8.64299e+10 1.78688e+11 2.86103e+11 3.89576e+11 4.70668e+11 5.15078e+11 5.15078e+11 4.70668e+11 3.89576e+11 2.86103e+11 1.78688e+11 8.64299e+10 2.52229e+10 1.74635e+09 8.9219e+07 4.9216e+06 271836 13574.3 561.265
6976.64 198370 4.66176e+06 9.1851e+07 1.53809e+09 3.44755e+10 1.02268e+12 3.65778e+12 7.60233e+12 1.21862e+13 1.66003e+13 2.00589e+13 2.19527e+13 2.19527e+13 2.00589e+13 1.66003e+13 1.21862e+13 7.60233e+12 3.65778e+12 1.02268e+12 3.44755e+10 1.5381e+09 9.1851e+07 4.66176e+06 198370 6976.64
65354.4 2.28431e+06 6.95922e+07 1.83395e+09 3.59778e+10 5.15397e+11 5.03205e+13 1.84371e+14 3.83385e+14 6.14252e+14 8.36468e+14 1.01055e+15 1.10587e+15 1.10587e+15 1.01055e+15 8.36468e+14 6.14252e+14 3.83385e+14 1.84371e+14 5.03205e+13 5.15397e+11 3.59778e+10 1.83395e+09 6.95922e+07 2.28431e+06 65354.4
384263 1.63408e+07 6.60981e+08 2.67004e+10 1.08273e+12 5.28629e+13 4.79938e+15 1.68752e+16 3.44987e+16 5.47981e+16 7.42908e+16 8.95631e+16 9.7932e+16 9.7932e+16 8.95631e+16 7.42908e+16 5.47981e+16 3.44987e+16 1.68752e+16 4.79938e+15 5.28629e+13 1.08273e+12 2.67004e+10 6.60981e+08 1.63408e+07 384263
1.14805e+06 5.0999e+07 2.16244e+09 9.1545e+10 3.87495e+12 1.93914e+14 1.69289e+16 5.93482e+16 1.21174e+17 1.92344e+17 2.60671e+17 3.14203e+17 3.43539e+17 3.43538e+17 3.14203e+17 2.60671e+17 1.92344e+17 1.21174e+17 5.93482e+16 1.69289e+16 1.93914e+14 3.87495e+12 9.1545e+10 2.16244e+09 5.0999e+07 1.14805e+06
2.31123e+06 1.03676e+08 4.43552e+09 1.89146e+11 8.04861e+12 4.03063e+14 3.46349e+16 1.2127e+17 2.47462e+17 3.92676e+17 5.32062e+17 6.41261e+17 7.01101e+17 7.01101e+17 6.41261e+17 5.32062e+17 3.92675e+17 2.47462e+17 1.2127e+17 3.46349e+16 4.03063e+14 8.04861e+12 1.89146e+11 4.43552e+09 1.03676e+08 2.31123e+06
3.67406e+06 1.65217e+08 7.08307e+09 3.0252e+11 1.28873e+13 6.45141e+14 5.50104e+16 1.9249e+17 3.92665e+17 6.22955e+17 8.43968e+17 1.0171e+18 1.11197e+18 1.11197e+18 1.0171e+18 8.43968e+17 6.22955e+17 3.92665e+17 1.9249e+17 5.50104e+16 6.45141e+14 1.28873e+13 3.0252e+11 7.08307e+09 1.65217e+08 3.67406e+06
4.98737e+06 2.24449e+08 9.62856e+09 4.11437e+11 1.75335e+13 8.77509e+14 7.45465e+16 2.60766e+17 5.31847e+17 8.43652e+17 1.14286e+18 1.37721e+18 1.50563e+18 1.50563e+18 1.37721e+18 1.14286e+18 8.43652e+17 5.31847e+17 2.60766e+17 7.45465e+16 8.77509e+14 1.75335e+13 4.11437e+11 9.62856e+09 2.24449e+08 4.98737e+06
6.01525e+06 2.70786e+08 1.1619e+10 4.96577e+11 2.11643e+13 1.05907e+15 8.98285e+16 3.14178e+17 6.40724e+17 1.01628e+18 1.37663e+18 1.65885e+18 1.81349e+18 1.81349e+18 1.65885e+18 1.37663e+18 1.01628e+18 6.40724e+17 3.14178e+17 8.98285e+16 1.05907e+15 2.11643e+13 4.96577e+11 1.1619e+10 2.70786e+08 6.01525e+06
6.57753e+06 2.96127e+08 1.27074e+10 5.43119e+11 2.31486e+13 1.15829e+15 9.81929e+16 3.43415e+17 7.00323e+17 1.11078e+18 1.50458e+18 1.81301e+18 1.98199e+18 1.98199e+18 1.81301e+18 1.50458e+18 1.11078e+18 7.00323e+17 3.43415e+17 9.81929e+16 1.15829e+15 2.31486e+13 5.43119e+11 1.27074e+10 2.96127e+08 6.57753e+06
6.57753e+06 2.96127e+08 1.27074e+10 5.43119e+11 2.31486e+13 1.15829e+15 9.81929e+16 3.43415e+17 7.00323e+17 1.11078e+18 1.50458e+18 1.81301e+18 1.98199e+18 1.98199e+18 1.81301e+18 1.50458e+18 1.11078e+18 7.00323e+17 3.43415e+17 9.81929e+16 1.15829e+15 2.31486e+13 5.43119e+11 1.27074e+10 2.96127e+08 6.57753e+06
6.01525e+06 2.70786e+08 1.1619e+10 4.96577e+11 2.11643e+13 1.05907e+15 8.98285e+16 3.14178e+17 6.40724e+17 1.01628e+18 1.37663e+18 1.65885e+18 1.81349e+18 1.81349e+18 1.65885e+18 1.37663e+18 1.01628e+18 6.40724e+17 3.14178e+17 8.98285e+16 1.05907e+15 2.11643e+13 4.96577e+11 1.1619e+10 2.70786e+08 6.01525e+06
4.98737e+06 2.24449e+08 9.62856e+09 4.11437e+11 1.75335e+13 8.77509e+14 7.45465e+16 2.60766e+17 5.31847e+17 8.43652e+17 1.14286e+18 1.37721e+18 1.50563e+18 1.50563e+18 1.37721e+18 1.14286e+18 8.43652e+17 5.31847e+17 2.60766e+17 7.45465e+16 8.77509e+14 1.75335e+13 4.11437e+11 9.62856e+09 2.24449e+08 4.98737e+06
3.67406e+06 1.65217e+08 7.08307e+09 3.0252e+11 1.28873e+13 6.45141e+14 5.50104e+16 1.9249e+17 3.92665e+17 6.22955e+17 8.43968e+17 1.0171e+18 1.11197e+18 1.11197e+18 1.0171e+18 8.43968e+17 6.22955e+17 3.92665e+17 1.9249e+17 5.50104e+16 6.45141e+14 1.28873e+13 3.0252e+11 7.08307e+09 1.65217e+08 3.67406e+06
2.31123e+06 1.03676e+08 4.43552e+09 1.89146e+11 8.04861e+12 4.03063e+14 3.46349e+16 1.2127e+17 2.47462e+17 3.92675e+17 5.32062e+17 6.41261e+17 7.01101e+17 7.01101e+17 6.41261e+17 5.32062e+17 3.92676e+17 2.47462e+17 1.2127e+17 3.46349e+16 4.03063e+14 8.04861e+12 1.89146e+11 4.43552e+09 1.03676e+08 2.31123e+06
1.14805e+06 5.0999e+07 2.16244e+09 9.1545e+10 3.87495e+12 1.93914e+14 1.69289e+16 5.93482e+16 1.21174e+17 1.92344e+17 2.60671e+17 3.14203e+17 3.43538e+17 3.43539e+17 3.14203e+17 2.60671e+17 1.92344e+17 1.21174e+17 5.93482e+16 1.69289e+16 1.93914e+14 3.87495e+12 9.1545e+10 2.16244e+09 5.0999e+07 1.14805e+06
384263 1.63408e+07 6.60981e+08 2.67004e+10 1.08273e+12 5.28629e+13 4.79938e+15 1.68752e+16 3.44987e+16 5.47981e+16 7.42908e+16 8.95631e+16 9.7932e+16 9.7932e+16 8.95631e+16 7.42908e+16 5.47981e+16 3.44987e+16 1.68752e+16 4.79938e+15 5.28629e+13 1.08273e+12 2.67004e+10 6.60981e+08 1.63408e+07 384263
65354.4 2.28431e+06 6.95922e+07 1.83395e+09 3.59778e+10 5.15397e+11 5.03205e+13 1.84371e+14 3.83385e+14 6.14252e+14 8.36468e+14 1.01055e+15 1.10587e+15 1.10587e+15 1.01055e+15 8.36468e+14 6.14252e+14 3.83385e+14 1.84371e+14 5.03205e+13 5.15397e+11 3.59778e+10 1.83395e+09 6.95922e+07 2.28431e+06 65354.4
6976.64 198370 4.66176e+06 9.1851e+07 1.53809e+09 3.44755e+10 1.02268e+12 3.65778e+12 7.60233e+12 1.21862e+13 1.66003e+13 2.00589e+13 2.19527e+13 2.19527e+13 2.00589e+13 1.66003e+13 1.21862e+13 7.60233e+12 3.65778e+12 1.02268e+12 3.44755e+10 1.53809e+09 9.1851e+07 4.66176e+06 198370 6976.64
561.265 13574.3 271836 4.9216e+06 8.9219e+07 1.74635e+09 2.52229e+10 8.64299e+10 1.78688e+11 2.86103e+11 3.89576e+11 4.70668e+11 5.15078e+11 5.15078e+11 4.70668e+11 3.89576e+11 2.86103e+11 1.78688e+11 8.64299e+10 2.52229e+10 1.74635e+09 8.9219e+07 4.9216e+06 271836 13574.3 561.265
38.3184 831.333 15296.6 266017 4.47524e+06 6.60854e+07 6.24463e+08 2.04196e+09 4.19095e+09 6.69957e+09 9.11779e+09 1.10134e+10 1.20517e+10 1.20517e+10 1.10134e+10 9.11779e+09 6.69957e+09 4.19095e+09 2.04196e+09 6.24463e+08 6.60854e+07 4.47524e+06 266017 15296.6 831.333 38.3184
2.3603 47.4975 817.187 13120.8 189401 2.16596e+06 1.54391e+07 4.81655e+07 9.7975e+07 1.56291e+08 2.12562e+08 2.56686e+08 2.80858e+08 2.80858e+08 2.56686e+08 2.12562e+08 1.56291e+08 9.7975e+07 4.81655e+07 1.54391e+07 2.16596e+06 189401 13120.8 817.187 47.4975 2.3603
0.123005 2.32879 37.2526 538.889 6642.07 61913.6 363079 1.08443e+06 2.18444e+06 3.47597e+06 4.72361e+06 5.70232e+06 6.23857e+06 6.23857e+06 5.70232e+06 4.72361e+06 3.47597e+06 2.18444e+06 1.08443e+06 363079 61913.6 6642.07 538.889 37.2526 2.32879 0.123005
