8.67155e-05 0.00163218 0.025996 0.374979 4.61023 42.8479 250.442 746.009 1500.63 2388.28 3249.96 3930.06 4304.54 4304.54 3930.06 3249.96 2388.28 1500.63 746.009 250.442 42.8479 4.61023 0.374979 0.025996 0.00163218 8.67155e-05
0.0016494 0.0329345 0.563404 9.01943 129.99 1483.59 10543.9 32795.8 66593.5 106228 144664 174997 191702 191702 174997 144664 106228 66593.5 32795.8 10543.9 1483.59 129.99 9.01943 0.563404 0.0329345 0.0016494
0.0265774 0.570985 10.4238 180.572 3036.83 44846.4 422931 1.37842e+06 2.82314e+06 4.51211e+06 6.1488e+06 7.44053e+06 8.15201e+06 8.15201e+06 7.44053e+06 6.1488e+06 4.51211e+06 2.82314e+06 1.37842e+06 422931 44846.4 3036.83 180.572 10.4238 0.570985 0.0265774
0.38726 9.26276 183.617 3301.49 59817.3 1.17527e+06 1.69759e+07 5.796e+07 1.19536e+08 1.9133e+08 2.60877e+08 3.15777e+08 3.46022e+08 3.46022e+08 3.15777e+08 2.60877e+08 1.9133e+08 1.19536e+08 5.796e+07 1.69759e+07 1.17527e+06 59817.3 3301.49 183.617 9.26276 0.38726
4.79673 134.871 3135.29 61151.9 1.01687e+06 2.29844e+07 6.85336e+08 2.44131e+09 5.05994e+09 8.10742e+09 1.10596e+10 1.33909e+10 1.46756e+10 1.46756e+10 1.33909e+10 1.10596e+10 8.10742e+09 5.05994e+09 2.44131e+09 6.85336e+08 2.29844e+07 1.01687e+06 61151.9 3135.29 134.871 4.79673
44.8112 1549.83 46759 1.22106e+06 2.36877e+07 3.35324e+08 3.35924e+10 1.22528e+11 2.53967e+11 4.06596e+11 5.54349e+11 6.70988e+11 7.35251e+11 7.35251e+11 6.70988e+11 5.54349e+11 4.06596e+11 2.53967e+11 1.22528e+11 3.35924e+10 3.35324e+08 2.36877e+07 1.22106e+06 46759 1549.83 44.8112
262.833 11066 443894 1.78186e+07 7.19451e+08 3.51038e+10 3.20011e+12 1.12007e+13 2.28032e+13 3.61259e+13 4.89211e+13 5.89667e+13 6.44836e+13 6.44836e+13 5.89667e+13 4.89211e+13 3.61259e+13 2.28032e+13 1.12007e+13 3.20011e+12 3.51038e+10 7.19451e+08 1.78186e+07 443894 11066 262.833
783.596 34453.1 1.44831e+06 6.09089e+07 2.56596e+09 1.28219e+11 1.12346e+13 3.92116e+13 7.97327e+13 1.26225e+14 1.70851e+14 2.05875e+14 2.25105e+14 2.25105e+14 2.05875e+14 1.70851e+14 1.26225e+14 7.97327e+13 3.92116e+13 1.12346e+13 1.28219e+11 2.56596e+09 6.09089e+07 1.44831e+06 34453.1 783.596
1576.14 69954.5 2.96609e+06 1.25609e+08 5.31788e+09 2.65766e+11 2.2894e+13 7.981e+13 1.62203e+14 2.56705e+14 3.47396e+14 4.18561e+14 4.57632e+14 4.57632e+14 4.18561e+14 3.47396e+14 2.56705e+14 1.62203e+14 7.981e+13 2.2894e+13 2.65766e+11 5.31788e+09 1.25609e+08 2.96609e+06 69954.5 1576.14
2507.36 111540 4.73846e+06 2.00958e+08 8.51668e+09 4.25314e+11 3.62811e+13 1.26389e+14 2.56793e+14 4.06334e+14 5.49824e+14 6.62412e+14 7.24221e+14 7.24221e+14 6.62412e+14 5.49824e+14 4.06334e+14 2.56793e+14 1.26389e+14 3.62811e+13 4.25314e+11 8.51668e+09 2.00958e+08 4.73846e+06 111540 2507.36
3410.2 151815 6.45362e+06 2.73846e+08 1.16111e+10 5.79557e+11 4.91329e+13 1.71084e+14 3.47537e+14 5.49861e+14 7.43982e+14 8.96287e+14 9.79898e+14 9.79898e+14 8.96287e+14 7.43982e+14 5.49861e+14 3.47537e+14 1.71084e+14 4.91329e+13 5.79557e+11 1.16111e+10 2.73846e+08 6.45362e+06 151815 3410.2
4121.92 183561 7.80559e+06 3.31311e+08 1.40514e+10 7.01164e+11 5.9218e+13 2.06145e+14 4.18713e+14 6.62429e+14 8.96251e+14 1.0797e+15 1.1804e+15 1.1804e+15 1.0797e+15 8.96251e+14 6.62429e+14 4.18713e+14 2.06145e+14 5.9218e+13 7.01164e+11 1.40514e+10 3.31311e+08 7.80559e+06 183561 4121.92
4513.49 201029 8.54959e+06 3.6294e+08 1.53949e+10 7.68104e+11 6.47544e+13 2.25389e+14 4.57776e+14 7.24206e+14 9.79814e+14 1.18035e+15 1.29044e+15 1.29044e+15 1.18035e+15 9.79814e+14 7.24206e+14 4.57776e+14 2.25389e+14 6.47544e+13 7.68104e+11 1.53949e+10 3.6294e+08 8.54959e+06 201029 4513.49
4513.49 201029 8.54959e+06 3.6294e+08 1.53949e+10 7.68104e+11 6.47544e+13 2.25389e+14 4.57776e+14 7.24206e+14 9.79814e+14 1.18035e+15 1.29044e+15 1.29044e+15 1.18035e+15 9.79814e+14 7.24206e+14 4.57776e+14 2.25389e+14 6.47544e+13 7.68104e+11 1.53949e+10 3.6294e+08 8.54959e+06 201029 4513.49
4121.92 183561 7.80559e+06 3.31311e+08 1.40514e+10 7.01164e+11 5.9218e+13 2.06145e+14 4.18713e+14 6.62429e+14 8.96251e+14 1.0797e+15 1.1804e+15 1.1804e+15 1.0797e+15 8.96251e+14 6.62429e+14 4.18713e+14 2.06145e+14 5.9218e+13 7.01164e+11 1.40514e+10 3.31311e+08 7.80559e+06 183561 4121.92
3410.2 151815 6.45362e+06 2.73846e+08 1.16111e+10 5.79557e+11 4.91329e+13 1.71084e+14 3.47537e+14 5.49861e+14 7.43982e+14 8.96287e+14 9.79898e+14 9.79898e+14 8.96287e+14 7.43982e+14 5.49861e+14 3.47537e+14 1.71084e+14 4.91329e+13 5.79557e+11 1.16111e+10 2.73846e+08 6.45362e+06 151815 3410.2
2507.36 111540 4.73846e+06 2.00958e+08 8.51668e+09 4.25314e+11 3.62811e+13 1.26389e+14 2.56793e+14 4.06334e+14 5.49824e+14 6.62412e+14 7.24221e+14 7.24221e+14 6.62412e+14 5.49824e+14 4.06334e+14 2.56793e+14 1.26389e+14 3.62811e+13 4.25314e+11 8.51668e+09 2.00958e+08 4.73846e+06 111540 2507.36
1576.14 69954.5 2.96609e+06 1.25609e+08 5.31788e+09 2.65766e+11 2.2894e+13 7.981e+13 1.62203e+14 2.56705e+14 3.47396e+14 4.18561e+14 4.57632e+14 4.57632e+14 4.18561e+14 3.47396e+14 2.56705e+14 1.62203e+14 7.981e+13 2.2894e+13 2.65766e+11 5.31788e+09 1.25609e+08 2.96609e+06 69954.5 1576.14
783.595 34453.1 1.44831e+06 6.09089e+07 2.56596e+09 1.28219e+11 1.12346e+13 3.92116e+13 7.97327e+13 1.26225e+14 1.70851e+14 2.05875e+14 2.25105e+14 2.25105e+14 2.05875e+14 1.70851e+14 1.26225e+14 7.97327e+13 3.92116e+13 1.12346e+13 1.28219e+11 2.56596e+09 6.09089e+07 1.44831e+06 34453.1 783.595
262.833 11066 443894 1.78186e+07 7.19451e+08 3.51038e+10 3.20011e+12 1.12007e+13 2.28032e+13 3.61259e+13 4.89211e+13 5.89667e+13 6.44836e+13 6.44836e+13 5.89667e+13 4.89211e+13 3.61259e+13 2.28032e+13 1.12007e+13 3.20011e+12 3.51038e+10 7.19451e+08 1.78186e+07 443894 11066 262.833
44.8112 1549.83 46759 1.22106e+06 2.36877e+07 3.35324e+08 3.35924e+10 1.22528e+11 2.53967e+11 4.06596e+11 5.54349e+11 6.70988e+11 7.35251e+11 7.35251e+11 6.70988e+11 5.54349e+11 4.06596e+11 2.53967e+11 1.22528e+11 3.35924e+10 3.35324e+08 2.36877e+07 1.22106e+06 46759 1549.83 44.8112
4.79673 134.871 3135.29 61151.9 1.01687e+06 2.29844e+07 6.85336e+08 2.44131e+09 5.05994e+09 8.10742e+09 1.10596e+10 1.33909e+10 1.46756e+10 1.46756e+10 1.33909e+10 1.10596e+10 8.10742e+09 5.05994e+09 2.44131e+09 6.85336e+08 2.29844e+07 1.01687e+06 61151.9 3135.29 134.871 4.79673
0.38726 9.26276 183.617 3301.49 59817.3 1.17527e+06 1.69759e+07 5.796e+07 1.19536e+08 1.9133e+08 2.60877e+08 3.15777e+08 3.46022e+08 3.46022e+08 3.15777e+08 2.60877e+08 1.9133e+08 1.19536e+08 5.796e+07 1.69759e+07 1.17527e+06 59817.3 3301.49 183.617 9.26276 0.38726
0.0265774 0.570985 10.4238 180.572 3036.83 44846.4 422931 1.37842e+06 2.82314e+06 4.51211e+06 6.1488e+06 7.44053e+06 8.15201e+06 8.15201e+06 7.44053e+06 6.1488e+06 4.51211e+06 2.82314e+06 1.37842e+06 422931 44846.4 3036.83 180.572 10.4238 0.570985 0.0265774
0.0016494 0.0329345 0.563404 9.01943 129.99 1483.59 10543.9 32795.8 66593.5 106228 144664 174997 191702 191702 174997 144664 106228 66593.5 32795.8 10543.9 1483.59 129.99 9.01943 0.563404 0.0329345 0.0016494
8.67155e-05 0.00163218 0.025996 0.374979 4.61023 42.8479 250.442 746.009 1500.63 2388.28 3249.96 3930.06 4304.54 4304.54 3930.06 3249.96 2388.28 1500.63 746.009 250.442 42.8479 4.61023 0.374979 0.025996 0.00163218 8.67155e-05
