0.00234099 0.0440679 0.701755 10.1183 124.34 1155.03 6745.99 20062.2 40259.1 63890.5 86698.2 104606 114431 114431 104606 86698.2 63890.5 40259.1 20062.2 6745.99 1155.03 124.34 10.1183 0.701755 0.0440679 0.00234099
0.0445563 0.890036 15.2264 243.663 3509.62 40032.1 284312 882894 1.78837e+06 2.8444e+06 3.86236e+06 4.66138e+06 5.09975e+06 5.09975e+06 4.66138e+06 3.86236e+06 2.8444e+06 1.78837e+06 882894 284312 40032.1 3509.62 243.663 15.2264 0.890036 0.0445563
0.718233 15.4417 282.026 4884.75 82090.5 1.21129e+06 1.14154e+07 3.71449e+07 7.58859e+07 1.20919e+08 1.64285e+08 1.98318e+08 2.1699e+08 2.1699e+08 1.98318e+08 1.64285e+08 1.20919e+08 7.58859e+07 3.71449e+07 1.14154e+07 1.21129e+06 82090.5 4884.75 282.026 15.4417 0.718233
10.4655 250.566 4971.48 89428.2 1.61933e+06 3.17751e+07 4.58603e+08 1.56323e+09 3.2157e+09 5.13098e+09 6.97419e+09 8.42071e+09 9.21438e+09 9.21438e+09 8.42071e+09 6.97419e+09 5.13098e+09 3.2157e+09 1.56323e+09 4.58603e+08 3.17751e+07 1.61933e+06 89428.2 4971.48 250.566 10.4655
129.589 3647.53 84887.2 1.65752e+06 2.75798e+07 6.2222e+08 1.85286e+10 6.58932e+10 1.36212e+11 2.17542e+11 2.95794e+11 3.5721e+11 3.90911e+11 3.90911e+11 3.5721e+11 2.95794e+11 2.17542e+11 1.36212e+11 6.58932e+10 1.85286e+10 6.2222e+08 2.75798e+07 1.65752e+06 84887.2 3647.53 129.589
1209.94 41890.6 1.2652e+06 3.30766e+07 6.42666e+08 9.11302e+09 9.09016e+11 3.3104e+12 6.8441e+12 1.09227e+13 1.48447e+13 1.79222e+13 1.96106e+13 1.96106e+13 1.79222e+13 1.48447e+13 1.09227e+13 6.8441e+12 3.3104e+12 9.09016e+11 9.11302e+09 6.42666e+08 3.30766e+07 1.2652e+06 41890.6 1209.94
7090.13 298836 1.19996e+07 4.82126e+08 1.94822e+10 9.50987e+11 8.66175e+13 3.02956e+14 6.16002e+14 9.74294e+14 1.31713e+15 1.58539e+15 1.73236e+15 1.73236e+15 1.58539e+15 1.31713e+15 9.74294e+14 6.16002e+14 3.02956e+14 8.66175e+13 9.50987e+11 1.94822e+10 4.82126e+08 1.19996e+07 298836 7090.13
21099.2 928692 3.90791e+07 1.64495e+09 6.93525e+10 3.46744e+12 3.03846e+14 1.05987e+15 2.15263e+15 3.4026e+15 4.59825e+15 5.53362e+15 6.04605e+15 6.04605e+15 5.53362e+15 4.59825e+15 3.4026e+15 2.15263e+15 1.05987e+15 3.03846e+14 3.46744e+12 6.93525e+10 1.64495e+09 3.90791e+07 928692 21099.2
42326 1.8805e+06 7.98095e+07 3.38259e+09 1.43308e+11 7.1668e+12 6.18268e+14 2.15427e+15 4.37344e+15 6.91126e+15 9.33847e+15 1.12372e+16 1.22773e+16 1.22773e+16 1.12372e+16 9.33848e+15 6.91126e+15 4.37344e+15 2.15427e+15 6.18268e+14 7.1668e+12 1.43308e+11 3.38259e+09 7.98095e+07 1.8805e+06 42326
67121.5 2.98868e+06 1.27072e+08 5.39294e+09 2.28686e+11 1.14292e+13 9.77919e+14 3.40544e+15 6.91182e+15 1.09211e+16 1.47553e+16 1.77546e+16 1.93975e+16 1.93975e+16 1.77546e+16 1.47553e+16 1.09211e+16 6.91181e+15 3.40544e+15 9.77919e+14 1.14292e+13 2.28686e+11 5.39294e+09 1.27072e+08 2.98868e+06 67121.5
91007.5 4.05483e+06 1.72494e+08 7.32365e+09 3.10657e+11 1.55194e+13 1.32172e+15 4.60115e+15 9.33739e+15 1.47525e+16 1.99309e+16 2.39814e+16 2.62003e+16 2.62003e+16 2.39814e+16 1.99309e+16 1.47525e+16 9.33739e+15 4.60115e+15 1.32172e+15 1.55194e+13 3.10657e+11 7.32365e+09 1.72494e+08 4.05483e+06 91007.5
109729 4.89018e+06 2.08075e+08 8.83593e+09 3.74865e+11 1.87227e+13 1.59046e+15 5.53566e+15 1.1233e+16 1.77467e+16 2.39754e+16 2.88474e+16 3.15163e+16 3.15163e+16 2.88474e+16 2.39754e+16 1.77467e+16 1.1233e+16 5.53566e+15 1.59046e+15 1.87227e+13 3.74865e+11 8.83593e+09 2.08075e+08 4.89018e+06 109729
119989 5.3479e+06 2.27571e+08 9.66457e+09 4.10048e+11 2.04779e+13 1.73758e+15 6.04726e+15 1.22708e+16 1.93858e+16 2.61895e+16 3.15112e+16 3.44263e+16 3.44263e+16 3.15112e+16 2.61895e+16 1.93858e+16 1.22708e+16 6.04726e+15 1.73758e+15 2.04779e+13 4.10048e+11 9.66457e+09 2.27571e+08 5.3479e+06 119989
119989 5.3479e+06 2.27571e+08 9.66457e+09 4.10048e+11 2.04779e+13 1.73758e+15 6.04726e+15 1.22708e+16 1.93858e+16 2.61895e+16 3.15112e+16 3.44263e+16 3.44263e+16 3.15112e+16 2.61895e+16 1.93858e+16 1.22708e+16 6.04726e+15 1.73758e+15 2.04779e+13 4.10048e+11 9.66457e+09 2.27571e+08 5.3479e+06 119989
109729 4.89018e+06 2.08075e+08 8.83593e+09 3.74865e+11 1.87227e+13 1.59046e+15 5.53566e+15 1.1233e+16 1.77467e+16 2.39754e+16 2.88474e+16 3.15163e+16 3.15163e+16 2.88474e+16 2.39754e+16 1.77467e+16 1.1233e+16 5.53566e+15 1.59046e+15 1.87227e+13 3.74865e+11 8.83593e+09 2.08075e+08 4.89018e+06 109729
91007.5 4.05483e+06 1.72494e+08 7.32365e+09 3.10657e+11 1.55194e+13 1.32172e+15 4.60115e+15 9.33739e+15 1.47525e+16 1.99309e+16 2.39814e+16 2.62003e+16 2.62003e+16 2.39814e+16 1.99309e+16 1.47525e+16 9.33739e+15 4.60115e+15 1.32172e+15 1.55194e+13 3.10657e+11 7.32365e+09 1.72494e+08 4.05483e+06 91007.5
67121.5 2.98868e+06 1.27072e+08 5.39294e+09 2.28686e+11 1.14292e+13 9.77919e+14 3.40544e+15 6.91181e+15 1.09211e+16 1.47553e+16 1.77546e+16 1.93975e+16 1.93975e+16 1.77546e+16 1.47553e+16 1.09211e+16 6.91182e+15 3.40544e+15 9.77919e+14 1.14292e+13 2.28686e+11 5.39294e+09 1.27072e+08 2.98868e+06 67121.5
42326 1.8805e+06 7.98095e+07 3.38259e+09 1.43308e+11 7.1668e+12 6.18268e+14 2.15427e+15 4.37344e+15 6.91126e+15 9.33848e+15 1.12372e+16 1.22773e+16 1.22773e+16 1.12372e+16 9.33847e+15 6.91126e+15 4.37344e+15 2.15427e+15 6.18268e+14 7.1668e+12 1.43308e+11 3.38259e+09 7.98095e+07 1.8805e+06 42326
21099.2 928692 3.90791e+07 1.64495e+09 6.93525e+10 3.46744e+12 3.03846e+14 1.05987e+15 2.15263e+15 3.4026e+15 4.59825e+15 5.53362e+15 6.04605e+15 6.04605e+15 5.53362e+15 4.59825e+15 3.4026e+15 2.15263e+15 1.05987e+15 3.03846e+14 3.46744e+12 6.93525e+10 1.64495e+09 3.90791e+07 928692 21099.2
7090.13 298836 1.19996e+07 4.82126e+08 1.94822e+10 9.50987e+11 8.66175e+13 3.02956e+14 6.16002e+14 9.74294e+14 1.31713e+15 1.58539e+15 1.73236e+15 1.73236e+15 1.58539e+15 1.31713e+15 9.74294e+14 6.16002e+14 3.02956e+14 8.66175e+13 9.50987e+11 1.94822e+10 4.82126e+08 1.19996e+07 298836 7090.13
1209.94 41890.6 1.2652e+06 3.30766e+07 6.42666e+08 9.11302e+09 9.09016e+11 3.3104e+12 6.8441e+12 1.09227e+13 1.48447e+13 1.79222e+13 1.96106e+13 1.96106e+13 1.79222e+13 1.48447e+13 1.09227e+13 6.8441e+12 3.3104e+12 9.09016e+11 9.11302e+09 6.42666e+08 3.30766e+07 1.2652e+06 41890.6 1209.94
129.589 3647.53 84887.2 1.65752e+06 2.75798e+07 6.2222e+08 1.85286e+10 6.58932e+10 1.36212e+11 2.17542e+11 2.95794e+11 3.5721e+11 3.90911e+11 3.90911e+11 3.5721e+11 2.95794e+11 2.17542e+11 1.36212e+11 6.58932e+10 1.85286e+10 6.2222e+08 2.75798e+07 1.65752e+06 84887.2 3647.53 129.589
10.4655 250.566 4971.48 89428.2 1.61933e+06 3.17751e+07 4.58603e+08 1.56323e+09 3.2157e+09 5.13098e+09 6.97419e+09 8.42071e+09 9.21438e+09 9.21438e+09 8.42071e+09 6.97419e+09 5.13098e+09 3.2157e+09 1.56323e+09 4.58603e+08 3.17751e+07 1.61933e+06 89428.2 4971.48 250.566 10.4655
0.718233 15.4417 282.026 4884.75 82090.5 1.21129e+06 1.14154e+07 3.71449e+07 7.58859e+07 1.20919e+08 1.64285e+08 1.98318e+08 2.1699e+08 2.1699e+08 1.98318e+08 1.64285e+08 1.20919e+08 7.58859e+07 3.71449e+07 1.14154e+07 1.21129e+06 82090.5 4884.75 282.026 15.4417 0.718233
0.0445563 0.890036 15.2264 243.663 3509.62 40032.1 284312 882894 1.78837e+06 2.8444e+06 3.86236e+06 4.66138e+06 5.09975e+06 5.09975e+06 4.66138e+06 3.86236e+06 2.8444e+06 1.78837e+06 882894 284312 40032.1 3509.62 243.663 15.2264 0.890036 0.0445563
0.00234099 0.0440679 0.701755 10.1183 124.34 1155.03 6745.99 20062.2 40259.1 63890.5 86698.2 104606 114431 114431 104606 86698.2 63890.5 40259.1 20062.2 6745.99 1155.03 124.34 10.1183 0.701755 0.0440679 0.00234099
