1.08419e-05 0.00020324 0.00321825 0.0461116 0.563303 5.20742 30.3016 89.8241 179.669 284.289 384.855 463.585 506.707 506.707 463.585 384.855 284.289 179.669 89.8241 30.3016 5.20742 0.563303 0.0461116 0.00321825 0.00020324 1.08419e-05
0.000206185 0.004105 0.0698713 1.11071 15.8865 180.16 1274.27 3943.56 7960.55 12621.5 17095.2 20596.1 22513.5 22513.5 20596.1 17095.2 12621.5 7960.55 3943.56 1274.27 180.16 15.8865 1.11071 0.0698713 0.004105 0.000206185
0.00331694 0.0711686 1.29542 22.3046 371.779 5444.76 51069.5 165578 337034 535252 725282 873949 955367 955367 873949 725282 535252 337034 165578 51069.5 5444.76 371.779 22.3046 1.29542 0.0711686 0.00331694
0.0481628 1.15189 22.8285 409.481 7357.35 142827 2.04892e+06 6.95752e+06 1.42568e+07 2.26684e+07 3.07259e+07 3.70289e+07 4.04808e+07 4.04808e+07 3.70289e+07 3.07259e+07 2.26684e+07 1.42568e+07 6.95752e+06 2.04892e+06 142827 7357.35 409.481 22.8285 1.15189 0.0481628
0.593655 16.6924 388.416 7591.11 126210 2.80536e+06 8.2712e+07 2.92964e+08 6.03122e+08 9.59684e+08 1.30111e+09 1.56819e+09 1.71447e+09 1.71447e+09 1.56819e+09 1.30111e+09 9.59684e+08 6.03122e+08 2.92964e+08 8.2712e+07 2.80536e+06 126210 7591.11 388.416 16.6924 0.593655
5.51628 190.676 5753.99 150527 2.93829e+06 4.19274e+07 4.0626e+09 1.47313e+10 3.03268e+10 4.82166e+10 6.53362e+10 7.8725e+10 8.60572e+10 8.60572e+10 7.8725e+10 6.53362e+10 4.82166e+10 3.03268e+10 1.47313e+10 4.0626e+09 4.19274e+07 2.93829e+06 150527 5753.99 190.676 5.51628
32.1849 1353.5 54247.1 2.17654e+06 8.78738e+07 4.27963e+09 3.87075e+11 1.34968e+12 2.73536e+12 4.31342e+12 5.81726e+12 6.99052e+12 7.63223e+12 7.63223e+12 6.99052e+12 5.81726e+12 4.31342e+12 2.73536e+12 1.34968e+12 3.87075e+11 4.27963e+09 8.78738e+07 2.17654e+06 54247.1 1353.5 32.1849
95.4528 4191.11 175991 7.396e+06 3.11468e+08 1.55383e+10 1.3541e+12 4.70959e+12 9.53522e+12 1.50282e+13 2.02613e+13 2.43435e+13 2.65761e+13 2.65761e+13 2.43435e+13 2.02613e+13 1.50282e+13 9.53521e+12 4.70959e+12 1.3541e+12 1.55383e+10 3.11468e+08 7.396e+06 175991 4191.11 95.4528
190.875 8457.84 358125 1.51506e+07 6.41003e+08 3.19841e+10 2.74679e+12 9.54404e+12 1.93159e+13 3.04371e+13 4.10313e+13 4.9295e+13 5.38143e+13 5.38143e+13 4.9295e+13 4.10313e+13 3.04371e+13 1.93159e+13 9.54404e+12 2.74679e+12 3.19841e+10 6.41003e+08 1.51506e+07 358125 8457.84 190.875
301.847 13402 568402 2.40744e+07 1.0193e+09 5.08245e+10 4.33231e+12 1.50454e+13 3.04441e+13 4.79674e+13 6.46595e+13 7.76793e+13 8.47996e+13 8.47996e+13 7.76793e+13 6.46595e+13 4.79674e+13 3.04441e+13 1.50454e+13 4.33231e+12 5.08245e+10 1.0193e+09 2.40744e+07 568402 13402 301.847
408.366 18140.7 769686 3.26092e+07 1.38095e+09 6.88263e+10 5.84226e+12 2.02834e+13 4.10385e+13 6.46562e+13 8.7153e+13 1.047e+14 1.14296e+14 1.14296e+14 1.047e+14 8.7153e+13 6.46562e+13 4.10385e+13 2.02834e+13 5.84226e+12 6.88263e+10 1.38095e+09 3.26092e+07 769686 18140.7 408.366
491.65 21843.9 926940 3.9276e+07 1.66344e+09 8.28853e+10 7.01946e+12 2.43666e+13 4.92971e+13 7.76652e+13 1.04686e+14 1.25762e+14 1.37288e+14 1.37288e+14 1.25762e+14 1.04686e+14 7.76652e+13 4.92971e+13 2.43666e+13 7.01946e+12 8.28853e+10 1.66344e+09 3.9276e+07 926940 21843.9 491.65
537.224 23870.2 1.01298e+06 4.29236e+07 1.81801e+09 9.05769e+10 7.66299e+12 2.65987e+13 5.38114e+13 8.47762e+13 1.14271e+14 1.37275e+14 1.49856e+14 1.49856e+14 1.37275e+14 1.14271e+14 8.47761e+13 5.38114e+13 2.65987e+13 7.66299e+12 9.05769e+10 1.81801e+09 4.29236e+07 1.01298e+06 23870.2 537.224
537.224 23870.2 1.01298e+06 4.29236e+07 1.81801e+09 9.05769e+10 7.66299e+12 2.65987e+13 5.38114e+13 8.47761e+13 1.14271e+14 1.37275e+14 1.49856e+14 1.49856e+14 1.37275e+14 1.14271e+14 8.47761e+13 5.38114e+13 2.65987e+13 7.66299e+12 9.05769e+10 1.81801e+09 4.29236e+07 1.01298e+06 23870.2 537.224
491.65 21843.9 926940 3.9276e+07 1.66344e+09 8.28853e+10 7.01946e+12 2.43666e+13 4.92971e+13 7.76652e+13 1.04686e+14 1.25762e+14 1.37288e+14 1.37288e+14 1.25762e+14 1.04686e+14 7.76652e+13 4.92971e+13 2.43666e+13 7.01946e+12 8.28853e+10 1.66344e+09 3.9276e+07 926940 21843.9 491.65
408.366 18140.7 769686 3.26092e+07 1.38095e+09 6.88263e+10 5.84226e+12 2.02834e+13 4.10385e+13 6.46562e+13 8.7153e+13 1.047e+14 1.14296e+14 1.14296e+14 1.047e+14 8.7153e+13 6.46562e+13 4.10385e+13 2.02834e+13 5.84226e+12 6.88263e+10 1.38095e+09 3.26092e+07 769686 18140.7 408.366
301.847 13402 568402 2.40744e+07 1.0193e+09 5.08245e+10 4.33231e+12 1.50454e+13 3.04441e+13 4.79674e+13 6.46595e+13 7.76793e+13 8.47996e+13 8.47996e+13 7.76793e+13 6.46595e+13 4.79674e+13 3.04441e+13 1.50454e+13 4.33231e+12 5.08245e+10 1.0193e+09 2.40744e+07 568402 13402 301.847
190.875 8457.84 358125 1.51506e+07 6.41003e+08 3.19841e+10 2.74679e+12 9.54404e+12 1.93159e+13 3.04371e+13 4.10313e+13 4.9295e+13 5.38143e+13 5.38143e+13 4.9295e+13 4.10313e+13 3.04371e+13 1.93159e+13 9.54404e+12 2.74679e+12 3.19841e+10 6.41003e+08 1.51506e+07 358125 8457.84 190.875
95.4528 4191.11 175991 7.396e+06 3.11468e+08 1.55383e+10 1.3541e+12 4.70959e+12 9.53521e+12 1.50282e+13 2.02613e+13 2.43435e+13 2.65761e+13 2.65761e+13 2.43435e+13 2.02613e+13 1.50282e+13 9.53522e+12 4.70959e+12 1.3541e+12 1.55383e+10 3.11468e+08 7.396e+06 175991 4191.11 95.4528
32.1849 1353.5 54247.1 2.17654e+06 8.78738e+07 4.27963e+09 3.87075e+11 1.34968e+12 2.73536e+12 4.31342e+12 5.81726e+12 6.99052e+12 7.63223e+12 7.63223e+12 6.99052e+12 5.81726e+12 4.31342e+12 2.73536e+12 1.34968e+12 3.87075e+11 4.27963e+09 8.78738e+07 2.17654e+06 54247.1 1353.5 32.1849
5.51628 190.676 5753.99 150527 2.93829e+06 4.19274e+07 4.0626e+09 1.47313e+10 3.03268e+10 4.82166e+10 6.53362e+10 7.8725e+10 8.60572e+10 8.60572e+10 7.8725e+10 6.53362e+10 4.82166e+10 3.03268e+10 1.47313e+10 4.0626e+09 4.19274e+07 2.93829e+06 150527 5753.99 190.676 5.51628
0.593655 16.6924 388.416 7591.11 126210 2.80536e+06 8.2712e+07 2.92964e+08 6.03122e+08 9.59684e+08 1.30111e+09 1.56819e+09 1.71447e+09 1.71447e+09 1.56819e+09 1.30111e+09 9.59684e+08 6.03122e+08 2.92964e+08 8.2712e+07 2.80536e+06 126210 7591.11 388.416 16.6924 0.593655
0.0481628 1.15189 22.8285 409.481 7357.35 142827 2.04892e+06 6.95752e+06 1.42568e+07 2.26684e+07 3.07259e+07 3.70289e+07 4.04808e+07 4.04808e+07 3.70289e+07 3.07259e+07 2.26684e+07 1.42568e+07 6.95752e+06 2.04892e+06 142827 7357.35 409.481 22.8285 1.15189 0.0481628
0.00331694 0.0711686 1.29542 22.3046 371.779 5444.76 51069.5 165578 337034 535252 725282 873949 955367 955367 873949 725282 535252 337034 165578 51069.5 5444.76 371.779 22.3046 1.29542 0.0711686 0.00331694
0.000206185 0.004105 0.0698713 1.11071 15.8865 180.16 1274.27 3943.56 7960.55 12621.5 17095.2 20596.1 22513.5 22513.5 20596.1 17095.2 12621.5 7960.55 3943.56 1274.27 180.16 15.8865 1.11071 0.0698713 0.004105 0.000206185
1.08419e-05 0.00020324 0.00321825 0.0461116 0.563303 5.20742 30.3016 89.8241 179.669 284.289 384.855 463.585 506.707 506.707 463.585 384.855 284.289 179.669 89.8241 30.3016 5.20742 0.563303 0.0461116 0.00321825 0.00020324 1.08419e-05
