0.00061533 0.011555 0.183151 2.62535 32.0913 297.09 1733.28 5160.22 10374.5 16498 22428.9 27099.2 29666.3 29666.3 27099.2 22428.9 16498 10374.5 5160.22 1733.28 297.09 32.0913 2.62535 0.183151 0.011555 0.000615331
0.0117509 0.234561 3.99854 63.5768 909.186 10317.1 73131.8 227345 461413 735455 1.00059e+06 1.20932e+06 1.32406e+06 1.32406e+06 1.20932e+06 1.00059e+06 735455 461413 227345 73131.8 10317.1 909.186 63.5768 3.99854 0.234561 0.0117509
0.189722 4.08553 74.5622 1284.54 21385.1 312917 2.93891e+06 9.57332e+06 1.95985e+07 3.12992e+07 4.26095e+07 5.1513e+07 5.64076e+07 5.64076e+07 5.1513e+07 4.26095e+07 3.12992e+07 1.95985e+07 9.57332e+06 2.93891e+06 312917 21385.1 1284.54 74.5622 4.08553 0.189722
2.76163 66.3377 1320.02 23733.1 425843 8.23733e+06 1.18136e+08 4.03132e+08 8.31091e+08 1.3292e+09 1.81045e+09 2.18932e+09 2.39761e+09 2.39761e+09 2.18932e+09 1.81045e+09 1.3292e+09 8.31091e+08 4.03132e+08 1.18136e+08 8.23733e+06 425843 23733.1 1320.02 66.3377 2.76163
34.0956 962.918 22508.2 441883 7.36647e+06 1.62566e+08 4.77422e+09 1.69985e+10 3.52195e+10 5.63859e+10 7.68334e+10 9.29333e+10 1.01786e+11 1.01786e+11 9.29333e+10 7.68334e+10 5.63859e+10 3.52195e+10 1.69985e+10 4.77422e+09 1.62566e+08 7.36647e+06 441883 22508.2 962.918 34.0956
317.292 11010.1 333511 8.75926e+06 1.71973e+08 2.46808e+09 2.34805e+11 8.55927e+11 1.77353e+12 2.83719e+12 3.86402e+12 4.67227e+12 5.11662e+12 5.11662e+12 4.67227e+12 3.86402e+12 2.83719e+12 1.77353e+12 8.55927e+11 2.34805e+11 2.46808e+09 1.71973e+08 8.75926e+06 333511 11010.1 317.292
1855.34 78280.5 3.1458e+06 1.26454e+08 5.11059e+09 2.48598e+11 2.23976e+13 7.84024e+13 1.59664e+14 2.5295e+14 3.42458e+14 4.12647e+14 4.51156e+14 4.51156e+14 4.12647e+14 3.42458e+14 2.5295e+14 1.59664e+14 7.84024e+13 2.23976e+13 2.48598e+11 5.11059e+09 1.26454e+08 3.1458e+06 78280.5 1855.34
5525.8 243464 1.02526e+07 4.31764e+08 1.8207e+10 9.07537e+11 7.86943e+13 2.74703e+14 5.58759e+14 8.84621e+14 1.19715e+15 1.44217e+15 1.57658e+15 1.57658e+15 1.44217e+15 1.19715e+15 8.84621e+14 5.58759e+14 2.74703e+14 7.86943e+13 9.07537e+11 1.8207e+10 4.31764e+08 1.02526e+07 243464 5525.8
11106.9 494014 2.09843e+07 8.89906e+08 3.77141e+10 1.8806e+12 1.60456e+14 5.59457e+14 1.1374e+15 1.8002e+15 2.43578e+15 2.934e+15 3.2073e+15 3.2073e+15 2.934e+15 2.43578e+15 1.8002e+15 1.1374e+15 5.59457e+14 1.60456e+14 1.8806e+12 3.77141e+10 8.89906e+08 2.09843e+07 494014 11106.9
17654.4 787035 3.34956e+07 1.42254e+09 6.0348e+10 3.00742e+12 2.54323e+14 8.86157e+14 1.80108e+15 2.85017e+15 3.85605e+15 4.6445e+15 5.07699e+15 5.07699e+15 4.6445e+15 3.85605e+15 2.85017e+15 1.80108e+15 8.86157e+14 2.54323e+14 3.00742e+12 6.0348e+10 1.42254e+09 3.34956e+07 787035 17654.4
23988.3 1.07018e+06 4.5574e+07 1.93646e+09 8.21835e+10 4.09389e+12 3.44358e+14 1.1994e+15 2.43733e+15 3.85663e+15 5.21738e+15 6.28395e+15 6.86898e+15 6.86898e+15 6.28395e+15 5.21738e+15 3.85663e+15 2.43733e+15 1.1994e+15 3.44358e+14 4.09389e+12 8.21835e+10 1.93646e+09 4.5574e+07 1.07018e+06 23988.3
28970.4 1.29283e+06 5.5071e+07 2.34056e+09 9.93546e+10 4.94807e+12 4.14928e+14 1.44487e+15 2.93588e+15 4.64522e+15 6.28397e+15 7.5684e+15 8.27293e+15 8.27293e+15 7.5684e+15 6.28397e+15 4.64522e+15 2.93588e+15 1.44487e+15 4.14928e+14 4.94807e+12 9.93546e+10 2.34056e+09 5.5071e+07 1.29283e+06 28970.4
31706.8 1.41512e+06 6.02874e+07 2.56253e+09 1.08788e+11 5.41728e+12 4.53631e+14 1.57949e+15 3.20926e+15 5.07763e+15 6.86882e+15 8.27271e+15 9.04275e+15 9.04275e+15 8.27271e+15 6.86882e+15 5.07763e+15 3.20926e+15 1.57949e+15 4.53631e+14 5.41728e+12 1.08788e+11 2.56253e+09 6.02874e+07 1.41512e+06 31706.8
31706.8 1.41512e+06 6.02874e+07 2.56253e+09 1.08788e+11 5.41728e+12 4.53631e+14 1.57949e+15 3.20926e+15 5.07763e+15 6.86882e+15 8.27271e+15 9.04275e+15 9.04275e+15 8.27271e+15 6.86882e+15 5.07763e+15 3.20926e+15 1.57949e+15 4.53631e+14 5.41728e+12 1.08788e+11 2.56253e+09 6.02874e+07 1.41512e+06 31706.8
28970.4 1.29283e+06 5.5071e+07 2.34056e+09 9.93546e+10 4.94807e+12 4.14928e+14 1.44487e+15 2.93588e+15 4.64522e+15 6.28397e+15 7.5684e+15 8.27293e+15 8.27293e+15 7.5684e+15 6.28397e+15 4.64522e+15 2.93588e+15 1.44487e+15 4.14928e+14 4.94807e+12 9.93546e+10 2.34056e+09 5.5071e+07 1.29283e+06 28970.4
23988.3 1.07018e+06 4.5574e+07 1.93646e+09 8.21835e+10 4.09389e+12 3.44358e+14 1.1994e+15 2.43733e+15 3.85663e+15 5.21738e+15 6.28395e+15 6.86898e+15 6.86898e+15 6.28395e+15 5.21738e+15 3.85663e+15 2.43733e+15 1.1994e+15 3.44358e+14 4.09389e+12 8.21835e+10 1.93646e+09 4.5574e+07 1.07018e+06 23988.3
17654.4 787035 3.34956e+07 1.42254e+09 6.0348e+10 3.00742e+12 2.54323e+14 8.86157e+14 1.80108e+15 2.85017e+15 3.85605e+15 4.6445e+15 5.07699e+15 5.07699e+15 4.6445e+15 3.85605e+15 2.85017e+15 1.80108e+15 8.86157e+14 2.54323e+14 3.00742e+12 6.0348e+10 1.42254e+09 3.34956e+07 787035 17654.4
11106.9 494014 2.09843e+07 8.89906e+08 3.77141e+10 1.8806e+12 1.60456e+14 5.59457e+14 1.1374e+15 1.8002e+15 2.43578e+15 2.934e+15 3.2073e+15 3.2073e+15 2.934e+15 2.43578e+15 1.8002e+15 1.1374e+15 5.59457e+14 1.60456e+14 1.8806e+12 3.77141e+10 8.89906e+08 2.09843e+07 494014 11106.9
5525.8 243464 1.02526e+07 4.31764e+08 1.8207e+10 9.07537e+11 7.86943e+13 2.74703e+14 5.58759e+14 8.84621e+14 1.19715e+15 1.44217e+15 1.57658e+15 1.57658e+15 1.44217e+15 1.19715e+15 8.84621e+14 5.58759e+14 2.74703e+14 7.86943e+13 9.07537e+11 1.8207e+10 4.31764e+08 1.02526e+07 243464 5525.8
1855.34 78280.5 3.1458e+06 1.26454e+08 5.11059e+09 2.48598e+11 2.23976e+13 7.84024e+13 1.59664e+14 2.5295e+14 3.42458e+14 4.12647e+14 4.51156e+14 4.51156e+14 4.12647e+14 3.42458e+14 2.5295e+14 1.59664e+14 7.84024e+13 2.23976e+13 2.48598e+11 5.11059e+09 1.26454e+08 3.1458e+06 78280.5 1855.34
317.292 11010.1 333511 8.75926e+06 1.71973e+08 2.46808e+09 2.34805e+11 8.55927e+11 1.77353e+12 2.83719e+12 3.86402e+12 4.67227e+12 5.11662e+12 5.11662e+12 4.67227e+12 3.86402e+12 2.83719e+12 1.77353e+12 8.55927e+11 2.34805e+11 2.46808e+09 1.71973e+08 8.75926e+06 333511 11010.1 317.292
34.0956 962.918 22508.2 441883 7.36647e+06 1.62566e+08 4.77422e+09 1.69985e+10 3.52195e+10 5.63859e+10 7.68334e+10 9.29333e+10 1.01786e+11 1.01786e+11 9.29333e+10 7.68334e+10 5.63859e+10 3.52195e+10 1.69985e+10 4.77422e+09 1.62566e+08 7.36647e+06 441883 22508.2 962.918 34.0956
2.76163 66.3377 1320.02 23733.1 425843 8.23733e+06 1.18136e+08 4.03132e+08 8.31091e+08 1.3292e+09 1.81045e+09 2.18932e+09 2.39761e+09 2.39761e+09 2.18932e+09 1.81045e+09 1.3292e+09 8.31091e+08 4.03132e+08 1.18136e+08 8.23733e+06 425843 23733.1 1320.02 66.3377 2.76163
0.189722 4.08553 74.5622 1284.54 21385.1 312917 2.93891e+06 9.57332e+06 1.95985e+07 3.12992e+07 4.26095e+07 5.1513e+07 5.64076e+07 5.64076e+07 5.1513e+07 4.26095e+07 3.12992e+07 1.95985e+07 9.57332e+06 2.93891e+06 312917 21385.1 1284.54 74.5622 4.08553 0.189722
0.0117509 0.234561 3.99854 63.5768 909.186 10317.1 73131.8 227345 461413 735455 1.00059e+06 1.20932e+06 1.32406e+06 1.32406e+06 1.20932e+06 1.00059e+06 735455 461413 227345 73131.8 10317.1 909.186 63.5768 3.99854 0.234561 0.0117509
0.00061533 0.011555 0.183151 2.62535 32.0913 297.09 1733.28 5160.22 10374.5 16498 22428.9 27099.2 29666.3 29666.3 27099.2 22428.9 16498 10374.5 5160.22 1733.28 297.09 32.0913 2.62535 0.183151 0.011555 0.00061533
