10.957 202.999 3143.46 43725.3 518590 4.68398e+06 2.68283e+07 7.84318e+07 1.54213e+08 2.39249e+08 3.17677e+08 3.76791e+08 4.08316e+08 4.08316e+08 3.76791e+08 3.17677e+08 2.39249e+08 1.54213e+08 7.84318e+07 2.68283e+07 4.68398e+06 518590 43725.3 3143.46 202.999 10.957
210.46 4173.19 69878.1 1.07727e+06 1.4847e+07 1.63245e+08 1.13276e+09 3.45534e+09 6.85129e+09 1.06403e+10 1.41215e+10 1.67386e+10 1.8132e+10 1.8132e+10 1.67386e+10 1.41215e+10 1.06403e+10 6.85129e+09 3.45534e+09 1.13276e+09 1.63245e+08 1.4847e+07 1.07727e+06 69878.1 4173.19 210.46
3391.09 73198.2 1.32816e+06 2.23387e+07 3.5607e+08 4.98662e+09 4.56067e+10 1.45659e+11 2.91004e+11 4.5221e+11 5.99756e+11 7.10388e+11 7.69196e+11 7.69196e+11 7.10388e+11 5.99756e+11 4.5221e+11 2.91004e+11 1.45659e+11 4.56067e+10 4.98662e+09 3.5607e+08 2.23387e+07 1.32816e+06 73198.2 3391.09
48743.2 1.18107e+06 2.37067e+07 4.2507e+08 7.34689e+09 1.33092e+11 1.83833e+12 6.14583e+12 1.23508e+13 1.91942e+13 2.54358e+13 3.0104e+13 3.25813e+13 3.25813e+13 3.0104e+13 2.54358e+13 1.91942e+13 1.23508e+13 6.14583e+12 1.83833e+12 1.33092e+11 7.34689e+09 4.2507e+08 2.37067e+07 1.18107e+06 48743.2
589432 1.6794e+07 3.983e+08 7.98186e+09 1.34365e+11 2.71684e+12 7.45388e+13 2.59813e+14 5.2414e+14 8.14241e+14 1.078e+15 1.27478e+15 1.37903e+15 1.37903e+15 1.27478e+15 1.078e+15 8.14241e+14 5.2414e+14 2.59813e+14 7.45388e+13 2.71684e+12 1.34365e+11 7.98186e+09 3.983e+08 1.6794e+07 589432
5.35629e+06 1.8675e+08 5.70922e+09 1.52617e+11 3.12478e+12 4.73211e+13 3.7185e+15 1.32643e+16 2.67651e+16 4.15594e+16 5.50141e+16 6.50594e+16 7.03846e+16 7.03846e+16 6.50594e+16 5.50141e+16 4.15594e+16 2.67651e+16 1.32643e+16 3.7185e+15 4.73211e+13 3.12478e+12 1.52617e+11 5.70922e+09 1.8675e+08 5.35629e+06
3.06145e+07 1.29238e+09 5.20239e+10 2.0966e+12 8.49934e+13 4.09407e+15 3.53194e+17 1.22107e+18 2.44654e+18 3.80526e+18 5.06227e+18 6.01712e+18 6.52981e+18 6.52981e+18 6.01712e+18 5.06227e+18 3.80526e+18 2.44654e+18 1.22107e+18 3.53194e+17 4.09407e+15 8.49934e+13 2.0966e+12 5.20239e+10 1.29238e+09 3.06145e+07
8.9361e+07 3.93566e+09 1.65856e+11 6.99589e+12 2.9566e+14 1.46172e+16 1.22655e+18 4.23029e+18 8.46558e+18 1.31568e+19 1.7494e+19 2.07874e+19 2.25553e+19 2.25553e+19 2.07874e+19 1.7494e+19 1.31568e+19 8.46558e+18 4.23029e+18 1.22655e+18 1.46172e+16 2.9566e+14 6.99589e+12 1.65856e+11 3.93566e+09 8.9361e+07
1.75496e+08 7.79427e+09 3.30945e+11 1.40413e+13 5.95687e+14 2.94724e+16 2.45846e+18 8.469e+18 1.69278e+19 2.62776e+19 3.49045e+19 4.14444e+19 4.49514e+19 4.49514e+19 4.14444e+19 3.49045e+19 2.62776e+19 1.69278e+19 8.469e+18 2.45846e+18 2.94724e+16 5.95687e+14 1.40413e+13 3.30945e+11 7.79427e+09 1.75496e+08
2.71992e+08 1.20922e+10 5.13726e+11 2.17973e+13 9.24337e+14 4.57073e+16 3.82028e+18 1.31505e+19 2.62545e+19 4.07039e+19 5.40043e+19 6.40666e+19 6.94552e+19 6.94552e+19 6.40666e+19 5.40043e+19 4.07039e+19 2.62545e+19 1.31505e+19 3.82028e+18 4.57073e+16 9.24337e+14 2.17973e+13 5.13726e+11 1.20922e+10 2.71992e+08
3.60846e+08 1.60343e+10 6.80722e+11 2.88582e+13 1.22257e+15 6.04275e+16 5.07552e+18 1.7463e+19 3.48294e+19 5.39356e+19 7.14826e+19 8.4732e+19 9.18182e+19 9.18182e+19 8.4732e+19 7.14826e+19 5.39356e+19 3.48294e+19 1.7463e+19 5.07552e+18 6.04275e+16 1.22257e+15 2.88582e+13 6.80722e+11 1.60343e+10 3.60846e+08
4.27723e+08 1.89934e+10 8.05745e+11 3.41306e+13 1.44469e+15 7.1387e+16 6.0257e+18 2.07265e+19 4.13078e+19 6.39122e+19 8.46356e+19 1.0026e+20 1.08608e+20 1.08608e+20 1.0026e+20 8.46356e+19 6.39122e+19 4.13078e+19 2.07265e+19 6.0257e+18 7.1387e+16 1.44469e+15 3.41306e+13 8.05745e+11 1.89934e+10 4.27723e+08
4.63353e+08 2.05674e+10 8.72131e+11 3.69254e+13 1.56222e+15 7.71854e+16 6.53461e+18 2.24742e+19 4.47735e+19 6.92421e+19 9.16533e+19 1.08537e+20 1.17552e+20 1.17552e+20 1.08537e+20 9.16533e+19 6.92421e+19 4.47735e+19 2.24742e+19 6.53461e+18 7.71854e+16 1.56222e+15 3.69254e+13 8.72131e+11 2.05674e+10 4.63353e+08
4.63353e+08 2.05674e+10 8.72131e+11 3.69254e+13 1.56222e+15 7.71854e+16 6.53461e+18 2.24742e+19 4.47735e+19 6.92421e+19 9.16533e+19 1.08537e+20 1.17552e+20 1.17552e+20 1.08537e+20 9.16533e+19 6.92421e+19 4.47735e+19 2.24742e+19 6.53461e+18 7.71854e+16 1.56222e+15 3.69254e+13 8.72131e+11 2.05674e+10 4.63353e+08
4.27723e+08 1.89934e+10 8.05745e+11 3.41306e+13 1.44469e+15 7.1387e+16 6.0257e+18 2.07265e+19 4.13078e+19 6.39122e+19 8.46356e+19 1.0026e+20 1.08608e+20 1.08608e+20 1.0026e+20 8.46356e+19 6.39122e+19 4.13078e+19 2.07265e+19 6.0257e+18 7.1387e+16 1.44469e+15 3.41306e+13 8.05745e+11 1.89934e+10 4.27723e+08
3.60846e+08 1.60343e+10 6.80722e+11 2.88582e+13 1.22257e+15 6.04275e+16 5.07552e+18 1.7463e+19 3.48294e+19 5.39356e+19 7.14826e+19 8.4732e+19 9.18182e+19 9.18182e+19 8.4732e+19 7.14826e+19 5.39356e+19 3.48294e+19 1.7463e+19 5.07552e+18 6.04275e+16 1.22257e+15 2.88582e+13 6.80722e+11 1.60343e+10 3.60846e+08
2.71992e+08 1.20922e+10 5.13726e+11 2.17973e+13 9.24337e+14 4.57073e+16 3.82028e+18 1.31505e+19 2.62545e+19 4.07039e+19 5.40043e+19 6.40666e+19 6.94552e+19 6.94552e+19 6.40666e+19 5.40043e+19 4.07039e+19 2.62545e+19 1.31505e+19 3.82028e+18 4.57073e+16 9.24337e+14 2.17973e+13 5.13726e+11 1.20922e+10 2.71992e+08
1.75496e+08 7.79427e+09 3.30945e+11 1.40413e+13 5.95687e+14 2.94724e+16 2.45846e+18 8.469e+18 1.69278e+19 2.62776e+19 3.49045e+19 4.14444e+19 4.49514e+19 4.49514e+19 4.14444e+19 3.49045e+19 2.62776e+19 1.69278e+19 8.469e+18 2.45846e+18 2.94724e+16 5.95687e+14 1.40413e+13 3.30945e+11 7.79427e+09 1.75496e+08
8.9361e+07 3.93566e+09 1.65856e+11 6.99589e+12 2.9566e+14 1.46172e+16 1.22655e+18 4.23029e+18 8.46558e+18 1.31568e+19 1.7494e+19 2.07874e+19 2.25553e+19 2.25553e+19 2.07874e+19 1.7494e+19 1.31568e+19 8.46558e+18 4.23029e+18 1.22655e+18 1.46172e+16 2.9566e+14 6.99589e+12 1.65856e+11 3.93566e+09 8.9361e+07
3.06145e+07 1.29238e+09 5.20239e+10 2.0966e+12 8.49934e+13 4.09407e+15 3.53194e+17 1.22107e+18 2.44654e+18 3.80526e+18 5.06227e+18 6.01712e+18 6.52981e+18 6.52981e+18 6.01712e+18 5.06227e+18 3.80526e+18 2.44654e+18 1.22107e+18 3.53194e+17 4.09407e+15 8.49934e+13 2.0966e+12 5.20239e+10 1.29238e+09 3.06145e+07
5.35629e+06 1.8675e+08 5.70922e+09 1.52617e+11 3.12478e+12 4.73211e+13 3.7185e+15 1.32643e+16 2.67651e+16 4.15594e+16 5.50141e+16 6.50594e+16 7.03846e+16 7.03846e+16 6.50594e+16 5.50141e+16 4.15594e+16 2.67651e+16 1.32643e+16 3.7185e+15 4.73211e+13 3.12478e+12 1.52617e+11 5.70922e+09 1.8675e+08 5.35629e+06
589432 1.6794e+07 3.983e+08 7.98186e+09 1.34365e+11 2.71684e+12 7.45388e+13 2.59813e+14 5.2414e+14 8.14241e+14 1.078e+15 1.27478e+15 1.37903e+15 1.37903e+15 1.27478e+15 1.078e+15 8.14241e+14 5.2414e+14 2.59813e+14 7.45388e+13 2.71684e+12 1.34365e+11 7.98186e+09 3.983e+08 1.6794e+07 589432
48743.2 1.18107e+06 2.37067e+07 4.2507e+08 7.34689e+09 1.33092e+11 1.83833e+12 6.14583e+12 1.23508e+13 1.91942e+13 2.54358e+13 3.0104e+13 3.25813e+13 3.25813e+13 3.0104e+13 2.54358e+13 1.91942e+13 1.23508e+13 6.14583e+12 1.83833e+12 1.33092e+11 7.34689e+09 4.2507e+08 2.37067e+07 1.18107e+06 48743.2
3391.09 73198.2 1.32816e+06 2.23387e+07 3.5607e+08 4.98662e+09 4.56067e+10 1.45659e+11 2.91004e+11 4.5221e+11 5.99756e+11 7.10388e+11 7.69196e+11 7.69196e+11 7.10388e+11 5.99756e+11 4.5221e+11 2.91004e+11 1.45659e+11 4.56067e+10 4.98662e+09 3.5607e+08 2.23387e+07 1.32816e+06 73198.2 3391.09
210.46 4173.19 69878.1 1.07727e+06 1.4847e+07 1.63245e+08 1.13276e+09 3.45534e+09 6.85129e+09 1.06403e+10 1.41215e+10 1.67386e+10 1.8132e+10 1.8132e+10 1.67386e+10 1.41215e+10 1.06403e+10 6.85129e+09 3.45534e+09 1.13276e+09 1.63245e+08 1.4847e+07 1.07727e+06 69878.1 4173.19 210.46
10.957 202.999 3143.46 43725.3 518590 4.68398e+06 2.68283e+07 7.84318e+07 1.54213e+08 2.39249e+08 3.17677e+08 3.76791e+08 4.08316e+08 4.08316e+08 3.76791e+08 3.17677e+08 2.39249e+08 1.54213e+08 7.84318e+07 2.68283e+07 4.68398e+06 518590 43725.3 3143.46 202.999 10.957
