4.93722e-06 9.21277e-05 0.00144798 0.0205594 0.248994 2.2866 13.2477 39.1461 78.0448 123.078 166.113 199.638 217.939 217.939 199.638 166.113 123.078 78.0448 39.1461 13.2477 2.2866 0.248994 0.0205594 0.00144798 9.21277e-05 4.93722e-06
9.40614e-05 0.0018679 0.0316031 0.497589 7.04093 79.1614 557.002 1718.11 3456.41 5461.13 7373.64 8862.57 9675.21 9675.21 8862.57 7373.64 5461.13 3456.41 1718.11 557.002 79.1614 7.04093 0.497589 0.0316031 0.0018679 9.40614e-05
0.00151238 0.0324562 0.589299 10.0665 165.614 2395.9 22321.6 72122.4 146288 231484 312642 375795 410257 410257 375795 312642 231484 146288 72122.4 22321.6 2395.9 165.614 10.0665 0.589299 0.0324562 0.00151238
0.0218799 0.524431 10.4132 186.452 3310.01 63051.1 895584 3.03028e+06 6.1867e+06 9.79986e+06 1.3238e+07 1.59126e+07 1.73719e+07 1.73719e+07 1.59126e+07 1.3238e+07 9.79986e+06 6.1867e+06 3.03028e+06 895584 63051.1 3310.01 186.452 10.4132 0.524431 0.0218799
0.26809 7.55521 176.459 3467.18 57743.8 1.24939e+06 3.61593e+07 1.27601e+08 2.61693e+08 4.14775e+08 5.60347e+08 6.73565e+08 7.35334e+08 7.35334e+08 6.73565e+08 5.60347e+08 4.14775e+08 2.61693e+08 1.27601e+08 3.61593e+07 1.24939e+06 57743.8 3467.18 176.459 7.55521 0.26809
2.47481 85.6337 2589.7 68053.8 1.34418e+06 1.94669e+07 1.78189e+09 6.43587e+09 1.31984e+10 2.09021e+10 2.8224e+10 3.39176e+10 3.70238e+10 3.70239e+10 3.39176e+10 2.8224e+10 2.09021e+10 1.31984e+10 6.43587e+09 1.78189e+09 1.94669e+07 1.34418e+06 68053.8 2589.7 85.6337 2.47481
14.3571 603.63 24189.9 970549 3.91872e+07 1.90152e+09 1.69771e+11 5.90608e+11 1.19408e+12 1.87835e+12 2.52764e+12 3.0324e+12 3.30782e+12 3.30782e+12 3.0324e+12 2.52764e+12 1.87835e+12 1.19408e+12 5.90608e+11 1.69771e+11 1.90152e+09 3.91872e+07 970549 24189.9 603.63 14.3571
42.4208 1861.83 78156.4 3.28384e+06 1.38281e+08 6.87646e+09 5.92844e+11 2.05754e+12 4.15627e+12 6.53522e+12 8.79238e+12 1.05471e+13 1.15046e+13 1.15046e+13 1.05471e+13 8.79238e+12 6.53522e+12 4.15627e+12 2.05754e+12 5.92844e+11 6.87646e+09 1.38281e+08 3.28384e+06 78156.4 1861.83 42.4208
84.5291 3743.54 158438 6.70053e+06 2.83427e+08 1.4099e+10 1.1998e+12 4.16049e+12 8.40165e+12 1.32086e+13 1.77693e+13 2.13148e+13 2.32494e+13 2.32494e+13 2.13148e+13 1.77693e+13 1.32086e+13 8.40165e+12 4.16049e+12 1.1998e+12 1.4099e+10 2.83427e+08 6.70053e+06 158438 3743.54 84.5291
133.211 5910.57 250527 1.06057e+07 4.48871e+08 2.23151e+10 1.88767e+12 6.54316e+12 1.32113e+13 2.07686e+13 2.79387e+13 3.35127e+13 3.65543e+13 3.65543e+13 3.35127e+13 2.79387e+13 2.07686e+13 1.32113e+13 6.54316e+12 1.88767e+12 2.23151e+10 4.48871e+08 1.06057e+07 250527 5910.57 133.211
179.665 7974.77 338111 1.43157e+07 6.05934e+08 3.01113e+10 2.53983e+12 8.80202e+12 1.77709e+13 2.79356e+13 3.75794e+13 4.50764e+13 4.91674e+13 4.91674e+13 4.50764e+13 3.75794e+13 2.79356e+13 1.77709e+13 8.80202e+12 2.53983e+12 3.01114e+10 6.05934e+08 1.43157e+07 338111 7974.77 179.665
215.805 9579.59 406168 1.71975e+07 7.27903e+08 3.61648e+10 3.04637e+12 1.05566e+13 2.13127e+13 3.35027e+13 4.5068e+13 5.40588e+13 5.89648e+13 5.89648e+13 5.40588e+13 4.5068e+13 3.35027e+13 2.13127e+13 1.05566e+13 3.04637e+12 3.61648e+10 7.27903e+08 1.71975e+07 406168 9579.59 215.805
235.516 10454.7 443271 1.87683e+07 7.94378e+08 3.9464e+10 3.3226e+12 1.15134e+13 2.32441e+13 3.65387e+13 4.91519e+13 5.89573e+13 6.43079e+13 6.43079e+13 5.89573e+13 4.91519e+13 3.65387e+13 2.32441e+13 1.15134e+13 3.3226e+12 3.9464e+10 7.94378e+08 1.87683e+07 443271 10454.7 235.516
235.516 10454.7 443271 1.87683e+07 7.94378e+08 3.9464e+10 3.3226e+12 1.15134e+13 2.32441e+13 3.65387e+13 4.91519e+13 5.89573e+13 6.43079e+13 6.43079e+13 5.89573e+13 4.91519e+13 3.65387e+13 2.32441e+13 1.15134e+13 3.3226e+12 3.9464e+10 7.94378e+08 1.87683e+07 443271 10454.7 235.516
215.805 9579.59 406168 1.71975e+07 7.27903e+08 3.61648e+10 3.04637e+12 1.05566e+13 2.13127e+13 3.35027e+13 4.5068e+13 5.40588e+13 5.89648e+13 5.89648e+13 5.40588e+13 4.5068e+13 3.35027e+13 2.13127e+13 1.05566e+13 3.04637e+12 3.61648e+10 7.27903e+08 1.71975e+07 406168 9579.59 215.805
179.665 7974.77 338111 1.43157e+07 6.05934e+08 3.01114e+10 2.53983e+12 8.80202e+12 1.77709e+13 2.79356e+13 3.75794e+13 4.50764e+13 4.91674e+13 4.91674e+13 4.50764e+13 3.75794e+13 2.79356e+13 1.77709e+13 8.80202e+12 2.53983e+12 3.01113e+10 6.05934e+08 1.43157e+07 338111 7974.77 179.665
133.211 5910.57 250527 1.06057e+07 4.48871e+08 2.23151e+10 1.88767e+12 6.54316e+12 1.32113e+13 2.07686e+13 2.79387e+13 3.35127e+13 3.65543e+13 3.65543e+13 3.35127e+13 2.79387e+13 2.07686e+13 1.32113e+13 6.54316e+12 1.88767e+12 2.23151e+10 4.48871e+08 1.06057e+07 250527 5910.57 133.211
84.5291 3743.54 158438 6.70053e+06 2.83427e+08 1.4099e+10 1.1998e+12 4.16049e+12 8.40165e+12 1.32086e+13 1.77693e+13 2.13148e+13 2.32494e+13 2.32494e+13 2.13148e+13 1.77693e+13 1.32086e+13 8.40165e+12 4.16049e+12 1.1998e+12 1.4099e+10 2.83427e+08 6.70053e+06 158438 3743.54 84.5291
42.4208 1861.83 78156.4 3.28384e+06 1.38281e+08 6.87646e+09 5.92844e+11 2.05754e+12 4.15627e+12 6.53522e+12 8.79238e+12 1.05471e+13 1.15046e+13 1.15046e+13 1.05471e+13 8.79238e+12 6.53522e+12 4.15627e+12 2.05754e+12 5.92844e+11 6.87646e+09 1.38281e+08 3.28384e+06 78156.4 1861.83 42.4208
14.3571 603.63 24189.9 970549 3.91872e+07 1.90152e+09 1.69771e+11 5.90608e+11 1.19408e+12 1.87835e+12 2.52764e+12 3.0324e+12 3.30782e+12 3.30782e+12 3.0324e+12 2.52764e+12 1.87835e+12 1.19408e+12 5.90608e+11 1.69771e+11 1.90152e+09 3.91872e+07 970549 24189.9 603.63 14.3571
2.47481 85.6337 2589.7 68053.8 1.34418e+06 1.94669e+07 1.78189e+09 6.43587e+09 1.31984e+10 2.09021e+10 2.8224e+10 3.39176e+10 3.70239e+10 3.70238e+10 3.39176e+10 2.8224e+10 2.09021e+10 1.31984e+10 6.43587e+09 1.78189e+09 1.94669e+07 1.34418e+06 68053.8 2589.7 85.6337 2.47481
0.26809 7.55521 176.459 3467.18 57743.8 1.24939e+06 3.61593e+07 1.27601e+08 2.61693e+08 4.14775e+08 5.60347e+08 6.73565e+08 7.35334e+08 7.35334e+08 6.73565e+08 5.60347e+08 4.14775e+08 2.61693e+08 1.27601e+08 3.61593e+07 1.24939e+06 57743.8 3467.18 176.459 7.55521 0.26809
0.0218799 0.524431 10.4132 186.452 3310.01 63051.1 895584 3.03028e+06 6.1867e+06 9.79986e+06 1.3238e+07 1.59126e+07 1.73719e+07 1.73719e+07 1.59126e+07 1.3238e+07 9.79986e+06 6.1867e+06 3.03028e+06 895584 63051.1 3310.01 186.452 10.4132 0.524431 0.0218799
0.00151238 0.0324562 0.589299 10.0665 165.614 2395.9 22321.6 72122.4 146288 231484 312642 375795 410257 410257 375795 312642 231484 146288 72122.4 22321.6 2395.9 165.614 10.0665 0.589299 0.0324562 0.00151238
9.40615e-05 0.0018679 0.0316031 0.497589 7.04093 79.1614 557.002 1718.11 3456.41 5461.13 7373.64 8862.57 9675.21 9675.21 8862.57 7373.64 5461.13 3456.41 1718.11 557.002 79.1614 7.04093 0.497589 0.0316031 0.0018679 9.40614e-05
4.93722e-06 9.21277e-05 0.00144798 0.0205594 0.248994 2.2866 13.2477 39.1461 78.0448 123.078 166.113 199.638 217.939 217.939 199.638 166.113 123.078 78.0448 39.1461 13.2477 2.2866 0.248994 0.0205594 0.00144798 9.21276e-05 4.93722e-06
