13.9408 258.035 3989.36 55381.4 655610 5.91485e+06 3.38821e+07 9.92544e+07 1.95789e+08 3.04926e+08 4.0643e+08 4.8353e+08 5.24873e+08 5.24873e+08 4.8353e+08 4.0643e+08 3.04926e+08 1.95789e+08 9.92544e+07 3.38821e+07 5.91485e+06 655610 55381.4 3989.36 258.035 13.9408
267.867 5308.78 88782.2 1.36585e+06 1.87786e+07 2.06103e+08 1.42967e+09 4.36983e+09 8.69338e+09 1.3555e+10 1.80607e+10 2.14753e+10 2.33039e+10 2.33039e+10 2.14753e+10 1.80607e+10 1.3555e+10 8.69338e+09 4.36983e+09 1.42967e+09 2.06103e+08 1.87786e+07 1.36585e+06 88782.2 5308.78 267.867
4315.57 93157.2 1.68947e+06 2.83686e+07 4.5085e+08 6.29581e+09 5.75215e+10 1.84082e+11 3.69022e+11 5.75807e+11 7.66793e+11 9.11205e+11 9.88428e+11 9.88428e+11 9.11205e+11 7.66793e+11 5.75807e+11 3.69022e+11 1.84082e+11 5.75215e+10 6.29581e+09 4.5085e+08 2.83686e+07 1.68947e+06 93157.2 4315.57
61986.2 1.50255e+06 3.01713e+07 5.40816e+08 9.32342e+09 1.6812e+11 2.31696e+12 7.76162e+12 1.56527e+13 2.4429e+13 3.25094e+13 3.8606e+13 4.18616e+13 4.18616e+13 3.8606e+13 3.25094e+13 2.4429e+13 1.56527e+13 7.76162e+12 2.31696e+12 1.6812e+11 9.32342e+09 5.40816e+08 3.01713e+07 1.50255e+06 61986.2
748726 2.13394e+07 5.06447e+08 1.01606e+10 1.71135e+11 3.43897e+12 9.38798e+13 3.27896e+14 6.63882e+14 1.03586e+15 1.3774e+15 1.63454e+15 1.77165e+15 1.77165e+15 1.63454e+15 1.3774e+15 1.03586e+15 6.63882e+14 3.27896e+14 9.38798e+13 3.43897e+12 1.71135e+11 1.01606e+10 5.06447e+08 2.13394e+07 748726
6.79686e+06 2.36948e+08 7.24483e+09 1.93812e+11 3.97824e+12 6.04501e+13 4.68385e+15 1.67385e+16 3.38911e+16 5.28448e+16 7.02445e+16 8.33486e+16 9.03386e+16 9.03386e+16 8.33486e+16 7.02445e+16 5.28448e+16 3.38911e+16 1.67385e+16 4.68385e+15 6.04501e+13 3.97824e+12 1.93812e+11 7.24483e+09 2.36948e+08 6.79686e+06
3.88408e+07 1.63858e+09 6.59135e+10 2.65445e+12 1.07529e+14 5.17042e+15 4.44558e+17 1.53839e+18 3.08783e+18 4.81322e+18 6.41702e+18 7.64049e+18 8.29934e+18 8.29934e+18 7.64049e+18 6.41702e+18 4.81322e+18 3.08783e+18 1.53839e+18 4.44558e+17 5.17042e+15 1.07529e+14 2.65445e+12 6.59135e+10 1.63858e+09 3.88408e+07
1.13587e+08 4.99923e+09 2.10525e+11 8.87362e+12 3.74751e+14 1.8495e+16 1.54569e+18 5.33522e+18 1.0694e+19 1.66535e+19 2.21876e+19 2.64063e+19 2.86773e+19 2.86773e+19 2.64063e+19 2.21876e+19 1.66535e+19 1.0694e+19 5.33522e+18 1.54569e+18 1.8495e+16 3.74751e+14 8.87362e+12 2.10525e+11 4.99923e+09 1.13587e+08
2.23784e+08 9.93288e+09 4.21483e+11 1.78714e+13 7.57719e+14 3.74217e+16 3.10445e+18 1.07011e+19 2.14211e+19 3.33157e+19 4.43372e+19 5.27241e+19 5.72334e+19 5.72334e+19 5.27241e+19 4.43372e+19 3.33157e+19 2.14211e+19 1.07011e+19 3.10445e+18 3.74217e+16 7.57719e+14 1.78714e+13 4.21483e+11 9.93288e+09 2.23784e+08
3.48162e+08 1.54711e+10 6.56942e+11 2.78603e+13 1.1809e+15 5.82847e+16 4.83601e+18 1.66544e+19 3.32957e+19 5.17131e+19 6.87356e+19 8.16617e+19 8.86018e+19 8.86018e+19 8.16617e+19 6.87356e+19 5.17131e+19 3.32957e+19 1.66544e+19 4.83601e+18 5.82847e+16 1.1809e+15 2.78603e+13 6.56942e+11 1.54711e+10 3.48162e+08
4.63652e+08 2.05951e+10 8.74027e+11 3.70403e+13 1.56871e+15 7.73849e+16 6.44055e+18 2.21659e+19 4.42654e+19 6.8666e+19 9.11652e+19 1.08216e+20 1.17358e+20 1.17358e+20 1.08216e+20 9.11652e+19 6.8666e+19 4.42654e+19 2.21659e+19 6.44055e+18 7.73849e+16 1.56871e+15 3.70403e+13 8.74027e+11 2.05951e+10 4.63652e+08
5.51251e+08 2.44726e+10 1.03792e+12 4.39554e+13 1.86021e+15 9.17336e+16 7.66098e+18 2.63553e+19 5.25891e+19 8.15025e+19 1.08115e+20 1.28251e+20 1.39037e+20 1.39037e+20 1.28251e+20 1.08115e+20 8.15025e+19 5.25891e+19 2.63553e+19 7.66098e+18 9.17336e+16 1.86021e+15 4.39554e+13 1.03792e+12 2.44726e+10 5.51251e+08
5.98178e+08 2.65469e+10 1.12547e+12 4.7644e+13 2.01547e+15 9.93738e+16 8.31681e+18 2.86058e+19 5.70553e+19 8.83804e+19 1.17184e+20 1.38961e+20 1.50619e+20 1.50619e+20 1.38961e+20 1.17184e+20 8.83804e+19 5.70553e+19 2.86058e+19 8.31681e+18 9.93738e+16 2.01547e+15 4.7644e+13 1.12547e+12 2.65469e+10 5.98178e+08
5.98178e+08 2.65469e+10 1.12547e+12 4.7644e+13 2.01547e+15 9.93738e+16 8.31681e+18 2.86058e+19 5.70553e+19 8.83804e+19 1.17184e+20 1.38961e+20 1.50619e+20 1.50619e+20 1.38961e+20 1.17184e+20 8.83804e+19 5.70553e+19 2.86058e+19 8.31681e+18 9.93738e+16 2.01547e+15 4.7644e+13 1.12547e+12 2.65469e+10 5.98178e+08
5.51251e+08 2.44726e+10 1.03792e+12 4.39554e+13 1.86021e+15 9.17336e+16 7.66098e+18 2.63553e+19 5.25891e+19 8.15025e+19 1.08115e+20 1.28251e+20 1.39037e+20 1.39037e+20 1.28251e+20 1.08115e+20 8.15025e+19 5.25891e+19 2.63553e+19 7.66098e+18 9.17336e+16 1.86021e+15 4.39554e+13 1.03792e+12 2.44726e+10 5.51251e+08
4.63652e+08 2.05951e+10 8.74027e+11 3.70403e+13 1.56871e+15 7.73849e+16 6.44055e+18 2.21659e+19 4.42654e+19 6.8666e+19 9.11652e+19 1.08216e+20 1.17358e+20 1.17358e+20 1.08216e+20 9.11652e+19 6.8666e+19 4.42654e+19 2.21659e+19 6.44055e+18 7.73849e+16 1.56871e+15 3.70403e+13 8.74027e+11 2.05951e+10 4.63652e+08
3.48162e+08 1.54711e+10 6.56942e+11 2.78603e+13 1.1809e+15 5.82847e+16 4.83601e+18 1.66544e+19 3.32957e+19 5.17131e+19 6.87356e+19 8.16617e+19 8.86018e+19 8.86018e+19 8.16617e+19 6.87356e+19 5.17131e+19 3.32957e+19 1.66544e+19 4.83601e+18 5.82847e+16 1.1809e+15 2.78603e+13 6.56942e+11 1.54711e+10 3.48162e+08
2.23784e+08 9.93288e+09 4.21483e+11 1.78714e+13 7.57719e+14 3.74217e+16 3.10445e+18 1.07011e+19 2.14211e+19 3.33157e+19 4.43372e+19 5.27241e+19 5.72334e+19 5.72334e+19 5.27241e+19 4.43372e+19 3.33157e+19 2.14211e+19 1.07011e+19 3.10445e+18 3.74217e+16 7.57719e+14 1.78714e+13 4.21483e+11 9.93288e+09 2.23784e+08
1.13587e+08 4.99923e+09 2.10525e+11 8.87362e+12 3.74751e+14 1.8495e+16 1.54569e+18 5.33522e+18 1.0694e+19 1.66535e+19 2.21876e+19 2.64063e+19 2.86773e+19 2.86773e+19 2.64063e+19 2.21876e+19 1.66535e+19 1.0694e+19 5.33522e+18 1.54569e+18 1.8495e+16 3.74751e+14 8.87362e+12 2.10525e+11 4.99923e+09 1.13587e+08
3.88408e+07 1.63858e+09 6.59135e+10 2.65445e+12 1.07529e+14 5.17042e+15 4.44558e+17 1.53839e+18 3.08783e+18 4.81322e+18 6.41702e+18 7.64049e+18 8.29934e+18 8.29934e+18 7.64049e+18 6.41702e+18 4.81322e+18 3.08783e+18 1.53839e+18 4.44558e+17 5.17042e+15 1.07529e+14 2.65445e+12 6.59135e+10 1.63858e+09 3.88408e+07
6.79686e+06 2.36948e+08 7.24483e+09 1.93812e+11 3.97824e+12 6.04501e+13 4.68385e+15 1.67385e+16 3.38911e+16 5.28448e+16 7.02445e+16 8.33486e+16 9.03386e+16 9.03386e+16 8.33486e+16 7.02445e+16 5.28448e+16 3.38911e+16 1.67385e+16 4.68385e+15 6.04501e+13 3.97824e+12 1.93812e+11 7.24483e+09 2.36948e+08 6.79686e+06
748726 2.13394e+07 5.06447e+08 1.01606e+10 1.71135e+11 3.43897e+12 9.38798e+13 3.27896e+14 6.63882e+14 1.03586e+15 1.3774e+15 1.63454e+15 1.77165e+15 1.77165e+15 1.63454e+15 1.3774e+15 1.03586e+15 6.63882e+14 3.27896e+14 9.38798e+13 3.43897e+12 1.71135e+11 1.01606e+10 5.06447e+08 2.13394e+07 748726
61986.2 1.50255e+06 3.01713e+07 5.40816e+08 9.32342e+09 1.6812e+11 2.31696e+12 7.76162e+12 1.56527e+13 2.4429e+13 3.25094e+13 3.8606e+13 4.18616e+13 4.18616e+13 3.8606e+13 3.25094e+13 2.4429e+13 1.56527e+13 7.76162e+12 2.31696e+12 1.6812e+11 9.32342e+09 5.40816e+08 3.01713e+07 1.50255e+06 61986.2
4315.57 93157.2 1.68947e+06 2.83686e+07 4.5085e+08 6.29581e+09 5.75215e+10 1.84082e+11 3.69022e+11 5.75807e+11 7.66793e+11 9.11205e+11 9.88428e+11 9.88428e+11 9.11205e+11 7.66793e+11 5.75807e+11 3.69022e+11 1.84082e+11 5.75215e+10 6.29581e+09 4.5085e+08 2.83686e+07 1.68947e+06 93157.2 4315.57
267.867 5308.78 88782.2 1.36585e+06 1.87786e+07 2.06103e+08 1.42967e+09 4.36983e+09 8.69338e+09 1.3555e+10 1.80607e+10 2.14753e+10 2.33039e+10 2.33039e+10 2.14753e+10 1.80607e+10 1.3555e+10 8.69338e+09 4.36983e+09 1.42967e+09 2.06103e+08 1.87786e+07 1.36585e+06 88782.2 5308.78 267.867
13.9408 258.035 3989.36 55381.4 655610 5.91485e+06 3.38821e+07 9.92544e+07 1.95789e+08 3.04926e+08 4.0643e+08 4.8353e+08 5.24873e+08 5.24873e+08 4.8353e+08 4.0643e+08 3.04926e+08 1.95789e+08 9.92544e+07 3.38821e+07 5.91485e+06 655610 55381.4 3989.36 258.035 13.9408
