0.102637 1.93896 30.9537 446.959 5499.2 51162 299345 891299 1.78893e+06 2.83639e+06 3.84252e+06 4.62823e+06 5.05749e+06 5.05749e+06 4.62823e+06 3.84252e+06 2.83639e+06 1.78893e+06 891299 299345 51162 5499.2 446.959 30.9537 1.93896 0.102636
1.96455 39.4345 676.95 10849.5 156361 1.78507e+06 1.26973e+07 3.94845e+07 8.00108e+07 1.27151e+08 1.72367e+08 2.07657e+08 2.26933e+08 2.26933e+08 2.07657e+08 1.72367e+08 1.27151e+08 8.00108e+07 3.94845e+07 1.26973e+07 1.78507e+06 156361 10849.5 676.95 39.4345 1.96455
31.818 688.383 12635.4 219336 3.68492e+06 5.43429e+07 5.12589e+08 1.67054e+09 3.41485e+09 5.43714e+09 7.37447e+09 8.88574e+09 9.71098e+09 9.71098e+09 8.88574e+09 7.37447e+09 5.43714e+09 3.41485e+09 1.67054e+09 5.12589e+08 5.43429e+07 3.68492e+06 219336 12635.4 688.383 31.818
465.086 11215.5 224013 4.04762e+06 7.32874e+07 1.4335e+09 2.06784e+10 7.061e+10 1.45362e+11 2.3177e+11 3.1447e+11 3.78955e+11 4.14158e+11 4.14158e+11 3.78955e+11 3.14469e+11 2.3177e+11 1.45362e+11 7.061e+10 2.06784e+10 1.4335e+09 7.32874e+07 4.04762e+06 224013 11215.5 465.086
5770.17 163597 3.83476e+06 7.53917e+07 1.26038e+09 2.82534e+10 8.37878e+11 2.98575e+12 6.17782e+12 9.8594e+12 1.33808e+13 1.61257e+13 1.76238e+13 1.76238e+13 1.61257e+13 1.33808e+13 9.8594e+12 6.17782e+12 2.98575e+12 8.37878e+11 2.82534e+10 1.26038e+09 7.53917e+07 3.83476e+06 163597 5770.17
53949.7 1.88065e+06 5.71648e+07 1.50366e+09 2.9444e+10 4.21072e+11 4.12172e+13 1.50448e+14 3.11425e+14 4.96758e+14 6.73956e+14 8.12061e+14 8.87431e+14 8.87431e+14 8.12061e+14 6.73956e+14 4.96758e+14 3.11425e+14 1.50448e+14 4.12172e+13 4.21072e+11 2.9444e+10 1.50366e+09 5.71648e+07 1.88065e+06 53949.7
316505 1.34262e+07 5.42068e+08 2.18703e+10 8.8632e+11 4.32805e+13 3.92999e+15 1.3781e+16 2.808e+16 4.44582e+16 6.01079e+16 7.23225e+16 7.9e+16 7.9e+16 7.23225e+16 6.01079e+16 4.44582e+16 2.808e+16 1.3781e+16 3.92999e+15 4.32805e+13 8.8632e+11 2.18703e+10 5.42068e+08 1.34262e+07 316505
942652 4.17665e+07 1.76741e+09 7.47194e+10 3.16016e+12 1.58148e+14 1.38228e+16 4.83354e+16 9.83731e+16 1.55658e+17 2.10385e+17 2.53102e+17 2.76455e+17 2.76455e+17 2.53101e+17 2.10385e+17 1.55658e+17 9.83731e+16 4.83354e+16 1.38228e+16 1.58148e+14 3.16016e+12 7.47194e+10 1.76741e+09 4.17665e+07 942652
1.89073e+06 8.45771e+07 3.61035e+09 1.53712e+11 6.53387e+12 3.27186e+14 2.81822e+16 9.84355e+16 2.00232e+17 3.1673e+17 4.28006e+17 5.1485e+17 5.62327e+17 5.62327e+17 5.1485e+17 4.28006e+17 3.1673e+17 2.00232e+17 9.84355e+16 2.81822e+16 3.27186e+14 6.53387e+12 1.53712e+11 3.61035e+09 8.45771e+07 1.89073e+06
2.99453e+06 1.34257e+08 5.7418e+09 2.44791e+11 1.04148e+13 5.21315e+14 4.46101e+16 1.55728e+17 3.16674e+17 5.00812e+17 6.76654e+17 8.13869e+17 8.88877e+17 8.88877e+17 8.13869e+17 6.76654e+17 5.00812e+17 3.16674e+17 1.55728e+17 4.46101e+16 5.21315e+14 1.04148e+13 2.44791e+11 5.7418e+09 1.34257e+08 2.99453e+06
4.05199e+06 1.8178e+08 7.77792e+09 3.31707e+11 1.41157e+13 7.0637e+14 6.02798e+16 2.10372e+17 4.27716e+17 6.76318e+17 9.13675e+17 1.09886e+18 1.20009e+18 1.20009e+18 1.09886e+18 9.13675e+17 6.76318e+17 4.27716e+17 2.10372e+17 6.02798e+16 7.0637e+14 1.41157e+13 3.31707e+11 7.77792e+09 1.8178e+08 4.05199e+06
4.87578e+06 2.18776e+08 9.36208e+09 3.99294e+11 1.69922e+13 8.50192e+14 7.24885e+16 2.52951e+17 5.14235e+17 8.13047e+17 1.0983e+18 1.32083e+18 1.44245e+18 1.44245e+18 1.32083e+18 1.0983e+18 8.13047e+17 5.14235e+17 2.52951e+17 7.24886e+16 8.50192e+14 1.69922e+13 3.99294e+11 9.36208e+09 2.18776e+08 4.87578e+06
5.32507e+06 2.38947e+08 1.02255e+10 4.36118e+11 1.85589e+13 9.28523e+14 7.91542e+16 2.76201e+17 5.61476e+17 8.877e+17 1.19909e+18 1.442e+18 1.57476e+18 1.57476e+18 1.442e+18 1.19909e+18 8.877e+17 5.61476e+17 2.76201e+17 7.91542e+16 9.28523e+14 1.85589e+13 4.36118e+11 1.02255e+10 2.38947e+08 5.32507e+06
5.32507e+06 2.38947e+08 1.02255e+10 4.36118e+11 1.85589e+13 9.28523e+14 7.91542e+16 2.76201e+17 5.61476e+17 8.877e+17 1.19909e+18 1.442e+18 1.57476e+18 1.57476e+18 1.442e+18 1.19909e+18 8.877e+17 5.61476e+17 2.76201e+17 7.91542e+16 9.28523e+14 1.85589e+13 4.36118e+11 1.02255e+10 2.38947e+08 5.32507e+06
4.87578e+06 2.18776e+08 9.36208e+09 3.99294e+11 1.69922e+13 8.50192e+14 7.24886e+16 2.52951e+17 5.14235e+17 8.13047e+17 1.0983e+18 1.32083e+18 1.44245e+18 1.44245e+18 1.32083e+18 1.0983e+18 8.13047e+17 5.14235e+17 2.52951e+17 7.24885e+16 8.50192e+14 1.69922e+13 3.99294e+11 9.36208e+09 2.18776e+08 4.87578e+06
4.05199e+06 1.8178e+08 7.77792e+09 3.31707e+11 1.41157e+13 7.0637e+14 6.02798e+16 2.10372e+17 4.27716e+17 6.76318e+17 9.13675e+17 1.09886e+18 1.20009e+18 1.20009e+18 1.09886e+18 9.13675e+17 6.76318e+17 4.27716e+17 2.10372e+17 6.02798e+16 7.0637e+14 1.41157e+13 3.31707e+11 7.77792e+09 1.8178e+08 4.05199e+06
2.99453e+06 1.34257e+08 5.7418e+09 2.44791e+11 1.04148e+13 5.21315e+14 4.46101e+16 1.55728e+17 3.16674e+17 5.00812e+17 6.76654e+17 8.13869e+17 8.88877e+17 8.88877e+17 8.13869e+17 6.76654e+17 5.00812e+17 3.16674e+17 1.55728e+17 4.46101e+16 5.21315e+14 1.04148e+13 2.44791e+11 5.7418e+09 1.34257e+08 2.99453e+06
1.89073e+06 8.45771e+07 3.61035e+09 1.53712e+11 6.53387e+12 3.27186e+14 2.81822e+16 9.84355e+16 2.00232e+17 3.1673e+17 4.28006e+17 5.1485e+17 5.62327e+17 5.62327e+17 5.1485e+17 4.28006e+17 3.1673e+17 2.00232e+17 9.84355e+16 2.81822e+16 3.27186e+14 6.53387e+12 1.53712e+11 3.61035e+09 8.45771e+07 1.89073e+06
942652 4.17665e+07 1.76741e+09 7.47194e+10 3.16016e+12 1.58148e+14 1.38228e+16 4.83354e+16 9.83731e+16 1.55658e+17 2.10385e+17 2.53101e+17 2.76455e+17 2.76455e+17 2.53102e+17 2.10385e+17 1.55658e+17 9.83731e+16 4.83354e+16 1.38228e+16 1.58148e+14 3.16016e+12 7.47194e+10 1.76741e+09 4.17665e+07 942652
316505 1.34262e+07 5.42068e+08 2.18703e+10 8.8632e+11 4.32805e+13 3.92999e+15 1.3781e+16 2.808e+16 4.44582e+16 6.01079e+16 7.23225e+16 7.9e+16 7.9e+16 7.23225e+16 6.01079e+16 4.44582e+16 2.808e+16 1.3781e+16 3.92999e+15 4.32805e+13 8.8632e+11 2.18703e+10 5.42068e+08 1.34262e+07 316505
53949.7 1.88065e+06 5.71648e+07 1.50366e+09 2.9444e+10 4.21072e+11 4.12172e+13 1.50448e+14 3.11425e+14 4.96758e+14 6.73956e+14 8.12061e+14 8.87431e+14 8.87431e+14 8.12061e+14 6.73956e+14 4.96758e+14 3.11425e+14 1.50448e+14 4.12172e+13 4.21072e+11 2.9444e+10 1.50366e+09 5.71648e+07 1.88065e+06 53949.7
5770.17 163597 3.83476e+06 7.53917e+07 1.26038e+09 2.82534e+10 8.37878e+11 2.98575e+12 6.17782e+12 9.8594e+12 1.33808e+13 1.61257e+13 1.76238e+13 1.76238e+13 1.61257e+13 1.33808e+13 9.8594e+12 6.17782e+12 2.98575e+12 8.37878e+11 2.82534e+10 1.26038e+09 7.53917e+07 3.83476e+06 163597 5770.17
465.086 11215.5 224013 4.04762e+06 7.32874e+07 1.4335e+09 2.06784e+10 7.061e+10 1.45362e+11 2.3177e+11 3.14469e+11 3.78955e+11 4.14158e+11 4.14158e+11 3.78955e+11 3.14469e+11 2.3177e+11 1.45362e+11 7.061e+10 2.06784e+10 1.4335e+09 7.32874e+07 4.04762e+06 224013 11215.5 465.086
31.818 688.383 12635.4 219336 3.68492e+06 5.43429e+07 5.12589e+08 1.67054e+09 3.41485e+09 5.43714e+09 7.37447e+09 8.88574e+09 9.71098e+09 9.71098e+09 8.88574e+09 7.37447e+09 5.43714e+09 3.41485e+09 1.67054e+09 5.12589e+08 5.43429e+07 3.68492e+06 219336 12635.4 688.383 31.818
1.96455 39.4345 676.95 10849.5 156361 1.78507e+06 1.26973e+07 3.94845e+07 8.00108e+07 1.27151e+08 1.72367e+08 2.07657e+08 2.26933e+08 2.26933e+08 2.07657e+08 1.72367e+08 1.27151e+08 8.00108e+07 3.94845e+07 1.26973e+07 1.78507e+06 156361 10849.5 676.95 39.4345 1.96455
0.102637 1.93896 30.9537 446.959 5499.2 51162 299345 891299 1.78893e+06 2.83639e+06 3.84252e+06 4.62823e+06 5.05749e+06 5.05749e+06 4.62823e+06 3.84252e+06 2.83639e+06 1.78893e+06 891299 299345 51162 5499.2 446.959 30.9537 1.93896 0.102637
