10.8792 201.542 3120.38 43395.8 514630 4.64895e+06 2.66446e+07 7.80178e+07 1.53744e+08 2.39132e+08 3.18304e+08 3.78266e+08 4.10351e+08 4.10351e+08 3.78266e+08 3.18304e+08 2.39132e+08 1.53744e+08 7.80178e+07 2.66446e+07 4.64895e+06 514630 43395.8 3120.38 201.542 10.8792
209.018 4144.55 69389.4 1.06946e+06 1.47355e+07 1.62014e+08 1.12475e+09 3.43638e+09 6.8295e+09 1.06347e+10 1.415e+10 1.68061e+10 1.82253e+10 1.82253e+10 1.68061e+10 1.415e+10 1.06347e+10 6.8295e+09 3.43638e+09 1.12475e+09 1.62014e+08 1.47355e+07 1.06946e+06 69389.4 4144.55 209.018
3368.56 72717.4 1.31941e+06 2.21865e+07 3.5349e+08 4.94886e+09 4.52726e+10 1.44826e+11 2.90034e+11 4.51946e+11 6.00999e+11 7.13349e+11 7.7329e+11 7.7329e+11 7.13349e+11 6.00999e+11 4.51947e+11 2.90034e+11 1.44826e+11 4.52726e+10 4.94886e+09 3.5349e+08 2.21865e+07 1.31941e+06 72717.4 3368.56
48424.9 1.17351e+06 2.35581e+07 4.22406e+08 7.29761e+09 1.32095e+11 1.82433e+12 6.10913e+12 1.23076e+13 1.9182e+13 2.54899e+13 3.02336e+13 3.27606e+13 3.27606e+13 3.02336e+13 2.54899e+13 1.9182e+13 1.23076e+13 6.10913e+12 1.82433e+12 1.32095e+11 7.29761e+09 4.22406e+08 2.35581e+07 1.17351e+06 48424.9
585627 1.66871e+07 3.9583e+08 7.93447e+09 1.33586e+11 2.69762e+12 7.39478e+13 2.58191e+14 5.22216e+14 8.13675e+14 1.08035e+15 1.28044e+15 1.38688e+15 1.38688e+15 1.28044e+15 1.08035e+15 8.13675e+14 5.22216e+14 2.58191e+14 7.39478e+13 2.69762e+12 1.33586e+11 7.93447e+09 3.9583e+08 1.66871e+07 585627
5.32269e+06 1.8557e+08 5.67315e+09 1.51673e+11 3.10708e+12 4.70832e+13 3.68838e+15 1.31783e+16 2.66583e+16 4.15135e+16 5.51062e+16 6.53106e+16 7.07411e+16 7.07411e+16 6.53106e+16 5.51062e+16 4.15135e+16 2.66583e+16 1.31783e+16 3.68838e+15 4.70832e+13 3.10708e+12 1.51673e+11 5.67315e+09 1.8557e+08 5.32269e+06
3.04397e+07 1.28471e+09 5.17017e+10 2.08301e+12 8.44153e+13 4.06374e+15 3.50315e+17 1.2123e+18 2.43262e+18 3.79011e+18 5.05031e+18 6.01044e+18 6.52701e+18 6.52701e+18 6.01044e+18 5.05031e+18 3.79011e+18 2.43262e+18 1.2123e+18 3.50315e+17 4.06374e+15 8.44153e+13 2.08301e+12 5.17017e+10 1.28471e+09 3.04397e+07
8.89872e+07 3.91836e+09 1.65088e+11 6.9617e+12 2.94134e+14 1.4533e+16 1.21789e+18 4.20427e+18 8.42572e+18 1.31167e+19 1.74683e+19 2.07821e+19 2.25646e+19 2.25646e+19 2.07821e+19 1.74683e+19 1.31167e+19 8.42572e+18 4.20427e+18 1.21789e+18 1.4533e+16 2.94134e+14 6.9617e+12 1.65088e+11 3.91836e+09 8.89872e+07
1.7515e+08 7.77778e+09 3.30193e+11 1.4007e+13 5.94127e+14 2.93775e+16 2.44513e+18 8.43037e+18 1.6875e+19 2.62396e+19 3.49097e+19 4.15017e+19 4.50437e+19 4.50437e+19 4.15017e+19 3.49097e+19 2.62396e+19 1.6875e+19 8.43037e+18 2.44513e+18 2.93775e+16 5.94127e+14 1.4007e+13 3.30193e+11 7.77778e+09 1.7515e+08
2.72145e+08 1.20984e+10 5.13961e+11 2.1806e+13 9.24649e+14 4.56945e+16 3.80671e+18 1.31144e+19 2.62207e+19 4.0721e+19 5.41149e+19 6.42789e+19 6.97332e+19 6.97332e+19 6.42789e+19 5.41149e+19 4.0721e+19 2.62207e+19 1.31144e+19 3.80671e+18 4.56945e+16 9.24649e+14 2.1806e+13 5.13961e+11 1.20984e+10 2.72145e+08
3.61929e+08 1.60831e+10 6.82828e+11 2.89489e+13 1.22647e+15 6.05817e+16 5.06647e+18 1.74453e+19 3.48453e+19 5.40542e+19 7.17589e+19 8.51694e+19 9.2357e+19 9.2357e+19 8.51694e+19 7.17589e+19 5.40542e+19 3.48453e+19 1.74453e+19 5.06647e+18 6.05817e+16 1.22647e+15 2.89489e+13 6.82828e+11 1.60831e+10 3.61929e+08
4.29829e+08 1.90892e+10 8.09912e+11 3.43117e+13 1.45255e+15 7.17282e+16 6.02322e+18 2.07332e+19 4.13824e+19 6.41408e+19 8.50822e+19 1.00922e+20 1.09403e+20 1.09403e+20 1.00922e+20 8.50822e+19 6.41408e+19 4.13824e+19 2.07332e+19 6.02322e+18 7.17282e+16 1.45255e+15 3.43117e+13 8.09912e+11 1.90892e+10 4.29829e+08
4.66126e+08 2.06938e+10 8.77641e+11 3.71653e+13 1.57266e+15 7.76489e+16 6.5368e+18 2.24977e+19 4.48873e+19 6.95418e+19 9.22074e+19 1.09338e+20 1.18506e+20 1.18506e+20 1.09338e+20 9.22074e+19 6.95418e+19 4.48873e+19 2.24977e+19 6.5368e+18 7.76489e+16 1.57266e+15 3.71653e+13 8.77641e+11 2.06938e+10 4.66126e+08
4.66126e+08 2.06938e+10 8.77641e+11 3.71653e+13 1.57266e+15 7.76489e+16 6.5368e+18 2.24977e+19 4.48873e+19 6.95418e+19 9.22074e+19 1.09338e+20 1.18506e+20 1.18506e+20 1.09338e+20 9.22074e+19 6.95418e+19 4.48873e+19 2.24977e+19 6.5368e+18 7.76489e+16 1.57266e+15 3.71653e+13 8.77641e+11 2.06938e+10 4.66126e+08
4.29829e+08 1.90892e+10 8.09912e+11 3.43117e+13 1.45255e+15 7.17282e+16 6.02322e+18 2.07332e+19 4.13824e+19 6.41408e+19 8.50822e+19 1.00922e+20 1.09403e+20 1.09403e+20 1.00922e+20 8.50822e+19 6.41408e+19 4.13824e+19 2.07332e+19 6.02322e+18 7.17282e+16 1.45255e+15 3.43117e+13 8.09912e+11 1.90892e+10 4.29829e+08
3.61929e+08 1.60831e+10 6.82828e+11 2.89489e+13 1.22647e+15 6.05817e+16 5.06647e+18 1.74453e+19 3.48453e+19 5.40542e+19 7.17589e+19 8.51694e+19 9.2357e+19 9.2357e+19 8.51694e+19 7.17589e+19 5.40542e+19 3.48453e+19 1.74453e+19 5.06647e+18 6.05817e+16 1.22647e+15 2.89489e+13 6.82828e+11 1.60831e+10 3.61929e+08
2.72145e+08 1.20984e+10 5.13961e+11 2.1806e+13 9.24649e+14 4.56945e+16 3.80671e+18 1.31144e+19 2.62207e+19 4.0721e+19 5.41149e+19 6.42789e+19 6.97332e+19 6.97332e+19 6.42789e+19 5.41149e+19 4.0721e+19 2.62207e+19 1.31144e+19 3.80671e+18 4.56945e+16 9.24649e+14 2.1806e+13 5.13961e+11 1.20984e+10 2.72145e+08
1.7515e+08 7.77778e+09 3.30193e+11 1.4007e+13 5.94127e+14 2.93775e+16 2.44513e+18 8.43037e+18 1.6875e+19 2.62396e+19 3.49097e+19 4.15017e+19 4.50437e+19 4.50437e+19 4.15017e+19 3.49097e+19 2.62396e+19 1.6875e+19 8.43037e+18 2.44513e+18 2.93775e+16 5.94127e+14 1.4007e+13 3.30193e+11 7.77778e+09 1.7515e+08
8.89872e+07 3.91836e+09 1.65088e+11 6.9617e+12 2.94134e+14 1.4533e+16 1.21789e+18 4.20427e+18 8.42572e+18 1.31167e+19 1.74683e+19 2.07821e+19 2.25646e+19 2.25646e+19 2.07821e+19 1.74683e+19 1.31167e+19 8.42572e+18 4.20427e+18 1.21789e+18 1.4533e+16 2.94134e+14 6.9617e+12 1.65088e+11 3.91836e+09 8.89872e+07
3.04397e+07 1.28471e+09 5.17017e+10 2.08301e+12 8.44153e+13 4.06374e+15 3.50315e+17 1.2123e+18 2.43262e+18 3.79011e+18 5.05031e+18 6.01044e+18 6.52701e+18 6.52701e+18 6.01044e+18 5.05031e+18 3.79011e+18 2.43262e+18 1.2123e+18 3.50315e+17 4.06374e+15 8.44153e+13 2.08301e+12 5.17017e+10 1.28471e+09 3.04397e+07
5.32269e+06 1.8557e+08 5.67315e+09 1.51673e+11 3.10708e+12 4.70832e+13 3.68838e+15 1.31783e+16 2.66583e+16 4.15135e+16 5.51062e+16 6.53106e+16 7.07411e+16 7.07411e+16 6.53106e+16 5.51062e+16 4.15135e+16 2.66583e+16 1.31783e+16 3.68838e+15 4.70832e+13 3.10708e+12 1.51673e+11 5.67315e+09 1.8557e+08 5.32269e+06
585627 1.66871e+07 3.9583e+08 7.93447e+09 1.33586e+11 2.69762e+12 7.39478e+13 2.58191e+14 5.22216e+14 8.13675e+14 1.08035e+15 1.28044e+15 1.38688e+15 1.38688e+15 1.28044e+15 1.08035e+15 8.13675e+14 5.22216e+14 2.58191e+14 7.39478e+13 2.69762e+12 1.33586e+11 7.93447e+09 3.9583e+08 1.66871e+07 585627
48424.9 1.17351e+06 2.35581e+07 4.22406e+08 7.29761e+09 1.32095e+11 1.82433e+12 6.10913e+12 1.23076e+13 1.9182e+13 2.54899e+13 3.02336e+13 3.27606e+13 3.27606e+13 3.02336e+13 2.54899e+13 1.9182e+13 1.23076e+13 6.10913e+12 1.82433e+12 1.32095e+11 7.29761e+09 4.22406e+08 2.35581e+07 1.17351e+06 48424.9
3368.56 72717.4 1.31941e+06 2.21865e+07 3.5349e+08 4.94886e+09 4.52726e+10 1.44826e+11 2.90034e+11 4.51946e+11 6.00999e+11 7.13349e+11 7.7329e+11 7.7329e+11 7.13349e+11 6.00999e+11 4.51946e+11 2.90034e+11 1.44826e+11 4.52726e+10 4.94886e+09 3.5349e+08 2.21865e+07 1.31941e+06 72717.4 3368.56
209.018 4144.55 69389.4 1.06946e+06 1.47355e+07 1.62014e+08 1.12475e+09 3.43638e+09 6.8295e+09 1.06347e+10 1.415e+10 1.68061e+10 1.82253e+10 1.82253e+10 1.68061e+10 1.415e+10 1.06347e+10 6.8295e+09 3.43638e+09 1.12475e+09 1.62014e+08 1.47355e+07 1.06946e+06 69389.4 4144.55 209.018
10.8792 201.542 3120.38 43395.8 514630 4.64895e+06 2.66446e+07 7.80178e+07 1.53744e+08 2.39132e+08 3.18304e+08 3.78266e+08 4.10351e+08 4.10351e+08 3.78266e+08 3.18304e+08 2.39132e+08 1.53744e+08 7.80178e+07 2.66446e+07 4.64895e+06 514630 43395.8 3120.38 201.542 10.8792
