24.4692 451.651 6957.76 96186 1.13328e+06 1.01673e+07 5.77905e+07 1.66997e+08 3.23469e+08 4.93699e+08 6.45625e+08 7.56813e+08 8.14904e+08 8.14904e+08 7.56813e+08 6.45625e+08 4.93699e+08 3.23469e+08 1.66997e+08 5.77905e+07 1.01673e+07 1.13328e+06 96186 6957.76 451.651 24.4692
469.126 9275.47 154634 2.36979e+06 3.24359e+07 3.54157e+08 2.4393e+09 7.35279e+09 1.43537e+10 2.19146e+10 2.8625e+10 3.35161e+10 3.60647e+10 3.60647e+10 3.35161e+10 2.8625e+10 2.19146e+10 1.43537e+10 7.35279e+09 2.4393e+09 3.54157e+08 3.24359e+07 2.36979e+06 154634 9275.47 469.126
7536.11 162375 2.93753e+06 4.91659e+07 7.78178e+08 1.08154e+10 9.8203e+10 3.09823e+11 6.08979e+11 9.29568e+11 1.21249e+12 1.41783e+12 1.52453e+12 1.52453e+12 1.41783e+12 1.21249e+12 9.29568e+11 6.08979e+11 3.09823e+11 9.8203e+10 1.08154e+10 7.78178e+08 4.91659e+07 2.93753e+06 162375 7536.11
107864 2.61104e+06 5.23407e+07 9.36073e+08 1.60832e+10 2.8877e+11 3.95957e+12 1.30706e+13 2.58229e+13 3.93864e+13 5.12916e+13 5.98955e+13 6.43533e+13 6.43533e+13 5.98955e+13 5.12916e+13 3.93864e+13 2.58229e+13 1.30706e+13 3.95957e+12 2.8877e+11 1.60832e+10 9.36073e+08 5.23407e+07 2.61104e+06 107864
1.29742e+06 3.69432e+07 8.7586e+08 1.75512e+10 2.95058e+11 5.90753e+12 1.60675e+14 5.52689e+14 1.09521e+15 1.66832e+15 2.16879e+15 2.52895e+15 2.71501e+15 2.71501e+15 2.52895e+15 2.16879e+15 1.66832e+15 1.09521e+15 5.52689e+14 1.60675e+14 5.90753e+12 2.95058e+11 1.75512e+10 8.7586e+08 3.69432e+07 1.29742e+06
1.17161e+07 4.08274e+08 1.24787e+10 3.33736e+11 6.84908e+12 1.03991e+14 8.0352e+15 2.82863e+16 5.6073e+16 8.53985e+16 1.11042e+17 1.29534e+17 1.39104e+17 1.39104e+17 1.29534e+17 1.11042e+17 8.53985e+16 5.6073e+16 2.82863e+16 8.0352e+15 1.03991e+14 6.84908e+12 3.33736e+11 1.24787e+10 4.08274e+08 1.17161e+07
6.64439e+07 2.8039e+09 1.12855e+11 4.54923e+12 1.84553e+14 8.89165e+15 7.63e+17 2.61463e+18 5.17658e+18 7.94884e+18 1.04521e+19 1.23152e+19 1.3302e+19 1.3302e+19 1.23152e+19 1.04521e+19 7.94884e+18 5.17658e+18 2.61463e+18 7.63e+17 8.89165e+15 1.84553e+14 4.54923e+12 1.12855e+11 2.8039e+09 6.64439e+07
1.917e+08 8.43746e+09 3.55398e+11 1.49879e+13 6.33529e+14 3.13252e+16 2.62533e+18 8.97603e+18 1.77473e+19 2.72243e+19 3.57712e+19 4.21265e+19 4.54909e+19 4.54909e+19 4.21265e+19 3.57712e+19 2.72243e+19 1.77473e+19 8.97603e+18 2.62533e+18 3.13252e+16 6.33529e+14 1.49879e+13 3.55398e+11 8.43746e+09 1.917e+08
3.70914e+08 1.64527e+10 6.97756e+11 2.95758e+13 1.2539e+15 6.2033e+16 5.19547e+18 1.77399e+19 3.50124e+19 5.36061e+19 7.03127e+19 8.26959e+19 8.92374e+19 8.92374e+19 8.26959e+19 7.03127e+19 5.36061e+19 3.50124e+19 1.77399e+19 5.19547e+18 6.2033e+16 1.2539e+15 2.95758e+13 6.97756e+11 1.64527e+10 3.70914e+08
5.65619e+08 2.50968e+10 1.0641e+12 4.50678e+13 1.90819e+15 9.43324e+16 7.9629e+18 2.7163e+19 5.35084e+19 8.17451e+19 1.07002e+20 1.25649e+20 1.35473e+20 1.35473e+20 1.25649e+20 1.07002e+20 8.17451e+19 5.35084e+19 2.7163e+19 7.9629e+18 9.43324e+16 1.90819e+15 4.50678e+13 1.0641e+12 2.50968e+10 5.65619e+08
7.39161e+08 3.27581e+10 1.38695e+12 5.86457e+13 2.47867e+15 1.22469e+17 1.04474e+19 3.56132e+19 7.00333e+19 1.06772e+20 1.39491e+20 1.63556e+20 1.76202e+20 1.76202e+20 1.63556e+20 1.39491e+20 1.06772e+20 7.00333e+19 3.56132e+19 1.04474e+19 1.22469e+17 2.47867e+15 5.86457e+13 1.38695e+12 3.27581e+10 7.39161e+08
8.66029e+08 3.83359e+10 1.62098e+12 6.84464e+13 2.88869e+15 1.42688e+17 1.22866e+19 4.18636e+19 8.22179e+19 1.25152e+20 1.63261e+20 1.91207e+20 2.05862e+20 2.05862e+20 1.91207e+20 1.63261e+20 1.25152e+20 8.22179e+19 4.18636e+19 1.22866e+19 1.42688e+17 2.88869e+15 6.84464e+13 1.62098e+12 3.83359e+10 8.66029e+08
9.32263e+08 4.12401e+10 1.74249e+12 7.35201e+13 3.10032e+15 1.53124e+17 1.32572e+19 4.51603e+19 8.86307e+19 1.348e+20 1.75705e+20 2.05653e+20 2.2134e+20 2.2134e+20 2.05653e+20 1.75705e+20 1.348e+20 8.86307e+19 4.51603e+19 1.32572e+19 1.53124e+17 3.10032e+15 7.35201e+13 1.74249e+12 4.12401e+10 9.32263e+08
9.32263e+08 4.12401e+10 1.74249e+12 7.35201e+13 3.10032e+15 1.53124e+17 1.32572e+19 4.51603e+19 8.86307e+19 1.348e+20 1.75705e+20 2.05653e+20 2.2134e+20 2.2134e+20 2.05653e+20 1.75705e+20 1.348e+20 8.86307e+19 4.51603e+19 1.32572e+19 1.53124e+17 3.10032e+15 7.35201e+13 1.74249e+12 4.12401e+10 9.32263e+08
8.66029e+08 3.83359e+10 1.62098e+12 6.84464e+13 2.88869e+15 1.42688e+17 1.22866e+19 4.18636e+19 8.22179e+19 1.25152e+20 1.63261e+20 1.91207e+20 2.05862e+20 2.05862e+20 1.91207e+20 1.63261e+20 1.25152e+20 8.22179e+19 4.18636e+19 1.22866e+19 1.42688e+17 2.88869e+15 6.84464e+13 1.62098e+12 3.83359e+10 8.66029e+08
7.39161e+08 3.27581e+10 1.38695e+12 5.86457e+13 2.47867e+15 1.22469e+17 1.04474e+19 3.56132e+19 7.00333e+19 1.06772e+20 1.39491e+20 1.63556e+20 1.76202e+20 1.76202e+20 1.63556e+20 1.39491e+20 1.06772e+20 7.00333e+19 3.56132e+19 1.04474e+19 1.22469e+17 2.47867e+15 5.86457e+13 1.38695e+12 3.27581e+10 7.39161e+08
5.65619e+08 2.50968e+10 1.0641e+12 4.50678e+13 1.90819e+15 9.43324e+16 7.9629e+18 2.7163e+19 5.35084e+19 8.17451e+19 1.07002e+20 1.25649e+20 1.35473e+20 1.35473e+20 1.25649e+20 1.07002e+20 8.17451e+19 5.35084e+19 2.7163e+19 7.9629e+18 9.43324e+16 1.90819e+15 4.50678e+13 1.0641e+12 2.50968e+10 5.65619e+08
3.70914e+08 1.64527e+10 6.97756e+11 2.95758e+13 1.2539e+15 6.2033e+16 5.19547e+18 1.77399e+19 3.50124e+19 5.36061e+19 7.03127e+19 8.26959e+19 8.92374e+19 8.92374e+19 8.26959e+19 7.03127e+19 5.36061e+19 3.50124e+19 1.77399e+19 5.19547e+18 6.2033e+16 1.2539e+15 2.95758e+13 6.97756e+11 1.64527e+10 3.70914e+08
1.917e+08 8.43746e+09 3.55398e+11 1.49879e+13 6.33529e+14 3.13252e+16 2.62533e+18 8.97603e+18 1.77473e+19 2.72243e+19 3.57712e+19 4.21265e+19 4.54909e+19 4.54909e+19 4.21265e+19 3.57712e+19 2.72243e+19 1.77473e+19 8.97603e+18 2.62533e+18 3.13252e+16 6.33529e+14 1.49879e+13 3.55398e+11 8.43746e+09 1.917e+08
6.64439e+07 2.8039e+09 1.12855e+11 4.54923e+12 1.84553e+14 8.89165e+15 7.63e+17 2.61463e+18 5.17658e+18 7.94884e+18 1.04521e+19 1.23152e+19 1.3302e+19 1.3302e+19 1.23152e+19 1.04521e+19 7.94884e+18 5.17658e+18 2.61463e+18 7.63e+17 8.89165e+15 1.84553e+14 4.54923e+12 1.12855e+11 2.8039e+09 6.64439e+07
1.17161e+07 4.08274e+08 1.24787e+10 3.33736e+11 6.84908e+12 1.03991e+14 8.0352e+15 2.82863e+16 5.6073e+16 8.53985e+16 1.11042e+17 1.29534e+17 1.39104e+17 1.39104e+17 1.29534e+17 1.11042e+17 8.53985e+16 5.6073e+16 2.82863e+16 8.0352e+15 1.03991e+14 6.84908e+12 3.33736e+11 1.24787e+10 4.08274e+08 1.17161e+07
1.29742e+06 3.69432e+07 8.7586e+08 1.75512e+10 2.95058e+11 5.90753e+12 1.60675e+14 5.52689e+14 1.09521e+15 1.66832e+15 2.16879e+15 2.52895e+15 2.71501e+15 2.71501e+15 2.52895e+15 2.16879e+15 1.66832e+15 1.09521e+15 5.52689e+14 1.60675e+14 5.90753e+12 2.95058e+11 1.75512e+10 8.7586e+08 3.69432e+07 1.29742e+06
107864 2.61104e+06 5.23407e+07 9.36073e+08 1.60832e+10 2.8877e+11 3.95957e+12 1.30706e+13 2.58229e+13 3.93864e+13 5.12916e+13 5.98955e+13 6.43533e+13 6.43533e+13 5.98955e+13 5.12916e+13 3.93864e+13 2.58229e+13 1.30706e+13 3.95957e+12 2.8877e+11 1.60832e+10 9.36073e+08 5.23407e+07 2.61104e+06 107864
7536.11 162375 2.93753e+06 4.91659e+07 7.78178e+08 1.08154e+10 9.8203e+10 3.09823e+11 6.08979e+11 9.29568e+11 1.21249e+12 1.41783e+12 1.52453e+12 1.52453e+12 1.41783e+12 1.21249e+12 9.29568e+11 6.08979e+11 3.09823e+11 9.8203e+10 1.08154e+10 7.78178e+08 4.91659e+07 2.93753e+06 162375 7536.11
469.126 9275.47 154634 2.36979e+06 3.24359e+07 3.54157e+08 2.4393e+09 7.35279e+09 1.43537e+10 2.19146e+10 2.8625e+10 3.35161e+10 3.60647e+10 3.60647e+10 3.35161e+10 2.8625e+10 2.19146e+10 1.43537e+10 7.35279e+09 2.4393e+09 3.54157e+08 3.24359e+07 2.36979e+06 154634 9275.47 469.126
24.4692 451.651 6957.76 96186 1.13328e+06 1.01673e+07 5.77905e+07 1.66997e+08 3.23469e+08 4.93699e+08 6.45625e+08 7.56813e+08 8.14904e+08 8.14904e+08 7.56813e+08 6.45625e+08 4.93699e+08 3.23469e+08 1.66997e+08 5.77905e+07 1.01673e+07 1.13328e+06 96186 6957.76 451.651 24.4692
