0.0384781 0.713361 11.0869 155.193 1853.77 16848.1 97028.1 285897 568633 894647 1.20489e+06 1.44569e+06 1.57681e+06 1.57681e+06 1.44569e+06 1.20489e+06 894647 568633 285897 97028.1 16848.1 1853.77 155.193 11.0869 0.713361 0.0384781
0.735989 14.5698 244.363 3790.34 52705.3 584285 4.0794e+06 1.25443e+07 2.51718e+07 3.96714e+07 5.34416e+07 6.41198e+07 6.99323e+07 6.99323e+07 6.41198e+07 5.34416e+07 3.96714e+07 2.51718e+07 1.25443e+07 4.0794e+06 584285 52705.3 3790.34 244.363 14.5698 0.735989
11.8373 254.37 4605.09 77729.2 1.25193e+06 1.77419e+07 1.63513e+08 5.26561e+08 1.06514e+09 1.68092e+09 2.26467e+09 2.717e+09 2.96313e+09 2.96313e+09 2.717e+09 2.26467e+09 1.68092e+09 1.06514e+09 5.26561e+08 1.63513e+08 1.77419e+07 1.25193e+06 77729.2 4605.09 254.37 11.8373
170.427 4103.19 81819.3 1.4625e+06 2.54748e+07 4.6991e+08 6.5628e+09 2.21269e+10 4.50451e+10 7.11477e+10 9.58576e+10 1.14994e+11 1.25403e+11 1.25403e+11 1.14994e+11 9.58576e+10 7.11477e+10 4.50451e+10 2.21269e+10 6.5628e+09 4.6991e+08 2.54748e+07 1.4625e+06 81819.3 4103.19 170.427
2070.09 58601.4 1.37847e+06 2.73536e+07 4.57392e+08 9.46462e+09 2.65076e+11 9.31945e+11 1.90554e+12 3.01105e+12 4.05656e+12 4.86587e+12 5.30604e+12 5.30604e+12 4.86587e+12 4.05656e+12 3.01105e+12 1.90554e+12 9.31945e+11 2.65076e+11 9.46462e+09 4.57392e+08 2.73536e+07 1.37847e+06 58601.4 2070.09
18923.6 656296 1.99325e+07 5.28179e+08 1.0647e+10 1.58098e+11 1.31387e+13 4.72578e+13 9.66094e+13 1.52525e+14 2.05379e+14 2.46287e+14 2.68536e+14 2.68536e+14 2.46287e+14 2.05379e+14 1.52525e+14 9.66094e+13 4.72578e+13 1.31387e+13 1.58098e+11 1.0647e+10 5.28179e+08 1.99325e+07 656296 18923.6
108896 4.57778e+06 1.83467e+08 7.36275e+09 2.97349e+11 1.43335e+13 1.25101e+15 4.34212e+15 8.76138e+15 1.37545e+16 1.84756e+16 2.21348e+16 2.41274e+16 2.41274e+16 2.21348e+16 1.84756e+16 1.37545e+16 8.76138e+15 4.34212e+15 1.25101e+15 1.43335e+13 2.97349e+11 7.36275e+09 1.83467e+08 4.57778e+06 108896
320565 1.40628e+07 5.90189e+08 2.47959e+10 1.04417e+12 5.16211e+13 4.36268e+15 1.51079e+16 3.04582e+16 4.77969e+16 6.419e+16 7.68959e+16 8.38155e+16 8.38155e+16 7.68959e+16 6.419e+16 4.77969e+16 3.04582e+16 1.51079e+16 4.36268e+15 5.16211e+13 1.04417e+12 2.47959e+10 5.90189e+08 1.40628e+07 320565
637043 2.81942e+07 1.19278e+09 5.04325e+10 2.133e+12 1.05504e+14 8.81384e+15 3.04966e+16 6.14616e+16 9.64318e+16 1.29492e+17 1.55116e+17 1.6907e+17 1.6907e+17 1.55116e+17 1.29492e+17 9.64318e+16 6.14616e+16 3.04966e+16 8.81384e+15 1.05504e+14 2.133e+12 5.04325e+10 1.19278e+09 2.81942e+07 637043
1.00146e+06 4.43978e+07 1.88074e+09 7.95868e+10 3.36743e+12 1.66466e+14 1.384e+16 4.7869e+16 9.64561e+16 1.51321e+17 2.03186e+17 2.43382e+17 2.65271e+17 2.65271e+17 2.43382e+17 2.03186e+17 1.51321e+17 9.64561e+16 4.7869e+16 1.384e+16 1.66466e+14 3.36743e+12 7.95868e+10 1.88074e+09 4.43978e+07 1.00146e+06
1.34777e+06 5.9764e+07 2.53193e+09 1.07143e+11 4.53299e+12 2.23996e+14 1.85874e+16 6.42779e+16 1.29507e+17 2.03159e+17 2.72778e+17 3.26733e+17 3.56114e+17 3.56114e+17 3.26733e+17 2.72778e+17 2.03159e+17 1.29507e+17 6.42779e+16 1.85874e+16 2.23996e+14 4.53299e+12 1.07143e+11 2.53193e+09 5.9764e+07 1.34777e+06
1.61623e+06 7.16647e+07 3.03586e+09 1.28454e+11 5.43396e+12 2.68458e+14 2.22631e+16 7.69832e+16 1.55099e+17 2.43295e+17 3.26659e+17 3.91263e+17 4.26444e+17 4.26444e+17 3.91263e+17 3.26659e+17 2.43295e+17 1.55099e+17 7.69832e+16 2.22631e+16 2.68458e+14 5.43396e+12 1.28454e+11 3.03586e+09 7.16647e+07 1.61623e+06
1.76229e+06 7.8137e+07 3.30983e+09 1.40036e+11 5.9235e+12 2.92615e+14 2.42632e+16 8.38974e+16 1.69025e+17 2.65136e+17 3.55979e+17 4.26378e+17 4.64714e+17 4.64714e+17 4.26378e+17 3.55979e+17 2.65136e+17 1.69025e+17 8.38974e+16 2.42632e+16 2.92615e+14 5.9235e+12 1.40036e+11 3.30983e+09 7.8137e+07 1.76229e+06
1.76229e+06 7.8137e+07 3.30983e+09 1.40036e+11 5.9235e+12 2.92615e+14 2.42632e+16 8.38974e+16 1.69025e+17 2.65136e+17 3.55979e+17 4.26378e+17 4.64714e+17 4.64714e+17 4.26378e+17 3.55979e+17 2.65136e+17 1.69025e+17 8.38974e+16 2.42632e+16 2.92615e+14 5.9235e+12 1.40036e+11 3.30983e+09 7.8137e+07 1.76229e+06
1.61623e+06 7.16647e+07 3.03586e+09 1.28454e+11 5.43396e+12 2.68458e+14 2.22631e+16 7.69832e+16 1.55099e+17 2.43295e+17 3.26659e+17 3.91263e+17 4.26444e+17 4.26444e+17 3.91263e+17 3.26659e+17 2.43295e+17 1.55099e+17 7.69832e+16 2.22631e+16 2.68458e+14 5.43396e+12 1.28454e+11 3.03586e+09 7.16647e+07 1.61623e+06
1.34777e+06 5.9764e+07 2.53193e+09 1.07143e+11 4.53299e+12 2.23996e+14 1.85874e+16 6.42779e+16 1.29507e+17 2.03159e+17 2.72778e+17 3.26733e+17 3.56114e+17 3.56114e+17 3.26733e+17 2.72778e+17 2.03159e+17 1.29507e+17 6.42779e+16 1.85874e+16 2.23996e+14 4.53299e+12 1.07143e+11 2.53193e+09 5.9764e+07 1.34777e+06
1.00146e+06 4.43978e+07 1.88074e+09 7.95868e+10 3.36743e+12 1.66466e+14 1.384e+16 4.7869e+16 9.64561e+16 1.51321e+17 2.03186e+17 2.43382e+17 2.65271e+17 2.65271e+17 2.43382e+17 2.03186e+17 1.51321e+17 9.64561e+16 4.7869e+16 1.384e+16 1.66466e+14 3.36743e+12 7.95868e+10 1.88074e+09 4.43978e+07 1.00146e+06
637043 2.81942e+07 1.19278e+09 5.04325e+10 2.133e+12 1.05504e+14 8.81384e+15 3.04966e+16 6.14616e+16 9.64318e+16 1.29492e+17 1.55116e+17 1.6907e+17 1.6907e+17 1.55116e+17 1.29492e+17 9.64318e+16 6.14616e+16 3.04966e+16 8.81384e+15 1.05504e+14 2.133e+12 5.04325e+10 1.19278e+09 2.81942e+07 637043
320565 1.40628e+07 5.90189e+08 2.47959e+10 1.04417e+12 5.16211e+13 4.36268e+15 1.51079e+16 3.04582e+16 4.77969e+16 6.419e+16 7.68959e+16 8.38155e+16 8.38155e+16 7.68959e+16 6.419e+16 4.77969e+16 3.04582e+16 1.51079e+16 4.36268e+15 5.16211e+13 1.04417e+12 2.47959e+10 5.90189e+08 1.40628e+07 320565
108896 4.57778e+06 1.83467e+08 7.36275e+09 2.97349e+11 1.43335e+13 1.25101e+15 4.34212e+15 8.76138e+15 1.37545e+16 1.84756e+16 2.21348e+16 2.41274e+16 2.41274e+16 2.21348e+16 1.84756e+16 1.37545e+16 8.76138e+15 4.34212e+15 1.25101e+15 1.43335e+13 2.97349e+11 7.36275e+09 1.83467e+08 4.57778e+06 108896
18923.6 656296 1.99325e+07 5.28179e+08 1.0647e+10 1.58098e+11 1.31387e+13 4.72578e+13 9.66094e+13 1.52525e+14 2.05379e+14 2.46287e+14 2.68536e+14 2.68536e+14 2.46287e+14 2.05379e+14 1.52525e+14 9.66094e+13 4.72578e+13 1.31387e+13 1.58098e+11 1.0647e+10 5.28179e+08 1.99325e+07 656296 18923.6
2070.09 58601.4 1.37847e+06 2.73536e+07 4.57392e+08 9.46462e+09 2.65076e+11 9.31945e+11 1.90554e+12 3.01105e+12 4.05656e+12 4.86587e+12 5.30604e+12 5.30604e+12 4.86587e+12 4.05656e+12 3.01105e+12 1.90554e+12 9.31945e+11 2.65076e+11 9.46462e+09 4.57392e+08 2.73536e+07 1.37847e+06 58601.4 2070.09
170.427 4103.19 81819.3 1.4625e+06 2.54748e+07 4.6991e+08 6.5628e+09 2.21269e+10 4.50451e+10 7.11477e+10 9.58576e+10 1.14994e+11 1.25403e+11 1.25403e+11 1.14994e+11 9.58576e+10 7.11477e+10 4.50451e+10 2.21269e+10 6.5628e+09 4.6991e+08 2.54748e+07 1.4625e+06 81819.3 4103.19 170.427
11.8373 254.37 4605.09 77729.2 1.25193e+06 1.77419e+07 1.63513e+08 5.26561e+08 1.06514e+09 1.68092e+09 2.26467e+09 2.717e+09 2.96313e+09 2.96313e+09 2.717e+09 2.26467e+09 1.68092e+09 1.06514e+09 5.26561e+08 1.63513e+08 1.77419e+07 1.25193e+06 77729.2 4605.09 254.37 11.8373
0.735989 14.5698 244.363 3790.34 52705.3 584285 4.0794e+06 1.25443e+07 2.51718e+07 3.96714e+07 5.34416e+07 6.41198e+07 6.99323e+07 6.99323e+07 6.41198e+07 5.34416e+07 3.96714e+07 2.51718e+07 1.25443e+07 4.0794e+06 584285 52705.3 3790.34 244.363 14.5698 0.735989
0.0384781 0.713361 11.0869 155.193 1853.77 16848.1 97028.1 285897 568633 894647 1.20489e+06 1.44569e+06 1.57681e+06 1.57681e+06 1.44569e+06 1.20489e+06 894647 568633 285897 97028.1 16848.1 1853.77 155.193 11.0869 0.713361 0.0384781
