3.63152 67.7795 1061.61 14975.4 180126 1.6463e+06 9.51663e+06 2.80653e+07 5.57191e+07 8.73003e+07 1.16944e+08 1.39622e+08 1.51837e+08 1.51837e+08 1.39622e+08 1.16944e+08 8.73003e+07 5.57191e+07 2.80653e+07 9.51663e+06 1.6463e+06 180126 14975.4 1061.61 67.7795 3.63151
69.7672 1389.99 23490.4 367279 5.14557e+06 5.73939e+07 4.02358e+08 1.23848e+09 2.48063e+09 3.89252e+09 5.21387e+09 6.22288e+09 6.76576e+09 6.76576e+09 6.22288e+09 5.21387e+09 3.89252e+09 2.48063e+09 1.23848e+09 4.02358e+08 5.73939e+07 5.14557e+06 367279 23490.4 1389.99 69.7672
1127.9 24379 444431 7.56042e+06 1.22767e+08 1.75193e+09 1.62188e+10 5.22892e+10 1.05579e+11 1.65855e+11 2.22108e+11 2.64984e+11 2.88027e+11 2.88027e+11 2.64984e+11 2.22108e+11 1.65855e+11 1.05579e+11 5.22892e+10 1.62188e+10 1.75193e+09 1.22767e+08 7.56042e+06 444431 24379 1127.9
16328.6 395217 7.9277e+06 1.42655e+08 2.50543e+09 4.66082e+10 6.5427e+11 2.20892e+12 4.48877e+12 7.0559e+12 9.44567e+12 1.1264e+13 1.22401e+13 1.22401e+13 1.1264e+13 9.44567e+12 7.0559e+12 4.48877e+12 2.20892e+12 6.5427e+11 4.66082e+10 2.50543e+09 1.42655e+08 7.9277e+06 395217 16328.6
199444 5.67491e+06 1.34189e+08 2.67586e+09 4.50004e+10 9.41203e+11 2.65361e+13 9.34502e+13 1.90743e+14 2.99885e+14 4.01269e+14 4.78282e+14 5.19574e+14 5.19574e+14 4.78282e+14 4.01269e+14 2.99885e+14 1.90743e+14 9.34502e+13 2.65361e+13 9.41203e+11 4.50004e+10 2.67586e+09 1.34189e+08 5.67491e+06 199444
1.83247e+06 6.38893e+07 1.95062e+09 5.19183e+10 1.04931e+12 1.5633e+13 1.31788e+15 4.7514e+15 9.70151e+15 1.52453e+16 2.03946e+16 2.43072e+16 2.64056e+16 2.64056e+16 2.43072e+16 2.03946e+16 1.52453e+16 9.70151e+15 4.7514e+15 1.31788e+15 1.5633e+13 1.04931e+12 5.19183e+10 1.95062e+09 6.38893e+07 1.83247e+06
1.05841e+07 4.47461e+08 1.80358e+10 7.27532e+11 2.9506e+13 1.4281e+15 1.25401e+17 4.36627e+17 8.82141e+17 1.38369e+18 1.85445e+18 2.21626e+18 2.412e+18 2.412e+18 2.21626e+18 1.85445e+18 1.38369e+18 8.82141e+17 4.36627e+17 1.25401e+17 1.4281e+15 2.9506e+13 7.27532e+11 1.80358e+10 4.47461e+08 1.05841e+07
3.11784e+07 1.37569e+09 5.80753e+10 2.45307e+12 1.03768e+14 5.15332e+15 4.38422e+17 1.52261e+18 3.07265e+18 4.81651e+18 6.45284e+18 7.71039e+18 8.39078e+18 8.39078e+18 7.71039e+18 6.45284e+18 4.81651e+18 3.07265e+18 1.52261e+18 4.38422e+17 5.15332e+15 1.03768e+14 2.45307e+12 5.80753e+10 1.37569e+09 3.11784e+07
6.18275e+07 2.75216e+09 1.17117e+11 4.9786e+12 2.11529e+14 1.05142e+16 8.8629e+17 3.07454e+18 6.19907e+18 9.71e+18 1.30009e+19 1.55279e+19 1.68943e+19 1.68943e+19 1.55279e+19 1.30009e+19 9.71e+18 6.19907e+18 3.07454e+18 8.8629e+17 1.05142e+16 2.11529e+14 4.9786e+12 1.17117e+11 2.75216e+09 6.18275e+07
9.67545e+07 4.31323e+09 1.83745e+11 7.81551e+12 3.32109e+14 1.65016e+16 1.38941e+18 4.81692e+18 9.70494e+18 1.51899e+19 2.03243e+19 2.42627e+19 2.63909e+19 2.63909e+19 2.42627e+19 2.03243e+19 1.51899e+19 9.70494e+18 4.81692e+18 1.38941e+18 1.65016e+16 3.32109e+14 7.81551e+12 1.83745e+11 4.31323e+09 9.67545e+07
1.29463e+08 5.77073e+09 2.45771e+11 1.04496e+13 4.43815e+14 2.20453e+16 1.86029e+18 6.44734e+18 1.29821e+19 2.03056e+19 2.71527e+19 3.23993e+19 3.52325e+19 3.52325e+19 3.23993e+19 2.71527e+19 2.03056e+19 1.29821e+19 6.44734e+18 1.86029e+18 2.20453e+16 4.43815e+14 1.04496e+13 2.45771e+11 5.77073e+09 1.29463e+08
1.54435e+08 6.8813e+09 2.92942e+11 1.24491e+13 5.28459e+14 2.62452e+16 2.2212e+18 7.69699e+18 1.54919e+19 2.42193e+19 3.23712e+19 3.86127e+19 4.19814e+19 4.19814e+19 3.86127e+19 3.23712e+19 2.42193e+19 1.54919e+19 7.69699e+18 2.2212e+18 2.62452e+16 5.28459e+14 1.24491e+13 2.92942e+11 6.8813e+09 1.54435e+08
1.67866e+08 7.47793e+09 3.18252e+11 1.35207e+13 5.73765e+14 2.84929e+16 2.41607e+18 8.37178e+18 1.68465e+19 2.63302e+19 3.51839e+19 4.19599e+19 4.5616e+19 4.5616e+19 4.19599e+19 3.51839e+19 2.63302e+19 1.68465e+19 8.37178e+18 2.41607e+18 2.84929e+16 5.73765e+14 1.35207e+13 3.18252e+11 7.47793e+09 1.67866e+08
1.67866e+08 7.47793e+09 3.18252e+11 1.35207e+13 5.73765e+14 2.84929e+16 2.41607e+18 8.37178e+18 1.68465e+19 2.63302e+19 3.51839e+19 4.19599e+19 4.5616e+19 4.5616e+19 4.19599e+19 3.51839e+19 2.63302e+19 1.68465e+19 8.37178e+18 2.41607e+18 2.84929e+16 5.73765e+14 1.35207e+13 3.18252e+11 7.47793e+09 1.67866e+08
1.54435e+08 6.8813e+09 2.92942e+11 1.24491e+13 5.28459e+14 2.62452e+16 2.2212e+18 7.69699e+18 1.54919e+19 2.42193e+19 3.23712e+19 3.86127e+19 4.19814e+19 4.19814e+19 3.86127e+19 3.23712e+19 2.42193e+19 1.54919e+19 7.69699e+18 2.2212e+18 2.62452e+16 5.28459e+14 1.24491e+13 2.92942e+11 6.8813e+09 1.54435e+08
1.29463e+08 5.77073e+09 2.45771e+11 1.04496e+13 4.43815e+14 2.20453e+16 1.86029e+18 6.44734e+18 1.29821e+19 2.03056e+19 2.71527e+19 3.23993e+19 3.52325e+19 3.52325e+19 3.23993e+19 2.71527e+19 2.03056e+19 1.29821e+19 6.44734e+18 1.86029e+18 2.20453e+16 4.43815e+14 1.04496e+13 2.45771e+11 5.77073e+09 1.29463e+08
9.67545e+07 4.31323e+09 1.83745e+11 7.81551e+12 3.32109e+14 1.65016e+16 1.38941e+18 4.81692e+18 9.70494e+18 1.51899e+19 2.03243e+19 2.42627e+19 2.63909e+19 2.63909e+19 2.42627e+19 2.03243e+19 1.51899e+19 9.70494e+18 4.81692e+18 1.38941e+18 1.65016e+16 3.32109e+14 7.81551e+12 1.83745e+11 4.31323e+09 9.67545e+07
6.18275e+07 2.75216e+09 1.17117e+11 4.9786e+12 2.11529e+14 1.05142e+16 8.8629e+17 3.07454e+18 6.19907e+18 9.71e+18 1.30009e+19 1.55279e+19 1.68943e+19 1.68943e+19 1.55279e+19 1.30009e+19 9.71e+18 6.19907e+18 3.07454e+18 8.8629e+17 1.05142e+16 2.11529e+14 4.9786e+12 1.17117e+11 2.75216e+09 6.18275e+07
3.11784e+07 1.37569e+09 5.80753e+10 2.45307e+12 1.03768e+14 5.15332e+15 4.38422e+17 1.52261e+18 3.07265e+18 4.81651e+18 6.45284e+18 7.71039e+18 8.39078e+18 8.39078e+18 7.71039e+18 6.45284e+18 4.81651e+18 3.07265e+18 1.52261e+18 4.38422e+17 5.15332e+15 1.03768e+14 2.45307e+12 5.80753e+10 1.37569e+09 3.11784e+07
1.05841e+07 4.47461e+08 1.80358e+10 7.27532e+11 2.9506e+13 1.4281e+15 1.25401e+17 4.36627e+17 8.82141e+17 1.38369e+18 1.85445e+18 2.21626e+18 2.412e+18 2.412e+18 2.21626e+18 1.85445e+18 1.38369e+18 8.82141e+17 4.36627e+17 1.25401e+17 1.4281e+15 2.9506e+13 7.27532e+11 1.80358e+10 4.47461e+08 1.05841e+07
1.83247e+06 6.38893e+07 1.95062e+09 5.19183e+10 1.04931e+12 1.5633e+13 1.31788e+15 4.7514e+15 9.70151e+15 1.52453e+16 2.03946e+16 2.43072e+16 2.64056e+16 2.64056e+16 2.43072e+16 2.03946e+16 1.52453e+16 9.70151e+15 4.7514e+15 1.31788e+15 1.5633e+13 1.04931e+12 5.19183e+10 1.95062e+09 6.38893e+07 1.83247e+06
199444 5.67491e+06 1.34189e+08 2.67586e+09 4.50004e+10 9.41203e+11 2.65361e+13 9.34502e+13 1.90743e+14 2.99885e+14 4.01269e+14 4.78282e+14 5.19574e+14 5.19574e+14 4.78282e+14 4.01269e+14 2.99885e+14 1.90743e+14 9.34502e+13 2.65361e+13 9.41203e+11 4.50004e+10 2.67586e+09 1.34189e+08 5.67491e+06 199444
16328.6 395217 7.9277e+06 1.42655e+08 2.50543e+09 4.66082e+10 6.5427e+11 2.20892e+12 4.48877e+12 7.0559e+12 9.44567e+12 1.1264e+13 1.22401e+13 1.22401e+13 1.1264e+13 9.44567e+12 7.0559e+12 4.48877e+12 2.20892e+12 6.5427e+11 4.66082e+10 2.50543e+09 1.42655e+08 7.9277e+06 395217 16328.6
1127.9 24379 444431 7.56042e+06 1.22767e+08 1.75193e+09 1.62188e+10 5.22892e+10 1.05579e+11 1.65855e+11 2.22108e+11 2.64984e+11 2.88027e+11 2.88027e+11 2.64984e+11 2.22108e+11 1.65855e+11 1.05579e+11 5.22892e+10 1.62188e+10 1.75193e+09 1.22767e+08 7.56042e+06 444431 24379 1127.9
69.7672 1389.99 23490.4 367279 5.14557e+06 5.73939e+07 4.02358e+08 1.23848e+09 2.48063e+09 3.89252e+09 5.21387e+09 6.22288e+09 6.76576e+09 6.76576e+09 6.22288e+09 5.21387e+09 3.89252e+09 2.48063e+09 1.23848e+09 4.02358e+08 5.73939e+07 5.14557e+06 367279 23490.4 1389.99 69.7672
3.63151 67.7795 1061.61 14975.4 180126 1.6463e+06 9.51663e+06 2.80653e+07 5.57191e+07 8.73003e+07 1.16944e+08 1.39622e+08 1.51837e+08 1.51837e+08 1.39622e+08 1.16944e+08 8.73003e+07 5.57191e+07 2.80653e+07 9.51663e+06 1.6463e+06 180126 14975.4 1061.61 67.7795 3.63152
