6.21241e-08 1.16759e-06 1.85648e-05 0.000267322 0.00328126 0.0304523 0.177764 0.52885 1.06248 1.68915 2.29676 2.776 3.03979 3.03979 2.776 2.29676 1.68915 1.06248 0.52885 0.177764 0.0304523 0.00328126 0.000267322 1.85648e-05 1.1676e-06 6.21241e-08
1.18061e-06 2.35406e-05 0.000402029 0.00642417 0.092419 1.05312 7.47464 23.2178 47.0813 75.0158 102.071 123.408 135.153 135.153 123.408 102.071 75.0158 47.0813 23.2178 7.47464 1.05312 0.092419 0.00642417 0.000402029 2.35406e-05 1.18061e-06
1.90034e-05 0.00040775 0.00743287 0.128533 2.15735 31.8014 299.497 974.723 1993.42 3182.05 4332.33 5239.48 5738.97 5738.97 5239.48 4332.33 3182.05 1993.42 974.723 299.497 31.8014 2.15735 0.128533 0.00743287 0.00040775 1.90034e-05
0.000276556 0.00660736 0.13083 2.34926 42.4818 832.814 12011.7 40948.3 84319.6 134784 183599 222104 243310 243310 222104 183599 134784 84319.6 40948.3 12011.7 832.814 42.4818 2.34926 0.13083 0.00660736 0.000276556
0.00342085 0.0960769 2.23134 43.4902 722.521 16285 484669 1.72366e+06 3.56655e+06 5.70658e+06 7.77668e+06 9.41013e+06 1.03099e+07 1.03099e+07 9.41012e+06 7.77668e+06 5.70658e+06 3.56655e+06 1.72366e+06 484669 16285 722.521 43.4902 2.23134 0.0960769 0.00342085
0.0319137 1.10243 33.2278 867.158 16823.2 238204 2.37563e+07 8.64989e+07 1.78973e+08 2.86113e+08 3.89675e+08 4.71361e+08 5.16352e+08 5.16352e+08 4.71361e+08 3.89675e+08 2.86113e+08 1.78973e+08 8.64989e+07 2.37563e+07 238204 16823.2 867.158 33.2278 1.10243 0.0319137
0.186942 7.86065 314.97 12632.9 509783 2.48595e+07 2.26307e+09 7.9101e+09 1.60802e+10 2.54418e+10 3.44184e+10 4.14588e+10 4.53231e+10 4.53231e+10 4.14588e+10 3.44184e+10 2.54418e+10 1.60802e+10 7.9101e+09 2.26307e+09 2.48595e+07 509783 12632.9 314.97 7.86065 0.186942
0.556691 24.4429 1026.29 43120.2 1.81534e+06 9.06537e+07 7.93505e+09 2.7659e+10 5.61609e+10 8.87939e+10 1.20068e+11 1.44586e+11 1.5804e+11 1.5804e+11 1.44586e+11 1.20068e+11 8.87939e+10 5.61609e+10 2.7659e+10 7.93505e+09 9.06537e+07 1.81534e+06 43120.2 1026.29 24.4429 0.556691
1.11854 49.5715 2099.13 88802.5 3.75667e+06 1.8761e+08 1.61485e+10 5.62226e+10 1.14103e+11 1.80352e+11 2.43827e+11 2.93583e+11 3.20885e+11 3.20885e+11 2.93583e+11 2.43827e+11 1.80352e+11 1.14103e+11 5.62226e+10 1.61485e+10 1.8761e+08 3.75667e+06 88802.5 2099.13 49.5715 1.11854
1.77791 78.9669 3350.07 141918 6.00941e+06 2.99873e+08 2.55619e+10 8.89351e+10 1.80441e+11 2.85158e+11 3.85477e+11 4.64107e+11 5.0725e+11 5.0725e+11 4.64107e+11 3.85477e+11 2.85158e+11 1.80441e+11 8.89351e+10 2.55619e+10 2.99873e+08 6.00941e+06 141918 3350.07 78.9669 1.77791
2.4167 107.414 4559.62 193254 8.18665e+06 4.08301e+08 3.45877e+10 1.20284e+11 2.44001e+11 3.85562e+11 5.21167e+11 6.27448e+11 6.8576e+11 6.8576e+11 6.27448e+11 5.21167e+11 3.85562e+11 2.44001e+11 1.20284e+11 3.45877e+10 4.08301e+08 8.18665e+06 193254 4559.62 107.414 2.4167
2.92015 129.83 5512.76 233715 9.90321e+06 4.9376e+08 4.16656e+10 1.44859e+11 2.93818e+11 4.6425e+11 6.27503e+11 7.55448e+11 8.25644e+11 8.25644e+11 7.55448e+11 6.27503e+11 4.6425e+11 2.93818e+11 1.44859e+11 4.16656e+10 4.9376e+08 9.90321e+06 233715 5512.76 129.83 2.92015
3.19712 142.163 6037.27 255985 1.08483e+07 5.40802e+08 4.55499e+10 1.58342e+11 3.21149e+11 5.07419e+11 6.85837e+11 8.25666e+11 9.0238e+11 9.0238e+11 8.25666e+11 6.85837e+11 5.07419e+11 3.21149e+11 1.58342e+11 4.55499e+10 5.40802e+08 1.08483e+07 255985 6037.27 142.163 3.19712
3.19712 142.163 6037.27 255985 1.08483e+07 5.40802e+08 4.55499e+10 1.58342e+11 3.21149e+11 5.07419e+11 6.85837e+11 8.25666e+11 9.0238e+11 9.0238e+11 8.25666e+11 6.85837e+11 5.07419e+11 3.21149e+11 1.58342e+11 4.55499e+10 5.40802e+08 1.08483e+07 255985 6037.27 142.163 3.19712
2.92015 129.83 5512.76 233715 9.90321e+06 4.9376e+08 4.16656e+10 1.44859e+11 2.93818e+11 4.6425e+11 6.27503e+11 7.55448e+11 8.25644e+11 8.25644e+11 7.55448e+11 6.27503e+11 4.6425e+11 2.93818e+11 1.44859e+11 4.16656e+10 4.9376e+08 9.90321e+06 233715 5512.76 129.83 2.92015
2.4167 107.414 4559.62 193254 8.18665e+06 4.08301e+08 3.45877e+10 1.20284e+11 2.44001e+11 3.85562e+11 5.21167e+11 6.27448e+11 6.8576e+11 6.8576e+11 6.27448e+11 5.21167e+11 3.85562e+11 2.44001e+11 1.20284e+11 3.45877e+10 4.08301e+08 8.18665e+06 193254 4559.62 107.414 2.4167
1.77791 78.9669 3350.07 141918 6.00941e+06 2.99873e+08 2.55619e+10 8.89351e+10 1.80441e+11 2.85158e+11 3.85477e+11 4.64107e+11 5.0725e+11 5.0725e+11 4.64107e+11 3.85477e+11 2.85158e+11 1.80441e+11 8.89351e+10 2.55619e+10 2.99873e+08 6.00941e+06 141918 3350.07 78.9669 1.77791
1.11854 49.5715 2099.13 88802.5 3.75667e+06 1.8761e+08 1.61485e+10 5.62226e+10 1.14103e+11 1.80352e+11 2.43827e+11 2.93583e+11 3.20885e+11 3.20885e+11 2.93583e+11 2.43827e+11 1.80352e+11 1.14103e+11 5.62226e+10 1.61485e+10 1.8761e+08 3.75667e+06 88802.5 2099.13 49.5715 1.11854
0.556691 24.4429 1026.29 43120.2 1.81534e+06 9.06537e+07 7.93505e+09 2.7659e+10 5.61609e+10 8.87939e+10 1.20068e+11 1.44586e+11 1.5804e+11 1.5804e+11 1.44586e+11 1.20068e+11 8.87939e+10 5.61609e+10 2.7659e+10 7.93505e+09 9.06537e+07 1.81534e+06 43120.2 1026.29 24.4429 0.556691
0.186942 7.86065 314.97 12632.9 509783 2.48595e+07 2.26307e+09 7.9101e+09 1.60802e+10 2.54418e+10 3.44184e+10 4.14588e+10 4.53231e+10 4.53231e+10 4.14588e+10 3.44184e+10 2.54418e+10 1.60802e+10 7.9101e+09 2.26307e+09 2.48595e+07 509783 12632.9 314.97 7.86065 0.186942
0.0319137 1.10243 33.2278 867.158 16823.2 238204 2.37563e+07 8.64989e+07 1.78973e+08 2.86113e+08 3.89675e+08 4.71361e+08 5.16352e+08 5.16352e+08 4.71361e+08 3.89675e+08 2.86113e+08 1.78973e+08 8.64989e+07 2.37563e+07 238204 16823.2 867.158 33.2278 1.10243 0.0319137
0.00342085 0.0960769 2.23134 43.4902 722.521 16285 484669 1.72366e+06 3.56655e+06 5.70658e+06 7.77668e+06 9.41012e+06 1.03099e+07 1.03099e+07 9.41013e+06 7.77668e+06 5.70658e+06 3.56655e+06 1.72366e+06 484669 16285 722.521 43.4902 2.23134 0.0960769 0.00342085
0.000276556 0.00660736 0.13083 2.34926 42.4818 832.814 12011.7 40948.3 84319.6 134784 183599 222104 243310 243310 222104 183599 134784 84319.6 40948.3 12011.7 832.814 42.4818 2.34926 0.13083 0.00660736 0.000276556
1.90034e-05 0.00040775 0.00743287 0.128533 2.15735 31.8014 299.497 974.723 1993.42 3182.05 4332.33 5239.48 5738.97 5738.97 5239.48 4332.33 3182.05 1993.42 974.723 299.497 31.8014 2.15735 0.128533 0.00743287 0.00040775 1.90034e-05
1.18061e-06 2.35406e-05 0.000402029 0.00642417 0.092419 1.05312 7.47464 23.2178 47.0813 75.0158 102.071 123.408 135.153 135.153 123.408 102.071 75.0158 47.0813 23.2178 7.47464 1.05312 0.092419 0.00642417 0.000402029 2.35406e-05 1.18061e-06
6.21241e-08 1.16759e-06 1.85648e-05 0.000267322 0.00328126 0.0304523 0.177764 0.52885 1.06248 1.68915 2.29676 2.776 3.03979 3.03979 2.776 2.29676 1.68915 1.06248 0.52885 0.177764 0.0304523 0.00328126 0.000267322 1.85648e-05 1.16759e-06 6.21241e-08
