0.00963055 0.1824 2.92309 42.4043 524.174 4897.89 28785.8 86266 174584 279307 381557 462537 507200 507200 462537 381557 279307 174584 86266 28785.8 4897.89 524.174 42.4043 2.92309 0.1824 0.00963055
0.184388 3.70735 63.8441 1028.05 14895.2 170878 1.22096e+06 3.82207e+06 7.81184e+06 1.25312e+07 1.71359e+07 2.07827e+07 2.27943e+07 2.27943e+07 2.07827e+07 1.71359e+07 1.25312e+07 7.81184e+06 3.82207e+06 1.22096e+06 170878 14895.2 1028.05 63.8441 3.70735 0.184387
2.99054 64.7313 1190.12 20739.6 350527 5.20007e+06 4.92792e+07 1.61703e+08 3.33516e+08 5.36241e+08 7.3394e+08 8.90531e+08 9.7692e+08 9.7692e+08 8.90531e+08 7.3394e+08 5.36241e+08 3.33516e+08 1.61703e+08 4.92792e+07 5.20007e+06 350527 20739.6 1190.12 64.7313 2.99054
43.8341 1056.66 21101.1 381765 6.9494e+06 1.37028e+08 1.98709e+09 6.83332e+09 1.41992e+10 2.28715e+10 3.13273e+10 3.80263e+10 4.17226e+10 4.17226e+10 3.80263e+10 3.13273e+10 2.28715e+10 1.41992e+10 6.83332e+09 1.98709e+09 1.37028e+08 6.9494e+06 381765 21101.1 1056.66 43.8341
545.926 15470.2 362249 7.11015e+06 1.18842e+08 2.69234e+09 8.04575e+10 2.88818e+11 6.0343e+11 9.73317e+11 1.33403e+12 1.61988e+12 1.77762e+12 1.77762e+12 1.61988e+12 1.33403e+12 9.73317e+11 6.0343e+11 2.88818e+11 8.04575e+10 2.69234e+09 1.18842e+08 7.11015e+06 362249 15470.2 545.926
5127 178677 5.42738e+06 1.42532e+08 2.7789e+09 3.95115e+10 3.94962e+12 1.45233e+13 3.03552e+13 4.89329e+13 6.70389e+13 8.13826e+13 8.92969e+13 8.92969e+13 8.13826e+13 6.70389e+13 4.89329e+13 3.03552e+13 1.45233e+13 3.94962e+12 3.95115e+10 2.7789e+09 1.42532e+08 5.42738e+06 178677 5127
30232.6 1.28236e+06 5.17593e+07 2.08721e+09 8.45204e+10 4.12813e+12 3.76651e+14 1.32678e+15 2.72003e+15 4.33546e+15 5.89802e+15 7.13032e+15 7.80867e+15 7.80867e+15 7.13032e+15 5.89802e+15 4.33546e+15 2.72003e+15 1.32678e+15 3.76651e+14 4.12813e+12 8.45204e+10 2.08721e+09 5.17593e+07 1.28236e+06 30232.6
90671.6 4.01784e+06 1.70012e+08 7.18562e+09 3.03759e+11 1.52015e+13 1.33096e+15 4.67361e+15 9.56746e+15 1.52364e+16 2.07167e+16 2.50372e+16 2.74152e+16 2.74152e+16 2.50372e+16 2.07167e+16 1.52364e+16 9.56746e+15 4.67361e+15 1.33096e+15 1.52015e+13 3.03759e+11 7.18562e+09 1.70012e+08 4.01784e+06 90671.6
183467 8.21058e+06 3.50597e+08 1.49289e+10 6.34547e+11 3.17718e+13 2.73134e+15 9.57732e+15 1.95928e+16 3.11892e+16 4.23964e+16 5.12305e+16 5.60922e+16 5.60922e+16 5.12305e+16 4.23964e+16 3.11892e+16 1.95928e+16 9.57732e+15 2.73134e+15 3.17718e+13 6.34547e+11 1.49289e+10 3.50597e+08 8.21058e+06 183467
293348 1.3163e+07 5.63362e+08 2.4032e+10 1.02286e+12 5.11888e+13 4.3547e+15 1.52568e+16 3.11991e+16 4.9652e+16 6.74818e+16 8.15345e+16 8.92678e+16 8.92678e+16 8.15345e+16 6.74818e+16 4.9652e+16 3.11991e+16 1.52568e+16 4.3547e+15 5.11888e+13 1.02286e+12 2.4032e+10 5.63362e+08 1.3163e+07 293348
400455 1.79867e+07 7.70484e+08 3.28915e+10 1.40083e+12 7.00782e+13 5.92382e+15 2.07437e+16 4.24088e+16 6.74805e+16 9.1702e+16 1.10791e+17 1.21295e+17 1.21295e+17 1.10791e+17 9.1702e+16 6.74805e+16 4.24088e+16 2.07437e+16 5.92382e+15 7.00782e+13 1.40083e+12 3.28915e+10 7.70484e+08 1.79867e+07 400455
485147 2.18008e+07 9.3426e+08 3.9898e+10 1.6998e+12 8.50162e+13 7.16024e+15 2.50661e+16 5.12382e+16 8.15216e+16 1.10775e+17 1.33828e+17 1.46513e+17 1.46513e+17 1.33828e+17 1.10775e+17 8.15216e+16 5.12382e+16 2.50661e+16 7.16024e+15 8.50162e+13 1.6998e+12 3.9898e+10 9.3426e+08 2.18008e+07 485147
531804 2.39022e+07 1.0245e+09 4.37591e+10 1.86458e+12 9.32477e+13 7.8404e+15 2.74436e+16 5.60943e+16 8.92438e+16 1.21265e+17 1.46497e+17 1.60381e+17 1.60381e+17 1.46497e+17 1.21265e+17 8.92438e+16 5.60943e+16 2.74436e+16 7.8404e+15 9.32477e+13 1.86458e+12 4.37591e+10 1.0245e+09 2.39022e+07 531804
531804 2.39022e+07 1.0245e+09 4.37591e+10 1.86458e+12 9.32477e+13 7.8404e+15 2.74436e+16 5.60943e+16 8.92438e+16 1.21265e+17 1.46497e+17 1.60381e+17 1.60381e+17 1.46497e+17 1.21265e+17 8.92438e+16 5.60943e+16 2.74436e+16 7.8404e+15 9.32477e+13 1.86458e+12 4.37591e+10 1.0245e+09 2.39022e+07 531804
485147 2.18008e+07 9.3426e+08 3.9898e+10 1.6998e+12 8.50162e+13 7.16024e+15 2.50661e+16 5.12382e+16 8.15216e+16 1.10775e+17 1.33828e+17 1.46513e+17 1.46513e+17 1.33828e+17 1.10775e+17 8.15216e+16 5.12382e+16 2.50661e+16 7.16024e+15 8.50162e+13 1.6998e+12 3.9898e+10 9.3426e+08 2.18008e+07 485147
400455 1.79867e+07 7.70484e+08 3.28915e+10 1.40083e+12 7.00782e+13 5.92382e+15 2.07437e+16 4.24088e+16 6.74805e+16 9.1702e+16 1.10791e+17 1.21295e+17 1.21295e+17 1.10791e+17 9.1702e+16 6.74805e+16 4.24088e+16 2.07437e+16 5.92382e+15 7.00782e+13 1.40083e+12 3.28915e+10 7.70484e+08 1.79867e+07 400455
293348 1.3163e+07 5.63362e+08 2.4032e+10 1.02286e+12 5.11888e+13 4.3547e+15 1.52568e+16 3.11991e+16 4.9652e+16 6.74818e+16 8.15345e+16 8.92678e+16 8.92678e+16 8.15345e+16 6.74818e+16 4.9652e+16 3.11991e+16 1.52568e+16 4.3547e+15 5.11888e+13 1.02286e+12 2.4032e+10 5.63362e+08 1.3163e+07 293348
183467 8.21058e+06 3.50597e+08 1.49289e+10 6.34547e+11 3.17718e+13 2.73134e+15 9.57732e+15 1.95928e+16 3.11892e+16 4.23964e+16 5.12305e+16 5.60922e+16 5.60922e+16 5.12305e+16 4.23964e+16 3.11892e+16 1.95928e+16 9.57732e+15 2.73134e+15 3.17718e+13 6.34547e+11 1.49289e+10 3.50597e+08 8.21058e+06 183467
90671.6 4.01784e+06 1.70012e+08 7.18562e+09 3.03759e+11 1.52015e+13 1.33096e+15 4.67361e+15 9.56746e+15 1.52364e+16 2.07167e+16 2.50372e+16 2.74152e+16 2.74152e+16 2.50372e+16 2.07167e+16 1.52364e+16 9.56746e+15 4.67361e+15 1.33096e+15 1.52015e+13 3.03759e+11 7.18562e+09 1.70012e+08 4.01784e+06 90671.6
30232.6 1.28236e+06 5.17593e+07 2.08721e+09 8.45204e+10 4.12813e+12 3.76651e+14 1.32678e+15 2.72003e+15 4.33546e+15 5.89802e+15 7.13032e+15 7.80867e+15 7.80867e+15 7.13032e+15 5.89802e+15 4.33546e+15 2.72003e+15 1.32678e+15 3.76651e+14 4.12813e+12 8.45204e+10 2.08721e+09 5.17593e+07 1.28236e+06 30232.6
5127 178677 5.42738e+06 1.42532e+08 2.7789e+09 3.95115e+10 3.94962e+12 1.45233e+13 3.03552e+13 4.89329e+13 6.70389e+13 8.13826e+13 8.92969e+13 8.92969e+13 8.13826e+13 6.70389e+13 4.89329e+13 3.03552e+13 1.45233e+13 3.94962e+12 3.95115e+10 2.7789e+09 1.42532e+08 5.42738e+06 178677 5127
545.926 15470.2 362249 7.11015e+06 1.18842e+08 2.69234e+09 8.04575e+10 2.88818e+11 6.0343e+11 9.73317e+11 1.33403e+12 1.61988e+12 1.77762e+12 1.77762e+12 1.61988e+12 1.33403e+12 9.73317e+11 6.0343e+11 2.88818e+11 8.04575e+10 2.69234e+09 1.18842e+08 7.11015e+06 362249 15470.2 545.926
43.8341 1056.66 21101.1 381765 6.9494e+06 1.37028e+08 1.98709e+09 6.83332e+09 1.41992e+10 2.28715e+10 3.13273e+10 3.80263e+10 4.17226e+10 4.17226e+10 3.80263e+10 3.13273e+10 2.28715e+10 1.41992e+10 6.83332e+09 1.98709e+09 1.37028e+08 6.9494e+06 381765 21101.1 1056.66 43.8341
2.99054 64.7313 1190.12 20739.6 350527 5.20007e+06 4.92792e+07 1.61703e+08 3.33516e+08 5.36241e+08 7.3394e+08 8.90531e+08 9.7692e+08 9.7692e+08 8.90531e+08 7.3394e+08 5.36241e+08 3.33516e+08 1.61703e+08 4.92792e+07 5.20007e+06 350527 20739.6 1190.12 64.7313 2.99054
0.184388 3.70735 63.8441 1028.05 14895.2 170878 1.22096e+06 3.82207e+06 7.81184e+06 1.25312e+07 1.71359e+07 2.07827e+07 2.27943e+07 2.27943e+07 2.07827e+07 1.71359e+07 1.25312e+07 7.81184e+06 3.82207e+06 1.22096e+06 170878 14895.2 1028.05 63.8441 3.70735 0.184388
0.00963055 0.1824 2.92309 42.4043 524.174 4897.89 28785.8 86266 174584 279307 381557 462537 507200 507200 462537 381557 279307 174584 86266 28785.8 4897.89 524.174 42.4043 2.92309 0.1824 0.00963054
