0.00382155 0.0721628 1.15313 16.6849 205.749 1917.94 11245.2 33617.7 67878.4 108394 147888 179144 196380 196380 179144 147888 108394 67878.4 33617.7 11245.2 1917.94 205.749 16.6849 1.15313 0.0721628 0.00382155
0.0729289 1.46134 25.0862 402.877 5823.53 66656.9 475173 1.48362e+06 3.02477e+06 4.84245e+06 6.6129e+06 8.01407e+06 8.78684e+06 8.78684e+06 8.01407e+06 6.6129e+06 4.84245e+06 3.02477e+06 1.48362e+06 475173 66656.9 5823.53 402.877 25.0862 1.46134 0.0729289
1.17907 25.4258 465.857 8095.93 136539 2.02164e+06 1.91185e+07 6.25628e+07 1.28691e+08 2.06473e+08 2.82192e+08 3.42126e+08 3.75188e+08 3.75188e+08 3.42126e+08 2.82192e+08 2.06473e+08 1.28691e+08 6.25628e+07 1.91185e+07 2.02164e+06 136539 8095.93 465.857 25.4258 1.17907
17.2341 413.806 8233.3 148516 2.698e+06 5.3126e+07 7.69144e+08 2.63728e+09 5.46432e+09 8.78181e+09 1.20107e+10 1.45671e+10 1.59776e+10 1.59776e+10 1.45671e+10 1.20107e+10 8.78181e+09 5.46432e+09 2.63728e+09 7.69144e+08 5.3126e+07 2.698e+06 148516 8233.3 413.806 17.2341
214.1 6043.11 140989 2.75861e+06 4.59952e+07 1.04134e+09 3.10964e+10 1.11278e+11 2.31777e+11 3.72962e+11 5.10399e+11 6.19253e+11 6.79327e+11 6.79327e+11 6.19253e+11 5.10399e+11 3.72962e+11 2.31777e+11 1.11278e+11 3.10964e+10 1.04134e+09 4.59952e+07 2.75861e+06 140989 6043.11 214.1
2005.95 69638.6 2.10811e+06 5.5206e+07 1.07356e+09 1.52298e+10 1.52522e+12 5.5899e+12 1.16457e+13 1.87267e+13 2.56153e+13 3.10696e+13 3.40791e+13 3.40791e+13 3.10696e+13 2.56153e+13 1.87267e+13 1.16457e+13 5.5899e+12 1.52522e+12 1.52298e+10 1.07356e+09 5.5206e+07 2.10811e+06 69638.6 2005.95
11801.1 498685 2.00656e+07 8.07306e+08 3.26434e+10 1.59357e+12 1.45374e+14 5.10721e+14 1.0441e+15 1.66031e+15 2.25494e+15 2.72328e+15 2.98094e+15 2.98094e+15 2.72328e+15 2.25494e+15 1.66031e+15 1.0441e+15 5.10721e+14 1.45374e+14 1.59357e+12 3.26434e+10 8.07306e+08 2.00656e+07 498685 11801.1
35307 1.55842e+06 6.57278e+07 2.77119e+09 1.16949e+11 5.84838e+12 5.12281e+14 1.79431e+15 3.66328e+15 5.82059e+15 7.90112e+15 9.53918e+15 1.04402e+16 1.04402e+16 9.53917e+15 7.90112e+15 5.82059e+15 3.66328e+15 1.79431e+15 5.12281e+14 5.84838e+12 1.16949e+11 2.77119e+09 6.57278e+07 1.55842e+06 35307
71275.7 3.17667e+06 1.35176e+08 5.74068e+09 2.43542e+11 1.21832e+13 1.04828e+15 3.66681e+15 7.48172e+15 1.18835e+16 1.61275e+16 1.94684e+16 2.13059e+16 2.13059e+16 1.94684e+16 1.61275e+16 1.18835e+16 7.48172e+15 3.66681e+15 1.04828e+15 1.21832e+13 2.43542e+11 5.74068e+09 1.35176e+08 3.17667e+06 71275.7
113752 5.08256e+06 2.16744e+08 9.22014e+09 3.91641e+11 1.958e+13 1.66737e+15 5.82784e+15 1.18869e+16 1.88762e+16 2.56141e+16 3.09176e+16 3.38344e+16 3.38344e+16 3.09176e+16 2.56141e+16 1.88762e+16 1.18869e+16 5.82784e+15 1.66737e+15 1.958e+13 3.91641e+11 9.22014e+09 2.16744e+08 5.08256e+06 113752
155089 6.93578e+06 2.96011e+08 1.26006e+10 5.35542e+11 2.6763e+13 2.26439e+15 7.91071e+15 1.61317e+16 2.56136e+16 3.47531e+16 4.19467e+16 4.59028e+16 4.59028e+16 4.19467e+16 3.47531e+16 2.56136e+16 1.61317e+16 7.91071e+15 2.26439e+15 2.6763e+13 5.35542e+11 1.26006e+10 2.96011e+08 6.93578e+06 155089
187754 8.40014e+06 3.5865e+08 1.52725e+10 6.49316e+11 3.24408e+13 2.73425e+15 9.54945e+15 1.9471e+16 3.09131e+16 4.19414e+16 5.06212e+16 5.53945e+16 5.53946e+16 5.06212e+16 4.19414e+16 3.09131e+16 1.9471e+16 9.54945e+15 2.73425e+15 3.24408e+13 6.49316e+11 1.52725e+10 3.5865e+08 8.40014e+06 187754
205747 9.20685e+06 3.93163e+08 1.67449e+10 7.12027e+11 3.55699e+13 2.99259e+15 1.04503e+16 2.13066e+16 3.38262e+16 4.58926e+16 5.53892e+16 6.06117e+16 6.06117e+16 5.53892e+16 4.58926e+16 3.38262e+16 2.13066e+16 1.04503e+16 2.99259e+15 3.55699e+13 7.12027e+11 1.67449e+10 3.93163e+08 9.20685e+06 205747
205747 9.20685e+06 3.93163e+08 1.67449e+10 7.12027e+11 3.55699e+13 2.99259e+15 1.04503e+16 2.13066e+16 3.38262e+16 4.58926e+16 5.53892e+16 6.06117e+16 6.06117e+16 5.53892e+16 4.58926e+16 3.38262e+16 2.13066e+16 1.04503e+16 2.99259e+15 3.55699e+13 7.12027e+11 1.67449e+10 3.93163e+08 9.20685e+06 205747
187754 8.40014e+06 3.5865e+08 1.52725e+10 6.49316e+11 3.24408e+13 2.73425e+15 9.54945e+15 1.9471e+16 3.09131e+16 4.19414e+16 5.06212e+16 5.53946e+16 5.53945e+16 5.06212e+16 4.19414e+16 3.09131e+16 1.9471e+16 9.54945e+15 2.73425e+15 3.24408e+13 6.49316e+11 1.52725e+10 3.5865e+08 8.40014e+06 187754
155089 6.93578e+06 2.96011e+08 1.26006e+10 5.35542e+11 2.6763e+13 2.26439e+15 7.91071e+15 1.61317e+16 2.56136e+16 3.47531e+16 4.19467e+16 4.59028e+16 4.59028e+16 4.19467e+16 3.47531e+16 2.56136e+16 1.61317e+16 7.91071e+15 2.26439e+15 2.6763e+13 5.35542e+11 1.26006e+10 2.96011e+08 6.93578e+06 155089
113752 5.08256e+06 2.16744e+08 9.22014e+09 3.91641e+11 1.958e+13 1.66737e+15 5.82784e+15 1.18869e+16 1.88762e+16 2.56141e+16 3.09176e+16 3.38344e+16 3.38344e+16 3.09176e+16 2.56141e+16 1.88762e+16 1.18869e+16 5.82784e+15 1.66737e+15 1.958e+13 3.91641e+11 9.22014e+09 2.16744e+08 5.08256e+06 113752
71275.7 3.17667e+06 1.35176e+08 5.74068e+09 2.43542e+11 1.21832e+13 1.04828e+15 3.66681e+15 7.48172e+15 1.18835e+16 1.61275e+16 1.94684e+16 2.13059e+16 2.13059e+16 1.94684e+16 1.61275e+16 1.18835e+16 7.48172e+15 3.66681e+15 1.04828e+15 1.21832e+13 2.43542e+11 5.74068e+09 1.35176e+08 3.17667e+06 71275.7
35307 1.55842e+06 6.57278e+07 2.77119e+09 1.16949e+11 5.84838e+12 5.12281e+14 1.79431e+15 3.66328e+15 5.82059e+15 7.90112e+15 9.53917e+15 1.04402e+16 1.04402e+16 9.53918e+15 7.90112e+15 5.82059e+15 3.66328e+15 1.79431e+15 5.12281e+14 5.84838e+12 1.16949e+11 2.77119e+09 6.57278e+07 1.55842e+06 35307
11801.1 498685 2.00656e+07 8.07306e+08 3.26434e+10 1.59357e+12 1.45374e+14 5.10721e+14 1.0441e+15 1.66031e+15 2.25494e+15 2.72328e+15 2.98094e+15 2.98094e+15 2.72328e+15 2.25494e+15 1.66031e+15 1.0441e+15 5.10721e+14 1.45374e+14 1.59357e+12 3.26434e+10 8.07306e+08 2.00656e+07 498685 11801.1
2005.95 69638.6 2.10811e+06 5.5206e+07 1.07356e+09 1.52298e+10 1.52522e+12 5.5899e+12 1.16457e+13 1.87267e+13 2.56153e+13 3.10696e+13 3.40791e+13 3.40791e+13 3.10696e+13 2.56153e+13 1.87267e+13 1.16457e+13 5.5899e+12 1.52522e+12 1.52298e+10 1.07356e+09 5.5206e+07 2.10811e+06 69638.6 2005.95
214.1 6043.11 140989 2.75861e+06 4.59952e+07 1.04134e+09 3.10964e+10 1.11278e+11 2.31777e+11 3.72962e+11 5.10399e+11 6.19253e+11 6.79327e+11 6.79327e+11 6.19253e+11 5.10399e+11 3.72962e+11 2.31777e+11 1.11278e+11 3.10964e+10 1.04134e+09 4.59952e+07 2.75861e+06 140989 6043.11 214.1
17.2341 413.806 8233.3 148516 2.698e+06 5.3126e+07 7.69144e+08 2.63728e+09 5.46432e+09 8.78181e+09 1.20107e+10 1.45671e+10 1.59776e+10 1.59776e+10 1.45671e+10 1.20107e+10 8.78181e+09 5.46432e+09 2.63728e+09 7.69144e+08 5.3126e+07 2.698e+06 148516 8233.3 413.806 17.2341
1.17907 25.4258 465.857 8095.93 136539 2.02164e+06 1.91185e+07 6.25628e+07 1.28691e+08 2.06473e+08 2.82192e+08 3.42126e+08 3.75188e+08 3.75188e+08 3.42126e+08 2.82192e+08 2.06473e+08 1.28691e+08 6.25628e+07 1.91185e+07 2.02164e+06 136539 8095.93 465.857 25.4258 1.17907
0.0729289 1.46134 25.0862 402.877 5823.53 66656.9 475173 1.48362e+06 3.02477e+06 4.84245e+06 6.6129e+06 8.01407e+06 8.78684e+06 8.78684e+06 8.01407e+06 6.6129e+06 4.84245e+06 3.02477e+06 1.48362e+06 475173 66656.9 5823.53 402.877 25.0862 1.46134 0.072929
0.00382155 0.0721628 1.15313 16.6849 205.749 1917.94 11245.2 33617.7 67878.4 108394 147888 179144 196380 196380 179144 147888 108394 67878.4 33617.7 11245.2 1917.94 205.749 16.6849 1.15313 0.0721628 0.00382155
