4.01205e-07 7.51384e-06 0.000118812 0.00169954 0.0207291 0.191391 1.11267 3.29552 6.58559 10.4102 14.0806 16.9501 18.5204 18.5204 16.9501 14.0806 10.4102 6.58559 3.29552 1.11267 0.191391 0.0207291 0.00169954 0.000118812 7.51384e-06 4.01205e-07
7.63133e-06 0.000151841 0.0025814 0.0409632 0.584776 6.62129 46.7838 144.657 291.719 462.052 625.263 752.801 822.584 822.584 752.801 625.263 462.052 291.719 144.657 46.7838 6.62129 0.584776 0.0409632 0.0025814 0.000151841 7.63133e-06
0.000122743 0.00263316 0.0478992 0.823485 13.6944 200.13 1874.78 6072.8 12348.5 19590.1 26520.1 31933.5 34895.4 34895.4 31933.5 26520.1 19590.1 12348.5 6072.8 1874.78 200.13 13.6944 0.823485 0.0478992 0.00263316 0.000122743
0.00178099 0.0426028 0.844412 15.1388 271.413 5251.99 75212.3 255154 522279 829503 1.12324e+06 1.35266e+06 1.47818e+06 1.47818e+06 1.35266e+06 1.12324e+06 829503 522279 255154 75212.3 5251.99 271.413 15.1388 0.844412 0.0426028 0.00178099
0.0219285 0.616714 14.3567 280.782 4668.54 103295 3.03624e+06 1.07435e+07 2.20926e+07 3.51129e+07 4.75559e+07 5.72739e+07 6.25909e+07 6.25909e+07 5.72739e+07 4.75559e+07 3.51129e+07 2.20926e+07 1.07435e+07 3.03624e+06 103295 4668.54 280.782 14.3567 0.616714 0.0219285
0.203514 7.03484 212.335 5558.24 108694 1.55439e+06 1.49216e+08 5.40504e+08 1.11144e+09 1.76504e+09 2.38927e+09 2.87668e+09 3.14334e+09 3.14334e+09 2.87668e+09 2.38927e+09 1.76504e+09 1.11144e+09 5.40504e+08 1.49216e+08 1.55439e+06 108694 5558.24 212.335 7.03484 0.203514
1.18608 49.871 1998.54 80181.8 3.23715e+06 1.57563e+08 1.4219e+10 4.95473e+10 1.00341e+11 1.58109e+11 2.13089e+11 2.55938e+11 2.79359e+11 2.79359e+11 2.55938e+11 2.13089e+11 1.58109e+11 1.00341e+11 4.95473e+10 1.4219e+10 1.57563e+08 3.23715e+06 80181.8 1998.54 49.871 1.18608
3.51443 154.278 6477.31 272177 1.14615e+07 5.71488e+08 4.97148e+10 1.72804e+11 3.49617e+11 5.50619e+11 7.41879e+11 8.90923e+11 9.72383e+11 9.72383e+11 8.90923e+11 7.41879e+11 5.50619e+11 3.49617e+11 1.72804e+11 4.97148e+10 5.71488e+08 1.14615e+07 272177 6477.31 154.278 3.51443
7.02109 311.033 13167.1 556950 2.35613e+07 1.17504e+09 1.00775e+11 3.49953e+11 7.0777e+11 1.11448e+12 1.50144e+12 1.80298e+12 1.96778e+12 1.96778e+12 1.80298e+12 1.50144e+12 1.11448e+12 7.07771e+11 3.49953e+11 1.00775e+11 1.17504e+09 2.35613e+07 556950 13167.1 311.033 7.02109
11.0926 492.368 20876.8 884040 3.7424e+07 1.86512e+09 1.58829e+11 5.51284e+11 1.11475e+12 1.75516e+12 2.36446e+12 2.83924e+12 3.09873e+12 3.09873e+12 2.83924e+12 2.36446e+12 1.75516e+12 1.11475e+12 5.51284e+11 1.58829e+11 1.86512e+09 3.7424e+07 884040 20876.8 492.368 11.0926
14.9947 665.88 28244 1.19631e+06 5.0652e+07 2.52325e+09 2.14045e+11 7.42742e+11 1.50176e+12 2.36437e+12 3.18506e+12 3.82457e+12 4.17407e+12 4.17407e+12 3.82456e+12 3.18507e+12 2.36437e+12 1.50176e+12 7.42742e+11 2.14045e+11 2.52325e+09 5.0652e+07 1.19631e+06 28244 665.88 14.9947
18.0416 801.297 33991.7 1.43988e+06 6.09689e+07 3.03647e+09 2.5705e+11 8.91846e+11 1.80314e+12 2.8388e+12 3.82411e+12 4.59188e+12 5.01149e+12 5.01149e+12 4.59188e+12 3.82411e+12 2.8388e+12 1.80314e+12 8.91846e+11 2.5705e+11 3.03647e+09 6.09689e+07 1.43988e+06 33991.7 801.297 18.0416
19.7076 875.327 37133.5 1.57302e+06 6.66082e+07 3.31697e+09 2.80544e+11 9.73299e+11 1.96778e+12 3.09797e+12 4.17321e+12 5.01105e+12 5.46895e+12 5.46895e+12 5.01105e+12 4.17321e+12 3.09797e+12 1.96778e+12 9.73299e+11 2.80544e+11 3.31697e+09 6.66082e+07 1.57302e+06 37133.5 875.327 19.7076
19.7076 875.327 37133.5 1.57302e+06 6.66082e+07 3.31697e+09 2.80544e+11 9.73299e+11 1.96778e+12 3.09797e+12 4.17321e+12 5.01105e+12 5.46895e+12 5.46895e+12 5.01105e+12 4.17321e+12 3.09797e+12 1.96778e+12 9.73299e+11 2.80544e+11 3.31697e+09 6.66082e+07 1.57302e+06 37133.5 875.327 19.7076
18.0416 801.297 33991.7 1.43988e+06 6.09689e+07 3.03647e+09 2.5705e+11 8.91846e+11 1.80314e+12 2.8388e+12 3.82411e+12 4.59188e+12 5.01149e+12 5.01149e+12 4.59188e+12 3.82411e+12 2.8388e+12 1.80314e+12 8.91846e+11 2.5705e+11 3.03647e+09 6.09689e+07 1.43988e+06 33991.7 801.297 18.0416
14.9947 665.88 28244 1.19631e+06 5.0652e+07 2.52325e+09 2.14045e+11 7.42742e+11 1.50176e+12 2.36437e+12 3.18506e+12 3.82456e+12 4.17407e+12 4.17407e+12 3.82457e+12 3.18506e+12 2.36437e+12 1.50176e+12 7.42742e+11 2.14045e+11 2.52325e+09 5.0652e+07 1.19631e+06 28244 665.88 14.9947
11.0926 492.368 20876.8 884040 3.7424e+07 1.86512e+09 1.58829e+11 5.51284e+11 1.11475e+12 1.75516e+12 2.36446e+12 2.83924e+12 3.09872e+12 3.09873e+12 2.83924e+12 2.36446e+12 1.75516e+12 1.11475e+12 5.51284e+11 1.58829e+11 1.86512e+09 3.7424e+07 884040 20876.8 492.368 11.0926
7.02109 311.033 13167.1 556950 2.35613e+07 1.17504e+09 1.00775e+11 3.49953e+11 7.07771e+11 1.11448e+12 1.50144e+12 1.80298e+12 1.96778e+12 1.96778e+12 1.80298e+12 1.50144e+12 1.11448e+12 7.0777e+11 3.49953e+11 1.00775e+11 1.17504e+09 2.35613e+07 556950 13167.1 311.033 7.02109
3.51443 154.278 6477.31 272177 1.14615e+07 5.71488e+08 4.97148e+10 1.72804e+11 3.49617e+11 5.50619e+11 7.41879e+11 8.90923e+11 9.72383e+11 9.72383e+11 8.90923e+11 7.41879e+11 5.50619e+11 3.49617e+11 1.72804e+11 4.97148e+10 5.71488e+08 1.14615e+07 272177 6477.31 154.278 3.51443
1.18608 49.871 1998.54 80181.8 3.23715e+06 1.57563e+08 1.4219e+10 4.95473e+10 1.00341e+11 1.58109e+11 2.13089e+11 2.55938e+11 2.79359e+11 2.79359e+11 2.55938e+11 2.13089e+11 1.58109e+11 1.00341e+11 4.95473e+10 1.4219e+10 1.57563e+08 3.23715e+06 80181.8 1998.54 49.871 1.18608
0.203514 7.03484 212.335 5558.24 108694 1.55439e+06 1.49216e+08 5.40504e+08 1.11144e+09 1.76504e+09 2.38927e+09 2.87668e+09 3.14334e+09 3.14334e+09 2.87668e+09 2.38927e+09 1.76504e+09 1.11144e+09 5.40504e+08 1.49216e+08 1.55439e+06 108694 5558.24 212.335 7.03484 0.203514
0.0219285 0.616714 14.3567 280.782 4668.54 103295 3.03624e+06 1.07435e+07 2.20926e+07 3.51129e+07 4.75559e+07 5.72739e+07 6.25909e+07 6.25909e+07 5.72739e+07 4.75559e+07 3.51129e+07 2.20926e+07 1.07435e+07 3.03624e+06 103295 4668.54 280.782 14.3567 0.616714 0.0219285
0.00178099 0.0426028 0.844412 15.1388 271.413 5251.99 75212.3 255154 522279 829503 1.12324e+06 1.35266e+06 1.47818e+06 1.47818e+06 1.35266e+06 1.12324e+06 829503 522279 255154 75212.3 5251.99 271.413 15.1388 0.844412 0.0426028 0.00178099
0.000122743 0.00263316 0.0478992 0.823485 13.6944 200.13 1874.78 6072.8 12348.5 19590.1 26520.1 31933.5 34895.4 34895.4 31933.5 26520.1 19590.1 12348.5 6072.8 1874.78 200.13 13.6944 0.823485 0.0478992 0.00263316 0.000122743
7.63133e-06 0.000151841 0.0025814 0.0409632 0.584776 6.62129 46.7838 144.657 291.719 462.052 625.263 752.801 822.584 822.584 752.801 625.263 462.052 291.719 144.657 46.7838 6.62129 0.584776 0.0409632 0.0025814 0.000151841 7.63134e-06
4.01205e-07 7.51384e-06 0.000118812 0.00169954 0.0207291 0.191391 1.11267 3.29552 6.58559 10.4102 14.0806 16.9501 18.5204 18.5204 16.9501 14.0806 10.4102 6.58559 3.29552 1.11267 0.191391 0.0207291 0.00169954 0.000118812 7.51384e-06 4.01205e-07
