18.9377 350.133 5405.27 74906.2 884963 7.96466e+06 4.54648e+07 1.32342e+08 2.58802e+08 3.99126e+08 5.26999e+08 6.22337e+08 6.72793e+08 6.72793e+08 6.22337e+08 5.26999e+08 3.99126e+08 2.58802e+08 1.32342e+08 4.54648e+07 7.96466e+06 884963 74906.2 5405.27 350.133 18.9377
363.595 7199.27 120244 1.8469e+06 2.53441e+07 2.77538e+08 1.91908e+09 5.82789e+09 1.14901e+10 1.77332e+10 2.33962e+10 2.76044e+10 2.9827e+10 2.9827e+10 2.76044e+10 2.33962e+10 1.77332e+10 1.14901e+10 5.82789e+09 1.91908e+09 2.77538e+08 2.53441e+07 1.8469e+06 120244 7199.27 363.595
5851.5 126224 2.28694e+06 3.83492e+07 6.084e+08 8.47849e+09 7.72499e+10 2.45586e+11 4.87721e+11 7.52908e+11 9.92343e+11 1.16967e+12 1.26312e+12 1.26312e+12 1.16967e+12 9.92343e+11 7.52908e+11 4.87721e+11 2.45586e+11 7.72499e+10 8.47849e+09 6.084e+08 3.83492e+07 2.28694e+06 126224 5851.5
83931.9 2.03357e+06 4.08089e+07 7.30826e+08 1.25808e+10 2.26432e+11 3.11364e+12 1.03596e+13 2.06885e+13 3.19282e+13 4.20322e+13 4.94904e+13 5.34117e+13 5.34117e+13 4.94904e+13 4.20322e+13 3.19282e+13 2.06885e+13 1.03596e+13 3.11364e+12 2.26432e+11 1.25808e+10 7.30826e+08 4.08089e+07 2.03357e+06 83931.9
1.01207e+06 2.88376e+07 6.84195e+08 1.37212e+10 2.30922e+11 4.63271e+12 1.26266e+14 4.37914e+14 8.77614e+14 1.35336e+15 1.7793e+15 2.09266e+15 2.25704e+15 2.25704e+15 2.09266e+15 1.7793e+15 1.35336e+15 8.77614e+14 4.37914e+14 1.26266e+14 4.63271e+12 2.30922e+11 1.37212e+10 6.84195e+08 2.88376e+07 1.01207e+06
9.1668e+06 3.19568e+08 9.7712e+09 2.61408e+11 5.36594e+12 8.15038e+13 6.30737e+15 2.23851e+16 4.48711e+16 6.91636e+16 9.09223e+16 1.06945e+17 1.15357e+17 1.15357e+17 1.06945e+17 9.09223e+16 6.91636e+16 4.48711e+16 2.23851e+16 6.30737e+15 8.15038e+13 5.36594e+12 2.61408e+11 9.7712e+09 3.19568e+08 9.1668e+06
5.22055e+07 2.20314e+09 8.86648e+10 3.57294e+12 1.44856e+14 6.97235e+15 5.9891e+17 2.06332e+18 4.11481e+18 6.36727e+18 8.4302e+18 9.98353e+18 1.08126e+19 1.08126e+19 9.98353e+18 8.4302e+18 6.36727e+18 4.11481e+18 2.06332e+18 5.9891e+17 6.97235e+15 1.44856e+14 3.57294e+12 8.86648e+10 2.20314e+09 5.22055e+07
1.51714e+08 6.67873e+09 2.81341e+11 1.18637e+13 5.01324e+14 2.47668e+16 2.07251e+18 7.12255e+18 1.41841e+19 2.19252e+19 2.90056e+19 3.43316e+19 3.71724e+19 3.71724e+19 3.43316e+19 2.90056e+19 2.19252e+19 1.41841e+19 7.12255e+18 2.07251e+18 2.47668e+16 5.01324e+14 1.18637e+13 2.81341e+11 6.67873e+09 1.51714e+08
2.96338e+08 1.31518e+10 5.58042e+11 2.36626e+13 1.00341e+15 4.96029e+16 4.13365e+18 1.41862e+19 2.82039e+19 4.35205e+19 5.74832e+19 6.79561e+19 7.35315e+19 7.35315e+19 6.79561e+19 5.74832e+19 4.35205e+19 2.82039e+19 1.41862e+19 4.13365e+18 4.96029e+16 1.00341e+15 2.36626e+13 5.58042e+11 1.31518e+10 2.96338e+08
4.56574e+08 2.02776e+10 8.60589e+11 3.64799e+13 1.54568e+15 7.63568e+16 6.38844e+18 2.19018e+19 4.3468e+19 6.69413e+19 8.82538e+19 1.04184e+20 1.12644e+20 1.12644e+20 1.04184e+20 8.82538e+19 6.69413e+19 4.3468e+19 2.19018e+19 6.38844e+18 7.63568e+16 1.54568e+15 3.64799e+13 8.60589e+11 2.02776e+10 4.56574e+08
6.02375e+08 2.67314e+10 1.13332e+12 4.79829e+13 2.03034e+15 1.00242e+17 8.44428e+18 2.89279e+19 5.73222e+19 8.81134e+19 1.15962e+20 1.36706e+20 1.47698e+20 1.47698e+20 1.36706e+20 1.15962e+20 8.81134e+19 5.73222e+19 2.89279e+19 8.44428e+18 1.00242e+17 2.03034e+15 4.79829e+13 1.13332e+12 2.67314e+10 6.02375e+08
7.1094e+08 3.15209e+10 1.33502e+12 5.64615e+13 2.38638e+15 1.17778e+17 9.9858e+18 3.41914e+19 6.76712e+19 1.03873e+20 1.36517e+20 1.60768e+20 1.73594e+20 1.73594e+20 1.60768e+20 1.36517e+20 1.03873e+20 6.76712e+19 3.41914e+19 9.9858e+18 1.17778e+17 2.38638e+15 5.64615e+13 1.33502e+12 3.15209e+10 7.1094e+08
7.68345e+08 3.40481e+10 1.44122e+12 6.0915e+13 2.57295e+15 1.26965e+17 1.08061e+19 3.69907e+19 7.31646e+19 1.12219e+20 1.47376e+20 1.73456e+20 1.87236e+20 1.87236e+20 1.73456e+20 1.47376e+20 1.12219e+20 7.31646e+19 3.69907e+19 1.08061e+19 1.26965e+17 2.57295e+15 6.0915e+13 1.44122e+12 3.40481e+10 7.68345e+08
7.68345e+08 3.40481e+10 1.44122e+12 6.0915e+13 2.57295e+15 1.26965e+17 1.08061e+19 3.69907e+19 7.31646e+19 1.12219e+20 1.47376e+20 1.73456e+20 1.87236e+20 1.87236e+20 1.73456e+20 1.47376e+20 1.12219e+20 7.31646e+19 3.69907e+19 1.08061e+19 1.26965e+17 2.57295e+15 6.0915e+13 1.44122e+12 3.40481e+10 7.68345e+08
7.1094e+08 3.15209e+10 1.33502e+12 5.64615e+13 2.38638e+15 1.17778e+17 9.9858e+18 3.41914e+19 6.76712e+19 1.03873e+20 1.36517e+20 1.60768e+20 1.73594e+20 1.73594e+20 1.60768e+20 1.36517e+20 1.03873e+20 6.76712e+19 3.41914e+19 9.9858e+18 1.17778e+17 2.38638e+15 5.64615e+13 1.33502e+12 3.15209e+10 7.1094e+08
6.02375e+08 2.67314e+10 1.13332e+12 4.79829e+13 2.03034e+15 1.00242e+17 8.44428e+18 2.89279e+19 5.73222e+19 8.81134e+19 1.15962e+20 1.36706e+20 1.47698e+20 1.47698e+20 1.36706e+20 1.15962e+20 8.81134e+19 5.73222e+19 2.89279e+19 8.44428e+18 1.00242e+17 2.03034e+15 4.79829e+13 1.13332e+12 2.67314e+10 6.02375e+08
4.56574e+08 2.02776e+10 8.60589e+11 3.64799e+13 1.54568e+15 7.63568e+16 6.38844e+18 2.19018e+19 4.3468e+19 6.69413e+19 8.82538e+19 1.04184e+20 1.12644e+20 1.12644e+20 1.04184e+20 8.82538e+19 6.69413e+19 4.3468e+19 2.19018e+19 6.38844e+18 7.63568e+16 1.54568e+15 3.64799e+13 8.60589e+11 2.02776e+10 4.56574e+08
2.96338e+08 1.31518e+10 5.58042e+11 2.36626e+13 1.00341e+15 4.96029e+16 4.13365e+18 1.41862e+19 2.82039e+19 4.35205e+19 5.74832e+19 6.79561e+19 7.35315e+19 7.35315e+19 6.79561e+19 5.74832e+19 4.35205e+19 2.82039e+19 1.41862e+19 4.13365e+18 4.96029e+16 1.00341e+15 2.36626e+13 5.58042e+11 1.31518e+10 2.96338e+08
1.51714e+08 6.67873e+09 2.81341e+11 1.18637e+13 5.01324e+14 2.47668e+16 2.07251e+18 7.12255e+18 1.41841e+19 2.19252e+19 2.90056e+19 3.43316e+19 3.71724e+19 3.71724e+19 3.43316e+19 2.90056e+19 2.19252e+19 1.41841e+19 7.12255e+18 2.07251e+18 2.47668e+16 5.01324e+14 1.18637e+13 2.81341e+11 6.67873e+09 1.51714e+08
5.22055e+07 2.20314e+09 8.86648e+10 3.57294e+12 1.44856e+14 6.97235e+15 5.9891e+17 2.06332e+18 4.11481e+18 6.36727e+18 8.4302e+18 9.98353e+18 1.08126e+19 1.08126e+19 9.98353e+18 8.4302e+18 6.36727e+18 4.11481e+18 2.06332e+18 5.9891e+17 6.97235e+15 1.44856e+14 3.57294e+12 8.86648e+10 2.20314e+09 5.22055e+07
9.1668e+06 3.19568e+08 9.7712e+09 2.61408e+11 5.36594e+12 8.15038e+13 6.30737e+15 2.23851e+16 4.48711e+16 6.91636e+16 9.09223e+16 1.06945e+17 1.15357e+17 1.15357e+17 1.06945e+17 9.09223e+16 6.91636e+16 4.48711e+16 2.23851e+16 6.30737e+15 8.15038e+13 5.36594e+12 2.61408e+11 9.7712e+09 3.19568e+08 9.1668e+06
1.01207e+06 2.88376e+07 6.84195e+08 1.37212e+10 2.30922e+11 4.63271e+12 1.26266e+14 4.37914e+14 8.77614e+14 1.35336e+15 1.7793e+15 2.09266e+15 2.25704e+15 2.25704e+15 2.09266e+15 1.7793e+15 1.35336e+15 8.77614e+14 4.37914e+14 1.26266e+14 4.63271e+12 2.30922e+11 1.37212e+10 6.84195e+08 2.88376e+07 1.01207e+06
83931.9 2.03357e+06 4.08089e+07 7.30826e+08 1.25808e+10 2.26432e+11 3.11364e+12 1.03596e+13 2.06885e+13 3.19282e+13 4.20322e+13 4.94904e+13 5.34117e+13 5.34117e+13 4.94904e+13 4.20322e+13 3.19282e+13 2.06885e+13 1.03596e+13 3.11364e+12 2.26432e+11 1.25808e+10 7.30826e+08 4.08089e+07 2.03357e+06 83931.9
5851.5 126224 2.28694e+06 3.83492e+07 6.084e+08 8.47849e+09 7.72499e+10 2.45586e+11 4.87721e+11 7.52908e+11 9.92343e+11 1.16967e+12 1.26312e+12 1.26312e+12 1.16967e+12 9.92343e+11 7.52908e+11 4.87721e+11 2.45586e+11 7.72499e+10 8.47849e+09 6.084e+08 3.83492e+07 2.28694e+06 126224 5851.5
363.595 7199.27 120244 1.8469e+06 2.53441e+07 2.77538e+08 1.91908e+09 5.82789e+09 1.14901e+10 1.77332e+10 2.33962e+10 2.76044e+10 2.9827e+10 2.9827e+10 2.76044e+10 2.33962e+10 1.77332e+10 1.14901e+10 5.82789e+09 1.91908e+09 2.77538e+08 2.53441e+07 1.8469e+06 120244 7199.27 363.595
18.9377 350.133 5405.27 74906.2 884963 7.96466e+06 4.54648e+07 1.32342e+08 2.58802e+08 3.99126e+08 5.26999e+08 6.22337e+08 6.72793e+08 6.72793e+08 6.22337e+08 5.26999e+08 3.99126e+08 2.58802e+08 1.32342e+08 4.54648e+07 7.96466e+06 884963 74906.2 5405.27 350.133 18.9377
