0.0419031 0.792298 12.6687 183.316 2260.36 21071.9 123554 369097 744056 1.18544e+06 1.6133e+06 1.9501e+06 2.1351e+06 2.1351e+06 1.9501e+06 1.6133e+06 1.18544e+06 744056 369097 123554 21071.9 2260.36 183.316 12.6687 0.792298 0.0419031
0.801749 16.0983 276.676 4443.68 64204.2 734682 5.23714e+06 1.63409e+07 3.32631e+07 5.31282e+07 7.2365e+07 8.75041e+07 9.58199e+07 9.58199e+07 8.75041e+07 7.2365e+07 5.31282e+07 3.32631e+07 1.63409e+07 5.23714e+06 734682 64204.2 4443.68 276.676 16.0983 0.80175
12.9885 280.891 5157.36 89674.2 1.51096e+06 2.23484e+07 2.11283e+08 6.9097e+08 1.41911e+09 2.27145e+09 3.09616e+09 3.74512e+09 4.10158e+09 4.10158e+09 3.74512e+09 3.09616e+09 2.27145e+09 1.41911e+09 6.9097e+08 2.11283e+08 2.23484e+07 1.51096e+06 89674.2 5157.36 280.891 12.9885
190.057 4579.06 91393.6 1.65172e+06 2.99835e+07 5.88926e+08 8.51801e+09 2.91906e+10 6.03886e+10 9.6816e+10 1.32046e+11 1.59767e+11 1.74994e+11 1.74994e+11 1.59767e+11 1.32046e+11 9.6816e+10 6.03886e+10 2.91906e+10 8.51801e+09 5.88926e+08 2.99835e+07 1.65172e+06 91393.6 4579.06 190.057
2361.99 66902.3 1.56636e+06 3.07519e+07 5.13848e+08 1.15835e+10 3.44923e+11 1.2337e+12 2.5657e+12 4.11825e+12 5.61953e+12 6.80089e+12 7.44979e+12 7.44979e+12 6.80089e+12 5.61953e+12 4.11825e+12 2.5657e+12 1.2337e+12 3.44923e+11 1.15835e+10 5.13848e+08 3.07519e+07 1.56636e+06 66902.3 2361.99
22129.8 770795 2.34071e+07 6.14884e+08 1.20075e+10 1.71122e+11 1.69459e+13 6.20847e+13 1.29167e+14 2.07211e+14 2.8264e+14 3.41981e+14 3.74573e+14 3.74573e+14 3.41981e+14 2.8264e+14 2.07211e+14 1.29167e+14 6.20847e+13 1.69459e+13 1.71122e+11 1.20075e+10 6.14884e+08 2.34071e+07 770795 22129.8
130150 5.51704e+06 2.22591e+08 8.97476e+09 3.63471e+11 1.77492e+13 1.61585e+15 5.67876e+15 1.16073e+16 1.84427e+16 2.50183e+16 3.01807e+16 3.3014e+16 3.3014e+16 3.01807e+16 2.50183e+16 1.84427e+16 1.16073e+16 5.67876e+15 1.61585e+15 1.77492e+13 3.63471e+11 8.97476e+09 2.22591e+08 5.51704e+06 130150
389000 1.72249e+07 7.28476e+08 3.07808e+10 1.30115e+12 6.51078e+13 5.69622e+15 1.99597e+16 4.07451e+16 6.46931e+16 8.7723e+16 1.05801e+17 1.15722e+17 1.15722e+17 1.05801e+17 8.7723e+16 6.46931e+16 4.07451e+16 1.99597e+16 5.69622e+15 6.51078e+13 1.30115e+12 3.07808e+10 7.28476e+08 1.72249e+07 389000
783824 3.50465e+07 1.49546e+09 6.36487e+10 2.70471e+12 1.35414e+14 1.16523e+16 4.07787e+16 8.31971e+16 1.32053e+17 1.79028e+17 2.15899e+17 2.36133e+17 2.36133e+17 2.15899e+17 1.79028e+17 1.32053e+17 8.31971e+16 4.07787e+16 1.16523e+16 1.35414e+14 2.70471e+12 6.36487e+10 1.49546e+09 3.50465e+07 783824
1.24772e+06 5.5927e+07 2.39146e+09 1.01947e+11 4.33719e+12 2.17046e+14 1.85146e+16 6.47502e+16 1.32062e+17 2.09573e+17 2.84089e+17 3.42572e+17 3.74667e+17 3.74667e+17 3.42572e+17 2.84089e+17 2.09573e+17 1.32062e+17 6.47502e+16 1.85146e+16 2.17046e+14 4.33719e+12 1.01947e+11 2.39146e+09 5.5927e+07 1.24772e+06
1.69642e+06 7.61013e+07 3.2564e+09 1.38896e+11 5.9118e+12 2.9575e+14 2.51081e+16 8.77766e+16 1.78994e+17 2.84016e+17 3.8497e+17 4.64199e+17 5.07677e+17 5.07677e+17 4.64199e+17 3.8497e+17 2.84016e+17 1.78994e+17 8.77766e+16 2.51081e+16 2.9575e+14 5.9118e+12 1.38896e+11 3.2564e+09 7.61013e+07 1.69642e+06
2.04889e+06 9.19445e+07 3.93551e+09 1.67904e+11 7.14792e+12 3.57524e+14 3.02778e+16 1.05829e+17 2.15786e+17 3.42373e+17 4.64049e+17 5.59535e+17 6.11934e+17 6.11934e+17 5.59535e+17 4.64049e+17 3.42373e+17 2.15786e+17 1.05829e+17 3.02778e+16 3.57524e+14 7.14792e+12 1.67904e+11 3.93551e+09 9.19445e+07 2.04889e+06
2.24222e+06 1.00634e+08 4.30795e+09 1.83812e+11 7.82575e+12 3.91396e+14 3.31124e+16 1.15728e+17 2.35959e+17 3.7437e+17 5.07406e+17 6.11805e+17 6.69094e+17 6.69094e+17 6.11805e+17 5.07406e+17 3.7437e+17 2.35959e+17 1.15728e+17 3.31124e+16 3.91396e+14 7.82575e+12 1.83812e+11 4.30795e+09 1.00634e+08 2.24222e+06
2.24222e+06 1.00634e+08 4.30795e+09 1.83812e+11 7.82575e+12 3.91396e+14 3.31124e+16 1.15728e+17 2.35959e+17 3.7437e+17 5.07406e+17 6.11805e+17 6.69094e+17 6.69094e+17 6.11805e+17 5.07406e+17 3.7437e+17 2.35959e+17 1.15728e+17 3.31124e+16 3.91396e+14 7.82575e+12 1.83812e+11 4.30795e+09 1.00634e+08 2.24222e+06
2.04889e+06 9.19445e+07 3.93551e+09 1.67904e+11 7.14792e+12 3.57524e+14 3.02778e+16 1.05829e+17 2.15786e+17 3.42373e+17 4.64049e+17 5.59535e+17 6.11934e+17 6.11934e+17 5.59535e+17 4.64049e+17 3.42373e+17 2.15786e+17 1.05829e+17 3.02778e+16 3.57524e+14 7.14792e+12 1.67904e+11 3.93551e+09 9.19445e+07 2.04889e+06
1.69642e+06 7.61013e+07 3.2564e+09 1.38896e+11 5.9118e+12 2.9575e+14 2.51081e+16 8.77766e+16 1.78994e+17 2.84016e+17 3.8497e+17 4.64199e+17 5.07677e+17 5.07677e+17 4.64199e+17 3.8497e+17 2.84016e+17 1.78994e+17 8.77766e+16 2.51081e+16 2.9575e+14 5.9118e+12 1.38896e+11 3.2564e+09 7.61013e+07 1.69642e+06
1.24772e+06 5.5927e+07 2.39146e+09 1.01947e+11 4.33719e+12 2.17046e+14 1.85146e+16 6.47502e+16 1.32062e+17 2.09573e+17 2.84089e+17 3.42572e+17 3.74667e+17 3.74667e+17 3.42572e+17 2.84089e+17 2.09573e+17 1.32062e+17 6.47502e+16 1.85146e+16 2.17046e+14 4.33719e+12 1.01947e+11 2.39146e+09 5.5927e+07 1.24772e+06
783824 3.50465e+07 1.49546e+09 6.36487e+10 2.70471e+12 1.35414e+14 1.16523e+16 4.07787e+16 8.31971e+16 1.32053e+17 1.79028e+17 2.15899e+17 2.36133e+17 2.36133e+17 2.15899e+17 1.79028e+17 1.32053e+17 8.31971e+16 4.07787e+16 1.16523e+16 1.35414e+14 2.70471e+12 6.36487e+10 1.49546e+09 3.50465e+07 783824
389000 1.72249e+07 7.28476e+08 3.07808e+10 1.30115e+12 6.51078e+13 5.69622e+15 1.99597e+16 4.07451e+16 6.46931e+16 8.7723e+16 1.05801e+17 1.15722e+17 1.15722e+17 1.05801e+17 8.7723e+16 6.46931e+16 4.07451e+16 1.99597e+16 5.69622e+15 6.51078e+13 1.30115e+12 3.07808e+10 7.28476e+08 1.72249e+07 389000
130150 5.51704e+06 2.22591e+08 8.97476e+09 3.63471e+11 1.77492e+13 1.61585e+15 5.67876e+15 1.16073e+16 1.84427e+16 2.50183e+16 3.01807e+16 3.3014e+16 3.3014e+16 3.01807e+16 2.50183e+16 1.84427e+16 1.16073e+16 5.67876e+15 1.61585e+15 1.77492e+13 3.63471e+11 8.97476e+09 2.22591e+08 5.51704e+06 130150
22129.8 770795 2.34071e+07 6.14884e+08 1.20075e+10 1.71122e+11 1.69459e+13 6.20847e+13 1.29167e+14 2.07211e+14 2.8264e+14 3.41981e+14 3.74573e+14 3.74573e+14 3.41981e+14 2.8264e+14 2.07211e+14 1.29167e+14 6.20847e+13 1.69459e+13 1.71122e+11 1.20075e+10 6.14884e+08 2.34071e+07 770795 22129.8
2361.99 66902.3 1.56636e+06 3.07519e+07 5.13848e+08 1.15835e+10 3.44923e+11 1.2337e+12 2.5657e+12 4.11825e+12 5.61953e+12 6.80089e+12 7.44979e+12 7.44979e+12 6.80089e+12 5.61953e+12 4.11825e+12 2.5657e+12 1.2337e+12 3.44923e+11 1.15835e+10 5.13848e+08 3.07519e+07 1.56636e+06 66902.3 2361.99
190.057 4579.06 91393.6 1.65172e+06 2.99835e+07 5.88926e+08 8.51801e+09 2.91906e+10 6.03886e+10 9.6816e+10 1.32046e+11 1.59767e+11 1.74994e+11 1.74994e+11 1.59767e+11 1.32046e+11 9.6816e+10 6.03886e+10 2.91906e+10 8.51801e+09 5.88926e+08 2.99835e+07 1.65172e+06 91393.6 4579.06 190.057
12.9885 280.891 5157.36 89674.2 1.51096e+06 2.23484e+07 2.11283e+08 6.9097e+08 1.41911e+09 2.27145e+09 3.09616e+09 3.74512e+09 4.10158e+09 4.10158e+09 3.74512e+09 3.09616e+09 2.27145e+09 1.41911e+09 6.9097e+08 2.11283e+08 2.23484e+07 1.51096e+06 89674.2 5157.36 280.891 12.9885
0.80175 16.0983 276.676 4443.68 64204.2 734682 5.23714e+06 1.63409e+07 3.32631e+07 5.31282e+07 7.2365e+07 8.75041e+07 9.58199e+07 9.58199e+07 8.75041e+07 7.2365e+07 5.31282e+07 3.32631e+07 1.63409e+07 5.23714e+06 734682 64204.2 4443.68 276.676 16.0983 0.80175
0.0419031 0.792298 12.6687 183.316 2260.36 21071.9 123554 369097 744056 1.18544e+06 1.6133e+06 1.9501e+06 2.1351e+06 2.1351e+06 1.9501e+06 1.6133e+06 1.18544e+06 744056 369097 123554 21071.9 2260.36 183.316 12.6687 0.792298 0.0419031
