1.37889e-05 0.000259701 0.00413968 0.0597677 0.735528 6.84299 40.0474 119.541 241.117 384.873 525.164 636.386 697.81 697.81 636.386 525.164 384.873 241.117 119.541 40.0474 6.84299 0.735528 0.0597677 0.00413968 0.000259701 1.37889e-05
0.000262367 0.00524162 0.089733 1.43782 20.7428 236.98 1686.23 5256.03 10702.8 17125.2 23387.7 28353 31095.8 31095.8 28353 23387.7 17125.2 10702.8 5256.03 1686.23 236.98 20.7428 1.43782 0.089733 0.00524162 0.000262367
0.00422979 0.0909073 1.66048 28.7872 484.631 7164.24 67637.5 220928 453811 727629 994493 1.20613e+06 1.32307e+06 1.32307e+06 1.20613e+06 994493 727629 453811 220928 67637.5 7164.24 484.631 28.7872 1.66048 0.0909073 0.00422979
0.0616748 1.47557 29.2588 526.323 9544.64 187748 2.7146e+06 9.28929e+06 1.92167e+07 3.0861e+07 4.22079e+07 5.12101e+07 5.6186e+07 5.6186e+07 5.12101e+07 4.22079e+07 3.0861e+07 1.92167e+07 9.28929e+06 2.7146e+06 187748 9544.64 526.323 29.2588 1.47557 0.0616748
0.764574 21.502 499.914 9751.12 162190 3.67088e+06 1.09567e+08 3.91218e+08 8.13437e+08 1.30788e+09 1.78982e+09 2.17238e+09 2.38392e+09 2.38392e+09 2.17238e+09 1.78982e+09 1.30788e+09 8.13437e+08 3.91218e+08 1.09567e+08 3.67088e+06 162190 9751.12 499.914 21.502 0.764574
7.14998 247.325 7462.44 194862 3.77891e+06 5.34744e+07 5.36804e+09 1.96256e+10 4.08072e+10 6.55562e+10 8.96614e+10 1.08788e+11 1.19362e+11 1.19362e+11 1.08788e+11 8.96614e+10 6.55562e+10 4.08072e+10 1.96256e+10 5.36804e+09 5.34744e+07 3.77891e+06 194862 7462.44 247.325 7.14998
41.9938 1768.2 70927 2.84675e+06 1.14912e+08 5.60539e+09 5.11317e+11 1.79224e+12 3.65598e+12 5.80447e+12 7.876e+12 9.50775e+12 1.04059e+13 1.04059e+13 9.50775e+12 7.876e+12 5.80447e+12 3.65598e+12 1.79224e+12 5.11317e+11 5.60539e+09 1.14912e+08 2.84675e+06 70927 1768.2 41.9938
125.477 5517.69 231957 9.75443e+06 4.10867e+08 2.05247e+10 1.79781e+12 6.28301e+12 1.27996e+13 2.03046e+13 2.75355e+13 3.32283e+13 3.63606e+13 3.63606e+13 3.32283e+13 2.75355e+13 2.03046e+13 1.27996e+13 6.28301e+12 1.79781e+12 2.05247e+10 4.10867e+08 9.75443e+06 231957 5517.69 125.477
253.116 11236.9 476526 2.01815e+07 8.544e+08 4.26855e+10 3.67142e+12 1.28141e+13 2.60894e+13 4.13716e+13 5.60912e+13 6.76774e+13 7.40514e+13 7.40514e+13 6.76774e+13 5.60912e+13 4.13716e+13 2.60894e+13 1.28141e+13 3.67142e+12 4.26855e+10 8.54401e+08 2.01815e+07 476526 11236.9 253.116
403.93 17975.5 763865 3.24024e+07 1.3734e+09 6.85611e+10 5.83192e+12 2.03381e+13 4.13934e+13 6.56255e+13 8.89609e+13 1.07326e+14 1.17429e+14 1.17429e+14 1.07326e+14 8.89609e+13 6.56255e+13 4.13934e+13 2.03381e+13 5.83192e+12 6.85611e+10 1.3734e+09 3.24024e+07 763865 17975.5 403.93
550.973 24540.2 1.04364e+06 4.42997e+07 1.87878e+09 9.37406e+10 7.91496e+12 2.75874e+13 5.61343e+13 8.89825e+13 1.20611e+14 1.45501e+14 1.59192e+14 1.59192e+14 1.45501e+14 1.20611e+14 8.89825e+13 5.61343e+13 2.75874e+13 7.91496e+12 9.37406e+10 1.87878e+09 4.42997e+07 1.04364e+06 24540.2 550.973
667.446 29740.4 1.26531e+06 5.37297e+07 2.27956e+09 1.13702e+11 9.55549e+12 3.3294e+13 6.77358e+13 1.07363e+14 1.45515e+14 1.75537e+14 1.92051e+14 1.92051e+14 1.75537e+14 1.45515e+14 1.07363e+14 6.77358e+13 3.3294e+13 9.55549e+12 1.13702e+11 2.27956e+09 5.37297e+07 1.26531e+06 29740.4 667.446
731.731 32611.1 1.38771e+06 5.89386e+07 2.50102e+09 1.2473e+11 1.04583e+13 3.64333e+13 7.41173e+13 1.17472e+14 1.59212e+14 1.92056e+14 2.10122e+14 2.10122e+14 1.92056e+14 1.59212e+14 1.17472e+14 7.41173e+13 3.64333e+13 1.04583e+13 1.2473e+11 2.50102e+09 5.89386e+07 1.38771e+06 32611.1 731.731
731.731 32611.1 1.38771e+06 5.89386e+07 2.50102e+09 1.2473e+11 1.04583e+13 3.64333e+13 7.41173e+13 1.17472e+14 1.59212e+14 1.92056e+14 2.10122e+14 2.10122e+14 1.92056e+14 1.59212e+14 1.17472e+14 7.41173e+13 3.64333e+13 1.04583e+13 1.2473e+11 2.50102e+09 5.89386e+07 1.38771e+06 32611.1 731.731
667.446 29740.4 1.26531e+06 5.37297e+07 2.27956e+09 1.13702e+11 9.55549e+12 3.3294e+13 6.77358e+13 1.07363e+14 1.45515e+14 1.75537e+14 1.92051e+14 1.92051e+14 1.75537e+14 1.45515e+14 1.07363e+14 6.77358e+13 3.3294e+13 9.55549e+12 1.13702e+11 2.27956e+09 5.37297e+07 1.26531e+06 29740.4 667.446
550.973 24540.2 1.04364e+06 4.42997e+07 1.87878e+09 9.37406e+10 7.91496e+12 2.75874e+13 5.61343e+13 8.89825e+13 1.20611e+14 1.45501e+14 1.59192e+14 1.59192e+14 1.45501e+14 1.20611e+14 8.89825e+13 5.61343e+13 2.75874e+13 7.91496e+12 9.37406e+10 1.87878e+09 4.42997e+07 1.04364e+06 24540.2 550.973
403.93 17975.5 763865 3.24024e+07 1.3734e+09 6.85611e+10 5.83192e+12 2.03381e+13 4.13934e+13 6.56255e+13 8.89609e+13 1.07326e+14 1.17429e+14 1.17429e+14 1.07326e+14 8.89609e+13 6.56255e+13 4.13934e+13 2.03381e+13 5.83192e+12 6.85611e+10 1.3734e+09 3.24024e+07 763865 17975.5 403.93
253.116 11236.9 476526 2.01815e+07 8.544e+08 4.26855e+10 3.67142e+12 1.28141e+13 2.60894e+13 4.13716e+13 5.60912e+13 6.76774e+13 7.40514e+13 7.40514e+13 6.76774e+13 5.60912e+13 4.13716e+13 2.60894e+13 1.28141e+13 3.67142e+12 4.26855e+10 8.544e+08 2.01815e+07 476526 11236.9 253.116
125.477 5517.69 231957 9.75443e+06 4.10867e+08 2.05247e+10 1.79781e+12 6.28301e+12 1.27996e+13 2.03046e+13 2.75355e+13 3.32283e+13 3.63606e+13 3.63606e+13 3.32283e+13 2.75355e+13 2.03046e+13 1.27996e+13 6.28301e+12 1.79781e+12 2.05247e+10 4.10867e+08 9.75443e+06 231957 5517.69 125.477
41.9938 1768.2 70927 2.84675e+06 1.14912e+08 5.60539e+09 5.11317e+11 1.79224e+12 3.65598e+12 5.80447e+12 7.876e+12 9.50775e+12 1.04059e+13 1.04059e+13 9.50775e+12 7.876e+12 5.80447e+12 3.65598e+12 1.79224e+12 5.11317e+11 5.60539e+09 1.14912e+08 2.84675e+06 70927 1768.2 41.9938
7.14998 247.325 7462.44 194862 3.77891e+06 5.34744e+07 5.36804e+09 1.96256e+10 4.08072e+10 6.55562e+10 8.96614e+10 1.08788e+11 1.19362e+11 1.19362e+11 1.08788e+11 8.96614e+10 6.55562e+10 4.08072e+10 1.96256e+10 5.36804e+09 5.34744e+07 3.77891e+06 194862 7462.44 247.325 7.14998
0.764574 21.502 499.914 9751.12 162190 3.67088e+06 1.09567e+08 3.91218e+08 8.13437e+08 1.30788e+09 1.78982e+09 2.17238e+09 2.38392e+09 2.38392e+09 2.17238e+09 1.78982e+09 1.30788e+09 8.13437e+08 3.91218e+08 1.09567e+08 3.67088e+06 162190 9751.12 499.914 21.502 0.764574
0.0616748 1.47557 29.2588 526.323 9544.64 187748 2.7146e+06 9.28929e+06 1.92167e+07 3.0861e+07 4.22079e+07 5.12101e+07 5.6186e+07 5.6186e+07 5.12101e+07 4.22079e+07 3.0861e+07 1.92167e+07 9.28929e+06 2.7146e+06 187748 9544.64 526.323 29.2588 1.47557 0.0616748
0.00422979 0.0909073 1.66048 28.7872 484.631 7164.24 67637.5 220928 453811 727629 994493 1.20613e+06 1.32307e+06 1.32307e+06 1.20613e+06 994493 727629 453811 220928 67637.5 7164.24 484.631 28.7872 1.66048 0.0909073 0.00422979
0.000262367 0.00524162 0.089733 1.43782 20.7428 236.98 1686.23 5256.03 10702.8 17125.2 23387.7 28353 31095.8 31095.8 28353 23387.7 17125.2 10702.8 5256.03 1686.23 236.98 20.7428 1.43782 0.089733 0.00524162 0.000262367
1.37889e-05 0.000259701 0.00413968 0.0597677 0.735528 6.843 40.0474 119.541 241.117 384.873 525.164 636.386 697.81 697.81 636.386 525.164 384.873 241.117 119.541 40.0474 6.84299 0.735528 0.0597677 0.00413968 0.000259701 1.37889e-05
