19.3791 357.962 5519.45 76380.2 900942 8.09348e+06 4.60835e+07 1.33556e+08 2.5968e+08 3.9799e+08 5.22477e+08 6.14282e+08 6.62504e+08 6.62504e+08 6.14282e+08 5.22477e+08 3.9799e+08 2.5968e+08 1.33556e+08 4.60835e+07 8.09348e+06 900942 76380.2 5519.45 357.961 19.3791
371.811 7356.24 122737 1.88273e+06 2.57968e+07 2.82009e+08 1.94551e+09 5.88192e+09 1.15281e+10 1.76773e+10 2.3184e+10 2.72301e+10 2.93503e+10 2.93503e+10 2.72301e+10 2.3184e+10 1.76773e+10 1.15281e+10 5.88192e+09 1.94551e+09 2.82009e+08 2.57968e+07 1.88273e+06 122737 7356.24 371.811
5978.18 128881 2.3332e+06 3.90823e+07 6.19164e+08 8.61475e+09 7.83331e+10 2.479e+11 4.893e+11 7.5031e+11 9.82846e+11 1.15306e+12 1.24203e+12 1.24203e+12 1.15306e+12 9.82846e+11 7.5031e+11 4.893e+11 2.479e+11 7.83331e+10 8.61475e+09 6.19164e+08 3.90823e+07 2.3332e+06 128881 5978.18
85650.8 2.07437e+06 4.16058e+07 7.44548e+08 1.28022e+10 2.30075e+11 3.15845e+12 1.04596e+13 2.07554e+13 3.18098e+13 4.16104e+13 4.87573e+13 5.24837e+13 5.24837e+13 4.87573e+13 4.16104e+13 3.18098e+13 2.07554e+13 1.04596e+13 3.15845e+12 2.30075e+11 1.28022e+10 7.44548e+08 4.16058e+07 2.07437e+06 85650.8
1.03137e+06 2.93802e+07 6.96867e+08 1.39706e+10 2.34981e+11 4.70783e+12 1.2815e+14 4.42294e+14 8.80515e+14 1.34808e+15 1.76072e+15 2.06051e+15 2.21641e+15 2.21641e+15 2.06051e+15 1.76072e+15 1.34808e+15 8.80515e+14 4.42294e+14 1.2815e+14 4.70783e+12 2.34981e+11 1.39706e+10 6.96867e+08 2.93802e+07 1.03137e+06
9.32562e+06 3.25078e+08 9.93901e+09 2.6589e+11 5.45811e+12 8.28889e+13 6.40672e+15 2.26295e+16 4.50667e+16 6.89814e+16 9.01104e+16 1.05487e+17 1.13496e+17 1.13496e+17 1.05487e+17 9.01104e+16 6.89814e+16 4.50667e+16 2.26295e+16 6.40672e+15 8.28889e+13 5.45811e+12 2.6589e+11 9.93901e+09 3.25078e+08 9.32562e+06
5.29793e+07 2.23612e+09 9.0013e+10 3.62853e+12 1.47184e+14 7.08896e+15 6.0849e+17 2.09003e+18 4.1512e+18 6.3962e+18 8.4366e+18 9.96352e+18 1.07752e+19 1.07752e+19 9.96352e+18 8.4366e+18 6.3962e+18 4.1512e+18 2.09003e+18 6.0849e+17 7.08896e+15 1.47184e+14 3.62853e+12 9.0013e+10 2.23612e+09 5.29793e+07
1.533e+08 6.74907e+09 2.84343e+11 1.1993e+13 5.0695e+14 2.50602e+16 2.09894e+18 7.19317e+18 1.42691e+19 2.19667e+19 2.89562e+19 3.41833e+19 3.69611e+19 3.69611e+19 3.41833e+19 2.89562e+19 2.19667e+19 1.42691e+19 7.19317e+18 2.09894e+18 2.50602e+16 5.0695e+14 1.1993e+13 2.84343e+11 6.74907e+09 1.533e+08
2.97746e+08 1.32129e+10 5.60589e+11 2.37701e+13 1.00803e+15 4.98608e+16 4.168e+18 1.42665e+19 2.82565e+19 4.34286e+19 5.71628e+19 6.74072e+19 7.28418e+19 7.28418e+19 6.74072e+19 5.71628e+19 4.34286e+19 2.82565e+19 1.42665e+19 4.168e+18 4.98608e+16 1.00803e+15 2.37701e+13 5.60589e+11 1.32129e+10 2.97746e+08
4.55934e+08 2.02428e+10 8.5884e+11 3.63959e+13 1.5418e+15 7.62124e+16 6.41168e+18 2.19278e+19 4.33603e+19 6.65187e+19 8.74039e+19 1.02932e+20 1.11152e+20 1.11152e+20 1.02932e+20 8.74039e+19 6.65187e+19 4.33603e+19 2.19278e+19 6.41168e+18 7.62124e+16 1.5418e+15 3.63959e+13 8.5884e+11 2.02428e+10 4.55934e+08
5.98131e+08 2.65296e+10 1.12418e+12 4.75732e+13 2.01216e+15 9.9413e+16 8.44023e+18 2.88487e+19 5.69628e+19 8.72357e+19 1.14439e+20 1.34602e+20 1.45252e+20 1.45252e+20 1.34602e+20 1.14439e+20 8.72357e+19 5.69628e+19 2.88487e+19 8.44023e+18 9.9413e+16 2.01216e+15 4.75732e+13 1.12418e+12 2.65296e+10 5.98131e+08
7.02882e+08 3.11437e+10 1.31818e+12 5.5714e+13 2.35344e+15 1.16243e+17 9.95091e+18 3.39999e+19 6.70608e+19 1.02566e+20 1.34382e+20 1.57906e+20 1.70312e+20 1.70312e+20 1.57906e+20 1.34382e+20 1.02566e+20 6.70608e+19 3.39999e+19 9.95091e+18 1.16243e+17 2.35344e+15 5.5714e+13 1.31818e+12 3.11437e+10 7.02882e+08
7.57863e+08 3.35598e+10 1.41951e+12 5.99552e+13 2.53078e+15 1.24988e+17 1.07513e+19 3.67281e+19 7.23998e+19 1.10653e+20 1.4488e+20 1.70154e+20 1.83469e+20 1.83469e+20 1.70154e+20 1.4488e+20 1.10653e+20 7.23998e+19 3.67281e+19 1.07513e+19 1.24988e+17 2.53078e+15 5.99552e+13 1.41951e+12 3.35598e+10 7.57863e+08
7.57863e+08 3.35598e+10 1.41951e+12 5.99552e+13 2.53078e+15 1.24988e+17 1.07513e+19 3.67281e+19 7.23998e+19 1.10653e+20 1.4488e+20 1.70154e+20 1.83469e+20 1.83469e+20 1.70154e+20 1.4488e+20 1.10653e+20 7.23998e+19 3.67281e+19 1.07513e+19 1.24988e+17 2.53078e+15 5.99552e+13 1.41951e+12 3.35598e+10 7.57863e+08
7.02882e+08 3.11437e+10 1.31818e+12 5.5714e+13 2.35344e+15 1.16243e+17 9.95091e+18 3.39999e+19 6.70608e+19 1.02566e+20 1.34382e+20 1.57906e+20 1.70312e+20 1.70312e+20 1.57906e+20 1.34382e+20 1.02566e+20 6.70608e+19 3.39999e+19 9.95091e+18 1.16243e+17 2.35344e+15 5.5714e+13 1.31818e+12 3.11437e+10 7.02882e+08
5.98131e+08 2.65296e+10 1.12418e+12 4.75732e+13 2.01216e+15 9.9413e+16 8.44023e+18 2.88487e+19 5.69628e+19 8.72357e+19 1.14439e+20 1.34602e+20 1.45252e+20 1.45252e+20 1.34602e+20 1.14439e+20 8.72357e+19 5.69628e+19 2.88487e+19 8.44023e+18 9.9413e+16 2.01216e+15 4.75732e+13 1.12418e+12 2.65296e+10 5.98131e+08
4.55934e+08 2.02428e+10 8.5884e+11 3.63959e+13 1.5418e+15 7.62124e+16 6.41168e+18 2.19278e+19 4.33603e+19 6.65187e+19 8.74039e+19 1.02932e+20 1.11152e+20 1.11152e+20 1.02932e+20 8.74039e+19 6.65187e+19 4.33603e+19 2.19278e+19 6.41168e+18 7.62124e+16 1.5418e+15 3.63959e+13 8.5884e+11 2.02428e+10 4.55934e+08
2.97746e+08 1.32129e+10 5.60589e+11 2.37701e+13 1.00803e+15 4.98608e+16 4.168e+18 1.42665e+19 2.82565e+19 4.34286e+19 5.71628e+19 6.74072e+19 7.28418e+19 7.28418e+19 6.74072e+19 5.71628e+19 4.34286e+19 2.82565e+19 1.42665e+19 4.168e+18 4.98608e+16 1.00803e+15 2.37701e+13 5.60589e+11 1.32129e+10 2.97746e+08
1.533e+08 6.74907e+09 2.84343e+11 1.1993e+13 5.0695e+14 2.50602e+16 2.09894e+18 7.19317e+18 1.42691e+19 2.19667e+19 2.89562e+19 3.41833e+19 3.69611e+19 3.69611e+19 3.41833e+19 2.89562e+19 2.19667e+19 1.42691e+19 7.19317e+18 2.09894e+18 2.50602e+16 5.0695e+14 1.1993e+13 2.84343e+11 6.74907e+09 1.533e+08
5.29793e+07 2.23612e+09 9.0013e+10 3.62853e+12 1.47184e+14 7.08896e+15 6.0849e+17 2.09003e+18 4.1512e+18 6.3962e+18 8.4366e+18 9.96352e+18 1.07752e+19 1.07752e+19 9.96352e+18 8.4366e+18 6.3962e+18 4.1512e+18 2.09003e+18 6.0849e+17 7.08896e+15 1.47184e+14 3.62853e+12 9.0013e+10 2.23612e+09 5.29793e+07
9.32562e+06 3.25078e+08 9.93901e+09 2.6589e+11 5.45811e+12 8.28889e+13 6.40672e+15 2.26295e+16 4.50667e+16 6.89814e+16 9.01104e+16 1.05487e+17 1.13496e+17 1.13496e+17 1.05487e+17 9.01104e+16 6.89814e+16 4.50667e+16 2.26295e+16 6.40672e+15 8.28889e+13 5.45811e+12 2.6589e+11 9.93901e+09 3.25078e+08 9.32562e+06
1.03137e+06 2.93802e+07 6.96867e+08 1.39706e+10 2.34981e+11 4.70783e+12 1.2815e+14 4.42294e+14 8.80515e+14 1.34808e+15 1.76072e+15 2.06051e+15 2.21641e+15 2.21641e+15 2.06051e+15 1.76072e+15 1.34808e+15 8.80515e+14 4.42294e+14 1.2815e+14 4.70783e+12 2.34981e+11 1.39706e+10 6.96867e+08 2.93802e+07 1.03137e+06
85650.8 2.07437e+06 4.16058e+07 7.44548e+08 1.28022e+10 2.30075e+11 3.15845e+12 1.04596e+13 2.07554e+13 3.18098e+13 4.16104e+13 4.87573e+13 5.24837e+13 5.24837e+13 4.87573e+13 4.16104e+13 3.18098e+13 2.07554e+13 1.04596e+13 3.15845e+12 2.30075e+11 1.28022e+10 7.44548e+08 4.16058e+07 2.07437e+06 85650.8
5978.18 128881 2.3332e+06 3.90823e+07 6.19164e+08 8.61475e+09 7.83331e+10 2.479e+11 4.893e+11 7.5031e+11 9.82846e+11 1.15306e+12 1.24203e+12 1.24203e+12 1.15306e+12 9.82846e+11 7.5031e+11 4.893e+11 2.479e+11 7.83331e+10 8.61475e+09 6.19164e+08 3.90823e+07 2.3332e+06 128881 5978.18
371.811 7356.24 122737 1.88273e+06 2.57968e+07 2.82009e+08 1.94551e+09 5.88192e+09 1.15281e+10 1.76773e+10 2.3184e+10 2.72301e+10 2.93503e+10 2.93503e+10 2.72301e+10 2.3184e+10 1.76773e+10 1.15281e+10 5.88192e+09 1.94551e+09 2.82009e+08 2.57968e+07 1.88273e+06 122737 7356.24 371.811
19.3791 357.962 5519.45 76380.2 900942 8.09348e+06 4.60835e+07 1.33556e+08 2.5968e+08 3.9799e+08 5.22477e+08 6.14282e+08 6.62504e+08 6.62504e+08 6.14282e+08 5.22477e+08 3.9799e+08 2.5968e+08 1.33556e+08 4.60835e+07 8.09348e+06 900942 76380.2 5519.45 357.962 19.3792
