0.000769322 0.0144696 0.230207 3.31627 40.7176 377.934 2205.64 6554.04 13141.3 20840.2 28264.9 34091.7 37287.9 37287.9 34091.7 28264.9 20840.2 13141.3 6554.04 2205.64 377.934 40.7176 3.31627 0.230207 0.0144696 0.000769322
0.0146319 0.292019 4.99097 79.7942 1148.3 13087.2 92874.6 288157 583167 926818 1.2578e+06 1.51747e+06 1.6599e+06 1.6599e+06 1.51747e+06 1.2578e+06 926818 583167 288157 92874.6 13087.2 1148.3 79.7942 4.99097 0.292019 0.0146319
0.235678 5.06244 92.3738 1598.45 26838.2 395682 3.7262e+06 1.21135e+07 2.47238e+07 3.93635e+07 5.34488e+07 6.44974e+07 7.05578e+07 7.05578e+07 6.44974e+07 5.34488e+07 3.93635e+07 2.47238e+07 1.21135e+07 3.7262e+06 395682 26838.2 1598.45 92.3738 5.06244 0.235678
3.43142 82.0826 1627.2 29246.1 529107 1.03734e+07 1.49611e+08 5.09472e+08 1.04696e+09 1.66908e+09 2.26724e+09 2.73644e+09 2.99382e+09 2.99382e+09 2.73644e+09 2.26724e+09 1.66908e+09 1.04696e+09 5.09472e+08 1.49611e+08 1.03734e+07 529107 29246.1 1627.2 82.0826 3.43142
42.4561 1193.96 27764 541756 9.00849e+06 2.03049e+08 6.0424e+09 2.14659e+10 4.43248e+10 7.07256e+10 9.61035e+10 1.16012e+11 1.26934e+11 1.26934e+11 1.16012e+11 9.61035e+10 7.07256e+10 4.43248e+10 2.14659e+10 6.0424e+09 2.03049e+08 9.00849e+06 541756 27764 1193.96 42.4561
396.097 13701.5 413497 1.08036e+07 2.0983e+08 2.97447e+09 2.96405e+11 1.07822e+12 2.22662e+12 3.55016e+12 4.82167e+12 5.81888e+12 6.36589e+12 6.36589e+12 5.81888e+12 4.82167e+12 3.55016e+12 2.22662e+12 1.07822e+12 2.96405e+11 2.97447e+09 2.0983e+08 1.08036e+07 413497 13701.5 396.097
2319.3 97666.8 3.91878e+06 1.57361e+08 6.35641e+09 3.10205e+11 2.82414e+13 9.86908e+13 2.00476e+14 3.16814e+14 4.28022e+14 5.1498e+14 5.62607e+14 5.62607e+14 5.1498e+14 4.28022e+14 3.16814e+14 2.00476e+14 9.86908e+13 2.82414e+13 3.10205e+11 6.35641e+09 1.57361e+08 3.91878e+06 97666.8 2319.3
6896.44 303261 1.27507e+07 5.36376e+08 2.26039e+10 1.12982e+12 9.89826e+13 3.44978e+14 7.00011e+14 1.10557e+15 1.49312e+15 1.79611e+15 1.96203e+15 1.96203e+15 1.79611e+15 1.49312e+15 1.10557e+15 7.00011e+14 3.44978e+14 9.89826e+13 1.12982e+12 2.26039e+10 5.36376e+08 1.27507e+07 303261 6896.44
13823.8 613556 2.60166e+07 1.1019e+09 4.66591e+10 2.33263e+12 2.01223e+14 7.00561e+14 1.42093e+15 2.24365e+15 3.02971e+15 3.64422e+15 3.98074e+15 3.98074e+15 3.64422e+15 3.02971e+15 2.24364e+15 1.42093e+15 7.00561e+14 2.01223e+14 2.33263e+12 4.66591e+10 1.1019e+09 2.60166e+07 613556 13823.8
21908 974443 4.13924e+07 1.75538e+09 7.4394e+10 3.71666e+12 3.1802e+14 1.10656e+15 2.24391e+15 3.54267e+15 4.78349e+15 5.75346e+15 6.28462e+15 6.28462e+15 5.75346e+15 4.78349e+15 3.54267e+15 2.24391e+15 1.10656e+15 3.1802e+14 3.71666e+12 7.4394e+10 1.75538e+09 4.13924e+07 974443 21908
29690.6 1.3214e+06 5.61585e+07 2.38249e+09 1.01002e+11 5.04376e+12 4.29569e+14 1.49422e+15 3.0296e+15 4.78276e+15 6.45764e+15 7.76689e+15 8.48384e+15 8.48384e+15 7.76689e+15 6.45764e+15 4.78276e+15 3.0296e+15 1.49422e+15 4.29569e+14 5.04376e+12 1.01002e+11 2.38249e+09 5.61585e+07 1.3214e+06 29690.6
35788.6 1.59316e+06 6.77214e+07 2.87353e+09 1.21837e+11 6.08273e+12 5.16715e+14 1.79702e+15 3.6433e+15 5.75136e+15 7.76525e+15 9.33946e+15 1.02015e+16 1.02015e+16 9.33946e+15 7.76525e+15 5.75136e+15 3.6433e+15 1.79702e+15 5.16715e+14 6.08273e+12 1.21837e+11 2.87353e+09 6.77214e+07 1.59316e+06 35788.6
39129.8 1.74205e+06 7.40564e+07 3.14257e+09 1.33253e+11 6.65195e+12 5.64413e+14 1.96275e+15 3.97916e+15 6.28146e+15 8.48086e+15 1.02001e+16 1.11415e+16 1.11415e+16 1.02001e+16 8.48086e+15 6.28146e+15 3.97916e+15 1.96275e+15 5.64413e+14 6.65195e+12 1.33253e+11 3.14257e+09 7.40564e+07 1.74205e+06 39129.8
39129.8 1.74205e+06 7.40564e+07 3.14257e+09 1.33253e+11 6.65195e+12 5.64413e+14 1.96275e+15 3.97916e+15 6.28146e+15 8.48086e+15 1.02001e+16 1.11415e+16 1.11415e+16 1.02001e+16 8.48086e+15 6.28146e+15 3.97916e+15 1.96275e+15 5.64413e+14 6.65195e+12 1.33253e+11 3.14257e+09 7.40564e+07 1.74205e+06 39129.8
35788.6 1.59316e+06 6.77214e+07 2.87353e+09 1.21837e+11 6.08273e+12 5.16715e+14 1.79702e+15 3.6433e+15 5.75136e+15 7.76525e+15 9.33946e+15 1.02015e+16 1.02015e+16 9.33946e+15 7.76525e+15 5.75136e+15 3.6433e+15 1.79702e+15 5.16715e+14 6.08273e+12 1.21837e+11 2.87353e+09 6.77214e+07 1.59316e+06 35788.6
29690.6 1.3214e+06 5.61585e+07 2.38249e+09 1.01002e+11 5.04376e+12 4.29569e+14 1.49422e+15 3.0296e+15 4.78276e+15 6.45764e+15 7.76689e+15 8.48384e+15 8.48384e+15 7.76689e+15 6.45764e+15 4.78276e+15 3.0296e+15 1.49422e+15 4.29569e+14 5.04376e+12 1.01002e+11 2.38249e+09 5.61585e+07 1.3214e+06 29690.6
21908 974443 4.13924e+07 1.75538e+09 7.4394e+10 3.71666e+12 3.1802e+14 1.10656e+15 2.24391e+15 3.54267e+15 4.78349e+15 5.75346e+15 6.28462e+15 6.28462e+15 5.75346e+15 4.78349e+15 3.54267e+15 2.24391e+15 1.10656e+15 3.1802e+14 3.71666e+12 7.4394e+10 1.75538e+09 4.13924e+07 974443 21908
13823.8 613556 2.60166e+07 1.1019e+09 4.66591e+10 2.33263e+12 2.01223e+14 7.00561e+14 1.42093e+15 2.24364e+15 3.02971e+15 3.64422e+15 3.98074e+15 3.98074e+15 3.64422e+15 3.02971e+15 2.24365e+15 1.42093e+15 7.00561e+14 2.01223e+14 2.33263e+12 4.66591e+10 1.1019e+09 2.60166e+07 613556 13823.8
6896.44 303261 1.27507e+07 5.36376e+08 2.26039e+10 1.12982e+12 9.89826e+13 3.44978e+14 7.00011e+14 1.10557e+15 1.49312e+15 1.79611e+15 1.96203e+15 1.96203e+15 1.79611e+15 1.49312e+15 1.10557e+15 7.00011e+14 3.44978e+14 9.89826e+13 1.12982e+12 2.26039e+10 5.36376e+08 1.27507e+07 303261 6896.44
2319.3 97666.8 3.91878e+06 1.57361e+08 6.35641e+09 3.10205e+11 2.82414e+13 9.86908e+13 2.00476e+14 3.16814e+14 4.28022e+14 5.1498e+14 5.62607e+14 5.62607e+14 5.1498e+14 4.28022e+14 3.16814e+14 2.00476e+14 9.86908e+13 2.82414e+13 3.10205e+11 6.35641e+09 1.57361e+08 3.91878e+06 97666.8 2319.3
396.097 13701.5 413497 1.08036e+07 2.0983e+08 2.97447e+09 2.96405e+11 1.07822e+12 2.22662e+12 3.55016e+12 4.82167e+12 5.81888e+12 6.36589e+12 6.36589e+12 5.81888e+12 4.82167e+12 3.55016e+12 2.22662e+12 1.07822e+12 2.96405e+11 2.97447e+09 2.0983e+08 1.08036e+07 413497 13701.5 396.097
42.4561 1193.96 27764 541756 9.00849e+06 2.03049e+08 6.0424e+09 2.14659e+10 4.43248e+10 7.07256e+10 9.61035e+10 1.16012e+11 1.26934e+11 1.26934e+11 1.16012e+11 9.61035e+10 7.07256e+10 4.43248e+10 2.14659e+10 6.0424e+09 2.03049e+08 9.00849e+06 541756 27764 1193.96 42.4561
3.43142 82.0826 1627.2 29246.1 529107 1.03734e+07 1.49611e+08 5.09472e+08 1.04696e+09 1.66908e+09 2.26724e+09 2.73644e+09 2.99382e+09 2.99382e+09 2.73644e+09 2.26724e+09 1.66908e+09 1.04696e+09 5.09472e+08 1.49611e+08 1.03734e+07 529107 29246.1 1627.2 82.0826 3.43142
0.235678 5.06244 92.3738 1598.45 26838.2 395682 3.7262e+06 1.21135e+07 2.47238e+07 3.93635e+07 5.34488e+07 6.44974e+07 7.05578e+07 7.05578e+07 6.44974e+07 5.34488e+07 3.93635e+07 2.47238e+07 1.21135e+07 3.7262e+06 395682 26838.2 1598.45 92.3738 5.06244 0.235678
0.0146319 0.292019 4.99097 79.7942 1148.3 13087.2 92874.6 288157 583167 926818 1.2578e+06 1.51747e+06 1.6599e+06 1.6599e+06 1.51747e+06 1.2578e+06 926818 583167 288157 92874.6 13087.2 1148.3 79.7942 4.99097 0.292019 0.0146319
0.000769321 0.0144696 0.230207 3.31627 40.7176 377.934 2205.64 6554.04 13141.3 20840.2 28264.9 34091.7 37287.9 37287.9 34091.7 28264.9 20840.2 13141.3 6554.04 2205.64 377.934 40.7176 3.31627 0.230207 0.0144696 0.000769322
