3.52353 65.8399 1032.82 14593.3 175777 1.60782e+06 9.29237e+06 2.73549e+07 5.41581e+07 8.45791e+07 1.12942e+08 1.34508e+08 1.46076e+08 1.46076e+08 1.34508e+08 1.12942e+08 8.45791e+07 5.41581e+07 2.73549e+07 9.29237e+06 1.60782e+06 175777 14593.3 1032.82 65.8399 3.52353
67.711 1350.23 22849.6 357890 5.0232e+06 5.61002e+07 3.93344e+08 1.20861e+09 2.41399e+09 3.77537e+09 5.04061e+09 6.00069e+09 6.51497e+09 6.51497e+09 6.00069e+09 5.04061e+09 3.77537e+09 2.41399e+09 1.20861e+09 3.93344e+08 5.61002e+07 5.0232e+06 357890 22849.6 1350.23 67.711
1095.28 23686.9 432193 7.36334e+06 1.19833e+08 1.71354e+09 1.58736e+10 5.10875e+10 1.02857e+11 1.61029e+11 2.14926e+11 2.5574e+11 2.77573e+11 2.77573e+11 2.5574e+11 2.14926e+11 1.61029e+11 1.02857e+11 5.10875e+10 1.58736e+10 1.71354e+09 1.19833e+08 7.36334e+06 432193 23686.9 1095.28
15870 384245 7.70971e+06 1.3881e+08 2.44277e+09 4.55911e+10 6.40938e+11 2.16017e+12 4.37685e+12 6.85583e+12 9.14632e+12 1.08773e+13 1.1802e+13 1.1802e+13 1.08773e+13 9.14632e+12 6.85583e+12 4.37685e+12 2.16017e+12 6.40938e+11 4.55911e+10 2.44277e+09 1.3881e+08 7.70971e+06 384245 15870
194035 5.52341e+06 1.3062e+08 2.60346e+09 4.37696e+10 9.19549e+11 2.60144e+13 9.14536e+13 1.86105e+14 2.91533e+14 3.88706e+14 4.61998e+14 5.01101e+14 5.01101e+14 4.61998e+14 3.88706e+14 2.91533e+14 1.86105e+14 9.14536e+13 2.60144e+13 9.19549e+11 4.37696e+10 2.60346e+09 1.3062e+08 5.52341e+06 194035
1.78419e+06 6.22551e+07 1.90173e+09 5.06105e+10 1.02115e+12 1.51719e+13 1.29206e+15 4.65081e+15 9.46851e+15 1.48268e+16 1.97662e+16 2.34936e+16 2.54831e+16 2.54831e+16 2.34936e+16 1.97662e+16 1.48268e+16 9.46851e+15 4.65081e+15 1.29206e+15 1.51719e+13 1.02115e+12 5.06105e+10 1.90173e+09 6.22551e+07 1.78419e+06
1.03056e+07 4.36215e+08 1.76031e+10 7.10758e+11 2.88478e+13 1.3981e+15 1.23022e+17 4.27915e+17 8.63018e+17 1.35082e+18 1.80666e+18 2.15565e+18 2.34396e+18 2.34396e+18 2.15565e+18 1.80666e+18 1.35082e+18 8.63018e+17 4.27915e+17 1.23022e+17 1.3981e+15 2.88478e+13 7.10758e+11 1.76031e+10 4.36215e+08 1.03056e+07
3.0305e+07 1.33883e+09 5.65872e+10 2.39254e+12 1.01284e+14 5.0366e+15 4.29601e+17 1.49062e+18 3.00306e+18 4.69788e+18 6.28148e+18 7.49399e+18 8.14835e+18 8.14835e+18 7.49399e+18 6.28148e+18 4.69788e+18 3.00306e+18 1.49062e+18 4.29601e+17 5.0366e+15 1.01284e+14 2.39254e+12 5.65872e+10 1.33883e+09 3.0305e+07
5.99256e+07 2.67074e+09 1.13783e+11 4.84124e+12 2.0583e+14 1.02448e+16 8.66747e+17 3.00429e+18 6.04757e+18 9.45379e+18 1.26332e+19 1.50656e+19 1.63776e+19 1.63776e+19 1.50656e+19 1.26332e+19 9.45379e+18 6.04757e+18 3.00429e+18 8.66747e+17 1.02448e+16 2.0583e+14 4.84124e+12 1.13783e+11 2.67074e+09 5.99256e+07
9.34651e+07 4.17133e+09 1.77888e+11 7.5724e+12 3.21954e+14 1.60192e+16 1.35557e+18 4.69621e+18 9.44668e+18 1.47564e+19 1.9706e+19 2.34886e+19 2.55274e+19 2.55274e+19 2.34886e+19 1.9706e+19 1.47564e+19 9.44668e+18 4.69621e+18 1.35557e+18 1.60192e+16 3.21954e+14 7.5724e+12 1.77888e+11 4.17133e+09 9.34651e+07
1.24655e+08 5.56222e+09 2.37116e+11 1.00885e+13 4.28659e+14 2.13231e+16 1.81083e+18 6.27197e+18 1.26092e+19 1.96835e+19 2.62696e+19 3.12976e+19 3.40059e+19 3.40059e+19 3.12976e+19 2.62696e+19 1.96835e+19 1.26092e+19 6.27197e+18 1.81083e+18 2.13231e+16 4.28659e+14 1.00885e+13 2.37116e+11 5.56222e+09 1.24655e+08
1.48316e+08 6.61507e+09 2.81852e+11 1.19849e+13 5.08916e+14 2.5312e+16 2.15825e+18 7.47471e+18 1.50213e+19 2.34374e+19 3.12651e+19 3.7236e+19 4.04504e+19 4.04504e+19 3.7236e+19 3.12651e+19 2.34374e+19 1.50213e+19 7.47471e+18 2.15825e+18 2.5312e+16 5.08916e+14 1.19849e+13 2.81852e+11 6.61507e+09 1.48316e+08
1.60986e+08 7.17806e+09 3.0574e+11 1.29961e+13 5.51648e+14 2.74359e+16 2.34529e+18 8.12234e+18 1.63194e+19 2.54563e+19 3.39499e+19 4.04258e+19 4.39111e+19 4.39111e+19 4.04258e+19 3.39499e+19 2.54563e+19 1.63194e+19 8.12234e+18 2.34529e+18 2.74359e+16 5.51648e+14 1.29961e+13 3.0574e+11 7.17806e+09 1.60986e+08
1.60986e+08 7.17806e+09 3.0574e+11 1.29961e+13 5.51648e+14 2.74359e+16 2.34529e+18 8.12234e+18 1.63194e+19 2.54563e+19 3.39499e+19 4.04258e+19 4.39111e+19 4.39111e+19 4.04258e+19 3.39499e+19 2.54563e+19 1.63194e+19 8.12234e+18 2.34529e+18 2.74359e+16 5.51648e+14 1.29961e+13 3.0574e+11 7.17806e+09 1.60986e+08
1.48316e+08 6.61507e+09 2.81852e+11 1.19849e+13 5.08916e+14 2.5312e+16 2.15825e+18 7.47471e+18 1.50213e+19 2.34374e+19 3.12651e+19 3.7236e+19 4.04504e+19 4.04504e+19 3.7236e+19 3.12651e+19 2.34374e+19 1.50213e+19 7.47471e+18 2.15825e+18 2.5312e+16 5.08916e+14 1.19849e+13 2.81852e+11 6.61507e+09 1.48316e+08
1.24655e+08 5.56222e+09 2.37116e+11 1.00885e+13 4.28659e+14 2.13231e+16 1.81083e+18 6.27197e+18 1.26092e+19 1.96835e+19 2.62696e+19 3.12976e+19 3.40059e+19 3.40059e+19 3.12976e+19 2.62696e+19 1.96835e+19 1.26092e+19 6.27197e+18 1.81083e+18 2.13231e+16 4.28659e+14 1.00885e+13 2.37116e+11 5.56222e+09 1.24655e+08
9.34651e+07 4.17133e+09 1.77888e+11 7.5724e+12 3.21954e+14 1.60192e+16 1.35557e+18 4.69621e+18 9.44668e+18 1.47564e+19 1.9706e+19 2.34886e+19 2.55274e+19 2.55274e+19 2.34886e+19 1.9706e+19 1.47564e+19 9.44668e+18 4.69621e+18 1.35557e+18 1.60192e+16 3.21954e+14 7.5724e+12 1.77888e+11 4.17133e+09 9.34651e+07
5.99256e+07 2.67074e+09 1.13783e+11 4.84124e+12 2.0583e+14 1.02448e+16 8.66747e+17 3.00429e+18 6.04757e+18 9.45379e+18 1.26332e+19 1.50656e+19 1.63776e+19 1.63776e+19 1.50656e+19 1.26332e+19 9.45379e+18 6.04757e+18 3.00429e+18 8.66747e+17 1.02448e+16 2.0583e+14 4.84124e+12 1.13783e+11 2.67074e+09 5.99256e+07
3.0305e+07 1.33883e+09 5.65872e+10 2.39254e+12 1.01284e+14 5.0366e+15 4.29601e+17 1.49062e+18 3.00306e+18 4.69788e+18 6.28148e+18 7.49399e+18 8.14835e+18 8.14835e+18 7.49399e+18 6.28148e+18 4.69788e+18 3.00306e+18 1.49062e+18 4.29601e+17 5.0366e+15 1.01284e+14 2.39254e+12 5.65872e+10 1.33883e+09 3.0305e+07
1.03056e+07 4.36215e+08 1.76031e+10 7.10758e+11 2.88478e+13 1.3981e+15 1.23022e+17 4.27915e+17 8.63018e+17 1.35082e+18 1.80666e+18 2.15565e+18 2.34396e+18 2.34396e+18 2.15565e+18 1.80666e+18 1.35082e+18 8.63018e+17 4.27915e+17 1.23022e+17 1.3981e+15 2.88478e+13 7.10758e+11 1.76031e+10 4.36215e+08 1.03056e+07
1.78419e+06 6.22551e+07 1.90173e+09 5.06105e+10 1.02115e+12 1.51719e+13 1.29206e+15 4.65081e+15 9.46851e+15 1.48268e+16 1.97662e+16 2.34936e+16 2.54831e+16 2.54831e+16 2.34936e+16 1.97662e+16 1.48268e+16 9.46851e+15 4.65081e+15 1.29206e+15 1.51719e+13 1.02115e+12 5.06105e+10 1.90173e+09 6.22551e+07 1.78419e+06
194035 5.52341e+06 1.3062e+08 2.60346e+09 4.37696e+10 9.19549e+11 2.60144e+13 9.14536e+13 1.86105e+14 2.91533e+14 3.88706e+14 4.61998e+14 5.01101e+14 5.01101e+14 4.61998e+14 3.88706e+14 2.91533e+14 1.86105e+14 9.14536e+13 2.60144e+13 9.19549e+11 4.37696e+10 2.60346e+09 1.3062e+08 5.52341e+06 194035
15870 384245 7.70971e+06 1.3881e+08 2.44277e+09 4.55911e+10 6.40938e+11 2.16017e+12 4.37685e+12 6.85583e+12 9.14632e+12 1.08773e+13 1.1802e+13 1.1802e+13 1.08773e+13 9.14632e+12 6.85583e+12 4.37685e+12 2.16017e+12 6.40938e+11 4.55911e+10 2.44277e+09 1.3881e+08 7.70971e+06 384245 15870
1095.28 23686.9 432193 7.36334e+06 1.19833e+08 1.71354e+09 1.58736e+10 5.10875e+10 1.02857e+11 1.61029e+11 2.14926e+11 2.5574e+11 2.77573e+11 2.77573e+11 2.5574e+11 2.14926e+11 1.61029e+11 1.02857e+11 5.10875e+10 1.58736e+10 1.71354e+09 1.19833e+08 7.36334e+06 432193 23686.9 1095.28
67.7109 1350.23 22849.6 357890 5.0232e+06 5.61002e+07 3.93344e+08 1.20861e+09 2.41399e+09 3.77537e+09 5.04061e+09 6.00069e+09 6.51497e+09 6.51497e+09 6.00069e+09 5.04061e+09 3.77537e+09 2.41399e+09 1.20861e+09 3.93344e+08 5.61002e+07 5.0232e+06 357890 22849.6 1350.23 67.711
3.52353 65.8399 1032.82 14593.3 175777 1.60782e+06 9.29237e+06 2.73549e+07 5.41581e+07 8.45791e+07 1.12942e+08 1.34508e+08 1.46076e+08 1.46076e+08 1.34508e+08 1.12942e+08 8.45791e+07 5.41581e+07 2.73549e+07 9.29237e+06 1.60782e+06 175777 14593.3 1032.82 65.8399 3.52353
