0.226096 4.29302 68.8315 997.144 12306 114917 675798 2.02707e+06 4.10245e+06 6.55611e+06 8.94001e+06 1.08177e+07 1.1849e+07 1.1849e+07 1.08177e+07 8.94001e+06 6.55611e+06 4.10245e+06 2.02707e+06 675798 114917 12306 997.144 68.8315 4.29302 0.226096
4.36063 88.0319 1518.11 24393.9 352158 4.02997e+06 2.87866e+07 9.01833e+07 1.84313e+08 2.95298e+08 4.03003e+08 4.878e+08 5.34364e+08 5.34364e+08 4.878e+08 4.03003e+08 2.95298e+08 1.84313e+08 9.01833e+07 2.87866e+07 4.02997e+06 352158 24393.9 1518.11 88.0319 4.36063
71.1225 1548.74 28587.4 497641 8.36218e+06 1.23352e+08 1.16687e+09 3.83177e+09 7.90262e+09 1.26891e+10 1.73297e+10 2.09821e+10 2.29872e+10 2.29872e+10 2.09821e+10 1.73297e+10 1.26891e+10 7.90262e+09 3.83177e+09 1.16687e+09 1.23352e+08 8.36218e+06 497641 28587.4 1548.74 71.1225
1045.13 25375.7 510382 9.26683e+06 1.67797e+08 3.27141e+09 4.72193e+10 1.6251e+11 3.37677e+11 5.43136e+11 7.42208e+11 8.9884e+11 9.84815e+11 9.84815e+11 8.9884e+11 7.42208e+11 5.43136e+11 3.37677e+11 1.6251e+11 4.72193e+10 3.27141e+09 1.67797e+08 9.26683e+06 510382 25375.7 1045.13
13018.5 371443 8.76889e+06 1.73647e+08 2.91834e+09 6.49298e+10 1.91706e+12 6.88832e+12 1.43926e+13 2.31798e+13 3.1691e+13 3.83863e+13 4.20605e+13 4.20605e+13 3.83863e+13 3.1691e+13 2.31798e+13 1.43926e+13 6.88832e+12 1.91706e+12 6.49298e+10 2.91834e+09 1.73647e+08 8.76889e+06 371443 13018.5
122163 4.28089e+06 1.30872e+08 3.4632e+09 6.83957e+10 9.8765e+11 9.44839e+13 3.47815e+14 7.27148e+14 1.17054e+15 1.59979e+15 1.93736e+15 2.12259e+15 2.12259e+15 1.93736e+15 1.59979e+15 1.17054e+15 7.27148e+14 3.47815e+14 9.44839e+13 9.8765e+11 6.83957e+10 3.4632e+09 1.30872e+08 4.28089e+06 122163
719920 3.06662e+07 1.24308e+09 5.03046e+10 2.04244e+12 9.96272e+13 9.01337e+15 3.18083e+16 6.53002e+16 1.04117e+17 1.41574e+17 1.71021e+17 1.87189e+17 1.87189e+17 1.71021e+17 1.41574e+17 1.04117e+17 6.53002e+16 3.18083e+16 9.01337e+15 9.96272e+13 2.04244e+12 5.03046e+10 1.24308e+09 3.06662e+07 719920
2.15992e+06 9.61015e+07 4.08359e+09 1.73206e+11 7.34245e+12 3.67245e+14 3.19213e+16 1.12289e+17 2.30182e+17 3.66707e+17 4.98397e+17 6.01912e+17 6.58748e+17 6.58748e+17 6.01912e+17 4.98397e+17 3.66707e+17 2.30182e+17 1.12289e+17 3.19213e+16 3.67245e+14 7.34245e+12 1.73206e+11 4.08359e+09 9.61015e+07 2.15992e+06
4.36923e+06 1.96315e+08 8.41794e+09 3.59729e+11 1.53341e+13 7.67647e+14 6.56025e+16 2.30435e+17 4.72024e+17 7.51641e+17 1.02127e+18 1.23318e+18 1.34952e+18 1.34952e+18 1.23318e+18 1.02127e+18 7.51641e+17 4.72024e+17 2.30435e+17 6.56025e+16 7.67647e+14 1.53341e+13 3.59729e+11 8.41794e+09 1.96315e+08 4.36923e+06
6.97681e+06 3.14265e+08 1.35051e+10 5.78104e+11 2.46741e+13 1.23486e+15 1.04619e+17 3.67191e+17 7.51817e+17 1.1968e+18 1.62575e+18 1.96281e+18 2.14785e+18 2.14785e+18 1.96281e+18 1.62575e+18 1.1968e+18 7.51817e+17 3.67191e+17 1.04619e+17 1.23486e+15 2.46741e+13 5.78104e+11 1.35051e+10 3.14265e+08 6.97681e+06
9.50521e+06 4.28495e+08 1.84266e+10 7.89219e+11 3.36998e+13 1.68615e+15 1.42226e+17 4.98963e+17 1.02133e+18 1.62548e+18 2.20772e+18 2.66516e+18 2.91624e+18 2.91624e+18 2.66516e+18 2.20772e+18 1.62548e+18 1.02133e+18 4.98963e+17 1.42226e+17 1.68615e+15 3.36998e+13 7.89219e+11 1.84266e+10 4.28495e+08 9.50521e+06
1.1493e+07 5.18254e+08 2.22922e+10 9.54974e+11 4.07841e+13 2.04028e+15 1.71751e+17 6.02416e+17 1.2329e+18 1.96193e+18 2.6644e+18 3.21622e+18 3.51908e+18 3.51908e+18 3.21622e+18 2.6644e+18 1.96193e+18 1.2329e+18 6.02416e+17 1.71751e+17 2.04028e+15 4.07841e+13 9.54974e+11 2.22922e+10 5.18254e+08 1.1493e+07
1.25833e+07 5.67473e+08 2.44113e+10 1.04582e+12 4.46655e+13 2.23427e+15 1.87947e+17 6.59163e+17 1.34894e+18 2.14645e+18 2.91484e+18 3.51839e+18 3.84964e+18 3.84964e+18 3.51839e+18 2.91484e+18 2.14645e+18 1.34894e+18 6.59163e+17 1.87947e+17 2.23427e+15 4.46655e+13 1.04582e+12 2.44113e+10 5.67473e+08 1.25833e+07
1.25833e+07 5.67473e+08 2.44113e+10 1.04582e+12 4.46655e+13 2.23427e+15 1.87947e+17 6.59163e+17 1.34894e+18 2.14645e+18 2.91484e+18 3.51839e+18 3.84964e+18 3.84964e+18 3.51839e+18 2.91484e+18 2.14645e+18 1.34894e+18 6.59163e+17 1.87947e+17 2.23427e+15 4.46655e+13 1.04582e+12 2.44113e+10 5.67473e+08 1.25833e+07
1.1493e+07 5.18254e+08 2.22922e+10 9.54974e+11 4.07841e+13 2.04028e+15 1.71751e+17 6.02416e+17 1.2329e+18 1.96193e+18 2.6644e+18 3.21622e+18 3.51908e+18 3.51908e+18 3.21622e+18 2.6644e+18 1.96193e+18 1.2329e+18 6.02416e+17 1.71751e+17 2.04028e+15 4.07841e+13 9.54974e+11 2.22922e+10 5.18254e+08 1.1493e+07
9.50521e+06 4.28495e+08 1.84266e+10 7.89219e+11 3.36998e+13 1.68615e+15 1.42226e+17 4.98963e+17 1.02133e+18 1.62548e+18 2.20772e+18 2.66516e+18 2.91624e+18 2.91624e+18 2.66516e+18 2.20772e+18 1.62548e+18 1.02133e+18 4.98963e+17 1.42226e+17 1.68615e+15 3.36998e+13 7.89219e+11 1.84266e+10 4.28495e+08 9.50521e+06
6.97681e+06 3.14265e+08 1.35051e+10 5.78104e+11 2.46741e+13 1.23486e+15 1.04619e+17 3.67191e+17 7.51817e+17 1.1968e+18 1.62575e+18 1.96281e+18 2.14785e+18 2.14785e+18 1.96281e+18 1.62575e+18 1.1968e+18 7.51817e+17 3.67191e+17 1.04619e+17 1.23486e+15 2.46741e+13 5.78104e+11 1.35051e+10 3.14265e+08 6.97681e+06
4.36923e+06 1.96315e+08 8.41794e+09 3.59729e+11 1.53341e+13 7.67647e+14 6.56025e+16 2.30435e+17 4.72024e+17 7.51641e+17 1.02127e+18 1.23318e+18 1.34952e+18 1.34952e+18 1.23318e+18 1.02127e+18 7.51641e+17 4.72024e+17 2.30435e+17 6.56025e+16 7.67647e+14 1.53341e+13 3.59729e+11 8.41794e+09 1.96315e+08 4.36923e+06
2.15992e+06 9.61015e+07 4.08359e+09 1.73206e+11 7.34245e+12 3.67245e+14 3.19213e+16 1.12289e+17 2.30182e+17 3.66707e+17 4.98397e+17 6.01912e+17 6.58748e+17 6.58748e+17 6.01912e+17 4.98397e+17 3.66707e+17 2.30182e+17 1.12289e+17 3.19213e+16 3.67245e+14 7.34245e+12 1.73206e+11 4.08359e+09 9.61015e+07 2.15992e+06
719920 3.06662e+07 1.24308e+09 5.03046e+10 2.04244e+12 9.96272e+13 9.01337e+15 3.18083e+16 6.53002e+16 1.04117e+17 1.41574e+17 1.71021e+17 1.87189e+17 1.87189e+17 1.71021e+17 1.41574e+17 1.04117e+17 6.53002e+16 3.18083e+16 9.01337e+15 9.96272e+13 2.04244e+12 5.03046e+10 1.24308e+09 3.06662e+07 719920
122163 4.28089e+06 1.30872e+08 3.4632e+09 6.83957e+10 9.8765e+11 9.44839e+13 3.47815e+14 7.27148e+14 1.17054e+15 1.59979e+15 1.93736e+15 2.12259e+15 2.12259e+15 1.93736e+15 1.59979e+15 1.17054e+15 7.27148e+14 3.47815e+14 9.44839e+13 9.8765e+11 6.83957e+10 3.4632e+09 1.30872e+08 4.28089e+06 122163
13018.5 371443 8.76889e+06 1.73647e+08 2.91834e+09 6.49298e+10 1.91706e+12 6.88832e+12 1.43926e+13 2.31798e+13 3.1691e+13 3.83863e+13 4.20605e+13 4.20605e+13 3.83863e+13 3.1691e+13 2.31798e+13 1.43926e+13 6.88832e+12 1.91706e+12 6.49298e+10 2.91834e+09 1.73647e+08 8.76889e+06 371443 13018.5
1045.13 25375.7 510382 9.26683e+06 1.67797e+08 3.27141e+09 4.72193e+10 1.6251e+11 3.37677e+11 5.43136e+11 7.42208e+11 8.9884e+11 9.84815e+11 9.84815e+11 8.9884e+11 7.42208e+11 5.43136e+11 3.37677e+11 1.6251e+11 4.72193e+10 3.27141e+09 1.67797e+08 9.26683e+06 510382 25375.7 1045.13
71.1225 1548.74 28587.4 497641 8.36218e+06 1.23352e+08 1.16687e+09 3.83177e+09 7.90262e+09 1.26891e+10 1.73297e+10 2.09821e+10 2.29872e+10 2.29872e+10 2.09821e+10 1.73297e+10 1.26891e+10 7.90262e+09 3.83177e+09 1.16687e+09 1.23352e+08 8.36218e+06 497641 28587.4 1548.74 71.1225
4.36063 88.0319 1518.11 24393.9 352158 4.02997e+06 2.87866e+07 9.01833e+07 1.84313e+08 2.95298e+08 4.03003e+08 4.878e+08 5.34364e+08 5.34364e+08 4.878e+08 4.03003e+08 2.95298e+08 1.84313e+08 9.01833e+07 2.87866e+07 4.02997e+06 352158 24393.9 1518.11 88.0319 4.36063
0.226096 4.29302 68.8315 997.144 12306 114917 675798 2.02707e+06 4.10245e+06 6.55611e+06 8.94001e+06 1.08177e+07 1.1849e+07 1.1849e+07 1.08177e+07 8.94001e+06 6.55611e+06 4.10245e+06 2.02707e+06 675798 114917 12306 997.144 68.8315 4.29302 0.226096
