0.000202852 0.00381562 0.0606467 0.872293 10.6973 99.2813 580.24 1730.06 3484.11 5550.46 7558.23 9143.51 10016.5 10016.5 9143.51 7558.23 5550.46 3484.11 1730.06 580.24 99.2813 10.6973 0.872293 0.0606467 0.00381562 0.000202852
0.00387093 0.0773344 1.32121 21.0828 302.717 3446.32 24478.9 76216.3 154957 247446 337225 408106 447142 447142 408106 337225 247446 154957 76216.3 24478.9 3446.32 302.717 21.0828 1.32121 0.0773344 0.00387093
0.0625065 1.34574 24.5807 424.721 7105.64 104454 983584 3.20913e+06 6.58166e+06 1.05313e+07 1.43624e+07 1.73871e+07 1.90532e+07 1.90532e+07 1.73871e+07 1.43624e+07 1.05313e+07 6.58166e+06 3.20913e+06 983585 104454 7105.64 424.721 24.5807 1.34574 0.0625065
0.91111 21.8643 434.691 7819.98 140952 2.74607e+06 3.9531e+07 1.35123e+08 2.79091e+08 4.47258e+08 6.10319e+08 7.39083e+08 8.10021e+08 8.10021e+08 7.39083e+08 6.10319e+08 4.47258e+08 2.79091e+08 1.35123e+08 3.9531e+07 2.74607e+06 140952 7819.98 434.691 21.8643 0.91111
11.2743 318.081 7423.45 145423 2.42249e+06 5.40103e+07 1.59727e+09 5.69689e+09 1.18265e+10 1.89736e+10 2.59039e+10 3.1378e+10 3.43944e+10 3.43944e+10 3.1378e+10 2.59039e+10 1.89736e+10 1.18265e+10 5.69689e+09 1.59727e+09 5.40103e+07 2.42249e+06 145423 7423.45 318.081 11.2743
105.185 3647.86 110391 2.89396e+06 5.65563e+07 8.06952e+08 7.8452e+10 2.86497e+11 5.94806e+11 9.53513e+11 1.30109e+12 1.57555e+12 1.72675e+12 1.72675e+12 1.57555e+12 1.30109e+12 9.53513e+11 5.94806e+11 2.86497e+11 7.8452e+10 8.06952e+08 5.65563e+07 2.89396e+06 110391 3647.86 105.185
616.477 26007.4 1.045e+06 4.20002e+07 1.69714e+09 8.26586e+10 7.48335e+12 2.62229e+13 5.34668e+13 8.4815e+13 1.14965e+14 1.38654e+14 1.51668e+14 1.51668e+14 1.38654e+14 1.14965e+14 8.4815e+13 5.34668e+13 2.62229e+13 7.48335e+12 8.26586e+10 1.69714e+09 4.20002e+07 1.045e+06 26007.4 616.477
1839.32 81036.1 3.41236e+06 1.43693e+08 6.05878e+09 3.02324e+11 2.6316e+13 9.19515e+13 1.87248e+14 2.96813e+14 4.02134e+14 4.84859e+14 5.30298e+14 5.30298e+14 4.84859e+14 4.02134e+14 2.96813e+14 1.87248e+14 9.19515e+13 2.6316e+13 3.02324e+11 6.05878e+09 1.43693e+08 3.41236e+06 81036.1 1839.32
3703.91 164746 6.99804e+06 2.96774e+08 1.2577e+10 6.27766e+11 5.37229e+13 1.87482e+14 3.81578e+14 6.0466e+14 8.19051e+14 9.87425e+14 1.0799e+15 1.0799e+15 9.87425e+14 8.19051e+14 6.0466e+14 3.81578e+14 1.87482e+14 5.37229e+13 6.27766e+11 1.2577e+10 2.96774e+08 6.99804e+06 164746 3703.91
5898.53 262983 1.11934e+07 4.75415e+08 2.01698e+10 1.0061e+12 8.52653e+13 2.97344e+14 6.04987e+14 9.58501e+14 1.2982e+15 1.56495e+15 1.71146e+15 1.71146e+15 1.56495e+15 1.2982e+15 9.58501e+14 6.04987e+14 2.97344e+14 8.52653e+13 1.0061e+12 2.01698e+10 4.75415e+08 1.11934e+07 262983 5898.53
8028.69 358238 1.52583e+07 6.48436e+08 2.75236e+10 1.37232e+12 1.15596e+14 4.02935e+14 8.19668e+14 1.29847e+15 1.75852e+15 2.11976e+15 2.31816e+15 2.31816e+15 2.11976e+15 1.75852e+15 1.29847e+15 8.19668e+14 4.02935e+14 1.15596e+14 1.37232e+12 2.75236e+10 6.48436e+08 1.52583e+07 358238 8028.69
9708.95 433366 1.84643e+07 7.84918e+08 3.3326e+10 1.66119e+12 1.39421e+14 4.8585e+14 9.88223e+14 1.56538e+15 2.11989e+15 2.5553e+15 2.79442e+15 2.79442e+15 2.5553e+15 2.11989e+15 1.56538e+15 9.88223e+14 4.8585e+14 1.39421e+14 1.66119e+12 3.3326e+10 7.84918e+08 1.84643e+07 433366 9708.95
10633.6 474711 2.02289e+07 8.6005e+08 3.65207e+10 1.82021e+12 1.52505e+14 5.31381e+14 1.08078e+15 1.71193e+15 2.3183e+15 2.79443e+15 3.05591e+15 3.05591e+15 2.79443e+15 2.3183e+15 1.71193e+15 1.08078e+15 5.31381e+14 1.52505e+14 1.82021e+12 3.65207e+10 8.6005e+08 2.02289e+07 474711 10633.6
10633.6 474711 2.02289e+07 8.6005e+08 3.65207e+10 1.82021e+12 1.52505e+14 5.31381e+14 1.08078e+15 1.71193e+15 2.3183e+15 2.79443e+15 3.05591e+15 3.05591e+15 2.79443e+15 2.3183e+15 1.71193e+15 1.08078e+15 5.31381e+14 1.52505e+14 1.82021e+12 3.65207e+10 8.6005e+08 2.02289e+07 474711 10633.6
9708.95 433366 1.84643e+07 7.84918e+08 3.3326e+10 1.66119e+12 1.39421e+14 4.8585e+14 9.88223e+14 1.56538e+15 2.11989e+15 2.5553e+15 2.79442e+15 2.79442e+15 2.5553e+15 2.11989e+15 1.56538e+15 9.88223e+14 4.8585e+14 1.39421e+14 1.66119e+12 3.3326e+10 7.84918e+08 1.84643e+07 433366 9708.95
8028.69 358238 1.52583e+07 6.48436e+08 2.75236e+10 1.37232e+12 1.15596e+14 4.02935e+14 8.19668e+14 1.29847e+15 1.75852e+15 2.11976e+15 2.31816e+15 2.31816e+15 2.11976e+15 1.75852e+15 1.29847e+15 8.19668e+14 4.02935e+14 1.15596e+14 1.37232e+12 2.75236e+10 6.48436e+08 1.52583e+07 358238 8028.69
5898.53 262983 1.11934e+07 4.75415e+08 2.01698e+10 1.0061e+12 8.52653e+13 2.97344e+14 6.04987e+14 9.58501e+14 1.2982e+15 1.56495e+15 1.71146e+15 1.71146e+15 1.56495e+15 1.2982e+15 9.58501e+14 6.04987e+14 2.97344e+14 8.52653e+13 1.0061e+12 2.01698e+10 4.75415e+08 1.11934e+07 262983 5898.53
3703.91 164746 6.99804e+06 2.96774e+08 1.2577e+10 6.27766e+11 5.37229e+13 1.87482e+14 3.81578e+14 6.0466e+14 8.19051e+14 9.87425e+14 1.0799e+15 1.0799e+15 9.87425e+14 8.19051e+14 6.0466e+14 3.81578e+14 1.87482e+14 5.37229e+13 6.27766e+11 1.2577e+10 2.96774e+08 6.99804e+06 164746 3703.91
1839.32 81036.1 3.41236e+06 1.43693e+08 6.05878e+09 3.02324e+11 2.6316e+13 9.19515e+13 1.87248e+14 2.96813e+14 4.02134e+14 4.84859e+14 5.30298e+14 5.30298e+14 4.84859e+14 4.02134e+14 2.96813e+14 1.87248e+14 9.19515e+13 2.6316e+13 3.02324e+11 6.05878e+09 1.43693e+08 3.41236e+06 81036.1 1839.32
616.477 26007.4 1.045e+06 4.20002e+07 1.69714e+09 8.26586e+10 7.48335e+12 2.62229e+13 5.34668e+13 8.4815e+13 1.14965e+14 1.38654e+14 1.51668e+14 1.51668e+14 1.38654e+14 1.14965e+14 8.4815e+13 5.34668e+13 2.62229e+13 7.48335e+12 8.26586e+10 1.69714e+09 4.20002e+07 1.045e+06 26007.4 616.477
105.185 3647.86 110391 2.89396e+06 5.65563e+07 8.06952e+08 7.8452e+10 2.86497e+11 5.94806e+11 9.53513e+11 1.30109e+12 1.57555e+12 1.72675e+12 1.72675e+12 1.57555e+12 1.30109e+12 9.53513e+11 5.94806e+11 2.86497e+11 7.8452e+10 8.06952e+08 5.65563e+07 2.89396e+06 110391 3647.86 105.185
11.2743 318.081 7423.45 145423 2.42249e+06 5.40103e+07 1.59727e+09 5.69689e+09 1.18265e+10 1.89736e+10 2.59039e+10 3.1378e+10 3.43944e+10 3.43944e+10 3.1378e+10 2.59039e+10 1.89736e+10 1.18265e+10 5.69689e+09 1.59727e+09 5.40103e+07 2.42249e+06 145423 7423.45 318.081 11.2743
0.91111 21.8643 434.691 7819.98 140952 2.74607e+06 3.9531e+07 1.35123e+08 2.79091e+08 4.47258e+08 6.10319e+08 7.39083e+08 8.10021e+08 8.10021e+08 7.39083e+08 6.10319e+08 4.47258e+08 2.79091e+08 1.35123e+08 3.9531e+07 2.74607e+06 140952 7819.98 434.691 21.8643 0.91111
0.0625065 1.34574 24.5807 424.721 7105.64 104454 983585 3.20913e+06 6.58166e+06 1.05313e+07 1.43624e+07 1.73871e+07 1.90532e+07 1.90532e+07 1.73871e+07 1.43624e+07 1.05313e+07 6.58166e+06 3.20913e+06 983584 104454 7105.64 424.721 24.5807 1.34574 0.0625065
0.00387093 0.0773344 1.32121 21.0828 302.717 3446.32 24478.9 76216.3 154957 247446 337225 408106 447142 447142 408106 337225 247446 154957 76216.3 24478.9 3446.32 302.717 21.0828 1.32121 0.0773344 0.00387093
0.000202852 0.00381562 0.0606467 0.872293 10.6973 99.2813 580.24 1730.06 3484.11 5550.46 7558.23 9143.51 10016.5 10016.5 9143.51 7558.23 5550.46 3484.11 1730.06 580.24 99.2813 10.6973 0.872293 0.0606467 0.00381562 0.000202852
