0.0963892 1.82474 29.1907 422.317 5205.58 48518 284415 848785 1.70795e+06 2.71468e+06 3.68529e+06 4.44544e+06 4.8615e+06 4.8615e+06 4.44544e+06 3.68529e+06 2.71468e+06 1.70795e+06 848785 284415 48518 5205.58 422.317 29.1907 1.82474 0.0963891
1.8487 37.1947 639.909 10276.1 148368 1.69677e+06 1.20911e+07 3.7689e+07 7.65781e+07 1.22013e+08 1.65762e+08 2.0001e+08 2.1875e+08 2.1875e+08 2.0001e+08 1.65762e+08 1.22013e+08 7.65781e+07 3.7689e+07 1.20911e+07 1.69677e+06 148368 10276.1 639.909 37.1947 1.8487
30.0014 650.656 11969.6 208181 3.50359e+06 5.17523e+07 4.88957e+08 1.59746e+09 3.27476e+09 5.22835e+09 7.10745e+09 8.57781e+09 9.38224e+09 9.38224e+09 8.57781e+09 7.10745e+09 5.22835e+09 3.27476e+09 1.59746e+09 4.88957e+08 5.17523e+07 3.50359e+06 208181 11969.6 650.656 30.0014
439.353 10620.8 212595 3.84825e+06 6.97889e+07 1.36707e+09 1.97476e+10 6.76059e+10 1.39595e+11 2.23212e+11 3.03576e+11 3.66439e+11 4.00824e+11 4.00824e+11 3.66439e+11 3.03576e+11 2.23212e+11 1.39595e+11 6.76059e+10 1.97476e+10 1.36707e+09 6.97889e+07 3.84825e+06 212595 10620.8 439.353
5460.76 155197 3.64526e+06 7.17811e+07 1.2016e+09 2.69699e+10 8.0066e+11 2.86092e+12 5.93824e+12 9.50541e+12 1.29321e+13 1.56119e+13 1.70773e+13 1.70773e+13 1.56119e+13 1.29321e+13 9.50541e+12 5.93824e+12 2.86092e+12 8.0066e+11 2.69699e+10 1.2016e+09 7.17811e+07 3.64526e+06 155197 5460.76
51148.9 1.78715e+06 5.44253e+07 1.43358e+09 2.80991e+10 4.02128e+11 3.93917e+13 1.44189e+14 2.99428e+14 4.79059e+14 6.51543e+14 7.86402e+14 8.60145e+14 8.60145e+14 7.86402e+14 6.51543e+14 4.79059e+14 2.99428e+14 1.44189e+14 3.93917e+13 4.02128e+11 2.80991e+10 1.43358e+09 5.44253e+07 1.78715e+06 51148.9
300651 1.27821e+07 5.16941e+08 2.08799e+10 8.46691e+11 4.13513e+13 3.75672e+15 1.32e+16 2.69596e+16 4.27797e+16 5.79449e+16 6.98099e+16 7.63057e+16 7.63057e+16 6.98099e+16 5.79449e+16 4.27797e+16 2.69596e+16 1.32e+16 3.75672e+15 4.13513e+13 8.46691e+11 2.08799e+10 5.16941e+08 1.27821e+07 300651
897545 3.98603e+07 1.68978e+09 7.15259e+10 3.02738e+12 1.51538e+14 1.32411e+16 4.63889e+16 9.4625e+16 1.50051e+17 2.03169e+17 2.44727e+17 2.6748e+17 2.6748e+17 2.44727e+17 2.03169e+17 1.50051e+17 9.4625e+16 4.63889e+16 1.32411e+16 1.51538e+14 3.02738e+12 7.15259e+10 1.68978e+09 3.98603e+07 897545
1.80501e+06 8.0942e+07 3.46194e+09 1.47599e+11 6.27981e+12 3.14556e+14 2.70631e+16 9.46958e+16 1.93048e+17 3.06014e+17 4.14251e+17 4.98922e+17 5.45277e+17 5.45277e+17 4.98921e+17 4.14251e+17 3.06014e+17 1.93048e+17 9.46958e+16 2.70631e+16 3.14556e+14 6.27981e+12 1.47599e+11 3.46194e+09 8.0942e+07 1.80501e+06
2.86609e+06 1.28834e+08 5.52138e+09 2.35754e+11 1.0041e+13 5.02759e+14 4.29392e+16 1.50152e+17 3.05994e+17 4.84931e+17 6.56338e+17 7.90403e+17 8.63793e+17 8.63793e+17 7.90403e+17 6.56338e+17 4.84931e+17 3.05994e+17 1.50152e+17 4.29392e+16 5.02759e+14 1.0041e+13 2.35754e+11 5.52138e+09 1.28834e+08 2.86609e+06
3.88661e+06 1.74833e+08 7.49708e+09 3.2025e+11 1.36438e+13 6.82972e+14 5.81341e+16 2.0322e+17 4.14055e+17 6.56073e+17 8.87856e+17 1.06911e+18 1.16833e+18 1.16833e+18 1.06911e+18 8.87856e+17 6.56073e+17 4.14055e+17 2.0322e+17 5.81341e+16 6.82972e+14 1.36438e+13 3.2025e+11 7.49708e+09 1.74833e+08 3.88661e+06
4.68402e+06 2.10756e+08 9.03921e+09 3.86174e+11 1.64537e+13 8.23503e+14 7.00031e+16 2.44675e+17 4.9846e+17 7.8973e+17 1.06864e+18 1.28672e+18 1.40609e+18 1.40609e+18 1.28672e+18 1.06864e+18 7.8973e+17 4.9846e+17 2.44675e+17 7.00031e+16 8.23503e+14 1.64537e+13 3.86174e+11 9.03921e+09 2.10756e+08 4.68402e+06
5.11975e+06 2.3038e+08 9.88141e+09 4.22166e+11 1.79874e+13 9.002e+14 7.64934e+16 2.67345e+17 5.44617e+17 8.62815e+17 1.16748e+18 1.40569e+18 1.53607e+18 1.53607e+18 1.40569e+18 1.16748e+18 8.62815e+17 5.44617e+17 2.67345e+17 7.64934e+16 9.002e+14 1.79874e+13 4.22166e+11 9.88141e+09 2.3038e+08 5.11975e+06
5.11975e+06 2.3038e+08 9.88141e+09 4.22166e+11 1.79874e+13 9.002e+14 7.64934e+16 2.67345e+17 5.44617e+17 8.62815e+17 1.16748e+18 1.40569e+18 1.53607e+18 1.53607e+18 1.40569e+18 1.16748e+18 8.62815e+17 5.44617e+17 2.67345e+17 7.64934e+16 9.002e+14 1.79874e+13 4.22166e+11 9.88141e+09 2.3038e+08 5.11975e+06
4.68402e+06 2.10756e+08 9.03921e+09 3.86174e+11 1.64537e+13 8.23503e+14 7.00031e+16 2.44675e+17 4.9846e+17 7.8973e+17 1.06864e+18 1.28672e+18 1.40609e+18 1.40609e+18 1.28672e+18 1.06864e+18 7.8973e+17 4.9846e+17 2.44675e+17 7.00031e+16 8.23503e+14 1.64537e+13 3.86174e+11 9.03921e+09 2.10756e+08 4.68402e+06
3.88661e+06 1.74833e+08 7.49708e+09 3.2025e+11 1.36438e+13 6.82972e+14 5.81341e+16 2.0322e+17 4.14055e+17 6.56073e+17 8.87856e+17 1.06911e+18 1.16833e+18 1.16833e+18 1.06911e+18 8.87856e+17 6.56073e+17 4.14055e+17 2.0322e+17 5.81341e+16 6.82972e+14 1.36438e+13 3.2025e+11 7.49708e+09 1.74833e+08 3.88661e+06
2.86609e+06 1.28834e+08 5.52138e+09 2.35754e+11 1.0041e+13 5.02759e+14 4.29392e+16 1.50152e+17 3.05994e+17 4.84931e+17 6.56338e+17 7.90403e+17 8.63793e+17 8.63793e+17 7.90403e+17 6.56338e+17 4.84931e+17 3.05994e+17 1.50152e+17 4.29392e+16 5.02759e+14 1.0041e+13 2.35754e+11 5.52138e+09 1.28834e+08 2.86609e+06
1.80501e+06 8.0942e+07 3.46194e+09 1.47599e+11 6.27981e+12 3.14556e+14 2.70631e+16 9.46958e+16 1.93048e+17 3.06014e+17 4.14251e+17 4.98921e+17 5.45277e+17 5.45277e+17 4.98922e+17 4.14251e+17 3.06014e+17 1.93048e+17 9.46958e+16 2.70631e+16 3.14556e+14 6.27981e+12 1.47599e+11 3.46194e+09 8.0942e+07 1.80501e+06
897545 3.98603e+07 1.68978e+09 7.15259e+10 3.02738e+12 1.51538e+14 1.32411e+16 4.63889e+16 9.4625e+16 1.50051e+17 2.03169e+17 2.44727e+17 2.6748e+17 2.6748e+17 2.44727e+17 2.03169e+17 1.50051e+17 9.4625e+16 4.63889e+16 1.32411e+16 1.51538e+14 3.02738e+12 7.15259e+10 1.68978e+09 3.98603e+07 897545
300651 1.27821e+07 5.16941e+08 2.08799e+10 8.46691e+11 4.13513e+13 3.75672e+15 1.32e+16 2.69596e+16 4.27797e+16 5.79449e+16 6.98099e+16 7.63057e+16 7.63057e+16 6.98099e+16 5.79449e+16 4.27797e+16 2.69596e+16 1.32e+16 3.75672e+15 4.13513e+13 8.46691e+11 2.08799e+10 5.16941e+08 1.27821e+07 300651
51148.9 1.78715e+06 5.44253e+07 1.43358e+09 2.80991e+10 4.02128e+11 3.93917e+13 1.44189e+14 2.99428e+14 4.79059e+14 6.51543e+14 7.86402e+14 8.60145e+14 8.60145e+14 7.86402e+14 6.51543e+14 4.79059e+14 2.99428e+14 1.44189e+14 3.93917e+13 4.02128e+11 2.80991e+10 1.43358e+09 5.44253e+07 1.78715e+06 51148.9
5460.76 155197 3.64526e+06 7.17811e+07 1.2016e+09 2.69699e+10 8.0066e+11 2.86092e+12 5.93824e+12 9.50541e+12 1.29321e+13 1.56119e+13 1.70773e+13 1.70773e+13 1.56119e+13 1.29321e+13 9.50541e+12 5.93824e+12 2.86092e+12 8.0066e+11 2.69699e+10 1.2016e+09 7.17811e+07 3.64526e+06 155197 5460.76
439.353 10620.8 212595 3.84825e+06 6.97889e+07 1.36707e+09 1.97476e+10 6.76059e+10 1.39595e+11 2.23212e+11 3.03576e+11 3.66439e+11 4.00824e+11 4.00824e+11 3.66439e+11 3.03576e+11 2.23212e+11 1.39595e+11 6.76059e+10 1.97476e+10 1.36707e+09 6.97889e+07 3.84825e+06 212595 10620.8 439.353
30.0014 650.656 11969.6 208181 3.50359e+06 5.17523e+07 4.88957e+08 1.59746e+09 3.27476e+09 5.22835e+09 7.10745e+09 8.57781e+09 9.38224e+09 9.38224e+09 8.57781e+09 7.10745e+09 5.22835e+09 3.27476e+09 1.59746e+09 4.88957e+08 5.17523e+07 3.50359e+06 208181 11969.6 650.656 30.0014
1.84869 37.1947 639.909 10276.1 148368 1.69677e+06 1.20911e+07 3.7689e+07 7.65781e+07 1.22013e+08 1.65762e+08 2.0001e+08 2.1875e+08 2.1875e+08 2.0001e+08 1.65762e+08 1.22013e+08 7.65781e+07 3.7689e+07 1.20911e+07 1.69677e+06 148368 10276.1 639.909 37.1947 1.8487
0.0963891 1.82474 29.1907 422.317 5205.58 48518 284415 848785 1.70795e+06 2.71468e+06 3.68529e+06 4.44544e+06 4.8615e+06 4.8615e+06 4.44544e+06 3.68529e+06 2.71468e+06 1.70795e+06 848785 284415 48518 5205.58 422.317 29.1907 1.82474 0.0963891
