5.05716 94.0863 1466.35 20560.9 245889 2.23772e+06 1.29071e+07 3.80677e+07 7.56696e+07 1.1878e+08 1.59438e+08 1.90688e+08 2.07577e+08 2.07577e+08 1.90688e+08 1.59438e+08 1.1878e+08 7.56696e+07 3.80677e+07 1.29071e+07 2.23772e+06 245889 20560.9 1466.35 94.0863 5.05716
97.1846 1932.31 32523.7 505378 7.03071e+06 7.79764e+07 5.45045e+08 1.67769e+09 3.36443e+09 5.28933e+09 7.09971e+09 8.48882e+09 9.23885e+09 9.23885e+09 8.48882e+09 7.09971e+09 5.28933e+09 3.36443e+09 1.67769e+09 5.45045e+08 7.79764e+07 7.03071e+06 505378 32523.7 1932.31 97.1846
1569.47 33906.6 616881 1.04411e+07 1.68146e+08 2.38026e+09 2.19438e+10 7.07403e+10 1.43005e+11 2.25082e+11 3.02071e+11 3.61048e+11 3.92861e+11 3.92861e+11 3.61048e+11 3.02071e+11 2.25082e+11 1.43005e+11 7.07403e+10 2.19438e+10 2.38026e+09 1.68146e+08 1.04411e+07 616881 33906.6 1569.47
22658.9 548752 1.10123e+07 1.97866e+08 3.4498e+09 6.34046e+10 8.84263e+11 2.98488e+12 6.07286e+12 9.56464e+12 1.28325e+13 1.5332e+13 1.66788e+13 1.66788e+13 1.5332e+13 1.28325e+13 9.56464e+12 6.07286e+12 2.98488e+12 8.84263e+11 6.34046e+10 3.4498e+09 1.97866e+08 1.10123e+07 548752 22658.9
275683 7.84858e+06 1.85848e+08 3.71514e+09 6.25237e+10 1.28684e+12 3.58321e+13 1.26156e+14 2.57806e+14 4.06132e+14 5.44676e+14 6.50492e+14 7.07457e+14 7.07457e+14 6.50492e+14 5.44676e+14 4.06132e+14 2.57806e+14 1.26156e+14 3.58321e+13 1.28684e+12 6.25237e+10 3.71514e+09 1.85848e+08 7.84858e+06 275683
2.52282e+06 8.79332e+07 2.68565e+09 7.16162e+10 1.45651e+12 2.18775e+13 1.78184e+15 6.42059e+15 1.31227e+16 2.06595e+16 2.7697e+16 3.30725e+16 3.59668e+16 3.59668e+16 3.30725e+16 2.7697e+16 2.06595e+16 1.31227e+16 6.42059e+15 1.78184e+15 2.18775e+13 1.45651e+12 7.16162e+10 2.68565e+09 8.79332e+07 2.52282e+06
1.45295e+07 6.13482e+08 2.46962e+10 9.95057e+11 4.03166e+13 1.94505e+15 1.69382e+17 5.89439e+17 1.19112e+18 1.86962e+18 2.50797e+18 2.99975e+18 3.26628e+18 3.26628e+18 2.99975e+18 2.50797e+18 1.86962e+18 1.19112e+18 5.8944e+17 1.69382e+17 1.94505e+15 4.03166e+13 9.95057e+11 2.46962e+10 6.13482e+08 1.45295e+07
4.2795e+07 1.88564e+09 7.94915e+10 3.35344e+12 1.41704e+14 7.01557e+15 5.92108e+17 2.05512e+18 4.14768e+18 6.50529e+18 8.72213e+18 1.04295e+19 1.13547e+19 1.13547e+19 1.04295e+19 8.72213e+18 6.50529e+18 4.14768e+18 2.05512e+18 5.92108e+17 7.01557e+15 1.41704e+14 3.35344e+12 7.94915e+10 1.88564e+09 4.2795e+07
8.49673e+07 3.77691e+09 1.60499e+11 6.81413e+12 2.89208e+14 1.43302e+16 1.19754e+18 4.15133e+18 8.37021e+18 1.31168e+19 1.75744e+19 2.1004e+19 2.28613e+19 2.28613e+19 2.1004e+19 1.75744e+19 1.31168e+19 8.37021e+18 4.15133e+18 1.19754e+18 1.43302e+16 2.89208e+14 6.81413e+12 1.60499e+11 3.77691e+09 8.49673e+07
1.33228e+08 5.93113e+09 2.52322e+11 1.07193e+13 4.55039e+14 2.25367e+16 1.87911e+18 6.50921e+18 1.31132e+19 2.0532e+19 2.74888e+19 3.2835e+19 3.5728e+19 3.5728e+19 3.2835e+19 2.74888e+19 2.0532e+19 1.31132e+19 6.50921e+18 1.87911e+18 2.25367e+16 4.55039e+14 1.07193e+13 2.52322e+11 5.93113e+09 1.33228e+08
1.78658e+08 7.95318e+09 3.38277e+11 1.43661e+13 6.09587e+14 3.01796e+16 2.51883e+18 8.72122e+18 1.75574e+19 2.74698e+19 3.67525e+19 4.38781e+19 4.77311e+19 4.77311e+19 4.38781e+19 3.67525e+19 2.74698e+19 1.75574e+19 8.72122e+18 2.51883e+18 3.01796e+16 6.09587e+14 1.43661e+13 3.38277e+11 7.95318e+09 1.78658e+08
2.13517e+08 9.50199e+09 4.04003e+11 1.71502e+13 7.27393e+14 3.60033e+16 3.01053e+18 1.0421e+19 2.09691e+19 3.27896e+19 4.38477e+19 5.23289e+19 5.69123e+19 5.69123e+19 5.23289e+19 4.38477e+19 3.27896e+19 2.09691e+19 1.0421e+19 3.01053e+18 3.60033e+16 7.27393e+14 1.71502e+13 4.04003e+11 9.50199e+09 2.13517e+08
2.32335e+08 1.03372e+10 4.39411e+11 1.86485e+13 7.90725e+14 3.91335e+16 3.27657e+18 1.13406e+19 2.28137e+19 3.56637e+19 4.76782e+19 5.68886e+19 6.18646e+19 6.18646e+19 5.68886e+19 4.76782e+19 3.56637e+19 2.28137e+19 1.13406e+19 3.27657e+18 3.91335e+16 7.90725e+14 1.86485e+13 4.39411e+11 1.03372e+10 2.32335e+08
2.32335e+08 1.03372e+10 4.39411e+11 1.86485e+13 7.90725e+14 3.91335e+16 3.27657e+18 1.13406e+19 2.28137e+19 3.56637e+19 4.76782e+19 5.68886e+19 6.18646e+19 6.18646e+19 5.68886e+19 4.76782e+19 3.56637e+19 2.28137e+19 1.13406e+19 3.27657e+18 3.91335e+16 7.90725e+14 1.86485e+13 4.39411e+11 1.03372e+10 2.32335e+08
2.13517e+08 9.50199e+09 4.04003e+11 1.71502e+13 7.27393e+14 3.60033e+16 3.01053e+18 1.0421e+19 2.09691e+19 3.27896e+19 4.38477e+19 5.23289e+19 5.69123e+19 5.69123e+19 5.23289e+19 4.38477e+19 3.27896e+19 2.09691e+19 1.0421e+19 3.01053e+18 3.60033e+16 7.27393e+14 1.71502e+13 4.04003e+11 9.50199e+09 2.13517e+08
1.78658e+08 7.95318e+09 3.38277e+11 1.43661e+13 6.09587e+14 3.01796e+16 2.51883e+18 8.72122e+18 1.75574e+19 2.74698e+19 3.67525e+19 4.38781e+19 4.77311e+19 4.77311e+19 4.38781e+19 3.67525e+19 2.74698e+19 1.75574e+19 8.72122e+18 2.51883e+18 3.01796e+16 6.09587e+14 1.43661e+13 3.38277e+11 7.95318e+09 1.78658e+08
1.33228e+08 5.93113e+09 2.52322e+11 1.07193e+13 4.55039e+14 2.25367e+16 1.87911e+18 6.50921e+18 1.31132e+19 2.0532e+19 2.74888e+19 3.2835e+19 3.5728e+19 3.5728e+19 3.2835e+19 2.74888e+19 2.0532e+19 1.31132e+19 6.50921e+18 1.87911e+18 2.25367e+16 4.55039e+14 1.07193e+13 2.52322e+11 5.93113e+09 1.33228e+08
8.49673e+07 3.77691e+09 1.60499e+11 6.81413e+12 2.89208e+14 1.43302e+16 1.19754e+18 4.15133e+18 8.37021e+18 1.31168e+19 1.75744e+19 2.1004e+19 2.28613e+19 2.28613e+19 2.1004e+19 1.75744e+19 1.31168e+19 8.37021e+18 4.15133e+18 1.19754e+18 1.43302e+16 2.89208e+14 6.81413e+12 1.60499e+11 3.77691e+09 8.49673e+07
4.2795e+07 1.88564e+09 7.94915e+10 3.35344e+12 1.41704e+14 7.01557e+15 5.92108e+17 2.05512e+18 4.14768e+18 6.50529e+18 8.72213e+18 1.04295e+19 1.13547e+19 1.13547e+19 1.04295e+19 8.72213e+18 6.50529e+18 4.14768e+18 2.05512e+18 5.92108e+17 7.01557e+15 1.41704e+14 3.35344e+12 7.94915e+10 1.88564e+09 4.2795e+07
1.45295e+07 6.13482e+08 2.46962e+10 9.95057e+11 4.03166e+13 1.94505e+15 1.69382e+17 5.8944e+17 1.19112e+18 1.86962e+18 2.50797e+18 2.99975e+18 3.26628e+18 3.26628e+18 2.99975e+18 2.50797e+18 1.86962e+18 1.19112e+18 5.89439e+17 1.69382e+17 1.94505e+15 4.03166e+13 9.95057e+11 2.46962e+10 6.13482e+08 1.45295e+07
2.52282e+06 8.79332e+07 2.68565e+09 7.16162e+10 1.45651e+12 2.18775e+13 1.78184e+15 6.42059e+15 1.31227e+16 2.06595e+16 2.7697e+16 3.30725e+16 3.59668e+16 3.59668e+16 3.30725e+16 2.7697e+16 2.06595e+16 1.31227e+16 6.42059e+15 1.78184e+15 2.18775e+13 1.45651e+12 7.16162e+10 2.68565e+09 8.79332e+07 2.52282e+06
275683 7.84858e+06 1.85848e+08 3.71514e+09 6.25237e+10 1.28684e+12 3.58321e+13 1.26156e+14 2.57806e+14 4.06132e+14 5.44676e+14 6.50492e+14 7.07457e+14 7.07457e+14 6.50492e+14 5.44676e+14 4.06132e+14 2.57806e+14 1.26156e+14 3.58321e+13 1.28684e+12 6.25237e+10 3.71514e+09 1.85848e+08 7.84858e+06 275683
22658.9 548752 1.10123e+07 1.97866e+08 3.4498e+09 6.34046e+10 8.84263e+11 2.98488e+12 6.07286e+12 9.56464e+12 1.28325e+13 1.5332e+13 1.66788e+13 1.66788e+13 1.5332e+13 1.28325e+13 9.56464e+12 6.07286e+12 2.98488e+12 8.84263e+11 6.34046e+10 3.4498e+09 1.97866e+08 1.10123e+07 548752 22658.9
1569.47 33906.6 616881 1.04411e+07 1.68146e+08 2.38026e+09 2.19438e+10 7.07403e+10 1.43005e+11 2.25082e+11 3.02071e+11 3.61048e+11 3.92861e+11 3.92861e+11 3.61048e+11 3.02071e+11 2.25082e+11 1.43005e+11 7.07403e+10 2.19438e+10 2.38026e+09 1.68146e+08 1.04411e+07 616881 33906.6 1569.47
97.1846 1932.31 32523.7 505378 7.03071e+06 7.79764e+07 5.45045e+08 1.67769e+09 3.36443e+09 5.28933e+09 7.09971e+09 8.48882e+09 9.23885e+09 9.23885e+09 8.48882e+09 7.09971e+09 5.28933e+09 3.36443e+09 1.67769e+09 5.45045e+08 7.79764e+07 7.03071e+06 505378 32523.7 1932.31 97.1846
5.05716 94.0863 1466.35 20560.9 245889 2.23772e+06 1.29071e+07 3.80677e+07 7.56696e+07 1.1878e+08 1.59438e+08 1.90688e+08 2.07577e+08 2.07577e+08 1.90688e+08 1.59438e+08 1.1878e+08 7.56696e+07 3.80677e+07 1.29071e+07 2.23772e+06 245889 20560.9 1466.35 94.0863 5.05716
