8.11463 150.497 2333.35 32504 386237 3.49831e+06 2.01313e+07 5.93882e+07 1.18205e+08 1.85881e+08 2.49962e+08 2.9939e+08 3.2617e+08 3.2617e+08 2.9939e+08 2.49962e+08 1.85881e+08 1.18205e+08 5.93882e+07 2.01313e+07 3.49831e+06 386237 32504 2333.35 150.497 8.11464
156.11 3098.56 51940.3 801661 1.10646e+07 1.21929e+08 8.49528e+08 2.61534e+09 5.2518e+09 8.27165e+09 1.11234e+10 1.33195e+10 1.45083e+10 1.45083e+10 1.33195e+10 1.11234e+10 8.27165e+09 5.2518e+09 2.61534e+09 8.49528e+08 1.21929e+08 1.10646e+07 801661 51940.3 3098.56 156.11
2519.92 54444.7 988873 1.66474e+07 2.65595e+08 3.72492e+09 3.41782e+10 1.10191e+11 2.23061e+11 3.51742e+11 4.7295e+11 5.66148e+11 6.16548e+11 6.16548e+11 5.66148e+11 4.7295e+11 3.51742e+11 2.23061e+11 1.10191e+11 3.41782e+10 3.72492e+09 2.65595e+08 1.66474e+07 988873 54444.7 2519.92
36289.8 880061 1.7682e+07 3.17335e+08 5.48765e+09 9.94418e+10 1.37632e+12 4.64608e+12 9.46584e+12 1.49371e+13 2.00793e+13 2.40274e+13 2.61605e+13 2.61605e+13 2.40274e+13 2.00793e+13 1.49371e+13 9.46584e+12 4.64608e+12 1.37632e+12 9.94418e+10 5.48765e+09 3.17335e+08 1.7682e+07 880061 36289.8
439762 1.2537e+07 2.97567e+08 5.96909e+09 1.00579e+11 2.03155e+12 5.57356e+13 1.96235e+14 4.01593e+14 6.33888e+14 8.5181e+14 1.0189e+15 1.10909e+15 1.10909e+15 1.0189e+15 8.5181e+14 6.33888e+14 4.01593e+14 1.96235e+14 5.57356e+13 2.03155e+12 1.00579e+11 5.96909e+09 2.97567e+08 1.2537e+07 439762
4.00724e+06 1.39729e+08 4.27248e+09 1.14254e+11 2.34179e+12 3.55106e+13 2.7768e+15 1.00031e+16 2.04706e+16 3.22856e+16 4.3363e+16 5.18548e+16 5.64382e+16 5.64382e+16 5.18548e+16 4.3363e+16 3.22856e+16 2.04706e+16 1.00031e+16 2.7768e+15 3.55106e+13 2.34179e+12 1.14254e+11 4.27248e+09 1.39729e+08 4.00724e+06
2.30077e+07 9.70733e+08 3.90474e+10 1.57211e+12 6.36509e+13 3.05961e+15 2.63744e+17 9.17536e+17 1.8549e+18 2.91358e+18 3.9113e+18 4.68108e+18 5.09868e+18 5.09868e+18 4.68108e+18 3.9113e+18 2.91358e+18 1.8549e+18 9.17536e+17 2.63744e+17 3.05961e+15 6.36509e+13 1.57211e+12 3.90474e+10 9.70733e+08 2.30077e+07
6.77621e+07 2.98322e+09 1.25652e+11 5.29633e+12 2.23632e+14 1.1034e+16 9.22181e+17 3.1995e+18 6.459e+18 1.01357e+19 1.35973e+19 1.62661e+19 1.77134e+19 1.77134e+19 1.62661e+19 1.35973e+19 1.01357e+19 6.459e+18 3.1995e+18 9.22181e+17 1.1034e+16 2.23632e+14 5.29633e+12 1.25651e+11 2.98322e+09 6.77621e+07
1.34708e+08 5.983e+09 2.54031e+11 1.07765e+13 4.57047e+14 2.25698e+16 1.86647e+18 6.46669e+18 1.30397e+19 2.04405e+19 2.73963e+19 3.27514e+19 3.56526e+19 3.56526e+19 3.27514e+19 2.73963e+19 2.04405e+19 1.30397e+19 6.46669e+18 1.86647e+18 2.25698e+16 4.57047e+14 1.07765e+13 2.54031e+11 5.983e+09 1.34708e+08
2.1161e+08 9.4132e+09 4.00137e+11 1.6986e+13 7.2058e+14 3.55652e+16 2.9316e+18 1.01475e+19 2.04402e+19 3.20059e+19 4.28543e+19 5.11921e+19 5.57039e+19 5.57039e+19 5.11921e+19 4.28543e+19 3.20059e+19 2.04402e+19 1.01475e+19 2.9316e+18 3.55652e+16 7.2058e+14 1.6986e+13 4.00137e+11 9.4132e+09 2.1161e+08
2.84309e+08 1.2647e+10 5.37518e+11 2.28116e+13 9.67343e+14 4.77225e+16 3.93343e+18 1.36064e+19 2.73826e+19 4.28337e+19 5.7299e+19 6.83984e+19 7.43981e+19 7.43981e+19 6.83984e+19 5.7299e+19 4.28337e+19 2.73826e+19 1.36064e+19 3.93343e+18 4.77225e+16 9.67343e+14 2.28116e+13 5.37518e+11 1.2647e+10 2.84309e+08
3.40307e+08 1.51338e+10 6.42994e+11 2.72774e+13 1.15624e+15 5.70235e+16 4.70485e+18 1.62681e+19 3.27172e+19 5.11399e+19 6.83616e+19 8.15594e+19 8.86871e+19 8.86871e+19 8.15594e+19 6.83616e+19 5.11399e+19 3.27172e+19 1.62681e+19 4.70485e+18 5.70235e+16 1.15624e+15 2.72774e+13 6.42994e+11 1.51338e+10 3.40307e+08
3.70618e+08 1.64786e+10 6.99975e+11 2.96876e+13 1.25808e+15 6.20364e+16 5.12275e+18 1.77094e+19 3.56032e+19 5.56284e+19 7.43331e+19 8.86573e+19 9.63899e+19 9.63899e+19 8.86573e+19 7.43331e+19 5.56284e+19 3.56032e+19 1.77094e+19 5.12275e+18 6.20364e+16 1.25808e+15 2.96876e+13 6.99975e+11 1.64786e+10 3.70618e+08
3.70618e+08 1.64786e+10 6.99975e+11 2.96876e+13 1.25808e+15 6.20364e+16 5.12275e+18 1.77094e+19 3.56032e+19 5.56284e+19 7.43331e+19 8.86573e+19 9.63899e+19 9.63899e+19 8.86573e+19 7.43331e+19 5.56284e+19 3.56032e+19 1.77094e+19 5.12275e+18 6.20364e+16 1.25808e+15 2.96876e+13 6.99975e+11 1.64786e+10 3.70618e+08
3.40307e+08 1.51338e+10 6.42994e+11 2.72774e+13 1.15624e+15 5.70235e+16 4.70485e+18 1.62681e+19 3.27172e+19 5.11399e+19 6.83616e+19 8.15594e+19 8.86871e+19 8.86871e+19 8.15594e+19 6.83616e+19 5.11399e+19 3.27172e+19 1.62681e+19 4.70485e+18 5.70235e+16 1.15624e+15 2.72774e+13 6.42994e+11 1.51338e+10 3.40307e+08
2.84309e+08 1.2647e+10 5.37518e+11 2.28116e+13 9.67343e+14 4.77225e+16 3.93343e+18 1.36064e+19 2.73826e+19 4.28337e+19 5.7299e+19 6.83984e+19 7.43981e+19 7.43981e+19 6.83984e+19 5.7299e+19 4.28337e+19 2.73826e+19 1.36064e+19 3.93343e+18 4.77225e+16 9.67343e+14 2.28116e+13 5.37518e+11 1.2647e+10 2.84309e+08
2.1161e+08 9.4132e+09 4.00137e+11 1.6986e+13 7.2058e+14 3.55652e+16 2.9316e+18 1.01475e+19 2.04402e+19 3.20059e+19 4.28543e+19 5.11921e+19 5.57039e+19 5.57039e+19 5.11921e+19 4.28543e+19 3.20059e+19 2.04402e+19 1.01475e+19 2.9316e+18 3.55652e+16 7.2058e+14 1.6986e+13 4.00137e+11 9.4132e+09 2.1161e+08
1.34708e+08 5.983e+09 2.54031e+11 1.07765e+13 4.57047e+14 2.25698e+16 1.86647e+18 6.46669e+18 1.30397e+19 2.04405e+19 2.73963e+19 3.27514e+19 3.56526e+19 3.56526e+19 3.27514e+19 2.73963e+19 2.04405e+19 1.30397e+19 6.46669e+18 1.86647e+18 2.25698e+16 4.57047e+14 1.07765e+13 2.54031e+11 5.983e+09 1.34708e+08
6.77621e+07 2.98322e+09 1.25651e+11 5.29633e+12 2.23632e+14 1.1034e+16 9.22181e+17 3.1995e+18 6.459e+18 1.01357e+19 1.35973e+19 1.62661e+19 1.77134e+19 1.77134e+19 1.62661e+19 1.35973e+19 1.01357e+19 6.459e+18 3.1995e+18 9.22181e+17 1.1034e+16 2.23632e+14 5.29633e+12 1.25651e+11 2.98322e+09 6.77621e+07
2.30077e+07 9.70733e+08 3.90474e+10 1.57211e+12 6.36509e+13 3.05961e+15 2.63744e+17 9.17536e+17 1.8549e+18 2.91358e+18 3.9113e+18 4.68108e+18 5.09868e+18 5.09868e+18 4.68108e+18 3.9113e+18 2.91358e+18 1.8549e+18 9.17536e+17 2.63744e+17 3.05961e+15 6.36509e+13 1.57211e+12 3.90474e+10 9.70733e+08 2.30077e+07
4.00724e+06 1.39729e+08 4.27248e+09 1.14254e+11 2.34179e+12 3.55106e+13 2.7768e+15 1.00031e+16 2.04706e+16 3.22856e+16 4.3363e+16 5.18548e+16 5.64382e+16 5.64382e+16 5.18548e+16 4.3363e+16 3.22856e+16 2.04706e+16 1.00031e+16 2.7768e+15 3.55106e+13 2.34179e+12 1.14254e+11 4.27248e+09 1.39729e+08 4.00724e+06
439762 1.2537e+07 2.97567e+08 5.96909e+09 1.00579e+11 2.03155e+12 5.57356e+13 1.96235e+14 4.01593e+14 6.33888e+14 8.5181e+14 1.0189e+15 1.10909e+15 1.10909e+15 1.0189e+15 8.5181e+14 6.33888e+14 4.01593e+14 1.96235e+14 5.57356e+13 2.03155e+12 1.00579e+11 5.96909e+09 2.97567e+08 1.2537e+07 439762
36289.8 880061 1.7682e+07 3.17335e+08 5.48765e+09 9.94418e+10 1.37632e+12 4.64608e+12 9.46584e+12 1.49371e+13 2.00793e+13 2.40274e+13 2.61605e+13 2.61605e+13 2.40274e+13 2.00793e+13 1.49371e+13 9.46584e+12 4.64608e+12 1.37632e+12 9.94418e+10 5.48765e+09 3.17335e+08 1.7682e+07 880061 36289.8
2519.92 54444.7 988873 1.66474e+07 2.65595e+08 3.72492e+09 3.41782e+10 1.10191e+11 2.23061e+11 3.51742e+11 4.7295e+11 5.66148e+11 6.16548e+11 6.16548e+11 5.66148e+11 4.7295e+11 3.51742e+11 2.23061e+11 1.10191e+11 3.41782e+10 3.72492e+09 2.65595e+08 1.66474e+07 988873 54444.7 2519.92
156.11 3098.56 51940.3 801661 1.10646e+07 1.21929e+08 8.49528e+08 2.61534e+09 5.2518e+09 8.27165e+09 1.11234e+10 1.33195e+10 1.45083e+10 1.45083e+10 1.33195e+10 1.11234e+10 8.27165e+09 5.2518e+09 2.61534e+09 8.49528e+08 1.21929e+08 1.10646e+07 801661 51940.3 3098.56 156.11
8.11463 150.497 2333.35 32504 386237 3.49831e+06 2.01313e+07 5.93882e+07 1.18205e+08 1.85881e+08 2.49962e+08 2.9939e+08 3.2617e+08 3.2617e+08 2.9939e+08 2.49962e+08 1.85881e+08 1.18205e+08 5.93882e+07 2.01313e+07 3.49831e+06 386237 32504 2333.35 150.497 8.11463
