6.61644 122.888 1910.11 26693.9 318166 2.88744e+06 1.66202e+07 4.89301e+07 9.70719e+07 1.52077e+08 2.03778e+08 2.43403e+08 2.64779e+08 2.64779e+08 2.43403e+08 2.03778e+08 1.52077e+08 9.70719e+07 4.89301e+07 1.66202e+07 2.88744e+06 318166 26693.9 1910.11 122.888 6.61644
127.163 2525.75 42421.3 656962 9.10352e+06 1.0062e+08 7.01672e+08 2.15574e+09 4.31431e+09 6.76877e+09 9.06902e+09 1.08288e+10 1.17771e+10 1.17771e+10 1.08288e+10 9.06902e+09 6.76877e+09 4.31431e+09 2.15574e+09 7.01672e+08 1.0062e+08 9.10352e+06 656962 42421.3 2525.75 127.163
2052.24 44327.7 805658 1.35997e+07 2.18031e+08 3.07238e+09 2.82437e+10 9.08709e+10 1.83309e+11 2.87896e+11 3.85636e+11 4.60277e+11 5.00457e+11 5.00457e+11 4.60277e+11 3.85636e+11 2.87896e+11 1.83309e+11 9.08709e+10 2.82437e+10 3.07238e+09 2.18031e+08 1.35997e+07 805658 44327.7 2052.24
29581 716682 1.43867e+07 2.58303e+08 4.48614e+09 8.19151e+10 1.13796e+12 3.8334e+12 7.78178e+12 1.22284e+13 1.63736e+13 1.95339e+13 2.12332e+13 2.12332e+13 1.95339e+13 1.63736e+13 1.22284e+13 7.78178e+12 3.8334e+12 1.13796e+12 8.19151e+10 4.48614e+09 2.58303e+08 1.43867e+07 716682 29581
359062 1.02271e+07 2.42381e+08 4.85183e+09 8.16827e+10 1.66716e+12 4.61098e+13 1.61994e+14 3.30266e+14 5.19045e+14 6.94651e+14 8.2832e+14 9.00119e+14 9.00119e+14 8.2832e+14 6.94651e+14 5.19045e+14 3.30266e+14 1.61994e+14 4.61098e+13 1.66716e+12 8.16827e+10 4.85183e+09 2.42381e+08 1.02271e+07 359062
3.27738e+06 1.14247e+08 3.49087e+09 9.31982e+10 1.90174e+12 2.86833e+13 2.29545e+15 8.25282e+15 1.68274e+16 2.64286e+16 3.53574e+16 4.21547e+16 4.58066e+16 4.58066e+16 4.21547e+16 3.53574e+16 2.64286e+16 1.68274e+16 8.25282e+15 2.29545e+15 2.86833e+13 1.90174e+12 9.31982e+10 3.49087e+09 1.14247e+08 3.27738e+06
1.883e+07 7.94847e+08 3.19894e+10 1.28869e+12 5.22089e+13 2.51569e+15 2.18109e+17 7.57878e+17 1.52888e+18 2.39565e+18 3.20874e+18 3.83369e+18 4.17188e+18 4.17188e+18 3.83369e+18 3.20874e+18 2.39565e+18 1.52888e+18 7.57878e+17 2.18109e+17 2.51569e+15 5.22089e+13 1.28869e+12 3.19894e+10 7.94847e+08 1.883e+07
5.53541e+07 2.43816e+09 1.02749e+11 4.33341e+12 1.83079e+14 9.05356e+15 7.61396e+17 2.63885e+18 5.31663e+18 8.3241e+18 1.11436e+19 1.33098e+19 1.44818e+19 1.44818e+19 1.33098e+19 1.11436e+19 8.3241e+18 5.31663e+18 2.63885e+18 7.61396e+17 9.05356e+15 1.83079e+14 4.33341e+12 1.02749e+11 2.43816e+09 5.53541e+07
1.09686e+08 4.87355e+09 2.07011e+11 8.7855e+12 3.72763e+14 1.84488e+16 1.53725e+18 5.32119e+18 1.07098e+19 1.67524e+19 2.24091e+19 2.67501e+19 2.90971e+19 2.90971e+19 2.67501e+19 2.24091e+19 1.67524e+19 1.07098e+19 5.32119e+18 1.53725e+18 1.84488e+16 3.72763e+14 8.7855e+12 2.07011e+11 4.87355e+09 1.09686e+08
1.71653e+08 7.63771e+09 3.24751e+11 1.37895e+13 5.85126e+14 2.89447e+16 2.40787e+18 8.32838e+18 1.67468e+19 2.61705e+19 3.49776e+19 4.17272e+19 4.5373e+19 4.5373e+19 4.17272e+19 3.49776e+19 2.61705e+19 1.67468e+19 8.32838e+18 2.40787e+18 2.89447e+16 5.85126e+14 1.37895e+13 3.24751e+11 7.63771e+09 1.71653e+08
2.29794e+08 1.02234e+10 4.34568e+11 1.84448e+13 7.82253e+14 3.86802e+16 3.22252e+18 1.11407e+19 2.23846e+19 3.49512e+19 4.66774e+19 5.56525e+19 6.04963e+19 6.04963e+19 5.56525e+19 4.66774e+19 3.49512e+19 2.23846e+19 1.11407e+19 3.22252e+18 3.86802e+16 7.82253e+14 1.84448e+13 4.34568e+11 1.02234e+10 2.29794e+08
2.74285e+08 1.21983e+10 5.1829e+11 2.19877e+13 9.32024e+14 4.60738e+16 3.84713e+18 1.32963e+19 2.6701e+19 4.16647e+19 5.56113e+19 6.62751e+19 7.20266e+19 7.20266e+19 6.62751e+19 5.56113e+19 4.16647e+19 2.6701e+19 1.32963e+19 3.84713e+18 4.60738e+16 9.32024e+14 2.19877e+13 5.1829e+11 1.21983e+10 2.74285e+08
2.9826e+08 1.32613e+10 5.63304e+11 2.38904e+13 1.01237e+15 5.00393e+16 4.18455e+18 1.44605e+19 2.90307e+19 4.5285e+19 6.04247e+19 7.19947e+19 7.82328e+19 7.82328e+19 7.19947e+19 6.04247e+19 4.5285e+19 2.90307e+19 1.44605e+19 4.18455e+18 5.00393e+16 1.01237e+15 2.38904e+13 5.63304e+11 1.32613e+10 2.9826e+08
2.9826e+08 1.32613e+10 5.63304e+11 2.38904e+13 1.01237e+15 5.00393e+16 4.18455e+18 1.44605e+19 2.90307e+19 4.5285e+19 6.04247e+19 7.19947e+19 7.82328e+19 7.82328e+19 7.19947e+19 6.04247e+19 4.5285e+19 2.90307e+19 1.44605e+19 4.18455e+18 5.00393e+16 1.01237e+15 2.38904e+13 5.63304e+11 1.32613e+10 2.9826e+08
2.74285e+08 1.21983e+10 5.1829e+11 2.19877e+13 9.32024e+14 4.60738e+16 3.84713e+18 1.32963e+19 2.6701e+19 4.16647e+19 5.56113e+19 6.62751e+19 7.20266e+19 7.20266e+19 6.62751e+19 5.56113e+19 4.16647e+19 2.6701e+19 1.32963e+19 3.84713e+18 4.60738e+16 9.32024e+14 2.19877e+13 5.1829e+11 1.21983e+10 2.74285e+08
2.29794e+08 1.02234e+10 4.34568e+11 1.84448e+13 7.82253e+14 3.86802e+16 3.22252e+18 1.11407e+19 2.23846e+19 3.49512e+19 4.66774e+19 5.56525e+19 6.04963e+19 6.04963e+19 5.56525e+19 4.66774e+19 3.49512e+19 2.23846e+19 1.11407e+19 3.22252e+18 3.86802e+16 7.82253e+14 1.84448e+13 4.34568e+11 1.02234e+10 2.29794e+08
1.71653e+08 7.63771e+09 3.24751e+11 1.37895e+13 5.85126e+14 2.89447e+16 2.40787e+18 8.32838e+18 1.67468e+19 2.61705e+19 3.49776e+19 4.17272e+19 4.5373e+19 4.5373e+19 4.17272e+19 3.49776e+19 2.61705e+19 1.67468e+19 8.32838e+18 2.40787e+18 2.89447e+16 5.85126e+14 1.37895e+13 3.24751e+11 7.63771e+09 1.71653e+08
1.09686e+08 4.87355e+09 2.07011e+11 8.7855e+12 3.72763e+14 1.84488e+16 1.53725e+18 5.32118e+18 1.07098e+19 1.67524e+19 2.24091e+19 2.67501e+19 2.90971e+19 2.90971e+19 2.67501e+19 2.24091e+19 1.67524e+19 1.07098e+19 5.32119e+18 1.53725e+18 1.84488e+16 3.72763e+14 8.7855e+12 2.07011e+11 4.87355e+09 1.09686e+08
5.53541e+07 2.43816e+09 1.02749e+11 4.33341e+12 1.83079e+14 9.05356e+15 7.61396e+17 2.63885e+18 5.31663e+18 8.3241e+18 1.11436e+19 1.33098e+19 1.44818e+19 1.44818e+19 1.33098e+19 1.11436e+19 8.3241e+18 5.31663e+18 2.63885e+18 7.61396e+17 9.05356e+15 1.83079e+14 4.33341e+12 1.02749e+11 2.43816e+09 5.53541e+07
1.883e+07 7.94847e+08 3.19894e+10 1.28869e+12 5.22089e+13 2.51569e+15 2.18109e+17 7.57878e+17 1.52888e+18 2.39565e+18 3.20874e+18 3.83369e+18 4.17188e+18 4.17188e+18 3.83369e+18 3.20874e+18 2.39565e+18 1.52888e+18 7.57878e+17 2.18109e+17 2.51569e+15 5.22089e+13 1.28869e+12 3.19894e+10 7.94847e+08 1.883e+07
3.27738e+06 1.14247e+08 3.49087e+09 9.31982e+10 1.90174e+12 2.86833e+13 2.29545e+15 8.25282e+15 1.68274e+16 2.64286e+16 3.53574e+16 4.21547e+16 4.58066e+16 4.58066e+16 4.21547e+16 3.53574e+16 2.64286e+16 1.68274e+16 8.25282e+15 2.29545e+15 2.86833e+13 1.90174e+12 9.31981e+10 3.49087e+09 1.14247e+08 3.27738e+06
359062 1.02271e+07 2.42381e+08 4.85183e+09 8.16827e+10 1.66716e+12 4.61098e+13 1.61994e+14 3.30266e+14 5.19045e+14 6.94651e+14 8.2832e+14 9.00119e+14 9.00119e+14 8.2832e+14 6.94651e+14 5.19045e+14 3.30266e+14 1.61994e+14 4.61098e+13 1.66716e+12 8.16827e+10 4.85183e+09 2.42381e+08 1.02271e+07 359062
29581 716682 1.43867e+07 2.58303e+08 4.48614e+09 8.19151e+10 1.13796e+12 3.8334e+12 7.78178e+12 1.22284e+13 1.63736e+13 1.95339e+13 2.12332e+13 2.12332e+13 1.95339e+13 1.63736e+13 1.22284e+13 7.78178e+12 3.8334e+12 1.13796e+12 8.19151e+10 4.48614e+09 2.58303e+08 1.43867e+07 716682 29581
2052.24 44327.7 805658 1.35997e+07 2.18031e+08 3.07238e+09 2.82437e+10 9.08709e+10 1.83309e+11 2.87896e+11 3.85636e+11 4.60277e+11 5.00457e+11 5.00457e+11 4.60277e+11 3.85636e+11 2.87896e+11 1.83309e+11 9.08709e+10 2.82437e+10 3.07238e+09 2.18031e+08 1.35997e+07 805658 44327.7 2052.24
127.163 2525.75 42421.3 656962 9.10352e+06 1.0062e+08 7.01672e+08 2.15574e+09 4.31431e+09 6.76877e+09 9.06902e+09 1.08288e+10 1.17771e+10 1.17771e+10 1.08288e+10 9.06902e+09 6.76877e+09 4.31431e+09 2.15574e+09 7.01672e+08 1.0062e+08 9.10352e+06 656962 42421.3 2525.75 127.163
6.61644 122.888 1910.11 26693.9 318166 2.88744e+06 1.66202e+07 4.89301e+07 9.70719e+07 1.52077e+08 2.03778e+08 2.43403e+08 2.64779e+08 2.64779e+08 2.43403e+08 2.03778e+08 1.52077e+08 9.70719e+07 4.89301e+07 1.66202e+07 2.88744e+06 318166 26693.9 1910.11 122.888 6.61644
