3.24921e-05 0.000611771 0.00974791 0.140677 1.73044 16.0914 94.1143 280.649 565.336 901.123 1227.99 1486.59 1629.2 1629.2 1486.59 1227.99 901.123 565.336 280.649 94.1143 16.0914 1.73044 0.140677 0.00974791 0.000611771 3.24921e-05
0.000618127 0.0123458 0.211277 3.3839 48.7951 557.2 3962.49 12338.5 25090.8 40088.1 54673.9 66212.9 72577.7 72577.7 66212.9 54673.9 40088.1 25090.8 12338.5 3962.49 557.2 48.7951 3.3839 0.211277 0.0123458 0.000618127
0.00996265 0.214076 3.90917 67.7466 1139.97 16843.8 158939 518604 1.06377e+06 1.70302e+06 2.32434e+06 2.81594e+06 3.08717e+06 3.08717e+06 2.81594e+06 2.32434e+06 1.70302e+06 1.06377e+06 518604 158939 16843.8 1139.97 67.7466 3.90917 0.214076 0.00996265
0.145217 3.47381 68.8708 1238.6 22452 441408 6.37918e+06 2.18057e+07 4.50432e+07 7.22216e+07 9.86312e+07 1.19534e+08 1.3107e+08 1.3107e+08 1.19534e+08 9.86312e+07 7.22216e+07 4.50432e+07 2.18057e+07 6.37918e+06 441408 22452 1238.6 68.8708 3.47381 0.145217
1.7995 50.6013 1176.36 22944.3 381578 8.6312e+06 2.57504e+08 9.18395e+08 1.90665e+09 3.0605e+09 4.1819e+09 5.06986e+09 5.56006e+09 5.56006e+09 5.06986e+09 4.1819e+09 3.0605e+09 1.90665e+09 9.18395e+08 2.57504e+08 8.6312e+06 381578 22944.3 1176.36 50.6013 1.7995
16.82 581.767 17552.5 458340 8.88959e+06 1.25812e+08 1.26186e+10 4.60817e+10 9.56715e+10 1.53442e+11 2.09547e+11 2.53956e+11 2.78468e+11 2.78468e+11 2.53956e+11 2.09547e+11 1.53442e+11 9.56715e+10 4.60817e+10 1.26186e+10 1.25812e+08 8.88959e+06 458340 17552.5 581.767 16.82
98.7245 4156.69 166734 6.69245e+06 2.70179e+08 1.3181e+10 1.20201e+12 4.21026e+12 8.58031e+12 1.36085e+13 1.84475e+13 2.22531e+13 2.43455e+13 2.43455e+13 2.22531e+13 1.84475e+13 1.36085e+13 8.58031e+12 4.21026e+12 1.20201e+12 1.31809e+10 2.70179e+08 6.69245e+06 166734 4156.69 98.7245
294.672 12956.8 544671 2.29052e+07 9.64859e+08 4.82059e+10 4.22318e+12 1.47499e+13 3.00212e+13 4.75768e+13 6.44609e+13 7.77336e+13 8.50291e+13 8.50291e+13 7.77336e+13 6.44609e+13 4.75768e+13 3.00212e+13 1.47499e+13 4.22318e+12 4.82059e+10 9.64859e+08 2.29052e+07 544671 12956.8 294.672
593.6 26348.9 1.11728e+06 4.73162e+07 2.00317e+09 1.00093e+11 8.61556e+12 3.00528e+13 6.11344e+13 9.68519e+13 1.31194e+14 1.58186e+14 1.73021e+14 1.73021e+14 1.58186e+14 1.31194e+14 9.68519e+13 6.11344e+13 3.00528e+13 8.61556e+12 1.00093e+11 2.00317e+09 4.73162e+07 1.11728e+06 26348.9 593.6
945.865 42084.2 1.78807e+06 7.58396e+07 3.21429e+09 1.60487e+11 1.367e+13 4.76476e+13 9.68944e+13 1.53474e+14 2.07866e+14 2.50611e+14 2.74103e+14 2.74103e+14 2.50611e+14 2.07866e+14 1.53474e+14 9.68944e+13 4.76476e+13 1.367e+13 1.60487e+11 3.21429e+09 7.58396e+07 1.78807e+06 42084.2 945.865
1288.4 57370.6 2.43931e+06 1.03524e+08 4.38995e+09 2.19075e+11 1.85333e+13 6.45666e+13 1.31272e+14 2.07899e+14 2.81555e+14 3.39435e+14 3.71243e+14 3.71243e+14 3.39435e+14 2.81555e+14 2.07899e+14 1.31272e+14 6.45666e+13 1.85333e+13 2.19075e+11 4.38995e+09 1.03524e+08 2.43931e+06 57370.6 1288.4
1559.11 69451.3 2.95403e+06 1.25412e+08 5.31982e+09 2.65399e+11 2.23568e+13 7.78629e+13 1.58285e+14 2.50659e+14 3.39446e+14 4.09213e+14 4.47552e+14 4.47552e+14 4.09213e+14 3.39446e+14 2.50659e+14 1.58285e+14 7.78629e+13 2.23568e+13 2.65399e+11 5.31982e+09 1.25412e+08 2.95403e+06 69451.3 1559.11
1708.3 76109.9 3.2378e+06 1.37481e+08 5.83275e+09 2.90948e+11 2.44585e+13 8.51696e+13 1.73128e+14 2.74153e+14 3.71252e+14 4.47549e+14 4.89476e+14 4.89476e+14 4.47549e+14 3.71252e+14 2.74153e+14 1.73128e+14 8.51696e+13 2.44585e+13 2.90948e+11 5.83275e+09 1.37481e+08 3.2378e+06 76109.9 1708.3
1708.3 76109.9 3.2378e+06 1.37481e+08 5.83275e+09 2.90948e+11 2.44585e+13 8.51696e+13 1.73128e+14 2.74153e+14 3.71252e+14 4.47549e+14 4.89476e+14 4.89476e+14 4.47549e+14 3.71252e+14 2.74153e+14 1.73128e+14 8.51696e+13 2.44585e+13 2.90948e+11 5.83275e+09 1.37481e+08 3.2378e+06 76109.9 1708.3
1559.11 69451.3 2.95403e+06 1.25412e+08 5.31982e+09 2.65399e+11 2.23568e+13 7.78629e+13 1.58285e+14 2.50659e+14 3.39446e+14 4.09213e+14 4.47552e+14 4.47552e+14 4.09213e+14 3.39446e+14 2.50659e+14 1.58285e+14 7.78629e+13 2.23568e+13 2.65399e+11 5.31982e+09 1.25412e+08 2.95403e+06 69451.3 1559.11
1288.4 57370.6 2.43931e+06 1.03524e+08 4.38995e+09 2.19075e+11 1.85333e+13 6.45666e+13 1.31272e+14 2.07899e+14 2.81555e+14 3.39435e+14 3.71243e+14 3.71243e+14 3.39435e+14 2.81555e+14 2.07899e+14 1.31272e+14 6.45666e+13 1.85333e+13 2.19075e+11 4.38995e+09 1.03524e+08 2.43931e+06 57370.6 1288.4
945.865 42084.2 1.78807e+06 7.58396e+07 3.21429e+09 1.60487e+11 1.367e+13 4.76476e+13 9.68944e+13 1.53474e+14 2.07866e+14 2.50611e+14 2.74103e+14 2.74103e+14 2.50611e+14 2.07866e+14 1.53474e+14 9.68944e+13 4.76476e+13 1.367e+13 1.60487e+11 3.21429e+09 7.58396e+07 1.78807e+06 42084.2 945.865
593.6 26348.9 1.11728e+06 4.73162e+07 2.00317e+09 1.00093e+11 8.61556e+12 3.00528e+13 6.11344e+13 9.68519e+13 1.31194e+14 1.58186e+14 1.73021e+14 1.73021e+14 1.58186e+14 1.31194e+14 9.68519e+13 6.11344e+13 3.00528e+13 8.61556e+12 1.00093e+11 2.00317e+09 4.73162e+07 1.11728e+06 26348.9 593.6
294.672 12956.8 544671 2.29052e+07 9.64859e+08 4.82059e+10 4.22318e+12 1.47499e+13 3.00212e+13 4.75768e+13 6.44609e+13 7.77336e+13 8.50291e+13 8.50291e+13 7.77336e+13 6.44609e+13 4.75768e+13 3.00212e+13 1.47499e+13 4.22318e+12 4.82059e+10 9.64859e+08 2.29052e+07 544671 12956.8 294.672
98.7245 4156.69 166734 6.69245e+06 2.70179e+08 1.31809e+10 1.20201e+12 4.21026e+12 8.58031e+12 1.36085e+13 1.84475e+13 2.22531e+13 2.43455e+13 2.43455e+13 2.22531e+13 1.84475e+13 1.36085e+13 8.58031e+12 4.21026e+12 1.20201e+12 1.31809e+10 2.70179e+08 6.69245e+06 166734 4156.69 98.7245
16.82 581.767 17552.5 458340 8.88959e+06 1.25812e+08 1.26186e+10 4.60817e+10 9.56715e+10 1.53442e+11 2.09547e+11 2.53956e+11 2.78468e+11 2.78468e+11 2.53956e+11 2.09547e+11 1.53442e+11 9.56715e+10 4.60817e+10 1.26186e+10 1.25812e+08 8.88959e+06 458340 17552.5 581.767 16.82
1.7995 50.6013 1176.36 22944.3 381578 8.6312e+06 2.57504e+08 9.18395e+08 1.90665e+09 3.0605e+09 4.1819e+09 5.06986e+09 5.56006e+09 5.56006e+09 5.06986e+09 4.1819e+09 3.0605e+09 1.90665e+09 9.18395e+08 2.57504e+08 8.6312e+06 381578 22944.3 1176.36 50.6013 1.7995
0.145217 3.47381 68.8708 1238.6 22452 441408 6.37918e+06 2.18057e+07 4.50432e+07 7.22216e+07 9.86312e+07 1.19534e+08 1.3107e+08 1.3107e+08 1.19534e+08 9.86312e+07 7.22216e+07 4.50432e+07 2.18057e+07 6.37918e+06 441408 22452 1238.6 68.8708 3.47381 0.145217
0.00996265 0.214076 3.90917 67.7466 1139.97 16843.8 158939 518604 1.06377e+06 1.70302e+06 2.32434e+06 2.81594e+06 3.08717e+06 3.08717e+06 2.81594e+06 2.32434e+06 1.70302e+06 1.06377e+06 518604 158939 16843.8 1139.97 67.7466 3.90917 0.214076 0.00996265
0.000618127 0.0123458 0.211277 3.3839 48.7951 557.2 3962.49 12338.5 25090.8 40088.1 54673.9 66212.9 72577.7 72577.7 66212.9 54673.9 40088.1 25090.8 12338.5 3962.49 557.2 48.7951 3.3839 0.211277 0.0123458 0.000618127
3.2492e-05 0.000611771 0.00974791 0.140677 1.73044 16.0914 94.1143 280.649 565.336 901.123 1227.99 1486.59 1629.2 1629.2 1486.59 1227.99 901.123 565.336 280.649 94.1143 16.0914 1.73044 0.140677 0.00974791 0.000611771 3.24921e-05
