0.00184276 0.0345974 0.547314 7.82078 95.3085 880.672 5135.78 15299.7 30783.5 48981 66608.7 80484.9 88109.4 88109.4 80484.9 66608.7 48981 30783.5 15299.7 5135.78 880.672 95.3085 7.82078 0.547314 0.0345974 0.00184276
0.0353129 0.705802 12.0211 190.496 2712.49 30683.1 217269 675882 1.37295e+06 2.18975e+06 2.98011e+06 3.60211e+06 3.94387e+06 3.94387e+06 3.60211e+06 2.98011e+06 2.18975e+06 1.37295e+06 675882 217269 30683.1 2712.49 190.496 12.0211 0.705802 0.0353129
0.571291 12.3407 225.519 3876.18 64160.2 933664 8.74995e+06 2.85227e+07 5.84483e+07 9.34078e+07 1.27205e+08 1.538e+08 1.68413e+08 1.68413e+08 1.538e+08 1.27205e+08 9.34078e+07 5.84483e+07 2.85227e+07 8.74995e+06 933664 64160.2 3876.18 225.519 12.3407 0.571291
8.31553 200.616 4007.64 72149.4 1.28787e+06 2.46706e+07 3.52262e+08 1.20299e+09 2.48272e+09 3.97369e+09 5.41433e+09 6.54793e+09 7.17083e+09 7.17083e+09 6.54793e+09 5.41433e+09 3.97369e+09 2.48272e+09 1.20299e+09 3.52262e+08 2.46706e+07 1.28787e+06 72149.4 4007.64 200.616 8.31553
102.51 2907.61 68296.3 1.34805e+06 2.25388e+07 4.90153e+08 1.42497e+10 5.07795e+10 1.05334e+11 1.68773e+11 2.30059e+11 2.78288e+11 3.0479e+11 3.0479e+11 2.78288e+11 2.30059e+11 1.68773e+11 1.05334e+11 5.07795e+10 1.42497e+10 4.90153e+08 2.25388e+07 1.34805e+06 68296.3 2907.61 102.51
952.146 33155.5 1.00804e+06 2.65963e+07 5.26654e+08 7.63686e+09 7.02408e+11 2.56256e+12 5.31621e+12 8.51151e+12 1.15963e+13 1.40231e+13 1.53564e+13 1.53564e+13 1.40231e+13 1.15963e+13 8.51151e+12 5.31621e+12 2.56256e+12 7.02408e+11 7.63686e+09 5.26654e+08 2.65963e+07 1.00804e+06 33155.5 952.146
5560.43 235223 9.47263e+06 3.81346e+08 1.54262e+10 7.48955e+11 6.69993e+13 2.34756e+14 4.78646e+14 7.5902e+14 1.02823e+15 1.23937e+15 1.3552e+15 1.3552e+15 1.23937e+15 1.02823e+15 7.5902e+14 4.78646e+14 2.34756e+14 6.69993e+13 7.48955e+11 1.54262e+10 3.81346e+08 9.47263e+06 235223 5560.43
16565.5 731790 3.08818e+07 1.30249e+09 5.49794e+10 2.73636e+12 2.35716e+14 8.23583e+14 1.67716e+15 2.65774e+15 3.59889e+15 4.33688e+15 4.74171e+15 4.74171e+15 4.33688e+15 3.59889e+15 2.65774e+15 1.67716e+15 8.23583e+14 2.35716e+14 2.73636e+12 5.49794e+10 1.30249e+09 3.08818e+07 731790 16565.5
33317.3 1.48593e+06 6.32573e+07 2.68696e+09 1.13999e+11 5.67704e+12 4.81264e+14 1.6795e+15 3.41834e+15 5.41527e+15 7.33154e+15 8.834e+15 9.65815e+15 9.65815e+15 8.834e+15 7.33154e+15 5.41526e+15 3.41834e+15 1.6795e+15 4.81264e+14 5.67704e+12 1.13999e+11 2.68696e+09 6.32573e+07 1.48593e+06 33317.3
52982.7 2.36858e+06 1.01033e+08 4.29798e+09 1.82543e+11 9.08585e+12 7.63574e+14 2.6629e+15 5.41826e+15 8.58192e+15 1.16174e+16 1.39972e+16 1.53026e+16 1.53026e+16 1.39972e+16 1.16174e+16 8.58192e+15 5.41826e+15 2.6629e+15 7.63574e+14 9.08585e+12 1.82543e+11 4.29798e+09 1.01033e+08 2.36858e+06 52982.7
72008.2 3.22154e+06 1.37504e+08 5.85243e+09 2.48665e+11 1.23725e+13 1.03454e+15 3.60646e+15 7.33683e+15 1.16194e+16 1.57281e+16 1.89491e+16 2.07159e+16 2.07159e+16 1.89491e+16 1.57281e+16 1.16194e+16 7.33683e+15 3.60646e+15 1.03454e+15 1.23725e+13 2.48665e+11 5.85243e+09 1.37504e+08 3.22154e+06 72008.2
86967.4 3.892e+06 1.66167e+08 7.07403e+09 3.0063e+11 1.49549e+13 1.24695e+15 4.34598e+15 8.84037e+15 1.39997e+16 1.89492e+16 2.28293e+16 2.49575e+16 2.49575e+16 2.28293e+16 1.89492e+16 1.39997e+16 8.84037e+15 4.34598e+15 1.24695e+15 1.49549e+13 3.0063e+11 7.07403e+09 1.66167e+08 3.892e+06 86967.4
95180.4 4.26008e+06 1.81903e+08 7.74467e+09 3.29159e+11 1.63724e+13 1.36342e+15 4.75148e+15 9.66479e+15 1.53048e+16 2.07153e+16 2.49567e+16 2.72831e+16 2.72831e+16 2.49567e+16 2.07153e+16 1.53048e+16 9.66479e+15 4.75148e+15 1.36342e+15 1.63724e+13 3.29159e+11 7.74467e+09 1.81903e+08 4.26008e+06 95180.4
95180.4 4.26008e+06 1.81903e+08 7.74467e+09 3.29159e+11 1.63724e+13 1.36342e+15 4.75148e+15 9.66479e+15 1.53048e+16 2.07153e+16 2.49567e+16 2.72831e+16 2.72831e+16 2.49567e+16 2.07153e+16 1.53048e+16 9.66479e+15 4.75148e+15 1.36342e+15 1.63724e+13 3.29159e+11 7.74467e+09 1.81903e+08 4.26008e+06 95180.4
86967.4 3.892e+06 1.66167e+08 7.07403e+09 3.0063e+11 1.49549e+13 1.24695e+15 4.34598e+15 8.84037e+15 1.39997e+16 1.89492e+16 2.28293e+16 2.49575e+16 2.49575e+16 2.28293e+16 1.89492e+16 1.39997e+16 8.84037e+15 4.34598e+15 1.24695e+15 1.49549e+13 3.0063e+11 7.07403e+09 1.66167e+08 3.892e+06 86967.4
72008.2 3.22154e+06 1.37504e+08 5.85243e+09 2.48665e+11 1.23725e+13 1.03454e+15 3.60646e+15 7.33683e+15 1.16194e+16 1.57281e+16 1.89491e+16 2.07159e+16 2.07159e+16 1.89491e+16 1.57281e+16 1.16194e+16 7.33683e+15 3.60646e+15 1.03454e+15 1.23725e+13 2.48665e+11 5.85243e+09 1.37504e+08 3.22154e+06 72008.2
52982.7 2.36858e+06 1.01033e+08 4.29798e+09 1.82543e+11 9.08585e+12 7.63574e+14 2.6629e+15 5.41826e+15 8.58192e+15 1.16174e+16 1.39972e+16 1.53026e+16 1.53026e+16 1.39972e+16 1.16174e+16 8.58192e+15 5.41826e+15 2.6629e+15 7.63574e+14 9.08585e+12 1.82543e+11 4.29798e+09 1.01033e+08 2.36858e+06 52982.7
33317.3 1.48593e+06 6.32573e+07 2.68696e+09 1.13999e+11 5.67704e+12 4.81264e+14 1.6795e+15 3.41834e+15 5.41526e+15 7.33154e+15 8.834e+15 9.65815e+15 9.65815e+15 8.834e+15 7.33154e+15 5.41526e+15 3.41834e+15 1.6795e+15 4.81264e+14 5.67704e+12 1.13999e+11 2.68696e+09 6.32573e+07 1.48593e+06 33317.3
16565.5 731790 3.08818e+07 1.30249e+09 5.49794e+10 2.73636e+12 2.35716e+14 8.23583e+14 1.67716e+15 2.65774e+15 3.59889e+15 4.33688e+15 4.74171e+15 4.74171e+15 4.33688e+15 3.59889e+15 2.65774e+15 1.67716e+15 8.23583e+14 2.35716e+14 2.73636e+12 5.49794e+10 1.30249e+09 3.08818e+07 731790 16565.5
5560.43 235223 9.47263e+06 3.81346e+08 1.54262e+10 7.48955e+11 6.69993e+13 2.34756e+14 4.78646e+14 7.5902e+14 1.02823e+15 1.23937e+15 1.3552e+15 1.3552e+15 1.23937e+15 1.02823e+15 7.5902e+14 4.78646e+14 2.34756e+14 6.69993e+13 7.48955e+11 1.54262e+10 3.81346e+08 9.47263e+06 235223 5560.43
952.146 33155.5 1.00804e+06 2.65963e+07 5.26654e+08 7.63686e+09 7.02408e+11 2.56256e+12 5.31621e+12 8.51151e+12 1.15963e+13 1.40231e+13 1.53564e+13 1.53564e+13 1.40231e+13 1.15963e+13 8.51151e+12 5.31621e+12 2.56256e+12 7.02408e+11 7.63686e+09 5.26654e+08 2.65963e+07 1.00804e+06 33155.5 952.146
102.51 2907.61 68296.3 1.34805e+06 2.25388e+07 4.90153e+08 1.42497e+10 5.07795e+10 1.05334e+11 1.68773e+11 2.30059e+11 2.78288e+11 3.0479e+11 3.0479e+11 2.78288e+11 2.30059e+11 1.68773e+11 1.05334e+11 5.07795e+10 1.42497e+10 4.90153e+08 2.25388e+07 1.34805e+06 68296.3 2907.61 102.51
8.31553 200.616 4007.64 72149.4 1.28787e+06 2.46706e+07 3.52262e+08 1.20299e+09 2.48272e+09 3.97369e+09 5.41433e+09 6.54793e+09 7.17083e+09 7.17083e+09 6.54793e+09 5.41433e+09 3.97369e+09 2.48272e+09 1.20299e+09 3.52262e+08 2.46706e+07 1.28787e+06 72149.4 4007.64 200.616 8.31553
0.571291 12.3407 225.519 3876.18 64160.2 933664 8.74995e+06 2.85227e+07 5.84483e+07 9.34078e+07 1.27205e+08 1.538e+08 1.68413e+08 1.68413e+08 1.538e+08 1.27205e+08 9.34078e+07 5.84483e+07 2.85227e+07 8.74995e+06 933664 64160.2 3876.18 225.519 12.3407 0.571291
0.0353129 0.705801 12.0211 190.496 2712.49 30683.1 217269 675882 1.37295e+06 2.18975e+06 2.98011e+06 3.60211e+06 3.94387e+06 3.94387e+06 3.60211e+06 2.98011e+06 2.18975e+06 1.37295e+06 675882 217269 30683.1 2712.49 190.496 12.0211 0.705801 0.0353129
0.00184276 0.0345974 0.547314 7.82078 95.3085 880.672 5135.78 15299.7 30783.5 48981 66608.7 80484.9 88109.4 88109.4 80484.9 66608.7 48981 30783.5 15299.7 5135.78 880.672 95.3085 7.82078 0.547314 0.0345974 0.00184276
