2.51664 47.123 741.518 10516.8 127152 1.16682e+06 6.76237e+06 1.99702e+07 3.96873e+07 6.22279e+07 8.33994e+07 9.96014e+07 1.08329e+08 1.08329e+08 9.96014e+07 8.33994e+07 6.22279e+07 3.96873e+07 1.99702e+07 6.76237e+06 1.16682e+06 127152 10516.8 741.518 47.123 2.51665
48.3662 965.807 16386.1 257631 3.63173e+06 4.07149e+07 2.86317e+08 8.82619e+08 1.7698e+09 2.77942e+09 3.72502e+09 4.44737e+09 4.83607e+09 4.83607e+09 4.44737e+09 3.72502e+09 2.77942e+09 1.7698e+09 8.82619e+08 2.86317e+08 4.07149e+07 3.63173e+06 257631 16386.1 965.807 48.3662
783.08 16943.1 309573 5.29078e+06 8.65282e+07 1.24336e+09 1.15564e+10 3.73181e+10 7.54417e+10 1.18622e+11 1.58955e+11 1.89711e+11 2.06243e+11 2.06243e+11 1.89711e+11 1.58955e+11 1.18622e+11 7.54417e+10 3.73181e+10 1.15564e+10 1.24336e+09 8.65282e+07 5.29078e+06 309573 16943.1 783.08
11368.4 275195 5.52136e+06 9.95193e+07 1.75897e+09 3.30541e+10 4.66643e+11 1.57822e+12 3.21137e+12 5.05308e+12 6.76923e+12 8.07566e+12 8.77708e+12 8.77708e+12 8.07566e+12 6.76923e+12 5.05308e+12 3.21137e+12 1.57822e+12 4.66643e+11 3.30541e+10 1.75897e+09 9.95193e+07 5.52136e+06 275195 11368.4
139376 3.9662e+06 9.37261e+07 1.86589e+09 3.1368e+10 6.64895e+11 1.8938e+13 6.68177e+13 1.36579e+14 2.14965e+14 2.87856e+14 3.43254e+14 3.72963e+14 3.72963e+14 3.43254e+14 2.87856e+14 2.14965e+14 1.36579e+14 6.68177e+13 1.8938e+13 6.64895e+11 3.1368e+10 1.86589e+09 9.37261e+07 3.9662e+06 139376
1.28551e+06 4.48529e+07 1.36964e+09 3.64087e+10 7.32167e+11 1.08345e+13 9.39336e+14 3.39368e+15 6.93995e+15 1.09183e+16 1.46176e+16 1.743e+16 1.89386e+16 1.89386e+16 1.743e+16 1.46176e+16 1.09183e+16 6.93995e+15 3.39368e+15 9.39336e+14 1.08345e+13 7.32167e+11 3.64087e+10 1.36964e+09 4.48529e+07 1.28551e+06
7.44841e+06 3.15357e+08 1.27284e+10 5.13967e+11 2.08588e+13 1.0119e+15 8.94475e+16 3.11875e+17 6.30863e+17 9.90527e+17 1.32848e+18 1.58841e+18 1.72909e+18 1.72909e+18 1.58841e+18 1.32849e+18 9.90527e+17 6.30863e+17 3.11875e+17 8.94475e+16 1.0119e+15 2.08588e+13 5.13967e+11 1.27284e+10 3.15357e+08 7.44841e+06
2.19756e+07 9.71198e+08 4.10615e+10 1.73646e+12 7.35153e+13 3.65891e+15 3.13081e+17 1.08881e+18 2.19997e+18 3.45218e+18 4.62867e+18 5.53359e+18 6.0234e+18 6.0234e+18 5.53359e+18 4.62867e+18 3.45218e+18 2.19997e+18 1.08881e+18 3.13081e+17 3.65891e+15 7.35153e+13 1.73646e+12 4.10615e+10 9.71198e+08 2.19756e+07
4.36213e+07 1.94507e+09 8.29063e+10 3.52886e+12 1.50073e+14 7.47615e+15 6.33616e+17 2.20113e+18 4.44397e+18 6.96887e+18 9.339e+18 1.11608e+19 1.21465e+19 1.21465e+19 1.11608e+19 9.339e+18 6.96887e+18 4.44397e+18 2.20113e+18 6.33616e+17 7.47615e+15 1.50073e+14 3.52886e+12 8.29063e+10 1.94507e+09 4.36213e+07
6.83076e+07 3.05059e+09 1.30179e+11 5.54472e+12 2.35854e+14 1.17457e+16 9.94222e+17 3.45196e+18 6.96483e+18 1.09149e+19 1.46187e+19 1.7463e+19 1.90011e+19 1.90011e+19 1.7463e+19 1.46187e+19 1.09149e+19 6.96483e+18 3.45196e+18 9.94222e+17 1.17457e+16 2.35854e+14 5.54472e+12 1.30179e+11 3.05059e+09 6.83076e+07
9.14338e+07 4.08318e+09 1.74209e+11 7.41755e+12 3.15373e+14 1.5702e+16 1.33207e+18 4.62381e+18 9.3245e+18 1.46045e+19 1.95501e+19 2.33448e+19 2.53956e+19 2.53956e+19 2.33448e+19 1.95501e+19 1.46045e+19 9.3245e+18 4.62381e+18 1.33207e+18 1.5702e+16 3.15373e+14 7.41755e+12 1.74209e+11 4.08318e+09 9.14338e+07
1.09089e+08 4.87002e+09 2.07696e+11 8.83937e+12 3.75637e+14 1.86999e+16 1.59116e+18 5.52264e+18 1.11333e+19 1.74303e+19 2.33237e+19 2.78425e+19 3.02836e+19 3.02836e+19 2.78425e+19 2.33237e+19 1.74303e+19 1.11333e+19 5.52264e+18 1.59116e+18 1.86999e+16 3.75637e+14 8.83937e+12 2.07696e+11 4.87002e+09 1.09089e+08
1.18584e+08 5.29267e+09 2.25662e+11 9.60125e+12 4.07889e+14 2.03043e+16 1.7311e+18 6.0082e+18 1.211e+19 1.89553e+19 2.5359e+19 3.02674e+19 3.29182e+19 3.29182e+19 3.02674e+19 2.5359e+19 1.89553e+19 1.211e+19 6.00819e+18 1.7311e+18 2.03043e+16 4.07889e+14 9.60125e+12 2.25662e+11 5.29267e+09 1.18584e+08
1.18584e+08 5.29267e+09 2.25662e+11 9.60125e+12 4.07889e+14 2.03043e+16 1.7311e+18 6.00819e+18 1.211e+19 1.89553e+19 2.5359e+19 3.02674e+19 3.29182e+19 3.29182e+19 3.02674e+19 2.5359e+19 1.89553e+19 1.211e+19 6.0082e+18 1.7311e+18 2.03043e+16 4.07889e+14 9.60125e+12 2.25662e+11 5.29267e+09 1.18584e+08
1.09089e+08 4.87002e+09 2.07696e+11 8.83937e+12 3.75637e+14 1.86999e+16 1.59116e+18 5.52264e+18 1.11333e+19 1.74303e+19 2.33237e+19 2.78425e+19 3.02836e+19 3.02836e+19 2.78425e+19 2.33237e+19 1.74303e+19 1.11333e+19 5.52264e+18 1.59116e+18 1.86999e+16 3.75637e+14 8.83937e+12 2.07696e+11 4.87002e+09 1.09089e+08
9.14338e+07 4.08318e+09 1.74209e+11 7.41755e+12 3.15373e+14 1.5702e+16 1.33207e+18 4.62381e+18 9.3245e+18 1.46045e+19 1.95501e+19 2.33448e+19 2.53956e+19 2.53956e+19 2.33448e+19 1.95501e+19 1.46045e+19 9.3245e+18 4.62381e+18 1.33207e+18 1.5702e+16 3.15373e+14 7.41755e+12 1.74209e+11 4.08318e+09 9.14338e+07
6.83076e+07 3.05059e+09 1.30179e+11 5.54472e+12 2.35854e+14 1.17457e+16 9.94222e+17 3.45196e+18 6.96483e+18 1.09149e+19 1.46187e+19 1.7463e+19 1.90011e+19 1.90011e+19 1.7463e+19 1.46187e+19 1.09149e+19 6.96483e+18 3.45196e+18 9.94222e+17 1.17457e+16 2.35854e+14 5.54472e+12 1.30179e+11 3.05059e+09 6.83076e+07
4.36213e+07 1.94507e+09 8.29063e+10 3.52886e+12 1.50073e+14 7.47615e+15 6.33616e+17 2.20113e+18 4.44397e+18 6.96887e+18 9.339e+18 1.11608e+19 1.21465e+19 1.21465e+19 1.11608e+19 9.339e+18 6.96887e+18 4.44397e+18 2.20113e+18 6.33616e+17 7.47615e+15 1.50073e+14 3.52886e+12 8.29063e+10 1.94507e+09 4.36213e+07
2.19756e+07 9.71198e+08 4.10615e+10 1.73646e+12 7.35153e+13 3.65891e+15 3.13081e+17 1.08881e+18 2.19997e+18 3.45218e+18 4.62867e+18 5.53359e+18 6.0234e+18 6.0234e+18 5.53359e+18 4.62867e+18 3.45218e+18 2.19997e+18 1.08881e+18 3.13081e+17 3.65891e+15 7.35153e+13 1.73646e+12 4.10615e+10 9.71198e+08 2.19756e+07
7.44841e+06 3.15357e+08 1.27284e+10 5.13967e+11 2.08588e+13 1.0119e+15 8.94475e+16 3.11875e+17 6.30863e+17 9.90527e+17 1.32848e+18 1.58841e+18 1.72909e+18 1.72909e+18 1.58841e+18 1.32848e+18 9.90527e+17 6.30863e+17 3.11875e+17 8.94475e+16 1.0119e+15 2.08588e+13 5.13967e+11 1.27284e+10 3.15357e+08 7.44841e+06
1.28551e+06 4.48529e+07 1.36964e+09 3.64087e+10 7.32167e+11 1.08345e+13 9.39336e+14 3.39368e+15 6.93995e+15 1.09183e+16 1.46176e+16 1.743e+16 1.89386e+16 1.89386e+16 1.743e+16 1.46176e+16 1.09183e+16 6.93995e+15 3.39368e+15 9.39336e+14 1.08345e+13 7.32167e+11 3.64087e+10 1.36964e+09 4.48529e+07 1.28551e+06
139376 3.9662e+06 9.37261e+07 1.86589e+09 3.1368e+10 6.64895e+11 1.8938e+13 6.68177e+13 1.36579e+14 2.14965e+14 2.87856e+14 3.43254e+14 3.72963e+14 3.72963e+14 3.43254e+14 2.87856e+14 2.14965e+14 1.36579e+14 6.68177e+13 1.8938e+13 6.64895e+11 3.1368e+10 1.86589e+09 9.37261e+07 3.9662e+06 139376
11368.4 275195 5.52136e+06 9.95193e+07 1.75897e+09 3.30541e+10 4.66643e+11 1.57822e+12 3.21137e+12 5.05308e+12 6.76923e+12 8.07566e+12 8.77708e+12 8.77708e+12 8.07566e+12 6.76923e+12 5.05308e+12 3.21137e+12 1.57822e+12 4.66643e+11 3.30541e+10 1.75897e+09 9.95193e+07 5.52136e+06 275195 11368.4
783.08 16943.1 309573 5.29078e+06 8.65282e+07 1.24336e+09 1.15564e+10 3.73181e+10 7.54417e+10 1.18622e+11 1.58955e+11 1.89711e+11 2.06243e+11 2.06243e+11 1.89711e+11 1.58955e+11 1.18622e+11 7.54417e+10 3.73181e+10 1.15564e+10 1.24336e+09 8.65282e+07 5.29078e+06 309573 16943.1 783.08
48.3662 965.807 16386.1 257631 3.63173e+06 4.07149e+07 2.86317e+08 8.82619e+08 1.7698e+09 2.77942e+09 3.72502e+09 4.44737e+09 4.83607e+09 4.83607e+09 4.44737e+09 3.72502e+09 2.77942e+09 1.7698e+09 8.82619e+08 2.86317e+08 4.07149e+07 3.63173e+06 257631 16386.1 965.807 48.3662
2.51665 47.123 741.518 10516.8 127152 1.16682e+06 6.76237e+06 1.99702e+07 3.96873e+07 6.22279e+07 8.33994e+07 9.96014e+07 1.08329e+08 1.08329e+08 9.96014e+07 8.33994e+07 6.22279e+07 3.96873e+07 1.99702e+07 6.76237e+06 1.16682e+06 127152 10516.8 741.518 47.123 2.51664
