0.000931661 0.0174501 0.275957 3.94773 48.1502 444.506 2583.13 7643.43 15253.3 24074 32512.5 39091.7 42685.2 42685.2 39091.7 32512.5 24074 15253.3 7643.43 2583.13 444.506 48.1502 3.94773 0.275957 0.0174501 0.000931661
0.0177194 0.352599 5.99522 95.1489 1358.42 15380.3 108637 335585 675799 1.06866e+06 1.44388e+06 1.73625e+06 1.89591e+06 1.89591e+06 1.73625e+06 1.44388e+06 1.06866e+06 675799 335585 108637 15380.3 1358.42 95.1489 5.99522 0.352599 0.0177194
0.284969 6.11386 111.229 1912.6 31812.2 464936 4.3545e+06 1.40915e+07 2.86121e+07 4.53154e+07 6.12461e+07 7.36538e+07 8.04284e+07 8.04284e+07 7.36538e+07 6.12461e+07 4.53154e+07 2.86121e+07 1.40915e+07 4.3545e+06 464936 31812.2 1912.6 111.229 6.11386 0.284969
4.1345 98.9076 1960.56 35153.9 630420 1.22024e+07 1.74738e+08 5.92204e+08 1.21038e+09 1.91903e+09 2.59422e+09 3.11994e+09 3.40696e+09 3.40696e+09 3.11994e+09 2.59422e+09 1.91903e+09 1.21038e+09 5.92204e+08 1.74738e+08 1.22024e+07 630420 35153.9 1960.56 98.9076 4.1345
50.9009 1431.66 33330.4 651882 1.08399e+07 2.39987e+08 7.05581e+09 2.49412e+10 5.12091e+10 8.12427e+10 1.09841e+11 1.32104e+11 1.44259e+11 1.44259e+11 1.32104e+11 1.09841e+11 8.12427e+10 5.12091e+10 2.49412e+10 7.05581e+09 2.39987e+08 1.08399e+07 651882 33330.4 1431.66 50.9009
472.313 16329.1 492936 1.29045e+07 2.52336e+08 3.60847e+09 3.46826e+11 1.25509e+12 2.57699e+12 4.08523e+12 5.52062e+12 6.6379e+12 7.24781e+12 7.24781e+12 6.6379e+12 5.52062e+12 4.08523e+12 2.57699e+12 1.25509e+12 3.46826e+11 3.60847e+09 2.52336e+08 1.29045e+07 492936 16329.1 472.313
2751.44 115720 4.63867e+06 1.86157e+08 7.51784e+09 3.66068e+11 3.30471e+13 1.15095e+14 2.3289e+14 3.66602e+14 4.93601e+14 5.92401e+14 6.46335e+14 6.46335e+14 5.92401e+14 4.93601e+14 3.66602e+14 2.3289e+14 1.15095e+14 3.30471e+13 3.66068e+11 7.51784e+09 1.86157e+08 4.63867e+06 115720 2751.44
8143.94 357598 1.50176e+07 6.31209e+08 2.65876e+10 1.32627e+12 1.15469e+14 4.01173e+14 8.11014e+14 1.27608e+15 1.71774e+15 2.06133e+15 2.24889e+15 2.24889e+15 2.06133e+15 1.71774e+15 1.27608e+15 8.11014e+14 4.01173e+14 1.15469e+14 1.32627e+12 2.65876e+10 6.31209e+08 1.50176e+07 357598 8143.94
16244.8 719794 3.0478e+07 1.28945e+09 5.45605e+10 2.7223e+12 2.33826e+14 8.11655e+14 1.64031e+15 2.58051e+15 3.47336e+15 4.16793e+15 4.5471e+15 4.5471e+15 4.16793e+15 3.47336e+15 2.58051e+15 1.64031e+15 8.11655e+14 2.33826e+14 2.7223e+12 5.45605e+10 1.28945e+09 3.0478e+07 719794 16244.8
25619.6 1.13735e+06 4.82319e+07 2.04271e+09 8.64856e+10 4.3124e+12 3.68084e+14 1.27715e+15 2.58065e+15 4.05953e+15 5.4639e+15 6.55639e+15 7.15279e+15 7.15279e+15 6.55639e+15 5.4639e+15 4.05953e+15 2.58065e+15 1.27715e+15 3.68084e+14 4.3124e+12 8.64856e+10 2.04271e+09 4.82319e+07 1.13735e+06 25619.6
34572.4 1.53543e+06 6.51327e+07 2.75899e+09 1.16823e+11 5.82276e+12 4.95469e+14 1.71879e+15 3.47278e+15 5.4627e+15 7.35234e+15 8.82232e+15 9.62479e+15 9.62479e+15 8.82232e+15 7.35234e+15 5.4627e+15 3.47278e+15 1.71879e+15 4.95469e+14 5.82276e+12 1.16823e+11 2.75899e+09 6.51327e+07 1.53543e+06 34572.4
41541.4 1.8451e+06 7.82734e+07 3.31572e+09 1.40399e+11 6.9963e+12 5.94467e+14 2.06201e+15 4.16611e+15 6.5532e+15 8.81998e+15 1.05833e+16 1.1546e+16 1.1546e+16 1.05833e+16 8.81998e+15 6.5532e+15 4.16611e+15 2.06201e+15 5.94466e+14 6.9963e+12 1.40399e+11 3.31572e+09 7.82734e+07 1.8451e+06 41541.4
45343.6 2.01401e+06 8.54398e+07 3.6193e+09 1.53252e+11 7.63612e+12 6.48468e+14 2.24925e+15 4.54434e+15 7.1481e+15 9.62062e+15 1.1544e+16 1.2594e+16 1.2594e+16 1.1544e+16 9.62062e+15 7.1481e+15 4.54434e+15 2.24925e+15 6.48468e+14 7.63612e+12 1.53252e+11 3.6193e+09 8.54398e+07 2.01401e+06 45343.6
45343.6 2.01401e+06 8.54398e+07 3.6193e+09 1.53252e+11 7.63612e+12 6.48468e+14 2.24925e+15 4.54434e+15 7.1481e+15 9.62062e+15 1.1544e+16 1.2594e+16 1.2594e+16 1.1544e+16 9.62062e+15 7.1481e+15 4.54434e+15 2.24925e+15 6.48468e+14 7.63612e+12 1.53252e+11 3.6193e+09 8.54398e+07 2.01401e+06 45343.6
41541.4 1.8451e+06 7.82734e+07 3.31572e+09 1.40399e+11 6.9963e+12 5.94466e+14 2.06201e+15 4.16611e+15 6.5532e+15 8.81998e+15 1.05833e+16 1.1546e+16 1.1546e+16 1.05833e+16 8.81998e+15 6.5532e+15 4.16611e+15 2.06201e+15 5.94467e+14 6.9963e+12 1.40399e+11 3.31572e+09 7.82734e+07 1.8451e+06 41541.4
34572.4 1.53543e+06 6.51327e+07 2.75899e+09 1.16823e+11 5.82276e+12 4.95469e+14 1.71879e+15 3.47278e+15 5.4627e+15 7.35234e+15 8.82232e+15 9.62479e+15 9.62479e+15 8.82232e+15 7.35234e+15 5.4627e+15 3.47277e+15 1.71879e+15 4.95469e+14 5.82276e+12 1.16823e+11 2.75899e+09 6.51327e+07 1.53543e+06 34572.4
25619.6 1.13735e+06 4.82319e+07 2.04271e+09 8.64856e+10 4.3124e+12 3.68084e+14 1.27715e+15 2.58065e+15 4.05953e+15 5.4639e+15 6.55639e+15 7.15279e+15 7.15279e+15 6.55639e+15 5.4639e+15 4.05953e+15 2.58065e+15 1.27715e+15 3.68084e+14 4.3124e+12 8.64856e+10 2.04271e+09 4.82319e+07 1.13735e+06 25619.6
16244.8 719794 3.0478e+07 1.28945e+09 5.45605e+10 2.7223e+12 2.33826e+14 8.11655e+14 1.64031e+15 2.58051e+15 3.47336e+15 4.16793e+15 4.5471e+15 4.5471e+15 4.16793e+15 3.47336e+15 2.58051e+15 1.64031e+15 8.11655e+14 2.33826e+14 2.7223e+12 5.45605e+10 1.28945e+09 3.0478e+07 719794 16244.8
8143.94 357598 1.50176e+07 6.31209e+08 2.65876e+10 1.32627e+12 1.15469e+14 4.01173e+14 8.11014e+14 1.27608e+15 1.71774e+15 2.06133e+15 2.24889e+15 2.24889e+15 2.06133e+15 1.71774e+15 1.27608e+15 8.11014e+14 4.01173e+14 1.15469e+14 1.32627e+12 2.65876e+10 6.31209e+08 1.50176e+07 357598 8143.94
2751.44 115720 4.63867e+06 1.86157e+08 7.51784e+09 3.66068e+11 3.30471e+13 1.15095e+14 2.3289e+14 3.66602e+14 4.93601e+14 5.92401e+14 6.46335e+14 6.46335e+14 5.92401e+14 4.93601e+14 3.66602e+14 2.3289e+14 1.15095e+14 3.30471e+13 3.66068e+11 7.51784e+09 1.86157e+08 4.63867e+06 115720 2751.44
472.313 16329.1 492936 1.29045e+07 2.52336e+08 3.60847e+09 3.46826e+11 1.25509e+12 2.57699e+12 4.08523e+12 5.52062e+12 6.6379e+12 7.24781e+12 7.24781e+12 6.6379e+12 5.52062e+12 4.08523e+12 2.57699e+12 1.25509e+12 3.46826e+11 3.60847e+09 2.52336e+08 1.29045e+07 492936 16329.1 472.313
50.9009 1431.66 33330.4 651882 1.08399e+07 2.39987e+08 7.05581e+09 2.49412e+10 5.12091e+10 8.12427e+10 1.09841e+11 1.32104e+11 1.44259e+11 1.44259e+11 1.32104e+11 1.09841e+11 8.12427e+10 5.12091e+10 2.49412e+10 7.05581e+09 2.39987e+08 1.08399e+07 651882 33330.4 1431.66 50.9009
4.1345 98.9076 1960.56 35153.9 630420 1.22024e+07 1.74738e+08 5.92204e+08 1.21038e+09 1.91903e+09 2.59422e+09 3.11994e+09 3.40696e+09 3.40696e+09 3.11994e+09 2.59422e+09 1.91903e+09 1.21038e+09 5.92204e+08 1.74738e+08 1.22024e+07 630420 35153.9 1960.56 98.9076 4.1345
0.284969 6.11386 111.229 1912.6 31812.2 464936 4.3545e+06 1.40915e+07 2.86122e+07 4.53154e+07 6.12461e+07 7.36538e+07 8.04284e+07 8.04284e+07 7.36538e+07 6.12461e+07 4.53154e+07 2.86121e+07 1.40915e+07 4.3545e+06 464936 31812.2 1912.6 111.229 6.11386 0.284969
0.0177194 0.352599 5.99522 95.1489 1358.42 15380.3 108637 335585 675799 1.06866e+06 1.44388e+06 1.73625e+06 1.89591e+06 1.89591e+06 1.73625e+06 1.44388e+06 1.06866e+06 675799 335585 108637 15380.3 1358.42 95.1489 5.99522 0.352599 0.0177194
0.000931661 0.0174501 0.275957 3.94773 48.1502 444.506 2583.13 7643.43 15253.3 24074 32512.5 39091.7 42685.2 42685.2 39091.7 32512.5 24074 15253.3 7643.43 2583.13 444.506 48.1502 3.94773 0.275957 0.0174501 0.000931662
