0.000716164 0.0134779 0.214075 3.07435 37.647 349.175 2041.5 6094.43 12290 19601.1 26712.1 32329.2 35422.7 35422.7 32329.2 26712.1 19601.1 12290 6094.43 2041.5 349.175 37.647 3.07435 0.214075 0.0134779 0.000716164
0.0137091 0.27433 4.6872 74.6683 1069.59 12158 86352.8 269211 548148 876394 1.19537e+06 1.4473e+06 1.58606e+06 1.58606e+06 1.4473e+06 1.19537e+06 876394 548148 269211 86352.8 12158 1069.59 74.6683 4.6872 0.27433 0.0137091
0.221843 4.79036 87.6455 1512.92 25224.4 369599 3.47721e+06 1.13605e+07 2.33369e+07 3.73903e+07 5.10373e+07 6.18161e+07 6.77535e+07 6.77535e+07 6.18161e+07 5.10373e+07 3.73903e+07 2.33369e+07 1.13605e+07 3.47721e+06 369599 25224.4 1512.92 87.6455 4.79036 0.221843
3.2357 77.9481 1555.21 28022.7 503521 9.74785e+06 1.3997e+08 4.79131e+08 9.91345e+08 1.59091e+09 2.17292e+09 2.63268e+09 2.88597e+09 2.88597e+09 2.63268e+09 2.17292e+09 1.59091e+09 9.91345e+08 4.79131e+08 1.3997e+08 9.74785e+06 503521 28022.7 1555.21 77.9481 3.2357
40.0219 1133.48 26564.6 522734 8.73085e+06 1.92713e+08 5.66118e+09 2.02231e+10 4.2061e+10 6.75793e+10 9.23512e+10 1.11924e+11 1.22709e+11 1.22709e+11 1.11924e+11 9.23512e+10 6.75793e+10 4.2061e+10 2.02231e+10 5.66118e+09 1.92713e+08 8.73085e+06 522734 26564.6 1133.48 40.0219
373.124 12982 394165 1.03728e+07 2.04053e+08 2.93441e+09 2.78528e+11 1.01876e+12 2.11916e+12 3.40231e+12 4.64705e+12 5.63021e+12 6.17183e+12 6.17183e+12 5.63021e+12 4.64705e+12 3.40231e+12 2.11916e+12 1.01876e+12 2.78528e+11 2.93441e+09 2.04053e+08 1.03728e+07 394165 12982 373.124
2186.28 92473.8 3.7236e+06 1.49887e+08 6.06242e+09 2.94905e+11 2.6571e+13 9.32443e+13 1.90444e+14 3.02542e+14 4.10516e+14 4.95423e+14 5.42085e+14 5.42085e+14 4.95423e+14 4.10516e+14 3.02542e+14 1.90444e+14 9.32443e+13 2.6571e+13 2.94905e+11 6.06242e+09 1.49887e+08 3.7236e+06 92473.8 2186.28
6529.25 288428 1.2172e+07 5.13377e+08 2.16696e+10 1.08032e+12 9.36011e+13 3.27505e+14 6.68027e+14 1.06042e+15 1.43818e+15 1.73515e+15 1.89833e+15 1.89833e+15 1.73515e+15 1.43818e+15 1.06042e+15 6.68027e+14 3.27505e+14 9.36011e+13 1.08032e+12 2.16696e+10 5.13377e+08 1.2172e+07 288428 6529.25
13164.4 587166 2.49991e+07 1.062e+09 4.50609e+10 2.24756e+12 1.91431e+14 6.68941e+14 1.36368e+15 2.16395e+15 2.93419e+15 3.53961e+15 3.87226e+15 3.87226e+15 3.53961e+15 2.93419e+15 2.16395e+15 1.36368e+15 6.68941e+14 1.91431e+14 2.24756e+12 4.50609e+10 1.062e+09 2.49991e+07 587166 13164.4
20986.5 938363 4.00354e+07 1.70351e+09 7.23652e+10 3.60746e+12 3.04284e+14 1.0625e+15 2.16524e+15 3.43517e+15 4.65727e+15 5.61778e+15 6.14551e+15 6.14551e+15 5.61778e+15 4.65727e+15 3.43517e+15 2.16524e+15 1.0625e+15 3.04284e+14 3.60746e+12 7.23652e+10 1.70351e+09 4.00354e+07 938363 20986.5
28586 1.27924e+06 5.46193e+07 2.32547e+09 9.88371e+10 4.92518e+12 4.12963e+14 1.44133e+15 2.93662e+15 4.65836e+15 6.31507e+15 7.61707e+15 8.3324e+15 8.3324e+15 7.61707e+15 6.31507e+15 4.65836e+15 2.93662e+15 1.44133e+15 4.12963e+14 4.92518e+12 9.88371e+10 2.32547e+09 5.46193e+07 1.27924e+06 28586
34582.6 1.54818e+06 6.61253e+07 2.81622e+09 1.19728e+11 5.96483e+12 4.98392e+14 1.73903e+15 3.54274e+15 5.61941e+15 7.61752e+15 9.18776e+15 1.00504e+16 1.00504e+16 9.18776e+15 7.61752e+15 5.61941e+15 3.54274e+15 1.73903e+15 4.98392e+14 5.96483e+12 1.19728e+11 2.81622e+09 6.61253e+07 1.54818e+06 34582.6
37882.7 1.69619e+06 7.24582e+07 3.08636e+09 1.3123e+11 6.5371e+12 5.45326e+14 1.90256e+15 3.87568e+15 6.14728e+15 8.33288e+15 1.00504e+16 1.0994e+16 1.0994e+16 1.00504e+16 8.33288e+15 6.14728e+15 3.87568e+15 1.90256e+15 5.45326e+14 6.5371e+12 1.3123e+11 3.08636e+09 7.24582e+07 1.69619e+06 37882.7
37882.7 1.69619e+06 7.24582e+07 3.08636e+09 1.3123e+11 6.5371e+12 5.45326e+14 1.90256e+15 3.87568e+15 6.14728e+15 8.33288e+15 1.00504e+16 1.0994e+16 1.0994e+16 1.00504e+16 8.33288e+15 6.14728e+15 3.87568e+15 1.90256e+15 5.45326e+14 6.5371e+12 1.3123e+11 3.08636e+09 7.24582e+07 1.69619e+06 37882.7
34582.6 1.54818e+06 6.61253e+07 2.81622e+09 1.19728e+11 5.96483e+12 4.98392e+14 1.73903e+15 3.54274e+15 5.61941e+15 7.61752e+15 9.18776e+15 1.00504e+16 1.00504e+16 9.18776e+15 7.61752e+15 5.61941e+15 3.54274e+15 1.73903e+15 4.98392e+14 5.96483e+12 1.19728e+11 2.81622e+09 6.61253e+07 1.54818e+06 34582.6
28586 1.27924e+06 5.46193e+07 2.32547e+09 9.88371e+10 4.92518e+12 4.12963e+14 1.44133e+15 2.93662e+15 4.65836e+15 6.31507e+15 7.61707e+15 8.3324e+15 8.3324e+15 7.61707e+15 6.31507e+15 4.65836e+15 2.93662e+15 1.44133e+15 4.12963e+14 4.92518e+12 9.88371e+10 2.32547e+09 5.46193e+07 1.27924e+06 28586
20986.5 938363 4.00354e+07 1.70351e+09 7.23652e+10 3.60746e+12 3.04284e+14 1.0625e+15 2.16524e+15 3.43517e+15 4.65727e+15 5.61778e+15 6.14551e+15 6.14551e+15 5.61778e+15 4.65727e+15 3.43517e+15 2.16524e+15 1.0625e+15 3.04284e+14 3.60746e+12 7.23652e+10 1.70351e+09 4.00354e+07 938363 20986.5
13164.4 587166 2.49991e+07 1.062e+09 4.50609e+10 2.24756e+12 1.91431e+14 6.68941e+14 1.36368e+15 2.16395e+15 2.93419e+15 3.53961e+15 3.87226e+15 3.87226e+15 3.53961e+15 2.93419e+15 2.16395e+15 1.36368e+15 6.68941e+14 1.91431e+14 2.24756e+12 4.50609e+10 1.062e+09 2.49991e+07 587166 13164.4
6529.25 288428 1.2172e+07 5.13377e+08 2.16696e+10 1.08032e+12 9.36011e+13 3.27505e+14 6.68027e+14 1.06042e+15 1.43818e+15 1.73515e+15 1.89833e+15 1.89833e+15 1.73515e+15 1.43818e+15 1.06042e+15 6.68027e+14 3.27505e+14 9.36011e+13 1.08032e+12 2.16696e+10 5.13377e+08 1.2172e+07 288428 6529.25
2186.28 92473.8 3.7236e+06 1.49887e+08 6.06242e+09 2.94905e+11 2.6571e+13 9.32443e+13 1.90444e+14 3.02542e+14 4.10516e+14 4.95423e+14 5.42085e+14 5.42085e+14 4.95423e+14 4.10516e+14 3.02542e+14 1.90444e+14 9.32443e+13 2.6571e+13 2.94905e+11 6.06242e+09 1.49887e+08 3.7236e+06 92473.8 2186.28
373.124 12982 394165 1.03728e+07 2.04053e+08 2.93441e+09 2.78528e+11 1.01876e+12 2.11916e+12 3.40231e+12 4.64705e+12 5.63021e+12 6.17183e+12 6.17183e+12 5.63021e+12 4.64705e+12 3.40231e+12 2.11916e+12 1.01876e+12 2.78528e+11 2.93441e+09 2.04053e+08 1.03728e+07 394165 12982 373.124
40.0219 1133.48 26564.6 522734 8.73085e+06 1.92713e+08 5.66118e+09 2.02231e+10 4.2061e+10 6.75793e+10 9.23512e+10 1.11924e+11 1.22709e+11 1.22709e+11 1.11924e+11 9.23512e+10 6.75793e+10 4.2061e+10 2.02231e+10 5.66118e+09 1.92713e+08 8.73085e+06 522734 26564.6 1133.48 40.0219
3.2357 77.9481 1555.21 28022.7 503521 9.74785e+06 1.3997e+08 4.79131e+08 9.91345e+08 1.59091e+09 2.17292e+09 2.63268e+09 2.88597e+09 2.88597e+09 2.63268e+09 2.17292e+09 1.59091e+09 9.91345e+08 4.79131e+08 1.3997e+08 9.74785e+06 503521 28022.7 1555.21 77.9481 3.2357
0.221843 4.79036 87.6455 1512.92 25224.4 369599 3.47721e+06 1.13605e+07 2.33369e+07 3.73903e+07 5.10373e+07 6.18161e+07 6.77535e+07 6.77535e+07 6.18161e+07 5.10373e+07 3.73903e+07 2.33369e+07 1.13605e+07 3.47721e+06 369599 25224.4 1512.92 87.6455 4.79036 0.221843
0.0137091 0.27433 4.6872 74.6683 1069.59 12158 86352.8 269211 548148 876394 1.19537e+06 1.4473e+06 1.58606e+06 1.58606e+06 1.4473e+06 1.19537e+06 876394 548148 269211 86352.8 12158 1069.59 74.6683 4.6872 0.27433 0.0137091
0.000716164 0.0134779 0.214075 3.07435 37.647 349.175 2041.5 6094.43 12290 19601.1 26712.1 32329.2 35422.7 35422.7 32329.2 26712.1 19601.1 12290 6094.43 2041.5 349.175 37.647 3.07435 0.214075 0.0134779 0.000716164
