0.00637771 0.120705 1.93327 28.034 346.426 3236.12 19016.5 57003.5 115434 184840 252750 306642 336407 336407 306642 252750 184840 115434 57003.5 19016.5 3236.12 346.426 28.034 1.93327 0.120705 0.00637771
0.121992 2.45051 42.1695 678.737 9831.43 112760 805570 2.52234e+06 5.1585e+06 8.28237e+06 1.1337e+07 1.37614e+07 1.51006e+07 1.51006e+07 1.37614e+07 1.1337e+07 8.28237e+06 5.1585e+06 2.52234e+06 805570 112760 9831.43 678.737 42.1695 2.45051 0.121992
1.97692 42.7426 785.113 13674.4 231072 3.42765e+06 3.24788e+07 1.06598e+08 2.19996e+08 3.54046e+08 4.85076e+08 5.89089e+08 6.46562e+08 6.46562e+08 5.89089e+08 4.85076e+08 3.54046e+08 2.19996e+08 1.06598e+08 3.24788e+07 3.42765e+06 231072 13674.4 785.113 42.7426 1.97692
28.9597 697.215 13907.3 251414 4.57561e+06 9.02374e+07 1.30856e+09 4.50087e+09 9.35829e+09 1.50884e+10 2.0689e+10 2.51364e+10 2.75944e+10 2.75944e+10 2.51364e+10 2.0689e+10 1.50884e+10 9.35829e+09 4.50087e+09 1.30856e+09 9.02374e+07 4.57561e+06 251414 13907.3 697.215 28.9597
360.527 10203.2 238630 4.67885e+06 7.81486e+07 1.77134e+09 5.29517e+10 1.90115e+11 3.97456e+11 6.41725e+11 8.80542e+11 1.07026e+12 1.17514e+12 1.17514e+12 1.07026e+12 8.80542e+11 6.41725e+11 3.97456e+11 1.90115e+11 5.29517e+10 1.77134e+09 7.81486e+07 4.67885e+06 238630 10203.2 360.527
3384.94 117815 3.57461e+06 9.37819e+07 1.82651e+09 2.59441e+10 2.59805e+12 9.55455e+12 1.99813e+13 3.2241e+13 4.42195e+13 5.37321e+13 5.899e+13 5.899e+13 5.37321e+13 4.42195e+13 3.2241e+13 1.99813e+13 9.55455e+12 2.59805e+12 2.59441e+10 1.82651e+09 9.37819e+07 3.57461e+06 117815 3384.94
19958.3 845488 3.40893e+07 1.37352e+09 5.5586e+10 2.71417e+12 2.47712e+14 8.72486e+14 1.78891e+15 2.85244e+15 3.88247e+15 4.69586e+15 5.14404e+15 5.14404e+15 4.69586e+15 3.88247e+15 2.85244e+15 1.78891e+15 8.72486e+14 2.47712e+14 2.71417e+12 5.5586e+10 1.37352e+09 3.40893e+07 845488 19958.3
59875.7 2.6498e+06 1.12002e+08 4.72979e+09 1.99818e+11 9.99613e+12 8.75229e+14 3.07295e+15 6.29144e+15 1.00228e+16 1.36343e+16 1.6485e+16 1.80555e+16 1.80555e+16 1.6485e+16 1.36343e+16 1.00228e+16 6.29144e+15 3.07295e+15 8.75229e+14 9.99613e+12 1.99818e+11 4.72979e+09 1.12002e+08 2.6498e+06 59875.7
121235 5.41854e+06 2.31123e+08 9.83322e+09 4.17697e+11 2.09052e+13 1.79642e+15 6.29815e+15 1.28859e+16 2.05197e+16 2.79062e+16 3.37356e+16 3.69467e+16 3.69467e+16 3.37356e+16 2.79062e+16 2.05197e+16 1.28859e+16 6.29815e+15 1.79642e+15 2.09052e+13 4.17697e+11 9.83322e+09 2.31123e+08 5.41854e+06 121235
194026 8.6952e+06 3.7175e+08 1.58453e+10 6.74023e+11 3.37154e+13 2.86537e+15 1.00372e+16 2.05274e+16 3.26799e+16 4.4436e+16 5.3713e+16 5.88228e+16 5.88228e+16 5.3713e+16 4.44361e+16 3.26799e+16 2.05274e+16 1.00372e+16 2.86537e+15 3.37154e+13 6.74023e+11 1.58453e+10 3.7175e+08 8.6952e+06 194026
265138 1.18942e+07 5.08981e+08 2.17116e+10 9.24191e+11 4.6211e+13 3.90008e+15 1.36543e+16 2.79178e+16 4.4438e+16 6.04174e+16 7.30258e+16 7.99701e+16 7.99701e+16 7.30258e+16 6.04174e+16 4.4438e+16 2.79178e+16 1.36543e+16 3.90008e+15 4.6211e+13 9.24191e+11 2.17116e+10 5.08981e+08 1.18942e+07 265138
321487 1.44291e+07 6.17746e+08 2.63623e+10 1.12259e+12 5.61181e+13 4.71658e+15 1.65076e+16 3.37467e+16 5.37108e+16 7.30196e+16 8.82542e+16 9.66448e+16 9.66448e+16 8.82542e+16 7.30196e+16 5.37108e+16 3.37467e+16 1.65076e+16 4.71658e+15 5.61181e+13 1.12259e+12 2.63623e+10 6.17746e+08 1.44291e+07 321487
352577 1.5828e+07 6.77778e+08 2.89297e+10 1.23214e+12 6.15876e+13 5.16621e+15 1.80786e+16 3.69557e+16 5.88157e+16 7.99571e+16 9.66372e+16 1.05824e+17 1.05824e+17 9.66372e+16 7.99571e+16 5.88157e+16 3.69557e+16 1.80786e+16 5.16621e+15 6.15876e+13 1.23214e+12 2.89297e+10 6.77778e+08 1.5828e+07 352577
352577 1.5828e+07 6.77778e+08 2.89297e+10 1.23214e+12 6.15876e+13 5.16621e+15 1.80786e+16 3.69557e+16 5.88157e+16 7.99571e+16 9.66372e+16 1.05824e+17 1.05824e+17 9.66372e+16 7.99571e+16 5.88157e+16 3.69557e+16 1.80786e+16 5.16621e+15 6.15876e+13 1.23214e+12 2.89297e+10 6.77778e+08 1.5828e+07 352577
321487 1.44291e+07 6.17746e+08 2.63623e+10 1.12259e+12 5.61181e+13 4.71658e+15 1.65076e+16 3.37467e+16 5.37108e+16 7.30196e+16 8.82542e+16 9.66448e+16 9.66448e+16 8.82542e+16 7.30196e+16 5.37108e+16 3.37467e+16 1.65076e+16 4.71658e+15 5.61181e+13 1.12259e+12 2.63623e+10 6.17746e+08 1.44291e+07 321487
265138 1.18942e+07 5.08981e+08 2.17116e+10 9.24191e+11 4.6211e+13 3.90008e+15 1.36543e+16 2.79178e+16 4.4438e+16 6.04174e+16 7.30258e+16 7.99701e+16 7.99701e+16 7.30258e+16 6.04174e+16 4.4438e+16 2.79178e+16 1.36543e+16 3.90008e+15 4.6211e+13 9.24191e+11 2.17116e+10 5.08981e+08 1.18942e+07 265138
194026 8.6952e+06 3.7175e+08 1.58453e+10 6.74023e+11 3.37154e+13 2.86537e+15 1.00372e+16 2.05274e+16 3.26799e+16 4.44361e+16 5.3713e+16 5.88228e+16 5.88228e+16 5.3713e+16 4.4436e+16 3.26799e+16 2.05274e+16 1.00372e+16 2.86537e+15 3.37154e+13 6.74023e+11 1.58453e+10 3.7175e+08 8.6952e+06 194026
121235 5.41854e+06 2.31123e+08 9.83322e+09 4.17697e+11 2.09052e+13 1.79642e+15 6.29815e+15 1.28859e+16 2.05197e+16 2.79062e+16 3.37356e+16 3.69467e+16 3.69467e+16 3.37356e+16 2.79062e+16 2.05197e+16 1.28859e+16 6.29815e+15 1.79642e+15 2.09052e+13 4.17697e+11 9.83322e+09 2.31123e+08 5.41854e+06 121235
59875.7 2.6498e+06 1.12002e+08 4.72979e+09 1.99818e+11 9.99613e+12 8.75229e+14 3.07295e+15 6.29144e+15 1.00228e+16 1.36343e+16 1.6485e+16 1.80555e+16 1.80555e+16 1.6485e+16 1.36343e+16 1.00228e+16 6.29144e+15 3.07295e+15 8.75229e+14 9.99613e+12 1.99818e+11 4.72979e+09 1.12002e+08 2.6498e+06 59875.7
19958.3 845488 3.40893e+07 1.37352e+09 5.5586e+10 2.71417e+12 2.47712e+14 8.72486e+14 1.78891e+15 2.85244e+15 3.88247e+15 4.69586e+15 5.14404e+15 5.14404e+15 4.69586e+15 3.88247e+15 2.85244e+15 1.78891e+15 8.72486e+14 2.47712e+14 2.71417e+12 5.5586e+10 1.37352e+09 3.40893e+07 845488 19958.3
3384.94 117815 3.57461e+06 9.37819e+07 1.82651e+09 2.59441e+10 2.59805e+12 9.55455e+12 1.99813e+13 3.2241e+13 4.42195e+13 5.37321e+13 5.899e+13 5.899e+13 5.37321e+13 4.42195e+13 3.2241e+13 1.99813e+13 9.55455e+12 2.59805e+12 2.59441e+10 1.82651e+09 9.37819e+07 3.57461e+06 117815 3384.94
360.527 10203.2 238630 4.67885e+06 7.81486e+07 1.77134e+09 5.29517e+10 1.90115e+11 3.97456e+11 6.41725e+11 8.80542e+11 1.07026e+12 1.17514e+12 1.17514e+12 1.07026e+12 8.80542e+11 6.41725e+11 3.97456e+11 1.90115e+11 5.29517e+10 1.77134e+09 7.81486e+07 4.67885e+06 238630 10203.2 360.527
28.9597 697.215 13907.3 251414 4.57561e+06 9.02374e+07 1.30856e+09 4.50087e+09 9.35829e+09 1.50884e+10 2.0689e+10 2.51364e+10 2.75944e+10 2.75944e+10 2.51364e+10 2.0689e+10 1.50884e+10 9.35829e+09 4.50087e+09 1.30856e+09 9.02374e+07 4.57561e+06 251414 13907.3 697.215 28.9597
1.97692 42.7426 785.113 13674.4 231072 3.42765e+06 3.24788e+07 1.06598e+08 2.19996e+08 3.54046e+08 4.85076e+08 5.89089e+08 6.46562e+08 6.46562e+08 5.89089e+08 4.85076e+08 3.54046e+08 2.19996e+08 1.06598e+08 3.24788e+07 3.42765e+06 231072 13674.4 785.113 42.7426 1.97692
0.121992 2.45051 42.1695 678.737 9831.43 112760 805570 2.52234e+06 5.1585e+06 8.28237e+06 1.1337e+07 1.37614e+07 1.51006e+07 1.51006e+07 1.37614e+07 1.1337e+07 8.28237e+06 5.1585e+06 2.52234e+06 805570 112760 9831.43 678.737 42.1695 2.45051 0.121992
0.00637771 0.120705 1.93327 28.034 346.426 3236.12 19016.5 57003.5 115434 184840 252750 306642 336407 336407 306642 252750 184840 115434 57003.5 19016.5 3236.12 346.426 28.034 1.93327 0.120705 0.00637771
