0.12912 2.46236 39.5965 575.19 7117.41 66616.4 392412 1.17823e+06 2.38714e+06 3.8195e+06 5.21442e+06 6.31546e+06 6.92106e+06 6.92106e+06 6.31546e+06 5.21442e+06 3.8195e+06 2.38714e+06 1.17823e+06 392412 66616.4 7117.41 575.19 39.5965 2.46236 0.12912
2.49713 50.7453 878.335 14159.7 205078 2.35316e+06 1.68393e+07 5.28185e+07 1.08094e+08 1.73436e+08 2.37019e+08 2.87197e+08 3.14794e+08 3.14794e+08 2.87197e+08 2.37019e+08 1.73436e+08 1.08094e+08 5.28185e+07 1.68393e+07 2.35316e+06 205078 14159.7 878.335 50.7453 2.49713
40.7798 894.236 16560.7 289154 4.87734e+06 7.21976e+07 6.84389e+08 2.25036e+09 4.6481e+09 7.47538e+09 1.02246e+10 1.23938e+10 1.35868e+10 1.35868e+10 1.23938e+10 1.02246e+10 7.47538e+09 4.6481e+09 2.25036e+09 6.84389e+08 7.21976e+07 4.87734e+06 289154 16560.7 894.236 40.7798
600.119 14671.5 295781 5.37851e+06 9.7732e+07 1.91514e+09 2.77199e+10 9.55346e+10 1.98829e+11 3.20358e+11 4.38476e+11 5.31664e+11 5.82908e+11 5.82908e+11 5.31664e+11 4.38476e+11 3.20358e+11 1.98829e+11 9.55346e+10 2.77199e+10 1.91514e+09 9.7732e+07 5.37851e+06 295781 14671.5 600.119
7490.64 215209 5.09007e+06 1.00763e+08 1.69324e+09 3.79391e+10 1.12566e+12 4.05062e+12 8.47783e+12 1.36787e+13 1.87328e+13 2.27198e+13 2.4912e+13 2.4912e+13 2.27198e+13 1.87328e+13 1.36787e+13 8.47783e+12 4.05062e+12 1.12566e+12 3.79391e+10 1.69324e+09 1.00763e+08 5.09007e+06 215209 7490.64
70454.8 2.48663e+06 7.61845e+07 2.01569e+09 3.96994e+10 5.70971e+11 5.54331e+13 2.04374e+14 4.28001e+14 6.90242e+14 9.44946e+14 1.14582e+15 1.25624e+15 1.25624e+15 1.14582e+15 9.44946e+14 6.90242e+14 4.28001e+14 2.04374e+14 5.54331e+13 5.70971e+11 3.96994e+10 2.01569e+09 7.61845e+07 2.48663e+06 70454.8
416059 1.78542e+07 7.25648e+08 2.93919e+10 1.19363e+12 5.82756e+13 5.2891e+15 1.86819e+16 3.8393e+16 6.12846e+16 8.34191e+16 1.00851e+17 1.10433e+17 1.10433e+17 1.00851e+17 8.34192e+16 6.12846e+16 3.8393e+16 1.86819e+16 5.2891e+15 5.82756e+13 1.19363e+12 2.93919e+10 7.25648e+08 1.78542e+07 416059
1.24976e+06 5.60303e+07 2.38746e+09 1.01367e+11 4.2984e+12 2.15158e+14 1.87465e+16 6.59986e+16 1.35428e+17 2.15989e+17 2.93851e+17 3.5516e+17 3.88861e+17 3.88861e+17 3.5516e+17 2.93851e+17 2.15989e+17 1.35428e+17 6.59986e+16 1.87465e+16 2.15158e+14 4.2984e+12 1.01367e+11 2.38746e+09 5.60303e+07 1.24976e+06
2.53111e+06 1.14625e+08 4.92949e+09 2.10891e+11 8.99322e+12 4.50545e+14 3.85677e+16 1.35578e+17 2.77999e+17 4.43164e+17 6.0275e+17 7.28388e+17 7.97445e+17 7.97445e+17 7.28388e+17 6.0275e+17 4.43164e+17 2.77999e+17 1.35578e+17 3.85677e+16 4.50545e+14 8.99322e+12 2.10891e+11 4.92949e+09 1.14625e+08 2.53111e+06
4.04688e+06 1.83777e+08 7.92184e+09 3.39525e+11 1.44986e+13 7.26128e+14 6.15779e+16 2.16286e+17 4.43287e+17 7.06437e+17 9.60632e+17 1.16072e+18 1.27069e+18 1.27069e+18 1.16072e+18 9.60632e+17 7.06437e+17 4.43287e+17 2.16286e+17 6.15778e+16 7.26128e+14 1.44986e+13 3.39525e+11 7.92184e+09 1.83777e+08 4.04688e+06
5.5202e+06 2.50934e+08 1.08256e+10 4.64282e+11 1.98368e+13 9.9322e+14 8.38043e+16 2.94217e+17 6.02844e+17 9.60519e+17 1.30595e+18 1.57782e+18 1.72722e+18 1.72722e+18 1.57782e+18 1.30595e+18 9.60519e+17 6.02844e+17 2.94217e+17 8.38043e+16 9.9322e+14 1.98368e+13 4.64282e+11 1.08256e+10 2.50934e+08 5.5202e+06
6.68102e+06 3.03832e+08 1.31122e+10 5.62507e+11 2.40389e+13 1.20342e+15 1.01287e+17 3.55511e+17 7.28323e+17 1.1603e+18 1.57744e+18 1.9057e+18 2.08609e+18 2.08609e+18 1.9057e+18 1.57744e+18 1.1603e+18 7.28323e+17 3.55511e+17 1.01287e+17 1.20342e+15 2.40389e+13 5.62507e+11 1.31122e+10 3.03832e+08 6.68102e+06
7.31866e+06 3.32886e+08 1.4368e+10 6.1644e+11 2.63458e+13 1.3188e+15 1.10889e+17 3.89173e+17 7.97232e+17 1.27001e+18 1.72651e+18 2.08573e+18 2.28313e+18 2.28313e+18 2.08573e+18 1.72651e+18 1.27001e+18 7.97232e+17 3.89173e+17 1.10889e+17 1.3188e+15 2.63458e+13 6.1644e+11 1.4368e+10 3.32886e+08 7.31866e+06
7.31866e+06 3.32886e+08 1.4368e+10 6.1644e+11 2.63458e+13 1.3188e+15 1.10889e+17 3.89173e+17 7.97232e+17 1.27001e+18 1.72651e+18 2.08573e+18 2.28313e+18 2.28313e+18 2.08573e+18 1.72651e+18 1.27001e+18 7.97232e+17 3.89173e+17 1.10889e+17 1.3188e+15 2.63458e+13 6.1644e+11 1.4368e+10 3.32886e+08 7.31866e+06
6.68102e+06 3.03832e+08 1.31122e+10 5.62507e+11 2.40389e+13 1.20342e+15 1.01287e+17 3.55511e+17 7.28323e+17 1.1603e+18 1.57744e+18 1.9057e+18 2.08609e+18 2.08609e+18 1.9057e+18 1.57744e+18 1.1603e+18 7.28323e+17 3.55511e+17 1.01287e+17 1.20342e+15 2.40389e+13 5.62507e+11 1.31122e+10 3.03832e+08 6.68102e+06
5.5202e+06 2.50934e+08 1.08256e+10 4.64282e+11 1.98368e+13 9.9322e+14 8.38043e+16 2.94217e+17 6.02844e+17 9.60519e+17 1.30595e+18 1.57782e+18 1.72722e+18 1.72722e+18 1.57782e+18 1.30595e+18 9.60519e+17 6.02844e+17 2.94217e+17 8.38043e+16 9.9322e+14 1.98368e+13 4.64282e+11 1.08256e+10 2.50934e+08 5.5202e+06
4.04688e+06 1.83777e+08 7.92184e+09 3.39525e+11 1.44986e+13 7.26128e+14 6.15778e+16 2.16286e+17 4.43287e+17 7.06437e+17 9.60632e+17 1.16072e+18 1.27069e+18 1.27069e+18 1.16072e+18 9.60632e+17 7.06437e+17 4.43287e+17 2.16286e+17 6.15779e+16 7.26128e+14 1.44986e+13 3.39525e+11 7.92184e+09 1.83777e+08 4.04688e+06
2.53111e+06 1.14625e+08 4.92949e+09 2.10891e+11 8.99322e+12 4.50545e+14 3.85677e+16 1.35578e+17 2.77999e+17 4.43164e+17 6.0275e+17 7.28388e+17 7.97445e+17 7.97445e+17 7.28388e+17 6.0275e+17 4.43164e+17 2.77999e+17 1.35578e+17 3.85677e+16 4.50545e+14 8.99322e+12 2.10891e+11 4.92949e+09 1.14625e+08 2.53111e+06
1.24976e+06 5.60303e+07 2.38746e+09 1.01367e+11 4.2984e+12 2.15158e+14 1.87465e+16 6.59986e+16 1.35428e+17 2.15989e+17 2.93851e+17 3.5516e+17 3.88861e+17 3.88861e+17 3.5516e+17 2.93851e+17 2.15989e+17 1.35428e+17 6.59986e+16 1.87465e+16 2.15158e+14 4.2984e+12 1.01367e+11 2.38746e+09 5.60303e+07 1.24976e+06
416059 1.78542e+07 7.25648e+08 2.93919e+10 1.19363e+12 5.82756e+13 5.2891e+15 1.86819e+16 3.8393e+16 6.12846e+16 8.34192e+16 1.00851e+17 1.10433e+17 1.10433e+17 1.00851e+17 8.34191e+16 6.12846e+16 3.8393e+16 1.86819e+16 5.2891e+15 5.82756e+13 1.19363e+12 2.93919e+10 7.25648e+08 1.78542e+07 416059
70454.8 2.48663e+06 7.61845e+07 2.01569e+09 3.96994e+10 5.70971e+11 5.54331e+13 2.04374e+14 4.28001e+14 6.90242e+14 9.44946e+14 1.14582e+15 1.25624e+15 1.25624e+15 1.14582e+15 9.44946e+14 6.90242e+14 4.28001e+14 2.04374e+14 5.54331e+13 5.70971e+11 3.96994e+10 2.01569e+09 7.61845e+07 2.48663e+06 70454.8
7490.64 215209 5.09007e+06 1.00763e+08 1.69324e+09 3.79391e+10 1.12566e+12 4.05062e+12 8.47783e+12 1.36787e+13 1.87328e+13 2.27198e+13 2.4912e+13 2.4912e+13 2.27198e+13 1.87328e+13 1.36787e+13 8.47783e+12 4.05062e+12 1.12566e+12 3.79391e+10 1.69324e+09 1.00763e+08 5.09007e+06 215209 7490.64
600.119 14671.5 295781 5.37851e+06 9.7732e+07 1.91514e+09 2.77199e+10 9.55346e+10 1.98829e+11 3.20358e+11 4.38476e+11 5.31664e+11 5.82908e+11 5.82908e+11 5.31664e+11 4.38476e+11 3.20358e+11 1.98829e+11 9.55346e+10 2.77199e+10 1.91514e+09 9.7732e+07 5.37851e+06 295781 14671.5 600.119
40.7798 894.236 16560.7 289154 4.87734e+06 7.21976e+07 6.84389e+08 2.25036e+09 4.6481e+09 7.47538e+09 1.02246e+10 1.23938e+10 1.35868e+10 1.35868e+10 1.23938e+10 1.02246e+10 7.47538e+09 4.6481e+09 2.25036e+09 6.84389e+08 7.21976e+07 4.87734e+06 289154 16560.7 894.236 40.7798
2.49713 50.7453 878.335 14159.7 205078 2.35316e+06 1.68393e+07 5.28185e+07 1.08094e+08 1.73436e+08 2.37019e+08 2.87197e+08 3.14794e+08 3.14794e+08 2.87197e+08 2.37019e+08 1.73436e+08 1.08094e+08 5.28185e+07 1.68393e+07 2.35316e+06 205078 14159.7 878.335 50.7453 2.49713
0.12912 2.46236 39.5965 575.19 7117.41 66616.4 392412 1.17823e+06 2.38714e+06 3.8195e+06 5.21442e+06 6.31546e+06 6.92106e+06 6.92106e+06 6.31546e+06 5.21442e+06 3.8195e+06 2.38714e+06 1.17823e+06 392412 66616.4 7117.41 575.19 39.5965 2.46236 0.12912
