2.14365 40.0649 628.848 8894.85 107323 984378 5.71699e+06 1.69971e+07 3.41123e+07 5.40915e+07 7.32791e+07 8.82556e+07 9.64337e+07 9.64337e+07 8.82556e+07 7.32791e+07 5.40915e+07 3.41123e+07 1.69971e+07 5.71699e+06 984378 107323 8894.85 628.848 40.0649 2.14365
41.2116 821.812 13911.3 218053 3.06451e+06 3.43007e+07 2.41514e+08 7.49545e+08 1.51822e+09 2.41218e+09 3.26907e+09 3.93723e+09 4.30189e+09 4.30189e+09 3.93723e+09 3.26907e+09 2.41218e+09 1.51822e+09 7.49545e+08 2.41514e+08 3.43007e+07 3.06451e+06 218053 13911.3 821.812 41.2115
667.137 14424.6 263193 4.48583e+06 7.30646e+07 1.04638e+09 9.72583e+09 3.1621e+10 6.45934e+10 1.02795e+11 1.39349e+11 1.67827e+11 1.83361e+11 1.83361e+11 1.67827e+11 1.39349e+11 1.02795e+11 6.45934e+10 3.1621e+10 9.72583e+09 1.04638e+09 7.30646e+07 4.48582e+06 263193 14424.6 667.137
9677.86 234215 4.69827e+06 8.46023e+07 1.48943e+09 2.78156e+10 3.91909e+11 1.33465e+12 2.74516e+12 4.37385e+12 5.93017e+12 7.14167e+12 7.80218e+12 7.80218e+12 7.14167e+12 5.93017e+12 4.37385e+12 2.74516e+12 1.33465e+12 3.91909e+11 2.78156e+10 1.48943e+09 8.46023e+07 4.69827e+06 234215 9677.86
118530 3.3714e+06 7.9682e+07 1.58809e+09 2.67114e+10 5.60921e+11 1.58751e+13 5.64095e+13 1.166e+14 1.85922e+14 2.52098e+14 3.03576e+14 3.31629e+14 3.31629e+14 3.03576e+14 2.52098e+14 1.85922e+14 1.166e+14 5.64095e+13 1.58751e+13 5.60921e+11 2.67114e+10 1.58809e+09 7.9682e+07 3.3714e+06 118530
1.09279e+06 3.80798e+07 1.16184e+09 3.08963e+10 6.2346e+11 9.27184e+12 7.86938e+14 2.86236e+15 5.91765e+15 9.4294e+15 1.27799e+16 1.53855e+16 1.68053e+16 1.68053e+16 1.53855e+16 1.27799e+16 9.4294e+15 5.91765e+15 2.86236e+15 7.86938e+14 9.27184e+12 6.2346e+11 3.08963e+10 1.16184e+09 3.80798e+07 1.09279e+06
6.34238e+06 2.6791e+08 1.07879e+10 4.34675e+11 1.76062e+13 8.51191e+14 7.4892e+16 2.62226e+17 5.34042e+17 8.45176e+17 1.14217e+18 1.37372e+18 1.5002e+18 1.5002e+18 1.37372e+18 1.14217e+18 8.45176e+17 5.34042e+17 2.62226e+17 7.4892e+16 8.51191e+14 1.76062e+13 4.34675e+11 1.07879e+10 2.6791e+08 6.34238e+06
1.88385e+07 8.30635e+08 3.50372e+10 1.47865e+12 6.24879e+13 3.09961e+15 2.63402e+17 9.19657e+17 1.87045e+18 2.95781e+18 3.99521e+18 4.80379e+18 5.2454e+18 5.2454e+18 4.80379e+18 3.99521e+18 2.95781e+18 1.87045e+18 9.19657e+17 2.63402e+17 3.09961e+15 6.24879e+13 1.47865e+12 3.50372e+10 8.30635e+08 1.88385e+07
3.77712e+07 1.68079e+09 7.1499e+10 3.03817e+12 1.29027e+14 6.40594e+15 5.371e+17 1.8728e+18 3.80594e+18 6.0147e+18 8.12033e+18 9.76058e+18 1.06561e+19 1.06561e+19 9.76058e+18 8.12033e+18 6.0147e+18 3.80594e+18 1.8728e+18 5.371e+17 6.40594e+15 1.29027e+14 3.03817e+12 7.1499e+10 1.68079e+09 3.77712e+07
5.98342e+07 2.66778e+09 1.13666e+11 4.83552e+12 2.0551e+14 1.01994e+16 8.50169e+17 2.96216e+18 6.01601e+18 9.50205e+18 1.28225e+19 1.54073e+19 1.68178e+19 1.68178e+19 1.54073e+19 1.28225e+19 9.50205e+18 6.01601e+18 2.96216e+18 8.50169e+17 1.01994e+16 2.0551e+14 4.83552e+12 1.13666e+11 2.66778e+09 5.98342e+07
8.09851e+07 3.61207e+09 1.53937e+11 6.54953e+12 2.78368e+14 1.38111e+16 1.14861e+18 4.00014e+18 8.12028e+18 1.28197e+19 1.72923e+19 2.07717e+19 2.26696e+19 2.26696e+19 2.07717e+19 1.72923e+19 1.28197e+19 8.12028e+18 4.00014e+18 1.14861e+18 1.38111e+16 2.78368e+14 6.54953e+12 1.53937e+11 3.61207e+09 8.09851e+07
9.74676e+07 4.34715e+09 1.85254e+11 7.88136e+12 3.34938e+14 1.66143e+16 1.38096e+18 4.80806e+18 9.75724e+18 1.53988e+19 2.07648e+19 2.49371e+19 2.72122e+19 2.72122e+19 2.49371e+19 2.07648e+19 1.53988e+19 9.75724e+18 4.80806e+18 1.38096e+18 1.66143e+16 3.34938e+14 7.88136e+12 1.85254e+11 4.34715e+09 9.74676e+07
1.06458e+08 4.74788e+09 2.02317e+11 8.60657e+12 3.65725e+14 1.81396e+16 1.50774e+18 5.24885e+18 1.065e+19 1.68048e+19 2.2657e+19 2.72062e+19 2.96863e+19 2.96863e+19 2.72062e+19 2.2657e+19 1.68048e+19 1.065e+19 5.24885e+18 1.50774e+18 1.81396e+16 3.65725e+14 8.60657e+12 2.02317e+11 4.74788e+09 1.06458e+08
1.06458e+08 4.74788e+09 2.02317e+11 8.60657e+12 3.65725e+14 1.81396e+16 1.50774e+18 5.24885e+18 1.065e+19 1.68048e+19 2.2657e+19 2.72062e+19 2.96863e+19 2.96863e+19 2.72062e+19 2.2657e+19 1.68048e+19 1.065e+19 5.24885e+18 1.50774e+18 1.81396e+16 3.65725e+14 8.60657e+12 2.02317e+11 4.74788e+09 1.06458e+08
9.74676e+07 4.34715e+09 1.85254e+11 7.88136e+12 3.34938e+14 1.66143e+16 1.38096e+18 4.80806e+18 9.75724e+18 1.53988e+19 2.07648e+19 2.49371e+19 2.72122e+19 2.72122e+19 2.49371e+19 2.07648e+19 1.53988e+19 9.75724e+18 4.80806e+18 1.38096e+18 1.66143e+16 3.34938e+14 7.88136e+12 1.85254e+11 4.34715e+09 9.74676e+07
8.09851e+07 3.61207e+09 1.53937e+11 6.54953e+12 2.78368e+14 1.38111e+16 1.14861e+18 4.00014e+18 8.12028e+18 1.28197e+19 1.72923e+19 2.07717e+19 2.26696e+19 2.26696e+19 2.07717e+19 1.72923e+19 1.28197e+19 8.12028e+18 4.00014e+18 1.14861e+18 1.38111e+16 2.78368e+14 6.54953e+12 1.53937e+11 3.61207e+09 8.09851e+07
5.98342e+07 2.66778e+09 1.13666e+11 4.83552e+12 2.0551e+14 1.01994e+16 8.50169e+17 2.96216e+18 6.01601e+18 9.50205e+18 1.28225e+19 1.54073e+19 1.68178e+19 1.68178e+19 1.54073e+19 1.28225e+19 9.50205e+18 6.01601e+18 2.96216e+18 8.50169e+17 1.01994e+16 2.0551e+14 4.83552e+12 1.13666e+11 2.66778e+09 5.98342e+07
3.77712e+07 1.68079e+09 7.1499e+10 3.03817e+12 1.29027e+14 6.40594e+15 5.371e+17 1.8728e+18 3.80594e+18 6.0147e+18 8.12033e+18 9.76058e+18 1.06561e+19 1.06561e+19 9.76058e+18 8.12033e+18 6.0147e+18 3.80594e+18 1.8728e+18 5.371e+17 6.40594e+15 1.29027e+14 3.03817e+12 7.1499e+10 1.68079e+09 3.77712e+07
1.88385e+07 8.30635e+08 3.50372e+10 1.47865e+12 6.24879e+13 3.09961e+15 2.63402e+17 9.19657e+17 1.87045e+18 2.95781e+18 3.99521e+18 4.80379e+18 5.2454e+18 5.2454e+18 4.80379e+18 3.99521e+18 2.95781e+18 1.87045e+18 9.19657e+17 2.63402e+17 3.09961e+15 6.24879e+13 1.47865e+12 3.50372e+10 8.30635e+08 1.88385e+07
6.34238e+06 2.6791e+08 1.07879e+10 4.34675e+11 1.76062e+13 8.51191e+14 7.4892e+16 2.62226e+17 5.34042e+17 8.45176e+17 1.14217e+18 1.37372e+18 1.5002e+18 1.5002e+18 1.37372e+18 1.14217e+18 8.45176e+17 5.34042e+17 2.62226e+17 7.4892e+16 8.51191e+14 1.76062e+13 4.34675e+11 1.07879e+10 2.6791e+08 6.34238e+06
1.09279e+06 3.80798e+07 1.16184e+09 3.08963e+10 6.2346e+11 9.27184e+12 7.86938e+14 2.86236e+15 5.91765e+15 9.4294e+15 1.27799e+16 1.53855e+16 1.68053e+16 1.68053e+16 1.53855e+16 1.27799e+16 9.4294e+15 5.91765e+15 2.86236e+15 7.86938e+14 9.27184e+12 6.2346e+11 3.08963e+10 1.16184e+09 3.80798e+07 1.09279e+06
118530 3.3714e+06 7.9682e+07 1.58809e+09 2.67114e+10 5.60921e+11 1.58751e+13 5.64095e+13 1.166e+14 1.85922e+14 2.52098e+14 3.03576e+14 3.31629e+14 3.31629e+14 3.03576e+14 2.52098e+14 1.85922e+14 1.166e+14 5.64095e+13 1.58751e+13 5.60921e+11 2.67114e+10 1.58809e+09 7.9682e+07 3.3714e+06 118530
9677.86 234215 4.69827e+06 8.46023e+07 1.48943e+09 2.78156e+10 3.91909e+11 1.33465e+12 2.74516e+12 4.37385e+12 5.93017e+12 7.14167e+12 7.80218e+12 7.80218e+12 7.14167e+12 5.93017e+12 4.37385e+12 2.74516e+12 1.33465e+12 3.91909e+11 2.78156e+10 1.48943e+09 8.46023e+07 4.69827e+06 234215 9677.86
667.137 14424.6 263193 4.48582e+06 7.30646e+07 1.04638e+09 9.72583e+09 3.1621e+10 6.45934e+10 1.02795e+11 1.39349e+11 1.67827e+11 1.83361e+11 1.83361e+11 1.67827e+11 1.39349e+11 1.02795e+11 6.45934e+10 3.1621e+10 9.72583e+09 1.04638e+09 7.30646e+07 4.48582e+06 263193 14424.6 667.137
41.2116 821.812 13911.3 218053 3.06451e+06 3.43007e+07 2.41514e+08 7.49545e+08 1.51822e+09 2.41218e+09 3.26907e+09 3.93723e+09 4.30189e+09 4.30189e+09 3.93723e+09 3.26907e+09 2.41218e+09 1.51822e+09 7.49545e+08 2.41514e+08 3.43007e+07 3.06451e+06 218053 13911.3 821.812 41.2116
2.14365 40.0649 628.848 8894.85 107323 984378 5.71699e+06 1.69971e+07 3.41123e+07 5.40915e+07 7.32791e+07 8.82556e+07 9.64337e+07 9.64337e+07 8.82556e+07 7.32791e+07 5.40915e+07 3.41123e+07 1.69971e+07 5.71699e+06 984378 107323 8894.85 628.848 40.0649 2.14364
