0.00885015 0.165215 2.58884 36.5482 440.192 4031.75 23393.7 69531.3 139605 221618 300689 362664 396614 396614 362664 300689 221618 139605 69531.3 23393.7 4031.75 440.192 36.5482 2.58884 0.165215 0.00885016
0.170176 3.39041 57.3031 896.38 12572.2 140496 988282 3.06648e+06 6.21456e+06 9.88647e+06 1.34212e+07 1.619e+07 1.77064e+07 1.77064e+07 1.619e+07 1.34212e+07 9.88647e+06 6.21456e+06 3.06648e+06 988282 140496 12572.2 896.38 57.3031 3.39041 0.170176
2.75441 59.5224 1084.76 18451.5 299819 4.28543e+06 3.97889e+07 1.29341e+08 2.64381e+08 4.21346e+08 5.72251e+08 6.90401e+08 7.55096e+08 7.55096e+08 6.90401e+08 5.72251e+08 4.21346e+08 2.64381e+08 1.29341e+08 3.97889e+07 4.28543e+06 299819 18451.5 1084.76 59.5224 2.75441
39.9326 966.218 19369 348236 6.11448e+06 1.13882e+08 1.60241e+09 5.45624e+09 1.12308e+10 1.79224e+10 2.43496e+10 2.93801e+10 3.21341e+10 3.21341e+10 2.93801e+10 2.43496e+10 1.79224e+10 1.12308e+10 5.45624e+09 1.60241e+09 1.13882e+08 6.11448e+06 348236 19369 966.218 39.9326
488.611 13897.7 328383 6.53989e+06 1.09796e+08 2.29618e+09 6.48606e+10 2.30437e+11 4.76695e+11 7.61411e+11 1.03473e+12 1.24859e+12 1.36566e+12 1.36566e+12 1.24859e+12 1.03473e+12 7.61411e+11 4.76695e+11 2.30437e+11 6.48606e+10 2.29618e+09 1.09796e+08 6.53989e+06 328383 13897.7 488.611
4500.15 156818 4.7838e+06 1.27163e+08 2.56521e+09 3.80756e+10 3.21435e+12 1.16876e+13 2.41779e+13 3.8587e+13 5.24092e+13 6.32213e+13 6.91387e+13 6.91387e+13 6.32213e+13 5.24092e+13 3.8587e+13 2.41779e+13 1.16876e+13 3.21435e+12 3.80756e+10 2.56521e+09 1.27163e+08 4.7838e+06 156818 4500.15
26097 1.10235e+06 4.43764e+07 1.78697e+09 7.23226e+10 3.49207e+12 3.06335e+14 1.07156e+15 2.18118e+15 3.45217e+15 4.66763e+15 5.61748e+15 6.13731e+15 6.13731e+15 5.61748e+15 4.66763e+15 3.45217e+15 2.18118e+15 1.07156e+15 3.06335e+14 3.49207e+12 7.23226e+10 1.78697e+09 4.43764e+07 1.10235e+06 26097
77503 3.41748e+06 1.44122e+08 6.07877e+09 2.56687e+11 1.27153e+13 1.07683e+15 3.75642e+15 7.63706e+15 1.2079e+16 1.63255e+16 1.96434e+16 2.14592e+16 2.14592e+16 1.96434e+16 1.63255e+16 1.2079e+16 7.63706e+15 3.75642e+15 1.07683e+15 1.27153e+13 2.56687e+11 6.07877e+09 1.44122e+08 3.41748e+06 77503
155490 6.92039e+06 2.94354e+08 1.25018e+10 5.30548e+11 2.63025e+13 2.19543e+15 7.64946e+15 1.5543e+16 2.45747e+16 3.32066e+16 3.99501e+16 4.36401e+16 4.36401e+16 3.99501e+16 3.32066e+16 2.45747e+16 1.5543e+16 7.64946e+15 2.19543e+15 2.63025e+13 5.30548e+11 1.25018e+10 2.94354e+08 6.92039e+06 155490
246646 1.10008e+07 4.68739e+08 1.99343e+10 8.46715e+11 4.19588e+13 3.47671e+15 1.21059e+16 2.45895e+16 3.88686e+16 5.25127e+16 6.31704e+16 6.90018e+16 6.90018e+16 6.31704e+16 5.25127e+16 3.88686e+16 2.45895e+16 1.21059e+16 3.47671e+15 4.19588e+13 8.46715e+11 1.99343e+10 4.68739e+08 1.10008e+07 246646
334416 1.49233e+07 6.36153e+08 2.70626e+10 1.14976e+12 5.69568e+13 4.70135e+15 1.6364e+16 3.32315e+16 5.25205e+16 7.09484e+16 8.53413e+16 9.32158e+16 9.32158e+16 8.53413e+16 7.09484e+16 5.25205e+16 3.32315e+16 1.6364e+16 4.70135e+15 5.69568e+13 1.14976e+12 2.70626e+10 6.36153e+08 1.49233e+07 334416
403130 1.79922e+07 7.67066e+08 3.26346e+10 1.38657e+12 6.86735e+13 5.65771e+15 1.9689e+16 3.99786e+16 6.31775e+16 8.53383e+16 1.02645e+17 1.12114e+17 1.12114e+17 1.02645e+17 8.53383e+16 6.31775e+16 3.99786e+16 1.9689e+16 5.65772e+15 6.86735e+13 1.38657e+12 3.26346e+10 7.67066e+08 1.79922e+07 403130
440742 1.96716e+07 8.38688e+08 3.56823e+10 1.51608e+12 7.50801e+13 6.1808e+15 2.15075e+16 4.36686e+16 6.90055e+16 9.32071e+16 1.12107e+17 1.22447e+17 1.22447e+17 1.12107e+17 9.32071e+16 6.90055e+16 4.36686e+16 2.15075e+16 6.1808e+15 7.50801e+13 1.51608e+12 3.56823e+10 8.38688e+08 1.96716e+07 440742
440742 1.96716e+07 8.38688e+08 3.56823e+10 1.51608e+12 7.50801e+13 6.1808e+15 2.15075e+16 4.36686e+16 6.90055e+16 9.32071e+16 1.12107e+17 1.22447e+17 1.22447e+17 1.12107e+17 9.32071e+16 6.90055e+16 4.36686e+16 2.15075e+16 6.1808e+15 7.50801e+13 1.51608e+12 3.56823e+10 8.38688e+08 1.96716e+07 440742
403130 1.79922e+07 7.67066e+08 3.26346e+10 1.38657e+12 6.86735e+13 5.65771e+15 1.9689e+16 3.99786e+16 6.31775e+16 8.53383e+16 1.02645e+17 1.12114e+17 1.12114e+17 1.02645e+17 8.53383e+16 6.31775e+16 3.99786e+16 1.9689e+16 5.65771e+15 6.86735e+13 1.38657e+12 3.26346e+10 7.67066e+08 1.79922e+07 403130
334416 1.49233e+07 6.36153e+08 2.70626e+10 1.14976e+12 5.69568e+13 4.70135e+15 1.6364e+16 3.32315e+16 5.25205e+16 7.09484e+16 8.53413e+16 9.32158e+16 9.32158e+16 8.53413e+16 7.09484e+16 5.25205e+16 3.32315e+16 1.6364e+16 4.70135e+15 5.69568e+13 1.14976e+12 2.70626e+10 6.36153e+08 1.49233e+07 334416
246646 1.10008e+07 4.68739e+08 1.99343e+10 8.46715e+11 4.19588e+13 3.47671e+15 1.21059e+16 2.45895e+16 3.88686e+16 5.25127e+16 6.31704e+16 6.90018e+16 6.90018e+16 6.31704e+16 5.25127e+16 3.88686e+16 2.45895e+16 1.21059e+16 3.47671e+15 4.19588e+13 8.46715e+11 1.99343e+10 4.68739e+08 1.10008e+07 246646
155490 6.92039e+06 2.94354e+08 1.25018e+10 5.30548e+11 2.63025e+13 2.19543e+15 7.64946e+15 1.5543e+16 2.45747e+16 3.32066e+16 3.99501e+16 4.36401e+16 4.36401e+16 3.99501e+16 3.32066e+16 2.45747e+16 1.5543e+16 7.64946e+15 2.19543e+15 2.63025e+13 5.30548e+11 1.25018e+10 2.94354e+08 6.92039e+06 155490
77503 3.41748e+06 1.44122e+08 6.07877e+09 2.56687e+11 1.27153e+13 1.07683e+15 3.75642e+15 7.63706e+15 1.2079e+16 1.63255e+16 1.96434e+16 2.14592e+16 2.14592e+16 1.96434e+16 1.63255e+16 1.2079e+16 7.63706e+15 3.75642e+15 1.07683e+15 1.27153e+13 2.56687e+11 6.07877e+09 1.44122e+08 3.41748e+06 77503
26097 1.10235e+06 4.43764e+07 1.78697e+09 7.23226e+10 3.49207e+12 3.06335e+14 1.07156e+15 2.18118e+15 3.45217e+15 4.66763e+15 5.61748e+15 6.13731e+15 6.13731e+15 5.61748e+15 4.66763e+15 3.45217e+15 2.18118e+15 1.07156e+15 3.06335e+14 3.49207e+12 7.23226e+10 1.78697e+09 4.43764e+07 1.10235e+06 26097
4500.15 156818 4.7838e+06 1.27163e+08 2.56521e+09 3.80756e+10 3.21435e+12 1.16876e+13 2.41779e+13 3.8587e+13 5.24092e+13 6.32213e+13 6.91387e+13 6.91387e+13 6.32213e+13 5.24092e+13 3.8587e+13 2.41779e+13 1.16876e+13 3.21435e+12 3.80756e+10 2.56521e+09 1.27163e+08 4.7838e+06 156818 4500.15
488.611 13897.7 328383 6.53989e+06 1.09796e+08 2.29618e+09 6.48606e+10 2.30437e+11 4.76695e+11 7.61411e+11 1.03473e+12 1.24859e+12 1.36566e+12 1.36566e+12 1.24859e+12 1.03473e+12 7.61411e+11 4.76695e+11 2.30437e+11 6.48606e+10 2.29618e+09 1.09796e+08 6.53989e+06 328383 13897.7 488.611
39.9326 966.218 19369 348236 6.11448e+06 1.13882e+08 1.60241e+09 5.45624e+09 1.12308e+10 1.79224e+10 2.43496e+10 2.93801e+10 3.21341e+10 3.21341e+10 2.93801e+10 2.43496e+10 1.79224e+10 1.12308e+10 5.45624e+09 1.60241e+09 1.13882e+08 6.11448e+06 348236 19369 966.218 39.9326
2.75441 59.5224 1084.76 18451.5 299819 4.28543e+06 3.97889e+07 1.29341e+08 2.64381e+08 4.21346e+08 5.72251e+08 6.90401e+08 7.55096e+08 7.55096e+08 6.90401e+08 5.72251e+08 4.21346e+08 2.64381e+08 1.29341e+08 3.97889e+07 4.28543e+06 299819 18451.5 1084.76 59.5224 2.75441
0.170176 3.39041 57.3031 896.38 12572.2 140496 988282 3.06648e+06 6.21456e+06 9.88647e+06 1.34212e+07 1.619e+07 1.77064e+07 1.77064e+07 1.619e+07 1.34212e+07 9.88647e+06 6.21456e+06 3.06648e+06 988282 140496 12572.2 896.38 57.3031 3.39041 0.170176
0.00885015 0.165215 2.58884 36.5482 440.192 4031.75 23393.7 69531.3 139605 221618 300689 362664 396614 396614 362664 300689 221618 139605 69531.3 23393.7 4031.75 440.192 36.5482 2.58884 0.165215 0.00885015
