5.12036e-05 0.000962207 0.0152928 0.220075 2.69955 25.0372 146.034 433.799 869.674 1379.24 1870.94 2257.11 2469.05 2469.05 2257.11 1870.94 1379.24 869.674 433.799 146.034 25.0372 2.69955 0.220075 0.0152928 0.000962207 5.12037e-05
0.000973364 0.0194097 0.331402 5.29251 76.081 866.321 6144.01 19055.7 38557.5 61279.9 83177.7 100370 109806 109806 100370 83177.7 61279.9 38557.5 19055.7 6144.01 866.321 76.081 5.29251 0.331402 0.0194097 0.000973364
0.0156685 0.336311 6.13125 105.983 1777.31 26175.3 246321 800435 1.63334e+06 2.60047e+06 3.53155e+06 4.26247e+06 4.66365e+06 4.66365e+06 4.26247e+06 3.53155e+06 2.60047e+06 1.63334e+06 800435 246321 26175.3 1777.31 105.983 6.13125 0.336311 0.0156685
0.227965 5.44943 107.957 1938.83 35034.6 685912 9.88436e+06 3.36438e+07 6.91196e+07 1.10189e+08 1.49703e+08 1.80722e+08 1.9775e+08 1.9775e+08 1.80722e+08 1.49703e+08 1.10189e+08 6.91196e+07 3.36438e+07 9.88436e+06 685912 35034.6 1938.83 107.957 5.44943 0.227965
2.81835 79.2032 1840.73 35903.9 596721 1.34253e+07 3.99035e+08 1.41687e+09 2.92481e+09 4.66671e+09 6.34226e+09 7.65781e+09 8.38006e+09 8.38006e+09 7.65781e+09 6.34226e+09 4.66671e+09 2.92481e+09 1.41687e+09 3.99035e+08 1.34253e+07 596721 35903.9 1840.73 79.2032 2.81835
26.2742 908.158 27389.9 715344 1.38948e+07 1.97023e+08 1.95723e+10 7.11555e+10 1.46889e+11 2.34182e+11 3.18096e+11 3.83962e+11 4.20118e+11 4.20118e+11 3.83962e+11 3.18096e+11 2.34182e+11 1.46889e+11 7.11555e+10 1.95723e+10 1.97023e+08 1.38948e+07 715344 27389.9 908.158 26.2742
153.753 6469.05 259368 1.04088e+07 4.20267e+08 2.04999e+10 1.8647e+12 6.51265e+12 1.32232e+13 2.08902e+13 2.82189e+13 3.39506e+13 3.70905e+13 3.70905e+13 3.39506e+13 2.82189e+13 2.08902e+13 1.32232e+13 6.51266e+12 1.8647e+12 2.04999e+10 4.20267e+08 1.04088e+07 259368 6469.05 153.753
457.062 20080.4 843615 3.54647e+07 1.49381e+09 7.4626e+10 6.53247e+12 2.27548e+13 4.61507e+13 7.28654e+13 9.83914e+13 1.1835e+14 1.29283e+14 1.29283e+14 1.1835e+14 9.83914e+13 7.28654e+13 4.61507e+13 2.27548e+13 6.53247e+12 7.4626e+10 1.49381e+09 3.54647e+07 843615 20080.4 457.062
916.15 40623.8 1.72113e+06 7.28462e+07 3.08298e+09 1.54038e+11 1.32749e+13 4.61914e+13 9.36442e+13 1.47816e+14 1.99569e+14 2.40032e+14 2.62194e+14 2.62194e+14 2.40032e+14 1.99569e+14 1.47816e+14 9.36442e+13 4.61914e+13 1.32749e+13 1.54038e+11 3.08298e+09 7.28462e+07 1.72113e+06 40623.8 916.15
1452.18 64528.9 2.73872e+06 1.16063e+08 4.91616e+09 2.45453e+11 2.09761e+13 7.2946e+13 1.47849e+14 2.33347e+14 3.15023e+14 3.78877e+14 4.1385e+14 4.1385e+14 3.78877e+14 3.15023e+14 2.33347e+14 1.47849e+14 7.2946e+13 2.09761e+13 2.45453e+11 4.91616e+09 1.16063e+08 2.73872e+06 64528.9 1452.18
1968.68 87532.3 3.71687e+06 1.57577e+08 6.67666e+09 3.33194e+11 2.83329e+13 9.84956e+13 1.99607e+14 3.15011e+14 4.2525e+14 5.11433e+14 5.58634e+14 5.58634e+14 5.11433e+14 4.2525e+14 3.15011e+14 1.99607e+14 9.84956e+13 2.83329e+13 3.33194e+11 6.67666e+09 1.57577e+08 3.71687e+06 87532.3 1968.68
2373.78 105568 4.48367e+06 1.9012e+08 8.05687e+09 4.01966e+11 3.40827e+13 1.18461e+14 2.40048e+14 3.78817e+14 5.11372e+14 6.14999e+14 6.71754e+14 6.71754e+14 6.14999e+14 5.11372e+14 3.78817e+14 2.40048e+14 1.18461e+14 3.40827e+13 4.01966e+11 8.05687e+09 1.9012e+08 4.48367e+06 105568 2373.78
2595.91 115458 4.90413e+06 2.07966e+08 8.81382e+09 4.39679e+11 3.7231e+13 1.29391e+14 2.62189e+14 4.13748e+14 5.58519e+14 6.71695e+14 7.3368e+14 7.3368e+14 6.71695e+14 5.58519e+14 4.13748e+14 2.62189e+14 1.29391e+14 3.72309e+13 4.39679e+11 8.81382e+09 2.07966e+08 4.90413e+06 115458 2595.91
2595.91 115458 4.90413e+06 2.07966e+08 8.81382e+09 4.39679e+11 3.72309e+13 1.29391e+14 2.62189e+14 4.13748e+14 5.58519e+14 6.71695e+14 7.3368e+14 7.3368e+14 6.71695e+14 5.58519e+14 4.13748e+14 2.62189e+14 1.29391e+14 3.7231e+13 4.39679e+11 8.81382e+09 2.07966e+08 4.90413e+06 115458 2595.91
2373.78 105568 4.48367e+06 1.9012e+08 8.05687e+09 4.01966e+11 3.40827e+13 1.18461e+14 2.40048e+14 3.78817e+14 5.11372e+14 6.14999e+14 6.71754e+14 6.71754e+14 6.14999e+14 5.11372e+14 3.78817e+14 2.40048e+14 1.18461e+14 3.40827e+13 4.01966e+11 8.05687e+09 1.9012e+08 4.48367e+06 105568 2373.78
1968.68 87532.3 3.71687e+06 1.57577e+08 6.67666e+09 3.33194e+11 2.83329e+13 9.84956e+13 1.99607e+14 3.15011e+14 4.2525e+14 5.11433e+14 5.58634e+14 5.58634e+14 5.11433e+14 4.2525e+14 3.15011e+14 1.99607e+14 9.84956e+13 2.83329e+13 3.33194e+11 6.67666e+09 1.57577e+08 3.71687e+06 87532.3 1968.68
1452.18 64528.9 2.73872e+06 1.16063e+08 4.91616e+09 2.45453e+11 2.09761e+13 7.2946e+13 1.47849e+14 2.33347e+14 3.15023e+14 3.78877e+14 4.1385e+14 4.1385e+14 3.78877e+14 3.15023e+14 2.33347e+14 1.47849e+14 7.2946e+13 2.09761e+13 2.45453e+11 4.91616e+09 1.16063e+08 2.73872e+06 64528.9 1452.18
916.15 40623.8 1.72113e+06 7.28462e+07 3.08298e+09 1.54038e+11 1.32749e+13 4.61914e+13 9.36442e+13 1.47816e+14 1.99569e+14 2.40032e+14 2.62194e+14 2.62194e+14 2.40032e+14 1.99569e+14 1.47816e+14 9.36442e+13 4.61914e+13 1.32749e+13 1.54038e+11 3.08298e+09 7.28462e+07 1.72113e+06 40623.8 916.15
457.062 20080.4 843615 3.54647e+07 1.49381e+09 7.4626e+10 6.53247e+12 2.27548e+13 4.61507e+13 7.28654e+13 9.83914e+13 1.1835e+14 1.29283e+14 1.29283e+14 1.1835e+14 9.83914e+13 7.28654e+13 4.61507e+13 2.27548e+13 6.53247e+12 7.4626e+10 1.49381e+09 3.54647e+07 843615 20080.4 457.062
153.753 6469.05 259368 1.04088e+07 4.20267e+08 2.04999e+10 1.8647e+12 6.51266e+12 1.32232e+13 2.08902e+13 2.82189e+13 3.39506e+13 3.70905e+13 3.70905e+13 3.39506e+13 2.82189e+13 2.08902e+13 1.32232e+13 6.51265e+12 1.8647e+12 2.04999e+10 4.20267e+08 1.04088e+07 259368 6469.05 153.753
26.2742 908.158 27389.9 715344 1.38948e+07 1.97023e+08 1.95723e+10 7.11555e+10 1.46889e+11 2.34182e+11 3.18096e+11 3.83962e+11 4.20118e+11 4.20118e+11 3.83962e+11 3.18096e+11 2.34182e+11 1.46889e+11 7.11555e+10 1.95723e+10 1.97023e+08 1.38948e+07 715344 27389.9 908.158 26.2742
2.81835 79.2032 1840.73 35903.9 596721 1.34253e+07 3.99035e+08 1.41687e+09 2.92481e+09 4.66671e+09 6.34226e+09 7.65781e+09 8.38006e+09 8.38006e+09 7.65781e+09 6.34226e+09 4.66671e+09 2.92481e+09 1.41687e+09 3.99035e+08 1.34253e+07 596721 35903.9 1840.73 79.2032 2.81835
0.227965 5.44943 107.957 1938.83 35034.6 685912 9.88436e+06 3.36438e+07 6.91196e+07 1.10189e+08 1.49703e+08 1.80722e+08 1.9775e+08 1.9775e+08 1.80722e+08 1.49703e+08 1.10189e+08 6.91196e+07 3.36438e+07 9.88436e+06 685912 35034.6 1938.83 107.957 5.44943 0.227965
0.0156685 0.336311 6.13125 105.983 1777.31 26175.3 246321 800435 1.63334e+06 2.60047e+06 3.53155e+06 4.26247e+06 4.66365e+06 4.66365e+06 4.26247e+06 3.53155e+06 2.60047e+06 1.63334e+06 800435 246321 26175.3 1777.31 105.983 6.13125 0.336311 0.0156685
0.000973364 0.0194097 0.331402 5.29251 76.081 866.321 6144.01 19055.7 38557.5 61279.9 83177.7 100370 109806 109806 100370 83177.7 61279.9 38557.5 19055.7 6144.01 866.321 76.081 5.29251 0.331402 0.0194097 0.000973364
5.12036e-05 0.000962207 0.0152928 0.220075 2.69955 25.0372 146.034 433.799 869.674 1379.24 1870.94 2257.11 2469.05 2469.05 2257.11 1870.94 1379.24 869.674 433.799 146.034 25.0372 2.69955 0.220075 0.0152928 0.000962207 5.12036e-05
