2.34536e-05 0.000440269 0.00698442 0.100285 1.22772 11.3725 66.3087 197.066 395.389 627.606 852.025 1028.5 1125.43 1125.43 1028.5 852.025 627.606 395.389 197.066 66.3087 11.3725 1.22772 0.100285 0.00698442 0.000440269 2.34536e-05
0.000446438 0.00889841 0.151705 2.41664 34.6461 393.763 2790.75 8659.65 17536.7 27896.8 37896.6 45757.9 50076.1 50076.1 45757.9 37896.6 27896.8 17536.7 8659.65 2790.75 393.763 34.6461 2.41664 0.151705 0.00889841 0.000446438
0.00719152 0.154426 2.81397 48.5353 810.999 11907.1 111916 363853 743115 1.18426e+06 1.60965e+06 1.94403e+06 2.12773e+06 2.12773e+06 1.94403e+06 1.60965e+06 1.18426e+06 743115 363853 111916 11907.1 810.999 48.5353 2.81397 0.154426 0.00719152
0.104605 2.50325 49.6353 891.036 16042.6 312408 4.49177e+06 1.52964e+07 3.14546e+07 5.01941e+07 6.82541e+07 8.2451e+07 9.0251e+07 9.0251e+07 8.2451e+07 6.82541e+07 5.01941e+07 3.14546e+07 1.52964e+07 4.49177e+06 312408 16042.6 891.036 49.6353 2.50325 0.104605
1.29197 36.3493 846.057 16532.8 274876 6.13199e+06 1.81348e+08 6.44255e+08 1.33121e+09 2.12622e+09 2.89227e+09 3.49457e+09 3.82553e+09 3.82553e+09 3.49457e+09 2.89227e+09 2.12622e+09 1.33121e+09 6.44255e+08 1.81348e+08 6.13199e+06 274876 16532.8 846.057 36.3493 1.29197
12.0307 416.153 12563.9 328667 6.40805e+06 9.12185e+07 8.90341e+09 3.23828e+10 6.69118e+10 1.06784e+11 1.45177e+11 1.75354e+11 1.91933e+11 1.91933e+11 1.75354e+11 1.45177e+11 1.06784e+11 6.69117e+10 3.23828e+10 8.90341e+09 9.12185e+07 6.40805e+06 328667 12563.9 416.153 12.0307
70.3525 2960.96 118744 4.76602e+06 1.92437e+08 9.37411e+09 8.48981e+11 2.96616e+12 6.02639e+12 9.52731e+12 1.28778e+13 1.55006e+13 1.69384e+13 1.69384e+13 1.55006e+13 1.28778e+13 9.52731e+12 6.02639e+12 2.96616e+12 8.48981e+11 9.37411e+09 1.92437e+08 4.76602e+06 118744 2960.96 70.3525
209.225 9194.83 386379 1.62452e+07 6.84298e+08 3.41447e+10 2.97625e+12 1.03705e+13 2.10464e+13 3.32518e+13 4.49278e+13 5.40659e+13 5.90742e+13 5.90742e+13 5.40659e+13 4.49278e+13 3.32518e+13 2.10464e+13 1.03705e+13 2.97625e+12 3.41447e+10 6.84298e+08 1.62452e+07 386379 9194.83 209.225
419.747 18618.8 789048 3.34024e+07 1.41379e+09 7.05579e+10 6.05351e+12 2.10697e+13 4.27407e+13 6.75102e+13 9.12014e+13 1.09741e+14 1.19902e+14 1.19902e+14 1.09741e+14 9.12014e+13 6.75102e+13 4.27407e+13 2.10697e+13 6.05351e+12 7.05579e+10 1.41379e+09 3.34024e+07 789048 18618.8 419.747
666.016 29606.5 1.25695e+06 5.328e+07 2.25715e+09 1.12567e+11 9.57401e+12 3.33027e+13 6.75388e+13 1.06664e+14 1.44083e+14 1.73364e+14 1.89411e+14 1.89411e+14 1.73364e+14 1.44083e+14 1.06664e+14 6.75388e+13 3.33027e+13 9.57401e+12 1.12567e+11 2.25715e+09 5.328e+07 1.25695e+06 29606.5 666.016
903.752 40200.1 1.70762e+06 7.2414e+07 3.06879e+09 1.52973e+11 1.29422e+13 4.50018e+13 9.12514e+13 1.44102e+14 1.94644e+14 2.34192e+14 2.55865e+14 2.55865e+14 2.34192e+14 1.94644e+14 1.44102e+14 9.12514e+13 4.50018e+13 1.29422e+13 1.52973e+11 3.06879e+09 7.2414e+07 1.70762e+06 40200.1 903.752
1090.51 48519.6 2.0615e+06 8.74387e+07 3.70621e+09 1.84698e+11 1.55779e+13 5.41547e+13 1.09801e+14 1.73387e+14 2.34193e+14 2.81772e+14 3.07846e+14 3.07846e+14 2.81772e+14 2.34193e+14 1.73387e+14 1.09801e+14 5.41547e+13 1.55779e+13 1.84698e+11 3.70621e+09 8.74387e+07 2.0615e+06 48519.6 1090.51
1193.02 53086.2 2.25575e+06 9.56871e+07 4.0562e+09 2.02115e+11 1.70221e+13 5.91696e+13 1.19965e+14 1.89431e+14 2.5586e+14 3.07839e+14 3.36323e+14 3.36323e+14 3.07839e+14 2.5586e+14 1.89431e+14 1.19965e+14 5.91696e+13 1.70221e+13 2.02115e+11 4.0562e+09 9.56871e+07 2.25575e+06 53086.2 1193.02
1193.02 53086.2 2.25575e+06 9.56871e+07 4.0562e+09 2.02115e+11 1.70221e+13 5.91696e+13 1.19965e+14 1.89431e+14 2.5586e+14 3.07839e+14 3.36323e+14 3.36323e+14 3.07839e+14 2.5586e+14 1.89431e+14 1.19965e+14 5.91696e+13 1.70221e+13 2.02115e+11 4.0562e+09 9.56871e+07 2.25575e+06 53086.2 1193.02
1090.51 48519.6 2.0615e+06 8.74387e+07 3.70621e+09 1.84698e+11 1.55779e+13 5.41547e+13 1.09801e+14 1.73387e+14 2.34193e+14 2.81772e+14 3.07846e+14 3.07846e+14 2.81772e+14 2.34193e+14 1.73387e+14 1.09801e+14 5.41547e+13 1.55779e+13 1.84698e+11 3.70621e+09 8.74387e+07 2.0615e+06 48519.6 1090.51
903.752 40200.1 1.70762e+06 7.2414e+07 3.06879e+09 1.52973e+11 1.29422e+13 4.50018e+13 9.12514e+13 1.44102e+14 1.94644e+14 2.34192e+14 2.55865e+14 2.55865e+14 2.34192e+14 1.94644e+14 1.44102e+14 9.12514e+13 4.50018e+13 1.29422e+13 1.52973e+11 3.06879e+09 7.2414e+07 1.70762e+06 40200.1 903.752
666.016 29606.5 1.25695e+06 5.328e+07 2.25715e+09 1.12567e+11 9.57401e+12 3.33027e+13 6.75388e+13 1.06664e+14 1.44083e+14 1.73364e+14 1.89411e+14 1.89411e+14 1.73364e+14 1.44083e+14 1.06664e+14 6.75388e+13 3.33027e+13 9.57401e+12 1.12567e+11 2.25715e+09 5.328e+07 1.25695e+06 29606.5 666.016
419.747 18618.8 789048 3.34024e+07 1.41379e+09 7.05579e+10 6.05351e+12 2.10697e+13 4.27407e+13 6.75102e+13 9.12014e+13 1.09741e+14 1.19902e+14 1.19902e+14 1.09741e+14 9.12014e+13 6.75102e+13 4.27407e+13 2.10697e+13 6.05351e+12 7.05579e+10 1.41379e+09 3.34024e+07 789048 18618.8 419.747
209.225 9194.83 386379 1.62452e+07 6.84298e+08 3.41447e+10 2.97625e+12 1.03705e+13 2.10464e+13 3.32518e+13 4.49278e+13 5.40659e+13 5.90742e+13 5.90742e+13 5.40659e+13 4.49278e+13 3.32518e+13 2.10464e+13 1.03705e+13 2.97625e+12 3.41447e+10 6.84298e+08 1.62452e+07 386379 9194.83 209.225
70.3525 2960.96 118744 4.76602e+06 1.92437e+08 9.37411e+09 8.48981e+11 2.96616e+12 6.02639e+12 9.52731e+12 1.28778e+13 1.55006e+13 1.69384e+13 1.69384e+13 1.55006e+13 1.28778e+13 9.52731e+12 6.02639e+12 2.96616e+12 8.48981e+11 9.37411e+09 1.92437e+08 4.76602e+06 118744 2960.96 70.3525
12.0307 416.153 12563.9 328667 6.40805e+06 9.12185e+07 8.90341e+09 3.23828e+10 6.69117e+10 1.06784e+11 1.45177e+11 1.75354e+11 1.91933e+11 1.91933e+11 1.75354e+11 1.45177e+11 1.06784e+11 6.69117e+10 3.23828e+10 8.90341e+09 9.12185e+07 6.40805e+06 328667 12563.9 416.153 12.0307
1.29197 36.3493 846.057 16532.8 274876 6.13199e+06 1.81348e+08 6.44255e+08 1.33121e+09 2.12622e+09 2.89227e+09 3.49457e+09 3.82553e+09 3.82553e+09 3.49457e+09 2.89227e+09 2.12622e+09 1.33121e+09 6.44255e+08 1.81348e+08 6.13199e+06 274876 16532.8 846.057 36.3493 1.29197
0.104605 2.50325 49.6353 891.036 16042.6 312408 4.49177e+06 1.52964e+07 3.14546e+07 5.01941e+07 6.82541e+07 8.2451e+07 9.0251e+07 9.0251e+07 8.2451e+07 6.82541e+07 5.01941e+07 3.14546e+07 1.52964e+07 4.49177e+06 312408 16042.6 891.036 49.6353 2.50325 0.104605
0.00719152 0.154426 2.81397 48.5353 810.999 11907.1 111916 363853 743115 1.18426e+06 1.60965e+06 1.94403e+06 2.12773e+06 2.12773e+06 1.94403e+06 1.60965e+06 1.18426e+06 743115 363853 111916 11907.1 810.999 48.5353 2.81397 0.154426 0.00719152
0.000446438 0.0088984 0.151705 2.41664 34.6461 393.763 2790.75 8659.65 17536.7 27896.8 37896.6 45757.9 50076.1 50076.1 45757.9 37896.6 27896.8 17536.7 8659.65 2790.75 393.763 34.6461 2.41664 0.151705 0.0088984 0.000446438
2.34536e-05 0.000440269 0.00698442 0.100285 1.22772 11.3725 66.3087 197.066 395.389 627.606 852.025 1028.5 1125.43 1125.43 1028.5 852.025 627.606 395.389 197.066 66.3087 11.3725 1.22772 0.100285 0.00698442 0.000440269 2.34536e-05
