3.58221e-05 0.0006728 0.0106803 0.153461 1.88002 17.4258 101.664 302.357 607.145 964.529 1310.37 1582.61 1732.25 1732.25 1582.61 1310.37 964.529 607.145 302.357 101.664 17.4258 1.88002 0.153461 0.0106803 0.0006728 3.58221e-05
0.000682059 0.013601 0.232017 3.69872 53.0673 603.545 4280.17 13291.2 26939.6 42891.9 58310.9 70445.7 77116.1 77116.1 70445.7 58310.9 42891.9 26939.6 13291.2 4280.17 603.545 53.0673 3.69872 0.232017 0.013601 0.000682059
0.0109914 0.236104 4.30428 74.2889 1242.37 18255.2 171691 558623 1.14195e+06 1.82152e+06 2.47778e+06 2.99423e+06 3.27814e+06 3.27814e+06 2.99423e+06 2.47778e+06 1.82152e+06 1.14195e+06 558623 171691 18255.2 1242.37 74.2889 4.30428 0.236104 0.0109914
0.159957 3.82892 75.9415 1363.8 24573.3 479021 6.89207e+06 2.34896e+07 4.83491e+07 7.72276e+07 1.05101e+08 1.27038e+08 1.39099e+08 1.39099e+08 1.27038e+08 1.05101e+08 7.72276e+07 4.83491e+07 2.34896e+07 6.89207e+06 479021 24573.3 1363.8 75.9415 3.82892 0.159957
1.97681 55.632 1295.11 25309.5 420870 9.40085e+06 2.78281e+08 9.89464e+08 2.04657e+09 3.27208e+09 4.45478e+09 5.3858e+09 5.89778e+09 5.89778e+09 5.3858e+09 4.45478e+09 3.27208e+09 2.04657e+09 9.89464e+08 2.78281e+08 9.40085e+06 420870 25309.5 1295.11 55.632 1.97681
18.4196 637.34 19245.8 503496 9.81394e+06 1.39635e+08 1.36608e+10 4.97297e+10 1.0286e+11 1.64319e+11 2.2359e+11 2.70233e+11 2.95878e+11 2.95878e+11 2.70233e+11 2.2359e+11 1.64319e+11 1.0286e+11 4.97297e+10 1.36608e+10 1.39635e+08 9.81394e+06 503496 19245.8 637.34 18.4196
107.784 4537.85 182030 7.3074e+06 2.95076e+08 1.43758e+10 1.30271e+12 4.55414e+12 9.2594e+12 1.4649e+13 1.98127e+13 2.38586e+13 2.60776e+13 2.60776e+13 2.38586e+13 1.98127e+13 1.4649e+13 9.2594e+12 4.55414e+12 1.30271e+12 1.43758e+10 2.95076e+08 7.3074e+06 182030 4537.85 107.784
320.786 14102.7 592790 2.4929e+07 1.05022e+09 5.24103e+10 4.56966e+12 1.59316e+13 3.23546e+13 5.11533e+13 6.91561e+13 8.32577e+13 9.09906e+13 9.09906e+13 8.32577e+13 6.91561e+13 5.11533e+13 3.23546e+13 1.59316e+13 4.56966e+12 5.24103e+10 1.05022e+09 2.4929e+07 592790 14102.7 320.786
644.109 28582.5 1.21172e+06 5.13083e+07 2.17207e+09 1.08417e+11 9.30133e+12 3.23912e+13 6.5751e+13 1.03926e+14 1.40478e+14 1.69106e+14 1.84804e+14 1.84804e+14 1.69106e+14 1.40478e+14 1.03926e+14 6.5751e+13 3.23912e+13 9.30133e+12 1.08417e+11 2.17207e+09 5.13083e+07 1.21172e+06 28582.5 644.109
1022.88 45490.7 1.93207e+06 8.19222e+07 3.47132e+09 1.73145e+11 1.47216e+13 5.1234e+13 1.03973e+14 1.64314e+14 2.22084e+14 2.67328e+14 2.92136e+14 2.92136e+14 2.67328e+14 2.22084e+14 1.64314e+14 1.03973e+14 5.1234e+13 1.47216e+13 1.73145e+11 3.47132e+09 8.19222e+07 1.93207e+06 45490.7 1022.88
1389.03 61815.7 2.62692e+06 1.11436e+08 4.7237e+09 2.35501e+11 1.99133e+13 6.92751e+13 1.40562e+14 2.22117e+14 3.00193e+14 3.61337e+14 3.94862e+14 3.94862e+14 3.61337e+14 3.00193e+14 2.22117e+14 1.40562e+14 6.92751e+13 1.99133e+13 2.35501e+11 4.7237e+09 1.11436e+08 2.62692e+06 61815.7 1389.03
1676.96 74650.6 3.17317e+06 1.34639e+08 5.70849e+09 2.84521e+11 2.39797e+13 8.3402e+13 1.6921e+14 2.67373e+14 3.61344e+14 4.34934e+14 4.75283e+14 4.75283e+14 4.34934e+14 3.61344e+14 2.67373e+14 1.6921e+14 8.3402e+13 2.39797e+13 2.84521e+11 5.70849e+09 1.34639e+08 3.17317e+06 74650.6 1676.96
1835.12 81700.8 3.47324e+06 1.47387e+08 6.24961e+09 3.11453e+11 2.62092e+13 9.11466e+13 1.84915e+14 2.92181e+14 3.94864e+14 4.75277e+14 5.19366e+14 5.19366e+14 4.75277e+14 3.94864e+14 2.92181e+14 1.84915e+14 9.11466e+13 2.62092e+13 3.11453e+11 6.24961e+09 1.47387e+08 3.47324e+06 81700.8 1835.12
1835.12 81700.8 3.47324e+06 1.47387e+08 6.24961e+09 3.11453e+11 2.62092e+13 9.11466e+13 1.84915e+14 2.92181e+14 3.94864e+14 4.75277e+14 5.19366e+14 5.19366e+14 4.75277e+14 3.94864e+14 2.92181e+14 1.84915e+14 9.11466e+13 2.62092e+13 3.11453e+11 6.24961e+09 1.47387e+08 3.47324e+06 81700.8 1835.12
1676.96 74650.6 3.17317e+06 1.34639e+08 5.70849e+09 2.84521e+11 2.39797e+13 8.3402e+13 1.6921e+14 2.67373e+14 3.61344e+14 4.34934e+14 4.75283e+14 4.75283e+14 4.34934e+14 3.61344e+14 2.67373e+14 1.6921e+14 8.3402e+13 2.39797e+13 2.84521e+11 5.70849e+09 1.34639e+08 3.17317e+06 74650.6 1676.96
1389.03 61815.7 2.62692e+06 1.11436e+08 4.7237e+09 2.35501e+11 1.99133e+13 6.92751e+13 1.40562e+14 2.22117e+14 3.00193e+14 3.61337e+14 3.94862e+14 3.94862e+14 3.61337e+14 3.00193e+14 2.22117e+14 1.40562e+14 6.92751e+13 1.99133e+13 2.35501e+11 4.7237e+09 1.11436e+08 2.62692e+06 61815.7 1389.03
1022.88 45490.7 1.93207e+06 8.19222e+07 3.47132e+09 1.73145e+11 1.47216e+13 5.1234e+13 1.03973e+14 1.64314e+14 2.22084e+14 2.67328e+14 2.92136e+14 2.92136e+14 2.67328e+14 2.22084e+14 1.64314e+14 1.03973e+14 5.1234e+13 1.47216e+13 1.73145e+11 3.47132e+09 8.19222e+07 1.93207e+06 45490.7 1022.88
644.109 28582.5 1.21172e+06 5.13083e+07 2.17207e+09 1.08417e+11 9.30133e+12 3.23912e+13 6.5751e+13 1.03926e+14 1.40478e+14 1.69106e+14 1.84804e+14 1.84804e+14 1.69106e+14 1.40478e+14 1.03926e+14 6.5751e+13 3.23912e+13 9.30133e+12 1.08417e+11 2.17207e+09 5.13083e+07 1.21172e+06 28582.5 644.109
320.786 14102.7 592790 2.4929e+07 1.05022e+09 5.24103e+10 4.56966e+12 1.59316e+13 3.23546e+13 5.11533e+13 6.91561e+13 8.32577e+13 9.09906e+13 9.09906e+13 8.32577e+13 6.91561e+13 5.11533e+13 3.23546e+13 1.59316e+13 4.56966e+12 5.24103e+10 1.05022e+09 2.4929e+07 592790 14102.7 320.786
107.784 4537.85 182030 7.3074e+06 2.95076e+08 1.43758e+10 1.30271e+12 4.55414e+12 9.2594e+12 1.4649e+13 1.98127e+13 2.38586e+13 2.60776e+13 2.60776e+13 2.38586e+13 1.98127e+13 1.4649e+13 9.2594e+12 4.55414e+12 1.30271e+12 1.43758e+10 2.95076e+08 7.3074e+06 182030 4537.85 107.784
18.4196 637.34 19245.8 503496 9.81394e+06 1.39635e+08 1.36608e+10 4.97297e+10 1.0286e+11 1.64319e+11 2.2359e+11 2.70233e+11 2.95878e+11 2.95878e+11 2.70233e+11 2.2359e+11 1.64319e+11 1.0286e+11 4.97297e+10 1.36608e+10 1.39635e+08 9.81394e+06 503496 19245.8 637.34 18.4196
1.97681 55.632 1295.11 25309.5 420870 9.40085e+06 2.78281e+08 9.89464e+08 2.04657e+09 3.27208e+09 4.45478e+09 5.3858e+09 5.89778e+09 5.89778e+09 5.3858e+09 4.45478e+09 3.27208e+09 2.04657e+09 9.89464e+08 2.78281e+08 9.40085e+06 420870 25309.5 1295.11 55.632 1.97681
0.159957 3.82892 75.9415 1363.8 24573.3 479021 6.89207e+06 2.34896e+07 4.83491e+07 7.72276e+07 1.05101e+08 1.27038e+08 1.39099e+08 1.39099e+08 1.27038e+08 1.05101e+08 7.72276e+07 4.83491e+07 2.34896e+07 6.89207e+06 479021 24573.3 1363.8 75.9415 3.82892 0.159957
0.0109914 0.236104 4.30428 74.2889 1242.37 18255.2 171691 558623 1.14195e+06 1.82152e+06 2.47778e+06 2.99423e+06 3.27814e+06 3.27814e+06 2.99423e+06 2.47778e+06 1.82152e+06 1.14195e+06 558623 171691 18255.2 1242.37 74.2889 4.30428 0.236104 0.0109914
0.000682059 0.013601 0.232017 3.69872 53.0673 603.545 4280.17 13291.2 26939.6 42891.9 58310.9 70445.7 77116.1 77116.1 70445.7 58310.9 42891.9 26939.6 13291.2 4280.17 603.545 53.0673 3.69872 0.232017 0.013601 0.000682059
3.58221e-05 0.0006728 0.0106803 0.153461 1.88002 17.4258 101.664 302.357 607.145 964.529 1310.37 1582.61 1732.25 1732.25 1582.61 1310.37 964.529 607.145 302.357 101.664 17.4258 1.88002 0.153461 0.0106803 0.0006728 3.58221e-05
