1.8211 34.1355 538.155 7651.55 92757 853371 4.959e+06 1.47025e+07 2.93675e+07 4.63039e+07 6.23811e+07 7.47996e+07 8.15321e+07 8.15321e+07 7.47996e+07 6.23811e+07 4.63039e+07 2.93675e+07 1.47025e+07 4.959e+06 853371 92757 7651.55 538.155 34.1355 1.8211
34.9929 699.112 11877.9 187205 2.64683e+06 2.97577e+07 2.09823e+08 6.49402e+08 1.309e+09 2.0676e+09 2.78599e+09 3.3401e+09 3.64026e+09 3.64026e+09 3.3401e+09 2.78599e+09 2.0676e+09 1.309e+09 6.49402e+08 2.09823e+08 2.97577e+07 2.64683e+06 187205 11877.9 699.112 34.9929
566.84 12262.1 224153 3.83806e+06 6.29754e+07 9.0804e+08 8.46322e+09 2.7441e+10 5.5775e+10 8.82237e+10 1.18884e+11 1.425e+11 1.55282e+11 1.55282e+11 1.425e+11 1.18884e+11 8.82237e+10 5.5775e+10 2.7441e+10 8.46322e+09 9.0804e+08 6.29754e+07 3.83806e+06 224153 12262.1 566.84
8240.28 199332 3.99705e+06 7.20727e+07 1.27739e+09 2.41154e+10 3.41529e+11 1.15991e+12 2.37345e+12 3.75784e+12 5.06342e+12 6.0678e+12 6.61094e+12 6.61094e+12 6.0678e+12 5.06342e+12 3.75784e+12 2.37345e+12 1.15991e+12 3.41529e+11 2.41154e+10 1.27739e+09 7.20727e+07 3.99705e+06 199332 8240.28
101231 2.87833e+06 6.79467e+07 1.35104e+09 2.27065e+10 4.8409e+11 1.38521e+13 4.90846e+13 1.00917e+14 1.59864e+14 2.15369e+14 2.58017e+14 2.8106e+14 2.8106e+14 2.58017e+14 2.15369e+14 1.59864e+14 1.00917e+14 4.90846e+13 1.38521e+13 4.8409e+11 2.27065e+10 1.35104e+09 6.79467e+07 2.87833e+06 101231
935997 3.26341e+07 9.95627e+08 2.6434e+10 5.30242e+11 7.82311e+12 6.86169e+14 2.4897e+15 5.12074e+15 8.10764e+15 1.09192e+16 1.30797e+16 1.42471e+16 1.42471e+16 1.30797e+16 1.09192e+16 8.10764e+15 5.12074e+15 2.4897e+15 6.86169e+14 7.82311e+12 5.30242e+11 2.6434e+10 9.95627e+08 3.26341e+07 935997
5.43923e+06 2.30136e+08 9.28243e+09 3.74588e+11 1.51931e+13 7.37131e+14 6.53496e+16 2.28474e+17 4.63879e+17 7.31328e+17 9.84568e+17 1.18061e+18 1.28717e+18 1.28717e+18 1.18061e+18 9.84568e+17 7.31328e+17 4.63879e+17 2.28474e+17 6.53496e+16 7.37131e+14 1.51931e+13 3.74588e+11 9.28243e+09 2.30136e+08 5.43923e+06
1.61137e+07 7.11705e+08 3.00726e+10 1.2711e+12 5.37891e+13 2.67717e+15 2.29372e+17 7.99736e+17 1.62174e+18 2.555e+18 3.43844e+18 4.12229e+18 4.49403e+18 4.49403e+18 4.12229e+18 3.43844e+18 2.555e+18 1.62174e+18 7.99736e+17 2.29372e+17 2.67717e+15 5.37891e+13 1.2711e+12 3.00726e+10 7.11705e+08 1.61137e+07
3.21524e+07 1.43303e+09 6.1056e+10 2.59803e+12 1.10461e+14 5.50277e+15 4.6605e+17 1.62299e+18 3.28855e+18 5.17775e+18 6.96468e+18 8.3471e+18 9.09831e+18 9.09831e+18 8.3471e+18 6.96468e+18 5.17775e+18 3.28855e+18 1.62299e+18 4.6605e+17 5.50277e+15 1.10461e+14 2.59803e+12 6.1056e+10 1.43303e+09 3.21524e+07
5.06346e+07 2.26074e+09 9.64551e+10 4.10805e+12 1.74746e+14 8.70231e+15 7.34512e+17 2.55624e+18 5.17632e+18 8.14518e+18 1.09507e+19 1.31195e+19 1.42975e+19 1.42975e+19 1.31195e+19 1.09507e+19 8.14518e+18 5.17632e+18 2.55624e+18 7.34512e+17 8.70231e+15 1.74747e+14 4.10805e+12 9.64551e+10 2.26074e+09 5.06346e+07
6.81372e+07 3.04262e+09 1.29815e+11 5.52823e+12 2.35106e+14 1.1705e+16 9.8813e+17 3.43772e+18 6.95802e+18 1.09433e+19 1.4706e+19 1.76127e+19 1.91907e+19 1.91907e+19 1.76127e+19 1.4706e+19 1.09433e+19 6.95802e+18 3.43772e+18 9.8813e+17 1.1705e+16 2.35106e+14 5.52823e+12 1.29815e+11 3.04262e+09 6.81372e+07
8.16271e+07 3.64433e+09 1.55451e+11 6.61806e+12 2.81365e+14 1.40058e+16 1.18401e+18 4.11855e+18 8.33339e+18 1.31017e+19 1.76007e+19 2.10743e+19 2.29594e+19 2.29594e+19 2.10743e+19 1.76007e+19 1.31017e+19 8.33339e+18 4.11855e+18 1.18401e+18 1.40058e+16 2.81365e+14 6.61806e+12 1.55451e+11 3.64433e+09 8.16271e+07
8.89292e+07 3.96975e+09 1.69302e+11 7.20637e+12 3.06313e+14 1.52464e+16 1.29031e+18 4.48805e+18 9.07958e+18 1.42722e+19 1.91698e+19 2.295e+19 2.5001e+19 2.5001e+19 2.295e+19 1.91698e+19 1.42722e+19 9.07958e+18 4.48805e+18 1.29031e+18 1.52464e+16 3.06313e+14 7.20637e+12 1.69302e+11 3.96975e+09 8.89292e+07
8.89292e+07 3.96975e+09 1.69302e+11 7.20637e+12 3.06313e+14 1.52464e+16 1.29031e+18 4.48805e+18 9.07958e+18 1.42722e+19 1.91698e+19 2.295e+19 2.5001e+19 2.5001e+19 2.295e+19 1.91698e+19 1.42722e+19 9.07958e+18 4.48805e+18 1.29031e+18 1.52464e+16 3.06313e+14 7.20637e+12 1.69302e+11 3.96975e+09 8.89292e+07
8.16271e+07 3.64433e+09 1.55451e+11 6.61806e+12 2.81365e+14 1.40058e+16 1.18401e+18 4.11855e+18 8.33339e+18 1.31017e+19 1.76007e+19 2.10743e+19 2.29594e+19 2.29594e+19 2.10743e+19 1.76007e+19 1.31017e+19 8.33339e+18 4.11855e+18 1.18401e+18 1.40058e+16 2.81365e+14 6.61806e+12 1.55451e+11 3.64433e+09 8.16271e+07
6.81372e+07 3.04262e+09 1.29815e+11 5.52823e+12 2.35106e+14 1.1705e+16 9.8813e+17 3.43772e+18 6.95802e+18 1.09433e+19 1.4706e+19 1.76127e+19 1.91907e+19 1.91907e+19 1.76127e+19 1.4706e+19 1.09433e+19 6.95802e+18 3.43772e+18 9.8813e+17 1.1705e+16 2.35106e+14 5.52823e+12 1.29815e+11 3.04262e+09 6.81372e+07
5.06346e+07 2.26074e+09 9.64551e+10 4.10805e+12 1.74746e+14 8.70231e+15 7.34512e+17 2.55624e+18 5.17632e+18 8.14518e+18 1.09507e+19 1.31195e+19 1.42975e+19 1.42975e+19 1.31195e+19 1.09507e+19 8.14518e+18 5.17632e+18 2.55624e+18 7.34512e+17 8.70231e+15 1.74746e+14 4.10805e+12 9.64551e+10 2.26074e+09 5.06346e+07
3.21524e+07 1.43303e+09 6.1056e+10 2.59803e+12 1.10461e+14 5.50277e+15 4.6605e+17 1.62299e+18 3.28855e+18 5.17775e+18 6.96468e+18 8.3471e+18 9.09831e+18 9.09831e+18 8.3471e+18 6.96468e+18 5.17775e+18 3.28855e+18 1.62299e+18 4.6605e+17 5.50277e+15 1.10461e+14 2.59803e+12 6.1056e+10 1.43303e+09 3.21524e+07
1.61137e+07 7.11705e+08 3.00726e+10 1.2711e+12 5.37891e+13 2.67717e+15 2.29372e+17 7.99736e+17 1.62174e+18 2.555e+18 3.43844e+18 4.12229e+18 4.49403e+18 4.49403e+18 4.12229e+18 3.43844e+18 2.555e+18 1.62174e+18 7.99736e+17 2.29372e+17 2.67717e+15 5.37891e+13 1.2711e+12 3.00726e+10 7.11705e+08 1.61137e+07
5.43923e+06 2.30136e+08 9.28243e+09 3.74588e+11 1.51931e+13 7.37131e+14 6.53496e+16 2.28474e+17 4.63879e+17 7.31328e+17 9.84568e+17 1.18061e+18 1.28717e+18 1.28717e+18 1.18061e+18 9.84568e+17 7.31328e+17 4.63879e+17 2.28474e+17 6.53496e+16 7.37131e+14 1.51931e+13 3.74588e+11 9.28243e+09 2.30136e+08 5.43923e+06
935997 3.26341e+07 9.95627e+08 2.6434e+10 5.30242e+11 7.82311e+12 6.86169e+14 2.4897e+15 5.12074e+15 8.10764e+15 1.09192e+16 1.30797e+16 1.42471e+16 1.42471e+16 1.30797e+16 1.09192e+16 8.10764e+15 5.12074e+15 2.4897e+15 6.86169e+14 7.82311e+12 5.30242e+11 2.6434e+10 9.95627e+08 3.26341e+07 935997
101231 2.87833e+06 6.79467e+07 1.35104e+09 2.27065e+10 4.8409e+11 1.38521e+13 4.90846e+13 1.00917e+14 1.59864e+14 2.15369e+14 2.58017e+14 2.8106e+14 2.8106e+14 2.58017e+14 2.15369e+14 1.59864e+14 1.00917e+14 4.90846e+13 1.38521e+13 4.8409e+11 2.27065e+10 1.35104e+09 6.79467e+07 2.87833e+06 101231
8240.28 199332 3.99705e+06 7.20727e+07 1.27739e+09 2.41154e+10 3.41529e+11 1.15991e+12 2.37345e+12 3.75784e+12 5.06342e+12 6.0678e+12 6.61094e+12 6.61094e+12 6.0678e+12 5.06342e+12 3.75784e+12 2.37345e+12 1.15991e+12 3.41529e+11 2.41154e+10 1.27739e+09 7.20727e+07 3.99705e+06 199332 8240.28
566.84 12262.1 224153 3.83806e+06 6.29754e+07 9.0804e+08 8.46322e+09 2.7441e+10 5.5775e+10 8.82237e+10 1.18884e+11 1.425e+11 1.55282e+11 1.55282e+11 1.425e+11 1.18884e+11 8.82237e+10 5.5775e+10 2.7441e+10 8.46322e+09 9.0804e+08 6.29754e+07 3.83806e+06 224153 12262.1 566.84
34.9929 699.112 11877.9 187205 2.64683e+06 2.97577e+07 2.09823e+08 6.49402e+08 1.309e+09 2.0676e+09 2.78599e+09 3.3401e+09 3.64026e+09 3.64026e+09 3.3401e+09 2.78599e+09 2.0676e+09 1.309e+09 6.49402e+08 2.09823e+08 2.97577e+07 2.64683e+06 187205 11877.9 699.112 34.9929
1.8211 34.1355 538.155 7651.55 92757 853371 4.959e+06 1.47025e+07 2.93675e+07 4.63039e+07 6.23811e+07 7.47996e+07 8.15321e+07 8.15321e+07 7.47996e+07 6.23811e+07 4.63039e+07 2.93675e+07 1.47025e+07 4.959e+06 853371 92757 7651.55 538.155 34.1355 1.8211
