0.942355 17.7416 281.444 4030.45 49203.8 455404 2.6598e+06 7.92866e+06 1.59361e+07 2.52872e+07 3.42616e+07 4.12571e+07 4.50725e+07 4.50725e+07 4.12571e+07 3.42616e+07 2.52872e+07 1.59361e+07 7.92866e+06 2.6598e+06 455404 49203.8 4030.45 281.444 17.7416 0.942355
18.1268 363.31 6205.25 98515 1.40414e+06 1.58975e+07 1.12702e+08 3.50777e+08 7.11683e+08 1.13167e+09 1.53399e+09 1.84729e+09 2.01806e+09 2.01806e+09 1.84729e+09 1.53399e+09 1.13167e+09 7.11683e+08 3.50777e+08 1.12702e+08 1.58975e+07 1.40414e+06 98515 6205.25 363.31 18.1268
294.382 6378.47 116973 2.01514e+06 3.33659e+07 4.85387e+08 4.5515e+09 1.48442e+10 3.03788e+10 4.83919e+10 6.56184e+10 7.90208e+10 8.63224e+10 8.63224e+10 7.90208e+10 6.56184e+10 4.83919e+10 3.03788e+10 1.48442e+10 4.5515e+09 4.85387e+08 3.33659e+07 2.01514e+06 116973 6378.47 294.382
4297.65 104008 2.08698e+06 3.77251e+07 6.74029e+08 1.28818e+10 1.83819e+11 6.28113e+11 1.29456e+12 2.06487e+12 2.80058e+12 3.37249e+12 3.6839e+12 3.6839e+12 3.37249e+12 2.80058e+12 2.06487e+12 1.29456e+12 6.28113e+11 1.83819e+11 1.28818e+10 6.74029e+08 3.77251e+07 2.08698e+06 104008 4297.65
53085.4 1.50989e+06 3.56264e+07 7.07275e+08 1.18883e+10 2.57505e+11 7.45762e+12 2.65958e+13 5.50969e+13 8.79601e+13 1.19316e+14 1.43673e+14 1.56928e+14 1.56928e+14 1.43673e+14 1.19316e+14 8.79601e+13 5.50969e+13 2.65958e+13 7.45762e+12 2.57505e+11 1.18883e+10 7.07275e+08 3.56264e+07 1.50989e+06 53085.4
493731 1.72294e+07 5.25768e+08 1.39403e+10 2.78068e+11 4.07148e+12 3.68692e+14 1.34666e+15 2.79112e+15 4.45377e+15 6.03954e+15 7.27122e+15 7.94145e+15 7.94145e+15 7.27122e+15 6.03954e+15 4.45377e+15 2.79112e+15 1.34666e+15 3.68692e+14 4.07148e+12 2.78068e+11 1.39403e+10 5.25768e+08 1.72294e+07 493731
2.8858e+06 1.22277e+08 4.93819e+09 1.9944e+11 8.09161e+12 3.93338e+14 3.5141e+16 1.23404e+17 2.51898e+17 3.99305e+17 5.40161e+17 6.50004e+17 7.09996e+17 7.09996e+17 6.50004e+17 5.40161e+17 3.99305e+17 2.51898e+17 1.23404e+17 3.5141e+16 3.93338e+14 8.09161e+12 1.9944e+11 4.93819e+09 1.22277e+08 2.8858e+06
8.59872e+06 3.80424e+08 1.6099e+10 6.81222e+11 2.88454e+13 1.43827e+15 1.23879e+17 4.33763e+17 8.84283e+17 1.40079e+18 1.89424e+18 2.27905e+18 2.48923e+18 2.48923e+18 2.27905e+18 1.89424e+18 1.40079e+18 8.84283e+17 4.33763e+17 1.23879e+17 1.43827e+15 2.88454e+13 6.81222e+11 1.6099e+10 3.80424e+08 8.59872e+06
1.7268e+07 7.71158e+08 3.29173e+10 1.40274e+12 5.97016e+13 2.97965e+15 2.53102e+17 8.85132e+17 1.80322e+18 2.85512e+18 3.85961e+18 4.64273e+18 5.07039e+18 5.07039e+18 4.64273e+18 3.85961e+18 2.85512e+18 1.80322e+18 8.85132e+17 2.53102e+17 2.97965e+15 5.97016e+13 1.40274e+12 3.29173e+10 7.71158e+08 1.7268e+07
2.73716e+07 1.2249e+09 5.23765e+10 2.23482e+12 9.5197e+13 4.74992e+15 4.01188e+17 1.4021e+18 2.85506e+18 4.51881e+18 6.10674e+18 7.34423e+18 8.01986e+18 8.01986e+18 7.34423e+18 6.10674e+18 4.51881e+18 2.85506e+18 1.4021e+18 4.01188e+17 4.74992e+15 9.5197e+13 2.23482e+12 5.23765e+10 1.2249e+09 2.73716e+07
3.70462e+07 1.65853e+09 7.09403e+10 3.02749e+12 1.28974e+14 6.43381e+15 5.42443e+17 1.89515e+18 3.85784e+18 6.10409e+18 8.24695e+18 9.91625e+18 1.08274e+19 1.08274e+19 9.91625e+18 8.24695e+18 6.10409e+18 3.85784e+18 1.89515e+18 5.42443e+17 6.43381e+15 1.28974e+14 3.02749e+12 7.09403e+10 1.65853e+09 3.70462e+07
4.45717e+07 1.99547e+09 8.53503e+10 3.64222e+12 1.55147e+14 7.73832e+15 6.52396e+17 2.27897e+18 4.63827e+18 7.3374e+18 9.91133e+18 1.19158e+19 1.30097e+19 1.30097e+19 1.19158e+19 9.91133e+18 7.3374e+18 4.63827e+18 2.27897e+18 6.52396e+17 7.73832e+15 1.55147e+14 3.64222e+12 8.53503e+10 1.99547e+09 4.45717e+07
4.86701e+07 2.17886e+09 9.3188e+10 3.97637e+12 1.69365e+14 8.44687e+15 7.12365e+17 2.48834e+18 5.06391e+18 8.00988e+18 1.08186e+19 1.30056e+19 1.4199e+19 1.4199e+19 1.30056e+19 1.08186e+19 8.00988e+18 5.06391e+18 2.48834e+18 7.12365e+17 8.44687e+15 1.69365e+14 3.97637e+12 9.3188e+10 2.17886e+09 4.86701e+07
4.86701e+07 2.17886e+09 9.3188e+10 3.97637e+12 1.69365e+14 8.44687e+15 7.12365e+17 2.48834e+18 5.06391e+18 8.00988e+18 1.08186e+19 1.30056e+19 1.4199e+19 1.4199e+19 1.30056e+19 1.08186e+19 8.00988e+18 5.06391e+18 2.48834e+18 7.12365e+17 8.44687e+15 1.69365e+14 3.97637e+12 9.3188e+10 2.17886e+09 4.86701e+07
4.45717e+07 1.99547e+09 8.53503e+10 3.64222e+12 1.55147e+14 7.73832e+15 6.52396e+17 2.27897e+18 4.63827e+18 7.3374e+18 9.91133e+18 1.19158e+19 1.30097e+19 1.30097e+19 1.19158e+19 9.91133e+18 7.3374e+18 4.63827e+18 2.27897e+18 6.52396e+17 7.73832e+15 1.55147e+14 3.64222e+12 8.53503e+10 1.99547e+09 4.45717e+07
3.70462e+07 1.65853e+09 7.09403e+10 3.02749e+12 1.28974e+14 6.43381e+15 5.42443e+17 1.89515e+18 3.85784e+18 6.10409e+18 8.24695e+18 9.91625e+18 1.08274e+19 1.08274e+19 9.91625e+18 8.24695e+18 6.10409e+18 3.85784e+18 1.89515e+18 5.42443e+17 6.43381e+15 1.28974e+14 3.02749e+12 7.09403e+10 1.65853e+09 3.70462e+07
2.73716e+07 1.2249e+09 5.23765e+10 2.23482e+12 9.5197e+13 4.74992e+15 4.01188e+17 1.4021e+18 2.85506e+18 4.51881e+18 6.10674e+18 7.34423e+18 8.01986e+18 8.01986e+18 7.34423e+18 6.10674e+18 4.51881e+18 2.85506e+18 1.4021e+18 4.01188e+17 4.74992e+15 9.5197e+13 2.23482e+12 5.23765e+10 1.2249e+09 2.73716e+07
1.7268e+07 7.71158e+08 3.29173e+10 1.40274e+12 5.97016e+13 2.97965e+15 2.53102e+17 8.85132e+17 1.80322e+18 2.85512e+18 3.85961e+18 4.64273e+18 5.07039e+18 5.07039e+18 4.64273e+18 3.85961e+18 2.85512e+18 1.80322e+18 8.85132e+17 2.53102e+17 2.97965e+15 5.97016e+13 1.40274e+12 3.29173e+10 7.71158e+08 1.7268e+07
8.59872e+06 3.80424e+08 1.6099e+10 6.81222e+11 2.88454e+13 1.43827e+15 1.23879e+17 4.33763e+17 8.84283e+17 1.40079e+18 1.89424e+18 2.27905e+18 2.48923e+18 2.48923e+18 2.27905e+18 1.89424e+18 1.40079e+18 8.84283e+17 4.33763e+17 1.23879e+17 1.43827e+15 2.88454e+13 6.81222e+11 1.6099e+10 3.80424e+08 8.59872e+06
2.8858e+06 1.22277e+08 4.93819e+09 1.9944e+11 8.09161e+12 3.93338e+14 3.5141e+16 1.23404e+17 2.51898e+17 3.99305e+17 5.40161e+17 6.50004e+17 7.09996e+17 7.09996e+17 6.50004e+17 5.40161e+17 3.99305e+17 2.51898e+17 1.23404e+17 3.5141e+16 3.93338e+14 8.09161e+12 1.9944e+11 4.93819e+09 1.22277e+08 2.8858e+06
493731 1.72294e+07 5.25768e+08 1.39403e+10 2.78068e+11 4.07148e+12 3.68692e+14 1.34666e+15 2.79112e+15 4.45377e+15 6.03954e+15 7.27122e+15 7.94145e+15 7.94145e+15 7.27122e+15 6.03954e+15 4.45377e+15 2.79112e+15 1.34666e+15 3.68692e+14 4.07148e+12 2.78068e+11 1.39403e+10 5.25768e+08 1.72294e+07 493731
53085.4 1.50989e+06 3.56264e+07 7.07275e+08 1.18883e+10 2.57505e+11 7.45762e+12 2.65958e+13 5.50969e+13 8.79601e+13 1.19316e+14 1.43673e+14 1.56928e+14 1.56928e+14 1.43673e+14 1.19316e+14 8.79601e+13 5.50969e+13 2.65958e+13 7.45762e+12 2.57505e+11 1.18883e+10 7.07275e+08 3.56264e+07 1.50989e+06 53085.4
4297.65 104008 2.08698e+06 3.77251e+07 6.74029e+08 1.28818e+10 1.83819e+11 6.28113e+11 1.29456e+12 2.06487e+12 2.80058e+12 3.37249e+12 3.6839e+12 3.6839e+12 3.37249e+12 2.80058e+12 2.06487e+12 1.29456e+12 6.28113e+11 1.83819e+11 1.28818e+10 6.74029e+08 3.77251e+07 2.08698e+06 104008 4297.65
294.382 6378.47 116973 2.01514e+06 3.33659e+07 4.85387e+08 4.5515e+09 1.48442e+10 3.03788e+10 4.83919e+10 6.56184e+10 7.90208e+10 8.63224e+10 8.63224e+10 7.90208e+10 6.56184e+10 4.83919e+10 3.03788e+10 1.48442e+10 4.5515e+09 4.85387e+08 3.33659e+07 2.01514e+06 116973 6378.47 294.382
18.1268 363.31 6205.25 98515 1.40414e+06 1.58975e+07 1.12702e+08 3.50777e+08 7.11683e+08 1.13167e+09 1.53399e+09 1.84729e+09 2.01806e+09 2.01806e+09 1.84729e+09 1.53399e+09 1.13167e+09 7.11683e+08 3.50777e+08 1.12702e+08 1.58975e+07 1.40414e+06 98515 6205.25 363.31 18.1268
0.942355 17.7416 281.444 4030.45 49203.8 455404 2.6598e+06 7.92866e+06 1.59361e+07 2.52872e+07 3.42616e+07 4.12571e+07 4.50725e+07 4.50725e+07 4.12571e+07 3.42616e+07 2.52872e+07 1.59361e+07 7.92866e+06 2.6598e+06 455404 49203.8 4030.45 281.444 17.7416 0.942355
