0.0358549 0.664907 10.335 144.657 1727.69 15702.3 90452.3 266689 530852 835876 1.12653e+06 1.35235e+06 1.4754e+06 1.4754e+06 1.35235e+06 1.12653e+06 835876 530852 266689 90452.3 15702.3 1727.69 144.657 10.335 0.664907 0.0358548
0.686078 13.5875 227.946 3535.49 49148.5 544749 3.80386e+06 1.17044e+07 2.35055e+07 3.70758e+07 4.99807e+07 5.99985e+07 6.54553e+07 6.54553e+07 5.99985e+07 4.99807e+07 3.70758e+07 2.35055e+07 1.17044e+07 3.80386e+06 544749 49148.5 3535.49 227.946 13.5875 0.686078
11.0372 237.316 4298.55 72565.4 1.16833e+06 1.65488e+07 1.52505e+08 4.91422e+08 9.94889e+08 1.57139e+09 2.11864e+09 2.54316e+09 2.77432e+09 2.77432e+09 2.54316e+09 2.11864e+09 1.57139e+09 9.94889e+08 4.91422e+08 1.52505e+08 1.65488e+07 1.16833e+06 72565.4 4298.55 237.316 11.0372
158.91 3828.46 76399.4 1.36645e+06 2.37988e+07 4.38561e+08 6.12211e+09 2.06544e+10 4.2084e+10 6.65284e+10 8.97012e+10 1.07667e+11 1.17447e+11 1.17447e+11 1.07667e+11 8.97012e+10 6.65284e+10 4.2084e+10 2.06544e+10 6.12211e+09 4.38561e+08 2.37988e+07 1.36645e+06 76399.4 3828.46 158.91
1929.99 54667.4 1.28692e+06 2.55621e+07 4.27849e+08 8.8423e+09 2.47306e+11 8.70051e+11 1.78059e+12 2.81613e+12 3.79687e+12 4.55691e+12 4.97057e+12 4.97057e+12 4.55691e+12 3.79687e+12 2.81613e+12 1.78059e+12 8.70051e+11 2.47306e+11 8.8423e+09 4.27849e+08 2.55621e+07 1.28692e+06 54667.4 1929.99
17641.2 612074 1.85991e+07 4.93195e+08 9.95498e+09 1.48141e+11 1.22601e+13 4.41271e+13 9.02895e+13 1.42673e+14 1.92256e+14 2.30675e+14 2.51585e+14 2.51585e+14 2.30675e+14 1.92256e+14 1.42673e+14 9.02895e+13 4.41271e+13 1.22601e+13 1.48141e+11 9.95498e+09 4.93195e+08 1.85991e+07 612074 17641.2
101528 4.26903e+06 1.71131e+08 6.86896e+09 2.77436e+11 1.33703e+13 1.16647e+15 4.05076e+15 8.17865e+15 1.28476e+16 1.72663e+16 2.06936e+16 2.25609e+16 2.25609e+16 2.06936e+16 1.72663e+16 1.28476e+16 8.17865e+15 4.05076e+15 1.16647e+15 1.33703e+13 2.77436e+11 6.86896e+09 1.71131e+08 4.26903e+06 101528
299047 1.31219e+07 5.50824e+08 2.31464e+10 9.74832e+11 4.81833e+13 4.06992e+15 1.41007e+16 2.84444e+16 4.46626e+16 6.001e+16 7.19139e+16 7.83994e+16 7.83994e+16 7.19139e+16 6.001e+16 4.46626e+16 2.84444e+16 1.41007e+16 4.06992e+15 4.81833e+13 9.74832e+11 2.31464e+10 5.50824e+08 1.31219e+07 299047
594745 2.63288e+07 1.11414e+09 4.71177e+10 1.99314e+12 9.85673e+13 8.22783e+15 2.84812e+16 5.74318e+16 9.0159e+16 1.21126e+17 1.45143e+17 1.58228e+17 1.58228e+17 1.45143e+17 1.21126e+17 9.0159e+16 5.74318e+16 2.84812e+16 8.22783e+15 9.85673e+13 1.99314e+12 4.71177e+10 1.11414e+09 2.63288e+07 594745
935722 4.14946e+07 1.75823e+09 7.44209e+10 3.14946e+12 1.55661e+14 1.29282e+16 4.47331e+16 9.01853e+16 1.41559e+17 1.90164e+17 2.27858e+17 2.48394e+17 2.48394e+17 2.27858e+17 1.90164e+17 1.41559e+17 9.01853e+16 4.47331e+16 1.29282e+16 1.55661e+14 3.14946e+12 7.44209e+10 1.75823e+09 4.14946e+07 935722
1.26019e+06 5.58963e+07 2.36876e+09 1.00264e+11 4.24287e+12 2.09619e+14 1.73725e+16 6.00986e+16 1.21149e+17 1.90146e+17 2.55419e+17 3.06037e+17 3.33613e+17 3.33613e+17 3.06037e+17 2.55419e+17 1.90146e+17 1.21149e+17 6.00986e+16 1.73725e+16 2.09619e+14 4.24287e+12 1.00264e+11 2.36876e+09 5.58963e+07 1.26019e+06
1.51198e+06 6.70623e+07 2.84175e+09 1.20274e+11 5.08906e+12 2.51368e+14 2.08163e+16 7.20052e+16 1.45142e+17 2.27792e+17 3.05977e+17 3.66607e+17 3.99636e+17 3.99636e+17 3.66607e+17 3.05977e+17 2.27792e+17 1.45142e+17 7.20052e+16 2.08163e+16 2.51368e+14 5.08906e+12 1.20274e+11 2.84175e+09 6.70623e+07 1.51198e+06
1.64908e+06 7.31393e+07 3.09909e+09 1.31156e+11 5.54916e+12 2.74067e+14 2.26911e+16 7.84878e+16 1.58205e+17 2.48287e+17 3.33501e+17 3.99581e+17 4.35578e+17 4.35578e+17 3.99581e+17 3.33501e+17 2.48287e+17 1.58205e+17 7.84878e+16 2.26911e+16 2.74067e+14 5.54916e+12 1.31156e+11 3.09909e+09 7.31393e+07 1.64908e+06
1.64908e+06 7.31393e+07 3.09909e+09 1.31156e+11 5.54916e+12 2.74067e+14 2.26911e+16 7.84878e+16 1.58205e+17 2.48287e+17 3.33501e+17 3.99581e+17 4.35578e+17 4.35578e+17 3.99581e+17 3.33501e+17 2.48287e+17 1.58205e+17 7.84878e+16 2.26911e+16 2.74067e+14 5.54916e+12 1.31156e+11 3.09909e+09 7.31393e+07 1.64908e+06
1.51198e+06 6.70623e+07 2.84175e+09 1.20274e+11 5.08906e+12 2.51368e+14 2.08163e+16 7.20052e+16 1.45142e+17 2.27792e+17 3.05977e+17 3.66607e+17 3.99636e+17 3.99636e+17 3.66607e+17 3.05977e+17 2.27792e+17 1.45142e+17 7.20052e+16 2.08163e+16 2.51368e+14 5.08906e+12 1.20274e+11 2.84175e+09 6.70623e+07 1.51198e+06
1.26019e+06 5.58963e+07 2.36876e+09 1.00264e+11 4.24287e+12 2.09619e+14 1.73725e+16 6.00986e+16 1.21149e+17 1.90146e+17 2.55419e+17 3.06037e+17 3.33613e+17 3.33613e+17 3.06037e+17 2.55419e+17 1.90146e+17 1.21149e+17 6.00986e+16 1.73725e+16 2.09619e+14 4.24287e+12 1.00264e+11 2.36876e+09 5.58963e+07 1.26019e+06
935722 4.14946e+07 1.75823e+09 7.44209e+10 3.14946e+12 1.55661e+14 1.29282e+16 4.47331e+16 9.01853e+16 1.41559e+17 1.90164e+17 2.27858e+17 2.48394e+17 2.48394e+17 2.27858e+17 1.90164e+17 1.41559e+17 9.01853e+16 4.47331e+16 1.29282e+16 1.55661e+14 3.14946e+12 7.44209e+10 1.75823e+09 4.14946e+07 935722
594745 2.63288e+07 1.11414e+09 4.71177e+10 1.99314e+12 9.85673e+13 8.22783e+15 2.84812e+16 5.74318e+16 9.0159e+16 1.21126e+17 1.45143e+17 1.58228e+17 1.58228e+17 1.45143e+17 1.21126e+17 9.0159e+16 5.74318e+16 2.84812e+16 8.22783e+15 9.85673e+13 1.99314e+12 4.71177e+10 1.11414e+09 2.63288e+07 594745
299047 1.31219e+07 5.50824e+08 2.31464e+10 9.74832e+11 4.81833e+13 4.06992e+15 1.41007e+16 2.84444e+16 4.46626e+16 6.001e+16 7.19139e+16 7.83994e+16 7.83994e+16 7.19139e+16 6.001e+16 4.46626e+16 2.84444e+16 1.41007e+16 4.06992e+15 4.81833e+13 9.74832e+11 2.31464e+10 5.50824e+08 1.31219e+07 299047
101528 4.26903e+06 1.71131e+08 6.86896e+09 2.77436e+11 1.33703e+13 1.16647e+15 4.05076e+15 8.17865e+15 1.28476e+16 1.72663e+16 2.06936e+16 2.25609e+16 2.25609e+16 2.06936e+16 1.72663e+16 1.28476e+16 8.17865e+15 4.05076e+15 1.16647e+15 1.33703e+13 2.77436e+11 6.86896e+09 1.71131e+08 4.26903e+06 101528
17641.2 612074 1.85991e+07 4.93195e+08 9.95498e+09 1.48141e+11 1.22601e+13 4.41271e+13 9.02895e+13 1.42673e+14 1.92256e+14 2.30675e+14 2.51585e+14 2.51585e+14 2.30675e+14 1.92256e+14 1.42673e+14 9.02895e+13 4.41271e+13 1.22601e+13 1.48141e+11 9.95498e+09 4.93195e+08 1.85991e+07 612074 17641.2
1929.99 54667.4 1.28692e+06 2.55621e+07 4.27849e+08 8.8423e+09 2.47306e+11 8.70051e+11 1.78059e+12 2.81613e+12 3.79687e+12 4.55691e+12 4.97057e+12 4.97057e+12 4.55691e+12 3.79687e+12 2.81613e+12 1.78059e+12 8.70051e+11 2.47306e+11 8.8423e+09 4.27849e+08 2.55621e+07 1.28692e+06 54667.4 1929.99
158.91 3828.46 76399.4 1.36645e+06 2.37988e+07 4.38561e+08 6.12211e+09 2.06544e+10 4.2084e+10 6.65284e+10 8.97012e+10 1.07667e+11 1.17447e+11 1.17447e+11 1.07667e+11 8.97012e+10 6.65284e+10 4.2084e+10 2.06544e+10 6.12211e+09 4.38561e+08 2.37988e+07 1.36645e+06 76399.4 3828.46 158.91
11.0372 237.316 4298.55 72565.4 1.16833e+06 1.65488e+07 1.52505e+08 4.91422e+08 9.94889e+08 1.57139e+09 2.11864e+09 2.54316e+09 2.77432e+09 2.77432e+09 2.54316e+09 2.11864e+09 1.57139e+09 9.94889e+08 4.91422e+08 1.52505e+08 1.65488e+07 1.16833e+06 72565.4 4298.55 237.316 11.0372
0.686078 13.5875 227.946 3535.49 49148.5 544749 3.80386e+06 1.17044e+07 2.35055e+07 3.70758e+07 4.99807e+07 5.99985e+07 6.54553e+07 6.54553e+07 5.99985e+07 4.99807e+07 3.70758e+07 2.35055e+07 1.17044e+07 3.80386e+06 544749 49148.5 3535.49 227.946 13.5875 0.686078
0.0358548 0.664907 10.335 144.657 1727.69 15702.3 90452.3 266689 530852 835876 1.12653e+06 1.35235e+06 1.4754e+06 1.4754e+06 1.35235e+06 1.12653e+06 835876 530852 266689 90452.3 15702.3 1727.69 144.657 10.335 0.664907 0.0358549
