0.00519478 0.0977073 1.55413 22.3788 274.648 2548.28 14865.9 44139.9 88400.3 139992 189597 228419 249674 249674 228419 189597 139992 88400.3 44139.9 14865.9 2548.28 274.648 22.3788 1.55413 0.0977073 0.00519478
0.0988555 1.97343 33.7265 538.98 7751.8 88303.8 626402 1.94202e+06 3.92558e+06 6.22981e+06 8.44218e+06 1.01729e+07 1.11204e+07 1.11204e+07 1.01729e+07 8.44218e+06 6.22981e+06 3.92558e+06 1.94202e+06 626402 88303.8 7751.8 538.98 33.7265 1.97343 0.0988555
1.59281 34.2327 624.818 10809.2 181351 2.67168e+06 2.51476e+07 8.16899e+07 1.6653e+08 2.64742e+08 3.58927e+08 4.32588e+08 4.72908e+08 4.72908e+08 4.32588e+08 3.58927e+08 2.64742e+08 1.6653e+08 8.16899e+07 2.51476e+07 2.67168e+06 181351 10809.2 624.818 34.2327 1.59281
23.191 555.169 11013.3 198003 3.57981e+06 7.00939e+07 1.01026e+09 3.43761e+09 7.05559e+09 1.12308e+10 1.52317e+10 1.83602e+10 2.00726e+10 2.00726e+10 1.83602e+10 1.52317e+10 1.12308e+10 7.05559e+09 3.43761e+09 1.01026e+09 7.00939e+07 3.57981e+06 198003 11013.3 555.169 23.191
286.864 8073.65 187907 3.66998e+06 6.10563e+07 1.37352e+09 4.08203e+10 1.44905e+11 2.98838e+11 4.76071e+11 6.45837e+11 7.78581e+11 8.5124e+11 8.5124e+11 7.78581e+11 6.45837e+11 4.76071e+11 2.98838e+11 1.44905e+11 4.08203e+10 1.37352e+09 6.10563e+07 3.66998e+06 187907 8073.66 286.864
2675.24 92608.1 2.79698e+06 7.31416e+07 1.42252e+09 2.01962e+10 2.00362e+12 7.28322e+12 1.50225e+13 2.39151e+13 3.24285e+13 3.90841e+13 4.27268e+13 4.27268e+13 3.90841e+13 3.24285e+13 2.39151e+13 1.50225e+13 7.28322e+12 2.00362e+12 2.01962e+10 1.42252e+09 7.31416e+07 2.79698e+06 92608.1 2675.24
15655.9 659740 2.64885e+07 1.06426e+09 4.30101e+10 2.09916e+12 1.90935e+14 6.67046e+14 1.35427e+15 2.13853e+15 2.88684e+15 3.47097e+15 3.7905e+15 3.7905e+15 3.47097e+15 2.88684e+15 2.13853e+15 1.35427e+15 6.67046e+14 1.90935e+14 2.09916e+12 4.30101e+10 1.06426e+09 2.64885e+07 659740 15655.9
46510.5 2.04667e+06 8.61089e+07 3.6243e+09 1.52807e+11 7.6392e+12 6.69003e+14 2.3311e+15 4.72777e+15 7.46159e+15 1.00695e+16 1.2105e+16 1.32184e+16 1.32184e+16 1.2105e+16 1.00695e+16 7.46159e+15 4.72777e+15 2.3311e+15 6.69003e+14 7.6392e+12 1.52807e+11 3.6243e+09 8.61089e+07 2.04667e+06 46510.5
93107 4.13528e+06 1.75458e+08 7.43518e+09 3.14975e+11 1.57507e+13 1.35914e+15 4.73101e+15 9.59123e+15 1.51341e+16 2.0421e+16 2.45475e+16 2.68047e+16 2.68047e+16 2.45475e+16 2.0421e+16 1.51341e+16 9.59123e+15 4.73101e+15 1.35914e+15 1.57507e+13 3.14975e+11 7.43518e+09 1.75458e+08 4.13528e+06 93107
147323 6.55697e+06 2.78687e+08 1.18242e+10 5.01304e+11 2.50528e+13 2.1461e+15 7.46652e+15 1.51338e+16 2.38769e+16 3.2216e+16 3.87244e+16 4.22845e+16 4.22845e+16 3.87244e+16 3.2216e+16 2.38769e+16 1.51338e+16 7.46652e+15 2.1461e+15 2.50528e+13 5.01304e+11 1.18242e+10 2.78687e+08 6.55697e+06 147323
199343 8.87714e+06 3.77465e+08 1.60203e+10 6.79362e+11 3.39379e+13 2.89609e+15 1.00731e+16 2.04147e+16 3.22067e+16 4.34532e+16 5.22305e+16 5.70316e+16 5.70316e+16 5.22305e+16 4.34532e+16 3.22067e+16 2.04147e+16 1.00731e+16 2.89609e+15 3.39379e+13 6.79362e+11 1.60203e+10 3.77465e+08 8.87714e+06 199343
239978 1.06887e+07 4.54561e+08 1.92946e+10 8.18286e+11 4.08693e+13 3.48083e+15 1.21053e+16 2.45319e+16 3.87007e+16 5.22137e+16 6.27597e+16 6.85282e+16 6.85282e+16 6.27597e+16 5.22137e+16 3.87007e+16 2.45319e+16 1.21053e+16 3.48083e+15 4.08693e+13 8.18286e+11 1.92946e+10 4.54561e+08 1.06887e+07 239978
262196 1.1679e+07 4.96702e+08 2.10842e+10 8.94211e+11 4.46573e+13 3.80042e+15 1.3216e+16 2.67821e+16 4.225e+16 5.70017e+16 6.85144e+16 7.48117e+16 7.48117e+16 6.85144e+16 5.70017e+16 4.225e+16 2.67821e+16 1.3216e+16 3.80042e+15 4.46573e+13 8.94211e+11 2.10842e+10 4.96702e+08 1.1679e+07 262196
262196 1.1679e+07 4.96702e+08 2.10842e+10 8.94211e+11 4.46573e+13 3.80042e+15 1.3216e+16 2.67821e+16 4.225e+16 5.70017e+16 6.85144e+16 7.48117e+16 7.48117e+16 6.85144e+16 5.70017e+16 4.225e+16 2.67821e+16 1.3216e+16 3.80042e+15 4.46573e+13 8.94211e+11 2.10842e+10 4.96702e+08 1.1679e+07 262196
239978 1.06887e+07 4.54561e+08 1.92946e+10 8.18286e+11 4.08693e+13 3.48083e+15 1.21053e+16 2.45319e+16 3.87007e+16 5.22137e+16 6.27597e+16 6.85282e+16 6.85282e+16 6.27597e+16 5.22137e+16 3.87007e+16 2.45319e+16 1.21053e+16 3.48083e+15 4.08693e+13 8.18286e+11 1.92946e+10 4.54561e+08 1.06887e+07 239978
199343 8.87714e+06 3.77465e+08 1.60203e+10 6.79362e+11 3.39379e+13 2.89609e+15 1.00731e+16 2.04147e+16 3.22067e+16 4.34532e+16 5.22305e+16 5.70316e+16 5.70316e+16 5.22305e+16 4.34532e+16 3.22067e+16 2.04147e+16 1.00731e+16 2.89609e+15 3.39379e+13 6.79362e+11 1.60203e+10 3.77465e+08 8.87714e+06 199343
147323 6.55697e+06 2.78687e+08 1.18242e+10 5.01304e+11 2.50528e+13 2.1461e+15 7.46652e+15 1.51338e+16 2.38769e+16 3.2216e+16 3.87244e+16 4.22845e+16 4.22845e+16 3.87244e+16 3.2216e+16 2.38769e+16 1.51338e+16 7.46652e+15 2.1461e+15 2.50528e+13 5.01304e+11 1.18242e+10 2.78687e+08 6.55697e+06 147323
93107 4.13528e+06 1.75458e+08 7.43518e+09 3.14975e+11 1.57507e+13 1.35914e+15 4.73101e+15 9.59123e+15 1.51341e+16 2.0421e+16 2.45475e+16 2.68047e+16 2.68047e+16 2.45475e+16 2.0421e+16 1.51341e+16 9.59123e+15 4.73101e+15 1.35914e+15 1.57507e+13 3.14975e+11 7.43518e+09 1.75458e+08 4.13528e+06 93107
46510.5 2.04667e+06 8.61089e+07 3.6243e+09 1.52807e+11 7.6392e+12 6.69003e+14 2.3311e+15 4.72777e+15 7.46159e+15 1.00695e+16 1.2105e+16 1.32184e+16 1.32184e+16 1.2105e+16 1.00695e+16 7.46159e+15 4.72777e+15 2.3311e+15 6.69003e+14 7.6392e+12 1.52807e+11 3.6243e+09 8.61089e+07 2.04667e+06 46510.5
15655.9 659740 2.64885e+07 1.06426e+09 4.30101e+10 2.09916e+12 1.90935e+14 6.67046e+14 1.35427e+15 2.13853e+15 2.88684e+15 3.47097e+15 3.7905e+15 3.7905e+15 3.47097e+15 2.88684e+15 2.13853e+15 1.35427e+15 6.67046e+14 1.90935e+14 2.09916e+12 4.30101e+10 1.06426e+09 2.64885e+07 659740 15655.9
2675.24 92608.1 2.79698e+06 7.31416e+07 1.42252e+09 2.01962e+10 2.00362e+12 7.28322e+12 1.50225e+13 2.39151e+13 3.24285e+13 3.90841e+13 4.27268e+13 4.27268e+13 3.90841e+13 3.24285e+13 2.39151e+13 1.50225e+13 7.28322e+12 2.00362e+12 2.01962e+10 1.42252e+09 7.31416e+07 2.79698e+06 92608.1 2675.24
286.864 8073.65 187907 3.66998e+06 6.10563e+07 1.37352e+09 4.08203e+10 1.44905e+11 2.98838e+11 4.76071e+11 6.45837e+11 7.78581e+11 8.5124e+11 8.5124e+11 7.78581e+11 6.45837e+11 4.76071e+11 2.98838e+11 1.44905e+11 4.08203e+10 1.37352e+09 6.10563e+07 3.66998e+06 187907 8073.65 286.864
23.191 555.169 11013.3 198003 3.57981e+06 7.00939e+07 1.01026e+09 3.43761e+09 7.05559e+09 1.12308e+10 1.52317e+10 1.83602e+10 2.00726e+10 2.00726e+10 1.83602e+10 1.52317e+10 1.12308e+10 7.05559e+09 3.43761e+09 1.01026e+09 7.00939e+07 3.57981e+06 198003 11013.3 555.169 23.191
1.59281 34.2327 624.818 10809.2 181351 2.67168e+06 2.51476e+07 8.16899e+07 1.6653e+08 2.64742e+08 3.58927e+08 4.32588e+08 4.72908e+08 4.72908e+08 4.32588e+08 3.58927e+08 2.64742e+08 1.6653e+08 8.16899e+07 2.51476e+07 2.67168e+06 181351 10809.2 624.818 34.2327 1.59281
0.0988555 1.97343 33.7265 538.98 7751.8 88303.8 626402 1.94202e+06 3.92558e+06 6.22981e+06 8.44218e+06 1.01729e+07 1.11204e+07 1.11204e+07 1.01729e+07 8.44218e+06 6.22981e+06 3.92558e+06 1.94202e+06 626402 88303.8 7751.8 538.98 33.7265 1.97343 0.0988554
0.00519478 0.0977073 1.55413 22.3788 274.648 2548.28 14865.9 44139.9 88400.3 139992 189597 228419 249674 249674 228419 189597 139992 88400.3 44139.9 14865.9 2548.28 274.648 22.3788 1.55413 0.0977073 0.00519478
