0.00762635 0.143916 2.2978 33.2167 409.223 3811.12 22321.6 66626.4 134261 213946 291335 352392 385992 385992 352392 291335 213946 134261 66626.4 22321.6 3811.12 409.223 33.2167 2.2978 0.143916 0.00762635
0.145486 2.91363 49.9794 801.908 11579.8 132415 942979 2.9395e+06 5.98063e+06 9.55349e+06 1.30201e+07 1.57548e+07 1.72598e+07 1.72598e+07 1.57548e+07 1.30201e+07 9.55349e+06 5.98063e+06 2.9395e+06 942979 132415 11579.8 801.908 49.9794 2.91363 0.145486
2.3509 50.6749 927.965 16113.7 271470 4.01523e+06 3.79346e+07 1.2393e+08 2.54374e+08 4.07183e+08 5.55342e+08 6.72221e+08 7.36552e+08 7.36552e+08 6.72221e+08 5.55342e+08 4.07183e+08 2.54374e+08 1.2393e+08 3.79346e+07 4.01523e+06 271470 16113.7 927.965 50.6749 2.3509
34.3385 824.257 16395 295604 5.365e+06 1.05509e+08 1.52605e+09 5.22361e+09 1.07988e+10 1.73134e+10 2.36275e+10 2.86092e+10 3.13515e+10 3.13515e+10 2.86092e+10 2.36275e+10 1.73134e+10 1.07988e+10 5.22361e+09 1.52605e+09 1.05509e+08 5.365e+06 295604 16395 824.257 34.3385
426.233 12027.6 280564 5.4893e+06 9.15058e+07 2.06861e+09 6.17023e+10 2.20405e+11 4.58001e+11 7.35148e+11 1.00377e+12 1.21576e+12 1.33247e+12 1.33247e+12 1.21576e+12 1.00377e+12 7.35148e+11 4.58001e+11 2.20405e+11 6.17023e+10 2.06861e+09 9.15058e+07 5.4893e+06 280564 12027.6 426.233
3989.7 138470 4.19113e+06 1.09756e+08 2.13517e+09 3.03077e+10 3.02737e+12 1.10753e+13 2.30198e+13 3.69248e+13 5.0394e+13 6.10206e+13 6.68704e+13 6.68704e+13 6.10206e+13 5.0394e+13 3.69248e+13 2.30198e+13 1.10753e+13 3.02737e+12 3.03077e+10 2.13517e+09 1.09756e+08 4.19113e+06 138470 3989.7
23444.9 990485 3.98484e+07 1.60319e+09 6.48306e+10 3.16507e+12 2.88541e+14 1.01253e+15 2.06686e+15 3.28141e+15 4.4501e+15 5.36843e+15 5.87287e+15 5.87287e+15 5.36843e+15 4.4501e+15 3.28141e+15 2.06686e+15 1.01253e+15 2.88541e+14 3.16507e+12 6.48306e+10 1.60319e+09 3.98484e+07 990485 23444.9
70026.8 3.09003e+06 1.303e+08 5.49312e+09 2.31822e+11 1.15939e+13 1.01558e+15 3.55344e+15 7.24434e+15 1.14929e+16 1.55791e+16 1.87891e+16 2.05521e+16 2.05521e+16 1.87891e+16 1.55791e+16 1.14929e+16 7.24434e+15 3.55344e+15 1.01558e+15 1.15939e+13 2.31822e+11 5.49312e+09 1.303e+08 3.09003e+06 70026.8
141071 6.28504e+06 2.67369e+08 1.13525e+10 4.81572e+11 2.40929e+13 2.07483e+15 7.25063e+15 1.47737e+16 2.34305e+16 3.1755e+16 3.82936e+16 4.18846e+16 4.18846e+16 3.82936e+16 3.1755e+16 2.34305e+16 1.47737e+16 7.25063e+15 2.07483e+15 2.40929e+13 4.81572e+11 1.13525e+10 2.67369e+08 6.28504e+06 141071
224641 1.00325e+07 4.27667e+08 1.81873e+10 7.72382e+11 3.86193e+13 3.29451e+15 1.15048e+16 2.34346e+16 3.71595e+16 5.03557e+16 6.07202e+16 6.64122e+16 6.64122e+16 6.07202e+16 5.03557e+16 3.71595e+16 2.34346e+16 1.15048e+16 3.29451e+15 3.86193e+13 7.72382e+11 1.81873e+10 4.27667e+08 1.00325e+07 224641
305652 1.36616e+07 5.82782e+08 2.47983e+10 1.05365e+12 5.26621e+13 4.46711e+15 1.55931e+16 3.17565e+16 5.03494e+16 6.82248e+16 8.22635e+16 8.99732e+16 8.99732e+16 8.22635e+16 6.82248e+16 5.03494e+16 3.17565e+16 1.55931e+16 4.46711e+15 5.26621e+13 1.05365e+12 2.47983e+10 5.82782e+08 1.36616e+07 305652
369456 1.65194e+07 7.04922e+08 3.00043e+10 1.27519e+12 6.37199e+13 5.38762e+15 1.88018e+16 3.82873e+16 6.07e+16 8.22466e+16 9.91681e+16 1.08461e+17 1.08461e+17 9.91681e+16 8.22466e+16 6.07e+16 3.82873e+16 1.88018e+16 5.38762e+15 6.37199e+13 1.27519e+12 3.00043e+10 7.04922e+08 1.65194e+07 369456
404525 1.80902e+07 7.72061e+08 3.28662e+10 1.39699e+12 6.97987e+13 5.89289e+15 2.0563e+16 4.18716e+16 6.63806e+16 8.99419e+16 1.08445e+17 1.18607e+17 1.18607e+17 1.08445e+17 8.99419e+16 6.63806e+16 4.18716e+16 2.0563e+16 5.89289e+15 6.97987e+13 1.39699e+12 3.28662e+10 7.72061e+08 1.80902e+07 404525
404525 1.80902e+07 7.72061e+08 3.28662e+10 1.39699e+12 6.97987e+13 5.89289e+15 2.0563e+16 4.18716e+16 6.63806e+16 8.99419e+16 1.08445e+17 1.18607e+17 1.18607e+17 1.08445e+17 8.99419e+16 6.63806e+16 4.18716e+16 2.0563e+16 5.89289e+15 6.97987e+13 1.39699e+12 3.28662e+10 7.72061e+08 1.80902e+07 404525
369456 1.65194e+07 7.04922e+08 3.00043e+10 1.27519e+12 6.37199e+13 5.38762e+15 1.88018e+16 3.82873e+16 6.07e+16 8.22466e+16 9.91681e+16 1.08461e+17 1.08461e+17 9.91681e+16 8.22466e+16 6.07e+16 3.82873e+16 1.88018e+16 5.38762e+15 6.37199e+13 1.27519e+12 3.00043e+10 7.04922e+08 1.65194e+07 369456
305652 1.36616e+07 5.82782e+08 2.47983e+10 1.05365e+12 5.26621e+13 4.46711e+15 1.55931e+16 3.17565e+16 5.03494e+16 6.82248e+16 8.22635e+16 8.99732e+16 8.99732e+16 8.22635e+16 6.82248e+16 5.03494e+16 3.17565e+16 1.55931e+16 4.46711e+15 5.26621e+13 1.05365e+12 2.47983e+10 5.82782e+08 1.36616e+07 305652
224641 1.00325e+07 4.27667e+08 1.81873e+10 7.72382e+11 3.86193e+13 3.29451e+15 1.15048e+16 2.34346e+16 3.71595e+16 5.03557e+16 6.07202e+16 6.64122e+16 6.64122e+16 6.07202e+16 5.03557e+16 3.71595e+16 2.34346e+16 1.15048e+16 3.29451e+15 3.86193e+13 7.72382e+11 1.81873e+10 4.27667e+08 1.00325e+07 224641
141071 6.28504e+06 2.67369e+08 1.13525e+10 4.81572e+11 2.40929e+13 2.07483e+15 7.25063e+15 1.47737e+16 2.34305e+16 3.1755e+16 3.82936e+16 4.18846e+16 4.18846e+16 3.82936e+16 3.1755e+16 2.34305e+16 1.47737e+16 7.25063e+15 2.07483e+15 2.40929e+13 4.81572e+11 1.13525e+10 2.67369e+08 6.28504e+06 141071
70026.8 3.09003e+06 1.303e+08 5.49312e+09 2.31822e+11 1.15939e+13 1.01558e+15 3.55344e+15 7.24434e+15 1.14929e+16 1.55791e+16 1.87891e+16 2.05521e+16 2.05521e+16 1.87891e+16 1.55791e+16 1.14929e+16 7.24434e+15 3.55344e+15 1.01558e+15 1.15939e+13 2.31822e+11 5.49312e+09 1.303e+08 3.09003e+06 70026.8
23444.9 990485 3.98484e+07 1.60319e+09 6.48306e+10 3.16507e+12 2.88541e+14 1.01253e+15 2.06686e+15 3.28141e+15 4.4501e+15 5.36843e+15 5.87287e+15 5.87287e+15 5.36843e+15 4.4501e+15 3.28141e+15 2.06686e+15 1.01253e+15 2.88541e+14 3.16507e+12 6.48306e+10 1.60319e+09 3.98484e+07 990485 23444.9
3989.7 138470 4.19113e+06 1.09756e+08 2.13517e+09 3.03077e+10 3.02737e+12 1.10753e+13 2.30198e+13 3.69248e+13 5.0394e+13 6.10206e+13 6.68704e+13 6.68704e+13 6.10206e+13 5.0394e+13 3.69248e+13 2.30198e+13 1.10753e+13 3.02737e+12 3.03077e+10 2.13517e+09 1.09756e+08 4.19113e+06 138470 3989.7
426.233 12027.6 280564 5.4893e+06 9.15058e+07 2.06861e+09 6.17023e+10 2.20405e+11 4.58001e+11 7.35148e+11 1.00377e+12 1.21576e+12 1.33247e+12 1.33247e+12 1.21576e+12 1.00377e+12 7.35148e+11 4.58001e+11 2.20405e+11 6.17023e+10 2.06861e+09 9.15058e+07 5.4893e+06 280564 12027.6 426.233
34.3385 824.257 16395 295604 5.365e+06 1.05509e+08 1.52605e+09 5.22361e+09 1.07988e+10 1.73134e+10 2.36275e+10 2.86092e+10 3.13515e+10 3.13515e+10 2.86092e+10 2.36275e+10 1.73134e+10 1.07988e+10 5.22361e+09 1.52605e+09 1.05509e+08 5.365e+06 295604 16395 824.257 34.3385
2.3509 50.6749 927.965 16113.7 271470 4.01523e+06 3.79346e+07 1.2393e+08 2.54374e+08 4.07183e+08 5.55342e+08 6.72221e+08 7.36552e+08 7.36552e+08 6.72221e+08 5.55342e+08 4.07183e+08 2.54374e+08 1.2393e+08 3.79346e+07 4.01523e+06 271470 16113.7 927.965 50.6749 2.3509
0.145486 2.91363 49.9794 801.908 11579.8 132415 942979 2.9395e+06 5.98063e+06 9.55349e+06 1.30201e+07 1.57548e+07 1.72598e+07 1.72598e+07 1.57548e+07 1.30201e+07 9.55349e+06 5.98063e+06 2.9395e+06 942979 132415 11579.8 801.908 49.9794 2.91363 0.145486
0.00762635 0.143916 2.2978 33.2167 409.223 3811.12 22321.6 66626.4 134261 213946 291335 352392 385992 385992 352392 291335 213946 134261 66626.4 22321.6 3811.12 409.223 33.2167 2.2978 0.143916 0.00762635
