0.0506307 0.952409 15.1419 217.839 2670.85 24760.8 144331 427889 854957 1.35009e+06 1.82325e+06 2.19149e+06 2.3923e+06 2.3923e+06 2.19149e+06 1.82325e+06 1.35009e+06 854957 427889 144331 24760.8 2670.85 217.839 15.1419 0.952409 0.0506307
0.964662 19.2698 329.303 5257.79 75521.6 859349 6.09075e+06 1.88543e+07 3.80222e+07 6.01646e+07 8.12897e+07 9.77193e+07 1.06676e+08 1.06676e+08 9.77193e+07 8.12897e+07 6.01646e+07 3.80222e+07 1.88543e+07 6.09075e+06 859349 75521.6 5257.79 329.303 19.2698 0.964662
15.5542 334.722 6113.73 105713 1.77063e+06 2.60404e+07 2.44855e+08 7.94179e+08 1.6151e+09 2.55989e+09 3.45996e+09 4.15957e+09 4.54087e+09 4.54087e+09 4.15957e+09 3.45996e+09 2.55989e+09 1.6151e+09 7.94179e+08 2.44855e+08 2.60404e+07 1.77063e+06 105713 6113.73 334.722 15.5542
226.462 5430.68 107907 1.94145e+06 3.5051e+07 6.84322e+08 9.848e+09 3.34585e+10 6.85041e+10 1.08703e+11 1.46956e+11 1.76677e+11 1.92872e+11 1.92872e+11 1.76677e+11 1.46956e+11 1.08703e+11 6.85041e+10 3.34585e+10 9.848e+09 6.84322e+08 3.5051e+07 1.94145e+06 107907 5430.68 226.462
2799.6 78935.5 1.8408e+06 3.60283e+07 6.00143e+08 1.34424e+10 3.98293e+11 1.4117e+12 2.90403e+12 4.61142e+12 6.23501e+12 7.49602e+12 8.18297e+12 8.18297e+12 7.49602e+12 6.23501e+12 4.61142e+12 2.90403e+12 1.4117e+12 3.98293e+11 1.34424e+10 6.00143e+08 3.60283e+07 1.8408e+06 78935.5 2799.6
26085.3 904475 2.7364e+07 7.16961e+08 1.39873e+10 1.99322e+11 1.95746e+13 7.10504e+13 1.46196e+14 2.32008e+14 3.13577e+14 3.76925e+14 4.11434e+14 4.11434e+14 3.76925e+14 3.13577e+14 2.32008e+14 1.46196e+14 7.10504e+13 1.95746e+13 1.99322e+11 1.39873e+10 7.16961e+08 2.7364e+07 904475 26085.3
152481 6.43533e+06 2.58738e+08 1.04079e+10 4.21023e+11 2.05506e+13 1.86557e+15 6.51378e+15 1.32096e+16 2.08266e+16 2.80666e+16 3.36979e+16 3.67704e+16 3.67704e+16 3.36979e+16 2.80666e+16 2.08266e+16 1.32096e+16 6.51378e+15 1.86557e+15 2.05506e+13 4.21023e+11 1.04079e+10 2.58738e+08 6.43533e+06 152481
452184 1.99285e+07 8.39598e+08 3.53797e+10 1.49309e+12 7.46667e+13 6.53268e+15 2.27515e+16 4.6094e+16 7.26387e+16 9.78682e+16 1.17493e+17 1.28202e+17 1.28202e+17 1.17493e+17 9.78682e+16 7.26387e+16 4.6094e+16 2.27515e+16 6.53268e+15 7.46667e+13 1.49309e+12 3.53797e+10 8.39598e+08 1.99285e+07 452184
902878 4.01601e+07 1.70623e+09 7.2383e+10 3.06907e+12 1.53541e+14 1.32544e+16 4.61175e+16 9.33965e+16 1.47151e+17 1.98237e+17 2.37973e+17 2.59655e+17 2.59655e+17 2.37973e+17 1.98237e+17 1.47151e+17 9.33965e+16 4.61175e+16 1.32544e+16 1.53541e+14 3.06907e+12 7.2383e+10 1.70623e+09 4.01601e+07 902878
1.42419e+06 6.34757e+07 2.70116e+09 1.14719e+11 4.86738e+12 2.43381e+14 2.08908e+16 7.26566e+16 1.47113e+17 2.31754e+17 3.12184e+17 3.7474e+17 4.08873e+17 4.08873e+17 3.7474e+17 3.12184e+17 2.31754e+17 1.47113e+17 7.26566e+16 2.08908e+16 2.43381e+14 4.86738e+12 1.14719e+11 2.70116e+09 6.34757e+07 1.42419e+06
1.92108e+06 8.56598e+07 3.64634e+09 1.54889e+11 6.5723e+12 3.28528e+14 2.81366e+16 9.78389e+16 1.9808e+17 3.12018e+17 4.20277e+17 5.04471e+17 5.50408e+17 5.50408e+17 5.04471e+17 4.20277e+17 3.12018e+17 1.9808e+17 9.78389e+16 2.81366e+16 3.28528e+14 6.5723e+12 1.54889e+11 3.64634e+09 8.56598e+07 1.92108e+06
2.30686e+06 1.0287e+08 4.37912e+09 1.86016e+11 7.89278e+12 3.94473e+14 3.37628e+16 1.17395e+17 2.3766e+17 3.74345e+17 5.04208e+17 6.05197e+17 6.60296e+17 6.60296e+17 6.05197e+17 5.04208e+17 3.74345e+17 2.3766e+17 1.17395e+17 3.37628e+16 3.94473e+14 7.89278e+12 1.86016e+11 4.37913e+09 1.0287e+08 2.30686e+06
2.51687e+06 1.12236e+08 4.77778e+09 2.02944e+11 8.61072e+12 4.30328e+14 3.68288e+16 1.28053e+17 2.59232e+17 4.08315e+17 5.49951e+17 6.6009e+17 7.20181e+17 7.20181e+17 6.6009e+17 5.49951e+17 4.08315e+17 2.59232e+17 1.28053e+17 3.68288e+16 4.30328e+14 8.61072e+12 2.02944e+11 4.77778e+09 1.12236e+08 2.51687e+06
2.51687e+06 1.12236e+08 4.77778e+09 2.02944e+11 8.61072e+12 4.30328e+14 3.68288e+16 1.28053e+17 2.59232e+17 4.08315e+17 5.49951e+17 6.6009e+17 7.20181e+17 7.20181e+17 6.6009e+17 5.49951e+17 4.08315e+17 2.59232e+17 1.28053e+17 3.68288e+16 4.30328e+14 8.61072e+12 2.02944e+11 4.77778e+09 1.12236e+08 2.51687e+06
2.30686e+06 1.0287e+08 4.37913e+09 1.86016e+11 7.89278e+12 3.94473e+14 3.37628e+16 1.17395e+17 2.3766e+17 3.74345e+17 5.04208e+17 6.05197e+17 6.60296e+17 6.60296e+17 6.05197e+17 5.04208e+17 3.74345e+17 2.3766e+17 1.17395e+17 3.37628e+16 3.94473e+14 7.89278e+12 1.86016e+11 4.37912e+09 1.0287e+08 2.30686e+06
1.92108e+06 8.56598e+07 3.64634e+09 1.54889e+11 6.5723e+12 3.28528e+14 2.81366e+16 9.78389e+16 1.9808e+17 3.12018e+17 4.20277e+17 5.04471e+17 5.50408e+17 5.50408e+17 5.04471e+17 4.20277e+17 3.12018e+17 1.9808e+17 9.78389e+16 2.81366e+16 3.28528e+14 6.5723e+12 1.54889e+11 3.64634e+09 8.56598e+07 1.92108e+06
1.42419e+06 6.34757e+07 2.70116e+09 1.14719e+11 4.86738e+12 2.43381e+14 2.08908e+16 7.26566e+16 1.47113e+17 2.31754e+17 3.12184e+17 3.7474e+17 4.08873e+17 4.08873e+17 3.7474e+17 3.12184e+17 2.31754e+17 1.47113e+17 7.26566e+16 2.08908e+16 2.43381e+14 4.86738e+12 1.14719e+11 2.70116e+09 6.34757e+07 1.42419e+06
902878 4.01601e+07 1.70623e+09 7.2383e+10 3.06907e+12 1.53541e+14 1.32544e+16 4.61175e+16 9.33965e+16 1.47151e+17 1.98237e+17 2.37973e+17 2.59655e+17 2.59655e+17 2.37973e+17 1.98237e+17 1.47151e+17 9.33965e+16 4.61175e+16 1.32544e+16 1.53541e+14 3.06907e+12 7.2383e+10 1.70623e+09 4.01601e+07 902878
452184 1.99285e+07 8.39598e+08 3.53797e+10 1.49309e+12 7.46667e+13 6.53268e+15 2.27515e+16 4.6094e+16 7.26387e+16 9.78682e+16 1.17493e+17 1.28202e+17 1.28202e+17 1.17493e+17 9.78682e+16 7.26387e+16 4.60939e+16 2.27515e+16 6.53268e+15 7.46667e+13 1.49309e+12 3.53797e+10 8.39598e+08 1.99285e+07 452184
152481 6.43533e+06 2.58738e+08 1.04079e+10 4.21023e+11 2.05506e+13 1.86557e+15 6.51378e+15 1.32096e+16 2.08266e+16 2.80666e+16 3.36979e+16 3.67704e+16 3.67704e+16 3.36979e+16 2.80666e+16 2.08266e+16 1.32096e+16 6.51378e+15 1.86557e+15 2.05506e+13 4.21023e+11 1.04079e+10 2.58738e+08 6.43533e+06 152481
26085.3 904475 2.7364e+07 7.16961e+08 1.39873e+10 1.99322e+11 1.95746e+13 7.10504e+13 1.46196e+14 2.32008e+14 3.13577e+14 3.76925e+14 4.11434e+14 4.11434e+14 3.76925e+14 3.13577e+14 2.32008e+14 1.46196e+14 7.10504e+13 1.95746e+13 1.99322e+11 1.39873e+10 7.16961e+08 2.7364e+07 904475 26085.3
2799.6 78935.5 1.8408e+06 3.60283e+07 6.00143e+08 1.34424e+10 3.98293e+11 1.4117e+12 2.90403e+12 4.61142e+12 6.23501e+12 7.49602e+12 8.18297e+12 8.18297e+12 7.49602e+12 6.23501e+12 4.61142e+12 2.90403e+12 1.4117e+12 3.98293e+11 1.34424e+10 6.00143e+08 3.60283e+07 1.8408e+06 78935.5 2799.6
226.462 5430.68 107907 1.94145e+06 3.5051e+07 6.84322e+08 9.848e+09 3.34585e+10 6.85041e+10 1.08703e+11 1.46956e+11 1.76677e+11 1.92872e+11 1.92872e+11 1.76677e+11 1.46956e+11 1.08703e+11 6.85041e+10 3.34585e+10 9.848e+09 6.84322e+08 3.5051e+07 1.94145e+06 107907 5430.68 226.462
15.5542 334.722 6113.73 105713 1.77063e+06 2.60404e+07 2.44855e+08 7.94179e+08 1.6151e+09 2.55989e+09 3.45996e+09 4.15957e+09 4.54087e+09 4.54087e+09 4.15957e+09 3.45996e+09 2.55989e+09 1.6151e+09 7.94179e+08 2.44855e+08 2.60404e+07 1.77063e+06 105713 6113.73 334.722 15.5542
0.964662 19.2698 329.303 5257.79 75521.6 859349 6.09075e+06 1.88543e+07 3.80222e+07 6.01646e+07 8.12897e+07 9.77193e+07 1.06676e+08 1.06676e+08 9.77193e+07 8.12897e+07 6.01646e+07 3.80222e+07 1.88543e+07 6.09075e+06 859349 75521.6 5257.79 329.303 19.2698 0.964662
0.0506307 0.952409 15.1419 217.839 2670.85 24760.8 144331 427889 854957 1.35009e+06 1.82325e+06 2.19149e+06 2.3923e+06 2.3923e+06 2.19149e+06 1.82325e+06 1.35009e+06 854957 427889 144331 24760.8 2670.85 217.839 15.1419 0.952409 0.0506307
