8.91007e-05 0.0016728 0.0265519 0.381528 4.67321 43.2869 252.181 747.989 1496.82 2369.25 3208.23 3865.25 4225.17 4225.17 3865.25 3208.23 2369.25 1496.82 747.989 252.181 43.2869 4.67321 0.381528 0.0265519 0.0016728 8.91006e-05
0.00169358 0.0337481 0.575561 9.17739 131.705 1497.5 10607.4 32848.1 66338.8 105220 142557 171785 187794 187794 171785 142557 105220 66338.8 32848.1 10607.4 1497.5 131.705 9.17739 0.575561 0.0337481 0.00169358
0.0272503 0.584703 10.6522 183.883 3077.67 45243.4 425202 1.37951e+06 2.80939e+06 4.46346e+06 6.04996e+06 7.29154e+06 7.97162e+06 7.97162e+06 7.29154e+06 6.04996e+06 4.46346e+06 2.80939e+06 1.37951e+06 425202 45243.4 3077.67 183.883 10.6522 0.584703 0.0272503
0.396146 9.46894 187.562 3366.54 60723 1.18581e+06 1.70617e+07 5.79775e+07 1.18865e+08 1.89075e+08 2.56364e+08 3.09019e+08 3.37862e+08 3.37862e+08 3.09019e+08 2.56364e+08 1.89075e+08 1.18865e+08 5.79775e+07 1.70617e+07 1.18581e+06 60723 3366.54 187.562 9.46894 0.396146
4.89203 137.474 3195.44 62350.1 1.03613e+06 2.32299e+07 6.88826e+08 2.44162e+09 5.02926e+09 8.00609e+09 1.0858e+10 1.30898e+10 1.43123e+10 1.43123e+10 1.30898e+10 1.0858e+10 8.00609e+09 5.02926e+09 2.44162e+09 6.88826e+08 2.32299e+07 1.03613e+06 62350.1 3195.44 137.474 4.89203
45.5482 1574.14 47477.2 1.2404e+06 2.41236e+07 3.42595e+08 3.3804e+10 1.22679e+11 2.52702e+11 4.0196e+11 5.44869e+11 6.56673e+11 7.17913e+11 7.17913e+11 6.56673e+11 5.44869e+11 4.0196e+11 2.52702e+11 1.22679e+11 3.3804e+10 3.42595e+08 2.41236e+07 1.2404e+06 47477.2 1574.14 45.5482
266.181 11196.9 448860 1.80127e+07 7.27326e+08 3.54682e+10 3.2209e+12 1.12368e+13 2.27832e+13 3.59402e+13 4.84842e+13 5.82738e+13 6.36292e+13 6.36292e+13 5.82738e+13 4.84842e+13 3.59402e+13 2.27832e+13 1.12368e+13 3.2209e+12 3.54682e+10 7.27326e+08 1.80127e+07 448860 11196.9 266.181
790.013 34698.5 1.45745e+06 6.12632e+07 2.58044e+09 1.28882e+11 1.12713e+13 3.92217e+13 7.94427e+13 1.25252e+14 1.68915e+14 2.02985e+14 2.21621e+14 2.21621e+14 2.02985e+14 1.68914e+14 1.25252e+14 7.94427e+13 3.92217e+13 1.12713e+13 1.28882e+11 2.58044e+09 6.12632e+07 1.45745e+06 34698.5 790.013
1580.5 70057.4 2.9673e+06 1.25565e+08 5.31355e+09 2.65433e+11 2.28716e+13 7.95087e+13 1.60981e+14 2.53756e+14 3.42174e+14 4.11164e+14 4.489e+14 4.489e+14 4.11164e+14 3.42174e+14 2.53756e+14 1.60981e+14 7.95087e+13 2.28716e+13 2.65433e+11 5.31355e+09 1.25565e+08 2.9673e+06 70057.4 1580.5
2500.22 111050 4.71133e+06 1.99601e+08 8.45288e+09 4.21958e+11 3.60843e+13 1.25375e+14 2.53796e+14 4.00018e+14 5.39366e+14 6.48092e+14 7.07563e+14 7.07563e+14 6.48092e+14 5.39366e+14 4.00018e+14 2.53796e+14 1.25375e+14 3.60843e+13 4.21958e+11 8.45288e+09 1.99601e+08 4.71133e+06 111050 2500.22
3383.29 150351 6.38135e+06 2.70435e+08 1.14552e+10 5.71574e+11 4.86717e+13 1.69061e+14 3.4219e+14 5.39308e+14 7.27154e+14 8.73717e+14 9.53884e+14 9.53884e+14 8.73717e+14 7.27154e+14 5.39308e+14 3.4219e+14 1.69061e+14 4.86717e+13 5.71574e+11 1.14552e+10 2.70435e+08 6.38135e+06 150351 3383.29
4073.85 181070 7.68632e+06 3.25778e+08 1.38009e+10 6.88444e+11 5.84874e+13 2.03123e+14 4.1111e+14 6.47909e+14 8.73565e+14 1.04963e+15 1.14593e+15 1.14593e+15 1.04963e+15 8.73565e+14 6.47909e+14 4.1111e+14 2.03123e+14 5.84874e+13 6.88444e+11 1.38009e+10 3.25778e+08 7.68632e+06 181070 4073.85
4451.77 197880 8.40037e+06 3.5606e+08 1.50844e+10 7.52389e+11 6.38538e+13 2.21745e+14 4.48789e+14 7.0728e+14 9.53606e+14 1.1458e+15 1.25092e+15 1.25092e+15 1.1458e+15 9.53606e+14 7.0728e+14 4.48789e+14 2.21745e+14 6.38538e+13 7.52389e+11 1.50844e+10 3.5606e+08 8.40037e+06 197880 4451.77
4451.77 197880 8.40037e+06 3.5606e+08 1.50844e+10 7.52389e+11 6.38538e+13 2.21745e+14 4.48789e+14 7.0728e+14 9.53606e+14 1.1458e+15 1.25092e+15 1.25092e+15 1.1458e+15 9.53606e+14 7.0728e+14 4.48789e+14 2.21745e+14 6.38538e+13 7.52389e+11 1.50844e+10 3.5606e+08 8.40037e+06 197880 4451.77
4073.85 181070 7.68632e+06 3.25778e+08 1.38009e+10 6.88444e+11 5.84874e+13 2.03123e+14 4.1111e+14 6.47909e+14 8.73565e+14 1.04963e+15 1.14593e+15 1.14593e+15 1.04963e+15 8.73565e+14 6.47909e+14 4.1111e+14 2.03123e+14 5.84874e+13 6.88444e+11 1.38009e+10 3.25778e+08 7.68632e+06 181070 4073.85
3383.29 150351 6.38135e+06 2.70435e+08 1.14552e+10 5.71574e+11 4.86717e+13 1.69061e+14 3.4219e+14 5.39308e+14 7.27154e+14 8.73717e+14 9.53884e+14 9.53884e+14 8.73717e+14 7.27154e+14 5.39308e+14 3.4219e+14 1.69061e+14 4.86717e+13 5.71574e+11 1.14552e+10 2.70435e+08 6.38135e+06 150351 3383.29
2500.22 111050 4.71133e+06 1.99601e+08 8.45288e+09 4.21958e+11 3.60843e+13 1.25375e+14 2.53796e+14 4.00018e+14 5.39366e+14 6.48092e+14 7.07563e+14 7.07563e+14 6.48092e+14 5.39366e+14 4.00018e+14 2.53796e+14 1.25375e+14 3.60843e+13 4.21958e+11 8.45288e+09 1.99601e+08 4.71133e+06 111050 2500.22
1580.5 70057.4 2.9673e+06 1.25565e+08 5.31355e+09 2.65433e+11 2.28716e+13 7.95087e+13 1.60981e+14 2.53756e+14 3.42174e+14 4.11164e+14 4.489e+14 4.489e+14 4.11164e+14 3.42174e+14 2.53756e+14 1.60981e+14 7.95087e+13 2.28716e+13 2.65433e+11 5.31355e+09 1.25565e+08 2.9673e+06 70057.4 1580.5
790.013 34698.5 1.45745e+06 6.12632e+07 2.58044e+09 1.28882e+11 1.12713e+13 3.92217e+13 7.94427e+13 1.25252e+14 1.68914e+14 2.02985e+14 2.21621e+14 2.21621e+14 2.02985e+14 1.68915e+14 1.25252e+14 7.94427e+13 3.92217e+13 1.12713e+13 1.28882e+11 2.58044e+09 6.12632e+07 1.45745e+06 34698.5 790.013
266.181 11196.9 448860 1.80127e+07 7.27326e+08 3.54682e+10 3.2209e+12 1.12368e+13 2.27832e+13 3.59402e+13 4.84842e+13 5.82738e+13 6.36292e+13 6.36292e+13 5.82738e+13 4.84842e+13 3.59402e+13 2.27832e+13 1.12368e+13 3.2209e+12 3.54682e+10 7.27326e+08 1.80127e+07 448860 11196.9 266.181
45.5482 1574.14 47477.2 1.2404e+06 2.41236e+07 3.42595e+08 3.3804e+10 1.22679e+11 2.52702e+11 4.0196e+11 5.44869e+11 6.56673e+11 7.17913e+11 7.17913e+11 6.56673e+11 5.44869e+11 4.0196e+11 2.52702e+11 1.22679e+11 3.3804e+10 3.42595e+08 2.41236e+07 1.2404e+06 47477.2 1574.14 45.5482
4.89203 137.474 3195.44 62350.1 1.03613e+06 2.32299e+07 6.88826e+08 2.44162e+09 5.02926e+09 8.00609e+09 1.0858e+10 1.30898e+10 1.43123e+10 1.43123e+10 1.30898e+10 1.0858e+10 8.00609e+09 5.02926e+09 2.44162e+09 6.88826e+08 2.32299e+07 1.03613e+06 62350.1 3195.44 137.474 4.89203
0.396146 9.46894 187.562 3366.54 60723 1.18581e+06 1.70617e+07 5.79775e+07 1.18865e+08 1.89075e+08 2.56364e+08 3.09019e+08 3.37862e+08 3.37862e+08 3.09019e+08 2.56364e+08 1.89075e+08 1.18865e+08 5.79775e+07 1.70617e+07 1.18581e+06 60723 3366.54 187.562 9.46894 0.396146
0.0272503 0.584703 10.6522 183.883 3077.67 45243.4 425202 1.37951e+06 2.80939e+06 4.46346e+06 6.04996e+06 7.29154e+06 7.97162e+06 7.97162e+06 7.29154e+06 6.04996e+06 4.46346e+06 2.80939e+06 1.37951e+06 425202 45243.4 3077.67 183.883 10.6522 0.584703 0.0272503
0.00169358 0.0337481 0.575561 9.17739 131.705 1497.5 10607.4 32848.1 66338.8 105220 142557 171785 187794 187794 171785 142557 105220 66338.8 32848.1 10607.4 1497.5 131.705 9.17739 0.575561 0.0337481 0.00169358
8.91007e-05 0.0016728 0.0265519 0.381528 4.67321 43.2869 252.181 747.989 1496.82 2369.25 3208.23 3865.25 4225.17 4225.17 3865.25 3208.23 2369.25 1496.82 747.989 252.181 43.2869 4.67321 0.381528 0.0265519 0.0016728 8.91007e-05
