19.9676 368.768 5684.9 78650.2 927409 8.32707e+06 4.73731e+07 1.37064e+08 2.65891e+08 4.06459e+08 5.32288e+08 6.24615e+08 6.72937e+08 6.72937e+08 6.24615e+08 5.32288e+08 4.06459e+08 2.65891e+08 1.37064e+08 4.73731e+07 8.32707e+06 927409 78650.2 5684.89 368.768 19.9676
382.994 7576.28 126386 1.93834e+06 2.65521e+07 2.90152e+08 2.00021e+09 6.03705e+09 1.18042e+10 1.80524e+10 2.36157e+10 2.76819e+10 2.98046e+10 2.98046e+10 2.76819e+10 2.36157e+10 1.80524e+10 1.18042e+10 6.03705e+09 2.00021e+09 2.90152e+08 2.65521e+07 1.93834e+06 126386 7576.28 382.994
6156 132695 2.40185e+06 4.02264e+07 6.37199e+08 8.86351e+09 8.05483e+10 2.54471e+11 5.01041e+11 7.66185e+11 1.00099e+12 1.17191e+12 1.26091e+12 1.26091e+12 1.17191e+12 1.00099e+12 7.66185e+11 5.01041e+11 2.54471e+11 8.05483e+10 8.86351e+09 6.37199e+08 4.02264e+07 2.40185e+06 132695 6156
88168.6 2.13506e+06 4.28164e+07 7.66103e+08 1.3172e+10 2.36712e+11 3.24842e+12 1.07386e+13 2.12547e+13 3.24813e+13 4.2372e+13 4.9543e+13 5.32664e+13 5.32664e+13 4.9543e+13 4.2372e+13 3.24813e+13 2.12547e+13 1.07386e+13 3.24842e+12 2.36712e+11 1.3172e+10 7.66103e+08 4.28164e+07 2.13506e+06 88168.6
1.06129e+06 3.02298e+07 7.16933e+08 1.43706e+10 2.41673e+11 4.84301e+12 1.31833e+14 4.54175e+14 9.01779e+14 1.3765e+15 1.7927e+15 2.09325e+15 2.24887e+15 2.24887e+15 2.09325e+15 1.7927e+15 1.3765e+15 9.01779e+14 4.54175e+14 1.31833e+14 4.84301e+12 2.41673e+11 1.43706e+10 7.16933e+08 3.02298e+07 1.06129e+06
9.59139e+06 3.34343e+08 1.02222e+10 2.73451e+11 5.61235e+12 8.5214e+13 6.59248e+15 2.32444e+16 4.61721e+16 7.04679e+16 9.17988e+16 1.07234e+17 1.1524e+17 1.1524e+17 1.07234e+17 9.17988e+16 7.04679e+16 4.61721e+16 2.32444e+16 6.59248e+15 8.5214e+13 5.61235e+12 2.73451e+11 1.02222e+10 3.34343e+08 9.59139e+06
5.44445e+07 2.29825e+09 9.25285e+10 3.73067e+12 1.51364e+14 7.29315e+15 6.26127e+17 2.14825e+18 4.26005e+18 6.5524e+18 8.62865e+18 1.01778e+19 1.09997e+19 1.09997e+19 1.01778e+19 8.62865e+18 6.5524e+18 4.26005e+18 2.14825e+18 6.26127e+17 7.29315e+15 1.51364e+14 3.73067e+12 9.25285e+10 2.29825e+09 5.44445e+07
1.57281e+08 6.92505e+09 2.91795e+11 1.23092e+13 5.20414e+14 2.57356e+16 2.15717e+18 7.38502e+18 1.46269e+19 2.24787e+19 2.9584e+19 3.48822e+19 3.76923e+19 3.76923e+19 3.48822e+19 2.9584e+19 2.24787e+19 1.46269e+19 7.38502e+18 2.15717e+18 2.57356e+16 5.20414e+14 1.23092e+13 2.91795e+11 6.92505e+09 1.57281e+08
3.04789e+08 1.35258e+10 5.73892e+11 2.43356e+13 1.0321e+15 5.10711e+16 4.27625e+18 1.46222e+19 2.89156e+19 4.43635e+19 5.82983e+19 6.86611e+19 7.41474e+19 7.41474e+19 6.86611e+19 5.82983e+19 4.43635e+19 2.89156e+19 1.46222e+19 4.27625e+18 5.10711e+16 1.0321e+15 2.43356e+13 5.73892e+11 1.35258e+10 3.04789e+08
4.65536e+08 2.06678e+10 8.76817e+11 3.71559e+13 1.57395e+15 7.78321e+16 6.56566e+18 2.24324e+19 4.4287e+19 6.78173e+19 8.89603e+19 1.04631e+20 1.12908e+20 1.12908e+20 1.04631e+20 8.89603e+19 6.78173e+19 4.4287e+19 2.24324e+19 6.56566e+18 7.78321e+16 1.57395e+15 3.71559e+13 8.76817e+11 2.06678e+10 4.65536e+08
6.09253e+08 2.70188e+10 1.14473e+12 4.84351e+13 2.04833e+15 1.01243e+17 8.62771e+18 2.94614e+19 5.80772e+19 8.87766e+19 1.16258e+20 1.36561e+20 1.4726e+20 1.4726e+20 1.36561e+20 1.16258e+20 8.87766e+19 5.80772e+19 2.94614e+19 8.62771e+18 1.01243e+17 2.04833e+15 4.84351e+13 1.14473e+12 2.70188e+10 6.09253e+08
7.146e+08 3.16558e+10 1.33954e+12 5.66035e+13 2.39048e+15 1.18125e+17 1.01583e+19 3.46762e+19 6.82809e+19 1.04232e+20 1.36322e+20 1.59968e+20 1.72409e+20 1.72409e+20 1.59968e+20 1.36322e+20 1.04232e+20 6.82809e+19 3.46762e+19 1.01583e+19 1.18125e+17 2.39048e+15 5.66035e+13 1.33954e+12 3.16558e+10 7.146e+08
7.697e+08 3.4075e+10 1.44089e+12 6.08417e+13 2.56751e+15 1.26861e+17 1.09675e+19 3.74322e+19 7.36637e+19 1.12367e+20 1.46859e+20 1.72239e+20 1.85579e+20 1.85579e+20 1.72239e+20 1.46859e+20 1.12367e+20 7.36637e+19 3.74322e+19 1.09675e+19 1.26861e+17 2.56751e+15 6.08417e+13 1.44089e+12 3.4075e+10 7.697e+08
7.697e+08 3.4075e+10 1.44089e+12 6.08417e+13 2.56751e+15 1.26861e+17 1.09675e+19 3.74322e+19 7.36637e+19 1.12367e+20 1.46859e+20 1.72239e+20 1.85579e+20 1.85579e+20 1.72239e+20 1.46859e+20 1.12367e+20 7.36637e+19 3.74322e+19 1.09675e+19 1.26861e+17 2.56751e+15 6.08417e+13 1.44089e+12 3.4075e+10 7.697e+08
7.146e+08 3.16558e+10 1.33954e+12 5.66035e+13 2.39048e+15 1.18125e+17 1.01583e+19 3.46762e+19 6.82809e+19 1.04232e+20 1.36322e+20 1.59968e+20 1.72409e+20 1.72409e+20 1.59968e+20 1.36322e+20 1.04232e+20 6.82809e+19 3.46762e+19 1.01583e+19 1.18125e+17 2.39048e+15 5.66035e+13 1.33954e+12 3.16558e+10 7.146e+08
6.09253e+08 2.70188e+10 1.14473e+12 4.84351e+13 2.04833e+15 1.01243e+17 8.62771e+18 2.94614e+19 5.80772e+19 8.87766e+19 1.16258e+20 1.36561e+20 1.4726e+20 1.4726e+20 1.36561e+20 1.16258e+20 8.87766e+19 5.80772e+19 2.94614e+19 8.62771e+18 1.01243e+17 2.04833e+15 4.84351e+13 1.14473e+12 2.70188e+10 6.09253e+08
4.65536e+08 2.06678e+10 8.76817e+11 3.71559e+13 1.57395e+15 7.78321e+16 6.56566e+18 2.24324e+19 4.4287e+19 6.78173e+19 8.89603e+19 1.04631e+20 1.12908e+20 1.12908e+20 1.04631e+20 8.89603e+19 6.78173e+19 4.4287e+19 2.24324e+19 6.56566e+18 7.78321e+16 1.57395e+15 3.71559e+13 8.76817e+11 2.06678e+10 4.65536e+08
3.04789e+08 1.35258e+10 5.73892e+11 2.43356e+13 1.0321e+15 5.10711e+16 4.27625e+18 1.46222e+19 2.89156e+19 4.43635e+19 5.82983e+19 6.86611e+19 7.41474e+19 7.41474e+19 6.86611e+19 5.82983e+19 4.43635e+19 2.89156e+19 1.46222e+19 4.27625e+18 5.10711e+16 1.0321e+15 2.43356e+13 5.73892e+11 1.35258e+10 3.04789e+08
1.57281e+08 6.92505e+09 2.91795e+11 1.23092e+13 5.20414e+14 2.57356e+16 2.15717e+18 7.38502e+18 1.46269e+19 2.24787e+19 2.9584e+19 3.48822e+19 3.76923e+19 3.76923e+19 3.48822e+19 2.9584e+19 2.24787e+19 1.46269e+19 7.38502e+18 2.15717e+18 2.57356e+16 5.20414e+14 1.23092e+13 2.91795e+11 6.92505e+09 1.57281e+08
5.44445e+07 2.29825e+09 9.25285e+10 3.73067e+12 1.51364e+14 7.29315e+15 6.26127e+17 2.14825e+18 4.26005e+18 6.5524e+18 8.62865e+18 1.01778e+19 1.09997e+19 1.09997e+19 1.01778e+19 8.62865e+18 6.5524e+18 4.26005e+18 2.14825e+18 6.26127e+17 7.29315e+15 1.51364e+14 3.73067e+12 9.25285e+10 2.29825e+09 5.44445e+07
9.59139e+06 3.34343e+08 1.02222e+10 2.73451e+11 5.61235e+12 8.5214e+13 6.59248e+15 2.32444e+16 4.61721e+16 7.04679e+16 9.17988e+16 1.07234e+17 1.1524e+17 1.1524e+17 1.07234e+17 9.17988e+16 7.04679e+16 4.61721e+16 2.32444e+16 6.59248e+15 8.5214e+13 5.61235e+12 2.73451e+11 1.02222e+10 3.34343e+08 9.59139e+06
1.06129e+06 3.02298e+07 7.16933e+08 1.43706e+10 2.41673e+11 4.84301e+12 1.31833e+14 4.54175e+14 9.01779e+14 1.3765e+15 1.7927e+15 2.09325e+15 2.24887e+15 2.24887e+15 2.09325e+15 1.7927e+15 1.3765e+15 9.01779e+14 4.54175e+14 1.31833e+14 4.84301e+12 2.41673e+11 1.43706e+10 7.16933e+08 3.02298e+07 1.06129e+06
88168.6 2.13506e+06 4.28164e+07 7.66103e+08 1.3172e+10 2.36712e+11 3.24842e+12 1.07386e+13 2.12547e+13 3.24813e+13 4.2372e+13 4.9543e+13 5.32664e+13 5.32664e+13 4.9543e+13 4.2372e+13 3.24813e+13 2.12547e+13 1.07386e+13 3.24842e+12 2.36712e+11 1.3172e+10 7.66103e+08 4.28164e+07 2.13506e+06 88168.6
6156 132695 2.40185e+06 4.02264e+07 6.37199e+08 8.86351e+09 8.05483e+10 2.54471e+11 5.01041e+11 7.66185e+11 1.00099e+12 1.17191e+12 1.26091e+12 1.26091e+12 1.17191e+12 1.00099e+12 7.66185e+11 5.01041e+11 2.54471e+11 8.05483e+10 8.86351e+09 6.37199e+08 4.02264e+07 2.40185e+06 132695 6156
382.994 7576.28 126386 1.93834e+06 2.65521e+07 2.90152e+08 2.00021e+09 6.03705e+09 1.18042e+10 1.80524e+10 2.36157e+10 2.76819e+10 2.98046e+10 2.98046e+10 2.76819e+10 2.36157e+10 1.80524e+10 1.18042e+10 6.03705e+09 2.00021e+09 2.90152e+08 2.65521e+07 1.93834e+06 126386 7576.28 382.994
19.9676 368.768 5684.9 78650.2 927409 8.32707e+06 4.73731e+07 1.37064e+08 2.65891e+08 4.06459e+08 5.32288e+08 6.24615e+08 6.72937e+08 6.72937e+08 6.24615e+08 5.32288e+08 4.06459e+08 2.65891e+08 1.37064e+08 4.73731e+07 8.32707e+06 927409 78650.2 5684.89 368.768 19.9676
