23.8595 440.873 6802.1 94205.6 1.11206e+06 9.99533e+06 5.69221e+07 1.64925e+08 3.20497e+08 4.9082e+08 6.43796e+08 7.56359e+08 8.15382e+08 8.15382e+08 7.56359e+08 6.43796e+08 4.9082e+08 3.20497e+08 1.64925e+08 5.69221e+07 9.99533e+06 1.11206e+06 94205.6 6802.1 440.873 23.8595
457.621 9055.37 151159 2.32065e+06 3.18283e+07 3.4821e+08 2.4029e+09 7.26273e+09 1.42256e+10 2.17951e+10 2.85572e+10 3.35134e+10 3.61055e+10 3.61055e+10 3.35134e+10 2.85572e+10 2.17951e+10 1.42256e+10 7.26273e+09 2.4029e+09 3.4821e+08 3.18283e+07 2.32065e+06 151159 9055.37 457.621
7356.81 158587 2.8714e+06 4.81296e+07 7.63414e+08 1.06342e+10 9.67429e+10 3.06069e+11 6.03702e+11 9.24851e+11 1.2102e+12 1.41847e+12 1.52711e+12 1.52711e+12 1.41847e+12 1.2102e+12 9.24851e+11 6.03702e+11 3.06069e+11 9.67429e+10 1.06342e+10 7.63414e+08 4.81296e+07 2.8714e+06 158587 7356.81
105417 2.55233e+06 5.11795e+07 9.1597e+08 1.57668e+10 2.8388e+11 3.90058e+12 1.29131e+13 2.56046e+13 3.92001e+13 5.12171e+13 5.99526e+13 6.44961e+13 6.44961e+13 5.99526e+13 5.12171e+13 3.92001e+13 2.56046e+13 1.29131e+13 3.90058e+12 2.8388e+11 1.57668e+10 9.1597e+08 5.11795e+07 2.55233e+06 105417
1.26983e+06 3.61615e+07 8.57336e+08 1.71783e+10 2.88886e+11 5.80281e+12 1.58259e+14 5.46018e+14 1.08611e+15 1.6609e+15 2.16647e+15 2.53247e+15 2.72228e+15 2.72228e+15 2.53247e+15 2.16647e+15 1.6609e+15 1.08611e+15 5.46018e+14 1.58259e+14 5.80281e+12 2.88886e+11 1.71783e+10 8.57336e+08 3.61615e+07 1.26983e+06
1.14863e+07 4.00314e+08 1.22356e+10 3.27163e+11 6.70835e+12 1.01759e+14 7.90901e+15 2.79261e+16 5.55669e+16 8.49484e+16 1.10816e+17 1.29571e+17 1.39312e+17 1.39312e+17 1.29571e+17 1.10816e+17 8.49484e+16 5.55669e+16 2.79261e+16 7.90901e+15 1.01759e+14 6.70835e+12 3.27163e+11 1.22356e+10 4.00314e+08 1.14863e+07
6.52694e+07 2.75468e+09 1.10882e+11 4.46965e+12 1.81302e+14 8.7362e+15 7.51e+17 2.57857e+18 5.11769e+18 7.87747e+18 1.03793e+19 1.22467e+19 1.32376e+19 1.32376e+19 1.22467e+19 1.03793e+19 7.87747e+18 5.11769e+18 2.57857e+18 7.51e+17 8.7362e+15 1.81302e+14 4.46965e+12 1.10882e+11 2.75468e+09 6.52694e+07
1.88815e+08 8.31195e+09 3.50164e+11 1.47684e+13 6.24256e+14 3.08712e+16 2.5893e+18 8.86918e+18 1.75771e+19 2.70253e+19 3.55775e+19 4.19538e+19 4.53347e+19 4.53347e+19 4.19538e+19 3.55775e+19 2.70253e+19 1.75771e+19 8.86918e+18 2.5893e+18 3.08712e+16 6.24256e+14 1.47684e+13 3.50164e+11 8.31195e+09 1.88815e+08
3.66512e+08 1.62621e+10 6.89866e+11 2.92482e+13 1.24021e+15 6.13669e+16 5.13765e+18 1.75729e+19 3.47609e+19 5.33376e+19 7.00852e+19 8.25286e+19 8.91109e+19 8.91109e+19 8.25286e+19 7.00852e+19 5.33376e+19 3.47609e+19 1.75729e+19 5.13765e+18 6.13669e+16 1.24021e+15 2.92482e+13 6.89866e+11 1.62621e+10 3.66512e+08
5.60777e+08 2.48918e+10 1.05584e+12 4.47341e+13 1.89463e+15 9.3679e+16 7.895e+18 2.69749e+19 5.32512e+19 8.15188e+19 1.06879e+20 1.25642e+20 1.35537e+20 1.35537e+20 1.25642e+20 1.06879e+20 8.15188e+19 5.32512e+19 2.69749e+19 7.895e+18 9.3679e+16 1.89463e+15 4.47341e+13 1.05584e+12 2.48918e+10 5.60777e+08
7.3501e+08 3.25899e+10 1.38051e+12 5.84003e+13 2.46928e+15 1.22023e+17 1.03812e+19 3.54405e+19 6.98337e+19 1.06669e+20 1.39561e+20 1.63794e+20 1.76539e+20 1.76539e+20 1.63794e+20 1.39561e+20 1.06669e+20 6.98337e+19 3.54405e+19 1.03812e+19 1.22023e+17 2.46928e+15 5.84003e+13 1.38051e+12 3.25899e+10 7.3501e+08
8.63062e+08 3.82251e+10 1.61719e+12 6.83213e+13 2.88472e+15 1.42505e+17 1.22278e+19 4.17213e+19 8.20942e+19 1.25185e+20 1.63521e+20 1.91673e+20 2.06445e+20 2.06445e+20 1.91673e+20 1.63521e+20 1.25185e+20 8.20942e+19 4.17213e+19 1.22278e+19 1.42505e+17 2.88472e+15 6.83213e+13 1.61719e+12 3.82251e+10 8.63062e+08
9.30152e+08 4.11699e+10 1.74053e+12 7.34769e+13 3.09997e+15 1.53116e+17 1.32042e+19 4.50401e+19 8.85573e+19 1.34916e+20 1.76077e+20 2.0625e+20 2.22063e+20 2.22063e+20 2.0625e+20 1.76077e+20 1.34916e+20 8.85573e+19 4.50401e+19 1.32042e+19 1.53116e+17 3.09997e+15 7.34769e+13 1.74053e+12 4.11699e+10 9.30152e+08
9.30152e+08 4.11699e+10 1.74053e+12 7.34769e+13 3.09997e+15 1.53116e+17 1.32042e+19 4.50401e+19 8.85573e+19 1.34916e+20 1.76077e+20 2.0625e+20 2.22063e+20 2.22063e+20 2.0625e+20 1.76077e+20 1.34916e+20 8.85573e+19 4.50401e+19 1.32042e+19 1.53116e+17 3.09997e+15 7.34769e+13 1.74053e+12 4.11699e+10 9.30152e+08
8.63062e+08 3.82251e+10 1.61719e+12 6.83213e+13 2.88472e+15 1.42505e+17 1.22278e+19 4.17213e+19 8.20942e+19 1.25185e+20 1.63521e+20 1.91673e+20 2.06445e+20 2.06445e+20 1.91673e+20 1.63521e+20 1.25185e+20 8.20942e+19 4.17213e+19 1.22278e+19 1.42505e+17 2.88472e+15 6.83213e+13 1.61719e+12 3.82251e+10 8.63062e+08
7.3501e+08 3.25899e+10 1.38051e+12 5.84003e+13 2.46928e+15 1.22023e+17 1.03812e+19 3.54405e+19 6.98337e+19 1.06669e+20 1.39561e+20 1.63794e+20 1.76539e+20 1.76539e+20 1.63794e+20 1.39561e+20 1.06669e+20 6.98337e+19 3.54405e+19 1.03812e+19 1.22023e+17 2.46928e+15 5.84003e+13 1.38051e+12 3.25899e+10 7.3501e+08
5.60777e+08 2.48918e+10 1.05584e+12 4.47341e+13 1.89463e+15 9.3679e+16 7.895e+18 2.69749e+19 5.32512e+19 8.15188e+19 1.06879e+20 1.25642e+20 1.35537e+20 1.35537e+20 1.25642e+20 1.06879e+20 8.15188e+19 5.32512e+19 2.69749e+19 7.895e+18 9.3679e+16 1.89463e+15 4.47341e+13 1.05584e+12 2.48918e+10 5.60777e+08
3.66512e+08 1.62621e+10 6.89866e+11 2.92482e+13 1.24021e+15 6.13669e+16 5.13765e+18 1.75729e+19 3.47609e+19 5.33376e+19 7.00852e+19 8.25286e+19 8.91109e+19 8.91109e+19 8.25286e+19 7.00852e+19 5.33376e+19 3.47609e+19 1.75729e+19 5.13765e+18 6.13669e+16 1.24021e+15 2.92482e+13 6.89866e+11 1.62621e+10 3.66512e+08
1.88815e+08 8.31195e+09 3.50164e+11 1.47684e+13 6.24256e+14 3.08712e+16 2.5893e+18 8.86918e+18 1.75771e+19 2.70253e+19 3.55775e+19 4.19538e+19 4.53347e+19 4.53347e+19 4.19538e+19 3.55775e+19 2.70253e+19 1.75771e+19 8.86918e+18 2.5893e+18 3.08712e+16 6.24256e+14 1.47684e+13 3.50164e+11 8.31195e+09 1.88815e+08
6.52694e+07 2.75468e+09 1.10882e+11 4.46965e+12 1.81302e+14 8.7362e+15 7.51e+17 2.57857e+18 5.11769e+18 7.87747e+18 1.03793e+19 1.22467e+19 1.32376e+19 1.32376e+19 1.22467e+19 1.03793e+19 7.87747e+18 5.11769e+18 2.57857e+18 7.51e+17 8.7362e+15 1.81302e+14 4.46965e+12 1.10882e+11 2.75468e+09 6.52694e+07
1.14863e+07 4.00314e+08 1.22356e+10 3.27163e+11 6.70835e+12 1.01759e+14 7.90901e+15 2.79261e+16 5.55669e+16 8.49484e+16 1.10816e+17 1.29571e+17 1.39312e+17 1.39312e+17 1.29571e+17 1.10816e+17 8.49484e+16 5.55669e+16 2.79261e+16 7.90901e+15 1.01759e+14 6.70835e+12 3.27163e+11 1.22356e+10 4.00314e+08 1.14863e+07
1.26983e+06 3.61615e+07 8.57336e+08 1.71783e+10 2.88886e+11 5.80281e+12 1.58259e+14 5.46018e+14 1.08611e+15 1.6609e+15 2.16647e+15 2.53247e+15 2.72228e+15 2.72228e+15 2.53247e+15 2.16647e+15 1.6609e+15 1.08611e+15 5.46018e+14 1.58259e+14 5.80281e+12 2.88886e+11 1.71783e+10 8.57336e+08 3.61615e+07 1.26983e+06
105417 2.55233e+06 5.11795e+07 9.1597e+08 1.57668e+10 2.8388e+11 3.90058e+12 1.29131e+13 2.56046e+13 3.92001e+13 5.12171e+13 5.99526e+13 6.44961e+13 6.44961e+13 5.99526e+13 5.12171e+13 3.92001e+13 2.56046e+13 1.29131e+13 3.90058e+12 2.8388e+11 1.57668e+10 9.1597e+08 5.11795e+07 2.55233e+06 105417
7356.81 158587 2.8714e+06 4.81296e+07 7.63414e+08 1.06342e+10 9.67428e+10 3.06069e+11 6.03702e+11 9.24851e+11 1.2102e+12 1.41847e+12 1.52711e+12 1.52711e+12 1.41847e+12 1.2102e+12 9.24851e+11 6.03702e+11 3.06069e+11 9.67429e+10 1.06342e+10 7.63414e+08 4.81296e+07 2.8714e+06 158587 7356.81
457.621 9055.37 151159 2.32065e+06 3.18283e+07 3.4821e+08 2.4029e+09 7.26273e+09 1.42256e+10 2.17951e+10 2.85572e+10 3.35134e+10 3.61055e+10 3.61055e+10 3.35134e+10 2.85572e+10 2.17951e+10 1.42256e+10 7.26273e+09 2.4029e+09 3.4821e+08 3.18283e+07 2.32065e+06 151159 9055.37 457.621
23.8595 440.873 6802.1 94205.6 1.11206e+06 9.99533e+06 5.69221e+07 1.64925e+08 3.20497e+08 4.9082e+08 6.43796e+08 7.56359e+08 8.15382e+08 8.15382e+08 7.56359e+08 6.43796e+08 4.9082e+08 3.20497e+08 1.64925e+08 5.69221e+07 9.99533e+06 1.11206e+06 94205.6 6802.1 440.873 23.8595
