0.000478542 0.00902908 0.144188 2.08534 25.7054 239.537 1404.15 4198.84 8484.13 13562.8 18526.9 22465.9 24642.1 24642.1 22465.9 18526.9 13562.8 8484.13 4198.84 1404.15 239.537 25.7054 2.08534 0.144188 0.00902908 0.000478542
0.00912201 0.182597 3.13199 50.2738 726.472 8312.89 59245.9 185023 377482 604979 827187 1.00353e+06 1.10097e+06 1.10097e+06 1.00353e+06 827187 604979 377482 185023 59245.9 8312.89 726.472 50.2738 3.13199 0.182597 0.00912201
0.147334 3.17308 58.075 1008.63 17007.1 251784 2.38066e+06 7.79177e+06 1.60384e+07 2.57604e+07 3.52523e+07 4.27867e+07 4.69515e+07 4.69515e+07 4.27867e+07 3.52523e+07 2.57604e+07 1.60384e+07 7.79177e+06 2.38066e+06 251784 17007.1 1008.63 58.075 3.17308 0.147334
2.15199 51.5963 1025.2 18474.9 335538 6.60859e+06 9.56738e+07 3.28097e+08 6.80248e+08 1.09447e+09 1.49885e+09 1.81997e+09 1.99753e+09 1.99753e+09 1.81997e+09 1.49885e+09 1.09447e+09 6.80248e+08 3.28097e+08 9.56737e+07 6.60859e+06 335538 18474.9 1025.2 51.5963 2.15199
26.7215 753.098 17544.4 342815 5.71049e+06 1.29376e+08 3.865e+09 1.38321e+10 2.8829e+10 4.64433e+10 6.36447e+10 7.73114e+10 8.4871e+10 8.4871e+10 7.73115e+10 6.36447e+10 4.64433e+10 2.8829e+10 1.38321e+10 3.865e+09 1.29376e+08 5.71049e+06 342815 17544.4 753.098 26.7215
250.282 8675.86 262271 6.85939e+06 1.33201e+08 1.88701e+09 1.8944e+11 6.94289e+11 1.44724e+12 2.32972e+12 3.1909e+12 3.87486e+12 4.25311e+12 4.25311e+12 3.87486e+12 3.1909e+12 2.32972e+12 1.44724e+12 6.94289e+11 1.8944e+11 1.88701e+09 1.33201e+08 6.85939e+06 262271 8675.86 250.282
1472.29 62122.3 2.49631e+06 1.00327e+08 4.05341e+09 1.97801e+11 1.80508e+13 6.33951e+13 1.29597e+14 2.06142e+14 2.80107e+14 3.38449e+14 3.70583e+14 3.70583e+14 3.38449e+14 2.80107e+14 2.06142e+14 1.29597e+14 6.33951e+13 1.80508e+13 1.97801e+11 4.05341e+09 1.00327e+08 2.49631e+06 62122.3 1472.29
4406.6 194204 8.17966e+06 3.44485e+08 1.45253e+10 7.25996e+11 6.35913e+13 2.22658e+14 4.5454e+14 7.22385e+14 9.81018e+14 1.18492e+15 1.2972e+15 1.2972e+15 1.18492e+15 9.81018e+14 7.22385e+14 4.5454e+14 2.22658e+14 6.35913e+13 7.25996e+11 1.45253e+10 3.44485e+08 8.17966e+06 194204 4406.6
8903.78 396212 1.68368e+07 7.14223e+08 3.02737e+10 1.51347e+12 1.30136e+14 4.55031e+14 9.28338e+14 1.47481e+15 2.00232e+15 2.41813e+15 2.64705e+15 2.64705e+15 2.41813e+15 2.00232e+15 1.47481e+15 9.28338e+14 4.55031e+14 1.30136e+14 1.51347e+12 3.02737e+10 7.14223e+08 1.68368e+07 396212 8903.78
14228.1 634743 2.70318e+07 1.14866e+09 4.87503e+10 2.43549e+12 2.07085e+14 7.23482e+14 1.47546e+15 2.34344e+15 3.18115e+15 3.84137e+15 4.20483e+15 4.20483e+15 3.84137e+15 3.18115e+15 2.34344e+15 1.47546e+15 7.23482e+14 2.07085e+14 2.43549e+12 4.87503e+10 1.14866e+09 2.70318e+07 634743 14228.1
19425.8 867431 3.69724e+07 1.5722e+09 6.6769e+10 3.33409e+12 2.81419e+14 9.82639e+14 2.00349e+15 3.1816e+15 4.31847e+15 5.21438e+15 5.70758e+15 5.70758e+15 5.21438e+15 4.31847e+15 3.1816e+15 2.00349e+15 9.82639e+14 2.81419e+14 3.33409e+12 6.6769e+10 1.5722e+09 3.69724e+07 867431 19425.8
23545.2 1.05186e+06 4.48533e+07 1.90811e+09 8.10662e+10 4.04688e+12 3.40027e+14 1.18688e+15 2.41955e+15 3.84195e+15 5.21443e+15 6.29597e+15 6.89132e+15 6.89132e+15 6.29597e+15 5.21443e+15 3.84195e+15 2.41955e+15 1.18688e+15 3.40027e+14 4.04688e+12 8.10662e+10 1.90811e+09 4.48533e+07 1.05186e+06 23545.2
25819.3 1.1537e+06 4.92057e+07 2.09368e+09 8.89669e+10 4.4407e+12 3.72296e+14 1.2993e+15 2.64855e+15 4.20538e+15 5.7075e+15 6.89117e+15 7.54273e+15 7.54273e+15 6.89117e+15 5.7075e+15 4.20538e+15 2.64855e+15 1.2993e+15 3.72296e+14 4.4407e+12 8.89669e+10 2.09368e+09 4.92057e+07 1.1537e+06 25819.3
25819.3 1.1537e+06 4.92057e+07 2.09368e+09 8.89669e+10 4.4407e+12 3.72296e+14 1.2993e+15 2.64855e+15 4.20538e+15 5.7075e+15 6.89117e+15 7.54273e+15 7.54273e+15 6.89117e+15 5.7075e+15 4.20538e+15 2.64855e+15 1.2993e+15 3.72296e+14 4.4407e+12 8.89669e+10 2.09368e+09 4.92057e+07 1.1537e+06 25819.3
23545.2 1.05186e+06 4.48533e+07 1.90811e+09 8.10662e+10 4.04688e+12 3.40027e+14 1.18688e+15 2.41955e+15 3.84195e+15 5.21443e+15 6.29597e+15 6.89132e+15 6.89132e+15 6.29597e+15 5.21443e+15 3.84195e+15 2.41955e+15 1.18688e+15 3.40027e+14 4.04688e+12 8.10662e+10 1.90811e+09 4.48533e+07 1.05186e+06 23545.2
19425.8 867431 3.69724e+07 1.5722e+09 6.6769e+10 3.33409e+12 2.81419e+14 9.82639e+14 2.00349e+15 3.1816e+15 4.31847e+15 5.21438e+15 5.70758e+15 5.70758e+15 5.21438e+15 4.31847e+15 3.1816e+15 2.00349e+15 9.82639e+14 2.81419e+14 3.33409e+12 6.6769e+10 1.5722e+09 3.69724e+07 867431 19425.8
14228.1 634743 2.70318e+07 1.14866e+09 4.87503e+10 2.43549e+12 2.07085e+14 7.23482e+14 1.47546e+15 2.34344e+15 3.18115e+15 3.84137e+15 4.20483e+15 4.20483e+15 3.84137e+15 3.18115e+15 2.34344e+15 1.47546e+15 7.23482e+14 2.07085e+14 2.43549e+12 4.87503e+10 1.14866e+09 2.70318e+07 634743 14228.1
8903.78 396212 1.68368e+07 7.14223e+08 3.02737e+10 1.51347e+12 1.30136e+14 4.55031e+14 9.28338e+14 1.47481e+15 2.00232e+15 2.41813e+15 2.64705e+15 2.64705e+15 2.41813e+15 2.00232e+15 1.47481e+15 9.28338e+14 4.55031e+14 1.30136e+14 1.51347e+12 3.02737e+10 7.14223e+08 1.68368e+07 396212 8903.78
4406.6 194204 8.17966e+06 3.44485e+08 1.45253e+10 7.25996e+11 6.35913e+13 2.22658e+14 4.5454e+14 7.22385e+14 9.81018e+14 1.18492e+15 1.2972e+15 1.2972e+15 1.18492e+15 9.81018e+14 7.22385e+14 4.5454e+14 2.22658e+14 6.35913e+13 7.25996e+11 1.45253e+10 3.44485e+08 8.17966e+06 194204 4406.6
1472.29 62122.3 2.49631e+06 1.00327e+08 4.05341e+09 1.97801e+11 1.80508e+13 6.33951e+13 1.29597e+14 2.06142e+14 2.80107e+14 3.38449e+14 3.70583e+14 3.70583e+14 3.38449e+14 2.80107e+14 2.06142e+14 1.29597e+14 6.33951e+13 1.80508e+13 1.97801e+11 4.05341e+09 1.00327e+08 2.49631e+06 62122.3 1472.29
250.282 8675.86 262271 6.85939e+06 1.33201e+08 1.88701e+09 1.8944e+11 6.94289e+11 1.44724e+12 2.32972e+12 3.1909e+12 3.87486e+12 4.25311e+12 4.25311e+12 3.87486e+12 3.1909e+12 2.32972e+12 1.44724e+12 6.94289e+11 1.8944e+11 1.88701e+09 1.33201e+08 6.85939e+06 262271 8675.86 250.282
26.7215 753.098 17544.4 342815 5.71049e+06 1.29376e+08 3.865e+09 1.38321e+10 2.8829e+10 4.64433e+10 6.36447e+10 7.73115e+10 8.4871e+10 8.4871e+10 7.73114e+10 6.36447e+10 4.64433e+10 2.8829e+10 1.38321e+10 3.865e+09 1.29376e+08 5.71049e+06 342815 17544.4 753.098 26.7215
2.15199 51.5963 1025.2 18474.9 335538 6.60859e+06 9.56737e+07 3.28097e+08 6.80248e+08 1.09447e+09 1.49885e+09 1.81997e+09 1.99753e+09 1.99753e+09 1.81997e+09 1.49885e+09 1.09447e+09 6.80248e+08 3.28097e+08 9.56737e+07 6.60859e+06 335538 18474.9 1025.2 51.5963 2.15199
0.147334 3.17308 58.075 1008.63 17007.1 251784 2.38066e+06 7.79177e+06 1.60384e+07 2.57604e+07 3.52523e+07 4.27867e+07 4.69515e+07 4.69515e+07 4.27867e+07 3.52523e+07 2.57604e+07 1.60384e+07 7.79177e+06 2.38066e+06 251784 17007.1 1008.63 58.075 3.17308 0.147334
0.00912201 0.182597 3.13199 50.2738 726.472 8312.89 59245.9 185023 377482 604979 827187 1.00353e+06 1.10097e+06 1.10097e+06 1.00353e+06 827187 604979 377482 185023 59245.9 8312.89 726.472 50.2738 3.13199 0.182597 0.00912201
0.000478542 0.00902908 0.144188 2.08534 25.7054 239.537 1404.15 4198.84 8484.13 13562.8 18526.9 22465.9 24642.1 24642.1 22465.9 18526.9 13562.8 8484.13 4198.84 1404.15 239.537 25.7054 2.08534 0.144188 0.00902908 0.000478542
