0.000118937 0.00223657 0.0355793 0.512529 6.29308 58.4165 341.007 1014.03 2035.47 3232.32 4389.78 5300.45 5800.87 5800.87 5300.45 4389.78 3232.32 2035.47 1014.03 341.007 58.4165 6.29308 0.512529 0.0355793 0.00223657 0.000118937
0.00226137 0.0451189 0.770997 12.3258 177.384 2021.82 14351 44557.9 90277.7 143675 195254 235827 258123 258123 235827 195254 143675 90277.7 44557.9 14351 2021.82 177.384 12.3258 0.770997 0.0451189 0.00226137
0.0364154 0.781911 14.2631 246.781 4143.69 61098.2 575469 1.87212e+06 3.82545e+06 6.09929e+06 8.29366e+06 1.00197e+07 1.09683e+07 1.09683e+07 1.00197e+07 8.29366e+06 6.09929e+06 3.82545e+06 1.87212e+06 575469 61098.2 4143.69 246.781 14.2631 0.781911 0.0364154
0.530135 12.6754 251.167 4513.01 81647.4 1.60105e+06 2.3095e+07 7.87016e+07 1.61922e+08 2.58519e+08 3.51691e+08 4.24984e+08 4.6527e+08 4.6527e+08 4.24984e+08 3.51691e+08 2.58519e+08 1.61922e+08 7.87016e+07 2.3095e+07 1.60105e+06 81647.4 4513.01 251.167 12.6754 0.530135
6.55917 184.364 4285.01 83574.8 1.3893e+06 3.13242e+07 9.32373e+08 3.31467e+09 6.85275e+09 1.09511e+10 1.49036e+10 1.80135e+10 1.97232e+10 1.97232e+10 1.80135e+10 1.49036e+10 1.09511e+10 6.85275e+09 3.31467e+09 9.32373e+08 3.13242e+07 1.3893e+06 83574.8 4285.01 184.364 6.55917
61.2007 2115.87 63822.1 1.6667e+06 3.23538e+07 4.58414e+08 4.57189e+10 1.6642e+11 3.44071e+11 5.49404e+11 7.47301e+11 9.02962e+11 9.88525e+11 9.88525e+11 9.02962e+11 7.47301e+11 5.49404e+11 3.44071e+11 1.6642e+11 4.57189e+10 4.58414e+08 3.23538e+07 1.6667e+06 63822.1 2115.87 61.2007
358.467 15086.4 604995 2.42821e+07 9.80432e+08 4.78324e+10 4.3554e+12 1.52242e+13 3.09426e+13 4.89349e+13 6.61636e+13 7.96572e+13 8.7056e+13 8.7056e+13 7.96572e+13 6.61636e+13 4.89349e+13 3.09426e+13 1.52242e+13 4.3554e+12 4.78324e+10 9.80432e+08 2.42821e+07 604995 15086.4 358.467
1066.78 46882.7 1.97012e+06 8.28355e+07 3.48939e+09 1.74347e+11 1.52702e+13 5.32317e+13 1.08068e+14 1.70796e+14 2.30836e+14 2.77845e+14 3.03617e+14 3.03617e+14 2.77845e+14 2.30836e+14 1.70796e+14 1.08068e+14 5.32317e+13 1.52702e+13 1.74347e+11 3.48939e+09 8.28355e+07 1.97012e+06 46882.7 1066.78
2141.05 94974.2 4.02509e+06 1.704e+08 7.21273e+09 3.60432e+11 3.10634e+13 1.08166e+14 2.19493e+14 3.46806e+14 4.68642e+14 5.64026e+14 6.16316e+14 6.16316e+14 5.64026e+14 4.68642e+14 3.46806e+14 2.19493e+14 1.08166e+14 3.10634e+13 3.60432e+11 7.21273e+09 1.704e+08 4.02509e+06 94974.2 2141.05
3398.26 151072 6.41418e+06 2.71905e+08 1.15198e+10 5.75246e+11 4.91373e+13 1.70994e+14 3.46896e+14 5.48029e+14 7.40488e+14 8.91154e+14 9.73747e+14 9.73746e+14 8.91154e+14 7.40487e+14 5.48029e+14 3.46896e+14 1.70994e+14 4.91373e+13 5.75246e+11 1.15198e+10 2.71905e+08 6.41418e+06 151072 3398.26
4612.38 205180 8.71633e+06 3.69661e+08 1.56672e+10 7.81971e+11 6.64344e+13 2.31098e+14 4.68758e+14 7.40481e+14 1.00047e+15 1.204e+15 1.31556e+15 1.31556e+15 1.204e+15 1.00047e+15 7.40481e+14 4.68758e+14 2.31098e+14 6.64344e+13 7.81971e+11 1.56672e+10 3.69661e+08 8.71633e+06 205180 4612.38
5566.4 247685 1.05246e+07 4.46451e+08 1.89256e+10 9.4435e+11 7.99732e+13 2.78132e+14 5.64109e+14 8.91058e+14 1.20388e+15 1.44875e+15 1.58299e+15 1.58299e+15 1.44875e+15 1.20388e+15 8.91058e+14 5.64109e+14 2.78132e+14 7.99731e+13 9.4435e+11 1.89256e+10 4.46451e+08 1.05246e+07 247685 5566.4
6090.16 271021 1.15175e+07 4.88618e+08 2.07151e+10 1.03352e+12 8.73931e+13 3.03905e+14 6.16358e+14 9.73567e+14 1.31533e+15 1.58287e+15 1.72952e+15 1.72952e+15 1.58287e+15 1.31533e+15 9.73567e+14 6.16358e+14 3.03905e+14 8.73931e+13 1.03352e+12 2.07151e+10 4.88618e+08 1.15175e+07 271021 6090.16
6090.16 271021 1.15175e+07 4.88618e+08 2.07151e+10 1.03352e+12 8.73931e+13 3.03905e+14 6.16358e+14 9.73567e+14 1.31533e+15 1.58287e+15 1.72952e+15 1.72952e+15 1.58287e+15 1.31533e+15 9.73567e+14 6.16358e+14 3.03905e+14 8.73931e+13 1.03352e+12 2.07151e+10 4.88618e+08 1.15175e+07 271021 6090.16
5566.4 247685 1.05246e+07 4.46451e+08 1.89256e+10 9.4435e+11 7.99731e+13 2.78132e+14 5.64109e+14 8.91058e+14 1.20388e+15 1.44875e+15 1.58299e+15 1.58299e+15 1.44875e+15 1.20388e+15 8.91058e+14 5.64109e+14 2.78132e+14 7.99732e+13 9.4435e+11 1.89256e+10 4.46451e+08 1.05246e+07 247685 5566.4
4612.38 205180 8.71633e+06 3.69661e+08 1.56672e+10 7.81971e+11 6.64344e+13 2.31098e+14 4.68758e+14 7.40481e+14 1.00047e+15 1.204e+15 1.31556e+15 1.31556e+15 1.204e+15 1.00047e+15 7.40481e+14 4.68758e+14 2.31098e+14 6.64344e+13 7.81971e+11 1.56672e+10 3.69661e+08 8.71633e+06 205180 4612.38
3398.26 151072 6.41418e+06 2.71905e+08 1.15198e+10 5.75246e+11 4.91373e+13 1.70994e+14 3.46896e+14 5.48029e+14 7.40487e+14 8.91154e+14 9.73746e+14 9.73746e+14 8.91154e+14 7.40487e+14 5.48029e+14 3.46896e+14 1.70994e+14 4.91373e+13 5.75246e+11 1.15198e+10 2.71905e+08 6.41418e+06 151072 3398.26
2141.05 94974.2 4.02509e+06 1.704e+08 7.21273e+09 3.60432e+11 3.10634e+13 1.08166e+14 2.19493e+14 3.46806e+14 4.68642e+14 5.64026e+14 6.16316e+14 6.16316e+14 5.64026e+14 4.68641e+14 3.46806e+14 2.19493e+14 1.08166e+14 3.10634e+13 3.60432e+11 7.21273e+09 1.704e+08 4.02509e+06 94974.2 2141.05
1066.78 46882.7 1.97012e+06 8.28355e+07 3.48939e+09 1.74347e+11 1.52702e+13 5.32317e+13 1.08068e+14 1.70796e+14 2.30836e+14 2.77845e+14 3.03617e+14 3.03617e+14 2.77845e+14 2.30836e+14 1.70796e+14 1.08068e+14 5.32317e+13 1.52702e+13 1.74347e+11 3.48939e+09 8.28355e+07 1.97012e+06 46882.7 1066.78
358.467 15086.4 604995 2.42821e+07 9.80432e+08 4.78324e+10 4.3554e+12 1.52242e+13 3.09426e+13 4.89349e+13 6.61636e+13 7.96572e+13 8.7056e+13 8.7056e+13 7.96572e+13 6.61636e+13 4.89349e+13 3.09426e+13 1.52242e+13 4.3554e+12 4.78324e+10 9.80432e+08 2.42821e+07 604995 15086.4 358.467
61.2007 2115.87 63822.1 1.6667e+06 3.23538e+07 4.58414e+08 4.57189e+10 1.6642e+11 3.44071e+11 5.49404e+11 7.47301e+11 9.02962e+11 9.88525e+11 9.88525e+11 9.02962e+11 7.47301e+11 5.49404e+11 3.44071e+11 1.6642e+11 4.57189e+10 4.58414e+08 3.23538e+07 1.6667e+06 63822.1 2115.87 61.2007
6.55917 184.364 4285.01 83574.8 1.3893e+06 3.13242e+07 9.32373e+08 3.31467e+09 6.85275e+09 1.09511e+10 1.49036e+10 1.80135e+10 1.97232e+10 1.97232e+10 1.80135e+10 1.49036e+10 1.09511e+10 6.85275e+09 3.31467e+09 9.32373e+08 3.13242e+07 1.3893e+06 83574.8 4285.01 184.364 6.55917
0.530135 12.6754 251.167 4513.01 81647.4 1.60105e+06 2.3095e+07 7.87016e+07 1.61922e+08 2.58519e+08 3.51691e+08 4.24984e+08 4.6527e+08 4.6527e+08 4.24984e+08 3.51691e+08 2.58519e+08 1.61922e+08 7.87016e+07 2.3095e+07 1.60105e+06 81647.4 4513.01 251.167 12.6754 0.530135
0.0364154 0.781911 14.2631 246.781 4143.69 61098.2 575469 1.87212e+06 3.82545e+06 6.09929e+06 8.29366e+06 1.00197e+07 1.09683e+07 1.09683e+07 1.00197e+07 8.29366e+06 6.09929e+06 3.82545e+06 1.87212e+06 575469 61098.2 4143.69 246.781 14.2631 0.781911 0.0364154
0.00226137 0.0451189 0.770997 12.3258 177.384 2021.82 14351 44557.9 90277.7 143675 195254 235827 258123 258123 235827 195254 143675 90277.7 44557.9 14351 2021.82 177.384 12.3258 0.770997 0.0451189 0.00226137
0.000118937 0.00223657 0.0355793 0.512529 6.29308 58.4165 341.007 1014.03 2035.47 3232.32 4389.78 5300.45 5800.87 5800.87 5300.45 4389.78 3232.32 2035.47 1014.03 341.007 58.4165 6.29308 0.512529 0.0355793 0.00223657 0.000118937
