4.47001 83.3051 1301.53 18302.8 219492 2.00174e+06 1.1559e+07 3.40887e+07 6.77021e+07 1.06122e+08 1.42211e+08 1.69834e+08 1.84717e+08 1.84717e+08 1.69834e+08 1.42211e+08 1.06122e+08 6.77021e+07 3.40887e+07 1.1559e+07 2.00174e+06 219492 18302.8 1301.53 83.3051 4.47001
85.9366 1710.77 28854.9 449693 6.27662e+06 6.98012e+07 4.88621e+08 1.50398e+09 3.01357e+09 4.73097e+09 6.33946e+09 7.56832e+09 8.22964e+09 8.22964e+09 7.56832e+09 6.33946e+09 4.73097e+09 3.01357e+09 1.50398e+09 4.88621e+08 6.98012e+07 6.27662e+06 449693 28854.9 1710.77 85.9366
1389.24 30031.4 547055 9.28193e+06 1.50041e+08 2.13177e+09 1.96925e+10 6.34863e+10 1.28239e+11 2.0155e+11 2.7002e+11 3.22233e+11 3.50299e+11 3.50299e+11 3.22233e+11 2.7002e+11 2.0155e+11 1.28239e+11 6.34863e+10 1.96925e+10 2.13177e+09 1.50041e+08 9.28193e+06 547055 30031.4 1389.24
20090.5 486650 9.76853e+06 1.7569e+08 3.07322e+09 5.6782e+10 7.94275e+11 2.6815e+12 5.4515e+12 8.57361e+12 1.14823e+13 1.36965e+13 1.48852e+13 1.48852e+13 1.36965e+13 1.14823e+13 8.57361e+12 5.4515e+12 2.6815e+12 7.94275e+11 5.6782e+10 3.07322e+09 1.7569e+08 9.76853e+06 486650 20090.5
244948 6.97521e+06 1.6515e+08 3.29938e+09 5.55242e+10 1.1505e+12 3.22105e+13 1.13431e+14 2.31637e+14 3.64376e+14 4.87776e+14 5.81553e+14 6.3184e+14 6.3184e+14 5.81553e+14 4.87776e+14 3.64376e+14 2.31637e+14 1.13431e+14 3.22105e+13 1.1505e+12 5.55241e+10 3.29938e+09 1.6515e+08 6.97521e+06 244948
2.24614e+06 7.83376e+07 2.39343e+09 6.38036e+10 1.29477e+12 1.93843e+13 1.60145e+15 5.77316e+15 1.17934e+16 1.85429e+16 2.48171e+16 2.95865e+16 3.21448e+16 3.21448e+16 2.95865e+16 2.48171e+16 1.85429e+16 1.17934e+16 5.77316e+15 1.60145e+15 1.93843e+13 1.29477e+12 6.38036e+10 2.39343e+09 7.83376e+07 2.24614e+06
1.29547e+07 5.47563e+08 2.20659e+10 8.89928e+11 3.60861e+13 1.74376e+15 1.52371e+17 5.30568e+17 1.07238e+18 1.68287e+18 2.25631e+18 2.69723e+18 2.93583e+18 2.93583e+18 2.69723e+18 2.25631e+18 1.68287e+18 1.07238e+18 5.30568e+17 1.52371e+17 1.74376e+15 3.60861e+13 8.89928e+11 2.20659e+10 5.47563e+08 1.29547e+07
3.81572e+07 1.68319e+09 7.10387e+10 2.99999e+12 1.26883e+14 6.29215e+15 5.32886e+17 1.85087e+18 3.7367e+18 5.86026e+18 7.8543e+18 9.38743e+18 1.02171e+19 1.02171e+19 9.38743e+18 7.8543e+18 5.86026e+18 3.7367e+18 1.85087e+18 5.32886e+17 6.29215e+15 1.26883e+14 2.99999e+12 7.10387e+10 1.68319e+09 3.81572e+07
7.56947e+07 3.36865e+09 1.43319e+11 6.09135e+12 2.58775e+14 1.28449e+16 1.07782e+18 3.73944e+18 7.5431e+18 1.1821e+19 1.58335e+19 1.89157e+19 2.05827e+19 2.05827e+19 1.89158e+19 1.58335e+19 1.1821e+19 7.5431e+18 3.73944e+18 1.07782e+18 1.28449e+16 2.58775e+14 6.09135e+12 1.43319e+11 3.36865e+09 7.56947e+07
1.18516e+08 5.28224e+09 2.2498e+11 9.568e+12 4.06542e+14 2.01725e+16 1.69059e+18 5.86188e+18 1.18157e+19 1.85024e+19 2.47655e+19 2.95708e+19 3.21675e+19 3.21675e+19 2.95708e+19 2.47655e+19 1.85024e+19 1.18157e+19 5.86188e+18 1.69059e+18 2.01725e+16 4.06542e+14 9.568e+12 2.2498e+11 5.28224e+09 1.18516e+08
1.58657e+08 7.07063e+09 3.01077e+11 1.27994e+13 5.43578e+14 2.69642e+16 2.26456e+18 7.84948e+18 1.58125e+19 2.47439e+19 3.30979e+19 3.95e+19 4.29569e+19 4.29569e+19 3.95e+19 3.30979e+19 2.47439e+19 1.58125e+19 7.84949e+18 2.26456e+18 2.69642e+16 5.43578e+14 1.27994e+13 3.01077e+11 7.07063e+09 1.58657e+08
1.89325e+08 8.43432e+09 3.58991e+11 1.52541e+13 6.47488e+14 3.21127e+16 2.70468e+18 9.3736e+18 1.88747e+19 2.952e+19 3.94667e+19 4.70822e+19 5.11917e+19 5.11917e+19 4.70822e+19 3.94667e+19 2.952e+19 1.88747e+19 9.3736e+18 2.70468e+18 3.21127e+16 6.47488e+14 1.52541e+13 3.58991e+11 8.43432e+09 1.89325e+08
2.05827e+08 9.16722e+09 3.90077e+11 1.657e+13 7.03124e+14 3.48689e+16 2.94238e+18 1.01968e+19 2.05275e+19 3.20961e+19 4.28991e+19 5.1166e+19 5.56254e+19 5.56254e+19 5.1166e+19 4.28991e+19 3.20961e+19 2.05275e+19 1.01968e+19 2.94238e+18 3.48689e+16 7.03124e+14 1.657e+13 3.90077e+11 9.16722e+09 2.05827e+08
2.05827e+08 9.16722e+09 3.90077e+11 1.657e+13 7.03124e+14 3.48689e+16 2.94238e+18 1.01968e+19 2.05275e+19 3.20961e+19 4.28991e+19 5.1166e+19 5.56254e+19 5.56254e+19 5.1166e+19 4.28991e+19 3.20961e+19 2.05275e+19 1.01968e+19 2.94238e+18 3.48689e+16 7.03124e+14 1.657e+13 3.90077e+11 9.16722e+09 2.05827e+08
1.89325e+08 8.43432e+09 3.58991e+11 1.52541e+13 6.47488e+14 3.21127e+16 2.70468e+18 9.3736e+18 1.88747e+19 2.952e+19 3.94667e+19 4.70822e+19 5.11917e+19 5.11917e+19 4.70822e+19 3.94667e+19 2.952e+19 1.88747e+19 9.3736e+18 2.70468e+18 3.21127e+16 6.47488e+14 1.52541e+13 3.58991e+11 8.43432e+09 1.89325e+08
1.58657e+08 7.07063e+09 3.01077e+11 1.27994e+13 5.43578e+14 2.69642e+16 2.26456e+18 7.84949e+18 1.58125e+19 2.47439e+19 3.30979e+19 3.95e+19 4.29569e+19 4.29569e+19 3.95e+19 3.30979e+19 2.47439e+19 1.58125e+19 7.84948e+18 2.26456e+18 2.69642e+16 5.43578e+14 1.27994e+13 3.01077e+11 7.07063e+09 1.58657e+08
1.18516e+08 5.28224e+09 2.2498e+11 9.568e+12 4.06542e+14 2.01725e+16 1.69059e+18 5.86188e+18 1.18157e+19 1.85024e+19 2.47655e+19 2.95708e+19 3.21675e+19 3.21675e+19 2.95708e+19 2.47655e+19 1.85024e+19 1.18157e+19 5.86188e+18 1.69059e+18 2.01725e+16 4.06542e+14 9.568e+12 2.2498e+11 5.28224e+09 1.18516e+08
7.56947e+07 3.36865e+09 1.43319e+11 6.09135e+12 2.58775e+14 1.28449e+16 1.07782e+18 3.73944e+18 7.5431e+18 1.1821e+19 1.58335e+19 1.89158e+19 2.05827e+19 2.05827e+19 1.89157e+19 1.58335e+19 1.1821e+19 7.5431e+18 3.73944e+18 1.07782e+18 1.28449e+16 2.58775e+14 6.09135e+12 1.43319e+11 3.36865e+09 7.56947e+07
3.81572e+07 1.68319e+09 7.10387e+10 2.99999e+12 1.26883e+14 6.29215e+15 5.32886e+17 1.85087e+18 3.7367e+18 5.86026e+18 7.8543e+18 9.38743e+18 1.02171e+19 1.02171e+19 9.38743e+18 7.8543e+18 5.86026e+18 3.7367e+18 1.85087e+18 5.32886e+17 6.29215e+15 1.26883e+14 2.99999e+12 7.10387e+10 1.68319e+09 3.81572e+07
1.29547e+07 5.47563e+08 2.20659e+10 8.89928e+11 3.60861e+13 1.74376e+15 1.52371e+17 5.30568e+17 1.07238e+18 1.68287e+18 2.25631e+18 2.69723e+18 2.93583e+18 2.93583e+18 2.69723e+18 2.25631e+18 1.68287e+18 1.07238e+18 5.30568e+17 1.52371e+17 1.74376e+15 3.60861e+13 8.89928e+11 2.20659e+10 5.47563e+08 1.29547e+07
2.24614e+06 7.83376e+07 2.39343e+09 6.38036e+10 1.29477e+12 1.93843e+13 1.60145e+15 5.77316e+15 1.17934e+16 1.85429e+16 2.48171e+16 2.95865e+16 3.21448e+16 3.21448e+16 2.95865e+16 2.48171e+16 1.85429e+16 1.17934e+16 5.77316e+15 1.60145e+15 1.93843e+13 1.29477e+12 6.38036e+10 2.39343e+09 7.83376e+07 2.24614e+06
244948 6.97521e+06 1.6515e+08 3.29938e+09 5.55241e+10 1.1505e+12 3.22105e+13 1.13431e+14 2.31637e+14 3.64376e+14 4.87776e+14 5.81553e+14 6.3184e+14 6.3184e+14 5.81553e+14 4.87776e+14 3.64376e+14 2.31637e+14 1.13431e+14 3.22105e+13 1.1505e+12 5.55242e+10 3.29938e+09 1.6515e+08 6.97521e+06 244948
20090.5 486650 9.76853e+06 1.7569e+08 3.07322e+09 5.6782e+10 7.94275e+11 2.6815e+12 5.4515e+12 8.57361e+12 1.14823e+13 1.36965e+13 1.48852e+13 1.48852e+13 1.36965e+13 1.14823e+13 8.57361e+12 5.4515e+12 2.6815e+12 7.94275e+11 5.6782e+10 3.07322e+09 1.7569e+08 9.76853e+06 486650 20090.5
1389.24 30031.4 547055 9.28193e+06 1.50041e+08 2.13177e+09 1.96925e+10 6.34863e+10 1.28239e+11 2.0155e+11 2.7002e+11 3.22233e+11 3.50299e+11 3.50299e+11 3.22233e+11 2.7002e+11 2.0155e+11 1.28239e+11 6.34863e+10 1.96925e+10 2.13177e+09 1.50041e+08 9.28193e+06 547055 30031.4 1389.24
85.9366 1710.77 28854.9 449693 6.27662e+06 6.98012e+07 4.88621e+08 1.50398e+09 3.01357e+09 4.73097e+09 6.33946e+09 7.56832e+09 8.22964e+09 8.22964e+09 7.56832e+09 6.33946e+09 4.73097e+09 3.01357e+09 1.50398e+09 4.88621e+08 6.98012e+07 6.27662e+06 449693 28854.9 1710.77 85.9366
4.47001 83.3051 1301.53 18302.8 219492 2.00174e+06 1.1559e+07 3.40887e+07 6.77021e+07 1.06122e+08 1.42211e+08 1.69834e+08 1.84717e+08 1.84717e+08 1.69834e+08 1.42211e+08 1.06122e+08 6.77021e+07 3.40887e+07 1.1559e+07 2.00174e+06 219492 18302.8 1301.53 83.3051 4.47001
