2.36713e-07 4.42727e-06 6.98474e-05 0.00099634 0.0121202 0.111685 0.648517 1.91944 3.83317 6.05527 8.18518 9.84863 10.7583 10.7583 9.84863 8.18518 6.05527 3.83317 1.91944 0.648517 0.111685 0.0121202 0.00099634 6.98474e-05 4.42727e-06 2.36713e-07
4.50582e-06 8.95928e-05 0.00152042 0.0240557 0.342265 3.86521 27.2698 84.2576 169.8 268.761 363.464 437.389 477.808 477.808 437.389 363.464 268.761 169.8 84.2576 27.2698 3.86521 0.342265 0.0240557 0.00152042 8.95928e-05 4.50582e-06
7.24701e-05 0.00155506 0.0282698 0.48484 8.02975 116.897 1092.88 3537.37 7187.87 11395 15415.8 18553.2 20268.4 20268.4 18553.2 15415.8 11395 7187.87 3537.37 1092.88 116.897 8.02975 0.48484 0.0282698 0.00155506 7.24701e-05
0.00105043 0.0251496 0.498881 8.94038 159.68 3071.25 43847.7 148634 304021 482500 652913 785856 858533 858533 785856 652913 482500 304021 148634 43847.7 3071.25 159.68 8.94038 0.498881 0.0251496 0.00105043
0.0129102 0.363414 8.47177 166.005 2762.15 60584.1 1.77022e+06 6.25872e+06 1.28607e+07 2.04244e+07 2.76425e+07 3.32731e+07 3.63511e+07 3.63511e+07 3.32731e+07 2.76425e+07 2.04244e+07 1.28607e+07 6.25872e+06 1.77022e+06 60584.1 2762.15 166.005 8.47177 0.363414 0.0129102
0.11958 4.13556 124.93 3275.46 64309.3 924320 8.70891e+07 3.15183e+08 6.47626e+08 1.02768e+09 1.39015e+09 1.67283e+09 1.82736e+09 1.82736e+09 1.67283e+09 1.39015e+09 1.02768e+09 6.47626e+08 3.15183e+08 8.70891e+07 924320 64309.3 3275.46 124.93 4.13556 0.11958
0.695766 29.2565 1172.51 47044 1.89939e+06 9.2338e+07 8.29847e+09 2.8903e+10 5.85075e+10 9.21497e+10 1.24142e+11 1.49059e+11 1.62671e+11 1.62671e+11 1.49059e+11 1.24142e+11 9.21497e+10 5.85075e+10 2.8903e+10 8.29847e+09 9.2338e+07 1.89939e+06 47044 1172.51 29.2565 0.695766
2.05977 90.4219 3796.38 159527 6.71789e+06 3.34612e+08 2.90057e+10 1.00777e+11 2.03809e+11 3.20847e+11 4.32126e+11 5.18785e+11 5.66126e+11 5.66126e+11 5.18785e+11 4.32126e+11 3.20847e+11 2.03809e+11 1.00777e+11 2.90057e+10 3.34612e+08 6.71789e+06 159527 3796.38 90.4219 2.05977
4.11192 182.156 7711.22 326173 1.37984e+07 6.87467e+08 5.87734e+10 2.04014e+11 4.12448e+11 6.49186e+11 8.74259e+11 1.04953e+12 1.14528e+12 1.14528e+12 1.04953e+12 8.74259e+11 6.49186e+11 4.12448e+11 2.04014e+11 5.87734e+10 6.87467e+08 1.37984e+07 326173 7711.22 182.156 4.11192
6.49183 288.143 12217.1 517324 2.18992e+07 1.09034e+09 9.25896e+10 3.2125e+11 6.49351e+11 1.02198e+12 1.37624e+12 1.65211e+12 1.80281e+12 1.80281e+12 1.65211e+12 1.37624e+12 1.02198e+12 6.49351e+11 3.2125e+11 9.25896e+10 1.09034e+09 2.18992e+07 517324 12217.1 288.143 6.49183
8.76989 389.429 16517.1 699563 2.96179e+07 1.47403e+09 1.24726e+11 4.32646e+11 8.74443e+11 1.37618e+12 1.85317e+12 2.22461e+12 2.42753e+12 2.42753e+12 2.22461e+12 1.85317e+12 1.37618e+12 8.74443e+11 4.32646e+11 1.24726e+11 1.47403e+09 2.96179e+07 699563 16517.1 389.429 8.76989
10.5469 468.392 19868 841541 3.56305e+07 1.77286e+09 1.49737e+11 5.19338e+11 1.04961e+12 1.65182e+12 2.22432e+12 2.67014e+12 2.91369e+12 2.91369e+12 2.67014e+12 2.22432e+12 1.65182e+12 1.04961e+12 5.19338e+11 1.49737e+11 1.77286e+09 3.56305e+07 841541 19868 468.392 10.5469
11.5178 511.528 21698.3 919085 3.89143e+07 1.93605e+09 1.63393e+11 5.66675e+11 1.14526e+12 1.80233e+12 2.42699e+12 2.91342e+12 3.17915e+12 3.17915e+12 2.91342e+12 2.42699e+12 1.80233e+12 1.14526e+12 5.66675e+11 1.63393e+11 1.93605e+09 3.89143e+07 919085 21698.3 511.528 11.5178
11.5178 511.528 21698.3 919085 3.89143e+07 1.93605e+09 1.63393e+11 5.66675e+11 1.14526e+12 1.80233e+12 2.42699e+12 2.91342e+12 3.17915e+12 3.17915e+12 2.91342e+12 2.42699e+12 1.80233e+12 1.14526e+12 5.66675e+11 1.63393e+11 1.93605e+09 3.89143e+07 919085 21698.3 511.528 11.5178
10.5469 468.392 19868 841541 3.56305e+07 1.77286e+09 1.49737e+11 5.19338e+11 1.04961e+12 1.65182e+12 2.22432e+12 2.67014e+12 2.91369e+12 2.91369e+12 2.67014e+12 2.22432e+12 1.65182e+12 1.04961e+12 5.19338e+11 1.49737e+11 1.77286e+09 3.56305e+07 841541 19868 468.392 10.5469
8.76989 389.429 16517.1 699563 2.96179e+07 1.47403e+09 1.24726e+11 4.32646e+11 8.74443e+11 1.37618e+12 1.85317e+12 2.22461e+12 2.42753e+12 2.42753e+12 2.22461e+12 1.85317e+12 1.37618e+12 8.74443e+11 4.32646e+11 1.24726e+11 1.47403e+09 2.96179e+07 699563 16517.1 389.429 8.76989
6.49183 288.143 12217.1 517324 2.18992e+07 1.09034e+09 9.25896e+10 3.2125e+11 6.49351e+11 1.02198e+12 1.37624e+12 1.65211e+12 1.80281e+12 1.80281e+12 1.65211e+12 1.37624e+12 1.02198e+12 6.49351e+11 3.2125e+11 9.25896e+10 1.09034e+09 2.18992e+07 517324 12217.1 288.143 6.49183
4.11192 182.156 7711.22 326173 1.37984e+07 6.87467e+08 5.87734e+10 2.04014e+11 4.12448e+11 6.49186e+11 8.74259e+11 1.04953e+12 1.14528e+12 1.14528e+12 1.04953e+12 8.74259e+11 6.49186e+11 4.12448e+11 2.04014e+11 5.87734e+10 6.87467e+08 1.37984e+07 326173 7711.22 182.156 4.11192
2.05977 90.4219 3796.38 159527 6.71789e+06 3.34612e+08 2.90057e+10 1.00777e+11 2.03809e+11 3.20847e+11 4.32126e+11 5.18785e+11 5.66126e+11 5.66126e+11 5.18785e+11 4.32126e+11 3.20847e+11 2.03809e+11 1.00777e+11 2.90057e+10 3.34612e+08 6.71789e+06 159527 3796.38 90.4219 2.05977
0.695766 29.2565 1172.51 47044 1.89939e+06 9.2338e+07 8.29847e+09 2.8903e+10 5.85075e+10 9.21497e+10 1.24142e+11 1.49059e+11 1.62671e+11 1.62671e+11 1.49059e+11 1.24142e+11 9.21497e+10 5.85075e+10 2.8903e+10 8.29847e+09 9.2338e+07 1.89939e+06 47044 1172.51 29.2565 0.695766
0.11958 4.13556 124.93 3275.46 64309.3 924320 8.70891e+07 3.15183e+08 6.47626e+08 1.02768e+09 1.39015e+09 1.67283e+09 1.82736e+09 1.82736e+09 1.67283e+09 1.39015e+09 1.02768e+09 6.47626e+08 3.15183e+08 8.7089e+07 924320 64309.3 3275.46 124.93 4.13556 0.11958
0.0129102 0.363414 8.47177 166.005 2762.15 60584.1 1.77022e+06 6.25872e+06 1.28607e+07 2.04244e+07 2.76425e+07 3.32731e+07 3.63511e+07 3.63511e+07 3.32731e+07 2.76425e+07 2.04244e+07 1.28607e+07 6.25872e+06 1.77022e+06 60584.1 2762.15 166.005 8.47177 0.363414 0.0129102
0.00105043 0.0251496 0.498881 8.94038 159.68 3071.25 43847.7 148634 304021 482500 652913 785856 858533 858533 785856 652913 482500 304021 148634 43847.7 3071.25 159.68 8.94038 0.498881 0.0251496 0.00105043
7.24701e-05 0.00155506 0.0282698 0.48484 8.02975 116.897 1092.88 3537.37 7187.87 11395 15415.8 18553.2 20268.4 20268.4 18553.2 15415.8 11395 7187.87 3537.37 1092.88 116.897 8.02975 0.48484 0.0282698 0.00155506 7.24701e-05
4.50582e-06 8.95928e-05 0.00152042 0.0240557 0.342265 3.86521 27.2698 84.2576 169.8 268.761 363.464 437.389 477.808 477.808 437.389 363.464 268.761 169.8 84.2576 27.2698 3.86521 0.342265 0.0240557 0.00152042 8.95928e-05 4.50582e-06
2.36713e-07 4.42727e-06 6.98474e-05 0.00099634 0.0121202 0.111685 0.648517 1.91944 3.83317 6.05527 8.18518 9.84863 10.7583 10.7583 9.84863 8.18518 6.05527 3.83317 1.91944 0.648517 0.111685 0.0121202 0.00099634 6.98474e-05 4.42727e-06 2.36713e-07
