0.02117 0.399299 6.36965 91.9719 1131.68 10526.6 61564.9 183310 368168 584498 793115 956693 1.04633e+06 1.04633e+06 956693 793115 584498 368168 183310 61564.9 10526.6 1131.68 91.9719 6.36965 0.399299 0.02117
0.403923 8.08776 138.644 2221.96 32041.5 365908 2.60212e+06 8.0912e+06 1.64057e+07 2.61054e+07 3.54475e+07 4.277e+07 4.67823e+07 4.67823e+07 4.277e+07 3.54475e+07 2.61054e+07 1.64057e+07 8.0912e+06 2.60212e+06 365908 32041.5 2221.96 138.644 8.08776 0.403923
6.52581 140.694 2575.96 44690.9 751750 1.11012e+07 1.04735e+08 3.41287e+08 6.98025e+08 1.11285e+09 1.51198e+09 1.82473e+09 1.99609e+09 1.99609e+09 1.82473e+09 1.51198e+09 1.11285e+09 6.98025e+08 3.41287e+08 1.04735e+08 1.11012e+07 751750 44690.9 2575.96 140.694 6.52581
95.2602 2287.7 45521.6 820678 1.48747e+07 2.91894e+08 4.21555e+09 1.43918e+10 2.96426e+10 4.73261e+10 6.43284e+10 7.76495e+10 8.49479e+10 8.49479e+10 7.76495e+10 6.43284e+10 4.73261e+10 2.96426e+10 1.43918e+10 4.21555e+09 2.91894e+08 1.48747e+07 820678 45521.6 2287.7 95.2602
1181.27 33351.8 778508 1.52434e+07 2.54173e+08 5.72947e+09 1.7054e+11 6.07533e+11 1.25761e+12 2.00982e+12 2.73281e+12 3.29924e+12 3.60956e+12 3.60956e+12 3.29924e+12 2.73281e+12 2.00982e+12 1.25761e+12 6.07533e+11 1.7054e+11 5.72947e+09 2.54173e+08 1.52434e+07 778508 33351.8 1181.27
11043.4 383480 1.16139e+07 3.04385e+08 5.93032e+09 8.43295e+10 8.37485e+12 3.05564e+13 6.32708e+13 1.01053e+14 1.37349e+14 1.65779e+14 1.81354e+14 1.81354e+14 1.65779e+14 1.37349e+14 1.01053e+14 6.32708e+13 3.05564e+13 8.37485e+12 8.43295e+10 5.93032e+09 3.04385e+08 1.16139e+07 383480 11043.4
64788.8 2.7386e+06 1.10238e+08 4.4376e+09 1.79555e+11 8.76816e+12 7.98289e+14 2.79698e+15 5.69654e+15 9.02057e+15 1.2203e+16 1.46926e+16 1.60561e+16 1.60561e+16 1.46926e+16 1.2203e+16 9.02056e+15 5.69654e+15 2.79698e+15 7.98289e+14 8.76816e+12 1.79555e+11 4.4376e+09 1.10238e+08 2.7386e+06 64788.8
193007 8.52073e+06 3.59475e+08 1.5162e+10 6.40181e+11 3.2028e+13 2.80521e+15 9.8014e+15 1.99393e+16 3.15547e+16 4.26722e+16 5.13687e+16 5.61314e+16 5.61314e+16 5.13687e+16 4.26722e+16 3.15547e+16 1.99393e+16 9.8014e+15 2.80521e+15 3.2028e+13 6.40181e+11 1.5162e+10 3.59475e+08 8.52073e+06 193007
387452 1.7268e+07 7.3485e+08 3.12123e+10 1.32447e+12 6.62908e+13 5.71713e+15 1.99531e+16 4.05715e+16 6.41883e+16 8.67894e+16 1.04468e+17 1.14149e+17 1.14149e+17 1.04468e+17 8.67894e+16 6.41883e+16 4.05715e+16 1.99531e+16 5.71713e+15 6.62908e+13 1.32447e+12 3.12123e+10 7.3485e+08 1.7268e+07 387452
614551 2.74517e+07 1.17043e+09 4.97827e+10 2.1145e+12 1.05777e+14 9.05241e+15 3.1575e+16 6.41857e+16 1.01532e+17 1.37267e+17 1.65217e+17 1.80523e+17 1.80523e+17 1.65217e+17 1.37267e+17 1.01532e+17 6.41857e+16 3.1575e+16 9.05241e+15 1.05777e+14 2.1145e+12 4.97827e+10 1.17043e+09 2.74517e+07 614551
833056 3.72369e+07 1.5885e+09 6.75926e+10 2.87186e+12 1.43614e+14 1.22413e+16 4.26848e+16 8.67565e+16 1.37221e+17 1.85505e+17 2.23267e+17 2.43946e+17 2.43946e+17 2.23267e+17 1.85505e+17 1.37221e+17 8.67565e+16 4.26848e+16 1.22413e+16 1.43614e+14 2.87186e+12 6.75926e+10 1.5885e+09 3.72369e+07 833056
1.00403e+06 4.489e+07 1.91536e+09 8.15139e+10 3.46377e+12 1.73181e+14 1.47326e+16 5.1364e+16 1.04389e+17 1.651e+17 2.23184e+17 2.68608e+17 2.93482e+17 2.93482e+17 2.68608e+17 2.23184e+17 1.651e+17 1.04389e+17 5.1364e+16 1.47326e+16 1.73181e+14 3.46377e+12 8.15139e+10 1.91536e+09 4.489e+07 1.00403e+06
1.09758e+06 4.90771e+07 2.09417e+09 8.91284e+10 3.78749e+12 1.8935e+14 1.60957e+16 5.61127e+16 1.14036e+17 1.80353e+17 2.43798e+17 2.93414e+17 3.20582e+17 3.20582e+17 2.93414e+17 2.43798e+17 1.80353e+17 1.14036e+17 5.61127e+16 1.60957e+16 1.8935e+14 3.78749e+12 8.91284e+10 2.09417e+09 4.90771e+07 1.09758e+06
1.09758e+06 4.90771e+07 2.09417e+09 8.91284e+10 3.78749e+12 1.8935e+14 1.60957e+16 5.61127e+16 1.14036e+17 1.80353e+17 2.43798e+17 2.93414e+17 3.20582e+17 3.20582e+17 2.93414e+17 2.43798e+17 1.80353e+17 1.14036e+17 5.61127e+16 1.60957e+16 1.8935e+14 3.78749e+12 8.91284e+10 2.09417e+09 4.90771e+07 1.09758e+06
1.00403e+06 4.489e+07 1.91536e+09 8.15139e+10 3.46377e+12 1.73181e+14 1.47326e+16 5.1364e+16 1.04389e+17 1.651e+17 2.23184e+17 2.68608e+17 2.93482e+17 2.93482e+17 2.68608e+17 2.23184e+17 1.651e+17 1.04389e+17 5.1364e+16 1.47326e+16 1.73181e+14 3.46377e+12 8.15139e+10 1.91536e+09 4.489e+07 1.00403e+06
833056 3.72369e+07 1.5885e+09 6.75926e+10 2.87186e+12 1.43614e+14 1.22413e+16 4.26848e+16 8.67565e+16 1.37221e+17 1.85505e+17 2.23267e+17 2.43946e+17 2.43946e+17 2.23267e+17 1.85505e+17 1.37221e+17 8.67565e+16 4.26848e+16 1.22413e+16 1.43614e+14 2.87186e+12 6.75926e+10 1.5885e+09 3.72369e+07 833056
614551 2.74517e+07 1.17043e+09 4.97827e+10 2.1145e+12 1.05777e+14 9.05241e+15 3.1575e+16 6.41857e+16 1.01532e+17 1.37267e+17 1.65217e+17 1.80523e+17 1.80523e+17 1.65217e+17 1.37267e+17 1.01532e+17 6.41857e+16 3.1575e+16 9.05241e+15 1.05777e+14 2.1145e+12 4.97827e+10 1.17043e+09 2.74517e+07 614551
387452 1.7268e+07 7.3485e+08 3.12123e+10 1.32447e+12 6.62908e+13 5.71713e+15 1.99531e+16 4.05715e+16 6.41883e+16 8.67894e+16 1.04468e+17 1.14149e+17 1.14149e+17 1.04468e+17 8.67894e+16 6.41883e+16 4.05715e+16 1.99531e+16 5.71713e+15 6.62908e+13 1.32447e+12 3.12123e+10 7.3485e+08 1.7268e+07 387452
193007 8.52073e+06 3.59475e+08 1.5162e+10 6.40181e+11 3.2028e+13 2.80521e+15 9.8014e+15 1.99393e+16 3.15547e+16 4.26722e+16 5.13687e+16 5.61314e+16 5.61314e+16 5.13687e+16 4.26722e+16 3.15547e+16 1.99393e+16 9.8014e+15 2.80521e+15 3.2028e+13 6.40181e+11 1.5162e+10 3.59475e+08 8.52073e+06 193007
64788.8 2.7386e+06 1.10238e+08 4.4376e+09 1.79555e+11 8.76816e+12 7.98289e+14 2.79698e+15 5.69654e+15 9.02056e+15 1.2203e+16 1.46926e+16 1.60561e+16 1.60561e+16 1.46926e+16 1.2203e+16 9.02057e+15 5.69654e+15 2.79698e+15 7.98289e+14 8.76816e+12 1.79555e+11 4.4376e+09 1.10238e+08 2.7386e+06 64788.8
11043.4 383480 1.16139e+07 3.04385e+08 5.93032e+09 8.43295e+10 8.37485e+12 3.05564e+13 6.32708e+13 1.01053e+14 1.37349e+14 1.65779e+14 1.81354e+14 1.81354e+14 1.65779e+14 1.37349e+14 1.01053e+14 6.32708e+13 3.05564e+13 8.37485e+12 8.43295e+10 5.93032e+09 3.04385e+08 1.16139e+07 383480 11043.4
1181.27 33351.8 778508 1.52434e+07 2.54173e+08 5.72947e+09 1.7054e+11 6.07533e+11 1.25761e+12 2.00982e+12 2.73281e+12 3.29924e+12 3.60956e+12 3.60956e+12 3.29924e+12 2.73281e+12 2.00982e+12 1.25761e+12 6.07533e+11 1.7054e+11 5.72947e+09 2.54173e+08 1.52434e+07 778508 33351.8 1181.27
95.2602 2287.7 45521.6 820678 1.48747e+07 2.91894e+08 4.21555e+09 1.43918e+10 2.96426e+10 4.73261e+10 6.43284e+10 7.76495e+10 8.49479e+10 8.49479e+10 7.76495e+10 6.43284e+10 4.73261e+10 2.96426e+10 1.43918e+10 4.21555e+09 2.91894e+08 1.48747e+07 820678 45521.6 2287.7 95.2602
6.52581 140.694 2575.96 44690.9 751750 1.11012e+07 1.04735e+08 3.41287e+08 6.98025e+08 1.11285e+09 1.51198e+09 1.82473e+09 1.99609e+09 1.99609e+09 1.82473e+09 1.51198e+09 1.11285e+09 6.98025e+08 3.41287e+08 1.04735e+08 1.11012e+07 751750 44690.9 2575.96 140.694 6.52581
0.403923 8.08776 138.644 2221.96 32041.5 365908 2.60212e+06 8.0912e+06 1.64057e+07 2.61054e+07 3.54475e+07 4.277e+07 4.67823e+07 4.67823e+07 4.277e+07 3.54475e+07 2.61054e+07 1.64057e+07 8.0912e+06 2.60212e+06 365908 32041.5 2221.96 138.644 8.08776 0.403923
0.02117 0.399299 6.36965 91.9719 1131.68 10526.6 61564.9 183310 368168 584498 793115 956693 1.04633e+06 1.04633e+06 956693 793115 584498 368168 183310 61564.9 10526.6 1131.68 91.9719 6.36965 0.399299 0.02117
