2.62314e-07 4.93397e-06 7.85334e-05 0.00113219 0.0139133 0.129263 0.755365 2.25044 4.52921 7.21398 9.82548 11.8907 13.0294 13.0294 11.8907 9.82548 7.21398 4.52921 2.25044 0.755365 0.129263 0.0139133 0.00113219 7.85334e-05 4.93397e-06 2.62314e-07
4.98611e-06 9.94821e-05 0.00170057 0.0272076 0.391929 4.47135 31.7698 98.8292 200.776 320.523 436.889 528.911 579.661 579.661 528.911 436.889 320.523 200.776 98.8292 31.7698 4.47135 0.391929 0.0272076 0.00170057 9.94821e-05 4.98611e-06
8.02934e-05 0.00172349 0.0314375 0.544224 9.14803 135.041 1273.18 4149.93 8503.43 13601.4 18552.1 22467.6 24627.5 24627.5 22467.6 18552.1 13601.4 8503.43 4149.93 1273.18 135.041 9.14803 0.544224 0.0314375 0.00172349 8.02934e-05
0.00116936 0.0279432 0.55342 9.94287 180.046 3536.27 51065.7 174361 359761 576293 786511 952824 1.04459e+06 1.04459e+06 952824 786511 576293 359761 174361 51065.7 3536.27 180.046 9.94287 0.55342 0.0279432 0.00116936
0.0144779 0.406687 9.44533 184.071 3058.66 69112 2.0604e+06 7.33969e+06 1.5219e+07 2.44047e+07 3.33238e+07 4.03833e+07 4.428e+07 4.428e+07 4.03833e+07 3.33238e+07 2.44047e+07 1.5219e+07 7.33968e+06 2.0604e+06 69112 3058.66 184.071 9.44533 0.406687 0.0144779
0.13521 4.67171 140.819 3674.4 71228.8 1.00755e+06 1.00951e+08 3.6819e+08 7.63421e+08 1.22313e+09 1.66914e+09 2.02203e+09 2.21677e+09 2.21677e+09 2.02203e+09 1.66914e+09 1.22313e+09 7.63421e+08 3.6819e+08 1.00951e+08 1.00755e+06 71228.8 3674.4 140.819 4.67171 0.13521
0.792956 33.351 1336.57 53610.4 2.16327e+06 1.05506e+08 9.61606e+09 3.3647e+10 6.84942e+10 1.08526e+11 1.47008e+11 1.77252e+11 1.93874e+11 1.93874e+11 1.77252e+11 1.47008e+11 1.08526e+11 6.84942e+10 3.3647e+10 9.61606e+09 1.05506e+08 2.16327e+06 53610.4 1336.57 33.351 0.792956
2.36487 103.867 4362.02 183297 7.71688e+06 3.85403e+08 3.37526e+10 1.17767e+11 2.39434e+11 3.79083e+11 5.13235e+11 6.18616e+11 6.76519e+11 6.76519e+11 6.18617e+11 5.13235e+11 3.79083e+11 2.39434e+11 1.17767e+11 3.37526e+10 3.85403e+08 7.71688e+06 183296 4362.02 103.867 2.36487
4.76031 211.047 8939.63 378267 1.6004e+07 7.99322e+08 6.87866e+10 2.39708e+11 4.87095e+11 7.70939e+11 1.04354e+12 1.25763e+12 1.37525e+12 1.37525e+12 1.25763e+12 1.04354e+12 7.70939e+11 4.87095e+11 2.39708e+11 6.87866e+10 7.99322e+08 1.6004e+07 378267 8939.63 211.047 4.76031
7.58085 336.865 14296.7 605836 2.56592e+07 1.28051e+09 1.09047e+11 3.79722e+11 7.71362e+11 1.22062e+12 1.652e+12 1.99076e+12 2.17686e+12 2.17686e+12 1.99076e+12 1.652e+12 1.22062e+12 7.71362e+11 3.79722e+11 1.09047e+11 1.28051e+09 2.56592e+07 605836 14296.7 336.865 7.58085
10.3224 459.039 19495.1 826598 3.50269e+07 1.74704e+09 1.47751e+11 5.14238e+11 1.04439e+12 1.65245e+12 2.23626e+12 2.69468e+12 2.94651e+12 2.94651e+12 2.69468e+12 2.23626e+12 1.65245e+12 1.04439e+12 5.14238e+11 1.47751e+11 1.74704e+09 3.50269e+07 826598 19495.1 459.039 10.3224
12.4889 555.583 23603.5 1.00112e+06 4.24357e+07 2.1159e+09 1.78166e+11 6.19899e+11 1.25882e+12 1.99156e+12 2.69502e+12 3.24737e+12 3.55079e+12 3.55079e+12 3.24737e+12 2.69502e+12 1.99156e+12 1.25882e+12 6.19899e+11 1.78166e+11 2.1159e+09 4.24357e+07 1.00112e+06 23603.5 555.583 12.4889
13.6829 608.8 25868.6 1.09737e+06 4.6523e+07 2.31935e+09 1.94881e+11 6.77951e+11 1.37662e+12 2.17783e+12 2.94702e+12 3.55096e+12 3.8827e+12 3.8827e+12 3.55096e+12 2.94702e+12 2.17783e+12 1.37662e+12 6.77951e+11 1.94881e+11 2.31935e+09 4.6523e+07 1.09737e+06 25868.6 608.8 13.6829
13.6829 608.8 25868.6 1.09737e+06 4.6523e+07 2.31935e+09 1.94881e+11 6.77951e+11 1.37662e+12 2.17783e+12 2.94702e+12 3.55096e+12 3.8827e+12 3.8827e+12 3.55096e+12 2.94702e+12 2.17783e+12 1.37662e+12 6.77951e+11 1.94881e+11 2.31935e+09 4.6523e+07 1.09737e+06 25868.6 608.8 13.6829
12.4889 555.583 23603.5 1.00112e+06 4.24357e+07 2.1159e+09 1.78166e+11 6.19899e+11 1.25882e+12 1.99156e+12 2.69502e+12 3.24737e+12 3.55079e+12 3.55079e+12 3.24737e+12 2.69502e+12 1.99156e+12 1.25882e+12 6.19899e+11 1.78166e+11 2.1159e+09 4.24357e+07 1.00112e+06 23603.5 555.583 12.4889
10.3224 459.039 19495.1 826598 3.50269e+07 1.74704e+09 1.47751e+11 5.14238e+11 1.04439e+12 1.65245e+12 2.23626e+12 2.69468e+12 2.94651e+12 2.94651e+12 2.69468e+12 2.23626e+12 1.65245e+12 1.04439e+12 5.14238e+11 1.47751e+11 1.74704e+09 3.50269e+07 826598 19495.1 459.039 10.3224
7.58085 336.865 14296.7 605836 2.56592e+07 1.28051e+09 1.09047e+11 3.79722e+11 7.71362e+11 1.22062e+12 1.652e+12 1.99076e+12 2.17686e+12 2.17686e+12 1.99076e+12 1.652e+12 1.22062e+12 7.71362e+11 3.79722e+11 1.09047e+11 1.28051e+09 2.56592e+07 605836 14296.7 336.865 7.58085
4.76031 211.047 8939.63 378267 1.6004e+07 7.99322e+08 6.87866e+10 2.39708e+11 4.87095e+11 7.70939e+11 1.04354e+12 1.25763e+12 1.37525e+12 1.37525e+12 1.25763e+12 1.04354e+12 7.70939e+11 4.87095e+11 2.39708e+11 6.87866e+10 7.99322e+08 1.6004e+07 378267 8939.63 211.047 4.76031
2.36487 103.867 4362.02 183296 7.71688e+06 3.85403e+08 3.37526e+10 1.17767e+11 2.39434e+11 3.79083e+11 5.13235e+11 6.18616e+11 6.76519e+11 6.76519e+11 6.18616e+11 5.13235e+11 3.79083e+11 2.39434e+11 1.17767e+11 3.37526e+10 3.85403e+08 7.71688e+06 183296 4362.02 103.867 2.36487
0.792956 33.351 1336.57 53610.4 2.16327e+06 1.05506e+08 9.61606e+09 3.3647e+10 6.84942e+10 1.08526e+11 1.47008e+11 1.77252e+11 1.93874e+11 1.93874e+11 1.77252e+11 1.47008e+11 1.08526e+11 6.84942e+10 3.3647e+10 9.61606e+09 1.05506e+08 2.16327e+06 53610.4 1336.57 33.351 0.792956
0.13521 4.67171 140.819 3674.4 71228.8 1.00755e+06 1.00951e+08 3.6819e+08 7.63421e+08 1.22313e+09 1.66914e+09 2.02203e+09 2.21677e+09 2.21677e+09 2.02203e+09 1.66914e+09 1.22313e+09 7.63421e+08 3.6819e+08 1.00951e+08 1.00755e+06 71228.8 3674.4 140.819 4.67171 0.13521
0.0144779 0.406687 9.44533 184.071 3058.66 69112 2.0604e+06 7.33968e+06 1.5219e+07 2.44047e+07 3.33238e+07 4.03833e+07 4.428e+07 4.428e+07 4.03833e+07 3.33238e+07 2.44047e+07 1.5219e+07 7.33968e+06 2.0604e+06 69112 3058.66 184.071 9.44533 0.406687 0.0144779
0.00116936 0.0279432 0.55342 9.94287 180.046 3536.27 51065.7 174361 359761 576293 786511 952824 1.04459e+06 1.04459e+06 952824 786511 576293 359761 174361 51065.7 3536.27 180.046 9.94287 0.55342 0.0279432 0.00116936
8.02934e-05 0.00172349 0.0314375 0.544224 9.14803 135.041 1273.18 4149.93 8503.43 13601.4 18552.1 22467.6 24627.5 24627.5 22467.6 18552.1 13601.4 8503.43 4149.93 1273.18 135.041 9.14803 0.544224 0.0314375 0.00172349 8.02934e-05
4.98611e-06 9.94821e-05 0.00170057 0.0272076 0.391929 4.47135 31.7698 98.8292 200.776 320.523 436.889 528.911 579.661 579.661 528.911 436.889 320.523 200.776 98.8292 31.7698 4.47135 0.391929 0.0272076 0.00170057 9.94821e-05 4.98611e-06
2.62314e-07 4.93397e-06 7.85334e-05 0.00113219 0.0139133 0.129263 0.755365 2.25044 4.52921 7.21398 9.82548 11.8907 13.0294 13.0294 11.8907 9.82548 7.21398 4.52921 2.25044 0.755365 0.129263 0.0139133 0.00113219 7.85334e-05 4.93397e-06 2.62315e-07
