6.78081 126.127 1965.08 27539 329010 2.98852e+06 1.71737e+07 5.02554e+07 9.8811e+07 1.53203e+08 2.03237e+08 2.40842e+08 2.60851e+08 2.60851e+08 2.40842e+08 2.03237e+08 1.53203e+08 9.8811e+07 5.02554e+07 1.71737e+07 2.98852e+06 329010 27539 1965.08 126.127 6.78081
130.24 2589.1 43569.3 676807 9.40993e+06 1.04222e+08 7.26222e+08 2.21773e+09 4.39767e+09 6.82596e+09 9.05115e+09 1.07192e+10 1.16052e+10 1.16052e+10 1.07192e+10 9.05115e+09 6.82596e+09 4.39767e+09 2.21773e+09 7.26222e+08 1.04222e+08 9.40993e+06 676807 43569.3 2589.1 130.24
2101.94 45404.1 825912 1.39768e+07 2.2505e+08 3.18375e+09 2.92824e+10 9.3642e+10 1.87115e+11 2.90629e+11 3.85125e+11 4.5577e+11 4.93234e+11 4.93234e+11 4.5577e+11 3.85125e+11 2.90629e+11 1.87115e+11 9.3642e+10 2.92824e+10 3.18375e+09 2.2505e+08 1.39768e+07 825912 45404.1 2101.94
30322.9 734338 1.4734e+07 2.64666e+08 4.61465e+09 8.48443e+10 1.1818e+12 3.95665e+12 7.95361e+12 1.23554e+13 1.63597e+13 1.93455e+13 2.09261e+13 2.09261e+13 1.93455e+13 1.63597e+13 1.23554e+13 7.95361e+12 3.95665e+12 1.1818e+12 8.48443e+10 4.61465e+09 2.64666e+08 1.4734e+07 734338 30322.9
368536 1.04947e+07 2.48517e+08 4.96601e+09 8.3521e+10 1.72139e+12 4.79652e+13 1.67453e+14 3.37945e+14 5.24805e+14 6.94249e+14 8.20271e+14 8.86865e+14 8.86865e+14 8.20271e+14 6.94249e+14 5.24805e+14 3.37945e+14 1.67453e+14 4.79652e+13 1.72139e+12 8.3521e+10 4.96601e+09 2.48517e+08 1.04947e+07 368536
3.36654e+06 1.1743e+08 3.58883e+09 9.5726e+10 1.94548e+12 2.91746e+13 2.38868e+15 8.53705e+15 1.72367e+16 2.67592e+16 3.53989e+16 4.18308e+16 4.52325e+16 4.52325e+16 4.18308e+16 3.53989e+16 2.67592e+16 1.72367e+16 8.53705e+15 2.38868e+15 2.91746e+13 1.94548e+12 9.5726e+10 3.58883e+09 1.1743e+08 3.36654e+06
1.93202e+07 8.16905e+08 3.29357e+10 1.32912e+12 5.3939e+13 2.60785e+15 2.27235e+17 7.86755e+17 1.57785e+18 2.45545e+18 3.26723e+18 3.88355e+18 4.21429e+18 4.21429e+18 3.88355e+18 3.26723e+18 2.45545e+18 1.57785e+18 7.86755e+17 2.27235e+17 2.60785e+15 5.3939e+13 1.32912e+12 3.29357e+10 8.16905e+08 1.93202e+07
5.64618e+07 2.49114e+09 1.05167e+11 4.44284e+12 1.87997e+14 9.32768e+15 7.89971e+17 2.72879e+18 5.46695e+18 8.50282e+18 1.13105e+19 1.34422e+19 1.45863e+19 1.45863e+19 1.34422e+19 1.13105e+19 8.50282e+18 5.46695e+18 2.72879e+18 7.89971e+17 9.32768e+15 1.87997e+14 4.44284e+12 1.05167e+11 2.49114e+09 5.64618e+07
1.10878e+08 4.93365e+09 2.09873e+11 8.91906e+12 3.78888e+14 1.88152e+16 1.58457e+18 5.46803e+18 1.09442e+19 1.70059e+19 2.26036e+19 2.68484e+19 2.91247e+19 2.91247e+19 2.68484e+19 2.26036e+19 1.70059e+19 1.09442e+19 5.46803e+18 1.58457e+18 1.88152e+16 3.78888e+14 8.91906e+12 2.09873e+11 4.93365e+09 1.10878e+08
1.71709e+08 7.64855e+09 3.25565e+11 1.38371e+13 5.8759e+14 2.91672e+16 2.46317e+18 8.49542e+18 1.69879e+19 2.63705e+19 3.50184e+19 4.15658e+19 4.50734e+19 4.50734e+19 4.15658e+19 3.50184e+19 2.63705e+19 1.69879e+19 8.49542e+18 2.46317e+18 2.91672e+16 5.8759e+14 1.38371e+13 3.25565e+11 7.64855e+09 1.71709e+08
2.27545e+08 1.01307e+10 4.30926e+11 1.82997e+13 7.76345e+14 3.85253e+16 3.2726e+18 1.12842e+19 2.25472e+19 3.49682e+19 4.63957e+19 5.50343e+19 5.96574e+19 5.96574e+19 5.50343e+19 4.63957e+19 3.49682e+19 2.25472e+19 1.12842e+19 3.2726e+18 3.85253e+16 7.76345e+14 1.82997e+13 4.30926e+11 1.01307e+10 2.27545e+08
2.69427e+08 1.19875e+10 5.09524e+11 2.16198e+13 9.16397e+14 4.54682e+16 3.88479e+18 1.33937e+19 2.67472e+19 4.14535e+19 5.49646e+19 6.5166e+19 7.0621e+19 7.0621e+19 6.5166e+19 5.49646e+19 4.14535e+19 2.67472e+19 1.33937e+19 3.88479e+18 4.54682e+16 9.16397e+14 2.16198e+13 5.09524e+11 1.19875e+10 2.69427e+08
2.91682e+08 1.29724e+10 5.51142e+11 2.33746e+13 9.90282e+14 4.91312e+16 4.21242e+18 1.45228e+19 2.89937e+19 4.49187e+19 5.95383e+19 7.05695e+19 7.64656e+19 7.64656e+19 7.05695e+19 5.95383e+19 4.49187e+19 2.89937e+19 1.45228e+19 4.21242e+18 4.91312e+16 9.90282e+14 2.33746e+13 5.51142e+11 1.29724e+10 2.91682e+08
2.91682e+08 1.29724e+10 5.51142e+11 2.33746e+13 9.90282e+14 4.91312e+16 4.21242e+18 1.45228e+19 2.89937e+19 4.49187e+19 5.95383e+19 7.05695e+19 7.64656e+19 7.64656e+19 7.05695e+19 5.95383e+19 4.49187e+19 2.89937e+19 1.45228e+19 4.21242e+18 4.91312e+16 9.90282e+14 2.33746e+13 5.51142e+11 1.29724e+10 2.91682e+08
2.69427e+08 1.19875e+10 5.09524e+11 2.16198e+13 9.16397e+14 4.54682e+16 3.88479e+18 1.33937e+19 2.67472e+19 4.14535e+19 5.49646e+19 6.5166e+19 7.0621e+19 7.0621e+19 6.5166e+19 5.49646e+19 4.14535e+19 2.67472e+19 1.33937e+19 3.88479e+18 4.54682e+16 9.16397e+14 2.16198e+13 5.09524e+11 1.19875e+10 2.69427e+08
2.27545e+08 1.01307e+10 4.30926e+11 1.82997e+13 7.76345e+14 3.85253e+16 3.2726e+18 1.12842e+19 2.25472e+19 3.49682e+19 4.63957e+19 5.50343e+19 5.96574e+19 5.96574e+19 5.50343e+19 4.63957e+19 3.49682e+19 2.25472e+19 1.12842e+19 3.2726e+18 3.85253e+16 7.76345e+14 1.82997e+13 4.30926e+11 1.01307e+10 2.27545e+08
1.71709e+08 7.64854e+09 3.25565e+11 1.38371e+13 5.8759e+14 2.91672e+16 2.46317e+18 8.49542e+18 1.69879e+19 2.63705e+19 3.50184e+19 4.15658e+19 4.50734e+19 4.50734e+19 4.15658e+19 3.50184e+19 2.63705e+19 1.69879e+19 8.49542e+18 2.46317e+18 2.91672e+16 5.8759e+14 1.38371e+13 3.25565e+11 7.64855e+09 1.71709e+08
1.10878e+08 4.93365e+09 2.09873e+11 8.91906e+12 3.78888e+14 1.88152e+16 1.58457e+18 5.46803e+18 1.09442e+19 1.70059e+19 2.26036e+19 2.68484e+19 2.91247e+19 2.91247e+19 2.68484e+19 2.26036e+19 1.70059e+19 1.09442e+19 5.46803e+18 1.58457e+18 1.88152e+16 3.78888e+14 8.91906e+12 2.09873e+11 4.93365e+09 1.10878e+08
5.64618e+07 2.49114e+09 1.05167e+11 4.44284e+12 1.87997e+14 9.32768e+15 7.89971e+17 2.72879e+18 5.46695e+18 8.50282e+18 1.13105e+19 1.34422e+19 1.45863e+19 1.45863e+19 1.34422e+19 1.13105e+19 8.50282e+18 5.46695e+18 2.72879e+18 7.89971e+17 9.32768e+15 1.87997e+14 4.44284e+12 1.05167e+11 2.49114e+09 5.64618e+07
1.93202e+07 8.16905e+08 3.29357e+10 1.32912e+12 5.3939e+13 2.60785e+15 2.27235e+17 7.86755e+17 1.57785e+18 2.45545e+18 3.26723e+18 3.88355e+18 4.21429e+18 4.21429e+18 3.88355e+18 3.26723e+18 2.45545e+18 1.57785e+18 7.86755e+17 2.27235e+17 2.60785e+15 5.3939e+13 1.32912e+12 3.29357e+10 8.16905e+08 1.93202e+07
3.36654e+06 1.1743e+08 3.58883e+09 9.5726e+10 1.94548e+12 2.91746e+13 2.38868e+15 8.53705e+15 1.72367e+16 2.67592e+16 3.53989e+16 4.18308e+16 4.52325e+16 4.52325e+16 4.18308e+16 3.53989e+16 2.67592e+16 1.72367e+16 8.53705e+15 2.38868e+15 2.91746e+13 1.94548e+12 9.5726e+10 3.58883e+09 1.1743e+08 3.36654e+06
368536 1.04947e+07 2.48517e+08 4.96601e+09 8.3521e+10 1.72139e+12 4.79652e+13 1.67453e+14 3.37945e+14 5.24805e+14 6.94249e+14 8.20271e+14 8.86865e+14 8.86865e+14 8.20271e+14 6.94249e+14 5.24804e+14 3.37945e+14 1.67453e+14 4.79652e+13 1.72139e+12 8.3521e+10 4.96601e+09 2.48517e+08 1.04947e+07 368536
30322.9 734338 1.4734e+07 2.64666e+08 4.61465e+09 8.48443e+10 1.1818e+12 3.95665e+12 7.95361e+12 1.23554e+13 1.63597e+13 1.93455e+13 2.09261e+13 2.09261e+13 1.93455e+13 1.63597e+13 1.23554e+13 7.95361e+12 3.95665e+12 1.1818e+12 8.48443e+10 4.61465e+09 2.64666e+08 1.4734e+07 734338 30322.9
2101.94 45404.1 825912 1.39768e+07 2.2505e+08 3.18375e+09 2.92824e+10 9.3642e+10 1.87115e+11 2.90629e+11 3.85125e+11 4.5577e+11 4.93234e+11 4.93234e+11 4.5577e+11 3.85125e+11 2.90629e+11 1.87115e+11 9.3642e+10 2.92824e+10 3.18375e+09 2.2505e+08 1.39768e+07 825912 45404.1 2101.94
130.24 2589.1 43569.3 676807 9.40993e+06 1.04222e+08 7.26222e+08 2.21773e+09 4.39767e+09 6.82596e+09 9.05115e+09 1.07192e+10 1.16052e+10 1.16052e+10 1.07192e+10 9.05115e+09 6.82596e+09 4.39767e+09 2.21773e+09 7.26222e+08 1.04222e+08 9.40993e+06 676807 43569.3 2589.1 130.24
6.78081 126.127 1965.08 27539 329010 2.98852e+06 1.71737e+07 5.02554e+07 9.8811e+07 1.53203e+08 2.03237e+08 2.40842e+08 2.60851e+08 2.60851e+08 2.40842e+08 2.03237e+08 1.53203e+08 9.8811e+07 5.02554e+07 1.71737e+07 2.98852e+06 329010 27539 1965.08 126.127 6.78081
