2.18436 40.9187 644.295 9145.64 110693 1.01721e+06 5.90759e+06 1.75114e+07 3.49716e+07 5.51238e+07 7.42363e+07 8.89841e+07 9.69729e+07 9.69729e+07 8.89841e+07 7.42363e+07 5.51238e+07 3.49716e+07 1.75114e+07 5.90759e+06 1.01721e+06 110693 9145.64 644.295 40.9187 2.18436
42.004 839.032 14242.2 224082 3.16171e+06 3.54886e+07 2.50031e+08 7.73699e+08 1.55928e+09 2.46225e+09 3.31655e+09 3.9748e+09 4.33106e+09 4.33106e+09 3.9748e+09 3.31655e+09 2.46225e+09 1.55928e+09 7.73699e+08 2.50031e+08 3.54886e+07 3.16171e+06 224082 14242.2 839.032 42.004
680.597 14728.9 269209 4.60336e+06 7.53404e+07 1.08365e+09 1.00879e+10 3.27029e+10 6.64608e+10 1.05099e+11 1.41572e+11 1.69635e+11 1.8481e+11 1.8481e+11 1.69635e+11 1.41572e+11 1.05099e+11 6.64608e+10 3.27029e+10 1.00879e+10 1.08365e+09 7.53404e+07 4.60336e+06 269209 14728.9 680.597
9889.99 239437 4.80504e+06 8.66408e+07 1.53211e+09 2.88094e+10 4.07193e+11 1.38269e+12 2.82902e+12 4.47808e+12 6.03171e+12 7.22553e+12 7.87049e+12 7.87049e+12 7.22553e+12 6.03171e+12 4.47808e+12 2.82902e+12 1.38269e+12 4.07193e+11 2.88094e+10 1.53211e+09 8.66408e+07 4.80504e+06 239437 9889.99
121386 3.45433e+06 8.16395e+07 1.62573e+09 2.73418e+10 5.79642e+11 1.65186e+13 5.85258e+13 1.20321e+14 1.90559e+14 2.56629e+14 3.07333e+14 3.34701e+14 3.34701e+14 3.07333e+14 2.56629e+14 1.90559e+14 1.20321e+14 5.85258e+13 1.65186e+13 5.79642e+11 2.73418e+10 1.62573e+09 8.16395e+07 3.45433e+06 121386
1.12116e+06 3.91122e+07 1.19423e+09 3.1748e+10 6.38631e+11 9.45373e+12 8.18962e+14 2.97114e+15 6.11089e+15 9.6738e+15 1.30246e+16 1.55963e+16 1.69846e+16 1.69846e+16 1.55963e+16 1.30246e+16 9.6738e+15 6.11089e+15 2.97114e+15 8.18962e+14 9.45373e+12 6.38631e+11 3.1748e+10 1.19423e+09 3.91122e+07 1.12116e+06
6.50964e+06 2.75501e+08 1.11152e+10 4.48652e+11 1.82003e+13 8.8236e+14 7.80013e+16 2.72741e+17 5.53884e+17 8.73362e+17 1.17584e+18 1.40994e+18 1.53714e+18 1.53714e+18 1.40994e+18 1.17584e+18 8.73362e+17 5.53884e+17 2.72741e+17 7.80013e+16 8.8236e+14 1.82003e+13 4.48652e+11 1.11152e+10 2.75501e+08 6.50964e+06
1.9279e+07 8.51738e+08 3.59992e+10 1.52198e+12 6.44182e+13 3.20424e+15 2.7385e+17 9.54998e+17 1.93717e+18 3.05268e+18 4.1087e+18 4.926e+18 5.37017e+18 5.37017e+18 4.926e+18 4.1087e+18 3.05268e+18 1.93717e+18 9.54998e+17 2.7385e+17 3.20424e+15 6.44182e+13 1.52198e+12 3.59992e+10 8.51738e+08 1.9279e+07
3.846e+07 1.71465e+09 7.30765e+10 3.11037e+12 1.32276e+14 6.58609e+15 5.56567e+17 1.93873e+18 3.92982e+18 6.18935e+18 8.32692e+18 9.98046e+18 1.08788e+19 1.08788e+19 9.98046e+18 8.32692e+18 6.18935e+18 3.92982e+18 1.93873e+18 5.56567e+17 6.58609e+15 1.32276e+14 3.11037e+12 7.30765e+10 1.71465e+09 3.846e+07
6.05506e+07 2.70429e+09 1.15415e+11 4.91701e+12 2.09212e+14 1.04139e+16 8.77301e+17 3.05423e+18 6.18758e+18 9.74016e+18 1.30981e+19 1.56938e+19 1.71035e+19 1.71035e+19 1.56938e+19 1.30981e+19 9.74016e+18 6.18758e+18 3.05423e+18 8.77301e+17 1.04139e+16 2.09212e+14 4.91701e+12 1.15415e+11 2.70429e+09 6.05506e+07
8.14522e+07 3.6383e+09 1.5528e+11 6.61458e+12 2.81381e+14 1.40029e+16 1.18025e+18 4.10781e+18 8.31864e+18 1.30889e+19 1.7594e+19 2.10741e+19 2.29631e+19 2.29631e+19 2.10741e+19 1.7594e+19 1.30889e+19 8.31864e+18 4.10781e+18 1.18025e+18 1.40029e+16 2.81381e+14 6.61458e+12 1.5528e+11 3.6383e+09 8.14522e+07
9.75462e+07 4.35636e+09 1.8588e+11 7.9158e+12 3.36623e+14 1.67497e+16 1.41414e+18 4.92134e+18 9.96338e+18 1.56716e+19 2.10591e+19 2.52185e+19 2.74754e+19 2.74754e+19 2.52185e+19 2.10591e+19 1.56716e+19 9.96338e+18 4.92134e+18 1.41414e+18 1.67497e+16 3.36623e+14 7.9158e+12 1.8588e+11 4.35636e+09 9.75462e+07
1.06251e+08 4.74438e+09 2.024e+11 8.61758e+12 3.66387e+14 1.82294e+16 1.54102e+18 5.36273e+18 1.08555e+19 1.70718e+19 2.29369e+19 2.74635e+19 2.99191e+19 2.99191e+19 2.74635e+19 2.29369e+19 1.70718e+19 1.08555e+19 5.36273e+18 1.54102e+18 1.82294e+16 3.66387e+14 8.61758e+12 2.024e+11 4.74438e+09 1.06251e+08
1.06251e+08 4.74438e+09 2.024e+11 8.61758e+12 3.66387e+14 1.82294e+16 1.54102e+18 5.36273e+18 1.08555e+19 1.70718e+19 2.29369e+19 2.74635e+19 2.99191e+19 2.99191e+19 2.74635e+19 2.29369e+19 1.70718e+19 1.08555e+19 5.36273e+18 1.54102e+18 1.82294e+16 3.66387e+14 8.61758e+12 2.024e+11 4.74438e+09 1.06251e+08
9.75462e+07 4.35636e+09 1.8588e+11 7.9158e+12 3.36623e+14 1.67497e+16 1.41414e+18 4.92134e+18 9.96338e+18 1.56716e+19 2.10591e+19 2.52185e+19 2.74754e+19 2.74754e+19 2.52185e+19 2.10591e+19 1.56716e+19 9.96338e+18 4.92134e+18 1.41414e+18 1.67497e+16 3.36623e+14 7.9158e+12 1.8588e+11 4.35636e+09 9.75462e+07
8.14522e+07 3.6383e+09 1.5528e+11 6.61458e+12 2.81381e+14 1.40029e+16 1.18025e+18 4.10781e+18 8.31864e+18 1.30889e+19 1.7594e+19 2.10741e+19 2.29631e+19 2.29631e+19 2.10741e+19 1.7594e+19 1.30889e+19 8.31864e+18 4.10781e+18 1.18025e+18 1.40029e+16 2.81381e+14 6.61458e+12 1.5528e+11 3.6383e+09 8.14522e+07
6.05506e+07 2.70429e+09 1.15415e+11 4.91701e+12 2.09212e+14 1.04139e+16 8.77301e+17 3.05423e+18 6.18758e+18 9.74016e+18 1.30981e+19 1.56938e+19 1.71035e+19 1.71035e+19 1.56938e+19 1.30981e+19 9.74016e+18 6.18758e+18 3.05423e+18 8.77301e+17 1.04139e+16 2.09212e+14 4.91701e+12 1.15415e+11 2.70429e+09 6.05506e+07
3.846e+07 1.71465e+09 7.30765e+10 3.11037e+12 1.32276e+14 6.58609e+15 5.56567e+17 1.93873e+18 3.92982e+18 6.18935e+18 8.32692e+18 9.98046e+18 1.08788e+19 1.08788e+19 9.98046e+18 8.32692e+18 6.18935e+18 3.92982e+18 1.93873e+18 5.56567e+17 6.58609e+15 1.32276e+14 3.11037e+12 7.30765e+10 1.71465e+09 3.846e+07
1.9279e+07 8.51738e+08 3.59992e+10 1.52198e+12 6.44182e+13 3.20424e+15 2.7385e+17 9.54998e+17 1.93717e+18 3.05268e+18 4.1087e+18 4.926e+18 5.37017e+18 5.37017e+18 4.926e+18 4.1087e+18 3.05268e+18 1.93717e+18 9.54998e+17 2.7385e+17 3.20424e+15 6.44182e+13 1.52198e+12 3.59992e+10 8.51738e+08 1.9279e+07
6.50964e+06 2.75501e+08 1.11152e+10 4.48652e+11 1.82003e+13 8.8236e+14 7.80013e+16 2.72741e+17 5.53884e+17 8.73362e+17 1.17584e+18 1.40994e+18 1.53714e+18 1.53714e+18 1.40994e+18 1.17584e+18 8.73362e+17 5.53884e+17 2.72741e+17 7.80013e+16 8.8236e+14 1.82003e+13 4.48652e+11 1.11152e+10 2.75501e+08 6.50964e+06
1.12116e+06 3.91122e+07 1.19423e+09 3.1748e+10 6.38631e+11 9.45373e+12 8.18962e+14 2.97114e+15 6.11089e+15 9.6738e+15 1.30246e+16 1.55963e+16 1.69846e+16 1.69846e+16 1.55963e+16 1.30246e+16 9.6738e+15 6.11089e+15 2.97114e+15 8.18962e+14 9.45373e+12 6.38631e+11 3.1748e+10 1.19423e+09 3.91122e+07 1.12116e+06
121386 3.45433e+06 8.16395e+07 1.62573e+09 2.73418e+10 5.79642e+11 1.65186e+13 5.85258e+13 1.20321e+14 1.90559e+14 2.56629e+14 3.07333e+14 3.34701e+14 3.34701e+14 3.07333e+14 2.56629e+14 1.90559e+14 1.20321e+14 5.85258e+13 1.65186e+13 5.79642e+11 2.73418e+10 1.62573e+09 8.16395e+07 3.45433e+06 121386
9889.99 239437 4.80504e+06 8.66408e+07 1.53211e+09 2.88094e+10 4.07193e+11 1.38269e+12 2.82902e+12 4.47808e+12 6.03171e+12 7.22553e+12 7.87049e+12 7.87049e+12 7.22553e+12 6.03171e+12 4.47808e+12 2.82902e+12 1.38269e+12 4.07193e+11 2.88094e+10 1.53211e+09 8.66408e+07 4.80504e+06 239437 9889.99
680.597 14728.9 269209 4.60336e+06 7.53404e+07 1.08365e+09 1.00879e+10 3.27029e+10 6.64608e+10 1.05099e+11 1.41572e+11 1.69635e+11 1.8481e+11 1.8481e+11 1.69635e+11 1.41572e+11 1.05099e+11 6.64608e+10 3.27029e+10 1.00879e+10 1.08365e+09 7.53404e+07 4.60336e+06 269209 14728.9 680.597
42.004 839.032 14242.2 224082 3.16171e+06 3.54886e+07 2.50031e+08 7.73699e+08 1.55928e+09 2.46225e+09 3.31655e+09 3.9748e+09 4.33106e+09 4.33106e+09 3.9748e+09 3.31655e+09 2.46225e+09 1.55928e+09 7.73699e+08 2.50031e+08 3.54886e+07 3.16171e+06 224082 14242.2 839.032 42.004
2.18436 40.9187 644.295 9145.64 110693 1.01721e+06 5.90759e+06 1.75114e+07 3.49716e+07 5.51238e+07 7.42363e+07 8.89841e+07 9.69729e+07 9.69729e+07 8.89841e+07 7.42363e+07 5.51238e+07 3.49716e+07 1.75114e+07 5.90759e+06 1.01721e+06 110693 9145.64 644.295 40.9187 2.18436
