3.07409e-05 0.000575765 0.00910401 0.130221 1.58833 14.6676 85.3062 252.85 505.759 800.267 1083.36 1304.98 1426.36 1426.36 1304.98 1083.36 800.267 505.759 252.85 85.3062 14.6676 1.58833 0.130221 0.00910401 0.000575765 3.07409e-05
0.000585076 0.0116432 0.197946 3.14071 44.8303 507.633 3587.96 11102.7 22412.1 35534.9 48130.5 57986.9 63384.6 63384.6 57986.9 48130.5 35534.9 22412.1 11102.7 3587.96 507.633 44.8303 3.14071 0.197946 0.0116432 0.000585076
0.00941555 0.202051 3.676 63.1891 1050.48 15349.1 143817 466226 949012 1.50718e+06 2.04227e+06 2.46087e+06 2.69011e+06 2.69011e+06 2.46087e+06 2.04227e+06 1.50718e+06 949012 466226 143817 15349.1 1050.48 63.1891 3.676 0.202051 0.00941555
0.136674 3.27076 64.8513 1162.75 20837 402961 5.77056e+06 1.95926e+07 4.01483e+07 6.38368e+07 8.65276e+07 1.04276e+08 1.13996e+08 1.13996e+08 1.04276e+08 8.65276e+07 6.38368e+07 4.01483e+07 1.95926e+07 5.77056e+06 402961 20837 1162.75 64.8513 3.27076 0.136674
1.68326 47.3615 1103.06 21582.5 358872 7.92985e+06 2.32966e+08 8.25056e+08 1.69856e+09 2.70278e+09 3.66433e+09 4.41645e+09 4.82836e+09 4.82836e+09 4.41645e+09 3.66433e+09 2.70278e+09 1.69856e+09 8.25056e+08 2.32966e+08 7.92985e+06 358872 21582.5 1103.06 47.3615 1.68326
15.6258 540.352 16316.1 427284 8.36132e+06 1.19609e+08 1.1451e+10 4.15147e+10 8.5465e+10 1.35882e+11 1.84125e+11 2.21852e+11 2.42511e+11 2.42511e+11 2.21852e+11 1.84125e+11 1.35882e+11 8.5465e+10 4.15147e+10 1.1451e+10 1.19609e+08 8.36132e+06 427284 16316.1 540.352 15.6258
91.1012 3831.72 153590 6.16297e+06 2.48829e+08 1.21079e+10 1.09173e+12 3.80643e+12 7.71466e+12 1.21659e+13 1.64079e+13 1.97174e+13 2.15276e+13 2.15276e+13 1.97174e+13 1.64079e+13 1.21659e+13 7.71465e+12 3.80643e+12 1.09173e+12 1.21079e+10 2.48829e+08 6.16297e+06 153590 3831.72 91.1012
270.141 11862.7 498185 2.09376e+07 8.81776e+08 4.39562e+10 3.81973e+12 1.32842e+13 2.68967e+13 4.23931e+13 5.71572e+13 6.86742e+13 7.49729e+13 7.49729e+13 6.86742e+13 5.71572e+13 4.23931e+13 2.68967e+13 1.32842e+13 3.81973e+12 4.39562e+10 8.81776e+08 2.09376e+07 498185 11862.7 270.141
540.204 23940.1 1.01379e+06 4.28919e+07 1.81478e+09 9.04863e+10 7.74951e+12 2.69246e+13 5.4494e+13 8.58731e+13 1.15767e+14 1.39085e+14 1.51837e+14 1.51837e+14 1.39085e+14 1.15767e+14 8.58731e+13 5.4494e+13 2.69246e+13 7.74951e+12 9.04862e+10 1.81478e+09 4.28919e+07 1.01379e+06 23940.1 540.204
854.327 37937.3 1.60916e+06 6.81603e+07 2.88601e+09 1.43801e+11 1.22243e+13 4.245e+13 8.58997e+13 1.35349e+14 1.82455e+14 2.19198e+14 2.39292e+14 2.39292e+14 2.19198e+14 1.82455e+14 1.35349e+14 8.58997e+13 4.245e+13 1.22243e+13 1.43801e+11 2.88601e+09 6.81603e+07 1.60916e+06 37937.3 854.327
1155.89 51354.4 2.17914e+06 9.23305e+07 3.91023e+09 1.94748e+11 1.64864e+13 5.72343e+13 1.15804e+14 1.82457e+14 2.4595e+14 2.95475e+14 3.22559e+14 3.22559e+14 2.95475e+14 2.4595e+14 1.82457e+14 1.15804e+14 5.72343e+13 1.64864e+13 1.94748e+11 3.91023e+09 9.23305e+07 2.17914e+06 51354.4 1155.89
1391.69 61840.9 2.62449e+06 1.11212e+08 4.71032e+09 2.34538e+11 1.98097e+13 6.87604e+13 1.39117e+14 2.19182e+14 2.9545e+14 3.54937e+14 3.8747e+14 3.8747e+14 3.54937e+14 2.9545e+14 2.19182e+14 1.39117e+14 6.87604e+13 1.98097e+13 2.34538e+11 4.71032e+09 1.11212e+08 2.62449e+06 61840.9 1391.69
1520.73 67579 2.86816e+06 1.21543e+08 5.1481e+09 2.56308e+11 2.16265e+13 7.50614e+13 1.51861e+14 2.39258e+14 3.22508e+14 3.87443e+14 4.22954e+14 4.22954e+14 3.87443e+14 3.22508e+14 2.39258e+14 1.51861e+14 7.50614e+13 2.16265e+13 2.56308e+11 5.1481e+09 1.21543e+08 2.86816e+06 67579 1520.73
1520.73 67579 2.86816e+06 1.21543e+08 5.1481e+09 2.56308e+11 2.16265e+13 7.50614e+13 1.51861e+14 2.39258e+14 3.22508e+14 3.87443e+14 4.22954e+14 4.22954e+14 3.87443e+14 3.22508e+14 2.39258e+14 1.51861e+14 7.50614e+13 2.16265e+13 2.56308e+11 5.1481e+09 1.21543e+08 2.86816e+06 67579 1520.73
1391.69 61840.9 2.62449e+06 1.11212e+08 4.71032e+09 2.34538e+11 1.98097e+13 6.87604e+13 1.39117e+14 2.19182e+14 2.9545e+14 3.54937e+14 3.8747e+14 3.8747e+14 3.54937e+14 2.9545e+14 2.19182e+14 1.39117e+14 6.87604e+13 1.98097e+13 2.34538e+11 4.71032e+09 1.11212e+08 2.62449e+06 61840.9 1391.69
1155.89 51354.4 2.17914e+06 9.23305e+07 3.91023e+09 1.94748e+11 1.64864e+13 5.72343e+13 1.15804e+14 1.82457e+14 2.4595e+14 2.95475e+14 3.22559e+14 3.22559e+14 2.95475e+14 2.4595e+14 1.82457e+14 1.15804e+14 5.72343e+13 1.64864e+13 1.94748e+11 3.91023e+09 9.23305e+07 2.17914e+06 51354.4 1155.89
854.327 37937.3 1.60916e+06 6.81603e+07 2.88601e+09 1.43801e+11 1.22243e+13 4.245e+13 8.58997e+13 1.35349e+14 1.82455e+14 2.19198e+14 2.39292e+14 2.39292e+14 2.19198e+14 1.82455e+14 1.35349e+14 8.58997e+13 4.245e+13 1.22243e+13 1.43801e+11 2.88601e+09 6.81603e+07 1.60916e+06 37937.3 854.327
540.204 23940.1 1.01379e+06 4.28919e+07 1.81478e+09 9.04862e+10 7.74951e+12 2.69246e+13 5.4494e+13 8.58731e+13 1.15767e+14 1.39085e+14 1.51837e+14 1.51837e+14 1.39085e+14 1.15767e+14 8.58731e+13 5.4494e+13 2.69246e+13 7.74951e+12 9.04863e+10 1.81478e+09 4.28919e+07 1.01379e+06 23940.1 540.204
270.141 11862.7 498185 2.09376e+07 8.81776e+08 4.39562e+10 3.81973e+12 1.32842e+13 2.68967e+13 4.23931e+13 5.71572e+13 6.86742e+13 7.49729e+13 7.49729e+13 6.86742e+13 5.71572e+13 4.23931e+13 2.68967e+13 1.32842e+13 3.81973e+12 4.39562e+10 8.81776e+08 2.09376e+07 498185 11862.7 270.141
91.1012 3831.72 153590 6.16297e+06 2.48829e+08 1.21079e+10 1.09173e+12 3.80643e+12 7.71465e+12 1.21659e+13 1.64079e+13 1.97174e+13 2.15276e+13 2.15276e+13 1.97174e+13 1.64079e+13 1.21659e+13 7.71466e+12 3.80643e+12 1.09173e+12 1.21079e+10 2.48829e+08 6.16297e+06 153590 3831.72 91.1012
15.6258 540.352 16316.1 427284 8.36132e+06 1.19609e+08 1.1451e+10 4.15147e+10 8.5465e+10 1.35882e+11 1.84125e+11 2.21852e+11 2.42511e+11 2.42511e+11 2.21852e+11 1.84125e+11 1.35882e+11 8.5465e+10 4.15147e+10 1.1451e+10 1.19609e+08 8.36132e+06 427284 16316.1 540.352 15.6258
1.68326 47.3615 1103.06 21582.5 358872 7.92985e+06 2.32966e+08 8.25056e+08 1.69856e+09 2.70278e+09 3.66433e+09 4.41645e+09 4.82836e+09 4.82836e+09 4.41645e+09 3.66433e+09 2.70278e+09 1.69856e+09 8.25056e+08 2.32966e+08 7.92985e+06 358872 21582.5 1103.06 47.3615 1.68326
0.136674 3.27076 64.8513 1162.75 20837 402961 5.77056e+06 1.95926e+07 4.01483e+07 6.38368e+07 8.65276e+07 1.04276e+08 1.13996e+08 1.13996e+08 1.04276e+08 8.65276e+07 6.38368e+07 4.01483e+07 1.95926e+07 5.77056e+06 402961 20837 1162.75 64.8513 3.27076 0.136674
0.00941555 0.202051 3.676 63.1891 1050.48 15349.1 143817 466226 949012 1.50718e+06 2.04227e+06 2.46087e+06 2.69011e+06 2.69011e+06 2.46087e+06 2.04227e+06 1.50718e+06 949012 466226 143817 15349.1 1050.48 63.1891 3.676 0.202051 0.00941555
0.000585076 0.0116432 0.197946 3.14071 44.8303 507.633 3587.96 11102.7 22412.1 35534.9 48130.5 57986.9 63384.6 63384.6 57986.9 48130.5 35534.9 22412.1 11102.7 3587.96 507.633 44.8303 3.14071 0.197946 0.0116432 0.000585076
3.07409e-05 0.000575765 0.00910401 0.130221 1.58833 14.6676 85.3062 252.85 505.759 800.267 1083.36 1304.98 1426.36 1426.36 1304.98 1083.36 800.267 505.759 252.85 85.3062 14.6676 1.58833 0.130221 0.00910401 0.000575765 3.07409e-05
