4.07447 75.8407 1182.65 16593.8 198620 1.80994e+06 1.0463e+07 3.09912e+07 6.19571e+07 9.78678e+07 1.32137e+08 1.58744e+08 1.73223e+08 1.73223e+08 1.58744e+08 1.32137e+08 9.78678e+07 6.19571e+07 3.09912e+07 1.0463e+07 1.80994e+06 198620 16593.8 1182.65 75.8407 4.07447
78.3666 1558.88 26251.2 408116 5.68127e+06 6.30755e+07 4.41747e+08 1.36567e+09 2.75503e+09 4.3597e+09 5.88756e+09 7.07234e+09 7.71662e+09 7.71662e+09 7.07234e+09 5.88756e+09 4.3597e+09 2.75503e+09 1.36567e+09 4.41747e+08 6.30755e+07 5.68127e+06 408116 26251.2 1558.88 78.3666
1266.78 27380.1 498375 8.43853e+06 1.35944e+08 1.92564e+09 1.77799e+10 5.75735e+10 1.17111e+11 1.85589e+11 2.50654e+11 3.01049e+11 3.28434e+11 3.28434e+11 3.01049e+11 2.50654e+11 1.85589e+11 1.17111e+11 5.75735e+10 1.77799e+10 1.92564e+09 1.35944e+08 8.43853e+06 498375 27380.1 1266.78
18306.6 443546 8.90543e+06 1.60079e+08 2.79138e+09 5.13044e+10 7.16183e+11 2.42868e+12 4.97333e+12 7.88902e+12 1.06546e+13 1.27944e+13 1.39564e+13 1.39564e+13 1.27944e+13 1.06546e+13 7.88902e+12 4.97333e+12 2.42868e+12 7.16183e+11 5.13044e+10 2.79138e+09 1.60079e+08 8.90543e+06 443546 18306.6
222963 6.34979e+06 1.50422e+08 3.00856e+09 5.06549e+10 1.04177e+12 2.90054e+13 1.02611e+14 2.11117e+14 3.35072e+14 4.52488e+14 5.43246e+14 5.92498e+14 5.92498e+14 5.43246e+14 4.52488e+14 3.35072e+14 2.11117e+14 1.02611e+14 2.90054e+13 1.04177e+12 5.06549e+10 3.00856e+09 1.50422e+08 6.34979e+06 222963
2.0431e+06 7.12201e+07 2.17552e+09 5.80277e+10 1.18088e+12 1.77489e+13 1.44159e+15 5.21912e+15 1.07388e+16 1.70314e+16 2.29886e+16 2.75923e+16 3.00904e+16 3.00904e+16 2.75923e+16 2.29886e+16 1.70314e+16 1.07388e+16 5.21912e+15 1.44159e+15 1.77489e+13 1.18088e+12 5.80277e+10 2.17552e+09 7.12201e+07 2.0431e+06
1.17923e+07 4.97807e+08 2.00336e+10 8.06859e+11 3.26731e+13 1.57472e+15 1.37061e+17 4.78429e+17 9.71038e+17 1.53152e+18 2.06349e+18 2.47635e+18 2.70119e+18 2.70119e+18 2.47635e+18 2.06349e+18 1.53152e+18 9.71038e+17 4.78429e+17 1.37061e+17 1.57472e+15 3.26731e+13 8.06859e+11 2.00336e+10 4.97807e+08 1.17923e+07
3.48822e+07 1.53679e+09 6.47728e+10 2.73177e+12 1.15391e+14 5.70748e+15 4.80736e+17 1.67348e+18 3.39204e+18 5.34544e+18 7.19827e+18 8.63563e+18 9.41823e+18 9.41823e+18 8.63563e+18 7.19827e+18 5.34544e+18 3.39204e+18 1.67348e+18 4.80736e+17 5.70748e+15 1.15391e+14 2.73177e+12 6.47728e+10 1.53679e+09 3.48822e+07
6.96582e+07 3.09669e+09 1.31601e+11 5.58728e+12 2.37121e+14 1.1739e+16 9.7693e+17 3.39632e+18 6.87784e+18 1.08302e+19 1.4575e+19 1.74775e+19 1.90569e+19 1.90569e+19 1.74775e+19 1.4575e+19 1.08302e+19 6.87784e+18 3.39632e+18 9.7693e+17 1.1739e+16 2.37121e+14 5.58728e+12 1.31601e+11 3.09669e+09 6.96582e+07
1.0992e+08 4.89522e+09 2.08326e+11 8.85304e+12 3.75914e+14 1.86024e+16 1.54097e+18 5.3529e+18 1.08318e+19 1.70435e+19 2.29214e+19 2.74725e+19 2.99473e+19 2.99473e+19 2.74725e+19 2.29214e+19 1.70435e+19 1.08318e+19 5.3529e+18 1.54097e+18 1.86024e+16 3.75914e+14 8.85304e+12 2.08326e+11 4.89522e+09 1.0992e+08
1.48276e+08 6.60462e+09 2.81093e+11 1.19447e+13 5.07123e+14 2.50862e+16 2.07548e+18 7.20594e+18 1.45724e+19 2.29142e+19 3.07984e+19 3.68966e+19 4.02105e+19 4.02105e+19 3.68966e+19 3.07984e+19 2.29142e+19 1.45724e+19 7.20594e+18 2.07548e+18 2.50862e+16 5.07123e+14 1.19447e+13 2.81093e+11 6.60462e+09 1.48276e+08
1.78012e+08 7.92814e+09 3.37363e+11 1.43328e+13 6.08366e+14 3.00871e+16 2.48963e+18 8.64118e+18 1.74671e+19 2.74525e+19 3.68815e+19 4.41689e+19 4.81269e+19 4.81269e+19 4.41689e+19 3.68815e+19 2.74525e+19 1.74671e+19 8.64118e+18 2.48963e+18 3.00871e+16 6.08366e+14 1.43328e+13 3.37363e+11 7.92814e+09 1.78012e+08
1.94177e+08 8.6471e+09 3.67907e+11 1.56282e+13 6.63241e+14 3.2797e+16 2.7149e+18 9.42171e+18 1.90404e+19 2.99175e+19 4.01834e+19 4.81141e+19 5.24203e+19 5.24203e+19 4.81141e+19 4.01834e+19 2.99175e+19 1.90404e+19 9.42171e+18 2.7149e+18 3.2797e+16 6.63241e+14 1.56282e+13 3.67907e+11 8.6471e+09 1.94177e+08
1.94177e+08 8.6471e+09 3.67907e+11 1.56282e+13 6.63241e+14 3.2797e+16 2.7149e+18 9.42171e+18 1.90404e+19 2.99175e+19 4.01834e+19 4.81141e+19 5.24203e+19 5.24203e+19 4.81141e+19 4.01834e+19 2.99175e+19 1.90404e+19 9.42171e+18 2.7149e+18 3.2797e+16 6.63241e+14 1.56282e+13 3.67907e+11 8.6471e+09 1.94177e+08
1.78012e+08 7.92814e+09 3.37363e+11 1.43328e+13 6.08366e+14 3.00871e+16 2.48963e+18 8.64118e+18 1.74671e+19 2.74525e+19 3.68815e+19 4.41689e+19 4.81269e+19 4.81269e+19 4.41689e+19 3.68815e+19 2.74525e+19 1.74671e+19 8.64118e+18 2.48963e+18 3.00871e+16 6.08366e+14 1.43328e+13 3.37363e+11 7.92814e+09 1.78012e+08
1.48276e+08 6.60462e+09 2.81093e+11 1.19447e+13 5.07123e+14 2.50862e+16 2.07548e+18 7.20594e+18 1.45724e+19 2.29142e+19 3.07984e+19 3.68966e+19 4.02105e+19 4.02105e+19 3.68966e+19 3.07984e+19 2.29142e+19 1.45724e+19 7.20594e+18 2.07548e+18 2.50862e+16 5.07123e+14 1.19447e+13 2.81093e+11 6.60462e+09 1.48276e+08
1.0992e+08 4.89522e+09 2.08326e+11 8.85304e+12 3.75914e+14 1.86024e+16 1.54097e+18 5.3529e+18 1.08318e+19 1.70435e+19 2.29214e+19 2.74725e+19 2.99473e+19 2.99473e+19 2.74725e+19 2.29214e+19 1.70435e+19 1.08318e+19 5.3529e+18 1.54097e+18 1.86024e+16 3.75914e+14 8.85304e+12 2.08326e+11 4.89522e+09 1.0992e+08
6.96582e+07 3.09669e+09 1.31601e+11 5.58728e+12 2.37121e+14 1.1739e+16 9.7693e+17 3.39632e+18 6.87784e+18 1.08302e+19 1.4575e+19 1.74775e+19 1.90569e+19 1.90569e+19 1.74775e+19 1.4575e+19 1.08302e+19 6.87784e+18 3.39632e+18 9.7693e+17 1.1739e+16 2.37121e+14 5.58728e+12 1.31601e+11 3.09669e+09 6.96582e+07
3.48822e+07 1.53679e+09 6.47728e+10 2.73177e+12 1.15391e+14 5.70748e+15 4.80736e+17 1.67348e+18 3.39204e+18 5.34544e+18 7.19827e+18 8.63563e+18 9.41823e+18 9.41823e+18 8.63563e+18 7.19827e+18 5.34544e+18 3.39204e+18 1.67348e+18 4.80736e+17 5.70748e+15 1.15391e+14 2.73177e+12 6.47728e+10 1.53679e+09 3.48822e+07
1.17923e+07 4.97807e+08 2.00336e+10 8.06859e+11 3.26731e+13 1.57472e+15 1.37061e+17 4.78429e+17 9.71038e+17 1.53152e+18 2.06349e+18 2.47635e+18 2.70119e+18 2.70119e+18 2.47635e+18 2.06349e+18 1.53152e+18 9.71038e+17 4.78429e+17 1.37061e+17 1.57472e+15 3.26731e+13 8.06859e+11 2.00336e+10 4.97807e+08 1.17923e+07
2.0431e+06 7.12201e+07 2.17552e+09 5.80277e+10 1.18088e+12 1.77489e+13 1.44159e+15 5.21912e+15 1.07388e+16 1.70314e+16 2.29886e+16 2.75923e+16 3.00904e+16 3.00904e+16 2.75923e+16 2.29886e+16 1.70314e+16 1.07388e+16 5.21912e+15 1.44159e+15 1.77489e+13 1.18088e+12 5.80277e+10 2.17552e+09 7.12201e+07 2.0431e+06
222963 6.34979e+06 1.50422e+08 3.00856e+09 5.06549e+10 1.04177e+12 2.90054e+13 1.02611e+14 2.11117e+14 3.35072e+14 4.52488e+14 5.43246e+14 5.92498e+14 5.92498e+14 5.43246e+14 4.52488e+14 3.35072e+14 2.11117e+14 1.02611e+14 2.90054e+13 1.04177e+12 5.06549e+10 3.00856e+09 1.50422e+08 6.34979e+06 222963
18306.6 443546 8.90543e+06 1.60079e+08 2.79138e+09 5.13044e+10 7.16183e+11 2.42868e+12 4.97333e+12 7.88902e+12 1.06546e+13 1.27944e+13 1.39564e+13 1.39564e+13 1.27944e+13 1.06546e+13 7.88902e+12 4.97333e+12 2.42868e+12 7.16183e+11 5.13044e+10 2.79138e+09 1.60079e+08 8.90543e+06 443546 18306.6
1266.78 27380.1 498375 8.43853e+06 1.35944e+08 1.92564e+09 1.77799e+10 5.75735e+10 1.17111e+11 1.85589e+11 2.50654e+11 3.01049e+11 3.28434e+11 3.28434e+11 3.01049e+11 2.50654e+11 1.85589e+11 1.17111e+11 5.75735e+10 1.77799e+10 1.92564e+09 1.35944e+08 8.43853e+06 498375 27380.1 1266.78
78.3666 1558.88 26251.2 408116 5.68127e+06 6.30755e+07 4.41747e+08 1.36567e+09 2.75503e+09 4.3597e+09 5.88756e+09 7.07234e+09 7.71662e+09 7.71662e+09 7.07234e+09 5.88756e+09 4.3597e+09 2.75503e+09 1.36567e+09 4.41747e+08 6.30755e+07 5.68127e+06 408116 26251.2 1558.88 78.3666
4.07447 75.8407 1182.65 16593.8 198620 1.80994e+06 1.0463e+07 3.09912e+07 6.19571e+07 9.78678e+07 1.32137e+08 1.58744e+08 1.73223e+08 1.73223e+08 1.58744e+08 1.32137e+08 9.78678e+07 6.19571e+07 3.09912e+07 1.0463e+07 1.80994e+06 198620 16593.8 1182.65 75.8407 4.07447
