22.0328 406.784 6268.33 86680.6 1.02164e+06 9.17004e+06 5.21606e+07 1.5093e+08 2.92867e+08 4.47864e+08 5.8675e+08 6.88765e+08 7.422e+08 7.422e+08 6.88765e+08 5.8675e+08 4.47864e+08 2.92867e+08 1.5093e+08 5.21606e+07 9.17004e+06 1.02164e+06 86680.6 6268.33 406.784 22.0328
422.57 8357.17 139362 2.13629e+06 2.92479e+07 3.19471e+08 2.20183e+09 6.64608e+09 1.29982e+10 1.98856e+10 2.60243e+10 3.05158e+10 3.28625e+10 3.28625e+10 3.05158e+10 2.60243e+10 1.98856e+10 1.29982e+10 6.64608e+09 2.20183e+09 3.19471e+08 2.92479e+07 2.13629e+06 139362 8357.17 422.57
6790.97 146359 2.64853e+06 4.43388e+07 7.01907e+08 9.75778e+09 8.86465e+10 2.80069e+11 5.51568e+11 8.43741e+11 1.10275e+12 1.29149e+12 1.38985e+12 1.38985e+12 1.29149e+12 1.10275e+12 8.43741e+11 5.51568e+11 2.80069e+11 8.86465e+10 9.75778e+09 7.01907e+08 4.43388e+07 2.64853e+06 146359 6790.97
97237.3 2.35444e+06 4.72107e+07 8.44544e+08 1.45125e+10 2.60581e+11 3.57423e+12 1.1816e+13 2.3392e+13 3.57592e+13 4.66661e+13 5.45824e+13 5.86963e+13 5.86963e+13 5.45824e+13 4.66661e+13 3.57592e+13 2.3392e+13 1.1816e+13 3.57423e+12 2.60581e+11 1.45125e+10 8.44544e+08 4.72107e+07 2.35444e+06 97237.3
1.17007e+06 3.33249e+07 7.90295e+08 1.58413e+10 2.66383e+11 5.33239e+12 1.45028e+14 4.99636e+14 9.92222e+14 1.51503e+15 1.97387e+15 2.30556e+15 2.47746e+15 2.47746e+15 2.30556e+15 1.97387e+15 1.51503e+15 9.92222e+14 4.99636e+14 1.45028e+14 5.33239e+12 2.66383e+11 1.58413e+10 7.90295e+08 3.33249e+07 1.17007e+06
1.05712e+07 3.68438e+08 1.12632e+10 3.01292e+11 6.18527e+12 9.39447e+13 7.25213e+15 2.55688e+16 5.07952e+16 7.75429e+16 1.01047e+17 1.1807e+17 1.26907e+17 1.26907e+17 1.1807e+17 1.01047e+17 7.75429e+16 5.07953e+16 2.55688e+16 7.25213e+15 9.39447e+13 6.18527e+12 3.01292e+11 1.12632e+10 3.68438e+08 1.05712e+07
5.99939e+07 2.5319e+09 1.01911e+11 4.10806e+12 1.66644e+14 8.02685e+15 6.88695e+17 2.36252e+18 4.68439e+18 7.20457e+18 9.48719e+18 1.11904e+19 1.20942e+19 1.20942e+19 1.11904e+19 9.48719e+18 7.20457e+18 4.68439e+18 2.36252e+18 6.88695e+17 8.02685e+15 1.66644e+14 4.10806e+12 1.01911e+11 2.5319e+09 5.99939e+07
1.73323e+08 7.6294e+09 3.21389e+11 1.35542e+13 5.7293e+14 2.8323e+16 2.37241e+18 8.12003e+18 1.60794e+19 2.47067e+19 3.25123e+19 3.83321e+19 4.14186e+19 4.14186e+19 3.83321e+19 3.25123e+19 2.47067e+19 1.60794e+19 8.12003e+18 2.37241e+18 2.8323e+16 5.7293e+14 1.35542e+13 3.21389e+11 7.6294e+09 1.73323e+08
3.35954e+08 1.49047e+10 6.32219e+11 2.68019e+13 1.13642e+15 5.62117e+16 4.70245e+18 1.60745e+19 3.17778e+19 4.8741e+19 6.40363e+19 7.54072e+19 8.14259e+19 8.14259e+19 7.54072e+19 6.40363e+19 4.8741e+19 3.17778e+19 1.60745e+19 4.70245e+18 5.62117e+16 1.13642e+15 2.68019e+13 6.32219e+11 1.49047e+10 3.35954e+08
5.13313e+08 2.27823e+10 9.66238e+11 4.09337e+13 1.73354e+15 8.56868e+16 7.21968e+18 2.46569e+19 4.86581e+19 7.44808e+19 9.76679e+19 1.14844e+20 1.23913e+20 1.23913e+20 1.14844e+20 9.76679e+19 7.44808e+19 4.86581e+19 2.46569e+19 7.21968e+18 8.56868e+16 1.73354e+15 4.09337e+13 9.66238e+11 2.27823e+10 5.13313e+08
6.72034e+08 2.97941e+10 1.26193e+12 5.33787e+13 2.25681e+15 1.11494e+17 9.48707e+18 3.23798e+19 6.37965e+19 9.74686e+19 1.27584e+20 1.49815e+20 1.61526e+20 1.61526e+20 1.49815e+20 1.27584e+20 9.74686e+19 6.37965e+19 3.23798e+19 9.48707e+18 1.11494e+17 2.25681e+15 5.33787e+13 1.26193e+12 2.97941e+10 6.72034e+08
7.88494e+08 3.49188e+10 1.47716e+12 6.24006e+13 2.63461e+15 1.30122e+17 1.11703e+19 3.81091e+19 7.49946e+19 1.14412e+20 1.49557e+20 1.75431e+20 1.89035e+20 1.89035e+20 1.75431e+20 1.49557e+20 1.14412e+20 7.49946e+19 3.81091e+19 1.11703e+19 1.30122e+17 2.63461e+15 6.24006e+13 1.47716e+12 3.49188e+10 7.88494e+08
8.49451e+08 3.75943e+10 1.58922e+12 6.70853e+13 2.83024e+15 1.39768e+17 1.20602e+19 4.11369e+19 8.0901e+19 1.23327e+20 1.6109e+20 1.88851e+20 2.03432e+20 2.03432e+20 1.88851e+20 1.6109e+20 1.23327e+20 8.0901e+19 4.11369e+19 1.20602e+19 1.39768e+17 2.83024e+15 6.70853e+13 1.58922e+12 3.75943e+10 8.49451e+08
8.49451e+08 3.75943e+10 1.58922e+12 6.70853e+13 2.83024e+15 1.39768e+17 1.20602e+19 4.11369e+19 8.0901e+19 1.23327e+20 1.6109e+20 1.88851e+20 2.03432e+20 2.03432e+20 1.88851e+20 1.6109e+20 1.23327e+20 8.0901e+19 4.11369e+19 1.20602e+19 1.39768e+17 2.83024e+15 6.70853e+13 1.58922e+12 3.75943e+10 8.49451e+08
7.88494e+08 3.49188e+10 1.47716e+12 6.24006e+13 2.63461e+15 1.30122e+17 1.11703e+19 3.81091e+19 7.49946e+19 1.14412e+20 1.49557e+20 1.75431e+20 1.89035e+20 1.89035e+20 1.75431e+20 1.49557e+20 1.14412e+20 7.49946e+19 3.81091e+19 1.11703e+19 1.30122e+17 2.63461e+15 6.24006e+13 1.47716e+12 3.49188e+10 7.88494e+08
6.72034e+08 2.97941e+10 1.26193e+12 5.33787e+13 2.25681e+15 1.11494e+17 9.48707e+18 3.23798e+19 6.37965e+19 9.74686e+19 1.27584e+20 1.49815e+20 1.61526e+20 1.61526e+20 1.49815e+20 1.27584e+20 9.74686e+19 6.37965e+19 3.23798e+19 9.48707e+18 1.11494e+17 2.25681e+15 5.33787e+13 1.26193e+12 2.97941e+10 6.72034e+08
5.13313e+08 2.27823e+10 9.66237e+11 4.09337e+13 1.73354e+15 8.56868e+16 7.21968e+18 2.46569e+19 4.86581e+19 7.44808e+19 9.76679e+19 1.14844e+20 1.23913e+20 1.23913e+20 1.14844e+20 9.76679e+19 7.44808e+19 4.86581e+19 2.46569e+19 7.21968e+18 8.56868e+16 1.73354e+15 4.09337e+13 9.66237e+11 2.27823e+10 5.13313e+08
3.35954e+08 1.49047e+10 6.32219e+11 2.68019e+13 1.13642e+15 5.62117e+16 4.70245e+18 1.60745e+19 3.17778e+19 4.8741e+19 6.40363e+19 7.54072e+19 8.14259e+19 8.14259e+19 7.54072e+19 6.40363e+19 4.8741e+19 3.17778e+19 1.60745e+19 4.70245e+18 5.62117e+16 1.13642e+15 2.68019e+13 6.32219e+11 1.49047e+10 3.35954e+08
1.73323e+08 7.6294e+09 3.21389e+11 1.35542e+13 5.7293e+14 2.8323e+16 2.37241e+18 8.12003e+18 1.60794e+19 2.47067e+19 3.25123e+19 3.83321e+19 4.14186e+19 4.14186e+19 3.83321e+19 3.25123e+19 2.47067e+19 1.60794e+19 8.12003e+18 2.37241e+18 2.8323e+16 5.7293e+14 1.35542e+13 3.21389e+11 7.6294e+09 1.73323e+08
5.99939e+07 2.5319e+09 1.01911e+11 4.10806e+12 1.66644e+14 8.02685e+15 6.88695e+17 2.36252e+18 4.68439e+18 7.20457e+18 9.48719e+18 1.11904e+19 1.20942e+19 1.20942e+19 1.11904e+19 9.48719e+18 7.20457e+18 4.68439e+18 2.36252e+18 6.88695e+17 8.02685e+15 1.66644e+14 4.10806e+12 1.01911e+11 2.5319e+09 5.99939e+07
1.05712e+07 3.68438e+08 1.12632e+10 3.01292e+11 6.18527e+12 9.39447e+13 7.25213e+15 2.55688e+16 5.07952e+16 7.75429e+16 1.01047e+17 1.1807e+17 1.26907e+17 1.26907e+17 1.1807e+17 1.01047e+17 7.75429e+16 5.07952e+16 2.55688e+16 7.25213e+15 9.39447e+13 6.18527e+12 3.01292e+11 1.12632e+10 3.68438e+08 1.05712e+07
1.17007e+06 3.33249e+07 7.90295e+08 1.58413e+10 2.66383e+11 5.33239e+12 1.45028e+14 4.99636e+14 9.92222e+14 1.51503e+15 1.97387e+15 2.30556e+15 2.47746e+15 2.47746e+15 2.30556e+15 1.97387e+15 1.51503e+15 9.92222e+14 4.99636e+14 1.45028e+14 5.33239e+12 2.66383e+11 1.58413e+10 7.90295e+08 3.33249e+07 1.17007e+06
97237.3 2.35444e+06 4.72107e+07 8.44544e+08 1.45125e+10 2.60581e+11 3.57423e+12 1.1816e+13 2.3392e+13 3.57592e+13 4.66661e+13 5.45824e+13 5.86963e+13 5.86963e+13 5.45824e+13 4.66661e+13 3.57592e+13 2.3392e+13 1.1816e+13 3.57423e+12 2.60581e+11 1.45125e+10 8.44544e+08 4.72107e+07 2.35444e+06 97237.3
6790.97 146359 2.64853e+06 4.43388e+07 7.01907e+08 9.75778e+09 8.86465e+10 2.80069e+11 5.51568e+11 8.43741e+11 1.10275e+12 1.29149e+12 1.38985e+12 1.38985e+12 1.29149e+12 1.10275e+12 8.43741e+11 5.51568e+11 2.80069e+11 8.86465e+10 9.75778e+09 7.01907e+08 4.43388e+07 2.64853e+06 146359 6790.97
422.57 8357.17 139362 2.13629e+06 2.92479e+07 3.19471e+08 2.20183e+09 6.64608e+09 1.29982e+10 1.98856e+10 2.60243e+10 3.05158e+10 3.28625e+10 3.28625e+10 3.05158e+10 2.60243e+10 1.98856e+10 1.29982e+10 6.64608e+09 2.20183e+09 3.19471e+08 2.92479e+07 2.13629e+06 139362 8357.17 422.57
22.0328 406.784 6268.33 86680.6 1.02164e+06 9.17004e+06 5.21606e+07 1.5093e+08 2.92867e+08 4.47864e+08 5.8675e+08 6.88765e+08 7.422e+08 7.422e+08 6.88765e+08 5.8675e+08 4.47864e+08 2.92867e+08 1.5093e+08 5.21606e+07 9.17004e+06 1.02164e+06 86680.6 6268.33 406.784 22.0328
