2.11946e-07 3.96505e-06 6.25789e-05 0.000893059 0.0108686 0.100189 0.581956 1.72315 3.44295 5.44187 7.3598 8.85901 9.67932 9.67932 8.85901 7.3598 5.44187 3.44295 1.72315 0.581956 0.100189 0.0108686 0.000893059 6.25789e-05 3.96505e-06 2.11946e-07
4.03427e-06 8.02304e-05 0.00136197 0.0215588 0.306898 3.46734 24.4713 75.6432 152.522 241.551 326.842 393.48 429.937 429.937 393.48 326.842 241.551 152.522 75.6432 24.4713 3.46734 0.306898 0.0215588 0.00136197 8.02304e-05 4.03427e-06
6.48907e-05 0.0013925 0.0253189 0.434403 7.19877 104.86 980.722 3175.75 6456.65 10241.9 13863.6 16692.2 18239.6 18239.6 16692.2 13863.6 10241.9 6456.65 3175.75 980.722 104.86 7.19877 0.434403 0.0253189 0.0013925 6.48907e-05
0.000940767 0.0225232 0.446775 8.00772 143.102 2754.68 39347.1 133438 273098 433694 587211 707090 772669 772669 707090 587211 433694 273098 133438 39347.1 2754.68 143.102 8.00772 0.446775 0.0225232 0.000940767
0.011566 0.325559 7.5885 148.672 2473.76 54321 1.58846e+06 5.61873e+06 1.15525e+07 1.83589e+07 2.48621e+07 2.99402e+07 3.27181e+07 3.27181e+07 2.99402e+07 2.48621e+07 1.83589e+07 1.15525e+07 5.61873e+06 1.58846e+06 54321 2473.76 148.672 7.5885 0.325559 0.011566
0.107169 3.70625 111.953 2934.76 57594.4 827381 7.81321e+07 2.82902e+08 5.81643e+08 9.23568e+08 1.25007e+09 1.50495e+09 1.64437e+09 1.64437e+09 1.50495e+09 1.25007e+09 9.23568e+08 5.81643e+08 2.82902e+08 7.81321e+07 827381 57594.4 2934.76 111.953 3.70625 0.107169
0.623788 26.2303 1051.22 42176.9 1.70282e+06 8.27892e+07 7.44456e+09 2.59364e+10 5.25216e+10 8.27549e+10 1.11527e+11 1.33949e+11 1.46203e+11 1.46203e+11 1.33949e+11 1.11527e+11 8.27549e+10 5.25216e+10 2.59364e+10 7.44456e+09 8.27892e+07 1.70282e+06 42176.9 1051.22 26.2303 0.623788
1.8475 81.1059 3405.29 143092 6.02568e+06 3.00156e+08 2.60282e+10 9.04562e+10 1.83e+11 2.88198e+11 3.88289e+11 4.66282e+11 5.08906e+11 5.08906e+11 4.66282e+11 3.88289e+11 2.88198e+11 1.83e+11 9.04562e+10 2.60282e+10 3.00156e+08 6.02568e+06 143092 3405.29 81.1059 1.8475
3.69015 163.479 6920.84 292746 1.23844e+07 6.17055e+08 5.27604e+10 1.83186e+11 3.70468e+11 5.83326e+11 7.85836e+11 9.4363e+11 1.02987e+12 1.02987e+12 9.4363e+11 7.85836e+11 5.83326e+11 3.70468e+11 1.83186e+11 5.27604e+10 6.17055e+08 1.23844e+07 292746 6920.84 163.479 3.69015
5.82927 258.754 10971.6 464608 1.96682e+07 9.79321e+08 8.31521e+10 2.8857e+11 5.83488e+11 9.18656e+11 1.23752e+12 1.48597e+12 1.62175e+12 1.62175e+12 1.48597e+12 1.23752e+12 9.18656e+11 5.83488e+11 2.8857e+11 8.31521e+10 9.79321e+08 1.96682e+07 464608 10971.6 258.754 5.82927
7.87899 349.902 14841.8 628652 2.66171e+07 1.32475e+09 1.12057e+11 3.88781e+11 7.86038e+11 1.23749e+12 1.66698e+12 2.00162e+12 2.1845e+12 2.1845e+12 2.00162e+12 1.66698e+12 1.23749e+12 7.86038e+11 3.88781e+11 1.12057e+11 1.32475e+09 2.66171e+07 628652 14841.8 349.902 7.87899
9.47929 421.027 17860.7 756584 3.20358e+07 1.59407e+09 1.34567e+11 4.66817e+11 9.43765e+11 1.48577e+12 2.0014e+12 2.40315e+12 2.62272e+12 2.62271e+12 2.40315e+12 2.0014e+12 1.48577e+12 9.43765e+11 4.66817e+11 1.34567e+11 1.59407e+09 3.20358e+07 756584 17860.7 421.027 9.47929
10.3542 459.906 19510.7 826504 3.49973e+07 1.74125e+09 1.46864e+11 5.09446e+11 1.02992e+12 1.6214e+12 2.18408e+12 2.62249e+12 2.86209e+12 2.86209e+12 2.62249e+12 2.18408e+12 1.6214e+12 1.02993e+12 5.09446e+11 1.46864e+11 1.74125e+09 3.49973e+07 826504 19510.7 459.906 10.3542
10.3542 459.906 19510.7 826504 3.49973e+07 1.74125e+09 1.46864e+11 5.09446e+11 1.02993e+12 1.6214e+12 2.18408e+12 2.62249e+12 2.86209e+12 2.86209e+12 2.62249e+12 2.18408e+12 1.6214e+12 1.02992e+12 5.09446e+11 1.46864e+11 1.74125e+09 3.49973e+07 826504 19510.7 459.906 10.3542
9.47929 421.027 17860.7 756584 3.20358e+07 1.59407e+09 1.34567e+11 4.66817e+11 9.43765e+11 1.48577e+12 2.0014e+12 2.40315e+12 2.62271e+12 2.62272e+12 2.40315e+12 2.0014e+12 1.48577e+12 9.43765e+11 4.66817e+11 1.34567e+11 1.59407e+09 3.20358e+07 756584 17860.7 421.027 9.47929
7.87899 349.902 14841.8 628652 2.66171e+07 1.32475e+09 1.12057e+11 3.88781e+11 7.86038e+11 1.23749e+12 1.66698e+12 2.00162e+12 2.1845e+12 2.1845e+12 2.00162e+12 1.66698e+12 1.23749e+12 7.86038e+11 3.88781e+11 1.12057e+11 1.32475e+09 2.66171e+07 628652 14841.8 349.902 7.87899
5.82927 258.754 10971.6 464608 1.96682e+07 9.79321e+08 8.31521e+10 2.8857e+11 5.83488e+11 9.18656e+11 1.23752e+12 1.48597e+12 1.62175e+12 1.62175e+12 1.48597e+12 1.23752e+12 9.18656e+11 5.83488e+11 2.8857e+11 8.31521e+10 9.79321e+08 1.96682e+07 464608 10971.6 258.754 5.82927
3.69015 163.479 6920.84 292746 1.23844e+07 6.17055e+08 5.27604e+10 1.83186e+11 3.70468e+11 5.83326e+11 7.85836e+11 9.4363e+11 1.02987e+12 1.02987e+12 9.4363e+11 7.85836e+11 5.83326e+11 3.70468e+11 1.83186e+11 5.27604e+10 6.17055e+08 1.23844e+07 292746 6920.84 163.479 3.69015
1.8475 81.1059 3405.29 143092 6.02568e+06 3.00156e+08 2.60282e+10 9.04562e+10 1.83e+11 2.88198e+11 3.88289e+11 4.66282e+11 5.08906e+11 5.08906e+11 4.66282e+11 3.88289e+11 2.88198e+11 1.83e+11 9.04562e+10 2.60282e+10 3.00156e+08 6.02568e+06 143092 3405.29 81.1059 1.8475
0.623788 26.2303 1051.22 42176.9 1.70282e+06 8.27892e+07 7.44456e+09 2.59364e+10 5.25216e+10 8.27549e+10 1.11527e+11 1.33949e+11 1.46203e+11 1.46203e+11 1.33949e+11 1.11527e+11 8.27549e+10 5.25216e+10 2.59364e+10 7.44456e+09 8.27892e+07 1.70282e+06 42176.9 1051.22 26.2303 0.623788
0.107169 3.70625 111.953 2934.76 57594.4 827381 7.81321e+07 2.82902e+08 5.81643e+08 9.23568e+08 1.25007e+09 1.50495e+09 1.64437e+09 1.64437e+09 1.50495e+09 1.25007e+09 9.23568e+08 5.81643e+08 2.82902e+08 7.81321e+07 827381 57594.4 2934.76 111.953 3.70625 0.107169
0.011566 0.325559 7.5885 148.672 2473.76 54321 1.58846e+06 5.61873e+06 1.15525e+07 1.83589e+07 2.48621e+07 2.99402e+07 3.27181e+07 3.27181e+07 2.99402e+07 2.48621e+07 1.83589e+07 1.15525e+07 5.61873e+06 1.58846e+06 54321 2473.76 148.672 7.5885 0.325559 0.011566
0.000940767 0.0225232 0.446775 8.00772 143.102 2754.68 39347.1 133438 273098 433694 587211 707090 772669 772669 707090 587211 433694 273098 133438 39347.1 2754.68 143.102 8.00772 0.446775 0.0225232 0.000940767
6.48907e-05 0.0013925 0.0253189 0.434403 7.19877 104.86 980.722 3175.75 6456.65 10241.9 13863.6 16692.2 18239.6 18239.6 16692.2 13863.6 10241.9 6456.65 3175.75 980.722 104.86 7.19877 0.434403 0.0253189 0.0013925 6.48907e-05
4.03427e-06 8.02304e-05 0.00136197 0.0215588 0.306898 3.46734 24.4713 75.6432 152.522 241.551 326.842 393.48 429.937 429.937 393.48 326.842 241.551 152.522 75.6432 24.4713 3.46734 0.306898 0.0215588 0.00136197 8.02304e-05 4.03427e-06
2.11946e-07 3.96505e-06 6.25789e-05 0.000893059 0.0108686 0.100189 0.581956 1.72315 3.44295 5.44187 7.3598 8.85901 9.67932 9.67932 8.85901 7.3598 5.44187 3.44295 1.72315 0.581956 0.100189 0.0108686 0.000893059 6.25789e-05 3.96505e-06 2.11945e-07
