0.0141709 0.263655 4.11273 57.768 692.385 6316.23 36540.1 108349 217044 343826 465702 561020 613169 613169 561020 465702 343826 217044 108349 36540.1 6316.23 692.385 57.768 4.11273 0.263655 0.0141709
0.272203 5.4087 91.0547 1416.98 19761.8 219777 1.5408e+06 4.76886e+06 9.6409e+06 1.53029e+07 2.07365e+07 2.49831e+07 2.73058e+07 2.73058e+07 2.49831e+07 2.07365e+07 1.53029e+07 9.6409e+06 4.76886e+06 1.5408e+06 219777 19761.8 1416.98 91.0547 5.4087 0.272203
4.3973 94.8652 1724.31 29200.8 471464 6.697e+06 6.19332e+07 2.00789e+08 4.09346e+08 6.50819e+08 8.82209e+08 1.06295e+09 1.16177e+09 1.16177e+09 1.06295e+09 8.82209e+08 6.50819e+08 4.09346e+08 2.00789e+08 6.19332e+07 6.697e+06 471464 29200.8 1724.31 94.8652 4.3973
63.5653 1536.56 30771.6 552130 9.63978e+06 1.77988e+08 2.4914e+09 8.45923e+09 1.73632e+10 2.76383e+10 3.74736e+10 4.51527e+10 4.93506e+10 4.93506e+10 4.51527e+10 3.74736e+10 2.76383e+10 1.73632e+10 8.45923e+09 2.4914e+09 1.77988e+08 9.63978e+06 552130 30771.6 1536.56 63.5653
774.951 22022 520211 1.03673e+07 1.74003e+08 3.59872e+09 1.00778e+11 3.56963e+11 7.36232e+11 1.17281e+12 1.59042e+12 1.91637e+12 2.09453e+12 2.09453e+12 1.91637e+12 1.59042e+12 1.17281e+12 7.36232e+11 3.56963e+11 1.00778e+11 3.59872e+09 1.74003e+08 1.03673e+07 520211 22022 774.951
7110.25 247435 7.54212e+06 2.00584e+08 4.06069e+09 6.05671e+10 4.99966e+12 1.81206e+13 3.73698e+13 5.94776e+13 8.06095e+13 9.70981e+13 1.06109e+14 1.06109e+14 9.70981e+13 8.06095e+13 5.94776e+13 3.73698e+13 1.81206e+13 4.99966e+12 6.05671e+10 4.06069e+09 2.00584e+08 7.54212e+06 247435 7110.25
41092.3 1.73251e+06 6.96299e+07 2.80064e+09 1.13271e+11 5.45933e+12 4.76212e+14 1.6621e+15 3.37545e+15 5.33115e+15 7.19607e+15 8.65046e+15 9.44542e+15 9.44542e+15 8.65046e+15 7.19607e+15 5.33115e+15 3.37545e+15 1.6621e+15 4.76212e+14 5.45933e+12 1.13271e+11 2.80064e+09 6.96299e+07 1.73251e+06 41092.3
121723 5.35641e+06 2.2548e+08 9.4975e+09 4.00694e+11 1.98139e+13 1.67052e+15 5.8151e+15 1.17959e+16 1.86184e+16 2.51221e+16 3.01932e+16 3.2965e+16 3.2965e+16 3.01932e+16 2.51221e+16 1.86184e+16 1.17959e+16 5.8151e+15 1.67052e+15 1.98139e+13 4.00694e+11 9.4975e+09 2.2548e+08 5.35641e+06 121723
243622 1.08191e+07 4.59263e+08 1.94761e+10 8.25641e+11 4.08577e+13 3.39794e+15 1.18149e+16 2.39534e+16 3.77944e+16 5.0985e+16 6.12686e+16 6.68888e+16 6.68888e+16 6.12686e+16 5.0985e+16 3.77944e+16 2.39534e+16 1.18149e+16 3.39794e+15 4.08577e+13 8.25641e+11 1.94761e+10 4.59263e+08 1.08191e+07 243622
385618 1.71588e+07 7.29563e+08 3.09746e+10 1.31407e+12 6.49972e+13 5.36952e+15 1.86587e+16 3.78156e+16 5.96522e+16 8.04579e+16 9.66761e+16 1.05539e+17 1.05539e+17 9.66761e+16 8.04579e+16 5.96522e+16 3.78156e+16 1.86587e+16 5.36952e+15 6.49972e+13 1.31407e+12 3.09746e+10 7.29563e+08 1.71588e+07 385618
521938 2.32344e+07 9.88208e+08 4.19648e+10 1.78055e+12 8.80387e+13 7.24842e+15 2.5179e+16 5.1019e+16 8.04667e+16 1.08519e+17 1.30383e+17 1.42331e+17 1.42331e+17 1.30383e+17 1.08519e+17 8.04667e+16 5.1019e+16 2.5179e+16 7.24842e+15 8.80387e+13 1.78055e+12 4.19648e+10 9.88208e+08 2.32344e+07 521938
628430 2.79771e+07 1.18998e+09 5.05344e+10 2.14417e+12 1.05994e+14 8.7126e+15 3.02594e+16 6.13055e+16 9.66805e+16 1.30375e+17 1.56635e+17 1.70983e+17 1.70983e+17 1.56635e+17 1.30375e+17 9.66805e+16 6.13055e+16 3.02594e+16 8.7126e+15 1.05994e+14 2.14417e+12 5.05344e+10 1.18998e+09 2.79771e+07 628430
686646 3.0569e+07 1.30022e+09 5.5215e+10 2.34273e+12 1.15797e+14 9.51244e+15 3.30347e+16 6.69241e+16 1.05536e+17 1.42311e+17 1.70971e+17 1.8663e+17 1.8663e+17 1.70971e+17 1.42311e+17 1.05536e+17 6.69241e+16 3.30347e+16 9.51244e+15 1.15797e+14 2.34273e+12 5.5215e+10 1.30022e+09 3.0569e+07 686646
686646 3.0569e+07 1.30022e+09 5.5215e+10 2.34273e+12 1.15797e+14 9.51244e+15 3.30347e+16 6.69241e+16 1.05536e+17 1.42311e+17 1.70971e+17 1.8663e+17 1.8663e+17 1.70971e+17 1.42311e+17 1.05536e+17 6.69241e+16 3.30347e+16 9.51244e+15 1.15797e+14 2.34273e+12 5.5215e+10 1.30022e+09 3.0569e+07 686646
628430 2.79771e+07 1.18998e+09 5.05344e+10 2.14417e+12 1.05994e+14 8.7126e+15 3.02594e+16 6.13055e+16 9.66805e+16 1.30375e+17 1.56635e+17 1.70983e+17 1.70983e+17 1.56635e+17 1.30375e+17 9.66805e+16 6.13055e+16 3.02594e+16 8.7126e+15 1.05994e+14 2.14417e+12 5.05344e+10 1.18998e+09 2.79771e+07 628430
521938 2.32344e+07 9.88208e+08 4.19648e+10 1.78055e+12 8.80387e+13 7.24842e+15 2.5179e+16 5.1019e+16 8.04667e+16 1.08519e+17 1.30383e+17 1.42331e+17 1.42331e+17 1.30383e+17 1.08519e+17 8.04667e+16 5.1019e+16 2.5179e+16 7.24842e+15 8.80387e+13 1.78055e+12 4.19648e+10 9.88208e+08 2.32344e+07 521938
385618 1.71588e+07 7.29563e+08 3.09746e+10 1.31407e+12 6.49972e+13 5.36952e+15 1.86587e+16 3.78156e+16 5.96522e+16 8.04579e+16 9.66761e+16 1.05539e+17 1.05539e+17 9.66761e+16 8.04579e+16 5.96522e+16 3.78156e+16 1.86587e+16 5.36952e+15 6.49972e+13 1.31407e+12 3.09746e+10 7.29563e+08 1.71588e+07 385618
243622 1.08191e+07 4.59263e+08 1.94761e+10 8.25641e+11 4.08577e+13 3.39794e+15 1.18149e+16 2.39534e+16 3.77944e+16 5.0985e+16 6.12686e+16 6.68888e+16 6.68888e+16 6.12686e+16 5.0985e+16 3.77944e+16 2.39534e+16 1.18149e+16 3.39794e+15 4.08577e+13 8.25641e+11 1.94761e+10 4.59263e+08 1.08191e+07 243622
121723 5.35641e+06 2.2548e+08 9.4975e+09 4.00694e+11 1.98139e+13 1.67052e+15 5.8151e+15 1.17959e+16 1.86184e+16 2.51221e+16 3.01932e+16 3.2965e+16 3.2965e+16 3.01932e+16 2.51221e+16 1.86184e+16 1.17959e+16 5.8151e+15 1.67052e+15 1.98139e+13 4.00694e+11 9.4975e+09 2.2548e+08 5.35641e+06 121723
41092.3 1.73251e+06 6.96299e+07 2.80064e+09 1.13271e+11 5.45933e+12 4.76212e+14 1.6621e+15 3.37545e+15 5.33115e+15 7.19607e+15 8.65046e+15 9.44542e+15 9.44542e+15 8.65046e+15 7.19607e+15 5.33115e+15 3.37545e+15 1.6621e+15 4.76212e+14 5.45933e+12 1.13271e+11 2.80064e+09 6.96299e+07 1.73251e+06 41092.3
7110.25 247435 7.54212e+06 2.00584e+08 4.06069e+09 6.05671e+10 4.99966e+12 1.81206e+13 3.73698e+13 5.94776e+13 8.06095e+13 9.70981e+13 1.06109e+14 1.06109e+14 9.70981e+13 8.06095e+13 5.94776e+13 3.73698e+13 1.81206e+13 4.99966e+12 6.05671e+10 4.06069e+09 2.00584e+08 7.54212e+06 247435 7110.25
774.951 22022 520211 1.03673e+07 1.74003e+08 3.59872e+09 1.00778e+11 3.56963e+11 7.36232e+11 1.17281e+12 1.59042e+12 1.91637e+12 2.09453e+12 2.09453e+12 1.91637e+12 1.59042e+12 1.17281e+12 7.36232e+11 3.56963e+11 1.00778e+11 3.59872e+09 1.74003e+08 1.03673e+07 520211 22022 774.951
63.5653 1536.56 30771.6 552130 9.63978e+06 1.77988e+08 2.4914e+09 8.45923e+09 1.73632e+10 2.76383e+10 3.74736e+10 4.51527e+10 4.93506e+10 4.93506e+10 4.51527e+10 3.74736e+10 2.76383e+10 1.73632e+10 8.45923e+09 2.4914e+09 1.77988e+08 9.63978e+06 552130 30771.6 1536.56 63.5653
4.3973 94.8652 1724.31 29200.8 471464 6.697e+06 6.19332e+07 2.00789e+08 4.09346e+08 6.50819e+08 8.82209e+08 1.06295e+09 1.16177e+09 1.16177e+09 1.06295e+09 8.82209e+08 6.50819e+08 4.09346e+08 2.00789e+08 6.19332e+07 6.697e+06 471464 29200.8 1724.31 94.8652 4.3973
0.272203 5.4087 91.0547 1416.98 19761.8 219777 1.5408e+06 4.76886e+06 9.6409e+06 1.53029e+07 2.07365e+07 2.49831e+07 2.73058e+07 2.73058e+07 2.49831e+07 2.07365e+07 1.53029e+07 9.6409e+06 4.76886e+06 1.5408e+06 219777 19761.8 1416.98 91.0547 5.4087 0.272203
0.0141709 0.263655 4.11273 57.768 692.385 6316.23 36540.1 108349 217044 343826 465702 561020 613169 613169 561020 465702 343826 217044 108349 36540.1 6316.23 692.385 57.768 4.11273 0.263655 0.0141709
