5.48908e-07 1.03282e-05 0.000164461 0.00237201 0.0291623 0.271053 1.58471 4.72463 9.51698 15.172 20.681 25.043 27.4502 27.4502 25.043 20.681 15.172 9.51698 4.72463 1.58471 0.271053 0.0291623 0.00237201 0.000164461 1.03282e-05 5.48908e-07
1.04361e-05 0.000208285 0.00356186 0.0570122 0.821651 9.37807 66.6645 207.531 421.991 674.311 919.897 1114.35 1221.69 1221.69 1114.35 919.897 674.311 421.991 207.531 66.6645 9.37807 0.821651 0.0570122 0.00356186 0.000208285 1.04361e-05
0.000168103 0.00360931 0.0658572 1.14054 19.1811 283.28 2671.99 8715.94 17876.4 28621.9 39074.3 47352.1 51922.4 51922.4 47352.1 39074.3 28621.9 17876.4 8715.94 2671.99 283.28 19.1811 1.14054 0.0658572 0.00360931 0.000168103
0.00244901 0.0585355 1.15958 20.8392 377.527 7418.93 107179 366246 756433 1.21297e+06 1.65695e+06 2.00869e+06 2.20296e+06 2.20296e+06 2.00869e+06 1.65695e+06 1.21297e+06 756433 366246 107179 7418.93 377.527 20.8392 1.15958 0.0585355 0.00244901
0.0303331 0.852244 19.7969 385.854 6412.85 144992 4.32454e+06 1.54178e+07 3.20027e+07 5.1374e+07 7.02167e+07 8.51521e+07 9.34037e+07 9.34037e+07 8.51521e+07 7.02167e+07 5.1374e+07 3.20027e+07 1.54178e+07 4.32454e+06 144992 6412.85 385.854 19.7969 0.852244 0.0303331
0.283405 9.7941 295.27 7705.21 149359 2.11255e+06 2.11861e+08 7.73351e+08 1.60519e+09 2.57455e+09 3.51673e+09 4.26323e+09 4.67557e+09 4.67557e+09 4.26323e+09 3.51673e+09 2.57455e+09 1.60519e+09 7.73351e+08 2.11861e+08 2.11255e+06 149359 7705.21 295.27 9.7941 0.283405
1.66291 69.9541 2803.88 112474 4.53857e+06 2.21352e+08 2.01805e+10 7.06517e+10 1.43925e+11 2.28211e+11 3.09333e+11 3.73149e+11 4.08246e+11 4.08246e+11 3.73149e+11 3.09333e+11 2.28211e+11 1.43925e+11 7.06517e+10 2.01805e+10 2.21352e+08 4.53857e+06 112474 2803.88 69.9541 1.66291
4.96295 218.024 9157.8 384864 1.62038e+07 8.09263e+08 7.08738e+10 2.47414e+11 5.03362e+11 7.97504e+11 1.0804e+12 1.30284e+12 1.42514e+12 1.42514e+12 1.30284e+12 1.0804e+12 7.97504e+11 5.03362e+11 2.47414e+11 7.08738e+10 8.09263e+08 1.62038e+07 384864 9157.8 218.024 4.96295
9.99884 443.413 18786.4 795046 3.36408e+07 1.6802e+09 1.44544e+11 5.03947e+11 1.02471e+12 1.62294e+12 2.19815e+12 2.65032e+12 2.8989e+12 2.8989e+12 2.65032e+12 2.19814e+12 1.62294e+12 1.02471e+12 5.03947e+11 1.44544e+11 1.6802e+09 3.36408e+07 795046 18786.4 443.413 9.99884
15.9378 708.436 30074.4 1.27469e+06 5.39956e+07 2.69463e+09 2.29318e+11 7.98885e+11 1.62387e+12 2.57137e+12 3.48221e+12 4.19816e+12 4.5917e+12 4.5917e+12 4.19816e+12 3.48221e+12 2.57137e+12 1.62387e+12 7.98885e+11 2.29318e+11 2.69463e+09 5.39956e+07 1.27469e+06 30074.4 708.436 15.9378
21.7193 966.196 41046.2 1.7408e+06 7.37798e+07 3.67992e+09 3.10917e+11 1.08258e+12 2.20005e+12 3.48324e+12 4.71665e+12 5.68604e+12 6.21887e+12 6.21887e+12 5.68604e+12 4.71664e+12 3.48324e+12 2.20005e+12 1.08258e+12 3.10917e+11 3.67992e+09 7.37798e+07 1.7408e+06 41046.2 966.196 21.7193
26.2937 1170.15 49729.1 2.1098e+06 8.94496e+07 4.46004e+09 3.75106e+11 1.30565e+12 2.65298e+12 4.19998e+12 5.68684e+12 6.85537e+12 7.49764e+12 7.49764e+12 6.85537e+12 5.68684e+12 4.19998e+12 2.65298e+12 1.30565e+12 3.75106e+11 4.46004e+09 8.94496e+07 2.1098e+06 49729.1 1170.15 26.2937
28.817 1282.66 54520.6 2.31348e+06 9.81024e+07 4.89074e+09 4.10405e+11 1.42828e+12 2.90196e+12 4.59394e+12 6.22009e+12 7.49805e+12 8.20045e+12 8.20045e+12 7.49805e+12 6.22009e+12 4.59394e+12 2.90196e+12 1.42828e+12 4.10405e+11 4.89074e+09 9.81024e+07 2.31348e+06 54520.6 1282.66 28.817
28.817 1282.66 54520.6 2.31348e+06 9.81024e+07 4.89074e+09 4.10405e+11 1.42828e+12 2.90196e+12 4.59394e+12 6.22009e+12 7.49805e+12 8.20045e+12 8.20045e+12 7.49805e+12 6.22009e+12 4.59394e+12 2.90196e+12 1.42828e+12 4.10405e+11 4.89074e+09 9.81024e+07 2.31348e+06 54520.6 1282.66 28.817
26.2937 1170.15 49729.1 2.1098e+06 8.94496e+07 4.46004e+09 3.75106e+11 1.30565e+12 2.65298e+12 4.19998e+12 5.68684e+12 6.85537e+12 7.49764e+12 7.49764e+12 6.85537e+12 5.68684e+12 4.19998e+12 2.65298e+12 1.30565e+12 3.75106e+11 4.46004e+09 8.94496e+07 2.1098e+06 49729.1 1170.15 26.2937
21.7193 966.196 41046.2 1.7408e+06 7.37798e+07 3.67992e+09 3.10917e+11 1.08258e+12 2.20005e+12 3.48324e+12 4.71664e+12 5.68604e+12 6.21887e+12 6.21887e+12 5.68604e+12 4.71665e+12 3.48324e+12 2.20005e+12 1.08258e+12 3.10917e+11 3.67992e+09 7.37798e+07 1.7408e+06 41046.2 966.196 21.7193
15.9378 708.436 30074.4 1.27469e+06 5.39956e+07 2.69463e+09 2.29318e+11 7.98885e+11 1.62387e+12 2.57137e+12 3.48221e+12 4.19816e+12 4.5917e+12 4.5917e+12 4.19816e+12 3.48221e+12 2.57137e+12 1.62387e+12 7.98885e+11 2.29318e+11 2.69463e+09 5.39956e+07 1.27469e+06 30074.4 708.436 15.9378
9.99884 443.413 18786.4 795046 3.36408e+07 1.6802e+09 1.44544e+11 5.03947e+11 1.02471e+12 1.62294e+12 2.19814e+12 2.65032e+12 2.8989e+12 2.8989e+12 2.65032e+12 2.19815e+12 1.62294e+12 1.02471e+12 5.03947e+11 1.44544e+11 1.6802e+09 3.36408e+07 795046 18786.4 443.413 9.99884
4.96295 218.024 9157.8 384864 1.62038e+07 8.09263e+08 7.08738e+10 2.47414e+11 5.03362e+11 7.97504e+11 1.0804e+12 1.30284e+12 1.42514e+12 1.42514e+12 1.30284e+12 1.0804e+12 7.97504e+11 5.03362e+11 2.47414e+11 7.08738e+10 8.09263e+08 1.62038e+07 384864 9157.8 218.024 4.96295
1.66291 69.9541 2803.88 112474 4.53857e+06 2.21352e+08 2.01805e+10 7.06517e+10 1.43925e+11 2.28211e+11 3.09333e+11 3.73149e+11 4.08246e+11 4.08246e+11 3.73149e+11 3.09333e+11 2.28211e+11 1.43925e+11 7.06517e+10 2.01805e+10 2.21352e+08 4.53857e+06 112474 2803.88 69.9541 1.66291
0.283405 9.7941 295.27 7705.21 149359 2.11255e+06 2.11861e+08 7.73351e+08 1.60519e+09 2.57455e+09 3.51673e+09 4.26323e+09 4.67557e+09 4.67557e+09 4.26323e+09 3.51673e+09 2.57455e+09 1.60519e+09 7.73351e+08 2.11861e+08 2.11255e+06 149359 7705.21 295.27 9.7941 0.283405
0.0303331 0.852244 19.7969 385.854 6412.85 144992 4.32454e+06 1.54178e+07 3.20027e+07 5.1374e+07 7.02167e+07 8.51521e+07 9.34037e+07 9.34037e+07 8.51521e+07 7.02167e+07 5.1374e+07 3.20027e+07 1.54178e+07 4.32454e+06 144992 6412.85 385.854 19.7969 0.852244 0.0303331
0.00244901 0.0585355 1.15958 20.8392 377.527 7418.93 107179 366246 756433 1.21297e+06 1.65695e+06 2.00869e+06 2.20296e+06 2.20296e+06 2.00869e+06 1.65695e+06 1.21297e+06 756433 366246 107179 7418.93 377.527 20.8392 1.15958 0.0585355 0.00244901
0.000168103 0.00360931 0.0658572 1.14054 19.1811 283.28 2671.99 8715.94 17876.4 28621.9 39074.3 47352.1 51922.4 51922.4 47352.1 39074.3 28621.9 17876.4 8715.94 2671.99 283.28 19.1811 1.14054 0.0658572 0.00360931 0.000168103
1.04361e-05 0.000208285 0.00356186 0.0570122 0.821651 9.37807 66.6645 207.531 421.991 674.311 919.897 1114.35 1221.69 1221.69 1114.35 919.897 674.311 421.991 207.531 66.6645 9.37807 0.821651 0.0570122 0.00356186 0.000208285 1.04361e-05
5.48908e-07 1.03282e-05 0.000164461 0.00237201 0.0291623 0.271053 1.58471 4.72463 9.51698 15.172 20.681 25.043 27.4502 27.4502 25.043 20.681 15.172 9.51698 4.72463 1.58471 0.271053 0.0291623 0.00237201 0.000164461 1.03282e-05 5.48909e-07
