0.000883336 0.0166557 0.265763 3.84018 47.2927 440.262 2577.56 7692.07 15501.9 24711.6 33668.8 40746.4 44645.8 44645.8 40746.4 33668.8 24711.6 15501.9 7692.07 2577.56 440.261 47.2927 3.84018 0.265763 0.0166557 0.000883334
0.016831 0.336711 5.77111 92.5542 1336.16 15274.5 108734 338865 689471 1.10175e+06 1.50235e+06 1.81888e+06 1.99329e+06 1.99329e+06 1.81888e+06 1.50235e+06 1.10175e+06 689471 338865 108734 15274.5 1336.16 92.5542 5.77111 0.336711 0.016831
0.27169 5.84855 106.979 1856.53 31273.9 462544 4.36877e+06 1.42682e+07 2.9286e+07 4.68943e+07 6.39928e+07 7.75039e+07 8.49499e+07 8.49499e+07 7.75039e+07 6.39928e+07 4.68943e+07 2.9286e+07 1.42682e+07 4.36877e+06 462544 31273.9 1856.53 106.979 5.84855 0.27169
3.96558 95.0438 1887.74 34001.1 616996 1.21393e+07 1.75577e+08 6.00781e+08 1.24192e+09 1.99177e+09 2.7197e+09 3.29503e+09 3.61217e+09 3.61217e+09 3.29503e+09 2.7197e+09 1.99177e+09 1.24192e+09 6.00781e+08 1.75577e+08 1.21393e+07 616996 34001.1 1887.74 95.0438 3.96558
49.1996 1386.17 32284.6 630718 1.05027e+07 2.37675e+08 7.09401e+09 2.53298e+10 5.26295e+10 8.45034e+10 1.15448e+11 1.39915e+11 1.53404e+11 1.53404e+11 1.39915e+11 1.15448e+11 8.45034e+10 5.26295e+10 2.53298e+10 7.09401e+09 2.37675e+08 1.05027e+07 630718 32284.6 1386.17 49.1996
460.361 15953.9 482201 1.26107e+07 2.44924e+08 3.47042e+09 3.47846e+11 1.27191e+12 2.64314e+12 4.24077e+12 5.79082e+12 7.01597e+12 7.69134e+12 7.69134e+12 7.01597e+12 5.79082e+12 4.24077e+12 2.64314e+12 1.27191e+12 3.47846e+11 3.47042e+09 2.44924e+08 1.26107e+07 482201 15953.9 460.361
2704.54 114095 4.58444e+06 1.84259e+08 7.4458e+09 3.63431e+11 3.31476e+13 1.16248e+14 2.37176e+14 3.76464e+14 5.10548e+14 6.15977e+14 6.73924e+14 6.73924e+14 6.15977e+14 5.10548e+14 3.76464e+14 2.37176e+14 1.16248e+14 3.31476e+13 3.63431e+11 7.4458e+09 1.84259e+08 4.58444e+06 114095 2704.54
8077.53 355902 1.4988e+07 6.31202e+08 2.66172e+10 1.33071e+12 1.16599e+14 4.0772e+14 8.30793e+14 1.31769e+15 1.78614e+15 2.15435e+15 2.35669e+15 2.35669e+15 2.15435e+15 1.78614e+15 1.31769e+15 8.30793e+14 4.0772e+14 1.16599e+14 1.33071e+12 2.66172e+10 6.31202e+08 1.4988e+07 355902 8077.53
16276.2 724026 3.07589e+07 1.30461e+09 5.52956e+10 2.76516e+12 2.38114e+14 8.3158e+14 1.69354e+15 2.68518e+15 3.63903e+15 4.38866e+15 4.80056e+15 4.80056e+15 4.38866e+15 3.63903e+15 2.68518e+15 1.69354e+15 8.3158e+14 2.38114e+14 2.76516e+12 5.52956e+10 1.30461e+09 3.07589e+07 724026 16276.2
25932 1.15633e+06 4.92249e+07 2.09109e+09 8.87313e+10 4.43423e+12 3.78049e+14 1.31931e+15 2.68596e+15 4.25787e+15 5.76966e+15 6.95766e+15 7.61041e+15 7.61041e+15 6.95766e+15 5.76966e+15 4.25787e+15 2.68596e+15 1.31931e+15 3.78049e+14 4.43423e+12 8.87313e+10 2.09109e+09 4.92249e+07 1.15633e+06 25932
35308.6 1.57573e+06 6.71272e+07 2.8533e+09 1.21137e+11 6.05094e+12 5.12676e+14 1.78831e+15 3.64006e+15 5.76964e+15 7.81757e+15 9.42678e+15 1.03109e+16 1.03109e+16 9.42678e+15 7.81757e+15 5.76964e+15 3.64006e+15 1.78831e+15 5.12676e+14 6.05094e+12 1.21137e+11 2.8533e+09 6.71272e+07 1.57573e+06 35308.6
42707.1 1.90662e+06 8.1252e+07 3.4548e+09 1.46717e+11 7.32678e+12 6.18461e+14 2.15672e+15 4.38943e+15 6.95692e+15 9.42581e+15 1.13657e+16 1.24316e+16 1.24316e+16 1.13657e+16 9.42581e+15 6.95692e+15 4.38943e+15 2.15672e+15 6.18461e+14 7.32678e+12 1.46717e+11 3.4548e+09 8.1252e+07 1.90662e+06 42707.1
46779.1 2.08875e+06 8.9028e+07 3.78599e+09 1.60804e+11 8.02932e+12 6.76572e+14 2.35907e+15 4.80099e+15 7.60895e+15 1.0309e+16 1.24305e+16 1.35961e+16 1.35961e+16 1.24305e+16 1.0309e+16 7.60895e+15 4.80099e+15 2.35907e+15 6.76572e+14 8.02932e+12 1.60804e+11 3.78599e+09 8.9028e+07 2.08875e+06 46779.1
46779.1 2.08875e+06 8.9028e+07 3.78599e+09 1.60804e+11 8.02932e+12 6.76572e+14 2.35907e+15 4.80099e+15 7.60895e+15 1.0309e+16 1.24305e+16 1.35961e+16 1.35961e+16 1.24305e+16 1.0309e+16 7.60895e+15 4.80099e+15 2.35907e+15 6.76572e+14 8.02932e+12 1.60804e+11 3.78599e+09 8.9028e+07 2.08875e+06 46779.1
42707.1 1.90662e+06 8.1252e+07 3.4548e+09 1.46717e+11 7.32678e+12 6.18461e+14 2.15672e+15 4.38943e+15 6.95692e+15 9.42581e+15 1.13657e+16 1.24316e+16 1.24316e+16 1.13657e+16 9.42581e+15 6.95692e+15 4.38943e+15 2.15672e+15 6.18461e+14 7.32678e+12 1.46717e+11 3.4548e+09 8.1252e+07 1.90662e+06 42707.1
35308.6 1.57573e+06 6.71272e+07 2.8533e+09 1.21137e+11 6.05094e+12 5.12676e+14 1.78831e+15 3.64006e+15 5.76964e+15 7.81757e+15 9.42678e+15 1.03109e+16 1.03109e+16 9.42678e+15 7.81757e+15 5.76964e+15 3.64006e+15 1.78831e+15 5.12676e+14 6.05094e+12 1.21137e+11 2.8533e+09 6.71272e+07 1.57573e+06 35308.6
25932 1.15633e+06 4.92249e+07 2.09109e+09 8.87313e+10 4.43423e+12 3.78049e+14 1.31931e+15 2.68596e+15 4.25787e+15 5.76966e+15 6.95766e+15 7.61041e+15 7.61041e+15 6.95766e+15 5.76966e+15 4.25787e+15 2.68596e+15 1.31931e+15 3.78049e+14 4.43423e+12 8.87313e+10 2.09109e+09 4.92249e+07 1.15633e+06 25932
16276.2 724026 3.07589e+07 1.30461e+09 5.52956e+10 2.76516e+12 2.38114e+14 8.3158e+14 1.69354e+15 2.68518e+15 3.63903e+15 4.38866e+15 4.80056e+15 4.80056e+15 4.38866e+15 3.63903e+15 2.68518e+15 1.69354e+15 8.3158e+14 2.38114e+14 2.76516e+12 5.52956e+10 1.30461e+09 3.07589e+07 724026 16276.2
8077.53 355902 1.4988e+07 6.31202e+08 2.66172e+10 1.33071e+12 1.16599e+14 4.0772e+14 8.30793e+14 1.31769e+15 1.78614e+15 2.15435e+15 2.35669e+15 2.35669e+15 2.15435e+15 1.78614e+15 1.31769e+15 8.30793e+14 4.0772e+14 1.16599e+14 1.33071e+12 2.66172e+10 6.31202e+08 1.4988e+07 355902 8077.53
2704.54 114095 4.58444e+06 1.84259e+08 7.4458e+09 3.63431e+11 3.31476e+13 1.16248e+14 2.37176e+14 3.76464e+14 5.10548e+14 6.15977e+14 6.73924e+14 6.73924e+14 6.15977e+14 5.10548e+14 3.76464e+14 2.37176e+14 1.16248e+14 3.31476e+13 3.63431e+11 7.4458e+09 1.84259e+08 4.58444e+06 114095 2704.54
460.361 15953.9 482201 1.26107e+07 2.44924e+08 3.47042e+09 3.47846e+11 1.27191e+12 2.64314e+12 4.24077e+12 5.79082e+12 7.01597e+12 7.69134e+12 7.69134e+12 7.01597e+12 5.79082e+12 4.24077e+12 2.64314e+12 1.27191e+12 3.47846e+11 3.47042e+09 2.44924e+08 1.26107e+07 482201 15953.9 460.361
49.1996 1386.17 32284.6 630718 1.05027e+07 2.37675e+08 7.09401e+09 2.53298e+10 5.26295e+10 8.45034e+10 1.15448e+11 1.39915e+11 1.53404e+11 1.53404e+11 1.39915e+11 1.15448e+11 8.45034e+10 5.26295e+10 2.53298e+10 7.09401e+09 2.37675e+08 1.05027e+07 630718 32284.6 1386.17 49.1996
3.96558 95.0438 1887.74 34001.1 616996 1.21393e+07 1.75577e+08 6.00781e+08 1.24192e+09 1.99177e+09 2.7197e+09 3.29503e+09 3.61217e+09 3.61217e+09 3.29503e+09 2.7197e+09 1.99177e+09 1.24192e+09 6.00781e+08 1.75577e+08 1.21393e+07 616996 34001.1 1887.74 95.0438 3.96558
0.27169 5.84855 106.979 1856.53 31273.9 462544 4.36877e+06 1.42682e+07 2.9286e+07 4.68943e+07 6.39928e+07 7.75039e+07 8.49499e+07 8.49499e+07 7.75039e+07 6.39928e+07 4.68943e+07 2.9286e+07 1.42682e+07 4.36877e+06 462544 31273.9 1856.53 106.979 5.84855 0.27169
0.016831 0.336711 5.77111 92.5542 1336.16 15274.5 108734 338865 689471 1.10175e+06 1.50235e+06 1.81888e+06 1.99329e+06 1.99329e+06 1.81888e+06 1.50235e+06 1.10175e+06 689471 338865 108734 15274.5 1336.16 92.5542 5.77111 0.336711 0.016831
0.000883335 0.0166557 0.265763 3.84018 47.2927 440.261 2577.56 7692.07 15501.9 24711.6 33668.8 40746.4 44645.8 44645.8 40746.4 33668.8 24711.6 15501.9 7692.07 2577.56 440.261 47.2927 3.84018 0.265763 0.0166557 0.000883335
