0.00144199 0.0272403 0.435521 6.30547 77.8029 725.698 4257.73 12741.3 25758.8 41189.4 56266.8 68223.3 74825.4 74825.4 68223.3 56266.8 41189.4 25758.8 12741.3 4257.73 725.698 77.8029 6.30547 0.435521 0.0272403 0.00144199
0.0275241 0.551711 9.47548 152.265 2202.43 25225.2 179938 562392 1.14809e+06 1.8406e+06 2.51679e+06 3.05305e+06 3.34922e+06 3.34922e+06 3.05305e+06 2.51679e+06 1.8406e+06 1.14809e+06 562392 179938 25225.2 2202.43 152.265 9.47548 0.551711 0.0275241
0.445137 9.6013 175.976 3059.79 51640 765134 7.24039e+06 2.37181e+07 4.88543e+07 7.8497e+07 1.07428e+08 1.30377e+08 1.43055e+08 1.43055e+08 1.30377e+08 1.07428e+08 7.8497e+07 4.88543e+07 2.37181e+07 7.24039e+06 765134 51640 3059.79 175.976 9.6013 0.445137
6.50932 156.319 3110.68 56126.9 1.02026e+06 2.01068e+07 2.91286e+08 9.99861e+08 2.0746e+09 3.33921e+09 4.57333e+09 5.55261e+09 6.09373e+09 6.09373e+09 5.55261e+09 4.57333e+09 3.33921e+09 2.0746e+09 9.99861e+08 2.91286e+08 2.01068e+07 1.02026e+06 56126.9 3110.68 156.319 6.50932
80.9101 2284.03 53291.1 1.04268e+06 1.73867e+07 3.94042e+08 1.1776e+10 4.21875e+10 8.8001e+10 1.4183e+11 1.94376e+11 2.36089e+11 2.59145e+11 2.59145e+11 2.36089e+11 1.94376e+11 1.4183e+11 8.80009e+10 4.21875e+10 1.1776e+10 3.94042e+08 1.73867e+07 1.04268e+06 53291.1 2284.03 80.9101
758.537 26336.9 797328 2.0879e+07 4.05896e+08 5.75549e+09 5.7746e+11 2.11876e+12 4.42061e+12 7.11965e+12 9.75254e+12 1.1842e+13 1.29966e+13 1.29966e+13 1.1842e+13 9.75254e+12 7.11965e+12 4.42061e+12 2.11876e+12 5.7746e+11 5.75549e+09 4.05896e+08 2.0879e+07 797328 26336.9 758.537
4465.86 188739 7.59477e+06 3.05561e+08 1.23544e+10 6.03082e+11 5.50409e+13 1.93503e+14 3.95961e+14 6.30286e+14 8.56803e+14 1.03548e+15 1.13387e+15 1.13387e+15 1.03548e+15 8.56803e+14 6.30286e+14 3.95961e+14 1.93503e+14 5.50409e+13 6.03082e+11 1.23544e+10 3.05561e+08 7.59477e+06 188739 4465.86
13375.7 590477 2.49064e+07 1.05012e+09 4.43156e+10 2.21599e+12 1.94104e+14 6.80303e+14 1.39013e+15 2.21089e+15 3.00377e+15 3.62891e+15 3.97309e+15 3.97309e+15 3.62891e+15 3.00377e+15 2.21089e+15 1.39013e+15 6.80303e+14 1.94104e+14 2.21599e+12 4.43156e+10 1.05012e+09 2.49064e+07 590477 13375.7
27039.2 1.20535e+06 5.12987e+07 2.17876e+09 9.24344e+10 4.62365e+12 3.97601e+14 1.3916e+15 2.84179e+15 4.51786e+15 6.13654e+15 7.41254e+15 8.11498e+15 8.11498e+15 7.41254e+15 6.13654e+15 4.51786e+15 2.84179e+15 1.3916e+15 3.97601e+14 4.62365e+12 9.24344e+10 2.17876e+09 5.12987e+07 1.20535e+06 27039.2
43216.6 1.93147e+06 8.23847e+07 3.50513e+09 1.48901e+11 7.44349e+12 6.33121e+14 2.21407e+15 4.51963e+15 7.18355e+15 9.75576e+15 1.17832e+16 1.28992e+16 1.28992e+16 1.17832e+16 9.75576e+15 7.18355e+15 4.51963e+15 2.21407e+15 6.33121e+14 7.44349e+12 1.48901e+11 3.50513e+09 8.23847e+07 1.93147e+06 43216.6
59001.5 2.63945e+06 1.12679e+08 4.79753e+09 2.03934e+11 1.01901e+13 8.60694e+14 3.0083e+15 6.13942e+15 9.75654e+15 1.32487e+16 1.60009e+16 1.75159e+16 1.75159e+16 1.60009e+16 1.32487e+16 9.75654e+15 6.13942e+15 3.0083e+15 8.60694e+14 1.01901e+13 2.03934e+11 4.79753e+09 1.12679e+08 2.63945e+06 59001.5
71502.3 3.20016e+06 1.36675e+08 5.82157e+09 2.47556e+11 1.23666e+13 1.04009e+15 3.63417e+15 7.41564e+15 1.17835e+16 1.60002e+16 1.93232e+16 2.11523e+16 2.11523e+16 1.93232e+16 1.60002e+16 1.17835e+16 7.41564e+15 3.63417e+15 1.04009e+15 1.23666e+13 2.47556e+11 5.82157e+09 1.36675e+08 3.20016e+06 71502.3
78398.5 3.50952e+06 1.49918e+08 6.38682e+09 2.71641e+11 1.35681e+13 1.13884e+15 3.97861e+15 8.11791e+15 1.28989e+16 1.75141e+16 2.11511e+16 2.3153e+16 2.3153e+16 2.11511e+16 1.75141e+16 1.28989e+16 8.11791e+15 3.97861e+15 1.13884e+15 1.35681e+13 2.71641e+11 6.38682e+09 1.49918e+08 3.50952e+06 78398.5
78398.5 3.50952e+06 1.49918e+08 6.38682e+09 2.71641e+11 1.35681e+13 1.13884e+15 3.97861e+15 8.11791e+15 1.28989e+16 1.75141e+16 2.11511e+16 2.3153e+16 2.3153e+16 2.11511e+16 1.75141e+16 1.28989e+16 8.11791e+15 3.97861e+15 1.13884e+15 1.35681e+13 2.71641e+11 6.38682e+09 1.49918e+08 3.50952e+06 78398.5
71502.3 3.20016e+06 1.36675e+08 5.82157e+09 2.47556e+11 1.23666e+13 1.04009e+15 3.63417e+15 7.41564e+15 1.17835e+16 1.60002e+16 1.93232e+16 2.11523e+16 2.11523e+16 1.93232e+16 1.60002e+16 1.17835e+16 7.41564e+15 3.63417e+15 1.04009e+15 1.23666e+13 2.47556e+11 5.82157e+09 1.36675e+08 3.20016e+06 71502.3
59001.5 2.63945e+06 1.12679e+08 4.79753e+09 2.03934e+11 1.01901e+13 8.60694e+14 3.0083e+15 6.13942e+15 9.75654e+15 1.32487e+16 1.60009e+16 1.75159e+16 1.75159e+16 1.60009e+16 1.32487e+16 9.75654e+15 6.13942e+15 3.0083e+15 8.60694e+14 1.01901e+13 2.03934e+11 4.79753e+09 1.12679e+08 2.63945e+06 59001.5
43216.6 1.93147e+06 8.23847e+07 3.50513e+09 1.48901e+11 7.44349e+12 6.33121e+14 2.21407e+15 4.51963e+15 7.18355e+15 9.75576e+15 1.17832e+16 1.28992e+16 1.28992e+16 1.17832e+16 9.75576e+15 7.18355e+15 4.51963e+15 2.21407e+15 6.33121e+14 7.44349e+12 1.48901e+11 3.50513e+09 8.23847e+07 1.93147e+06 43216.6
27039.2 1.20535e+06 5.12987e+07 2.17876e+09 9.24344e+10 4.62365e+12 3.97601e+14 1.3916e+15 2.84179e+15 4.51786e+15 6.13654e+15 7.41254e+15 8.11498e+15 8.11498e+15 7.41254e+15 6.13654e+15 4.51786e+15 2.84179e+15 1.3916e+15 3.97601e+14 4.62365e+12 9.24344e+10 2.17876e+09 5.12987e+07 1.20535e+06 27039.2
13375.7 590477 2.49064e+07 1.05012e+09 4.43156e+10 2.21599e+12 1.94104e+14 6.80303e+14 1.39013e+15 2.21089e+15 3.00377e+15 3.62891e+15 3.97309e+15 3.97309e+15 3.62891e+15 3.00377e+15 2.21089e+15 1.39013e+15 6.80303e+14 1.94104e+14 2.21599e+12 4.43156e+10 1.05012e+09 2.49064e+07 590477 13375.7
4465.86 188739 7.59477e+06 3.05561e+08 1.23544e+10 6.03082e+11 5.50409e+13 1.93503e+14 3.95961e+14 6.30286e+14 8.56803e+14 1.03548e+15 1.13387e+15 1.13387e+15 1.03548e+15 8.56803e+14 6.30286e+14 3.95961e+14 1.93503e+14 5.50409e+13 6.03082e+11 1.23544e+10 3.05561e+08 7.59477e+06 188739 4465.86
758.537 26336.9 797328 2.0879e+07 4.05896e+08 5.75549e+09 5.7746e+11 2.11876e+12 4.42061e+12 7.11965e+12 9.75254e+12 1.1842e+13 1.29966e+13 1.29966e+13 1.1842e+13 9.75254e+12 7.11965e+12 4.42061e+12 2.11876e+12 5.7746e+11 5.75549e+09 4.05896e+08 2.0879e+07 797328 26336.9 758.537
80.9101 2284.03 53291.1 1.04268e+06 1.73867e+07 3.94042e+08 1.1776e+10 4.21875e+10 8.80009e+10 1.4183e+11 1.94376e+11 2.36089e+11 2.59145e+11 2.59145e+11 2.36089e+11 1.94376e+11 1.4183e+11 8.8001e+10 4.21875e+10 1.1776e+10 3.94042e+08 1.73867e+07 1.04268e+06 53291.1 2284.03 80.9101
6.50932 156.319 3110.68 56126.9 1.02026e+06 2.01068e+07 2.91286e+08 9.99861e+08 2.0746e+09 3.33921e+09 4.57333e+09 5.55261e+09 6.09373e+09 6.09373e+09 5.55261e+09 4.57333e+09 3.33921e+09 2.0746e+09 9.99861e+08 2.91286e+08 2.01068e+07 1.02026e+06 56126.9 3110.68 156.319 6.50932
0.445137 9.6013 175.976 3059.79 51640 765134 7.24039e+06 2.37181e+07 4.88543e+07 7.8497e+07 1.07428e+08 1.30377e+08 1.43055e+08 1.43055e+08 1.30377e+08 1.07428e+08 7.8497e+07 4.88543e+07 2.37181e+07 7.24039e+06 765134 51640 3059.79 175.976 9.6013 0.445137
0.0275241 0.551711 9.47548 152.265 2202.43 25225.2 179938 562392 1.14809e+06 1.8406e+06 2.51679e+06 3.05305e+06 3.34922e+06 3.34922e+06 3.05305e+06 2.51679e+06 1.8406e+06 1.14809e+06 562392 179938 25225.2 2202.43 152.265 9.47548 0.551711 0.0275241
0.00144199 0.0272403 0.435521 6.30547 77.8029 725.698 4257.73 12741.3 25758.8 41189.4 56266.8 68223.3 74825.4 74825.4 68223.3 56266.8 41189.4 25758.8 12741.3 4257.73 725.698 77.8029 6.30547 0.435521 0.0272403 0.00144199
