4.37194 81.5283 1274.9 17946.2 215411 1.96568e+06 1.13519e+07 3.34561e+07 6.6371e+07 1.03892e+08 1.39028e+08 1.65846e+08 1.80266e+08 1.80266e+08 1.65846e+08 1.39028e+08 1.03892e+08 6.6371e+07 3.34561e+07 1.13519e+07 1.96568e+06 215411 17946.2 1274.9 81.5283 4.37194
84.0573 1674.13 28258.3 440860 6.16029e+06 6.85652e+07 4.80093e+08 1.4768e+09 2.95574e+09 4.6336e+09 6.20008e+09 7.39333e+09 8.03414e+09 8.03414e+09 7.39333e+09 6.20008e+09 4.6336e+09 2.95574e+09 1.4768e+09 4.80093e+08 6.85652e+07 6.16029e+06 440860 28258.3 1674.13 84.0573
1359.22 29389.5 535611 9.09596e+06 1.47233e+08 2.09451e+09 1.93582e+10 6.23701e+10 1.25839e+11 1.97489e+11 2.64188e+11 3.14895e+11 3.42091e+11 3.42091e+11 3.14895e+11 2.64188e+11 1.97489e+11 1.25839e+11 6.23701e+10 1.93582e+10 2.09451e+09 1.47233e+08 9.09596e+06 535611 29389.5 1359.22
19666.2 476413 9.56402e+06 1.72073e+08 3.01365e+09 5.57893e+10 7.8113e+11 2.63553e+12 5.35172e+12 8.40407e+12 1.1238e+13 1.33884e+13 1.45403e+13 1.45403e+13 1.33884e+13 1.1238e+13 8.40407e+12 5.35172e+12 2.63553e+12 7.8113e+11 5.57893e+10 3.01365e+09 1.72073e+08 9.56402e+06 476413 19666.2
239924 6.83293e+06 1.61777e+08 3.2312e+09 5.4375e+10 1.12964e+12 3.16891e+13 1.11528e+14 2.27476e+14 3.57277e+14 4.77517e+14 5.68587e+14 6.17305e+14 6.17305e+14 5.68587e+14 4.77517e+14 3.57277e+14 2.27476e+14 1.11528e+14 3.16891e+13 1.12964e+12 5.4375e+10 3.2312e+09 1.61777e+08 6.83293e+06 239924
2.2013e+06 7.67952e+07 2.34672e+09 6.25517e+10 1.26825e+12 1.89634e+13 1.57551e+15 5.67673e+15 1.15832e+16 1.81854e+16 2.43016e+16 2.89358e+16 3.14159e+16 3.14159e+16 2.89358e+16 2.43016e+16 1.81854e+16 1.15832e+16 5.67673e+15 1.57551e+15 1.89634e+13 1.26825e+12 6.25517e+10 2.34672e+09 7.67952e+07 2.2013e+06
1.26987e+07 5.37007e+08 2.16512e+10 8.73592e+11 3.54373e+13 1.71365e+15 1.49938e+17 5.21963e+17 1.05435e+18 1.65325e+18 2.21476e+18 2.64577e+18 2.87874e+18 2.87874e+18 2.64577e+18 2.21476e+18 1.65325e+18 1.05435e+18 5.21962e+17 1.49938e+17 1.71365e+15 3.54373e+13 8.73592e+11 2.16512e+10 5.37007e+08 1.26987e+07
3.73804e+07 1.64977e+09 6.9664e+10 2.9433e+12 1.24534e+14 6.18011e+15 5.24193e+17 1.82028e+18 3.6729e+18 5.75587e+18 7.70839e+18 9.20717e+18 1.00173e+19 1.00173e+19 9.20717e+18 7.70839e+18 5.75587e+18 3.6729e+18 1.82028e+18 5.24193e+17 6.18011e+15 1.24534e+14 2.9433e+12 6.9664e+10 1.64977e+09 3.73804e+07
7.40703e+07 3.29799e+09 1.40383e+11 5.96916e+12 2.53676e+14 1.26012e+16 1.0595e+18 3.67524e+18 7.40968e+18 1.16035e+19 1.55303e+19 1.8542e+19 2.0169e+19 2.0169e+19 1.8542e+19 1.55303e+19 1.16035e+19 7.40968e+18 3.67524e+18 1.0595e+18 1.26012e+16 2.53676e+14 5.96916e+12 1.40383e+11 3.29799e+09 7.40703e+07
1.1581e+08 5.16398e+09 2.20044e+11 9.36176e+12 3.97904e+14 1.97592e+16 1.66034e+18 5.7563e+18 1.1597e+19 1.8147e+19 2.42716e+19 2.89632e+19 3.14957e+19 3.14957e+19 2.89632e+19 2.42716e+19 1.8147e+19 1.1597e+19 5.7563e+18 1.66034e+18 1.97592e+16 3.97904e+14 9.36176e+12 2.20044e+11 5.16398e+09 1.1581e+08
1.54814e+08 6.90224e+09 2.94027e+11 1.2504e+13 5.31168e+14 2.63697e+16 2.22196e+18 7.70132e+18 1.55065e+19 2.42479e+19 3.24104e+19 3.86558e+19 4.20243e+19 4.20243e+19 3.86558e+19 3.24104e+19 2.42479e+19 1.55065e+19 7.70132e+18 2.22196e+18 2.63697e+16 5.31168e+14 1.2504e+13 2.94027e+11 6.90224e+09 1.54814e+08
1.84527e+08 8.22367e+09 3.50153e+11 1.4883e+13 6.31869e+14 3.13638e+16 2.6518e+18 9.19008e+18 1.84964e+19 2.89083e+19 3.86201e+19 4.60441e+19 5.00457e+19 5.00457e+19 4.60441e+19 3.86201e+19 2.89083e+19 1.84964e+19 9.19008e+18 2.6518e+18 3.13638e+16 6.31869e+14 1.4883e+13 3.50153e+11 8.22367e+09 1.84527e+08
2.00482e+08 8.93232e+09 3.80212e+11 1.61554e+13 6.85652e+14 3.40308e+16 2.88364e+18 9.99313e+18 2.01083e+19 3.14187e+19 4.19626e+19 5.00184e+19 5.4359e+19 5.4359e+19 5.00184e+19 4.19626e+19 3.14187e+19 2.01083e+19 9.99313e+18 2.88364e+18 3.40308e+16 6.85652e+14 1.61554e+13 3.80212e+11 8.93232e+09 2.00482e+08
2.00482e+08 8.93232e+09 3.80212e+11 1.61554e+13 6.85652e+14 3.40308e+16 2.88364e+18 9.99313e+18 2.01083e+19 3.14187e+19 4.19626e+19 5.00184e+19 5.4359e+19 5.4359e+19 5.00184e+19 4.19626e+19 3.14187e+19 2.01083e+19 9.99313e+18 2.88364e+18 3.40308e+16 6.85652e+14 1.61554e+13 3.80212e+11 8.93232e+09 2.00482e+08
1.84527e+08 8.22367e+09 3.50153e+11 1.4883e+13 6.31869e+14 3.13638e+16 2.6518e+18 9.19008e+18 1.84964e+19 2.89083e+19 3.86201e+19 4.60441e+19 5.00457e+19 5.00457e+19 4.60441e+19 3.86201e+19 2.89083e+19 1.84964e+19 9.19008e+18 2.6518e+18 3.13638e+16 6.31869e+14 1.4883e+13 3.50153e+11 8.22367e+09 1.84527e+08
1.54814e+08 6.90224e+09 2.94027e+11 1.2504e+13 5.31168e+14 2.63697e+16 2.22196e+18 7.70132e+18 1.55065e+19 2.42479e+19 3.24104e+19 3.86558e+19 4.20243e+19 4.20243e+19 3.86558e+19 3.24104e+19 2.42479e+19 1.55065e+19 7.70132e+18 2.22196e+18 2.63697e+16 5.31168e+14 1.2504e+13 2.94027e+11 6.90224e+09 1.54814e+08
1.1581e+08 5.16398e+09 2.20044e+11 9.36176e+12 3.97904e+14 1.97592e+16 1.66034e+18 5.7563e+18 1.1597e+19 1.8147e+19 2.42716e+19 2.89632e+19 3.14957e+19 3.14957e+19 2.89632e+19 2.42716e+19 1.8147e+19 1.1597e+19 5.7563e+18 1.66034e+18 1.97592e+16 3.97904e+14 9.36176e+12 2.20044e+11 5.16398e+09 1.1581e+08
7.40703e+07 3.29799e+09 1.40383e+11 5.96916e+12 2.53676e+14 1.26012e+16 1.0595e+18 3.67524e+18 7.40968e+18 1.16035e+19 1.55303e+19 1.8542e+19 2.0169e+19 2.0169e+19 1.8542e+19 1.55303e+19 1.16035e+19 7.40968e+18 3.67524e+18 1.0595e+18 1.26012e+16 2.53676e+14 5.96916e+12 1.40383e+11 3.29799e+09 7.40703e+07
3.73804e+07 1.64977e+09 6.9664e+10 2.9433e+12 1.24534e+14 6.18011e+15 5.24193e+17 1.82028e+18 3.6729e+18 5.75587e+18 7.70839e+18 9.20717e+18 1.00173e+19 1.00173e+19 9.20717e+18 7.70839e+18 5.75587e+18 3.6729e+18 1.82028e+18 5.24193e+17 6.18011e+15 1.24534e+14 2.9433e+12 6.9664e+10 1.64977e+09 3.73804e+07
1.26987e+07 5.37007e+08 2.16512e+10 8.73592e+11 3.54373e+13 1.71365e+15 1.49938e+17 5.21962e+17 1.05435e+18 1.65325e+18 2.21476e+18 2.64577e+18 2.87874e+18 2.87874e+18 2.64577e+18 2.21476e+18 1.65325e+18 1.05435e+18 5.21963e+17 1.49938e+17 1.71365e+15 3.54373e+13 8.73592e+11 2.16512e+10 5.37007e+08 1.26987e+07
2.2013e+06 7.67952e+07 2.34672e+09 6.25517e+10 1.26825e+12 1.89634e+13 1.57551e+15 5.67673e+15 1.15832e+16 1.81854e+16 2.43016e+16 2.89358e+16 3.14159e+16 3.14159e+16 2.89358e+16 2.43016e+16 1.81854e+16 1.15832e+16 5.67673e+15 1.57551e+15 1.89634e+13 1.26825e+12 6.25517e+10 2.34672e+09 7.67952e+07 2.2013e+06
239924 6.83293e+06 1.61777e+08 3.2312e+09 5.4375e+10 1.12964e+12 3.16891e+13 1.11528e+14 2.27476e+14 3.57277e+14 4.77517e+14 5.68587e+14 6.17305e+14 6.17305e+14 5.68587e+14 4.77517e+14 3.57277e+14 2.27476e+14 1.11528e+14 3.16891e+13 1.12964e+12 5.4375e+10 3.2312e+09 1.61777e+08 6.83293e+06 239924
19666.2 476413 9.56402e+06 1.72073e+08 3.01365e+09 5.57893e+10 7.8113e+11 2.63553e+12 5.35172e+12 8.40407e+12 1.1238e+13 1.33884e+13 1.45403e+13 1.45403e+13 1.33884e+13 1.1238e+13 8.40407e+12 5.35172e+12 2.63553e+12 7.8113e+11 5.57893e+10 3.01365e+09 1.72073e+08 9.56402e+06 476413 19666.2
1359.22 29389.5 535611 9.09596e+06 1.47233e+08 2.09451e+09 1.93582e+10 6.23701e+10 1.25839e+11 1.97489e+11 2.64188e+11 3.14895e+11 3.42091e+11 3.42091e+11 3.14895e+11 2.64188e+11 1.97489e+11 1.25839e+11 6.23701e+10 1.93582e+10 2.09451e+09 1.47233e+08 9.09596e+06 535611 29389.5 1359.22
84.0573 1674.13 28258.3 440860 6.16029e+06 6.85652e+07 4.80093e+08 1.4768e+09 2.95574e+09 4.6336e+09 6.20008e+09 7.39333e+09 8.03414e+09 8.03414e+09 7.39333e+09 6.20008e+09 4.6336e+09 2.95574e+09 1.4768e+09 4.80093e+08 6.85652e+07 6.16029e+06 440860 28258.3 1674.13 84.0573
4.37194 81.5283 1274.9 17946.2 215411 1.96568e+06 1.13519e+07 3.34561e+07 6.6371e+07 1.03892e+08 1.39028e+08 1.65846e+08 1.80266e+08 1.80266e+08 1.65846e+08 1.39028e+08 1.03892e+08 6.6371e+07 3.34561e+07 1.13519e+07 1.96568e+06 215411 17946.2 1274.9 81.5283 4.37194
