0.000122265 0.0022797 0.0357844 0.507281 6.13421 56.2661 325.742 962.081 1917.18 3022.01 4076.96 4898.2 5346.3 5346.3 4898.2 4076.96 3022.01 1917.18 962.081 325.742 56.2661 6.13421 0.507281 0.0357844 0.0022797 0.000122266
0.00233006 0.0462524 0.781755 12.2882 173.548 1948.19 13695.5 42223.4 84902.1 134080 180956 217424 237318 237318 217424 180956 134080 84902.1 42223.4 13695.5 1948.19 173.548 12.2882 0.781755 0.0462524 0.00233006
0.03746 0.803975 14.592 248.929 4085.95 58980.4 548834 1.77239e+06 3.59319e+06 5.68296e+06 7.67191e+06 9.21842e+06 1.00619e+07 1.00619e+07 9.21842e+06 7.67191e+06 5.68296e+06 3.59319e+06 1.77239e+06 548834 58980.4 4085.95 248.929 14.592 0.803975 0.03746
0.541583 12.9865 257.964 4617.84 81809.3 1.55308e+06 2.20204e+07 7.44672e+07 1.51956e+08 2.40575e+08 3.24826e+08 3.90311e+08 4.26024e+08 4.26024e+08 3.90311e+08 3.24826e+08 2.40575e+08 1.51956e+08 7.44672e+07 2.20204e+07 1.55308e+06 81809.3 4617.84 257.964 12.9865 0.541583
6.62884 186.892 4368.1 85913.1 1.4314e+06 3.0825e+07 8.89091e+08 3.13572e+09 6.42751e+09 1.01819e+10 1.37487e+10 1.65204e+10 1.80319e+10 1.80319e+10 1.65204e+10 1.37487e+10 1.01819e+10 6.42751e+09 3.13572e+09 8.89091e+08 3.0825e+07 1.4314e+06 85913.1 4368.1 186.892 6.62884
61.1212 2115.36 63997.6 1.68317e+06 3.33162e+07 4.83822e+08 4.38387e+10 1.58242e+11 3.2434e+11 5.13377e+11 6.92876e+11 8.32345e+11 9.08394e+11 9.08394e+11 8.32345e+11 6.92876e+11 5.13377e+11 3.2434e+11 1.58242e+11 4.38387e+10 4.83822e+08 3.33162e+07 1.68317e+06 63997.6 2115.36 61.1212
354.229 14892.7 596800 2.39448e+07 9.66813e+08 4.68823e+10 4.17622e+12 1.45234e+13 2.93534e+13 4.61586e+13 6.20955e+13 7.44788e+13 8.12336e+13 8.12336e+13 7.44788e+13 6.20955e+13 4.61586e+13 2.93534e+13 1.45234e+13 4.17622e+12 4.68823e+10 9.66813e+08 2.39448e+07 596800 14892.7 354.229
1046.01 45906.1 1.92696e+06 8.09613e+07 3.40919e+09 1.69433e+11 1.45794e+13 5.05839e+13 1.02147e+14 1.60562e+14 2.15955e+14 2.58997e+14 2.82476e+14 2.82476e+14 2.58997e+14 2.15955e+14 1.60562e+14 1.02147e+14 5.05839e+13 1.45794e+13 1.69433e+11 3.40919e+09 8.09613e+07 1.92696e+06 45906.1 1046.01
2083.19 92251.2 3.90411e+06 1.65101e+08 6.98339e+09 3.47192e+11 2.94959e+13 1.02251e+14 2.0642e+14 3.2442e+14 4.36312e+14 5.23255e+14 5.70683e+14 5.70683e+14 5.23255e+14 4.36312e+14 3.2442e+14 2.0642e+14 1.02251e+14 2.9496e+13 3.47192e+11 6.98339e+09 1.65101e+08 3.90411e+06 92251.2 2083.19
3281.25 145575 6.16984e+06 2.61174e+08 1.10532e+10 5.49195e+11 4.63896e+13 1.60753e+14 3.24477e+14 5.09931e+14 6.85784e+14 8.22427e+14 8.96966e+14 8.96966e+14 8.22427e+14 6.85784e+14 5.09931e+14 3.24477e+14 1.60753e+14 4.63896e+13 5.49195e+11 1.10532e+10 2.61174e+08 6.16984e+06 145575 3281.25
4423.45 196321 8.32269e+06 3.52354e+08 1.49128e+10 7.40679e+11 6.23956e+13 2.16179e+14 4.36327e+14 6.85687e+14 9.22138e+14 1.10587e+15 1.20609e+15 1.20609e+15 1.10587e+15 9.22138e+14 6.85687e+14 4.36327e+14 2.16179e+14 6.23956e+13 7.40679e+11 1.49128e+10 3.52354e+08 8.32269e+06 196321 4423.45
5311.39 235743 9.99418e+06 4.23118e+08 1.79074e+10 8.89229e+11 7.48208e+13 2.59208e+14 5.23161e+14 8.22136e+14 1.10563e+15 1.32592e+15 1.44609e+15 1.44608e+15 1.32592e+15 1.10563e+15 8.22136e+14 5.23161e+14 2.59208e+14 7.48207e+13 8.89229e+11 1.79074e+10 4.23118e+08 9.99418e+06 235743 5311.39
5795.43 257227 1.09049e+07 4.61668e+08 1.95385e+10 9.70141e+11 8.15938e+13 2.82665e+14 5.70498e+14 8.96522e+14 1.20567e+15 1.44588e+15 1.57692e+15 1.57692e+15 1.44588e+15 1.20567e+15 8.96522e+14 5.70498e+14 2.82665e+14 8.15938e+13 9.70141e+11 1.95385e+10 4.61668e+08 1.09049e+07 257227 5795.43
5795.43 257227 1.09049e+07 4.61668e+08 1.95385e+10 9.70141e+11 8.15938e+13 2.82665e+14 5.70498e+14 8.96522e+14 1.20567e+15 1.44588e+15 1.57692e+15 1.57692e+15 1.44588e+15 1.20567e+15 8.96522e+14 5.70498e+14 2.82665e+14 8.15938e+13 9.70141e+11 1.95385e+10 4.61668e+08 1.09049e+07 257227 5795.43
5311.39 235743 9.99418e+06 4.23118e+08 1.79074e+10 8.89229e+11 7.48207e+13 2.59208e+14 5.23161e+14 8.22136e+14 1.10563e+15 1.32592e+15 1.44608e+15 1.44609e+15 1.32592e+15 1.10563e+15 8.22136e+14 5.23161e+14 2.59208e+14 7.48208e+13 8.89229e+11 1.79074e+10 4.23118e+08 9.99418e+06 235743 5311.39
4423.45 196321 8.32269e+06 3.52354e+08 1.49128e+10 7.40679e+11 6.23956e+13 2.16179e+14 4.36327e+14 6.85687e+14 9.22138e+14 1.10587e+15 1.20609e+15 1.20609e+15 1.10587e+15 9.22138e+14 6.85687e+14 4.36327e+14 2.16179e+14 6.23956e+13 7.40679e+11 1.49128e+10 3.52354e+08 8.32269e+06 196321 4423.45
3281.25 145575 6.16984e+06 2.61174e+08 1.10532e+10 5.49195e+11 4.63896e+13 1.60753e+14 3.24477e+14 5.09931e+14 6.85784e+14 8.22427e+14 8.96966e+14 8.96966e+14 8.22427e+14 6.85784e+14 5.09931e+14 3.24477e+14 1.60753e+14 4.63896e+13 5.49195e+11 1.10532e+10 2.61174e+08 6.16984e+06 145575 3281.25
2083.19 92251.2 3.90411e+06 1.65101e+08 6.98339e+09 3.47192e+11 2.9496e+13 1.02251e+14 2.0642e+14 3.2442e+14 4.36312e+14 5.23255e+14 5.70683e+14 5.70683e+14 5.23255e+14 4.36312e+14 3.2442e+14 2.0642e+14 1.02251e+14 2.94959e+13 3.47192e+11 6.98339e+09 1.65101e+08 3.90411e+06 92251.2 2083.19
1046.01 45906.1 1.92696e+06 8.09613e+07 3.40919e+09 1.69433e+11 1.45794e+13 5.05839e+13 1.02147e+14 1.60562e+14 2.15955e+14 2.58997e+14 2.82476e+14 2.82476e+14 2.58997e+14 2.15955e+14 1.60562e+14 1.02147e+14 5.05839e+13 1.45794e+13 1.69433e+11 3.40919e+09 8.09613e+07 1.92696e+06 45906.1 1046.01
354.229 14892.7 596800 2.39448e+07 9.66813e+08 4.68823e+10 4.17622e+12 1.45234e+13 2.93534e+13 4.61586e+13 6.20955e+13 7.44788e+13 8.12336e+13 8.12336e+13 7.44788e+13 6.20955e+13 4.61586e+13 2.93534e+13 1.45234e+13 4.17622e+12 4.68823e+10 9.66813e+08 2.39448e+07 596800 14892.7 354.229
61.1212 2115.36 63997.6 1.68317e+06 3.33162e+07 4.83822e+08 4.38387e+10 1.58242e+11 3.2434e+11 5.13377e+11 6.92876e+11 8.32345e+11 9.08394e+11 9.08394e+11 8.32345e+11 6.92876e+11 5.13377e+11 3.2434e+11 1.58242e+11 4.38387e+10 4.83822e+08 3.33162e+07 1.68317e+06 63997.6 2115.36 61.1212
6.62884 186.892 4368.1 85913.1 1.4314e+06 3.0825e+07 8.89091e+08 3.13572e+09 6.42751e+09 1.01819e+10 1.37487e+10 1.65204e+10 1.80319e+10 1.80319e+10 1.65204e+10 1.37487e+10 1.01819e+10 6.42751e+09 3.13572e+09 8.89091e+08 3.0825e+07 1.4314e+06 85913.1 4368.1 186.892 6.62884
0.541583 12.9865 257.964 4617.84 81809.3 1.55308e+06 2.20204e+07 7.44672e+07 1.51956e+08 2.40575e+08 3.24826e+08 3.90311e+08 4.26024e+08 4.26024e+08 3.90311e+08 3.24826e+08 2.40575e+08 1.51956e+08 7.44672e+07 2.20204e+07 1.55308e+06 81809.3 4617.84 257.964 12.9865 0.541583
0.03746 0.803975 14.592 248.929 4085.95 58980.4 548834 1.77239e+06 3.59319e+06 5.68296e+06 7.67191e+06 9.21842e+06 1.00619e+07 1.00619e+07 9.21842e+06 7.67191e+06 5.68296e+06 3.59319e+06 1.77239e+06 548834 58980.4 4085.95 248.929 14.592 0.803975 0.03746
0.00233006 0.0462524 0.781755 12.2882 173.548 1948.19 13695.5 42223.4 84902.1 134080 180956 217424 237318 237318 217424 180956 134080 84902.1 42223.4 13695.5 1948.19 173.548 12.2882 0.781755 0.0462524 0.00233006
0.000122266 0.0022797 0.0357844 0.507281 6.13421 56.2661 325.742 962.081 1917.18 3022.01 4076.96 4898.2 5346.3 5346.3 4898.2 4076.96 3022.01 1917.18 962.081 325.742 56.2661 6.13421 0.507281 0.0357844 0.0022797 0.000122266
