3.78757 70.6397 1105.21 15570.8 187076 1.70857e+06 9.87521e+06 2.91437e+07 5.79321e+07 9.09056e+07 1.21957e+08 1.45785e+08 1.58647e+08 1.58647e+08 1.45785e+08 1.21957e+08 9.09056e+07 5.79321e+07 2.91437e+07 9.87521e+06 1.70857e+06 187076 15570.8 1105.21 70.6397 3.78757
72.7682 1449.03 24465.6 382020 5.34443e+06 5.95486e+07 4.17321e+08 1.28544e+09 2.57795e+09 4.05155e+09 5.43536e+09 6.4954e+09 7.06701e+09 7.06701e+09 6.4954e+09 5.43536e+09 4.05155e+09 2.57795e+09 1.28544e+09 4.17321e+08 5.95486e+07 5.34443e+06 382020 24465.6 1449.03 72.7682
1176.16 25416.7 463105 7.86921e+06 1.27559e+08 1.8174e+09 1.68139e+10 5.42451e+10 1.09669e+11 1.72558e+11 2.31457e+11 2.76499e+11 3.00761e+11 3.00761e+11 2.76499e+11 2.31457e+11 1.72558e+11 1.09669e+11 5.42451e+10 1.68139e+10 1.8174e+09 1.27559e+08 7.86921e+06 463105 25416.7 1176.16
17018.2 411906 8.26223e+06 1.48614e+08 2.60594e+09 4.83559e+10 6.7798e+11 2.29052e+12 4.66076e+12 7.33841e+12 9.84029e+12 1.17505e+13 1.27784e+13 1.27784e+13 1.17505e+13 9.84029e+12 7.33841e+12 4.66076e+12 2.29052e+12 6.7798e+11 4.83559e+10 2.60594e+09 1.48614e+08 8.26223e+06 411906 17018.2
207714 5.91008e+06 1.39772e+08 2.78834e+09 4.68953e+10 9.77432e+11 2.74874e+13 9.68661e+13 1.97984e+14 3.11804e+14 4.1794e+14 4.98851e+14 5.42344e+14 5.42344e+14 4.98851e+14 4.1794e+14 3.11804e+14 1.97984e+14 9.68661e+13 2.74874e+13 9.77432e+11 4.68953e+10 2.78834e+09 1.39772e+08 5.91008e+06 207714
1.90716e+06 6.64778e+07 2.02945e+09 5.40305e+10 1.09335e+12 1.63158e+13 1.36527e+15 4.92514e+15 1.00692e+16 1.58493e+16 2.12381e+16 2.53469e+16 2.7556e+16 2.7556e+16 2.53469e+16 2.12381e+16 1.58493e+16 1.00692e+16 4.92514e+15 1.36527e+15 1.63158e+13 1.09335e+12 5.40305e+10 2.02945e+09 6.64778e+07 1.90716e+06
1.10124e+07 4.65339e+08 1.87472e+10 7.55883e+11 3.06437e+13 1.48187e+15 1.29889e+17 4.52393e+17 9.14639e+17 1.43598e+18 1.92633e+18 2.30389e+18 2.50843e+18 2.50843e+18 2.30389e+18 1.92633e+18 1.43598e+18 9.14639e+17 4.52393e+17 1.29889e+17 1.48187e+15 3.06437e+13 7.55883e+11 1.87472e+10 4.65339e+08 1.10124e+07
3.24618e+07 1.43159e+09 6.04039e+10 2.55024e+12 1.07836e+14 5.35071e+15 4.54312e+17 1.57822e+18 3.18698e+18 5.00007e+18 6.7047e+18 8.01707e+18 8.72798e+18 8.72798e+18 8.01707e+18 6.7047e+18 5.00007e+18 3.18698e+18 1.57822e+18 4.54312e+17 5.35071e+15 1.07836e+14 2.55024e+12 6.04039e+10 1.43159e+09 3.24618e+07
6.44533e+07 2.86764e+09 1.21972e+11 5.18273e+12 2.20122e+14 1.09317e+16 9.19167e+17 3.18931e+18 6.43458e+18 1.00875e+19 1.3518e+19 1.61569e+19 1.75856e+19 1.75856e+19 1.61569e+19 1.3518e+19 1.00875e+19 6.43458e+18 3.18931e+18 9.19167e+17 1.09317e+16 2.20122e+14 5.18273e+12 1.21972e+11 2.86764e+09 6.44533e+07
1.01021e+08 4.50142e+09 1.91678e+11 8.14981e+12 3.4621e+14 1.71866e+16 1.44245e+18 5.00167e+18 1.00834e+19 1.57955e+19 2.11529e+19 2.52696e+19 2.74969e+19 2.74969e+19 2.52696e+19 2.11529e+19 1.57955e+19 1.00834e+19 5.00167e+18 1.44245e+18 1.71866e+16 3.4621e+14 8.14981e+12 1.91678e+11 4.50142e+09 1.01021e+08
1.35382e+08 6.03219e+09 2.56808e+11 1.09153e+13 4.63486e+14 2.30009e+16 1.93333e+18 6.70132e+18 1.35016e+19 2.11359e+19 2.82873e+19 3.37769e+19 3.67449e+19 3.67449e+19 3.37769e+19 2.82873e+19 2.11359e+19 1.35016e+19 6.70132e+18 1.93333e+18 2.30009e+16 4.63486e+14 1.09153e+13 2.56808e+11 6.03219e+09 1.35382e+08
1.61699e+08 7.20243e+09 3.06509e+11 1.30221e+13 5.52682e+14 2.7422e+16 2.31036e+18 8.00662e+18 1.61246e+19 2.52295e+19 3.37505e+19 4.02863e+19 4.38182e+19 4.38182e+19 4.02863e+19 3.37505e+19 2.52295e+19 1.61246e+19 8.00662e+18 2.31036e+18 2.7422e+16 5.52682e+14 1.30221e+13 3.06509e+11 7.20243e+09 1.61699e+08
1.75885e+08 7.83257e+09 3.33241e+11 1.4154e+13 6.00551e+14 2.97943e+16 2.51422e+18 8.71245e+18 1.75422e+19 2.74404e+19 3.66991e+19 4.37978e+19 4.76327e+19 4.76327e+19 4.37978e+19 3.66991e+19 2.74404e+19 1.75422e+19 8.71245e+18 2.51422e+18 2.97943e+16 6.00551e+14 1.4154e+13 3.33241e+11 7.83257e+09 1.75885e+08
1.75885e+08 7.83257e+09 3.33241e+11 1.4154e+13 6.00551e+14 2.97943e+16 2.51422e+18 8.71245e+18 1.75422e+19 2.74404e+19 3.66991e+19 4.37978e+19 4.76327e+19 4.76327e+19 4.37978e+19 3.66991e+19 2.74404e+19 1.75422e+19 8.71245e+18 2.51422e+18 2.97943e+16 6.00551e+14 1.4154e+13 3.33241e+11 7.83257e+09 1.75885e+08
1.61699e+08 7.20243e+09 3.06509e+11 1.30221e+13 5.52682e+14 2.7422e+16 2.31036e+18 8.00662e+18 1.61246e+19 2.52295e+19 3.37505e+19 4.02863e+19 4.38182e+19 4.38182e+19 4.02863e+19 3.37505e+19 2.52295e+19 1.61246e+19 8.00662e+18 2.31036e+18 2.7422e+16 5.52682e+14 1.30221e+13 3.06509e+11 7.20243e+09 1.61699e+08
1.35382e+08 6.03219e+09 2.56808e+11 1.09153e+13 4.63486e+14 2.30009e+16 1.93333e+18 6.70132e+18 1.35016e+19 2.11359e+19 2.82873e+19 3.37769e+19 3.67449e+19 3.67449e+19 3.37769e+19 2.82873e+19 2.11359e+19 1.35016e+19 6.70132e+18 1.93333e+18 2.30009e+16 4.63486e+14 1.09153e+13 2.56808e+11 6.03219e+09 1.35382e+08
1.01021e+08 4.50142e+09 1.91678e+11 8.14981e+12 3.4621e+14 1.71866e+16 1.44245e+18 5.00167e+18 1.00834e+19 1.57955e+19 2.11529e+19 2.52696e+19 2.74969e+19 2.74969e+19 2.52696e+19 2.11529e+19 1.57955e+19 1.00834e+19 5.00167e+18 1.44245e+18 1.71866e+16 3.4621e+14 8.14981e+12 1.91678e+11 4.50142e+09 1.01021e+08
6.44533e+07 2.86764e+09 1.21972e+11 5.18273e+12 2.20122e+14 1.09317e+16 9.19167e+17 3.18931e+18 6.43458e+18 1.00875e+19 1.3518e+19 1.61569e+19 1.75856e+19 1.75856e+19 1.61569e+19 1.3518e+19 1.00875e+19 6.43458e+18 3.18931e+18 9.19167e+17 1.09317e+16 2.20122e+14 5.18273e+12 1.21972e+11 2.86764e+09 6.44533e+07
3.24618e+07 1.43159e+09 6.04039e+10 2.55024e+12 1.07836e+14 5.35071e+15 4.54312e+17 1.57822e+18 3.18698e+18 5.00007e+18 6.7047e+18 8.01707e+18 8.72798e+18 8.72798e+18 8.01707e+18 6.7047e+18 5.00007e+18 3.18698e+18 1.57822e+18 4.54312e+17 5.35071e+15 1.07836e+14 2.55024e+12 6.04039e+10 1.43159e+09 3.24618e+07
1.10124e+07 4.65339e+08 1.87472e+10 7.55883e+11 3.06437e+13 1.48187e+15 1.29889e+17 4.52393e+17 9.14639e+17 1.43598e+18 1.92633e+18 2.30389e+18 2.50843e+18 2.50843e+18 2.30389e+18 1.92633e+18 1.43598e+18 9.14639e+17 4.52393e+17 1.29889e+17 1.48187e+15 3.06437e+13 7.55883e+11 1.87472e+10 4.65339e+08 1.10124e+07
1.90716e+06 6.64778e+07 2.02945e+09 5.40305e+10 1.09335e+12 1.63158e+13 1.36527e+15 4.92514e+15 1.00692e+16 1.58493e+16 2.12381e+16 2.53469e+16 2.7556e+16 2.7556e+16 2.53469e+16 2.12381e+16 1.58493e+16 1.00692e+16 4.92514e+15 1.36527e+15 1.63158e+13 1.09335e+12 5.40305e+10 2.02945e+09 6.64778e+07 1.90716e+06
207714 5.91008e+06 1.39772e+08 2.78834e+09 4.68953e+10 9.77432e+11 2.74874e+13 9.68661e+13 1.97984e+14 3.11804e+14 4.1794e+14 4.98851e+14 5.42344e+14 5.42344e+14 4.98851e+14 4.1794e+14 3.11804e+14 1.97984e+14 9.68661e+13 2.74874e+13 9.77432e+11 4.68953e+10 2.78834e+09 1.39772e+08 5.91008e+06 207714
17018.2 411906 8.26223e+06 1.48614e+08 2.60594e+09 4.83559e+10 6.7798e+11 2.29052e+12 4.66076e+12 7.33841e+12 9.84029e+12 1.17505e+13 1.27784e+13 1.27784e+13 1.17505e+13 9.84029e+12 7.33841e+12 4.66076e+12 2.29052e+12 6.7798e+11 4.83559e+10 2.60594e+09 1.48614e+08 8.26223e+06 411906 17018.2
1176.16 25416.7 463105 7.86921e+06 1.27559e+08 1.8174e+09 1.68139e+10 5.42451e+10 1.09669e+11 1.72558e+11 2.31457e+11 2.76499e+11 3.00761e+11 3.00761e+11 2.76499e+11 2.31457e+11 1.72558e+11 1.09669e+11 5.42451e+10 1.68139e+10 1.8174e+09 1.27559e+08 7.86921e+06 463105 25416.7 1176.16
72.7682 1449.03 24465.6 382020 5.34443e+06 5.95486e+07 4.17321e+08 1.28544e+09 2.57795e+09 4.05155e+09 5.43536e+09 6.4954e+09 7.06701e+09 7.06701e+09 6.4954e+09 5.43536e+09 4.05155e+09 2.57795e+09 1.28544e+09 4.17321e+08 5.95486e+07 5.34443e+06 382020 24465.6 1449.03 72.7682
3.78757 70.6397 1105.21 15570.8 187076 1.70857e+06 9.87521e+06 2.91437e+07 5.79321e+07 9.09056e+07 1.21957e+08 1.45785e+08 1.58647e+08 1.58647e+08 1.45785e+08 1.21957e+08 9.09056e+07 5.79321e+07 2.91437e+07 9.87521e+06 1.70857e+06 187076 15570.8 1105.21 70.6397 3.78757
