5.91148e-06 0.00011037 0.0017364 0.0246845 0.299299 2.75095 15.9461 47.1315 93.9852 148.246 200.119 240.541 262.611 262.611 240.541 200.119 148.246 93.9852 47.1315 15.9461 2.75095 0.299299 0.0246845 0.0017364 0.00011037 5.91148e-06
0.000112588 0.00223643 0.0378673 0.596982 8.45967 95.2226 670.442 2068.57 4162.37 6577.94 8883.26 10678.6 11658.6 11658.6 10678.6 8883.26 6577.94 4162.37 2068.57 670.442 95.2226 8.45967 0.596982 0.0378673 0.00223643 0.000112587
0.00181027 0.0388451 0.70549 12.0638 198.828 2881.26 26867.1 86833.6 176166 278825 376655 452806 494370 494370 452806 376655 278825 176166 86833.6 26867.1 2881.26 198.828 12.0638 0.70549 0.0388451 0.00181027
0.0262014 0.627775 12.4609 223.156 3968.03 75786 1.07794e+06 3.64834e+06 7.45028e+06 1.18041e+07 1.59487e+07 1.91738e+07 2.0934e+07 2.0934e+07 1.91738e+07 1.59487e+07 1.18041e+07 7.45028e+06 3.64834e+06 1.07794e+06 75786 3968.03 223.156 12.4609 0.627775 0.0262014
0.321288 9.05094 211.268 4147.75 69056.7 1.49979e+06 4.35209e+07 1.53625e+08 3.1514e+08 4.99604e+08 6.75093e+08 8.11626e+08 8.86135e+08 8.86135e+08 8.11626e+08 6.75093e+08 4.99604e+08 3.1514e+08 1.53625e+08 4.35209e+07 1.49979e+06 69056.7 4147.75 211.268 9.05094 0.321288
2.96841 102.692 3104.48 81526.2 1.60754e+06 2.32312e+07 2.1437e+09 7.74523e+09 1.58874e+10 2.51666e+10 3.39896e+10 4.08528e+10 4.45981e+10 4.45981e+10 4.08528e+10 3.39896e+10 2.51666e+10 1.58874e+10 7.74523e+09 2.1437e+09 2.32312e+07 1.60754e+06 81526.2 3104.48 102.692 2.96841
17.2326 724.521 29034.1 1.1649e+06 4.7034e+07 2.28353e+09 2.04251e+11 7.10682e+11 1.43705e+12 2.26086e+12 3.04276e+12 3.65073e+12 3.98252e+12 3.98252e+12 3.65073e+12 3.04276e+12 2.26086e+12 1.43705e+12 7.10682e+11 2.04251e+11 2.28353e+09 4.7034e+07 1.1649e+06 29034.1 724.521 17.2326
50.9339 2235.49 93842.6 3.94295e+06 1.66037e+08 8.26068e+09 7.13317e+11 2.47607e+12 5.00236e+12 7.86664e+12 1.05849e+13 1.26985e+13 1.38519e+13 1.38519e+13 1.26985e+13 1.05849e+13 7.86664e+12 5.00236e+12 2.47607e+12 7.13317e+11 8.26068e+09 1.66037e+08 3.94295e+06 93842.6 2235.49 50.9339
101.517 4495.96 190286 8.04752e+06 3.40408e+08 1.69413e+10 1.44379e+12 5.00734e+12 1.01131e+13 1.59013e+13 2.13942e+13 2.56652e+13 2.7996e+13 2.7996e+13 2.56652e+13 2.13942e+13 1.59013e+13 1.01131e+13 5.00734e+12 1.44379e+12 1.69413e+10 3.40408e+08 8.04752e+06 190286 4495.96 101.517
160.018 7100.14 300955 1.27408e+07 5.39246e+08 2.68201e+10 2.27185e+12 7.87598e+12 1.59044e+13 2.50055e+13 3.36421e+13 4.03575e+13 4.40224e+13 4.40224e+13 4.03575e+13 3.36421e+13 2.50055e+13 1.59044e+13 7.87598e+12 2.27185e+12 2.68201e+10 5.39246e+08 1.27408e+07 300955 7100.14 160.018
215.861 9581.66 406252 1.72013e+07 7.28091e+08 3.6198e+10 3.05711e+12 1.05962e+13 2.1396e+13 3.36384e+13 4.5256e+13 5.42892e+13 5.9219e+13 5.9219e+13 5.42892e+13 4.5256e+13 3.36384e+13 2.1396e+13 1.05962e+13 3.05711e+12 3.6198e+10 7.28091e+08 1.72013e+07 406252 9581.66 215.861
259.318 11511.5 488099 2.06672e+07 8.74792e+08 4.34821e+10 3.66718e+12 1.27096e+13 2.56625e+13 4.03456e+13 5.42792e+13 6.51131e+13 7.10257e+13 7.10257e+13 6.51131e+13 5.42792e+13 4.03456e+13 2.56625e+13 1.27096e+13 3.66718e+12 4.34821e+10 8.74792e+08 2.06672e+07 488099 11511.5 259.318
283.025 12564.1 532729 2.25568e+07 9.54767e+08 4.74529e+10 3.9999e+12 1.38622e+13 2.79896e+13 4.40038e+13 5.92006e+13 7.10168e+13 7.74654e+13 7.74654e+13 7.10168e+13 5.92006e+13 4.40038e+13 2.79896e+13 1.38622e+13 3.9999e+12 4.74529e+10 9.54767e+08 2.25568e+07 532729 12564.1 283.025
283.025 12564.1 532729 2.25568e+07 9.54767e+08 4.74529e+10 3.9999e+12 1.38622e+13 2.79896e+13 4.40038e+13 5.92006e+13 7.10168e+13 7.74654e+13 7.74654e+13 7.10168e+13 5.92006e+13 4.40038e+13 2.79896e+13 1.38622e+13 3.9999e+12 4.74529e+10 9.54767e+08 2.25568e+07 532729 12564.1 283.025
259.318 11511.5 488099 2.06672e+07 8.74792e+08 4.34821e+10 3.66718e+12 1.27096e+13 2.56625e+13 4.03456e+13 5.42792e+13 6.51131e+13 7.10257e+13 7.10257e+13 6.51131e+13 5.42792e+13 4.03456e+13 2.56625e+13 1.27096e+13 3.66718e+12 4.34821e+10 8.74792e+08 2.06672e+07 488099 11511.5 259.318
215.861 9581.66 406252 1.72013e+07 7.28091e+08 3.6198e+10 3.05711e+12 1.05962e+13 2.1396e+13 3.36384e+13 4.5256e+13 5.42892e+13 5.9219e+13 5.9219e+13 5.42892e+13 4.5256e+13 3.36384e+13 2.1396e+13 1.05962e+13 3.05711e+12 3.6198e+10 7.28091e+08 1.72013e+07 406252 9581.66 215.861
160.018 7100.14 300955 1.27408e+07 5.39246e+08 2.68201e+10 2.27185e+12 7.87598e+12 1.59044e+13 2.50055e+13 3.36421e+13 4.03575e+13 4.40224e+13 4.40224e+13 4.03575e+13 3.36421e+13 2.50055e+13 1.59044e+13 7.87598e+12 2.27185e+12 2.68201e+10 5.39246e+08 1.27408e+07 300955 7100.14 160.018
101.517 4495.96 190286 8.04752e+06 3.40408e+08 1.69413e+10 1.44379e+12 5.00734e+12 1.01131e+13 1.59013e+13 2.13942e+13 2.56652e+13 2.7996e+13 2.7996e+13 2.56652e+13 2.13942e+13 1.59013e+13 1.01131e+13 5.00734e+12 1.44379e+12 1.69413e+10 3.40408e+08 8.04752e+06 190286 4495.96 101.517
50.9339 2235.49 93842.6 3.94295e+06 1.66037e+08 8.26068e+09 7.13317e+11 2.47607e+12 5.00236e+12 7.86664e+12 1.05849e+13 1.26985e+13 1.38519e+13 1.38519e+13 1.26985e+13 1.05849e+13 7.86664e+12 5.00236e+12 2.47607e+12 7.13317e+11 8.26068e+09 1.66037e+08 3.94295e+06 93842.6 2235.49 50.9339
17.2326 724.521 29034.1 1.1649e+06 4.7034e+07 2.28353e+09 2.04251e+11 7.10682e+11 1.43705e+12 2.26086e+12 3.04276e+12 3.65073e+12 3.98252e+12 3.98252e+12 3.65073e+12 3.04276e+12 2.26086e+12 1.43705e+12 7.10682e+11 2.04251e+11 2.28353e+09 4.7034e+07 1.1649e+06 29034.1 724.521 17.2326
2.96841 102.692 3104.48 81526.2 1.60754e+06 2.32312e+07 2.1437e+09 7.74523e+09 1.58874e+10 2.51666e+10 3.39896e+10 4.08528e+10 4.45981e+10 4.45981e+10 4.08528e+10 3.39896e+10 2.51666e+10 1.58874e+10 7.74523e+09 2.1437e+09 2.32312e+07 1.60754e+06 81526.2 3104.48 102.692 2.96841
0.321288 9.05094 211.268 4147.75 69056.7 1.49979e+06 4.35209e+07 1.53625e+08 3.1514e+08 4.99604e+08 6.75093e+08 8.11626e+08 8.86135e+08 8.86135e+08 8.11626e+08 6.75093e+08 4.99604e+08 3.1514e+08 1.53625e+08 4.35209e+07 1.49979e+06 69056.7 4147.75 211.268 9.05094 0.321288
0.0262014 0.627775 12.4609 223.156 3968.03 75786 1.07794e+06 3.64834e+06 7.45028e+06 1.18041e+07 1.59487e+07 1.91738e+07 2.0934e+07 2.0934e+07 1.91738e+07 1.59487e+07 1.18041e+07 7.45028e+06 3.64834e+06 1.07794e+06 75786 3968.03 223.156 12.4609 0.627775 0.0262014
0.00181027 0.0388451 0.70549 12.0638 198.828 2881.26 26867.1 86833.6 176166 278825 376655 452806 494370 494370 452806 376655 278825 176166 86833.6 26867.1 2881.26 198.828 12.0638 0.70549 0.0388451 0.00181027
0.000112587 0.00223643 0.0378673 0.596982 8.45967 95.2226 670.442 2068.57 4162.37 6577.94 8883.26 10678.6 11658.6 11658.6 10678.6 8883.26 6577.94 4162.37 2068.57 670.442 95.2226 8.45967 0.596982 0.0378673 0.00223643 0.000112587
5.91148e-06 0.00011037 0.0017364 0.0246845 0.299299 2.75095 15.9461 47.1315 93.9852 148.246 200.119 240.541 262.611 262.611 240.541 200.119 148.246 93.9852 47.1315 15.9461 2.75095 0.299299 0.0246845 0.0017364 0.00011037 5.91148e-06
