2.64955e-07 4.96232e-06 7.84626e-05 0.00112225 0.0136871 0.126378 0.734898 2.17795 4.3559 6.8919 9.32965 11.2382 12.2836 12.2836 11.2382 9.32965 6.8919 4.3559 2.17795 0.734898 0.126378 0.0136871 0.00112225 7.84626e-05 4.96232e-06 2.64955e-07
5.04082e-06 0.000100309 0.00170534 0.027058 0.386208 4.37272 30.9017 95.6083 192.972 305.938 414.368 499.224 545.699 545.699 499.224 414.368 305.938 192.972 95.6083 30.9017 4.37272 0.386208 0.027058 0.00170534 0.000100309 5.04082e-06
8.10887e-05 0.00173993 0.0316548 0.544175 9.04718 132.185 1238.37 4013.89 8169.18 12972.8 17577.9 21180.9 23154.2 23154.2 21180.9 17577.9 12972.8 8169.18 4013.89 1238.37 132.185 9.04718 0.544175 0.0316548 0.00173993 8.10887e-05
0.00117665 0.0281537 0.558172 10.0085 179.395 3469.59 49680.3 168648 345533 549354 744598 897335 980989 980989 897335 744598 549354 345533 168648 49680.3 3469.59 179.395 10.0085 0.558172 0.0281537 0.00117665
0.0144873 0.407534 9.4899 185.668 3087.96 68266.2 2.00543e+06 7.10092e+06 1.46164e+07 2.32556e+07 3.15279e+07 3.79995e+07 4.15441e+07 4.15441e+07 3.79995e+07 3.15279e+07 2.32556e+07 1.46164e+07 7.10092e+06 2.00543e+06 68266.2 3087.96 185.668 9.4899 0.407534 0.0144873
0.134457 4.64845 140.331 3674.32 71892.7 1.02894e+06 9.85566e+07 3.57239e+08 7.35306e+08 1.16895e+09 1.58391e+09 1.90846e+09 2.0862e+09 2.0862e+09 1.90846e+09 1.58391e+09 1.16895e+09 7.35306e+08 3.57239e+08 9.85566e+07 1.02894e+06 71892.7 3674.32 140.331 4.64845 0.134457
0.783764 32.9567 1320.75 52987.3 2.1391e+06 1.04091e+08 9.39025e+09 3.27351e+10 6.63342e+10 1.04593e+11 1.41051e+11 1.69494e+11 1.85051e+11 1.85051e+11 1.69494e+11 1.41051e+11 1.04593e+11 6.63342e+10 3.27351e+10 9.39025e+09 1.04091e+08 2.1391e+06 52987.3 1320.75 32.9567 0.783764
2.32374 102.016 4283.24 179982 7.57883e+06 3.77801e+08 3.2847e+10 1.14218e+11 2.3122e+11 3.64385e+11 4.91245e+11 5.90201e+11 6.44321e+11 6.44321e+11 5.90201e+11 4.91245e+11 3.64385e+11 2.3122e+11 1.14218e+11 3.2847e+10 3.77801e+08 7.57883e+06 179982 4283.24 102.016 2.32374
4.64628 205.85 8714.98 368646 1.55953e+07 7.77582e+08 6.66272e+10 2.31454e+11 4.68371e+11 7.37971e+11 9.94779e+11 1.19509e+12 1.30464e+12 1.30464e+12 1.19509e+12 9.94779e+11 7.37971e+11 4.68371e+11 2.31454e+11 6.66272e+10 7.77582e+08 1.55953e+07 368646 8714.98 205.85 4.64628
7.34755 326.181 13831.9 585771 2.47987e+07 1.2356e+09 1.05085e+11 3.64862e+11 7.38194e+11 1.16299e+12 1.5676e+12 1.8832e+12 2.05579e+12 2.05579e+12 1.8832e+12 1.5676e+12 1.16299e+12 7.38194e+11 3.64862e+11 1.05085e+11 1.2356e+09 2.47987e+07 585771 13831.9 326.181 7.34755
9.94085 441.529 18730.9 793469 3.35987e+07 1.67331e+09 1.41711e+11 4.91891e+11 9.95091e+11 1.56762e+12 2.11295e+12 2.53828e+12 2.77089e+12 2.77089e+12 2.53828e+12 2.11295e+12 1.56762e+12 9.95091e+11 4.91891e+11 1.41711e+11 1.67331e+09 3.35987e+07 793469 18730.9 441.529 9.94085
11.9689 531.692 22559 955743 4.0474e+07 2.01522e+09 1.70269e+11 5.90924e+11 1.19536e+12 1.88307e+12 2.53807e+12 3.04895e+12 3.32834e+12 3.32834e+12 3.04895e+12 2.53807e+12 1.88307e+12 1.19536e+12 5.90924e+11 1.70269e+11 2.01522e+09 4.0474e+07 955743 22559 531.692 11.9689
13.0788 581.033 24653.8 1.04454e+06 4.42364e+07 2.20231e+09 1.85882e+11 6.45064e+11 1.30485e+12 2.05551e+12 2.77047e+12 3.32812e+12 3.63308e+12 3.63308e+12 3.32812e+12 2.77047e+12 2.05551e+12 1.30485e+12 6.45064e+11 1.85882e+11 2.20231e+09 4.42364e+07 1.04454e+06 24653.8 581.033 13.0788
13.0788 581.033 24653.8 1.04454e+06 4.42364e+07 2.20231e+09 1.85882e+11 6.45064e+11 1.30485e+12 2.05551e+12 2.77047e+12 3.32812e+12 3.63308e+12 3.63308e+12 3.32812e+12 2.77047e+12 2.05551e+12 1.30485e+12 6.45064e+11 1.85882e+11 2.20231e+09 4.42364e+07 1.04454e+06 24653.8 581.033 13.0788
11.9689 531.692 22559 955743 4.0474e+07 2.01522e+09 1.70269e+11 5.90924e+11 1.19536e+12 1.88307e+12 2.53807e+12 3.04895e+12 3.32834e+12 3.32834e+12 3.04895e+12 2.53807e+12 1.88307e+12 1.19536e+12 5.90924e+11 1.70269e+11 2.01522e+09 4.0474e+07 955743 22559 531.692 11.9689
9.94085 441.529 18730.9 793469 3.35987e+07 1.67331e+09 1.41711e+11 4.91891e+11 9.95091e+11 1.56762e+12 2.11295e+12 2.53828e+12 2.77089e+12 2.77089e+12 2.53828e+12 2.11295e+12 1.56762e+12 9.95091e+11 4.91891e+11 1.41711e+11 1.67331e+09 3.35987e+07 793469 18730.9 441.529 9.94085
7.34755 326.181 13831.9 585771 2.47987e+07 1.2356e+09 1.05085e+11 3.64862e+11 7.38194e+11 1.16299e+12 1.5676e+12 1.8832e+12 2.05579e+12 2.05579e+12 1.8832e+12 1.5676e+12 1.16299e+12 7.38194e+11 3.64862e+11 1.05085e+11 1.2356e+09 2.47987e+07 585771 13831.9 326.181 7.34755
4.64628 205.85 8714.98 368646 1.55953e+07 7.77582e+08 6.66272e+10 2.31454e+11 4.68371e+11 7.37971e+11 9.94779e+11 1.19509e+12 1.30464e+12 1.30464e+12 1.19509e+12 9.94779e+11 7.37971e+11 4.68371e+11 2.31454e+11 6.66272e+10 7.77582e+08 1.55953e+07 368646 8714.98 205.85 4.64628
2.32374 102.016 4283.24 179982 7.57883e+06 3.77801e+08 3.2847e+10 1.14218e+11 2.3122e+11 3.64385e+11 4.91245e+11 5.90201e+11 6.44321e+11 6.44321e+11 5.90201e+11 4.91245e+11 3.64385e+11 2.3122e+11 1.14218e+11 3.2847e+10 3.77801e+08 7.57883e+06 179982 4283.24 102.016 2.32374
0.783764 32.9567 1320.75 52987.3 2.1391e+06 1.04091e+08 9.39025e+09 3.27351e+10 6.63342e+10 1.04593e+11 1.41051e+11 1.69494e+11 1.85051e+11 1.85051e+11 1.69494e+11 1.41051e+11 1.04593e+11 6.63342e+10 3.27351e+10 9.39025e+09 1.04091e+08 2.1391e+06 52987.3 1320.75 32.9567 0.783764
0.134457 4.64845 140.331 3674.32 71892.7 1.02894e+06 9.85566e+07 3.57239e+08 7.35306e+08 1.16895e+09 1.58391e+09 1.90846e+09 2.0862e+09 2.0862e+09 1.90846e+09 1.58391e+09 1.16895e+09 7.35306e+08 3.57239e+08 9.85566e+07 1.02894e+06 71892.7 3674.32 140.331 4.64845 0.134457
0.0144873 0.407534 9.4899 185.668 3087.96 68266.2 2.00543e+06 7.10092e+06 1.46164e+07 2.32556e+07 3.15279e+07 3.79995e+07 4.15441e+07 4.15441e+07 3.79995e+07 3.15279e+07 2.32556e+07 1.46164e+07 7.10092e+06 2.00543e+06 68266.2 3087.96 185.668 9.4899 0.407534 0.0144873
0.00117665 0.0281537 0.558172 10.0085 179.395 3469.59 49680.3 168648 345533 549354 744598 897335 980989 980989 897335 744598 549354 345533 168648 49680.3 3469.59 179.395 10.0085 0.558172 0.0281537 0.00117665
8.10887e-05 0.00173993 0.0316548 0.544175 9.04718 132.185 1238.37 4013.89 8169.18 12972.8 17577.9 21180.9 23154.2 23154.2 21180.9 17577.9 12972.8 8169.18 4013.89 1238.37 132.185 9.04718 0.544175 0.0316548 0.00173993 8.10887e-05
5.04082e-06 0.000100309 0.00170534 0.027058 0.386208 4.37272 30.9017 95.6083 192.972 305.938 414.368 499.224 545.699 545.699 499.224 414.368 305.938 192.972 95.6083 30.9017 4.37272 0.386208 0.027058 0.00170534 0.000100309 5.04082e-06
2.64955e-07 4.96232e-06 7.84626e-05 0.00112225 0.0136871 0.126378 0.734898 2.17795 4.3559 6.8919 9.32965 11.2382 12.2836 12.2836 11.2382 9.32965 6.8919 4.3559 2.17795 0.734898 0.126378 0.0136871 0.00112225 7.84626e-05 4.96232e-06 2.64955e-07
