0.0234978 0.435988 6.77711 94.8257 1132.25 10293.7 59367.7 175461 350268 553083 747167 898452 981054 981054 898452 747167 553083 350268 175461 59367.7 10293.7 1132.25 94.8257 6.77711 0.435988 0.0234978
0.45062 8.933 149.912 2323.95 32278.3 357645 2.49943e+06 7.70957e+06 1.55294e+07 2.45665e+07 3.31982e+07 3.99212e+07 4.35907e+07 4.35907e+07 3.99212e+07 3.31982e+07 2.45665e+07 1.55294e+07 7.70957e+06 2.49943e+06 357645 32278.3 2323.95 149.912 8.933 0.45062
7.26308 156.409 2836.06 47866 769473 1.08834e+07 1.00315e+08 3.24067e+08 6.58139e+08 1.04267e+09 1.40934e+09 1.69475e+09 1.85048e+09 1.85048e+09 1.69475e+09 1.40934e+09 1.04267e+09 6.58139e+08 3.24067e+08 1.00315e+08 1.08834e+07 769473 47866 2836.06 156.409 7.26308
104.698 2527.34 50534.3 904801 1.57361e+07 2.89017e+08 4.03057e+09 1.36339e+10 2.78712e+10 4.41998e+10 5.97509e+10 7.18489e+10 7.84488e+10 7.84488e+10 7.18489e+10 5.97509e+10 4.41998e+10 2.78712e+10 1.36339e+10 4.03057e+09 2.89017e+08 1.57361e+07 904801 50534.3 2527.34 104.698
1272.4 36110.8 852060 1.69682e+07 2.84447e+08 5.84662e+09 1.62911e+11 5.74739e+11 1.18031e+12 1.8729e+12 2.53197e+12 3.04451e+12 3.32405e+12 3.32405e+12 3.04451e+12 2.53197e+12 1.8729e+12 1.18031e+12 5.74739e+11 1.62911e+11 5.84662e+09 2.84447e+08 1.69682e+07 852060 36110.8 1272.4
11636.3 404358 1.23098e+07 3.27164e+08 6.62852e+09 9.90124e+10 8.08482e+12 2.91804e+13 5.99146e+13 9.49852e+13 1.28336e+14 1.54266e+14 1.68407e+14 1.68407e+14 1.54266e+14 1.28336e+14 9.49852e+13 5.99146e+13 2.91804e+13 8.08482e+12 9.90124e+10 6.62852e+09 3.27164e+08 1.23098e+07 404358 11636.3
67031.8 2.82167e+06 1.13231e+08 4.54886e+09 1.8383e+11 8.85114e+12 7.69693e+14 2.6784e+15 5.42153e+15 8.53696e+15 1.14957e+16 1.37964e+16 1.50517e+16 1.50517e+16 1.37964e+16 1.14957e+16 8.53696e+15 5.42153e+15 2.6784e+15 7.69693e+14 8.85114e+12 1.8383e+11 4.54886e+09 1.13231e+08 2.82167e+06 67031.8
197893 8.69327e+06 3.65332e+08 1.53665e+10 6.47628e+11 3.1989e+13 2.69191e+15 9.34423e+15 1.88949e+16 2.97364e+16 4.003e+16 4.80335e+16 5.24005e+16 5.24005e+16 4.80335e+16 4.003e+16 2.97364e+16 1.88949e+16 9.34423e+15 2.69191e+15 3.1989e+13 6.47628e+11 1.53665e+10 3.65332e+08 8.69327e+06 197893
394688 1.74945e+07 7.41235e+08 3.13824e+10 1.32868e+12 6.56708e+13 5.45695e+15 1.89232e+16 3.82466e+16 6.01744e+16 8.09899e+16 9.71725e+16 1.06002e+17 1.06002e+17 9.71725e+16 8.09899e+16 6.01744e+16 3.82466e+16 1.89232e+16 5.45695e+15 6.56708e+13 1.32868e+12 3.13824e+10 7.41235e+08 1.74945e+07 394688
622711 2.76518e+07 1.1733e+09 4.97238e+10 2.10641e+12 1.04055e+14 8.59635e+15 2.97941e+16 6.02014e+16 9.46986e+16 1.2744e+17 1.52892e+17 1.66777e+17 1.66777e+17 1.52892e+17 1.2744e+17 9.46986e+16 6.02014e+16 2.97941e+16 8.59635e+15 1.04055e+14 2.10641e+12 4.97238e+10 1.1733e+09 2.76518e+07 622711
840623 3.734e+07 1.5847e+09 6.71657e+10 2.84535e+12 1.40503e+14 1.15755e+16 4.01082e+16 8.10278e+16 1.27443e+17 1.7149e+17 2.05726e+17 2.24403e+17 2.24403e+17 2.05726e+17 1.7149e+17 1.27443e+17 8.10278e+16 4.01082e+16 1.15755e+16 1.40503e+14 2.84535e+12 6.71657e+10 1.5847e+09 3.734e+07 840623
1.01028e+06 4.48767e+07 1.90452e+09 8.07172e+10 3.41923e+12 1.68802e+14 1.38901e+16 4.81211e+16 9.72059e+16 1.52876e+17 2.05701e+17 2.46758e+17 2.69155e+17 2.69155e+17 2.46758e+17 2.05701e+17 1.52876e+17 9.72059e+16 4.81211e+16 1.38901e+16 1.68802e+14 3.41923e+12 8.07172e+10 1.90452e+09 4.48767e+07 1.01028e+06
1.10285e+06 4.89871e+07 2.07889e+09 8.81034e+10 3.73195e+12 1.84221e+14 1.51523e+16 5.24905e+16 1.06027e+17 1.66743e+17 2.24354e+17 2.69128e+17 2.93553e+17 2.93553e+17 2.69128e+17 2.24354e+17 1.66743e+17 1.06027e+17 5.24905e+16 1.51523e+16 1.84221e+14 3.73195e+12 8.81034e+10 2.07889e+09 4.89871e+07 1.10285e+06
1.10285e+06 4.89871e+07 2.07889e+09 8.81034e+10 3.73195e+12 1.84221e+14 1.51523e+16 5.24905e+16 1.06027e+17 1.66743e+17 2.24354e+17 2.69128e+17 2.93553e+17 2.93553e+17 2.69128e+17 2.24354e+17 1.66743e+17 1.06027e+17 5.24905e+16 1.51523e+16 1.84221e+14 3.73195e+12 8.81034e+10 2.07889e+09 4.89871e+07 1.10285e+06
1.01028e+06 4.48767e+07 1.90452e+09 8.07172e+10 3.41923e+12 1.68802e+14 1.38901e+16 4.81211e+16 9.72059e+16 1.52876e+17 2.05701e+17 2.46758e+17 2.69155e+17 2.69155e+17 2.46758e+17 2.05701e+17 1.52876e+17 9.72059e+16 4.81211e+16 1.38901e+16 1.68802e+14 3.41923e+12 8.07172e+10 1.90452e+09 4.48767e+07 1.01028e+06
840623 3.734e+07 1.5847e+09 6.71657e+10 2.84535e+12 1.40503e+14 1.15755e+16 4.01082e+16 8.10278e+16 1.27443e+17 1.7149e+17 2.05726e+17 2.24403e+17 2.24403e+17 2.05726e+17 1.7149e+17 1.27443e+17 8.10278e+16 4.01082e+16 1.15755e+16 1.40503e+14 2.84535e+12 6.71657e+10 1.5847e+09 3.734e+07 840623
622711 2.76518e+07 1.1733e+09 4.97238e+10 2.10641e+12 1.04055e+14 8.59635e+15 2.97941e+16 6.02014e+16 9.46986e+16 1.2744e+17 1.52892e+17 1.66777e+17 1.66777e+17 1.52892e+17 1.2744e+17 9.46986e+16 6.02014e+16 2.97941e+16 8.59635e+15 1.04055e+14 2.10641e+12 4.97238e+10 1.1733e+09 2.76518e+07 622711
394688 1.74945e+07 7.41235e+08 3.13824e+10 1.32868e+12 6.56708e+13 5.45695e+15 1.89232e+16 3.82466e+16 6.01744e+16 8.09899e+16 9.71725e+16 1.06002e+17 1.06002e+17 9.71725e+16 8.09899e+16 6.01744e+16 3.82466e+16 1.89232e+16 5.45695e+15 6.56708e+13 1.32868e+12 3.13824e+10 7.41235e+08 1.74945e+07 394688
197893 8.69327e+06 3.65332e+08 1.53665e+10 6.47628e+11 3.1989e+13 2.69191e+15 9.34423e+15 1.88949e+16 2.97364e+16 4.003e+16 4.80335e+16 5.24005e+16 5.24005e+16 4.80335e+16 4.003e+16 2.97364e+16 1.88949e+16 9.34423e+15 2.69191e+15 3.1989e+13 6.47628e+11 1.53665e+10 3.65332e+08 8.69327e+06 197893
67031.8 2.82167e+06 1.13231e+08 4.54886e+09 1.8383e+11 8.85114e+12 7.69693e+14 2.6784e+15 5.42153e+15 8.53696e+15 1.14957e+16 1.37964e+16 1.50517e+16 1.50517e+16 1.37964e+16 1.14957e+16 8.53696e+15 5.42153e+15 2.6784e+15 7.69693e+14 8.85114e+12 1.8383e+11 4.54886e+09 1.13231e+08 2.82167e+06 67031.8
11636.3 404358 1.23098e+07 3.27164e+08 6.62852e+09 9.90124e+10 8.08482e+12 2.91804e+13 5.99146e+13 9.49852e+13 1.28336e+14 1.54266e+14 1.68407e+14 1.68407e+14 1.54266e+14 1.28336e+14 9.49852e+13 5.99146e+13 2.91804e+13 8.08482e+12 9.90124e+10 6.62852e+09 3.27164e+08 1.23098e+07 404358 11636.3
1272.4 36110.8 852060 1.69682e+07 2.84447e+08 5.84662e+09 1.62911e+11 5.74739e+11 1.18031e+12 1.8729e+12 2.53197e+12 3.04451e+12 3.32405e+12 3.32405e+12 3.04451e+12 2.53197e+12 1.8729e+12 1.18031e+12 5.74739e+11 1.62911e+11 5.84662e+09 2.84447e+08 1.69682e+07 852060 36110.8 1272.4
104.698 2527.34 50534.3 904801 1.57361e+07 2.89017e+08 4.03057e+09 1.36339e+10 2.78712e+10 4.41998e+10 5.97509e+10 7.18489e+10 7.84488e+10 7.84488e+10 7.18489e+10 5.97509e+10 4.41998e+10 2.78712e+10 1.36339e+10 4.03057e+09 2.89017e+08 1.57361e+07 904801 50534.3 2527.34 104.698
7.26308 156.409 2836.06 47866 769473 1.08834e+07 1.00315e+08 3.24067e+08 6.58139e+08 1.04267e+09 1.40934e+09 1.69475e+09 1.85048e+09 1.85048e+09 1.69475e+09 1.40934e+09 1.04267e+09 6.58139e+08 3.24067e+08 1.00315e+08 1.08834e+07 769473 47866 2836.06 156.409 7.26308
0.45062 8.933 149.912 2323.95 32278.3 357645 2.49943e+06 7.70957e+06 1.55294e+07 2.45665e+07 3.31982e+07 3.99212e+07 4.35907e+07 4.35907e+07 3.99212e+07 3.31982e+07 2.45665e+07 1.55294e+07 7.70957e+06 2.49943e+06 357645 32278.3 2323.95 149.912 8.933 0.45062
0.0234978 0.435988 6.77711 94.8257 1132.25 10293.7 59367.7 175461 350268 553083 747167 898452 981054 981054 898452 747167 553083 350268 175461 59367.7 10293.7 1132.25 94.8257 6.77711 0.435988 0.0234978
