2.74159e-06 5.11337e-05 0.000803062 0.0113918 0.137847 1.26511 7.32736 21.6516 43.1709 68.0916 91.9154 110.48 120.617 120.617 110.48 91.9154 68.0916 43.1709 21.6516 7.32736 1.26511 0.137847 0.0113918 0.000803062 5.11337e-05 2.74159e-06
5.22439e-05 0.00103721 0.0175377 0.275857 3.89909 43.8003 308.062 950.219 1911.82 3021.15 4079.85 4904.35 5354.45 5354.45 4904.35 4079.85 3021.15 1911.82 950.219 308.062 43.8003 3.89909 0.275857 0.0175377 0.00103721 5.22439e-05
0.000840017 0.0180276 0.327236 5.58529 91.7635 1325.84 12344.8 39885.7 80910.1 128052 172977 207948 227035 227035 207948 172977 128052 80910.1 39885.7 12344.8 1325.84 91.7635 5.58529 0.327236 0.0180276 0.000840017
0.0121489 0.29126 5.78445 103.553 1835.98 34902.8 495271 1.67573e+06 3.42161e+06 5.42083e+06 7.324e+06 8.80499e+06 9.61327e+06 9.61327e+06 8.80499e+06 7.324e+06 5.42083e+06 3.42161e+06 1.67573e+06 495271 34902.8 1835.98 103.553 5.78445 0.29126 0.0121489
0.148777 4.19376 97.9871 1926.37 32087.5 692265 1.99956e+07 7.05593e+07 1.44725e+08 2.29425e+08 3.10004e+08 3.72698e+08 4.06911e+08 4.06911e+08 3.72698e+08 3.10004e+08 2.29425e+08 1.44725e+08 7.05593e+07 1.99956e+07 692265 32087.5 1926.37 97.9871 4.19376 0.148777
1.37259 47.499 1436.74 37772.9 746991 1.08341e+07 9.85652e+08 3.55974e+09 7.3009e+09 1.15643e+10 1.5618e+10 1.87713e+10 2.04922e+10 2.04922e+10 1.87713e+10 1.5618e+10 1.15643e+10 7.3009e+09 3.55974e+09 9.85652e+08 1.08341e+07 746991 37772.9 1436.74 47.499 1.37259
7.9593 334.62 13408.7 537954 2.17193e+07 1.0534e+09 9.39125e+10 3.26691e+11 6.60528e+11 1.03912e+12 1.39844e+12 1.67783e+12 1.8303e+12 1.8303e+12 1.67783e+12 1.39844e+12 1.03912e+12 6.60529e+11 3.26691e+11 9.39125e+10 1.0534e+09 2.17193e+07 537954 13408.7 334.62 7.9593
23.5159 1032.02 43319.2 1.81999e+06 7.66338e+07 3.80917e+09 3.27954e+11 1.13815e+12 2.29917e+12 3.61543e+12 4.86454e+12 5.83577e+12 6.3658e+12 6.3658e+12 5.83577e+12 4.86454e+12 3.61543e+12 2.29917e+12 1.13815e+12 3.27954e+11 3.80917e+09 7.66338e+07 1.81999e+06 43319.2 1032.02 23.5159
46.8629 2075.26 87825.2 3.71398e+06 1.57089e+08 7.81095e+09 6.63769e+11 2.3016e+12 4.64797e+12 7.30779e+12 9.83184e+12 1.17944e+13 1.28654e+13 1.28654e+13 1.17944e+13 9.83184e+12 7.30779e+12 4.64797e+12 2.30159e+12 6.63769e+11 7.81095e+09 1.57089e+08 3.71398e+06 87825.2 2075.26 46.8629
73.8636 3277.1 138895 5.87957e+06 2.48831e+08 1.2365e+10 1.04443e+12 3.62006e+12 7.30948e+12 1.14916e+13 1.54601e+13 1.85457e+13 2.02297e+13 2.02297e+13 1.85457e+13 1.54601e+13 1.14916e+13 7.30948e+12 3.62006e+12 1.04443e+12 1.2365e+10 2.48831e+08 5.87957e+06 138895 3277.1 73.8636
99.6385 4422.36 187486 7.9378e+06 3.35964e+08 1.66882e+10 1.40542e+12 4.8703e+12 9.83322e+12 1.54587e+13 2.07969e+13 2.49475e+13 2.72127e+13 2.72127e+13 2.49475e+13 2.07969e+13 1.54587e+13 9.83322e+12 4.8703e+12 1.40542e+12 1.66882e+10 3.35964e+08 7.9378e+06 187486 4422.36 99.6385
119.698 5313.07 225258 9.53717e+06 4.03656e+08 2.00463e+10 1.68587e+12 5.84163e+12 1.1794e+13 1.85409e+13 2.49432e+13 2.99212e+13 3.2638e+13 3.26379e+13 2.99212e+13 2.49432e+13 1.85409e+13 1.1794e+13 5.84163e+12 1.68587e+12 2.00463e+10 4.03656e+08 9.53717e+06 225258 5313.07 119.698
130.641 5798.88 245856 1.04092e+07 4.4056e+08 2.1877e+10 1.83883e+12 6.37141e+12 1.28634e+13 2.0222e+13 2.72048e+13 3.26341e+13 3.55971e+13 3.55971e+13 3.26341e+13 2.72048e+13 2.0222e+13 1.28634e+13 6.37141e+12 1.83883e+12 2.1877e+10 4.4056e+08 1.04092e+07 245856 5798.88 130.641
130.641 5798.88 245856 1.04092e+07 4.4056e+08 2.1877e+10 1.83883e+12 6.37141e+12 1.28634e+13 2.0222e+13 2.72048e+13 3.26341e+13 3.55971e+13 3.55971e+13 3.26341e+13 2.72048e+13 2.0222e+13 1.28634e+13 6.37141e+12 1.83883e+12 2.1877e+10 4.4056e+08 1.04092e+07 245856 5798.88 130.641
119.698 5313.07 225258 9.53717e+06 4.03656e+08 2.00463e+10 1.68587e+12 5.84163e+12 1.1794e+13 1.85409e+13 2.49432e+13 2.99212e+13 3.26379e+13 3.2638e+13 2.99212e+13 2.49432e+13 1.85409e+13 1.1794e+13 5.84163e+12 1.68587e+12 2.00463e+10 4.03656e+08 9.53717e+06 225258 5313.07 119.698
99.6385 4422.36 187486 7.9378e+06 3.35964e+08 1.66882e+10 1.40542e+12 4.8703e+12 9.83322e+12 1.54587e+13 2.07969e+13 2.49475e+13 2.72127e+13 2.72127e+13 2.49475e+13 2.07969e+13 1.54587e+13 9.83322e+12 4.8703e+12 1.40542e+12 1.66882e+10 3.35964e+08 7.9378e+06 187486 4422.36 99.6385
73.8636 3277.1 138895 5.87957e+06 2.48831e+08 1.2365e+10 1.04443e+12 3.62006e+12 7.30948e+12 1.14916e+13 1.54601e+13 1.85457e+13 2.02297e+13 2.02297e+13 1.85457e+13 1.54601e+13 1.14916e+13 7.30948e+12 3.62006e+12 1.04443e+12 1.2365e+10 2.48831e+08 5.87957e+06 138895 3277.1 73.8636
46.8629 2075.26 87825.2 3.71398e+06 1.57089e+08 7.81095e+09 6.63769e+11 2.30159e+12 4.64797e+12 7.30779e+12 9.83184e+12 1.17944e+13 1.28654e+13 1.28654e+13 1.17944e+13 9.83184e+12 7.30779e+12 4.64797e+12 2.3016e+12 6.63769e+11 7.81095e+09 1.57089e+08 3.71398e+06 87825.2 2075.26 46.8629
23.5159 1032.02 43319.2 1.81999e+06 7.66338e+07 3.80917e+09 3.27954e+11 1.13815e+12 2.29917e+12 3.61543e+12 4.86454e+12 5.83577e+12 6.3658e+12 6.3658e+12 5.83577e+12 4.86454e+12 3.61543e+12 2.29917e+12 1.13815e+12 3.27954e+11 3.80917e+09 7.66338e+07 1.81999e+06 43319.2 1032.02 23.5159
7.9593 334.62 13408.7 537954 2.17193e+07 1.0534e+09 9.39125e+10 3.26691e+11 6.60529e+11 1.03912e+12 1.39844e+12 1.67783e+12 1.8303e+12 1.8303e+12 1.67783e+12 1.39844e+12 1.03912e+12 6.60528e+11 3.26691e+11 9.39125e+10 1.0534e+09 2.17193e+07 537954 13408.7 334.62 7.9593
1.37259 47.499 1436.74 37772.9 746991 1.08341e+07 9.85652e+08 3.55974e+09 7.3009e+09 1.15643e+10 1.5618e+10 1.87713e+10 2.04922e+10 2.04922e+10 1.87713e+10 1.5618e+10 1.15643e+10 7.3009e+09 3.55974e+09 9.85652e+08 1.08341e+07 746991 37772.9 1436.74 47.499 1.37259
0.148777 4.19376 97.9871 1926.37 32087.5 692265 1.99956e+07 7.05593e+07 1.44725e+08 2.29425e+08 3.10004e+08 3.72698e+08 4.06911e+08 4.06911e+08 3.72698e+08 3.10004e+08 2.29425e+08 1.44725e+08 7.05593e+07 1.99956e+07 692265 32087.5 1926.37 97.9871 4.19376 0.148777
0.0121489 0.29126 5.78445 103.553 1835.98 34902.8 495271 1.67573e+06 3.42161e+06 5.42083e+06 7.324e+06 8.80499e+06 9.61327e+06 9.61327e+06 8.80499e+06 7.324e+06 5.42083e+06 3.42161e+06 1.67573e+06 495271 34902.8 1835.98 103.553 5.78445 0.29126 0.0121489
0.000840017 0.0180276 0.327236 5.58529 91.7635 1325.84 12344.8 39885.7 80910.1 128052 172977 207948 227035 227035 207948 172977 128052 80910.1 39885.7 12344.8 1325.84 91.7635 5.58529 0.327236 0.0180276 0.000840017
5.22439e-05 0.00103721 0.0175377 0.275857 3.89909 43.8003 308.062 950.219 1911.82 3021.15 4079.85 4904.35 5354.45 5354.45 4904.35 4079.85 3021.15 1911.82 950.219 308.062 43.8003 3.89909 0.275857 0.0175377 0.00103721 5.22439e-05
2.74159e-06 5.11337e-05 0.000803062 0.0113918 0.137847 1.26511 7.32736 21.6516 43.1709 68.0916 91.9154 110.48 120.617 120.617 110.48 91.9154 68.0916 43.1709 21.6516 7.32736 1.26511 0.137847 0.0113918 0.000803062 5.11337e-05 2.74159e-06
