0.00101608 0.0191148 0.304192 4.38333 53.8347 499.837 2918.19 8676.93 17412.3 27638.5 37516.6 45279.7 49542.1 49542.1 45279.7 37516.6 27638.5 17412.3 8676.93 2918.19 499.837 53.8347 4.38333 0.304192 0.0191148 0.00101608
0.0193266 0.385789 6.59529 105.475 1518.32 17309.6 122883 381513 772770 1.22931e+06 1.66978e+06 2.01584e+06 2.20585e+06 2.20585e+06 2.01584e+06 1.66978e+06 1.22931e+06 772770 381513 122883 17309.6 1518.32 105.475 6.59529 0.385789 0.0193266
0.311336 6.6886 122.071 2112.92 35487.7 523366 4.93022e+06 1.60384e+07 3.27642e+07 5.22163e+07 7.09654e+07 8.56946e+07 9.37821e+07 9.37821e+07 8.56946e+07 7.09654e+07 5.22163e+07 3.27642e+07 1.60384e+07 4.93022e+06 523366 35487.7 2112.92 122.071 6.6886 0.311336
4.53377 108.464 2150.45 38658.1 699607 1.37209e+07 1.97949e+08 6.74545e+08 1.38749e+09 2.21423e+09 3.01063e+09 3.63631e+09 3.97989e+09 3.97989e+09 3.63631e+09 3.01063e+09 2.21423e+09 1.38749e+09 6.74545e+08 1.97949e+08 1.37209e+07 699607 38658.1 2150.45 108.464 4.53377
56.108 1578 36697.1 716116 1.19097e+07 2.68562e+08 7.99412e+09 2.842e+10 5.87421e+10 9.38309e+10 1.27626e+11 1.5418e+11 1.68764e+11 1.68764e+11 1.5418e+11 1.27626e+11 9.38309e+10 5.87421e+10 2.842e+10 7.99412e+09 2.68562e+08 1.19097e+07 716116 36697.1 1578 56.108
523.614 18113.5 546669 1.42831e+07 2.77394e+08 3.93245e+09 3.92087e+11 1.42731e+12 2.95041e+12 4.70919e+12 6.40207e+12 7.7319e+12 8.46216e+12 8.46216e+12 7.7319e+12 6.40207e+12 4.70919e+12 2.95041e+12 1.42731e+12 3.92087e+11 3.93245e+09 2.77394e+08 1.42831e+07 546669 18113.5 523.614
3067.17 129164 5.1826e+06 2.08103e+08 8.40551e+09 4.10177e+11 3.73528e+13 1.3059e+14 2.65439e+14 4.19756e+14 5.67449e+14 6.83055e+14 7.46416e+14 7.46416e+14 6.83055e+14 5.67449e+14 4.19756e+14 2.65439e+14 1.3059e+14 3.73528e+13 4.10177e+11 8.40551e+09 2.08103e+08 5.1826e+06 129164 3067.17
9126.29 401336 1.68747e+07 7.0985e+08 2.99133e+10 1.49504e+12 1.30977e+14 4.56677e+14 9.27206e+14 1.46534e+15 1.98017e+15 2.38306e+15 2.60384e+15 2.60384e+15 2.38306e+15 1.98017e+15 1.46534e+15 9.27206e+14 4.56677e+14 1.30977e+14 1.49504e+12 2.99133e+10 7.0985e+08 1.68747e+07 401336 9126.29
18309.4 812713 3.44636e+07 1.4597e+09 6.18104e+10 3.08983e+12 2.66438e+14 9.27967e+14 1.88324e+15 2.97549e+15 4.02029e+15 4.83785e+15 5.28586e+15 5.28586e+15 4.83785e+15 4.02029e+15 2.97549e+15 1.88324e+15 9.27967e+14 2.66438e+14 3.08983e+12 6.18104e+10 1.4597e+09 3.44636e+07 812713 18309.4
29044.1 1.29201e+06 5.48878e+07 2.32787e+09 9.86617e+10 4.92859e+12 4.21389e+14 1.46676e+15 2.97596e+15 4.70132e+15 6.3516e+15 7.64289e+15 8.35047e+15 8.35047e+15 7.64289e+15 6.3516e+15 4.70132e+15 2.97596e+15 1.46676e+15 4.21389e+14 4.92859e+12 9.86617e+10 2.32787e+09 5.48878e+07 1.29201e+06 29044.1
39396.1 1.75364e+06 7.4539e+07 3.16265e+09 1.34087e+11 6.69527e+12 5.69572e+14 1.98185e+15 4.02047e+15 6.3509e+15 8.5798e+15 1.03238e+16 1.12794e+16 1.12794e+16 1.03238e+16 8.5798e+15 6.3509e+15 4.02047e+15 1.98185e+15 5.69572e+14 6.69527e+12 1.34087e+11 3.16265e+09 7.4539e+07 1.75364e+06 39396.1
47519.2 2.11576e+06 8.99517e+07 3.81737e+09 1.61875e+11 8.08074e+12 6.85465e+14 2.38463e+15 4.83719e+15 7.64067e+15 1.03219e+16 1.24198e+16 1.35694e+16 1.35694e+16 1.24198e+16 1.03219e+16 7.64067e+15 4.83719e+15 2.38463e+15 6.85465e+14 8.08074e+12 1.61875e+11 3.81737e+09 8.99517e+07 2.11576e+06 47519.2
51974.4 2.31436e+06 9.84048e+07 4.17647e+09 1.77118e+11 8.84065e+12 7.48943e+14 2.60523e+15 5.28447e+15 8.34701e+15 1.1276e+16 1.35677e+16 1.48234e+16 1.48234e+16 1.35677e+16 1.1276e+16 8.34701e+15 5.28447e+15 2.60523e+15 7.48943e+14 8.84065e+12 1.77118e+11 4.17647e+09 9.84048e+07 2.31436e+06 51974.4
51974.4 2.31436e+06 9.84048e+07 4.17647e+09 1.77118e+11 8.84065e+12 7.48943e+14 2.60523e+15 5.28447e+15 8.34701e+15 1.1276e+16 1.35677e+16 1.48234e+16 1.48234e+16 1.35677e+16 1.1276e+16 8.34701e+15 5.28447e+15 2.60523e+15 7.48943e+14 8.84065e+12 1.77118e+11 4.17647e+09 9.84048e+07 2.31436e+06 51974.4
47519.2 2.11576e+06 8.99517e+07 3.81737e+09 1.61875e+11 8.08074e+12 6.85465e+14 2.38463e+15 4.83719e+15 7.64067e+15 1.03219e+16 1.24198e+16 1.35694e+16 1.35694e+16 1.24198e+16 1.03219e+16 7.64067e+15 4.83719e+15 2.38463e+15 6.85465e+14 8.08074e+12 1.61875e+11 3.81737e+09 8.99517e+07 2.11576e+06 47519.2
39396.1 1.75364e+06 7.4539e+07 3.16265e+09 1.34087e+11 6.69527e+12 5.69572e+14 1.98185e+15 4.02047e+15 6.3509e+15 8.5798e+15 1.03238e+16 1.12794e+16 1.12794e+16 1.03238e+16 8.5798e+15 6.3509e+15 4.02047e+15 1.98185e+15 5.69572e+14 6.69527e+12 1.34087e+11 3.16265e+09 7.4539e+07 1.75364e+06 39396.1
29044.1 1.29201e+06 5.48878e+07 2.32787e+09 9.86617e+10 4.92859e+12 4.21389e+14 1.46676e+15 2.97596e+15 4.70132e+15 6.3516e+15 7.64289e+15 8.35047e+15 8.35047e+15 7.64289e+15 6.3516e+15 4.70132e+15 2.97596e+15 1.46676e+15 4.21389e+14 4.92859e+12 9.86617e+10 2.32787e+09 5.48878e+07 1.29201e+06 29044.1
18309.4 812713 3.44636e+07 1.4597e+09 6.18104e+10 3.08983e+12 2.66438e+14 9.27967e+14 1.88324e+15 2.97549e+15 4.02029e+15 4.83785e+15 5.28586e+15 5.28586e+15 4.83785e+15 4.02029e+15 2.97549e+15 1.88324e+15 9.27967e+14 2.66438e+14 3.08983e+12 6.18104e+10 1.4597e+09 3.44636e+07 812713 18309.4
9126.29 401336 1.68747e+07 7.0985e+08 2.99133e+10 1.49504e+12 1.30977e+14 4.56677e+14 9.27206e+14 1.46534e+15 1.98017e+15 2.38306e+15 2.60384e+15 2.60384e+15 2.38306e+15 1.98017e+15 1.46534e+15 9.27206e+14 4.56677e+14 1.30977e+14 1.49504e+12 2.99133e+10 7.0985e+08 1.68747e+07 401336 9126.29
3067.17 129164 5.1826e+06 2.08103e+08 8.40551e+09 4.10177e+11 3.73528e+13 1.3059e+14 2.65439e+14 4.19756e+14 5.67449e+14 6.83055e+14 7.46416e+14 7.46416e+14 6.83055e+14 5.67449e+14 4.19756e+14 2.65439e+14 1.3059e+14 3.73528e+13 4.10177e+11 8.40551e+09 2.08103e+08 5.1826e+06 129164 3067.17
523.614 18113.5 546669 1.42831e+07 2.77394e+08 3.93245e+09 3.92087e+11 1.42731e+12 2.95041e+12 4.70919e+12 6.40207e+12 7.7319e+12 8.46216e+12 8.46216e+12 7.7319e+12 6.40207e+12 4.70919e+12 2.95041e+12 1.42731e+12 3.92087e+11 3.93245e+09 2.77394e+08 1.42831e+07 546669 18113.5 523.614
56.108 1578 36697.1 716116 1.19097e+07 2.68562e+08 7.99412e+09 2.842e+10 5.87421e+10 9.38309e+10 1.27626e+11 1.5418e+11 1.68764e+11 1.68764e+11 1.5418e+11 1.27626e+11 9.38309e+10 5.87421e+10 2.842e+10 7.99412e+09 2.68562e+08 1.19097e+07 716116 36697.1 1578 56.108
4.53377 108.464 2150.45 38658.1 699607 1.37209e+07 1.97949e+08 6.74545e+08 1.38749e+09 2.21423e+09 3.01063e+09 3.63631e+09 3.97989e+09 3.97989e+09 3.63631e+09 3.01063e+09 2.21423e+09 1.38749e+09 6.74545e+08 1.97949e+08 1.37209e+07 699607 38658.1 2150.45 108.464 4.53377
0.311336 6.6886 122.071 2112.92 35487.7 523366 4.93022e+06 1.60384e+07 3.27642e+07 5.22163e+07 7.09654e+07 8.56946e+07 9.37821e+07 9.37821e+07 8.56946e+07 7.09654e+07 5.22163e+07 3.27642e+07 1.60384e+07 4.93022e+06 523366 35487.7 2112.92 122.071 6.6886 0.311336
0.0193266 0.385789 6.59529 105.475 1518.32 17309.6 122883 381513 772770 1.22931e+06 1.66978e+06 2.01584e+06 2.20585e+06 2.20585e+06 2.01584e+06 1.66978e+06 1.22931e+06 772770 381513 122883 17309.6 1518.32 105.475 6.59529 0.385789 0.0193266
0.00101607 0.0191148 0.304192 4.38333 53.8347 499.837 2918.19 8676.93 17412.3 27638.5 37516.6 45279.7 49542.1 49542.1 45279.7 37516.6 27638.5 17412.3 8676.93 2918.19 499.837 53.8347 4.38333 0.304192 0.0191148 0.00101608
