1.82951 34.2672 539.678 7664.67 92827.3 853541 4.96032e+06 1.4722e+07 2.94568e+07 4.65395e+07 6.28244e+07 7.54517e+07 8.23158e+07 8.23158e+07 7.54517e+07 6.28244e+07 4.65395e+07 2.94568e+07 1.4722e+07 4.96032e+06 853541 92827.3 7664.67 539.678 34.2672 1.82951
35.1493 701.827 11913.2 187539 2.64832e+06 2.97489e+07 2.09732e+08 6.498e+08 1.31208e+09 2.07681e+09 2.80419e+09 3.36749e+09 3.67347e+09 3.67347e+09 3.36749e+09 2.80419e+09 2.07681e+09 1.31208e+09 6.498e+08 2.09732e+08 2.97489e+07 2.64832e+06 187539 11913.2 701.827 35.1493
569.169 12308.2 224864 3.84624e+06 6.30156e+07 9.07415e+08 8.45368e+09 2.74384e+10 5.58688e+10 8.85629e+10 1.19596e+11 1.436e+11 1.56629e+11 1.56629e+11 1.436e+11 1.19596e+11 8.85629e+10 5.58688e+10 2.74384e+10 8.45368e+09 9.07415e+08 6.30156e+07 3.84624e+06 224864 12308.2 569.169
8269.37 199997 4.00963e+06 7.22682e+07 1.2791e+09 2.40966e+10 3.40938e+11 1.15909e+12 2.3761e+12 3.77042e+12 5.09163e+12 6.11246e+12 6.66616e+12 6.66616e+12 6.11246e+12 5.09163e+12 3.77042e+12 2.3761e+12 1.15909e+12 3.40938e+11 2.40966e+10 1.2791e+09 7.22682e+07 4.00963e+06 199997 8269.37
101519 2.88582e+06 6.81193e+07 1.3548e+09 2.27712e+10 4.84044e+11 1.38212e+13 4.90258e+13 1.00985e+14 1.60341e+14 2.16508e+14 2.59861e+14 2.83359e+14 2.83359e+14 2.59861e+14 2.16508e+14 1.60341e+14 1.00985e+14 4.90258e+13 1.38212e+13 4.84044e+11 2.27712e+10 1.3548e+09 6.81193e+07 2.88582e+06 101519
938144 3.2694e+07 9.97132e+08 2.64752e+10 5.31598e+11 7.85548e+12 6.84583e+14 2.48628e+15 5.1229e+15 8.12922e+15 1.09728e+16 1.31675e+16 1.43571e+16 1.43571e+16 1.31675e+16 1.09728e+16 8.12922e+15 5.1229e+15 2.48628e+15 6.84583e+14 7.85548e+12 5.31598e+11 2.64752e+10 9.97132e+08 3.2694e+07 938144
5.45131e+06 2.30482e+08 9.28976e+09 3.74649e+11 1.51876e+13 7.36214e+14 6.51779e+16 2.27995e+17 4.63387e+17 7.31505e+17 9.86095e+17 1.18368e+18 1.29126e+18 1.29126e+18 1.18368e+18 9.86095e+17 7.31505e+17 4.63387e+17 2.27995e+17 6.51779e+16 7.36214e+14 1.51876e+13 3.74649e+11 9.28976e+09 2.30482e+08 5.45131e+06
1.61664e+07 7.13505e+08 3.01266e+10 1.27258e+12 5.38235e+13 2.67651e+15 2.2892e+17 7.98543e+17 1.62091e+18 2.55688e+18 3.44527e+18 4.13461e+18 4.50996e+18 4.50996e+18 4.13461e+18 3.44527e+18 2.55688e+18 1.62091e+18 7.98543e+17 2.2892e+17 2.67651e+15 5.38235e+13 1.27258e+12 3.01266e+10 7.13505e+08 1.61664e+07
3.23143e+07 1.43923e+09 6.12776e+10 2.60592e+12 1.10745e+14 5.51189e+15 4.65682e+17 1.62239e+18 3.29048e+18 5.18714e+18 6.98594e+18 8.38089e+18 9.14016e+18 9.14016e+18 8.38089e+18 6.98594e+18 5.18714e+18 3.29048e+18 1.62239e+18 4.65682e+17 5.51189e+15 1.10745e+14 2.60592e+12 6.12776e+10 1.43923e+09 3.23143e+07
5.09975e+07 2.27547e+09 9.70226e+10 4.13009e+12 1.75617e+14 8.73743e+15 7.35011e+17 2.5589e+18 5.18655e+18 8.17124e+18 1.09993e+19 1.31908e+19 1.43831e+19 1.43831e+19 1.31908e+19 1.09993e+19 8.17124e+18 5.18655e+18 2.5589e+18 7.35011e+17 8.73743e+15 1.75617e+14 4.13009e+12 9.70226e+10 2.27547e+09 5.09975e+07
6.87694e+07 3.06906e+09 1.30871e+11 5.57078e+12 2.36846e+14 1.17802e+16 9.90253e+17 3.44614e+18 6.98147e+18 1.09936e+19 1.47919e+19 1.77332e+19 1.93328e+19 1.93328e+19 1.77332e+19 1.47919e+19 1.09936e+19 6.98147e+18 3.44614e+18 9.90253e+17 1.17802e+16 2.36846e+14 5.57078e+12 1.30871e+11 3.06906e+09 6.87694e+07
8.25224e+07 3.68237e+09 1.56996e+11 6.68141e+12 2.83995e+14 1.41227e+16 1.18795e+18 4.13329e+18 8.37081e+18 1.31766e+19 1.77234e+19 2.12424e+19 2.31554e+19 2.31554e+19 2.12424e+19 1.77234e+19 1.31766e+19 8.37081e+18 4.13329e+18 1.18795e+18 1.41227e+16 2.83995e+14 6.68141e+12 1.56996e+11 3.68237e+09 8.25224e+07
8.9988e+07 4.01503e+09 1.71156e+11 7.28288e+12 3.09509e+14 1.53901e+16 1.29544e+18 4.50692e+18 9.12598e+18 1.43626e+19 1.93153e+19 2.31475e+19 2.52303e+19 2.52303e+19 2.31475e+19 1.93153e+19 1.43626e+19 9.12598e+18 4.50692e+18 1.29544e+18 1.53901e+16 3.09509e+14 7.28288e+12 1.71156e+11 4.01503e+09 8.9988e+07
8.9988e+07 4.01503e+09 1.71156e+11 7.28288e+12 3.09509e+14 1.53901e+16 1.29544e+18 4.50692e+18 9.12598e+18 1.43626e+19 1.93153e+19 2.31475e+19 2.52303e+19 2.52303e+19 2.31475e+19 1.93153e+19 1.43626e+19 9.12598e+18 4.50692e+18 1.29544e+18 1.53901e+16 3.09509e+14 7.28288e+12 1.71156e+11 4.01503e+09 8.9988e+07
8.25224e+07 3.68237e+09 1.56996e+11 6.68141e+12 2.83995e+14 1.41227e+16 1.18795e+18 4.13329e+18 8.37081e+18 1.31766e+19 1.77234e+19 2.12424e+19 2.31554e+19 2.31554e+19 2.12424e+19 1.77234e+19 1.31766e+19 8.37081e+18 4.13329e+18 1.18795e+18 1.41227e+16 2.83995e+14 6.68141e+12 1.56996e+11 3.68237e+09 8.25224e+07
6.87694e+07 3.06906e+09 1.30871e+11 5.57078e+12 2.36846e+14 1.17802e+16 9.90253e+17 3.44614e+18 6.98147e+18 1.09936e+19 1.47919e+19 1.77332e+19 1.93328e+19 1.93328e+19 1.77332e+19 1.47919e+19 1.09936e+19 6.98147e+18 3.44614e+18 9.90253e+17 1.17802e+16 2.36846e+14 5.57078e+12 1.30871e+11 3.06906e+09 6.87694e+07
5.09975e+07 2.27547e+09 9.70226e+10 4.13009e+12 1.75617e+14 8.73743e+15 7.35011e+17 2.5589e+18 5.18655e+18 8.17124e+18 1.09993e+19 1.31908e+19 1.43831e+19 1.43831e+19 1.31908e+19 1.09993e+19 8.17124e+18 5.18655e+18 2.5589e+18 7.35011e+17 8.73743e+15 1.75617e+14 4.13009e+12 9.70226e+10 2.27547e+09 5.09975e+07
3.23143e+07 1.43923e+09 6.12776e+10 2.60592e+12 1.10745e+14 5.51189e+15 4.65682e+17 1.62239e+18 3.29048e+18 5.18714e+18 6.98594e+18 8.38089e+18 9.14016e+18 9.14016e+18 8.38089e+18 6.98594e+18 5.18714e+18 3.29048e+18 1.62239e+18 4.65682e+17 5.51189e+15 1.10745e+14 2.60592e+12 6.12776e+10 1.43923e+09 3.23143e+07
1.61664e+07 7.13505e+08 3.01266e+10 1.27258e+12 5.38235e+13 2.67651e+15 2.2892e+17 7.98543e+17 1.62091e+18 2.55688e+18 3.44527e+18 4.13461e+18 4.50996e+18 4.50996e+18 4.13461e+18 3.44527e+18 2.55688e+18 1.62091e+18 7.98543e+17 2.2892e+17 2.67651e+15 5.38235e+13 1.27258e+12 3.01266e+10 7.13505e+08 1.61664e+07
5.45131e+06 2.30482e+08 9.28976e+09 3.74649e+11 1.51876e+13 7.36214e+14 6.51779e+16 2.27995e+17 4.63387e+17 7.31505e+17 9.86095e+17 1.18368e+18 1.29126e+18 1.29126e+18 1.18368e+18 9.86095e+17 7.31505e+17 4.63387e+17 2.27995e+17 6.51779e+16 7.36214e+14 1.51876e+13 3.74649e+11 9.28976e+09 2.30482e+08 5.45131e+06
938144 3.2694e+07 9.97132e+08 2.64752e+10 5.31598e+11 7.85548e+12 6.84583e+14 2.48628e+15 5.1229e+15 8.12922e+15 1.09728e+16 1.31675e+16 1.43571e+16 1.43571e+16 1.31675e+16 1.09728e+16 8.12922e+15 5.1229e+15 2.48628e+15 6.84583e+14 7.85548e+12 5.31598e+11 2.64752e+10 9.97132e+08 3.2694e+07 938144
101519 2.88582e+06 6.81193e+07 1.3548e+09 2.27712e+10 4.84044e+11 1.38212e+13 4.90258e+13 1.00985e+14 1.60341e+14 2.16508e+14 2.59861e+14 2.83359e+14 2.83359e+14 2.59861e+14 2.16508e+14 1.60341e+14 1.00985e+14 4.90258e+13 1.38212e+13 4.84044e+11 2.27712e+10 1.3548e+09 6.81193e+07 2.88582e+06 101519
8269.37 199997 4.00963e+06 7.22682e+07 1.2791e+09 2.40966e+10 3.40938e+11 1.15909e+12 2.3761e+12 3.77042e+12 5.09163e+12 6.11246e+12 6.66616e+12 6.66616e+12 6.11246e+12 5.09163e+12 3.77042e+12 2.3761e+12 1.15909e+12 3.40938e+11 2.40966e+10 1.2791e+09 7.22682e+07 4.00963e+06 199997 8269.37
569.169 12308.2 224864 3.84624e+06 6.30156e+07 9.07415e+08 8.45368e+09 2.74384e+10 5.58688e+10 8.85629e+10 1.19596e+11 1.436e+11 1.56629e+11 1.56629e+11 1.436e+11 1.19596e+11 8.85629e+10 5.58688e+10 2.74384e+10 8.45368e+09 9.07415e+08 6.30156e+07 3.84624e+06 224864 12308.2 569.169
35.1493 701.827 11913.2 187539 2.64832e+06 2.97489e+07 2.09732e+08 6.498e+08 1.31208e+09 2.07681e+09 2.80419e+09 3.36749e+09 3.67347e+09 3.67347e+09 3.36749e+09 2.80419e+09 2.07681e+09 1.31208e+09 6.498e+08 2.09732e+08 2.97489e+07 2.64832e+06 187539 11913.2 701.827 35.1493
1.82951 34.2672 539.678 7664.67 92827.3 853541 4.96032e+06 1.4722e+07 2.94568e+07 4.65395e+07 6.28244e+07 7.54517e+07 8.23158e+07 8.23158e+07 7.54517e+07 6.28244e+07 4.65395e+07 2.94568e+07 1.4722e+07 4.96032e+06 853541 92827.3 7664.67 539.678 34.2672 1.82951
