0.0012897 0.0242174 0.383445 5.48676 66.955 619.226 3612.23 10760 21646.9 34441.9 46839.2 56601.4 61967 61967 56601.4 46839.2 34441.9 21646.9 10760 3612.23 619.226 66.955 5.48676 0.383445 0.0242174 0.0012897
0.0246818 0.493085 8.40185 133.337 1902.15 21547 152659 474850 964439 1.53813e+06 2.09337e+06 2.5305e+06 2.77076e+06 2.77076e+06 2.5305e+06 2.09337e+06 1.53813e+06 964439 474850 152659 21547 1902.15 133.337 8.40185 0.493085 0.0246818
0.399011 8.60884 157.25 2705.59 44893.6 654837 6.14307e+06 2.00229e+07 4.10236e+07 6.55562e+07 8.92796e+07 1.07955e+08 1.18219e+08 1.18219e+08 1.07955e+08 8.92796e+07 6.55562e+07 4.10236e+07 2.00229e+07 6.14307e+06 654837 44893.6 2705.59 157.25 8.60884 0.399011
5.80854 139.896 2790.46 50214.4 898298 1.72779e+07 2.47174e+08 8.44016e+08 1.74152e+09 2.78715e+09 3.79777e+09 4.59335e+09 5.03067e+09 5.03067e+09 4.59335e+09 3.79777e+09 2.78715e+09 1.74152e+09 8.44016e+08 2.47174e+08 1.72779e+07 898298 50214.4 2790.46 139.896 5.80854
71.6562 2029.03 47569.7 936977 1.56486e+07 3.42363e+08 9.99515e+09 3.56132e+10 7.38572e+10 1.18328e+11 1.61304e+11 1.95139e+11 2.1374e+11 2.1374e+11 1.95139e+11 1.61304e+11 1.18328e+11 7.38572e+10 3.56132e+10 9.99515e+09 3.42363e+08 1.56486e+07 936976 47569.7 2029.03 71.6562
666.152 23165.2 703301 1.8523e+07 3.65548e+08 5.27896e+09 4.92241e+11 1.79561e+12 3.72423e+12 5.9621e+12 8.12329e+12 9.82426e+12 1.07592e+13 1.07592e+13 9.82426e+12 8.12329e+12 5.9621e+12 3.72423e+12 1.79561e+12 4.92241e+11 5.27896e+09 3.65548e+08 1.8523e+07 703301 23165.2 666.152
3892.78 164511 6.61979e+06 2.66352e+08 1.07708e+10 5.23345e+11 4.69544e+13 1.64483e+14 3.35268e+14 5.3155e+14 7.20013e+14 8.67843e+14 9.48957e+14 9.48957e+14 8.67843e+14 7.20013e+14 5.3155e+14 3.35268e+14 1.64483e+14 4.69544e+13 5.23345e+11 1.07708e+10 2.66352e+08 6.61979e+06 164511 3892.78
11597.9 511833 2.15827e+07 9.09788e+08 3.83895e+10 1.91187e+12 1.65132e+14 5.76839e+14 1.17435e+15 1.86058e+15 2.5192e+15 3.03571e+15 3.31909e+15 3.31909e+15 3.03571e+15 2.5192e+15 1.86058e+15 1.17435e+15 5.76839e+14 1.65132e+14 1.91187e+12 3.83895e+10 9.09788e+08 2.15827e+07 511833 11597.9
23325 1.03921e+06 4.42048e+07 1.8766e+09 7.95873e+10 3.96559e+12 3.37036e+14 1.17592e+15 2.39273e+15 3.78979e+15 5.13039e+15 6.18161e+15 6.75832e+15 6.75832e+15 6.18161e+15 5.13039e+15 3.78979e+15 2.39273e+15 1.17592e+15 3.37036e+14 3.96559e+12 7.95873e+10 1.8766e+09 4.42048e+07 1.03921e+06 23325
37092.3 1.65648e+06 7.06006e+07 3.00162e+09 1.27434e+11 6.34622e+12 5.34623e+14 1.86406e+15 3.79181e+15 6.00468e+15 8.12787e+15 9.79265e+15 1.07059e+16 1.07059e+16 9.79265e+15 8.12787e+15 6.00468e+15 3.79181e+15 1.86406e+15 5.34623e+14 6.34622e+12 1.27434e+11 3.00162e+09 7.06006e+07 1.65648e+06 37092.3
50415 2.25314e+06 9.60919e+07 4.08749e+09 1.73607e+11 8.64234e+12 7.24273e+14 2.52431e+15 5.13396e+15 8.12922e+15 1.10028e+16 1.32559e+16 1.44919e+16 1.44919e+16 1.32559e+16 1.10028e+16 8.12922e+15 5.13396e+15 2.52431e+15 7.24273e+14 8.64234e+12 1.73607e+11 4.08749e+09 9.60919e+07 2.25314e+06 50415
60894 2.72232e+06 1.16134e+08 4.94122e+09 2.09912e+11 1.04473e+13 8.7296e+14 3.04185e+15 6.18593e+15 9.79432e+15 1.3256e+16 1.59701e+16 1.74589e+16 1.74589e+16 1.59701e+16 1.3256e+16 9.79432e+15 6.18593e+15 3.04185e+15 8.7296e+14 1.04473e+13 2.09912e+11 4.94122e+09 1.16134e+08 2.72232e+06 60894
66648.9 2.97998e+06 1.27141e+08 5.4101e+09 2.29852e+11 1.14385e+13 9.54511e+14 3.32569e+15 6.76284e+15 1.07074e+16 1.44916e+16 1.74584e+16 1.90859e+16 1.90859e+16 1.74584e+16 1.44916e+16 1.07074e+16 6.76284e+15 3.32569e+15 9.54511e+14 1.14385e+13 2.29852e+11 5.4101e+09 1.27141e+08 2.97998e+06 66648.9
66648.9 2.97998e+06 1.27141e+08 5.4101e+09 2.29852e+11 1.14385e+13 9.54511e+14 3.32569e+15 6.76284e+15 1.07074e+16 1.44916e+16 1.74584e+16 1.90859e+16 1.90859e+16 1.74584e+16 1.44916e+16 1.07074e+16 6.76284e+15 3.32569e+15 9.54511e+14 1.14385e+13 2.29852e+11 5.4101e+09 1.27141e+08 2.97998e+06 66648.9
60894 2.72232e+06 1.16134e+08 4.94122e+09 2.09912e+11 1.04473e+13 8.7296e+14 3.04185e+15 6.18593e+15 9.79432e+15 1.3256e+16 1.59701e+16 1.74589e+16 1.74589e+16 1.59701e+16 1.3256e+16 9.79432e+15 6.18593e+15 3.04185e+15 8.7296e+14 1.04473e+13 2.09912e+11 4.94122e+09 1.16134e+08 2.72232e+06 60894
50415 2.25314e+06 9.60919e+07 4.08749e+09 1.73607e+11 8.64234e+12 7.24273e+14 2.52431e+15 5.13396e+15 8.12922e+15 1.10028e+16 1.32559e+16 1.44919e+16 1.44919e+16 1.32559e+16 1.10028e+16 8.12922e+15 5.13396e+15 2.52431e+15 7.24273e+14 8.64234e+12 1.73607e+11 4.08749e+09 9.60919e+07 2.25314e+06 50415
37092.3 1.65648e+06 7.06006e+07 3.00162e+09 1.27434e+11 6.34622e+12 5.34623e+14 1.86406e+15 3.79181e+15 6.00468e+15 8.12787e+15 9.79265e+15 1.07059e+16 1.07059e+16 9.79265e+15 8.12787e+15 6.00468e+15 3.79181e+15 1.86406e+15 5.34623e+14 6.34622e+12 1.27434e+11 3.00162e+09 7.06006e+07 1.65648e+06 37092.3
23325 1.03921e+06 4.42048e+07 1.8766e+09 7.95873e+10 3.96559e+12 3.37036e+14 1.17592e+15 2.39273e+15 3.78979e+15 5.13039e+15 6.18161e+15 6.75832e+15 6.75832e+15 6.18161e+15 5.13039e+15 3.78979e+15 2.39273e+15 1.17592e+15 3.37036e+14 3.96559e+12 7.95873e+10 1.8766e+09 4.42048e+07 1.03921e+06 23325
11597.9 511833 2.15827e+07 9.09788e+08 3.83895e+10 1.91187e+12 1.65132e+14 5.76839e+14 1.17435e+15 1.86058e+15 2.5192e+15 3.03571e+15 3.31909e+15 3.31909e+15 3.03571e+15 2.5192e+15 1.86058e+15 1.17435e+15 5.76839e+14 1.65132e+14 1.91187e+12 3.83895e+10 9.09788e+08 2.15827e+07 511833 11597.9
3892.78 164511 6.61979e+06 2.66352e+08 1.07708e+10 5.23345e+11 4.69544e+13 1.64483e+14 3.35268e+14 5.3155e+14 7.20013e+14 8.67843e+14 9.48957e+14 9.48957e+14 8.67843e+14 7.20013e+14 5.3155e+14 3.35268e+14 1.64483e+14 4.69544e+13 5.23345e+11 1.07708e+10 2.66352e+08 6.61979e+06 164511 3892.78
666.152 23165.2 703301 1.8523e+07 3.65548e+08 5.27896e+09 4.92241e+11 1.79561e+12 3.72423e+12 5.9621e+12 8.12329e+12 9.82426e+12 1.07592e+13 1.07592e+13 9.82426e+12 8.12329e+12 5.9621e+12 3.72423e+12 1.79561e+12 4.92241e+11 5.27896e+09 3.65548e+08 1.8523e+07 703301 23165.2 666.152
71.6562 2029.03 47569.7 936976 1.56486e+07 3.42363e+08 9.99515e+09 3.56132e+10 7.38572e+10 1.18328e+11 1.61304e+11 1.95139e+11 2.1374e+11 2.1374e+11 1.95139e+11 1.61304e+11 1.18328e+11 7.38572e+10 3.56132e+10 9.99515e+09 3.42363e+08 1.56486e+07 936977 47569.7 2029.03 71.6562
5.80854 139.896 2790.46 50214.4 898298 1.72779e+07 2.47174e+08 8.44016e+08 1.74152e+09 2.78715e+09 3.79777e+09 4.59335e+09 5.03067e+09 5.03067e+09 4.59335e+09 3.79777e+09 2.78715e+09 1.74152e+09 8.44016e+08 2.47174e+08 1.72779e+07 898298 50214.4 2790.46 139.896 5.80854
0.399011 8.60884 157.25 2705.59 44893.6 654837 6.14307e+06 2.00229e+07 4.10236e+07 6.55562e+07 8.92796e+07 1.07955e+08 1.18219e+08 1.18219e+08 1.07955e+08 8.92796e+07 6.55562e+07 4.10236e+07 2.00229e+07 6.14307e+06 654837 44893.6 2705.59 157.25 8.60884 0.399011
0.0246818 0.493085 8.40185 133.337 1902.15 21547 152659 474850 964439 1.53813e+06 2.09337e+06 2.5305e+06 2.77076e+06 2.77076e+06 2.5305e+06 2.09337e+06 1.53813e+06 964439 474850 152659 21547 1902.15 133.337 8.40185 0.493085 0.0246818
0.0012897 0.0242174 0.383445 5.48676 66.955 619.226 3612.23 10760 21646.9 34441.9 46839.2 56601.4 61967 61967 56601.4 46839.2 34441.9 21646.9 10760 3612.23 619.226 66.955 5.48676 0.383445 0.0242174 0.0012897
