1.73583e-05 0.000325733 0.00516628 0.0741672 0.907694 8.40305 48.9444 145.201 290.678 460.325 623.633 751.637 821.802 821.802 751.637 623.633 460.325 290.678 145.201 48.9444 8.40305 0.907694 0.0741672 0.00516628 0.000325733 1.73583e-05
0.000330011 0.00657434 0.112052 1.7849 25.5875 290.701 2058.47 6375.67 12881.2 20441.1 27708.4 33402.5 36523.6 36523.6 33402.5 27708.4 20441.1 12881.2 6375.67 2058.47 290.701 25.5875 1.7849 0.112052 0.00657434 0.000330011
0.00530989 0.113935 2.07512 35.7913 598.228 8783.54 82504.3 267722 545442 867027 1.17581e+06 1.4177e+06 1.55028e+06 1.55028e+06 1.4177e+06 1.17581e+06 867027 545442 267722 82504.3 8783.54 598.228 35.7913 2.07512 0.113935 0.00530989
0.0771651 1.84485 36.5502 655.909 11815.5 230275 3.31018e+06 1.12503e+07 2.3075e+07 3.67245e+07 4.98209e+07 6.00794e+07 6.57027e+07 6.57027e+07 6.00794e+07 4.98209e+07 3.67245e+07 2.3075e+07 1.12503e+07 3.31018e+06 230275 11815.5 655.909 36.5502 1.84485 0.0771651
0.952381 26.7688 622.445 12152.2 201985 4.51511e+06 1.33626e+08 4.73735e+08 9.76228e+08 1.55492e+09 2.10999e+09 2.54481e+09 2.78318e+09 2.78318e+09 2.54481e+09 2.10999e+09 1.55492e+09 9.76228e+08 4.73735e+08 1.33626e+08 4.51511e+06 201985 12152.2 622.445 26.7688 0.952381
8.86225 306.29 9239.39 241495 4.70261e+06 6.68972e+07 6.559e+09 2.38067e+10 4.90586e+10 7.80764e+10 1.05892e+11 1.27676e+11 1.39616e+11 1.39616e+11 1.27676e+11 1.05892e+11 7.80764e+10 4.90586e+10 2.38067e+10 6.559e+09 6.68972e+07 4.70261e+06 241495 9239.39 306.29 8.86225
51.7724 2177.49 87278.8 3.50201e+06 1.41387e+08 6.89097e+09 6.24917e+11 2.1803e+12 4.42158e+12 6.97698e+12 9.41487e+12 1.13186e+13 1.23604e+13 1.23604e+13 1.13186e+13 9.41487e+12 6.97698e+12 4.42158e+12 2.1803e+12 6.24917e+11 6.89097e+09 1.41387e+08 3.50201e+06 87278.8 2177.49 51.7724
153.683 6748.96 283435 1.19123e+07 5.01687e+08 2.50442e+10 2.18719e+12 7.6113e+12 1.54195e+13 2.43174e+13 3.28034e+13 3.94288e+13 4.30543e+13 4.30543e+13 3.94288e+13 3.28034e+13 2.43174e+13 1.54195e+13 7.6113e+12 2.18719e+12 2.50442e+10 5.01687e+08 1.19123e+07 283435 6748.96 153.683
307.59 13632.2 577316 2.44267e+07 1.03355e+09 5.1603e+10 4.43949e+12 1.54335e+13 3.12539e+13 4.92784e+13 6.64667e+13 7.98854e+13 8.7228e+13 8.7228e+13 7.98854e+13 6.64667e+13 4.92784e+13 3.12539e+13 1.54335e+13 4.43949e+12 5.1603e+10 1.03355e+09 2.44267e+07 577316 13632.2 307.59
486.842 21620.8 917163 3.88524e+07 1.6452e+09 8.20833e+10 7.00665e+12 2.43448e+13 4.92897e+13 7.7707e+13 1.04804e+14 1.25958e+14 1.37533e+14 1.37533e+14 1.25958e+14 1.04804e+14 7.7707e+13 4.92897e+13 2.43448e+13 7.00665e+12 8.20833e+10 1.6452e+09 3.88524e+07 917163 21620.8 486.842
659.15 29288.9 1.24299e+06 5.26721e+07 2.23095e+09 1.11256e+11 9.4542e+12 3.28388e+13 6.6479e+13 1.048e+14 1.41339e+14 1.69863e+14 1.85471e+14 1.85471e+14 1.69863e+14 1.41339e+14 1.048e+14 6.6479e+13 3.28388e+13 9.4542e+12 1.11256e+11 2.23095e+09 5.26721e+07 1.24299e+06 29288.9 659.15
794.034 35289 1.49788e+06 6.34819e+07 2.68913e+09 1.34072e+11 1.13642e+13 3.94661e+13 7.989e+13 1.25937e+14 1.69842e+14 2.04116e+14 2.2287e+14 2.2287e+14 2.04116e+14 1.69842e+14 1.25937e+14 7.989e+13 3.9466e+13 1.13642e+13 1.34072e+11 2.68913e+09 6.34819e+07 1.49788e+06 35289 794.034
867.904 38574.8 1.63745e+06 6.94015e+07 2.94005e+09 1.46565e+11 1.24089e+13 4.30909e+13 8.72251e+13 1.37497e+14 1.85431e+14 2.2285e+14 2.43325e+14 2.43325e+14 2.2285e+14 1.85431e+14 1.37497e+14 8.72251e+13 4.30909e+13 1.24089e+13 1.46565e+11 2.94005e+09 6.94015e+07 1.63745e+06 38574.8 867.904
867.904 38574.8 1.63745e+06 6.94015e+07 2.94005e+09 1.46565e+11 1.24089e+13 4.30909e+13 8.72251e+13 1.37497e+14 1.85431e+14 2.2285e+14 2.43325e+14 2.43325e+14 2.2285e+14 1.85431e+14 1.37497e+14 8.72251e+13 4.30909e+13 1.24089e+13 1.46565e+11 2.94005e+09 6.94015e+07 1.63745e+06 38574.8 867.904
794.034 35289 1.49788e+06 6.34819e+07 2.68913e+09 1.34072e+11 1.13642e+13 3.9466e+13 7.989e+13 1.25937e+14 1.69842e+14 2.04116e+14 2.2287e+14 2.2287e+14 2.04116e+14 1.69842e+14 1.25937e+14 7.989e+13 3.94661e+13 1.13642e+13 1.34072e+11 2.68913e+09 6.34819e+07 1.49788e+06 35289 794.034
659.15 29288.9 1.24299e+06 5.26721e+07 2.23095e+09 1.11256e+11 9.4542e+12 3.28388e+13 6.6479e+13 1.048e+14 1.41339e+14 1.69863e+14 1.85471e+14 1.85471e+14 1.69863e+14 1.41339e+14 1.048e+14 6.6479e+13 3.28388e+13 9.4542e+12 1.11256e+11 2.23095e+09 5.26721e+07 1.24299e+06 29288.9 659.15
486.842 21620.8 917163 3.88524e+07 1.6452e+09 8.20833e+10 7.00665e+12 2.43448e+13 4.92897e+13 7.7707e+13 1.04804e+14 1.25958e+14 1.37533e+14 1.37533e+14 1.25958e+14 1.04804e+14 7.7707e+13 4.92897e+13 2.43448e+13 7.00665e+12 8.20833e+10 1.6452e+09 3.88524e+07 917163 21620.8 486.842
307.59 13632.2 577316 2.44267e+07 1.03355e+09 5.1603e+10 4.43949e+12 1.54335e+13 3.12539e+13 4.92784e+13 6.64667e+13 7.98854e+13 8.7228e+13 8.7228e+13 7.98854e+13 6.64667e+13 4.92784e+13 3.12539e+13 1.54335e+13 4.43949e+12 5.1603e+10 1.03355e+09 2.44267e+07 577316 13632.2 307.59
153.683 6748.96 283435 1.19123e+07 5.01687e+08 2.50442e+10 2.18719e+12 7.6113e+12 1.54195e+13 2.43174e+13 3.28034e+13 3.94288e+13 4.30543e+13 4.30543e+13 3.94288e+13 3.28034e+13 2.43174e+13 1.54195e+13 7.6113e+12 2.18719e+12 2.50442e+10 5.01687e+08 1.19123e+07 283435 6748.96 153.683
51.7724 2177.49 87278.8 3.50201e+06 1.41387e+08 6.89097e+09 6.24917e+11 2.1803e+12 4.42158e+12 6.97698e+12 9.41487e+12 1.13186e+13 1.23604e+13 1.23604e+13 1.13186e+13 9.41487e+12 6.97698e+12 4.42158e+12 2.1803e+12 6.24917e+11 6.89097e+09 1.41387e+08 3.50201e+06 87278.8 2177.49 51.7724
8.86225 306.29 9239.39 241495 4.70261e+06 6.68972e+07 6.559e+09 2.38067e+10 4.90586e+10 7.80764e+10 1.05892e+11 1.27676e+11 1.39616e+11 1.39616e+11 1.27676e+11 1.05892e+11 7.80764e+10 4.90586e+10 2.38067e+10 6.559e+09 6.68972e+07 4.70261e+06 241495 9239.39 306.29 8.86225
0.952381 26.7688 622.445 12152.2 201985 4.51511e+06 1.33626e+08 4.73735e+08 9.76228e+08 1.55492e+09 2.10999e+09 2.54481e+09 2.78318e+09 2.78318e+09 2.54481e+09 2.10999e+09 1.55492e+09 9.76228e+08 4.73735e+08 1.33626e+08 4.51511e+06 201985 12152.2 622.445 26.7688 0.952381
0.0771651 1.84485 36.5502 655.909 11815.5 230275 3.31018e+06 1.12503e+07 2.3075e+07 3.67245e+07 4.98209e+07 6.00794e+07 6.57027e+07 6.57027e+07 6.00794e+07 4.98209e+07 3.67245e+07 2.3075e+07 1.12503e+07 3.31018e+06 230275 11815.5 655.909 36.5502 1.84485 0.0771651
0.00530989 0.113935 2.07512 35.7913 598.228 8783.54 82504.3 267722 545442 867027 1.17581e+06 1.4177e+06 1.55028e+06 1.55028e+06 1.4177e+06 1.17581e+06 867027 545442 267722 82504.3 8783.54 598.228 35.7913 2.07512 0.113935 0.00530989
0.000330011 0.00657434 0.112052 1.7849 25.5875 290.701 2058.47 6375.67 12881.2 20441.1 27708.4 33402.5 36523.6 36523.6 33402.5 27708.4 20441.1 12881.2 6375.67 2058.47 290.701 25.5875 1.7849 0.112052 0.00657434 0.000330011
1.73583e-05 0.000325733 0.00516628 0.0741672 0.907694 8.40305 48.9444 145.201 290.678 460.325 623.633 751.637 821.802 821.802 751.637 623.633 460.325 290.678 145.201 48.9444 8.40305 0.907694 0.0741672 0.00516628 0.000325733 1.73583e-05
