2.47286 46.3806 730.908 10378.5 125585 1.15276e+06 6.67629e+06 1.96688e+07 3.89596e+07 6.08696e+07 8.13129e+07 9.68688e+07 1.05216e+08 1.05216e+08 9.68688e+07 8.13129e+07 6.08696e+07 3.89596e+07 1.96688e+07 6.67629e+06 1.15276e+06 125585 10378.5 730.908 46.3806 2.47286
47.5614 951.538 16170.1 254603 3.59365e+06 4.03176e+07 2.83424e+08 8.71654e+08 1.74205e+09 2.726e+09 3.64134e+09 4.33651e+09 4.70911e+09 4.70911e+09 4.33651e+09 3.64134e+09 2.72599e+09 1.74205e+09 8.71654e+08 2.83424e+08 4.03176e+07 3.59365e+06 254603 16170.1 951.538 47.5614
770.429 16700.5 305572 5.22952e+06 8.56742e+07 1.23286e+09 1.14602e+10 3.69213e+10 7.43896e+10 1.16539e+11 1.55636e+11 1.85272e+11 2.01137e+11 2.01137e+11 1.85272e+11 1.55636e+11 1.16539e+11 7.43896e+10 3.69213e+10 1.14602e+10 1.23286e+09 8.56742e+07 5.22952e+06 305572 16700.5 770.429
11189.4 271346 5.44939e+06 9.82794e+07 1.73984e+09 3.2781e+10 4.63212e+11 1.56294e+12 3.16936e+12 4.9682e+12 6.63243e+12 7.89155e+12 8.56475e+12 8.56475e+12 7.89155e+12 6.63243e+12 4.9682e+12 3.16936e+12 1.56294e+12 4.63212e+11 3.2781e+10 1.73984e+09 9.82794e+07 5.44939e+06 271346 11189.4
137243 3.91301e+06 9.25454e+07 1.84172e+09 3.09469e+10 6.58538e+11 1.88093e+13 6.62039e+13 1.34844e+14 2.11408e+14 2.8208e+14 3.35451e+14 3.63949e+14 3.63949e+14 3.35451e+14 2.8208e+14 2.11408e+14 1.34844e+14 6.62039e+13 1.88093e+13 6.58538e+11 3.09469e+10 1.84172e+09 9.25454e+07 3.91301e+06 137243
1.2662e+06 4.42791e+07 1.35376e+09 3.59855e+10 7.22364e+11 1.06597e+13 9.32895e+14 3.36252e+15 6.85219e+15 1.0739e+16 1.43272e+16 1.70382e+16 1.84864e+16 1.84864e+16 1.70382e+16 1.43272e+16 1.0739e+16 6.85219e+15 3.36252e+15 9.32895e+14 1.06597e+13 7.22364e+11 3.59855e+10 1.35376e+09 4.42791e+07 1.2662e+06
7.33311e+06 3.11307e+08 1.25878e+10 5.08806e+11 2.06617e+13 1.00347e+15 8.88626e+16 3.09331e+17 6.24236e+17 9.77615e+17 1.30813e+18 1.56136e+18 1.69807e+18 1.69807e+18 1.56136e+18 1.30813e+18 9.77615e+17 6.24236e+17 3.09331e+17 8.88626e+16 1.00347e+15 2.06617e+13 5.08806e+11 1.25878e+10 3.11307e+08 7.33311e+06
2.15844e+07 9.56527e+08 4.05158e+10 1.7151e+12 7.26498e+13 3.61968e+15 3.10471e+17 1.07809e+18 2.1734e+18 3.40209e+18 4.55132e+18 5.43201e+18 5.90757e+18 5.90757e+18 5.43201e+18 4.55132e+18 3.40209e+18 2.1734e+18 1.07809e+18 3.10471e+17 3.61968e+15 7.26498e+13 1.7151e+12 4.05158e+10 9.56527e+08 2.15844e+07
4.27015e+07 1.90926e+09 8.1526e+10 3.47327e+12 1.4777e+14 7.36913e+15 6.26724e+17 2.17412e+18 4.37975e+18 6.85156e+18 9.1616e+18 1.09307e+19 1.18856e+19 1.18856e+19 1.09307e+19 9.1616e+18 6.85156e+18 4.37975e+18 2.17412e+18 6.26724e+17 7.36913e+15 1.4777e+14 3.47327e+12 8.1526e+10 1.90926e+09 4.27015e+07
6.6623e+07 2.98336e+09 1.27529e+11 5.43623e+12 2.31304e+14 1.15314e+16 9.80689e+17 3.40051e+18 6.8462e+18 1.07033e+19 1.4304e+19 1.7059e+19 1.85452e+19 1.85452e+19 1.7059e+19 1.4304e+19 1.07033e+19 6.8462e+18 3.40051e+18 9.80689e+17 1.15314e+16 2.31304e+14 5.43623e+12 1.27529e+11 2.98336e+09 6.6623e+07
8.88788e+07 3.97956e+09 1.70067e+11 7.24632e+12 3.08145e+14 1.5359e+16 1.31065e+18 4.54389e+18 9.14385e+18 1.42875e+19 1.90841e+19 2.2751e+19 2.4728e+19 2.4728e+19 2.2751e+19 1.90841e+19 1.42875e+19 9.14385e+18 4.54389e+18 1.31065e+18 1.5359e+16 3.08145e+14 7.24632e+12 1.70067e+11 3.97956e+09 8.88788e+07
1.05769e+08 4.73405e+09 2.02217e+11 8.61165e+12 3.6599e+14 1.82404e+16 1.56264e+18 5.41736e+18 1.08981e+19 1.70216e+19 2.27273e+19 2.70861e+19 2.94351e+19 2.94351e+19 2.70861e+19 2.27273e+19 1.70216e+19 1.08981e+19 5.41736e+18 1.56264e+18 1.82404e+16 3.6599e+14 8.61165e+12 2.02217e+11 4.73405e+09 1.05769e+08
1.14815e+08 5.13764e+09 2.19392e+11 9.34004e+12 3.96807e+14 1.97756e+16 1.69837e+18 5.88795e+18 1.18428e+19 1.84932e+19 2.46871e+19 2.94171e+19 3.19654e+19 3.19654e+19 2.94171e+19 2.46871e+19 1.84932e+19 1.18428e+19 5.88795e+18 1.69837e+18 1.97756e+16 3.96807e+14 9.34004e+12 2.19392e+11 5.13764e+09 1.14815e+08
1.14815e+08 5.13764e+09 2.19392e+11 9.34004e+12 3.96807e+14 1.97756e+16 1.69837e+18 5.88795e+18 1.18428e+19 1.84932e+19 2.46871e+19 2.94171e+19 3.19654e+19 3.19654e+19 2.94171e+19 2.46871e+19 1.84932e+19 1.18428e+19 5.88795e+18 1.69837e+18 1.97756e+16 3.96807e+14 9.34004e+12 2.19392e+11 5.13764e+09 1.14815e+08
1.05769e+08 4.73405e+09 2.02217e+11 8.61165e+12 3.6599e+14 1.82404e+16 1.56264e+18 5.41736e+18 1.08981e+19 1.70216e+19 2.27273e+19 2.70861e+19 2.94351e+19 2.94351e+19 2.70861e+19 2.27273e+19 1.70216e+19 1.08981e+19 5.41736e+18 1.56264e+18 1.82404e+16 3.6599e+14 8.61165e+12 2.02217e+11 4.73405e+09 1.05769e+08
8.88788e+07 3.97956e+09 1.70067e+11 7.24632e+12 3.08145e+14 1.5359e+16 1.31065e+18 4.54389e+18 9.14385e+18 1.42875e+19 1.90841e+19 2.2751e+19 2.4728e+19 2.4728e+19 2.2751e+19 1.90841e+19 1.42875e+19 9.14385e+18 4.54389e+18 1.31065e+18 1.5359e+16 3.08145e+14 7.24632e+12 1.70067e+11 3.97956e+09 8.88788e+07
6.6623e+07 2.98336e+09 1.27529e+11 5.43623e+12 2.31304e+14 1.15314e+16 9.80689e+17 3.40051e+18 6.8462e+18 1.07033e+19 1.4304e+19 1.7059e+19 1.85452e+19 1.85452e+19 1.7059e+19 1.4304e+19 1.07033e+19 6.8462e+18 3.40051e+18 9.80689e+17 1.15314e+16 2.31304e+14 5.43623e+12 1.27529e+11 2.98336e+09 6.6623e+07
4.27015e+07 1.90926e+09 8.1526e+10 3.47327e+12 1.4777e+14 7.36913e+15 6.26724e+17 2.17412e+18 4.37975e+18 6.85156e+18 9.1616e+18 1.09307e+19 1.18856e+19 1.18856e+19 1.09307e+19 9.1616e+18 6.85156e+18 4.37975e+18 2.17412e+18 6.26724e+17 7.36913e+15 1.4777e+14 3.47327e+12 8.1526e+10 1.90926e+09 4.27015e+07
2.15844e+07 9.56527e+08 4.05158e+10 1.71509e+12 7.26498e+13 3.61968e+15 3.10471e+17 1.07809e+18 2.1734e+18 3.40209e+18 4.55132e+18 5.43201e+18 5.90757e+18 5.90757e+18 5.43201e+18 4.55132e+18 3.40209e+18 2.1734e+18 1.07809e+18 3.10471e+17 3.61968e+15 7.26498e+13 1.71509e+12 4.05158e+10 9.56527e+08 2.15844e+07
7.33311e+06 3.11307e+08 1.25878e+10 5.08806e+11 2.06617e+13 1.00347e+15 8.88626e+16 3.09331e+17 6.24236e+17 9.77615e+17 1.30813e+18 1.56136e+18 1.69807e+18 1.69807e+18 1.56136e+18 1.30813e+18 9.77615e+17 6.24236e+17 3.09331e+17 8.88626e+16 1.00347e+15 2.06617e+13 5.08806e+11 1.25878e+10 3.11307e+08 7.33311e+06
1.2662e+06 4.42791e+07 1.35376e+09 3.59855e+10 7.22364e+11 1.06597e+13 9.32895e+14 3.36252e+15 6.85219e+15 1.0739e+16 1.43272e+16 1.70382e+16 1.84864e+16 1.84864e+16 1.70382e+16 1.43272e+16 1.0739e+16 6.85219e+15 3.36252e+15 9.32895e+14 1.06597e+13 7.22364e+11 3.59855e+10 1.35376e+09 4.42791e+07 1.2662e+06
137243 3.91301e+06 9.25454e+07 1.84172e+09 3.09469e+10 6.58538e+11 1.88093e+13 6.62039e+13 1.34844e+14 2.11408e+14 2.8208e+14 3.35451e+14 3.63949e+14 3.63949e+14 3.35451e+14 2.8208e+14 2.11408e+14 1.34844e+14 6.62039e+13 1.88093e+13 6.58538e+11 3.09469e+10 1.84172e+09 9.25454e+07 3.91301e+06 137243
11189.4 271346 5.44939e+06 9.82794e+07 1.73984e+09 3.2781e+10 4.63212e+11 1.56294e+12 3.16936e+12 4.9682e+12 6.63243e+12 7.89155e+12 8.56475e+12 8.56475e+12 7.89155e+12 6.63243e+12 4.9682e+12 3.16936e+12 1.56294e+12 4.63212e+11 3.2781e+10 1.73984e+09 9.82794e+07 5.44939e+06 271346 11189.4
770.429 16700.5 305572 5.22952e+06 8.56742e+07 1.23286e+09 1.14602e+10 3.69213e+10 7.43896e+10 1.16539e+11 1.55636e+11 1.85272e+11 2.01137e+11 2.01137e+11 1.85272e+11 1.55636e+11 1.16539e+11 7.43896e+10 3.69213e+10 1.14602e+10 1.23286e+09 8.56742e+07 5.22952e+06 305572 16700.5 770.429
47.5614 951.538 16170.1 254603 3.59365e+06 4.03176e+07 2.83424e+08 8.71654e+08 1.74205e+09 2.72599e+09 3.64134e+09 4.33651e+09 4.70911e+09 4.70911e+09 4.33651e+09 3.64134e+09 2.72599e+09 1.74205e+09 8.71654e+08 2.83424e+08 4.03176e+07 3.59365e+06 254603 16170.1 951.538 47.5614
2.47286 46.3806 730.908 10378.5 125585 1.15276e+06 6.67629e+06 1.96688e+07 3.89596e+07 6.08696e+07 8.13129e+07 9.68688e+07 1.05216e+08 1.05216e+08 9.68688e+07 8.13129e+07 6.08696e+07 3.89596e+07 1.96688e+07 6.67629e+06 1.15276e+06 125585 10378.5 730.908 46.3806 2.47286
