1.44918 27.2276 430.56 6142.31 74700.9 689153 4.01394e+06 1.19276e+07 2.38828e+07 3.77438e+07 5.09482e+07 6.11752e+07 6.67288e+07 6.67288e+07 6.11752e+07 5.09482e+07 3.77438e+07 2.38828e+07 1.19276e+07 4.01394e+06 689153 74700.9 6142.31 430.56 27.2275 1.44918
27.8771 558.01 9506.24 150335 2.13324e+06 2.40593e+07 1.70061e+08 5.27598e+08 1.06623e+09 1.68833e+09 2.27967e+09 2.73709e+09 2.98529e+09 2.98529e+09 2.73709e+09 2.27967e+09 1.68833e+09 1.06623e+09 5.27598e+08 1.70061e+08 2.40593e+07 2.13324e+06 150335 9506.24 558.01 27.8771
452.338 9798.1 179456 3.08175e+06 5.07675e+07 7.34845e+08 6.86764e+09 2.23238e+10 4.54997e+10 7.21617e+10 9.74544e+10 1.16995e+11 1.27591e+11 1.27591e+11 1.16995e+11 9.74544e+10 7.21617e+10 4.54997e+10 2.23238e+10 6.86764e+09 7.34845e+08 5.07675e+07 3.08175e+06 179456 9798.1 452.338
6590.57 159570 3.20281e+06 5.78398e+07 1.02877e+09 1.95216e+10 2.77378e+11 9.4456e+11 1.93852e+12 3.07792e+12 4.15699e+12 4.98974e+12 5.44092e+12 5.44092e+12 4.98974e+12 4.15699e+12 3.07792e+12 1.93852e+12 9.4456e+11 2.77378e+11 1.95216e+10 1.02877e+09 5.78398e+07 3.20281e+06 159570 6590.57
81178.6 2.31017e+06 5.45637e+07 1.0849e+09 1.82416e+10 3.914e+11 1.12557e+13 3.9998e+13 8.24957e+13 1.31075e+14 1.77021e+14 2.12441e+14 2.31617e+14 2.31617e+14 2.12441e+14 1.77021e+14 1.31075e+14 8.24957e+13 3.9998e+13 1.12557e+13 3.914e+11 1.82416e+10 1.0849e+09 5.45637e+07 2.31017e+06 81178.6
752631 2.62696e+07 8.02095e+08 2.12967e+10 4.26447e+11 6.27452e+12 5.5726e+14 2.02804e+15 4.18485e+15 6.64627e+15 8.97362e+15 1.07679e+16 1.17393e+16 1.17393e+16 1.07679e+16 8.97362e+15 6.64627e+15 4.18485e+15 2.02804e+15 5.5726e+14 6.27452e+12 4.26447e+11 2.12967e+10 8.02095e+08 2.62696e+07 752631
4.38494e+06 1.85777e+08 7.50228e+09 3.03015e+11 1.22963e+13 5.97158e+14 5.31027e+16 1.86056e+17 3.78694e+17 5.98457e+17 8.07291e+17 9.69386e+17 1.05764e+18 1.05764e+18 9.69386e+17 8.07291e+17 5.98457e+17 3.78694e+17 1.86056e+17 5.31027e+16 5.97158e+14 1.22963e+13 3.03015e+11 7.50228e+09 1.85777e+08 4.38494e+06
1.30214e+07 5.75971e+08 2.43702e+10 1.03115e+12 4.36648e+13 2.17542e+15 1.86782e+17 6.52626e+17 1.32677e+18 2.09544e+18 2.8258e+18 3.39275e+18 3.70148e+18 3.70148e+18 3.39276e+18 2.8258e+18 2.09544e+18 1.32677e+18 6.52626e+17 1.86782e+17 2.17542e+15 4.36648e+13 1.03115e+12 2.43702e+10 5.75971e+08 1.30214e+07
2.60465e+07 1.16278e+09 4.96181e+10 2.11392e+12 8.99582e+13 4.48624e+15 3.80476e+17 1.32786e+18 2.69768e+18 4.25852e+18 5.7408e+18 6.89102e+18 7.51722e+18 7.51722e+18 6.89102e+18 5.7408e+18 4.25852e+18 2.69768e+18 1.32786e+18 3.80476e+17 4.48624e+15 8.99582e+13 2.11392e+12 4.96181e+10 1.16278e+09 2.60465e+07
4.11147e+07 1.83897e+09 7.85943e+10 3.35206e+12 1.42741e+14 7.11672e+15 6.01113e+17 2.09669e+18 4.25759e+18 6.71806e+18 9.05317e+18 1.08642e+19 1.18499e+19 1.18499e+19 1.08642e+19 9.05316e+18 6.71806e+18 4.25759e+18 2.09669e+18 6.01113e+17 7.11672e+15 1.42741e+14 3.35206e+12 7.85943e+10 1.83897e+09 4.11147e+07
5.54338e+07 2.48008e+09 1.06009e+11 4.52138e+12 1.92517e+14 9.59642e+15 8.10315e+17 2.82565e+18 5.7359e+18 9.04745e+18 1.21883e+19 1.4623e+19 1.59476e+19 1.59476e+19 1.4623e+19 1.21883e+19 9.04745e+18 5.7359e+18 2.82565e+18 8.10315e+17 9.59642e+15 1.92517e+14 4.52138e+12 1.06009e+11 2.48008e+09 5.54338e+07
6.64993e+07 2.97484e+09 1.27138e+11 5.42147e+12 2.30787e+14 1.15026e+16 9.72333e+17 3.3903e+18 6.8806e+18 1.08503e+19 1.46134e+19 1.75293e+19 1.91153e+19 1.91153e+19 1.75293e+19 1.46134e+19 1.08503e+19 6.8806e+18 3.3903e+18 9.72333e+17 1.15026e+16 2.30787e+14 5.42147e+12 1.27138e+11 2.97484e+09 6.64993e+07
7.24987e+07 3.24287e+09 1.38575e+11 5.90826e+12 2.51467e+14 1.25325e+16 1.0604e+18 3.69727e+18 7.50281e+18 1.18299e+19 1.59308e+19 1.91076e+19 2.08352e+19 2.08352e+19 1.91076e+19 1.59308e+19 1.18299e+19 7.50281e+18 3.69727e+18 1.0604e+18 1.25325e+16 2.51467e+14 5.90826e+12 1.38575e+11 3.24287e+09 7.24987e+07
7.24987e+07 3.24287e+09 1.38575e+11 5.90826e+12 2.51467e+14 1.25325e+16 1.0604e+18 3.69727e+18 7.50281e+18 1.18299e+19 1.59308e+19 1.91076e+19 2.08352e+19 2.08352e+19 1.91076e+19 1.59308e+19 1.18299e+19 7.50281e+18 3.69727e+18 1.0604e+18 1.25325e+16 2.51467e+14 5.90826e+12 1.38575e+11 3.24287e+09 7.24987e+07
6.64993e+07 2.97484e+09 1.27138e+11 5.42147e+12 2.30787e+14 1.15026e+16 9.72333e+17 3.3903e+18 6.8806e+18 1.08503e+19 1.46134e+19 1.75293e+19 1.91153e+19 1.91153e+19 1.75293e+19 1.46134e+19 1.08503e+19 6.8806e+18 3.3903e+18 9.72333e+17 1.15026e+16 2.30787e+14 5.42147e+12 1.27138e+11 2.97484e+09 6.64993e+07
5.54338e+07 2.48008e+09 1.06009e+11 4.52138e+12 1.92517e+14 9.59642e+15 8.10315e+17 2.82565e+18 5.7359e+18 9.04745e+18 1.21883e+19 1.4623e+19 1.59476e+19 1.59476e+19 1.4623e+19 1.21883e+19 9.04745e+18 5.7359e+18 2.82565e+18 8.10315e+17 9.59642e+15 1.92517e+14 4.52138e+12 1.06009e+11 2.48008e+09 5.54338e+07
4.11147e+07 1.83897e+09 7.85943e+10 3.35206e+12 1.42741e+14 7.11672e+15 6.01113e+17 2.09669e+18 4.25759e+18 6.71806e+18 9.05316e+18 1.08642e+19 1.18499e+19 1.18499e+19 1.08642e+19 9.05317e+18 6.71806e+18 4.25759e+18 2.09669e+18 6.01113e+17 7.11672e+15 1.42741e+14 3.35206e+12 7.85943e+10 1.83897e+09 4.11147e+07
2.60465e+07 1.16278e+09 4.96181e+10 2.11392e+12 8.99582e+13 4.48624e+15 3.80476e+17 1.32786e+18 2.69768e+18 4.25852e+18 5.7408e+18 6.89102e+18 7.51722e+18 7.51722e+18 6.89102e+18 5.7408e+18 4.25852e+18 2.69768e+18 1.32786e+18 3.80476e+17 4.48624e+15 8.99582e+13 2.11392e+12 4.96181e+10 1.16278e+09 2.60465e+07
1.30214e+07 5.75971e+08 2.43702e+10 1.03115e+12 4.36648e+13 2.17542e+15 1.86782e+17 6.52626e+17 1.32677e+18 2.09544e+18 2.8258e+18 3.39276e+18 3.70148e+18 3.70148e+18 3.39275e+18 2.8258e+18 2.09544e+18 1.32677e+18 6.52626e+17 1.86782e+17 2.17542e+15 4.36648e+13 1.03115e+12 2.43702e+10 5.75971e+08 1.30214e+07
4.38494e+06 1.85777e+08 7.50228e+09 3.03015e+11 1.22963e+13 5.97158e+14 5.31027e+16 1.86056e+17 3.78694e+17 5.98457e+17 8.07291e+17 9.69386e+17 1.05764e+18 1.05764e+18 9.69386e+17 8.07291e+17 5.98457e+17 3.78694e+17 1.86056e+17 5.31027e+16 5.97158e+14 1.22963e+13 3.03015e+11 7.50228e+09 1.85777e+08 4.38494e+06
752631 2.62696e+07 8.02095e+08 2.12967e+10 4.26447e+11 6.27452e+12 5.5726e+14 2.02804e+15 4.18485e+15 6.64627e+15 8.97362e+15 1.07679e+16 1.17393e+16 1.17393e+16 1.07679e+16 8.97362e+15 6.64627e+15 4.18485e+15 2.02804e+15 5.5726e+14 6.27452e+12 4.26447e+11 2.12967e+10 8.02095e+08 2.62696e+07 752631
81178.6 2.31017e+06 5.45637e+07 1.0849e+09 1.82416e+10 3.914e+11 1.12557e+13 3.9998e+13 8.24957e+13 1.31075e+14 1.77021e+14 2.12441e+14 2.31617e+14 2.31617e+14 2.12441e+14 1.77021e+14 1.31075e+14 8.24957e+13 3.9998e+13 1.12557e+13 3.914e+11 1.82416e+10 1.0849e+09 5.45637e+07 2.31017e+06 81178.6
6590.57 159570 3.20281e+06 5.78398e+07 1.02877e+09 1.95216e+10 2.77378e+11 9.4456e+11 1.93852e+12 3.07792e+12 4.15699e+12 4.98974e+12 5.44092e+12 5.44092e+12 4.98974e+12 4.15699e+12 3.07792e+12 1.93852e+12 9.4456e+11 2.77378e+11 1.95216e+10 1.02877e+09 5.78398e+07 3.20281e+06 159570 6590.57
452.338 9798.1 179456 3.08175e+06 5.07675e+07 7.34845e+08 6.86764e+09 2.23238e+10 4.54997e+10 7.21617e+10 9.74544e+10 1.16995e+11 1.27591e+11 1.27591e+11 1.16995e+11 9.74544e+10 7.21617e+10 4.54997e+10 2.23238e+10 6.86764e+09 7.34845e+08 5.07675e+07 3.08175e+06 179456 9798.1 452.338
27.8771 558.01 9506.24 150335 2.13324e+06 2.40593e+07 1.70061e+08 5.27598e+08 1.06623e+09 1.68833e+09 2.27967e+09 2.73709e+09 2.98529e+09 2.98529e+09 2.73709e+09 2.27967e+09 1.68833e+09 1.06623e+09 5.27598e+08 1.70061e+08 2.40593e+07 2.13324e+06 150335 9506.24 558.01 27.8771
1.44918 27.2276 430.56 6142.31 74700.9 689153 4.01394e+06 1.19276e+07 2.38828e+07 3.77438e+07 5.09482e+07 6.11752e+07 6.67288e+07 6.67288e+07 6.11752e+07 5.09482e+07 3.77438e+07 2.38828e+07 1.19276e+07 4.01394e+06 689153 74700.9 6142.31 430.56 27.2276 1.44918
