0.00460363 0.0863467 1.36128 19.3489 234.563 2159.9 12582.4 37520 75583.9 120371 163764 197907 216657 216657 197907 163764 120371 75583.9 37520 12582.4 2159.9 234.563 19.3489 1.36128 0.0863467 0.00460363
0.088633 1.77276 30.1254 474.571 6707.12 75438.7 533026 1.65959e+06 3.37525e+06 5.38781e+06 7.33527e+06 8.86694e+06 9.70795e+06 9.70795e+06 8.86694e+06 7.33527e+06 5.38781e+06 3.37525e+06 1.65959e+06 533026 75438.7 6707.12 474.571 30.1254 1.77276 0.088633
1.43785 31.1531 569.795 9750.59 159828 2.30382e+06 2.15033e+07 7.01538e+07 1.43937e+08 2.3022e+08 3.13626e+08 3.79204e+08 4.15208e+08 4.15208e+08 3.79204e+08 3.13626e+08 2.3022e+08 1.43937e+08 7.01538e+07 2.15033e+07 2.30382e+06 159828 9750.59 569.795 31.1531 1.43785
20.9217 507.037 10176.9 183448 3.2464e+06 6.11914e+07 8.67051e+08 2.96358e+09 6.12425e+09 9.81033e+09 1.3371e+10 1.61701e+10 1.77068e+10 1.77068e+10 1.61701e+10 1.3371e+10 9.81033e+09 6.12425e+09 2.96358e+09 8.67051e+08 6.11914e+07 3.2464e+06 183448 10176.9 507.037 20.9217
257.218 7327.21 173161 3.44409e+06 5.78344e+07 1.22862e+09 3.51168e+10 1.25264e+11 2.60212e+11 4.17284e+11 5.68963e+11 6.8819e+11 7.53638e+11 7.53638e+11 6.8819e+11 5.68963e+11 4.17284e+11 2.60212e+11 1.25264e+11 3.51168e+10 1.22862e+09 5.78344e+07 3.44409e+06 173161 7327.21 257.218
2381.08 83149.5 2.53878e+06 6.74133e+07 1.35261e+09 1.99366e+10 1.73735e+12 6.34399e+12 1.318e+13 2.11197e+13 2.87812e+13 3.48012e+13 3.81052e+13 3.81052e+13 3.48012e+13 2.87812e+13 2.11197e+13 1.318e+13 6.34399e+12 1.73735e+12 1.99366e+10 1.35261e+09 6.74133e+07 2.53878e+06 83149.5 2381.08
13872.3 587615 2.37034e+07 9.55681e+08 3.87033e+10 1.8732e+12 1.65638e+14 5.81064e+14 1.18644e+15 1.88337e+15 2.55284e+15 3.0778e+15 3.3657e+15 3.3657e+15 3.0778e+15 2.55284e+15 1.88337e+15 1.18644e+15 5.81064e+14 1.65638e+14 1.8732e+12 3.87033e+10 9.55681e+08 2.37034e+07 587615 13872.3
41345.5 1.82859e+06 7.72892e+07 3.26464e+09 1.37975e+11 6.84997e+12 5.83778e+14 2.04197e+15 4.16397e+15 6.60501e+15 8.94887e+15 1.07864e+16 1.17941e+16 1.17941e+16 1.07864e+16 8.94887e+15 6.60501e+15 4.16397e+15 2.04197e+15 5.83778e+14 6.84997e+12 1.37975e+11 3.26464e+09 7.72892e+07 1.82859e+06 41345.5
83238.1 3.71659e+06 1.58474e+08 6.74195e+09 2.86424e+11 1.42316e+13 1.19391e+15 4.17077e+15 8.49979e+15 1.34775e+16 1.82558e+16 2.20014e+16 2.40553e+16 2.40553e+16 2.20014e+16 1.82558e+16 1.34775e+16 8.49979e+15 4.17077e+15 1.19391e+15 1.42316e+13 2.86424e+11 6.74195e+09 1.58474e+08 3.71659e+06 83238.1
132471 5.92858e+06 2.53291e+08 1.0792e+10 4.58976e+11 2.27963e+13 1.89643e+15 6.62018e+15 1.34866e+16 2.13794e+16 2.89544e+16 3.48915e+16 3.81468e+16 3.81468e+16 3.48915e+16 2.89544e+16 2.13794e+16 1.34866e+16 6.62018e+15 1.89643e+15 2.27963e+13 4.58976e+11 1.0792e+10 2.53291e+08 5.92858e+06 132471
180111 8.06618e+06 3.44821e+08 1.46986e+10 6.25359e+11 3.10501e+13 2.57102e+15 8.9713e+15 1.8272e+16 2.89608e+16 3.92174e+16 4.72554e+16 5.16623e+16 5.16623e+16 4.72554e+16 3.92174e+16 2.89608e+16 1.8272e+16 8.9713e+15 2.57102e+15 3.10501e+13 6.25359e+11 1.46986e+10 3.44821e+08 8.06618e+06 180111
217553 9.74542e+06 4.16699e+08 1.77658e+10 7.55971e+11 3.75276e+13 3.09969e+15 1.08136e+16 2.20213e+16 3.48998e+16 4.72563e+16 5.69391e+16 6.22477e+16 6.22477e+16 5.69391e+16 4.72563e+16 3.48998e+16 2.20213e+16 1.08136e+16 3.09969e+15 3.75276e+13 7.55971e+11 1.77658e+10 4.16699e+08 9.74542e+06 217553
238098 1.06667e+07 4.56128e+08 1.94482e+10 8.27602e+11 4.10794e+13 3.38949e+15 1.18234e+16 2.40763e+16 3.81548e+16 5.16618e+16 6.22459e+16 6.80485e+16 6.80485e+16 6.22459e+16 5.16618e+16 3.81548e+16 2.40763e+16 1.18234e+16 3.38949e+15 4.10794e+13 8.27602e+11 1.94482e+10 4.56128e+08 1.06667e+07 238098
238098 1.06667e+07 4.56128e+08 1.94482e+10 8.27602e+11 4.10794e+13 3.38949e+15 1.18234e+16 2.40763e+16 3.81548e+16 5.16618e+16 6.22459e+16 6.80485e+16 6.80485e+16 6.22459e+16 5.16618e+16 3.81548e+16 2.40763e+16 1.18234e+16 3.38949e+15 4.10794e+13 8.27602e+11 1.94482e+10 4.56128e+08 1.06667e+07 238098
217553 9.74542e+06 4.16699e+08 1.77658e+10 7.55971e+11 3.75276e+13 3.09969e+15 1.08136e+16 2.20213e+16 3.48998e+16 4.72563e+16 5.69391e+16 6.22477e+16 6.22477e+16 5.69391e+16 4.72563e+16 3.48998e+16 2.20213e+16 1.08136e+16 3.09969e+15 3.75276e+13 7.55971e+11 1.77658e+10 4.16699e+08 9.74542e+06 217553
180111 8.06618e+06 3.44821e+08 1.46986e+10 6.25359e+11 3.10501e+13 2.57102e+15 8.9713e+15 1.8272e+16 2.89608e+16 3.92174e+16 4.72554e+16 5.16623e+16 5.16623e+16 4.72554e+16 3.92174e+16 2.89608e+16 1.8272e+16 8.9713e+15 2.57102e+15 3.10501e+13 6.25359e+11 1.46986e+10 3.44821e+08 8.06618e+06 180111
132471 5.92858e+06 2.53291e+08 1.0792e+10 4.58976e+11 2.27963e+13 1.89643e+15 6.62018e+15 1.34866e+16 2.13794e+16 2.89544e+16 3.48915e+16 3.81468e+16 3.81468e+16 3.48915e+16 2.89544e+16 2.13794e+16 1.34866e+16 6.62018e+15 1.89643e+15 2.27963e+13 4.58976e+11 1.0792e+10 2.53291e+08 5.92858e+06 132471
83238.1 3.71659e+06 1.58474e+08 6.74195e+09 2.86424e+11 1.42316e+13 1.19391e+15 4.17077e+15 8.49979e+15 1.34775e+16 1.82558e+16 2.20014e+16 2.40553e+16 2.40553e+16 2.20014e+16 1.82558e+16 1.34775e+16 8.49979e+15 4.17077e+15 1.19391e+15 1.42316e+13 2.86424e+11 6.74195e+09 1.58474e+08 3.71659e+06 83238.1
41345.5 1.82859e+06 7.72892e+07 3.26464e+09 1.37975e+11 6.84997e+12 5.83778e+14 2.04197e+15 4.16397e+15 6.60501e+15 8.94887e+15 1.07864e+16 1.17941e+16 1.17941e+16 1.07864e+16 8.94887e+15 6.60501e+15 4.16397e+15 2.04197e+15 5.83778e+14 6.84997e+12 1.37975e+11 3.26464e+09 7.72892e+07 1.82859e+06 41345.5
13872.3 587615 2.37034e+07 9.55681e+08 3.87033e+10 1.8732e+12 1.65638e+14 5.81064e+14 1.18644e+15 1.88337e+15 2.55284e+15 3.0778e+15 3.3657e+15 3.3657e+15 3.0778e+15 2.55284e+15 1.88337e+15 1.18644e+15 5.81064e+14 1.65638e+14 1.8732e+12 3.87033e+10 9.55681e+08 2.37034e+07 587615 13872.3
2381.08 83149.5 2.53878e+06 6.74133e+07 1.35261e+09 1.99366e+10 1.73735e+12 6.34399e+12 1.318e+13 2.11197e+13 2.87812e+13 3.48012e+13 3.81052e+13 3.81052e+13 3.48012e+13 2.87812e+13 2.11197e+13 1.318e+13 6.34399e+12 1.73735e+12 1.99366e+10 1.35261e+09 6.74133e+07 2.53878e+06 83149.5 2381.08
257.218 7327.21 173161 3.44409e+06 5.78344e+07 1.22862e+09 3.51168e+10 1.25264e+11 2.60212e+11 4.17284e+11 5.68963e+11 6.8819e+11 7.53638e+11 7.53638e+11 6.8819e+11 5.68963e+11 4.17284e+11 2.60212e+11 1.25264e+11 3.51168e+10 1.22862e+09 5.78344e+07 3.44409e+06 173161 7327.21 257.218
20.9217 507.037 10176.9 183448 3.2464e+06 6.11914e+07 8.67051e+08 2.96358e+09 6.12425e+09 9.81033e+09 1.3371e+10 1.61701e+10 1.77068e+10 1.77068e+10 1.61701e+10 1.3371e+10 9.81033e+09 6.12425e+09 2.96358e+09 8.67051e+08 6.11914e+07 3.2464e+06 183448 10176.9 507.037 20.9217
1.43785 31.1531 569.795 9750.59 159828 2.30382e+06 2.15033e+07 7.01538e+07 1.43937e+08 2.3022e+08 3.13626e+08 3.79204e+08 4.15208e+08 4.15208e+08 3.79204e+08 3.13626e+08 2.3022e+08 1.43937e+08 7.01538e+07 2.15033e+07 2.30382e+06 159828 9750.59 569.795 31.1531 1.43785
0.088633 1.77276 30.1254 474.571 6707.12 75438.7 533026 1.65959e+06 3.37525e+06 5.38781e+06 7.33527e+06 8.86694e+06 9.70795e+06 9.70795e+06 8.86694e+06 7.33527e+06 5.38781e+06 3.37525e+06 1.65959e+06 533026 75438.7 6707.12 474.571 30.1254 1.77276 0.088633
0.00460363 0.0863467 1.36128 19.3489 234.563 2159.9 12582.4 37520 75583.9 120371 163764 197907 216657 216657 197907 163764 120371 75583.9 37520 12582.4 2159.9 234.563 19.3489 1.36128 0.0863467 0.00460363
