13.7626 254.67 3936.65 54640.5 646558 5.82656e+06 3.32905e+07 9.69713e+07 1.89777e+08 2.92923e+08 3.87093e+08 4.57433e+08 4.94709e+08 4.94709e+08 4.57433e+08 3.87093e+08 2.92923e+08 1.89777e+08 9.69713e+07 3.32905e+07 5.82656e+06 646558 54640.5 3936.65 254.67 13.7626
264.24 5235.09 87532.3 1.34662e+06 1.85134e+07 2.03063e+08 1.40563e+09 4.27184e+09 8.42932e+09 1.30216e+10 1.7196e+10 2.03046e+10 2.19489e+10 2.19489e+10 2.03046e+10 1.7196e+10 1.30216e+10 8.42932e+09 4.27184e+09 1.40563e+09 2.03063e+08 1.85134e+07 1.34662e+06 87532.3 5235.09 264.24
4254.02 91786 1.66399e+06 2.79401e+07 4.44203e+08 6.20357e+09 5.65982e+10 1.80077e+11 3.57954e+11 5.53164e+11 7.29845e+11 8.6101e+11 9.30252e+11 9.30252e+11 8.6101e+11 7.29845e+11 5.53164e+11 3.57954e+11 1.80077e+11 5.65982e+10 6.20357e+09 4.44203e+08 2.79401e+07 1.66399e+06 91786 4254.02
61064.4 1.47948e+06 2.96908e+07 5.31983e+08 9.17486e+09 1.65634e+11 2.28182e+12 7.59855e+12 1.51899e+13 2.34697e+13 3.09332e+13 3.64573e+13 3.93676e+13 3.93676e+13 3.64573e+13 3.09332e+13 2.34697e+13 1.51899e+13 7.59855e+12 2.28182e+12 1.65634e+11 9.17486e+09 5.31983e+08 2.96908e+07 1.47948e+06 61064.4
737114 2.10023e+07 4.98188e+08 9.98678e+09 1.6808e+11 3.38505e+12 9.25513e+13 3.2128e+14 6.44581e+14 9.9528e+14 1.31023e+15 1.54264e+15 1.66484e+15 1.66484e+15 1.54264e+15 1.31023e+15 9.9528e+14 6.44581e+14 3.2128e+14 9.25513e+13 3.38505e+12 1.6808e+11 9.98678e+09 4.98188e+08 2.10023e+07 737114
6.6842e+06 2.33049e+08 7.12565e+09 1.90565e+11 3.90675e+12 5.92499e+13 4.6215e+15 1.64184e+16 3.29496e+16 5.08581e+16 6.69511e+16 7.88401e+16 8.50969e+16 8.50969e+16 7.88401e+16 6.69511e+16 5.08581e+16 3.29496e+16 1.64184e+16 4.6215e+15 5.92499e+13 3.90675e+12 1.90565e+11 7.12565e+09 2.33049e+08 6.6842e+06
3.81069e+07 1.60867e+09 6.47607e+10 2.61036e+12 1.05853e+14 5.09865e+15 4.38917e+17 1.51342e+18 3.02148e+18 4.68137e+18 6.20581e+18 7.35667e+18 7.97206e+18 7.97206e+18 7.35667e+18 6.20581e+18 4.68137e+18 3.02148e+18 1.51342e+18 4.38917e+17 5.09865e+15 1.05853e+14 2.61036e+12 6.47607e+10 1.60867e+09 3.81069e+07
1.10826e+08 4.8806e+09 2.05671e+11 8.67569e+12 3.66706e+14 1.81291e+16 1.52006e+18 5.22914e+18 1.04272e+19 1.61428e+19 2.13883e+19 2.53465e+19 2.74626e+19 2.74626e+19 2.53465e+19 2.13883e+19 1.61428e+19 1.04272e+19 5.22914e+18 1.52006e+18 1.81291e+16 3.66706e+14 8.67569e+12 2.05671e+11 4.8806e+09 1.10826e+08
2.16641e+08 9.61914e+09 4.08332e+11 1.73216e+13 7.34783e+14 3.63519e+16 3.03512e+18 1.04288e+19 2.07685e+19 3.211e+19 4.2494e+19 5.03145e+19 5.44899e+19 5.44899e+19 5.03145e+19 4.2494e+19 3.211e+19 2.07685e+19 1.04288e+19 3.03512e+18 3.63519e+16 7.34783e+14 1.73216e+13 4.08332e+11 9.61914e+09 2.16641e+08
3.34064e+08 1.48448e+10 6.30371e+11 2.67351e+13 1.13333e+15 5.60357e+16 4.69676e+18 1.61261e+19 3.20722e+19 4.95134e+19 6.54366e+19 7.73996e+19 8.37762e+19 8.37762e+19 7.73996e+19 6.54366e+19 4.95134e+19 3.20722e+19 1.61261e+19 4.69676e+18 5.60357e+16 1.13333e+15 2.67351e+13 6.30371e+11 1.48448e+10 3.34064e+08
4.41107e+08 1.95875e+10 8.31e+11 3.52059e+13 1.4906e+15 7.36667e+16 6.21618e+18 2.13326e+19 4.23779e+19 6.5335e+19 8.62369e+19 1.01904e+20 1.10241e+20 1.10241e+20 1.01904e+20 8.62369e+19 6.5335e+19 4.23779e+19 2.13326e+19 6.21618e+18 7.36667e+16 1.4906e+15 3.52059e+13 8.31e+11 1.95875e+10 4.41107e+08
5.20955e+08 2.31145e+10 9.7973e+11 4.14661e+13 1.75382e+15 8.66525e+16 7.3586e+18 2.52457e+19 5.01087e+19 7.71746e+19 1.01766e+20 1.20164e+20 1.29943e+20 1.29943e+20 1.20164e+20 1.01766e+20 7.71746e+19 5.01087e+19 2.52457e+19 7.3586e+18 8.66525e+16 1.75382e+15 4.14661e+13 9.7973e+11 2.31145e+10 5.20955e+08
5.63232e+08 2.49783e+10 1.05817e+12 4.47607e+13 1.89207e+15 9.3472e+16 7.96772e+18 2.73318e+19 5.42247e+19 8.34679e+19 1.10007e+20 1.29843e+20 1.40379e+20 1.40379e+20 1.29843e+20 1.10007e+20 8.34679e+19 5.42247e+19 2.73318e+19 7.96772e+18 9.3472e+16 1.89207e+15 4.47607e+13 1.05817e+12 2.49783e+10 5.63232e+08
5.63232e+08 2.49783e+10 1.05817e+12 4.47607e+13 1.89207e+15 9.3472e+16 7.96772e+18 2.73318e+19 5.42247e+19 8.34679e+19 1.10007e+20 1.29843e+20 1.40379e+20 1.40379e+20 1.29843e+20 1.10007e+20 8.34679e+19 5.42247e+19 2.73318e+19 7.96772e+18 9.3472e+16 1.89207e+15 4.47607e+13 1.05817e+12 2.49783e+10 5.63232e+08
5.20955e+08 2.31145e+10 9.7973e+11 4.14661e+13 1.75382e+15 8.66525e+16 7.3586e+18 2.52457e+19 5.01087e+19 7.71746e+19 1.01766e+20 1.20164e+20 1.29943e+20 1.29943e+20 1.20164e+20 1.01766e+20 7.71746e+19 5.01087e+19 2.52457e+19 7.3586e+18 8.66525e+16 1.75382e+15 4.14661e+13 9.7973e+11 2.31145e+10 5.20955e+08
4.41107e+08 1.95875e+10 8.31e+11 3.52059e+13 1.4906e+15 7.36667e+16 6.21618e+18 2.13326e+19 4.23779e+19 6.5335e+19 8.62369e+19 1.01904e+20 1.10241e+20 1.10241e+20 1.01904e+20 8.62369e+19 6.5335e+19 4.23779e+19 2.13326e+19 6.21618e+18 7.36667e+16 1.4906e+15 3.52059e+13 8.31e+11 1.95875e+10 4.41107e+08
3.34064e+08 1.48448e+10 6.30371e+11 2.67351e+13 1.13333e+15 5.60357e+16 4.69676e+18 1.61261e+19 3.20722e+19 4.95134e+19 6.54366e+19 7.73996e+19 8.37762e+19 8.37762e+19 7.73996e+19 6.54366e+19 4.95134e+19 3.20722e+19 1.61261e+19 4.69676e+18 5.60357e+16 1.13333e+15 2.67351e+13 6.30371e+11 1.48448e+10 3.34064e+08
2.16641e+08 9.61914e+09 4.08332e+11 1.73216e+13 7.34783e+14 3.63519e+16 3.03512e+18 1.04288e+19 2.07685e+19 3.211e+19 4.2494e+19 5.03145e+19 5.44899e+19 5.44899e+19 5.03145e+19 4.2494e+19 3.211e+19 2.07685e+19 1.04288e+19 3.03512e+18 3.63519e+16 7.34783e+14 1.73216e+13 4.08332e+11 9.61914e+09 2.16641e+08
1.10826e+08 4.8806e+09 2.05671e+11 8.67569e+12 3.66706e+14 1.81291e+16 1.52006e+18 5.22914e+18 1.04272e+19 1.61428e+19 2.13883e+19 2.53465e+19 2.74626e+19 2.74626e+19 2.53465e+19 2.13883e+19 1.61428e+19 1.04272e+19 5.22914e+18 1.52006e+18 1.81291e+16 3.66706e+14 8.67569e+12 2.05671e+11 4.8806e+09 1.10826e+08
3.81069e+07 1.60867e+09 6.47607e+10 2.61036e+12 1.05853e+14 5.09865e+15 4.38917e+17 1.51342e+18 3.02148e+18 4.68137e+18 6.20581e+18 7.35667e+18 7.97206e+18 7.97206e+18 7.35667e+18 6.20581e+18 4.68137e+18 3.02148e+18 1.51342e+18 4.38917e+17 5.09865e+15 1.05853e+14 2.61036e+12 6.47607e+10 1.60867e+09 3.81069e+07
6.6842e+06 2.33049e+08 7.12565e+09 1.90565e+11 3.90675e+12 5.92499e+13 4.6215e+15 1.64184e+16 3.29496e+16 5.08581e+16 6.69511e+16 7.88401e+16 8.50969e+16 8.50969e+16 7.88401e+16 6.69511e+16 5.08581e+16 3.29496e+16 1.64184e+16 4.6215e+15 5.92499e+13 3.90675e+12 1.90565e+11 7.12565e+09 2.33049e+08 6.6842e+06
737114 2.10023e+07 4.98188e+08 9.98678e+09 1.6808e+11 3.38505e+12 9.25513e+13 3.2128e+14 6.44581e+14 9.9528e+14 1.31023e+15 1.54264e+15 1.66484e+15 1.66484e+15 1.54264e+15 1.31023e+15 9.9528e+14 6.44581e+14 3.2128e+14 9.25513e+13 3.38505e+12 1.6808e+11 9.98678e+09 4.98188e+08 2.10023e+07 737114
61064.4 1.47948e+06 2.96908e+07 5.31983e+08 9.17486e+09 1.65634e+11 2.28182e+12 7.59855e+12 1.51899e+13 2.34697e+13 3.09332e+13 3.64573e+13 3.93676e+13 3.93676e+13 3.64573e+13 3.09332e+13 2.34697e+13 1.51899e+13 7.59855e+12 2.28182e+12 1.65634e+11 9.17486e+09 5.31983e+08 2.96908e+07 1.47948e+06 61064.4
4254.02 91786 1.66399e+06 2.79401e+07 4.44203e+08 6.20357e+09 5.65982e+10 1.80077e+11 3.57954e+11 5.53164e+11 7.29845e+11 8.6101e+11 9.30252e+11 9.30252e+11 8.6101e+11 7.29845e+11 5.53164e+11 3.57954e+11 1.80077e+11 5.65982e+10 6.20357e+09 4.44203e+08 2.79401e+07 1.66399e+06 91786 4254.02
264.24 5235.09 87532.3 1.34662e+06 1.85134e+07 2.03063e+08 1.40563e+09 4.27184e+09 8.42932e+09 1.30216e+10 1.7196e+10 2.03046e+10 2.19489e+10 2.19489e+10 2.03046e+10 1.7196e+10 1.30216e+10 8.42932e+09 4.27184e+09 1.40563e+09 2.03063e+08 1.85134e+07 1.34662e+06 87532.3 5235.09 264.24
13.7626 254.67 3936.65 54640.5 646558 5.82656e+06 3.32905e+07 9.69713e+07 1.89777e+08 2.92923e+08 3.87093e+08 4.57433e+08 4.94709e+08 4.94709e+08 4.57433e+08 3.87093e+08 2.92923e+08 1.89777e+08 9.69713e+07 3.32905e+07 5.82656e+06 646558 54640.5 3936.65 254.67 13.7626
