0.698104 13.1763 209.482 3006.1 36755 340276 1.98359e+06 5.87983e+06 1.17316e+07 1.84736e+07 2.48599e+07 2.97846e+07 3.24516e+07 3.24516e+07 2.97846e+07 2.48599e+07 1.84736e+07 1.17316e+07 5.87983e+06 1.98359e+06 340276 36755 3006.1 209.482 13.1763 0.698103
13.4237 269.949 4623.25 73617.3 1.05237e+06 1.19339e+07 8.45135e+07 2.61607e+08 5.26879e+08 8.31369e+08 1.11919e+09 1.34088e+09 1.46086e+09 1.46086e+09 1.34088e+09 1.11919e+09 8.31369e+08 5.26879e+08 2.61607e+08 8.45135e+07 1.19339e+07 1.05237e+06 73617.3 4623.25 269.949 13.4237
217.808 4734.81 87003.7 1.50295e+06 2.49938e+07 3.64932e+08 3.42257e+09 1.11015e+10 2.25497e+10 3.56385e+10 4.79863e+10 5.74857e+10 6.26229e+10 6.26229e+10 5.74857e+10 4.79863e+10 3.56385e+10 2.25497e+10 1.11015e+10 3.42257e+09 3.64932e+08 2.49938e+07 1.50295e+06 87003.7 4734.81 217.808
3178.66 77164.4 1.54917e+06 2.80124e+07 5.02556e+08 9.67461e+09 1.38381e+11 4.70222e+11 9.6168e+11 1.5215e+12 2.04872e+12 2.45386e+12 2.67279e+12 2.67279e+12 2.45386e+12 2.04872e+12 1.5215e+12 9.6168e+11 4.70222e+11 1.38381e+11 9.67461e+09 5.02556e+08 2.80124e+07 1.54917e+06 77164.4 3178.66
39278.3 1.12108e+06 2.6454e+07 5.23798e+08 8.78531e+09 1.92471e+11 5.6168e+12 1.99152e+13 4.09262e+13 6.47889e+13 8.723e+13 1.04456e+14 1.13758e+14 1.13758e+14 1.04456e+14 8.723e+13 6.47889e+13 4.09262e+13 1.99152e+13 5.6168e+12 1.92471e+11 8.78531e+09 5.23798e+08 2.6454e+07 1.12108e+06 39278.3
365425 1.28091e+07 3.91353e+08 1.03584e+10 2.05316e+11 2.98029e+12 2.77413e+14 1.00747e+15 2.07144e+15 3.27785e+15 4.41217e+15 5.28298e+15 5.75325e+15 5.75325e+15 5.28298e+15 4.41217e+15 3.27785e+15 2.07144e+15 1.00747e+15 2.77413e+14 2.98029e+12 2.05316e+11 1.03584e+10 3.91353e+08 1.28091e+07 365425
2.13317e+06 9.08918e+07 3.68116e+09 1.48851e+11 6.04257e+12 2.94472e+14 2.64481e+16 9.24916e+16 1.87727e+17 2.9583e+17 3.98106e+17 4.77231e+17 5.20224e+17 5.20224e+17 4.77231e+17 3.98106e+17 2.9583e+17 1.87727e+17 9.24916e+16 2.64481e+16 2.94472e+14 6.04257e+12 1.48851e+11 3.68116e+09 9.08918e+07 2.13317e+06
6.32112e+06 2.81268e+08 1.19372e+10 5.05684e+11 2.142e+13 1.07037e+15 9.27999e+16 3.2367e+17 6.5623e+17 1.03358e+18 1.3906e+18 1.66685e+18 1.81698e+18 1.81698e+18 1.66685e+18 1.3906e+18 1.03358e+18 6.5623e+17 3.2367e+17 9.27999e+16 1.07037e+15 2.142e+13 5.05684e+11 1.19372e+10 2.81268e+08 6.32112e+06
1.25991e+07 5.65883e+08 2.42212e+10 1.03306e+12 4.39685e+13 2.19897e+15 1.88439e+17 6.56549e+17 1.33033e+18 2.09441e+18 2.81701e+18 3.37598e+18 3.6797e+18 3.67971e+18 3.37598e+18 2.81701e+18 2.09441e+18 1.33033e+18 6.56549e+17 1.88439e+17 2.19897e+15 4.39685e+13 1.03306e+12 2.42212e+10 5.65883e+08 1.25991e+07
1.98129e+07 8.91671e+08 3.82251e+10 1.632e+12 6.94982e+13 3.47474e+15 2.96792e+17 1.03357e+18 2.09341e+18 3.29451e+18 4.42975e+18 5.30752e+18 5.78435e+18 5.78435e+18 5.30752e+18 4.42975e+18 3.29451e+18 2.09341e+18 1.03357e+18 2.96792e+17 3.47474e+15 6.94982e+13 1.632e+12 3.82251e+10 8.91671e+08 1.98129e+07
2.66255e+07 1.19866e+09 5.13931e+10 2.19415e+12 9.34218e+13 4.66993e+15 3.99043e+17 1.38941e+18 2.8133e+18 4.42606e+18 5.94954e+18 7.12698e+18 7.7664e+18 7.7664e+18 7.12698e+18 5.94954e+18 4.42606e+18 2.8133e+18 1.38941e+18 3.99043e+17 4.66993e+15 9.34218e+13 2.19415e+12 5.13931e+10 1.19866e+09 2.66255e+07
3.18642e+07 1.43442e+09 6.14926e+10 2.62476e+12 1.11725e+14 5.58432e+15 4.77949e+17 1.66407e+18 3.36885e+18 5.29891e+18 7.12136e+18 8.52935e+18 9.2938e+18 9.29379e+18 8.52935e+18 7.12136e+18 5.29891e+18 3.36885e+18 1.66407e+18 4.77949e+17 5.58432e+15 1.11725e+14 2.62476e+12 6.14926e+10 1.43442e+09 3.18642e+07
3.46955e+07 1.56175e+09 6.69424e+10 2.85692e+12 1.21585e+14 6.07689e+15 5.20744e+17 1.81308e+18 3.6702e+18 5.77225e+18 7.75663e+18 9.28944e+18 1.01215e+19 1.01215e+19 9.28944e+18 7.75663e+18 5.77225e+18 3.6702e+18 1.81308e+18 5.20744e+17 6.07689e+15 1.21585e+14 2.85692e+12 6.69424e+10 1.56175e+09 3.46955e+07
3.46955e+07 1.56175e+09 6.69424e+10 2.85692e+12 1.21585e+14 6.07689e+15 5.20744e+17 1.81308e+18 3.6702e+18 5.77225e+18 7.75663e+18 9.28944e+18 1.01215e+19 1.01215e+19 9.28944e+18 7.75663e+18 5.77225e+18 3.6702e+18 1.81308e+18 5.20744e+17 6.07689e+15 1.21585e+14 2.85692e+12 6.69424e+10 1.56175e+09 3.46955e+07
3.18642e+07 1.43442e+09 6.14926e+10 2.62476e+12 1.11725e+14 5.58432e+15 4.77949e+17 1.66407e+18 3.36885e+18 5.29891e+18 7.12136e+18 8.52935e+18 9.29379e+18 9.2938e+18 8.52935e+18 7.12136e+18 5.29891e+18 3.36885e+18 1.66407e+18 4.77949e+17 5.58432e+15 1.11725e+14 2.62476e+12 6.14926e+10 1.43442e+09 3.18642e+07
2.66255e+07 1.19866e+09 5.13931e+10 2.19415e+12 9.34218e+13 4.66993e+15 3.99043e+17 1.38941e+18 2.8133e+18 4.42606e+18 5.94954e+18 7.12698e+18 7.7664e+18 7.7664e+18 7.12698e+18 5.94954e+18 4.42606e+18 2.8133e+18 1.38941e+18 3.99043e+17 4.66993e+15 9.34218e+13 2.19415e+12 5.13931e+10 1.19866e+09 2.66255e+07
1.98129e+07 8.91671e+08 3.82251e+10 1.632e+12 6.94982e+13 3.47474e+15 2.96792e+17 1.03357e+18 2.09341e+18 3.29451e+18 4.42975e+18 5.30752e+18 5.78435e+18 5.78435e+18 5.30752e+18 4.42975e+18 3.29451e+18 2.09341e+18 1.03357e+18 2.96792e+17 3.47474e+15 6.94982e+13 1.632e+12 3.82251e+10 8.91671e+08 1.98129e+07
1.25991e+07 5.65883e+08 2.42212e+10 1.03306e+12 4.39685e+13 2.19897e+15 1.88439e+17 6.56549e+17 1.33033e+18 2.09441e+18 2.81701e+18 3.37598e+18 3.6797e+18 3.6797e+18 3.37598e+18 2.81701e+18 2.09441e+18 1.33033e+18 6.56549e+17 1.88439e+17 2.19897e+15 4.39685e+13 1.03306e+12 2.42212e+10 5.65883e+08 1.25991e+07
6.32112e+06 2.81268e+08 1.19372e+10 5.05684e+11 2.142e+13 1.07037e+15 9.27999e+16 3.2367e+17 6.5623e+17 1.03358e+18 1.3906e+18 1.66685e+18 1.81698e+18 1.81698e+18 1.66685e+18 1.3906e+18 1.03358e+18 6.5623e+17 3.2367e+17 9.27999e+16 1.07037e+15 2.142e+13 5.05684e+11 1.19372e+10 2.81268e+08 6.32112e+06
2.13317e+06 9.08918e+07 3.68116e+09 1.48851e+11 6.04257e+12 2.94472e+14 2.64481e+16 9.24916e+16 1.87727e+17 2.9583e+17 3.98106e+17 4.77231e+17 5.20224e+17 5.20224e+17 4.77231e+17 3.98106e+17 2.9583e+17 1.87727e+17 9.24916e+16 2.64481e+16 2.94472e+14 6.04257e+12 1.48851e+11 3.68116e+09 9.08918e+07 2.13317e+06
365425 1.28091e+07 3.91353e+08 1.03584e+10 2.05316e+11 2.98029e+12 2.77413e+14 1.00747e+15 2.07144e+15 3.27785e+15 4.41217e+15 5.28298e+15 5.75325e+15 5.75325e+15 5.28298e+15 4.41217e+15 3.27785e+15 2.07144e+15 1.00747e+15 2.77413e+14 2.98029e+12 2.05316e+11 1.03584e+10 3.91353e+08 1.28091e+07 365425
39278.3 1.12108e+06 2.6454e+07 5.23798e+08 8.78531e+09 1.92471e+11 5.6168e+12 1.99152e+13 4.09262e+13 6.47889e+13 8.723e+13 1.04456e+14 1.13758e+14 1.13758e+14 1.04456e+14 8.723e+13 6.47889e+13 4.09262e+13 1.99152e+13 5.6168e+12 1.92471e+11 8.78531e+09 5.23798e+08 2.6454e+07 1.12108e+06 39278.3
3178.66 77164.4 1.54917e+06 2.80124e+07 5.02556e+08 9.67461e+09 1.38381e+11 4.70222e+11 9.6168e+11 1.5215e+12 2.04872e+12 2.45386e+12 2.67279e+12 2.67279e+12 2.45386e+12 2.04872e+12 1.5215e+12 9.6168e+11 4.70222e+11 1.38381e+11 9.67461e+09 5.02556e+08 2.80124e+07 1.54917e+06 77164.4 3178.66
217.808 4734.81 87003.7 1.50295e+06 2.49938e+07 3.64932e+08 3.42257e+09 1.11015e+10 2.25497e+10 3.56385e+10 4.79863e+10 5.74857e+10 6.26229e+10 6.26229e+10 5.74857e+10 4.79863e+10 3.56385e+10 2.25497e+10 1.11015e+10 3.42257e+09 3.64932e+08 2.49938e+07 1.50295e+06 87003.7 4734.81 217.808
13.4237 269.949 4623.25 73617.3 1.05237e+06 1.19339e+07 8.45135e+07 2.61607e+08 5.26879e+08 8.31369e+08 1.11919e+09 1.34088e+09 1.46086e+09 1.46086e+09 1.34088e+09 1.11919e+09 8.31369e+08 5.26879e+08 2.61607e+08 8.45135e+07 1.19339e+07 1.05237e+06 73617.3 4623.25 269.949 13.4237
0.698103 13.1763 209.482 3006.1 36755 340276 1.98359e+06 5.87983e+06 1.17316e+07 1.84736e+07 2.48599e+07 2.97846e+07 3.24516e+07 3.24516e+07 2.97846e+07 2.48599e+07 1.84736e+07 1.17316e+07 5.87983e+06 1.98359e+06 340276 36755 3006.1 209.482 13.1763 0.698104
