9.53671 176.787 2738.98 38120.2 452553 4.09555e+06 2.35509e+07 6.94183e+07 1.38032e+08 2.16831e+08 2.91303e+08 3.48653e+08 3.79691e+08 3.79691e+08 3.48653e+08 2.91303e+08 2.16831e+08 1.38032e+08 6.94183e+07 2.35509e+07 4.09555e+06 452553 38120.2 2738.98 176.787 9.53671
183.452 3640.11 60982.4 940385 1.29656e+07 1.4274e+08 9.93752e+08 3.05671e+09 6.1317e+09 9.64686e+09 1.29597e+10 1.55065e+10 1.68835e+10 1.68835e+10 1.55065e+10 1.29597e+10 9.64686e+09 6.1317e+09 3.05671e+09 9.93752e+08 1.4274e+08 1.29656e+07 940385 60982.4 3640.11 183.452
2960.43 63954.9 1.16124e+06 1.95354e+07 3.11311e+08 4.36081e+09 3.99779e+10 1.28774e+11 2.60393e+11 4.10132e+11 5.50875e+11 6.58897e+11 7.17242e+11 7.17242e+11 6.58897e+11 5.50875e+11 4.10132e+11 2.60393e+11 1.28774e+11 3.99779e+10 4.36081e+09 3.11311e+08 1.95354e+07 1.16124e+06 63954.9 2960.43
42611.8 1.0334e+06 2.07629e+07 3.72537e+08 6.43602e+09 1.16438e+11 1.60981e+12 5.42919e+12 1.10486e+13 1.74132e+13 2.33815e+13 2.79552e+13 3.0423e+13 3.0423e+13 2.79552e+13 2.33815e+13 1.74132e+13 1.10486e+13 5.42919e+12 1.60981e+12 1.16438e+11 6.43602e+09 3.72537e+08 2.07629e+07 1.0334e+06 42611.8
516016 1.47116e+07 3.49229e+08 7.00715e+09 1.18074e+11 2.38022e+12 6.5191e+13 2.29301e+14 4.6869e+14 7.38836e+14 9.91662e+14 1.18512e+15 1.2894e+15 1.2894e+15 1.18512e+15 9.91662e+14 7.38836e+14 4.6869e+14 2.29301e+14 6.5191e+13 2.38022e+12 1.18074e+11 7.00715e+09 3.49229e+08 1.47116e+07 516016
4.69844e+06 1.63828e+08 5.00963e+09 1.33997e+11 2.74842e+12 4.17144e+13 3.24883e+15 1.16917e+16 2.38967e+16 3.76398e+16 5.04942e+16 6.03283e+16 6.56289e+16 6.56289e+16 6.03283e+16 5.04942e+16 3.76398e+16 2.38967e+16 1.16917e+16 3.24883e+15 4.17144e+13 2.74842e+12 1.33997e+11 5.00963e+09 1.63828e+08 4.69844e+06
2.69545e+07 1.13716e+09 4.57385e+10 1.84143e+12 7.45545e+13 3.58288e+15 3.08525e+17 1.07257e+18 2.16636e+18 3.39955e+18 4.55972e+18 5.45353e+18 5.93795e+18 5.93795e+18 5.45353e+18 4.55972e+18 3.39956e+18 2.16636e+18 1.07257e+18 3.08525e+17 3.58288e+15 7.45545e+13 1.84143e+12 4.57385e+10 1.13716e+09 2.69545e+07
7.93175e+07 3.49152e+09 1.47045e+11 6.19756e+12 2.61671e+14 1.29079e+16 1.078e+18 3.73744e+18 7.53795e+18 1.1817e+19 1.58383e+19 1.89339e+19 2.06108e+19 2.06108e+19 1.89339e+19 1.58383e+19 1.1817e+19 7.53795e+18 3.73744e+18 1.078e+18 1.29079e+16 2.61671e+14 6.19756e+12 1.47045e+11 3.49152e+09 7.93175e+07
1.5752e+08 6.99504e+09 2.96952e+11 1.25954e+13 5.3413e+14 2.63695e+16 2.17977e+18 7.54659e+18 1.5202e+19 2.38041e+19 3.18726e+19 3.80738e+19 4.14295e+19 4.14295e+19 3.80738e+19 3.18726e+19 2.38041e+19 1.5202e+19 7.54659e+18 2.17977e+18 2.63695e+16 5.3413e+14 1.25954e+13 2.96952e+11 6.99504e+09 1.5752e+08
2.47184e+08 1.09932e+10 4.67196e+11 1.98286e+13 8.41012e+14 4.14973e+16 3.42023e+18 1.18296e+19 2.38024e+19 3.72261e+19 4.97891e+19 5.94264e+19 6.46349e+19 6.46349e+19 5.94264e+19 4.97891e+19 3.72261e+19 2.38024e+19 1.18296e+19 3.42023e+18 4.14973e+16 8.41012e+14 1.98286e+13 4.67196e+11 1.09932e+10 2.47184e+08
3.31787e+08 1.4755e+10 6.26934e+11 2.65991e+13 1.12768e+15 5.56151e+16 4.5848e+18 1.58465e+19 3.18531e+19 4.97625e+19 6.64882e+19 7.92956e+19 8.62088e+19 8.62088e+19 7.92956e+19 6.64882e+19 4.97625e+19 3.18531e+19 1.58465e+19 4.5848e+18 5.56151e+16 1.12768e+15 2.65991e+13 6.26934e+11 1.4755e+10 3.31787e+08
3.96847e+08 1.76427e+10 7.49349e+11 3.17793e+13 1.34667e+15 6.63934e+16 5.48015e+18 1.89325e+19 3.80284e+19 5.93602e+19 7.92497e+19 9.4458e+19 1.02659e+20 1.02659e+20 9.4458e+19 7.92497e+19 5.93602e+19 3.80284e+19 1.89325e+19 5.48015e+18 6.63934e+16 1.34667e+15 3.17793e+13 7.49349e+11 1.76427e+10 3.96847e+08
4.32025e+08 1.92025e+10 8.15401e+11 3.45715e+13 1.46459e+15 7.21945e+16 5.96468e+18 2.06017e+19 4.13651e+19 6.45397e+19 8.61281e+19 1.02623e+20 1.11513e+20 1.11513e+20 1.02623e+20 8.61281e+19 6.45397e+19 4.13651e+19 2.06017e+19 5.96468e+18 7.21945e+16 1.46459e+15 3.45715e+13 8.15401e+11 1.92025e+10 4.32025e+08
4.32025e+08 1.92025e+10 8.15401e+11 3.45715e+13 1.46459e+15 7.21945e+16 5.96468e+18 2.06017e+19 4.13651e+19 6.45397e+19 8.61281e+19 1.02623e+20 1.11513e+20 1.11513e+20 1.02623e+20 8.61281e+19 6.45397e+19 4.13651e+19 2.06017e+19 5.96468e+18 7.21945e+16 1.46459e+15 3.45715e+13 8.15401e+11 1.92025e+10 4.32025e+08
3.96847e+08 1.76427e+10 7.49349e+11 3.17793e+13 1.34667e+15 6.63934e+16 5.48015e+18 1.89325e+19 3.80284e+19 5.93602e+19 7.92497e+19 9.4458e+19 1.02659e+20 1.02659e+20 9.4458e+19 7.92497e+19 5.93602e+19 3.80284e+19 1.89325e+19 5.48015e+18 6.63934e+16 1.34667e+15 3.17793e+13 7.49349e+11 1.76427e+10 3.96847e+08
3.31787e+08 1.4755e+10 6.26934e+11 2.65991e+13 1.12768e+15 5.56151e+16 4.5848e+18 1.58465e+19 3.18531e+19 4.97625e+19 6.64882e+19 7.92956e+19 8.62088e+19 8.62088e+19 7.92956e+19 6.64882e+19 4.97625e+19 3.18531e+19 1.58465e+19 4.5848e+18 5.56151e+16 1.12768e+15 2.65991e+13 6.26934e+11 1.4755e+10 3.31787e+08
2.47184e+08 1.09932e+10 4.67196e+11 1.98286e+13 8.41012e+14 4.14973e+16 3.42023e+18 1.18296e+19 2.38024e+19 3.72261e+19 4.97891e+19 5.94264e+19 6.46349e+19 6.46349e+19 5.94264e+19 4.97891e+19 3.72261e+19 2.38024e+19 1.18296e+19 3.42023e+18 4.14973e+16 8.41012e+14 1.98286e+13 4.67196e+11 1.09932e+10 2.47184e+08
1.5752e+08 6.99504e+09 2.96952e+11 1.25954e+13 5.3413e+14 2.63695e+16 2.17977e+18 7.54659e+18 1.5202e+19 2.38041e+19 3.18726e+19 3.80738e+19 4.14295e+19 4.14295e+19 3.80738e+19 3.18726e+19 2.38041e+19 1.5202e+19 7.54659e+18 2.17977e+18 2.63695e+16 5.3413e+14 1.25954e+13 2.96952e+11 6.99504e+09 1.5752e+08
7.93175e+07 3.49152e+09 1.47045e+11 6.19756e+12 2.61671e+14 1.29079e+16 1.078e+18 3.73744e+18 7.53795e+18 1.1817e+19 1.58383e+19 1.89339e+19 2.06108e+19 2.06108e+19 1.89339e+19 1.58383e+19 1.1817e+19 7.53795e+18 3.73744e+18 1.078e+18 1.29079e+16 2.61671e+14 6.19756e+12 1.47045e+11 3.49152e+09 7.93175e+07
2.69545e+07 1.13716e+09 4.57385e+10 1.84143e+12 7.45545e+13 3.58288e+15 3.08525e+17 1.07257e+18 2.16636e+18 3.39956e+18 4.55972e+18 5.45353e+18 5.93795e+18 5.93795e+18 5.45353e+18 4.55972e+18 3.39955e+18 2.16636e+18 1.07257e+18 3.08525e+17 3.58288e+15 7.45545e+13 1.84143e+12 4.57385e+10 1.13716e+09 2.69545e+07
4.69844e+06 1.63828e+08 5.00963e+09 1.33997e+11 2.74842e+12 4.17144e+13 3.24883e+15 1.16917e+16 2.38967e+16 3.76398e+16 5.04942e+16 6.03283e+16 6.56289e+16 6.56289e+16 6.03283e+16 5.04942e+16 3.76398e+16 2.38967e+16 1.16917e+16 3.24883e+15 4.17144e+13 2.74842e+12 1.33997e+11 5.00963e+09 1.63828e+08 4.69844e+06
516016 1.47116e+07 3.49229e+08 7.00715e+09 1.18074e+11 2.38022e+12 6.5191e+13 2.29301e+14 4.6869e+14 7.38836e+14 9.91662e+14 1.18512e+15 1.2894e+15 1.2894e+15 1.18512e+15 9.91662e+14 7.38836e+14 4.6869e+14 2.29301e+14 6.5191e+13 2.38022e+12 1.18074e+11 7.00715e+09 3.49229e+08 1.47116e+07 516016
42611.8 1.0334e+06 2.07629e+07 3.72537e+08 6.43602e+09 1.16438e+11 1.60981e+12 5.42919e+12 1.10486e+13 1.74132e+13 2.33815e+13 2.79552e+13 3.0423e+13 3.0423e+13 2.79552e+13 2.33815e+13 1.74132e+13 1.10486e+13 5.42919e+12 1.60981e+12 1.16438e+11 6.43602e+09 3.72537e+08 2.07629e+07 1.0334e+06 42611.8
2960.43 63954.9 1.16124e+06 1.95354e+07 3.11311e+08 4.36081e+09 3.99779e+10 1.28774e+11 2.60393e+11 4.10132e+11 5.50875e+11 6.58897e+11 7.17242e+11 7.17242e+11 6.58897e+11 5.50875e+11 4.10132e+11 2.60393e+11 1.28774e+11 3.99779e+10 4.36081e+09 3.11311e+08 1.95354e+07 1.16124e+06 63954.9 2960.43
183.452 3640.11 60982.4 940385 1.29656e+07 1.4274e+08 9.93752e+08 3.05671e+09 6.1317e+09 9.64686e+09 1.29597e+10 1.55065e+10 1.68835e+10 1.68835e+10 1.55065e+10 1.29597e+10 9.64686e+09 6.1317e+09 3.05671e+09 9.93752e+08 1.4274e+08 1.29656e+07 940385 60982.4 3640.11 183.452
9.53671 176.787 2738.98 38120.2 452553 4.09555e+06 2.35509e+07 6.94183e+07 1.38032e+08 2.16831e+08 2.91303e+08 3.48653e+08 3.79691e+08 3.79691e+08 3.48653e+08 2.91303e+08 2.16831e+08 1.38032e+08 6.94183e+07 2.35509e+07 4.09555e+06 452553 38120.2 2738.98 176.787 9.53671
