0.0084331 0.157415 2.46647 34.8204 419.41 3842.18 22303.9 66355.5 133388 212007 287953 347573 380266 380266 347573 287953 212007 133388 66355.5 22303.9 3842.18 419.41 34.8204 2.46647 0.157415 0.0084331
0.162158 3.23033 54.5938 853.952 11976.5 133847 941841 2.92513e+06 5.93526e+06 9.4538e+06 1.28477e+07 1.55103e+07 1.69701e+07 1.69701e+07 1.55103e+07 1.28477e+07 9.4538e+06 5.93526e+06 2.92513e+06 941841 133847 11976.5 853.952 54.5938 3.23033 0.162158
2.62479 56.7158 1033.59 17580.9 285629 4.08206e+06 3.79078e+07 1.23343e+08 2.52429e+08 4.02804e+08 5.47667e+08 6.6127e+08 7.23538e+08 7.23538e+08 6.6127e+08 5.47667e+08 4.02804e+08 2.52429e+08 1.23343e+08 3.79078e+07 4.08206e+06 285629 17580.9 1033.59 56.7158 2.62479
38.0562 920.724 18458.3 331921 5.82757e+06 1.0849e+08 1.52644e+09 5.20253e+09 1.07221e+10 1.71327e+10 2.33028e+10 2.81399e+10 3.07909e+10 3.07909e+10 2.81399e+10 2.33028e+10 1.71327e+10 1.07221e+10 5.20253e+09 1.52644e+09 1.0849e+08 5.82757e+06 331921 18458.3 920.724 38.0562
465.69 13243.6 312943 6.23463e+06 1.04721e+08 2.18856e+09 6.17819e+10 2.19715e+11 4.55111e+11 7.27904e+11 9.90333e+11 1.19602e+12 1.30873e+12 1.30873e+12 1.19602e+12 9.90333e+11 7.27904e+11 4.55111e+11 2.19715e+11 6.17819e+10 2.18856e+09 1.04721e+08 6.23463e+06 312943 13243.6 465.69
4289.7 149441 4.55829e+06 1.21192e+08 2.44639e+09 3.63538e+10 3.06187e+12 1.11441e+13 2.30837e+13 3.68895e+13 5.01607e+13 6.05589e+13 6.62556e+13 6.62556e+13 6.05589e+13 5.01607e+13 3.68895e+13 2.30837e+13 1.11441e+13 3.06187e+12 3.63538e+10 2.44639e+09 1.21192e+08 4.55829e+06 149441 4289.7
24885.9 1.05075e+06 4.2286e+07 1.70255e+09 6.89013e+10 3.32611e+12 2.91715e+14 1.02118e+15 2.08063e+15 3.29624e+15 4.46057e+15 5.37158e+15 5.87053e+15 5.87053e+15 5.37158e+15 4.46057e+15 3.29624e+15 2.08063e+15 1.02118e+15 2.91715e+14 3.32611e+12 6.89013e+10 1.70255e+09 4.2286e+07 1.05075e+06 24885.9
73974.6 3.26045e+06 1.37458e+08 5.7969e+09 2.44776e+11 1.21229e+13 1.02622e+15 3.58232e+15 7.28977e+15 1.15405e+16 1.56103e+16 1.87939e+16 2.05374e+16 2.05374e+16 1.87939e+16 1.56103e+16 1.15405e+16 7.28977e+15 3.58232e+15 1.02622e+15 1.21229e+13 2.44776e+11 5.7969e+09 1.37458e+08 3.26045e+06 73974.6
148587 6.61032e+06 2.81085e+08 1.19371e+10 5.06587e+11 2.51103e+13 2.09435e+15 7.30192e+15 1.48498e+16 2.34999e+16 3.17791e+16 3.82545e+16 4.18003e+16 4.18003e+16 3.82545e+16 3.17791e+16 2.34999e+16 1.48498e+16 7.30192e+15 2.09435e+15 2.51103e+13 5.06587e+11 1.19371e+10 2.81085e+08 6.61032e+06 148587
235985 1.05209e+07 4.48173e+08 1.90584e+10 8.09556e+11 4.01109e+13 3.32005e+15 1.15672e+16 2.35152e+16 3.72029e+16 5.03004e+16 6.05427e+16 6.61506e+16 6.61506e+16 6.05427e+16 5.03004e+16 3.72029e+16 2.35152e+16 1.15672e+16 3.32005e+15 4.01109e+13 8.09556e+11 1.90584e+10 4.48173e+08 1.05209e+07 235985
320302 1.42877e+07 6.08913e+08 2.59028e+10 1.10058e+12 5.45117e+13 4.49351e+15 1.56493e+16 3.18059e+16 5.03101e+16 6.80129e+16 8.18546e+16 8.94328e+16 8.94328e+16 8.18546e+16 6.8013e+16 5.03101e+16 3.18059e+16 1.56493e+16 4.49351e+15 5.45117e+13 1.10058e+12 2.59028e+10 6.08913e+08 1.42877e+07 320302
386418 1.72396e+07 7.34811e+08 3.12617e+10 1.32838e+12 6.57807e+13 5.41108e+15 1.88406e+16 3.82865e+16 6.05541e+16 8.18544e+16 9.85072e+16 1.07624e+17 1.07624e+17 9.85072e+16 8.18544e+16 6.05541e+16 3.82865e+16 1.88406e+16 5.41108e+15 6.57807e+13 1.32838e+12 3.12617e+10 7.34811e+08 1.72396e+07 386418
422645 1.88566e+07 8.03761e+08 3.4196e+10 1.45309e+12 7.1949e+13 5.91335e+15 2.05875e+16 4.18335e+16 6.61603e+16 8.94288e+16 1.0762e+17 1.17578e+17 1.17578e+17 1.0762e+17 8.94288e+16 6.61603e+16 4.18335e+16 2.05875e+16 5.91335e+15 7.1949e+13 1.45309e+12 3.4196e+10 8.03761e+08 1.88566e+07 422645
422645 1.88566e+07 8.03761e+08 3.4196e+10 1.45309e+12 7.1949e+13 5.91335e+15 2.05875e+16 4.18335e+16 6.61603e+16 8.94288e+16 1.0762e+17 1.17578e+17 1.17578e+17 1.0762e+17 8.94288e+16 6.61603e+16 4.18335e+16 2.05875e+16 5.91335e+15 7.1949e+13 1.45309e+12 3.4196e+10 8.03761e+08 1.88566e+07 422645
386418 1.72396e+07 7.34811e+08 3.12617e+10 1.32838e+12 6.57807e+13 5.41108e+15 1.88406e+16 3.82865e+16 6.05541e+16 8.18544e+16 9.85072e+16 1.07624e+17 1.07624e+17 9.85072e+16 8.18544e+16 6.05541e+16 3.82865e+16 1.88406e+16 5.41108e+15 6.57807e+13 1.32838e+12 3.12617e+10 7.34811e+08 1.72396e+07 386418
320302 1.42877e+07 6.08913e+08 2.59028e+10 1.10058e+12 5.45117e+13 4.49351e+15 1.56493e+16 3.18059e+16 5.03101e+16 6.8013e+16 8.18546e+16 8.94328e+16 8.94328e+16 8.18546e+16 6.80129e+16 5.03101e+16 3.18059e+16 1.56493e+16 4.49351e+15 5.45117e+13 1.10058e+12 2.59028e+10 6.08913e+08 1.42877e+07 320302
235985 1.05209e+07 4.48173e+08 1.90584e+10 8.09556e+11 4.01109e+13 3.32005e+15 1.15672e+16 2.35152e+16 3.72029e+16 5.03004e+16 6.05427e+16 6.61506e+16 6.61506e+16 6.05427e+16 5.03004e+16 3.72029e+16 2.35152e+16 1.15672e+16 3.32005e+15 4.01109e+13 8.09556e+11 1.90584e+10 4.48173e+08 1.05209e+07 235985
148587 6.61032e+06 2.81085e+08 1.19371e+10 5.06587e+11 2.51103e+13 2.09435e+15 7.30192e+15 1.48498e+16 2.34999e+16 3.17791e+16 3.82545e+16 4.18003e+16 4.18003e+16 3.82545e+16 3.17791e+16 2.34999e+16 1.48498e+16 7.30192e+15 2.09435e+15 2.51103e+13 5.06587e+11 1.19371e+10 2.81085e+08 6.61032e+06 148587
73974.6 3.26045e+06 1.37458e+08 5.7969e+09 2.44776e+11 1.21229e+13 1.02622e+15 3.58232e+15 7.28977e+15 1.15405e+16 1.56103e+16 1.87939e+16 2.05374e+16 2.05374e+16 1.87939e+16 1.56103e+16 1.15405e+16 7.28977e+15 3.58232e+15 1.02622e+15 1.21229e+13 2.44776e+11 5.7969e+09 1.37458e+08 3.26045e+06 73974.6
24885.9 1.05075e+06 4.2286e+07 1.70255e+09 6.89013e+10 3.32611e+12 2.91715e+14 1.02118e+15 2.08063e+15 3.29624e+15 4.46057e+15 5.37158e+15 5.87053e+15 5.87053e+15 5.37158e+15 4.46057e+15 3.29624e+15 2.08063e+15 1.02118e+15 2.91715e+14 3.32611e+12 6.89013e+10 1.70255e+09 4.2286e+07 1.05075e+06 24885.9
4289.7 149441 4.55829e+06 1.21192e+08 2.44639e+09 3.63538e+10 3.06187e+12 1.11441e+13 2.30837e+13 3.68895e+13 5.01607e+13 6.05589e+13 6.62556e+13 6.62556e+13 6.05589e+13 5.01607e+13 3.68895e+13 2.30837e+13 1.11441e+13 3.06187e+12 3.63538e+10 2.44639e+09 1.21192e+08 4.55829e+06 149441 4289.7
465.69 13243.6 312943 6.23463e+06 1.04721e+08 2.18856e+09 6.17819e+10 2.19715e+11 4.55111e+11 7.27904e+11 9.90333e+11 1.19602e+12 1.30873e+12 1.30873e+12 1.19602e+12 9.90333e+11 7.27904e+11 4.55111e+11 2.19715e+11 6.17819e+10 2.18856e+09 1.04721e+08 6.23463e+06 312943 13243.6 465.69
38.0562 920.724 18458.3 331921 5.82757e+06 1.0849e+08 1.52644e+09 5.20253e+09 1.07221e+10 1.71327e+10 2.33028e+10 2.81399e+10 3.07909e+10 3.07909e+10 2.81399e+10 2.33028e+10 1.71327e+10 1.07221e+10 5.20253e+09 1.52644e+09 1.0849e+08 5.82757e+06 331921 18458.3 920.724 38.0562
2.62479 56.7158 1033.59 17580.9 285629 4.08206e+06 3.79078e+07 1.23343e+08 2.52429e+08 4.02804e+08 5.47667e+08 6.6127e+08 7.23538e+08 7.23538e+08 6.6127e+08 5.47667e+08 4.02804e+08 2.52429e+08 1.23343e+08 3.79078e+07 4.08206e+06 285629 17580.9 1033.59 56.7158 2.62479
0.162158 3.23033 54.5938 853.952 11976.5 133847 941841 2.92513e+06 5.93526e+06 9.4538e+06 1.28477e+07 1.55103e+07 1.69701e+07 1.69701e+07 1.55103e+07 1.28477e+07 9.4538e+06 5.93526e+06 2.92513e+06 941841 133847 11976.5 853.952 54.5938 3.23033 0.162158
0.0084331 0.157415 2.46647 34.8204 419.41 3842.18 22303.9 66355.5 133388 212007 287953 347573 380266 380266 347573 287953 212007 133388 66355.5 22303.9 3842.18 419.41 34.8204 2.46647 0.157415 0.0084331
