0.132296 2.49963 39.9054 576.188 7089.13 65964.8 386131 1.1508e+06 2.31269e+06 3.67173e+06 4.98024e+06 6.00411e+06 6.56422e+06 6.56422e+06 6.00411e+06 4.98024e+06 3.67173e+06 2.31269e+06 1.1508e+06 386131 65964.8 7089.13 576.188 39.9054 2.49963 0.132296
2.53342 50.8667 873.29 13995 201665 2.30232e+06 1.63824e+07 5.09942e+07 1.0347e+08 1.64665e+08 2.23508e+08 2.69529e+08 2.947e+08 2.947e+08 2.69529e+08 2.23508e+08 1.64665e+08 1.0347e+08 5.09942e+07 1.63824e+07 2.30232e+06 201665 13995 873.29 50.8666 2.53342
41.0459 888.393 16311.2 283140 4.7554e+06 7.01131e+07 6.6147e+08 2.15795e+09 4.41735e+09 7.04382e+09 9.56654e+09 1.15387e+10 1.26172e+10 1.26172e+10 1.15387e+10 9.56654e+09 7.04382e+09 4.41734e+09 2.15795e+09 6.6147e+08 7.01131e+07 4.7554e+06 283140 16311.2 888.393 41.0459
600.086 14478.2 289327 5.2293e+06 9.46564e+07 1.85022e+09 2.66869e+10 9.12243e+10 1.88076e+11 3.00346e+11 4.08093e+11 4.92301e+11 5.3834e+11 5.3834e+11 4.92301e+11 4.08093e+11 3.00346e+11 1.88076e+11 9.12243e+10 2.66869e+10 1.85022e+09 9.46564e+07 5.2293e+06 289327 14478.2 600.086
7445.79 211204 4.9534e+06 9.74462e+07 1.62983e+09 3.64909e+10 1.08134e+12 3.85766e+12 7.99428e+12 1.27794e+13 1.73696e+13 2.09561e+13 2.29165e+13 2.29165e+13 2.09561e+13 1.73696e+13 1.27794e+13 7.99428e+12 3.85766e+12 1.08134e+12 3.64909e+10 1.62983e+09 9.74462e+07 4.9534e+06 211204 7445.79
69625.7 2.42797e+06 7.38298e+07 1.94294e+09 3.80799e+10 5.4522e+11 5.3197e+13 1.94395e+14 4.03024e+14 6.43935e+14 8.74937e+14 1.0554e+15 1.15404e+15 1.15404e+15 1.0554e+15 8.74937e+14 6.43935e+14 4.03024e+14 1.94395e+14 5.3197e+13 5.4522e+11 3.80799e+10 1.94294e+09 7.38298e+07 2.42797e+06 69625.7
408619 1.73377e+07 7.00104e+08 2.82487e+10 1.14481e+12 5.58847e+13 5.07188e+15 1.77993e+16 3.63073e+16 5.75512e+16 7.78909e+16 9.37924e+16 1.02495e+17 1.02495e+17 9.37924e+16 7.78909e+16 5.75512e+16 3.63073e+16 1.77993e+16 5.07188e+15 5.58847e+13 1.14481e+12 2.82487e+10 7.00104e+08 1.73377e+07 408619
1.21813e+06 5.39861e+07 2.28496e+09 9.66113e+10 4.08625e+12 2.04438e+14 1.78542e+16 6.24803e+16 1.27299e+17 2.01661e+17 2.72847e+17 3.28501e+17 3.58961e+17 3.58961e+17 3.28501e+17 2.72847e+17 2.01661e+17 1.27299e+17 6.24803e+16 1.78542e+16 2.04438e+14 4.08625e+12 9.66113e+10 2.28496e+09 5.39861e+07 1.21813e+06
2.44635e+06 1.09467e+08 4.6741e+09 1.99041e+11 8.46184e+12 4.23626e+14 3.64433e+16 1.27386e+17 2.59407e+17 4.10821e+17 5.55748e+17 6.69048e+17 7.31058e+17 7.31058e+17 6.69048e+17 5.55748e+17 4.10821e+17 2.59407e+17 1.27386e+17 3.64433e+16 4.23626e+14 8.46184e+12 1.99041e+11 4.6741e+09 1.09467e+08 2.44635e+06
3.87977e+06 1.74016e+08 7.44477e+09 3.17484e+11 1.35105e+13 6.76115e+14 5.77567e+16 2.01772e+17 4.10769e+17 6.50415e+17 8.79761e+17 1.05905e+18 1.15716e+18 1.15716e+18 1.05905e+18 8.79761e+17 6.50415e+17 4.10769e+17 2.01772e+17 5.77567e+16 6.76115e+14 1.35105e+13 3.17484e+11 7.44477e+09 1.74016e+08 3.87977e+06
5.25633e+06 2.35918e+08 1.00986e+10 4.30829e+11 1.83391e+13 9.17514e+14 7.81291e+16 2.72869e+17 5.55424e+17 8.79362e+17 1.18934e+18 1.43164e+18 1.56423e+18 1.56423e+18 1.43164e+18 1.18934e+18 8.79362e+17 5.55424e+17 2.72869e+17 7.81291e+16 9.17514e+14 1.83391e+13 4.30829e+11 1.00986e+10 2.35918e+08 5.25633e+06
6.33086e+06 2.84211e+08 1.21679e+10 5.19174e+11 2.21013e+13 1.10558e+15 9.40292e+16 3.28364e+17 6.68332e+17 1.05805e+18 1.43095e+18 1.7224e+18 1.88189e+18 1.88189e+18 1.7224e+18 1.43095e+18 1.05805e+18 6.68332e+17 3.28364e+17 9.40292e+16 1.10558e+15 2.21013e+13 5.19174e+11 1.21679e+10 2.84211e+08 6.33086e+06
6.91769e+06 3.10578e+08 1.32974e+10 5.67382e+11 2.41536e+13 1.20817e+15 1.0272e+17 3.587e+17 7.30055e+17 1.15573e+18 1.56301e+18 1.88133e+18 2.05552e+18 2.05552e+18 1.88133e+18 1.56301e+18 1.15573e+18 7.30055e+17 3.587e+17 1.0272e+17 1.20817e+15 2.41536e+13 5.67382e+11 1.32974e+10 3.10578e+08 6.91769e+06
6.91769e+06 3.10578e+08 1.32974e+10 5.67382e+11 2.41536e+13 1.20817e+15 1.0272e+17 3.587e+17 7.30055e+17 1.15573e+18 1.56301e+18 1.88133e+18 2.05552e+18 2.05552e+18 1.88133e+18 1.56301e+18 1.15573e+18 7.30055e+17 3.587e+17 1.0272e+17 1.20817e+15 2.41536e+13 5.67382e+11 1.32974e+10 3.10578e+08 6.91769e+06
6.33086e+06 2.84211e+08 1.21679e+10 5.19174e+11 2.21013e+13 1.10558e+15 9.40292e+16 3.28364e+17 6.68332e+17 1.05805e+18 1.43095e+18 1.7224e+18 1.88189e+18 1.88189e+18 1.7224e+18 1.43095e+18 1.05805e+18 6.68332e+17 3.28364e+17 9.40292e+16 1.10558e+15 2.21013e+13 5.19174e+11 1.21679e+10 2.84211e+08 6.33086e+06
5.25633e+06 2.35918e+08 1.00986e+10 4.30829e+11 1.83391e+13 9.17514e+14 7.81291e+16 2.72869e+17 5.55424e+17 8.79362e+17 1.18934e+18 1.43164e+18 1.56423e+18 1.56423e+18 1.43164e+18 1.18934e+18 8.79362e+17 5.55424e+17 2.72869e+17 7.81291e+16 9.17514e+14 1.83391e+13 4.30829e+11 1.00986e+10 2.35918e+08 5.25633e+06
3.87977e+06 1.74016e+08 7.44477e+09 3.17484e+11 1.35105e+13 6.76115e+14 5.77567e+16 2.01772e+17 4.10769e+17 6.50415e+17 8.79761e+17 1.05905e+18 1.15716e+18 1.15716e+18 1.05905e+18 8.79761e+17 6.50415e+17 4.10769e+17 2.01772e+17 5.77567e+16 6.76115e+14 1.35105e+13 3.17484e+11 7.44477e+09 1.74016e+08 3.87977e+06
2.44635e+06 1.09467e+08 4.6741e+09 1.99041e+11 8.46184e+12 4.23626e+14 3.64433e+16 1.27386e+17 2.59407e+17 4.10821e+17 5.55748e+17 6.69048e+17 7.31058e+17 7.31058e+17 6.69048e+17 5.55748e+17 4.10821e+17 2.59407e+17 1.27386e+17 3.64433e+16 4.23626e+14 8.46184e+12 1.99041e+11 4.6741e+09 1.09467e+08 2.44635e+06
1.21813e+06 5.39861e+07 2.28496e+09 9.66113e+10 4.08625e+12 2.04438e+14 1.78542e+16 6.24803e+16 1.27299e+17 2.01661e+17 2.72847e+17 3.28501e+17 3.58961e+17 3.58961e+17 3.28501e+17 2.72847e+17 2.01661e+17 1.27299e+17 6.24803e+16 1.78542e+16 2.04438e+14 4.08625e+12 9.66113e+10 2.28496e+09 5.39861e+07 1.21813e+06
408619 1.73377e+07 7.00104e+08 2.82487e+10 1.14481e+12 5.58847e+13 5.07188e+15 1.77993e+16 3.63073e+16 5.75512e+16 7.78909e+16 9.37924e+16 1.02495e+17 1.02495e+17 9.37924e+16 7.78909e+16 5.75512e+16 3.63073e+16 1.77993e+16 5.07188e+15 5.58847e+13 1.14481e+12 2.82487e+10 7.00104e+08 1.73377e+07 408619
69625.7 2.42797e+06 7.38298e+07 1.94294e+09 3.80799e+10 5.4522e+11 5.3197e+13 1.94395e+14 4.03024e+14 6.43935e+14 8.74937e+14 1.0554e+15 1.15404e+15 1.15404e+15 1.0554e+15 8.74937e+14 6.43935e+14 4.03024e+14 1.94395e+14 5.3197e+13 5.4522e+11 3.80799e+10 1.94294e+09 7.38298e+07 2.42797e+06 69625.7
7445.79 211204 4.9534e+06 9.74462e+07 1.62983e+09 3.64909e+10 1.08134e+12 3.85766e+12 7.99428e+12 1.27794e+13 1.73696e+13 2.09561e+13 2.29165e+13 2.29165e+13 2.09561e+13 1.73696e+13 1.27794e+13 7.99428e+12 3.85766e+12 1.08134e+12 3.64909e+10 1.62983e+09 9.74462e+07 4.9534e+06 211204 7445.79
600.086 14478.2 289327 5.2293e+06 9.46564e+07 1.85022e+09 2.66869e+10 9.12243e+10 1.88076e+11 3.00346e+11 4.08093e+11 4.92301e+11 5.3834e+11 5.3834e+11 4.92301e+11 4.08093e+11 3.00346e+11 1.88076e+11 9.12243e+10 2.66869e+10 1.85022e+09 9.46564e+07 5.2293e+06 289327 14478.2 600.086
41.0459 888.393 16311.2 283140 4.7554e+06 7.01131e+07 6.6147e+08 2.15795e+09 4.41734e+09 7.04382e+09 9.56654e+09 1.15387e+10 1.26172e+10 1.26172e+10 1.15387e+10 9.56654e+09 7.04382e+09 4.41734e+09 2.15795e+09 6.6147e+08 7.01131e+07 4.7554e+06 283140 16311.2 888.393 41.0459
2.53342 50.8667 873.29 13995 201665 2.30232e+06 1.63824e+07 5.09942e+07 1.0347e+08 1.64665e+08 2.23508e+08 2.69529e+08 2.947e+08 2.947e+08 2.69529e+08 2.23508e+08 1.64665e+08 1.0347e+08 5.09942e+07 1.63824e+07 2.30232e+06 201665 13995 873.29 50.8666 2.53342
0.132296 2.49964 39.9054 576.188 7089.13 65964.8 386131 1.1508e+06 2.31269e+06 3.67173e+06 4.98024e+06 6.00411e+06 6.56422e+06 6.56422e+06 6.00411e+06 4.98024e+06 3.67173e+06 2.31269e+06 1.1508e+06 386131 65964.8 7089.13 576.188 39.9054 2.49964 0.132296
