0.000544743 0.0102559 0.163371 2.35664 28.9738 269.273 1573.61 4684.65 9414.33 14965.1 20339.7 24571.7 26898.1 26898.1 24571.7 20339.7 14965.1 9414.33 4684.65 1573.61 269.273 28.9738 2.35664 0.163371 0.0102559 0.000544743
0.0103661 0.207066 3.54312 56.7247 817.494 9329.58 66296.3 206089 418069 666073 905940 1.09478e+06 1.19859e+06 1.19859e+06 1.09478e+06 905940 666073 418069 206089 66296.3 9329.58 817.494 56.7247 3.54312 0.207066 0.0103661
0.167093 3.59171 65.5964 1136.5 19111.8 282192 2.66091e+06 8.66754e+06 1.77345e+07 2.83088e+07 3.85273e+07 4.65716e+07 5.09943e+07 5.09943e+07 4.65716e+07 3.85273e+07 2.83088e+07 1.77345e+07 8.66754e+06 2.66091e+06 282192 19111.8 1136.5 65.5964 3.59171 0.167093
2.43519 58.2836 1156.05 20794 376737 7.39959e+06 1.06863e+08 3.64652e+08 7.51306e+08 1.20099e+09 1.63533e+09 1.97729e+09 2.16533e+09 2.16533e+09 1.97729e+09 1.63533e+09 1.20099e+09 7.51306e+08 3.64652e+08 1.06863e+08 7.39958e+06 376737 20794 1156.05 58.2836 2.43519
30.1647 848.719 19743.1 385322 6.41002e+06 1.44806e+08 4.3161e+09 1.53663e+10 3.18163e+10 5.09102e+10 6.93514e+10 8.38737e+10 9.18606e+10 9.18606e+10 8.38737e+10 6.93514e+10 5.09102e+10 3.18163e+10 1.53663e+10 4.31609e+09 1.44806e+08 6.41002e+06 385322 19743.1 848.719 30.1647
281.782 9752.21 294422 7.69339e+06 1.49358e+08 2.11592e+09 2.11651e+11 7.71607e+11 1.5978e+12 2.55474e+12 3.47838e+12 4.20553e+12 4.60539e+12 4.60539e+12 4.20553e+12 3.47838e+12 2.55474e+12 1.5978e+12 7.71607e+11 2.11651e+11 2.11592e+09 1.49358e+08 7.69339e+06 294422 9752.21 281.782
1652.33 69616.4 2.79436e+06 1.12233e+08 4.53366e+09 2.21268e+11 2.01657e+13 7.05723e+13 1.43621e+14 2.27395e+14 3.0773e+14 3.70709e+14 4.0526e+14 4.0526e+14 3.70709e+14 3.0773e+14 2.27395e+14 1.43621e+14 7.05723e+13 2.01657e+13 2.21268e+11 4.53366e+09 1.12233e+08 2.79436e+06 69616.4 1652.33
4922.73 216597 9.1111e+06 3.83384e+08 1.61587e+10 8.0772e+11 7.07824e+13 2.47025e+14 5.02127e+14 7.94484e+14 1.07471e+15 1.29434e+15 1.41481e+15 1.41481e+15 1.29434e+15 1.07471e+15 7.94484e+14 5.02127e+14 2.47025e+14 7.07824e+13 8.0772e+11 1.61587e+10 3.83384e+08 9.1111e+06 216597 4922.73
9890.76 439296 1.86382e+07 7.89726e+08 3.34492e+10 1.67235e+12 1.4417e+14 5.02561e+14 1.02106e+15 1.61512e+15 2.18443e+15 2.63057e+15 2.87528e+15 2.87528e+15 2.63057e+15 2.18443e+15 1.61512e+15 1.02106e+15 5.02561e+14 1.4417e+14 1.67235e+12 3.34492e+10 7.89726e+08 1.86382e+07 439296 9890.76
15713.2 699471 2.97328e+07 1.2616e+09 5.3488e+10 2.67238e+12 2.28305e+14 7.95332e+14 1.61545e+15 2.55492e+15 3.45516e+15 4.1606e+15 4.54752e+15 4.54752e+15 4.1606e+15 3.45516e+15 2.55492e+15 1.61545e+15 7.95332e+14 2.28305e+14 2.67238e+12 5.3488e+10 1.2616e+09 2.97328e+07 699471 15713.2
21341.8 950695 4.0436e+07 1.71657e+09 7.28069e+10 3.63595e+12 3.08929e+14 1.07578e+15 2.18473e+15 3.45493e+15 4.67202e+15 5.6257e+15 6.14876e+15 6.14876e+15 5.6257e+15 4.67202e+15 3.45493e+15 2.18473e+15 1.07578e+15 3.08928e+14 3.63595e+12 7.28069e+10 1.71657e+09 4.0436e+07 950695 21341.8
25767.3 1.14817e+06 4.88485e+07 2.07421e+09 8.7995e+10 4.3933e+12 3.72086e+14 1.29542e+15 2.63054e+15 4.15971e+15 5.62487e+15 6.77291e+15 7.40256e+15 7.40256e+15 6.77291e+15 5.62487e+15 4.15971e+15 2.63054e+15 1.29542e+15 3.72086e+14 4.3933e+12 8.7995e+10 2.07421e+09 4.88485e+07 1.14817e+06 25767.3
28197.6 1.25662e+06 5.34687e+07 2.27064e+09 9.63383e+10 4.8093e+12 4.06715e+14 1.41583e+15 2.87493e+15 4.54606e+15 6.14721e+15 7.40178e+15 8.08986e+15 8.08986e+15 7.40178e+15 6.14721e+15 4.54606e+15 2.87493e+15 1.41583e+15 4.06715e+14 4.8093e+12 9.63383e+10 2.27064e+09 5.34687e+07 1.25662e+06 28197.6
28197.6 1.25662e+06 5.34687e+07 2.27064e+09 9.63383e+10 4.8093e+12 4.06715e+14 1.41583e+15 2.87493e+15 4.54606e+15 6.14721e+15 7.40178e+15 8.08986e+15 8.08986e+15 7.40178e+15 6.14721e+15 4.54606e+15 2.87493e+15 1.41583e+15 4.06715e+14 4.8093e+12 9.63383e+10 2.27064e+09 5.34687e+07 1.25662e+06 28197.6
25767.3 1.14817e+06 4.88485e+07 2.07421e+09 8.7995e+10 4.3933e+12 3.72086e+14 1.29542e+15 2.63054e+15 4.15971e+15 5.62487e+15 6.77291e+15 7.40256e+15 7.40256e+15 6.77291e+15 5.62487e+15 4.15971e+15 2.63054e+15 1.29542e+15 3.72086e+14 4.3933e+12 8.7995e+10 2.07421e+09 4.88485e+07 1.14817e+06 25767.3
21341.8 950695 4.0436e+07 1.71657e+09 7.28069e+10 3.63595e+12 3.08928e+14 1.07578e+15 2.18473e+15 3.45493e+15 4.67202e+15 5.6257e+15 6.14876e+15 6.14876e+15 5.6257e+15 4.67202e+15 3.45493e+15 2.18473e+15 1.07578e+15 3.08929e+14 3.63595e+12 7.28069e+10 1.71657e+09 4.0436e+07 950695 21341.8
15713.2 699471 2.97328e+07 1.2616e+09 5.3488e+10 2.67238e+12 2.28305e+14 7.95332e+14 1.61545e+15 2.55492e+15 3.45516e+15 4.1606e+15 4.54752e+15 4.54752e+15 4.1606e+15 3.45516e+15 2.55492e+15 1.61545e+15 7.95332e+14 2.28305e+14 2.67238e+12 5.3488e+10 1.2616e+09 2.97328e+07 699471 15713.2
9890.76 439296 1.86382e+07 7.89726e+08 3.34492e+10 1.67235e+12 1.4417e+14 5.02561e+14 1.02106e+15 1.61512e+15 2.18443e+15 2.63057e+15 2.87528e+15 2.87528e+15 2.63057e+15 2.18443e+15 1.61512e+15 1.02106e+15 5.02561e+14 1.4417e+14 1.67235e+12 3.34492e+10 7.89726e+08 1.86382e+07 439296 9890.76
4922.73 216597 9.1111e+06 3.83384e+08 1.61587e+10 8.0772e+11 7.07824e+13 2.47025e+14 5.02127e+14 7.94484e+14 1.07471e+15 1.29434e+15 1.41481e+15 1.41481e+15 1.29434e+15 1.07471e+15 7.94484e+14 5.02127e+14 2.47025e+14 7.07824e+13 8.0772e+11 1.61587e+10 3.83384e+08 9.1111e+06 216597 4922.73
1652.33 69616.4 2.79436e+06 1.12233e+08 4.53366e+09 2.21268e+11 2.01657e+13 7.05723e+13 1.43621e+14 2.27395e+14 3.0773e+14 3.70709e+14 4.0526e+14 4.0526e+14 3.70709e+14 3.0773e+14 2.27395e+14 1.43621e+14 7.05723e+13 2.01657e+13 2.21268e+11 4.53366e+09 1.12233e+08 2.79436e+06 69616.4 1652.33
281.782 9752.21 294422 7.69339e+06 1.49358e+08 2.11592e+09 2.11651e+11 7.71607e+11 1.5978e+12 2.55474e+12 3.47838e+12 4.20553e+12 4.60539e+12 4.60539e+12 4.20553e+12 3.47838e+12 2.55474e+12 1.5978e+12 7.71607e+11 2.11651e+11 2.11592e+09 1.49358e+08 7.69339e+06 294422 9752.21 281.782
30.1647 848.719 19743.1 385322 6.41002e+06 1.44806e+08 4.31609e+09 1.53663e+10 3.18163e+10 5.09102e+10 6.93514e+10 8.38737e+10 9.18606e+10 9.18606e+10 8.38737e+10 6.93514e+10 5.09102e+10 3.18163e+10 1.53663e+10 4.3161e+09 1.44806e+08 6.41002e+06 385322 19743.1 848.719 30.1647
2.43519 58.2836 1156.05 20794 376737 7.39958e+06 1.06863e+08 3.64652e+08 7.51306e+08 1.20099e+09 1.63533e+09 1.97729e+09 2.16533e+09 2.16533e+09 1.97729e+09 1.63533e+09 1.20099e+09 7.51306e+08 3.64652e+08 1.06863e+08 7.39959e+06 376737 20794 1156.05 58.2836 2.43519
0.167093 3.59171 65.5964 1136.5 19111.8 282192 2.66091e+06 8.66754e+06 1.77345e+07 2.83088e+07 3.85273e+07 4.65716e+07 5.09943e+07 5.09943e+07 4.65716e+07 3.85273e+07 2.83088e+07 1.77345e+07 8.66754e+06 2.66091e+06 282192 19111.8 1136.5 65.5964 3.59171 0.167093
0.0103661 0.207066 3.54312 56.7247 817.494 9329.58 66296.3 206089 418069 666073 905940 1.09478e+06 1.19859e+06 1.19859e+06 1.09478e+06 905940 666073 418069 206089 66296.3 9329.58 817.494 56.7247 3.54312 0.207066 0.0103661
0.000544742 0.0102559 0.163371 2.35664 28.9738 269.273 1573.61 4684.65 9414.33 14965.1 20339.7 24571.7 26898.1 26898.1 24571.7 20339.7 14965.1 9414.33 4684.65 1573.61 269.273 28.9738 2.35664 0.163371 0.0102559 0.000544743
