0.0203449 0.377736 5.8762 82.2874 983.332 8946.85 51641.4 152775 305307 482575 652457 785020 857448 857448 785020 652457 482575 305307 152775 51641.4 8946.85 983.332 82.2874 5.8762 0.377736 0.0203449
0.390374 7.74342 130.044 2017.57 28045.8 310993 2.17509e+06 6.71593e+06 1.3543e+07 2.14467e+07 2.90072e+07 3.49023e+07 3.81221e+07 3.81221e+07 3.49023e+07 2.90072e+07 2.14467e+07 1.3543e+07 6.71593e+06 2.17509e+06 310993 28045.8 2017.57 130.044 7.74342 0.390374
6.29621 135.662 2461.46 41574.1 668868 9.46804e+06 8.73346e+07 2.8243e+08 5.74253e+08 9.10771e+08 1.23216e+09 1.4826e+09 1.61934e+09 1.61934e+09 1.4826e+09 1.23216e+09 9.10771e+08 5.74253e+08 2.8243e+08 8.73346e+07 9.46804e+06 668868 41574.1 2461.46 135.662 6.29621
90.8258 2193.55 43884.1 786197 1.36834e+07 2.51525e+08 3.51022e+09 1.18869e+10 2.43299e+10 3.86281e+10 5.22672e+10 6.28899e+10 6.86889e+10 6.86889e+10 6.28899e+10 5.22672e+10 3.86281e+10 2.43299e+10 1.18869e+10 3.51022e+09 2.51525e+08 1.36834e+07 786197 43884.1 2193.55 90.8258
1104.62 31364.1 740413 1.47512e+07 2.47396e+08 5.08935e+09 1.41911e+11 5.01239e+11 1.03071e+12 1.63749e+12 2.21583e+12 2.66612e+12 2.91188e+12 2.91188e+12 2.66612e+12 2.21583e+12 1.63749e+12 1.03071e+12 5.01239e+11 1.41911e+11 5.08935e+09 2.47396e+08 1.47512e+07 740413 31364.1 1104.62
10109.7 351468 1.07045e+07 2.84605e+08 5.76753e+09 8.61634e+10 7.04283e+12 2.54502e+13 5.23251e+13 8.30532e+13 1.12321e+14 1.35103e+14 1.47535e+14 1.47535e+14 1.35103e+14 1.12321e+14 8.30532e+13 5.23251e+13 2.54502e+13 7.04283e+12 8.61634e+10 5.76753e+09 2.84605e+08 1.07045e+07 351468 10109.7
58284.7 2.45454e+06 9.85404e+07 3.96003e+09 1.6007e+11 7.70819e+12 6.70566e+14 2.33549e+15 4.73211e+15 7.45817e+15 1.00503e+16 1.20678e+16 1.31693e+16 1.31693e+16 1.20678e+16 1.00503e+16 7.45817e+15 4.73211e+15 2.33549e+15 6.70566e+14 7.70819e+12 1.6007e+11 3.96003e+09 9.85404e+07 2.45454e+06 58284.7
172239 7.56986e+06 3.18268e+08 1.33922e+10 5.64587e+11 2.78922e+13 2.34735e+15 8.15486e+15 1.65055e+16 2.59987e+16 3.50233e+16 4.20462e+16 4.58802e+16 4.58802e+16 4.20462e+16 3.50233e+16 2.59987e+16 1.65055e+16 8.15486e+15 2.34735e+15 2.78922e+13 5.64587e+11 1.33922e+10 3.18268e+08 7.56986e+06 172239
343890 1.52508e+07 6.46505e+08 2.73843e+10 1.15983e+12 5.73375e+13 4.76337e+15 1.65309e+16 3.3442e+16 5.26601e+16 7.09251e+16 8.5137e+16 9.28951e+16 9.28951e+16 8.5137e+16 7.09251e+16 5.26601e+16 3.3442e+16 1.65309e+16 4.76337e+15 5.73375e+13 1.15983e+12 2.73843e+10 6.46505e+08 1.52508e+07 343890
543113 2.41308e+07 1.02448e+09 4.3439e+10 1.84093e+12 9.09618e+13 7.5109e+15 2.60514e+16 5.26859e+16 8.29455e+16 1.11699e+17 1.34069e+17 1.46279e+17 1.46279e+17 1.34069e+17 1.11699e+17 8.29455e+16 5.26859e+16 2.60514e+16 7.5109e+15 9.09618e+13 1.84093e+12 4.3439e+10 1.02448e+09 2.41308e+07 543113
733780 3.26134e+07 1.38494e+09 5.87307e+10 2.48913e+12 1.22942e+14 1.01216e+16 3.50957e+16 7.09633e+16 1.11705e+17 1.50412e+17 1.80522e+17 1.96957e+17 1.96957e+17 1.80522e+17 1.50412e+17 1.11705e+17 7.09633e+16 3.50957e+16 1.01216e+16 1.22942e+14 2.48913e+12 5.87307e+10 1.38494e+09 3.26134e+07 733780
882390 3.92196e+07 1.66547e+09 7.06253e+10 2.99313e+12 1.47801e+14 1.21519e+16 4.21286e+16 8.51741e+16 1.34062e+17 1.80504e+17 2.16629e+17 2.36346e+17 2.36346e+17 2.16629e+17 1.80504e+17 1.34062e+17 8.51741e+16 4.21286e+16 1.21519e+16 1.47801e+14 2.99313e+12 7.06253e+10 1.66547e+09 3.92196e+07 882390
963520 4.28249e+07 1.81852e+09 7.71128e+10 3.26795e+12 1.61355e+14 1.32596e+16 4.59656e+16 9.2927e+16 1.46259e+17 1.96919e+17 2.36325e+17 2.57831e+17 2.57831e+17 2.36325e+17 1.96919e+17 1.46259e+17 9.2927e+16 4.59656e+16 1.32596e+16 1.61355e+14 3.26795e+12 7.71128e+10 1.81852e+09 4.28249e+07 963520
963520 4.28249e+07 1.81852e+09 7.71128e+10 3.26795e+12 1.61355e+14 1.32596e+16 4.59656e+16 9.2927e+16 1.46259e+17 1.96919e+17 2.36325e+17 2.57831e+17 2.57831e+17 2.36325e+17 1.96919e+17 1.46259e+17 9.2927e+16 4.59656e+16 1.32596e+16 1.61355e+14 3.26795e+12 7.71128e+10 1.81852e+09 4.28249e+07 963520
882390 3.92196e+07 1.66547e+09 7.06253e+10 2.99313e+12 1.47801e+14 1.21519e+16 4.21286e+16 8.51741e+16 1.34062e+17 1.80504e+17 2.16629e+17 2.36346e+17 2.36346e+17 2.16629e+17 1.80504e+17 1.34062e+17 8.51741e+16 4.21286e+16 1.21519e+16 1.47801e+14 2.99313e+12 7.06253e+10 1.66547e+09 3.92196e+07 882390
733780 3.26134e+07 1.38494e+09 5.87307e+10 2.48913e+12 1.22942e+14 1.01216e+16 3.50957e+16 7.09633e+16 1.11705e+17 1.50412e+17 1.80522e+17 1.96957e+17 1.96957e+17 1.80522e+17 1.50412e+17 1.11705e+17 7.09633e+16 3.50957e+16 1.01216e+16 1.22942e+14 2.48913e+12 5.87307e+10 1.38494e+09 3.26134e+07 733780
543113 2.41308e+07 1.02448e+09 4.3439e+10 1.84093e+12 9.09618e+13 7.5109e+15 2.60514e+16 5.26859e+16 8.29455e+16 1.11699e+17 1.34069e+17 1.46279e+17 1.46279e+17 1.34069e+17 1.11699e+17 8.29455e+16 5.26859e+16 2.60514e+16 7.5109e+15 9.09618e+13 1.84093e+12 4.3439e+10 1.02448e+09 2.41308e+07 543113
343890 1.52508e+07 6.46505e+08 2.73843e+10 1.15983e+12 5.73375e+13 4.76337e+15 1.65309e+16 3.3442e+16 5.26601e+16 7.09251e+16 8.5137e+16 9.28951e+16 9.28951e+16 8.5137e+16 7.09251e+16 5.26601e+16 3.3442e+16 1.65309e+16 4.76337e+15 5.73375e+13 1.15983e+12 2.73843e+10 6.46505e+08 1.52508e+07 343890
172239 7.56986e+06 3.18268e+08 1.33922e+10 5.64587e+11 2.78922e+13 2.34735e+15 8.15486e+15 1.65055e+16 2.59987e+16 3.50233e+16 4.20462e+16 4.58802e+16 4.58802e+16 4.20462e+16 3.50233e+16 2.59987e+16 1.65055e+16 8.15486e+15 2.34735e+15 2.78922e+13 5.64587e+11 1.33922e+10 3.18268e+08 7.56986e+06 172239
58284.7 2.45454e+06 9.85404e+07 3.96003e+09 1.6007e+11 7.70819e+12 6.70566e+14 2.33549e+15 4.73211e+15 7.45817e+15 1.00503e+16 1.20678e+16 1.31693e+16 1.31693e+16 1.20678e+16 1.00503e+16 7.45817e+15 4.73211e+15 2.33549e+15 6.70566e+14 7.70819e+12 1.6007e+11 3.96003e+09 9.85404e+07 2.45454e+06 58284.7
10109.7 351468 1.07045e+07 2.84605e+08 5.76753e+09 8.61634e+10 7.04283e+12 2.54502e+13 5.23251e+13 8.30532e+13 1.12321e+14 1.35103e+14 1.47535e+14 1.47535e+14 1.35103e+14 1.12321e+14 8.30532e+13 5.23251e+13 2.54502e+13 7.04283e+12 8.61634e+10 5.76753e+09 2.84605e+08 1.07045e+07 351468 10109.7
1104.62 31364.1 740413 1.47512e+07 2.47396e+08 5.08935e+09 1.41911e+11 5.01239e+11 1.03071e+12 1.63749e+12 2.21583e+12 2.66612e+12 2.91188e+12 2.91188e+12 2.66612e+12 2.21583e+12 1.63749e+12 1.03071e+12 5.01239e+11 1.41911e+11 5.08935e+09 2.47396e+08 1.47512e+07 740413 31364.1 1104.62
90.8258 2193.55 43884.1 786197 1.36834e+07 2.51525e+08 3.51022e+09 1.18869e+10 2.43299e+10 3.86281e+10 5.22672e+10 6.28899e+10 6.86889e+10 6.86889e+10 6.28899e+10 5.22672e+10 3.86281e+10 2.43299e+10 1.18869e+10 3.51022e+09 2.51525e+08 1.36834e+07 786197 43884.1 2193.55 90.8258
6.29621 135.662 2461.46 41574.1 668868 9.46804e+06 8.73346e+07 2.8243e+08 5.74253e+08 9.10771e+08 1.23216e+09 1.4826e+09 1.61934e+09 1.61934e+09 1.4826e+09 1.23216e+09 9.10771e+08 5.74253e+08 2.8243e+08 8.73346e+07 9.46804e+06 668868 41574.1 2461.46 135.662 6.29621
0.390374 7.74342 130.044 2017.57 28045.8 310993 2.17509e+06 6.71593e+06 1.3543e+07 2.14467e+07 2.90072e+07 3.49023e+07 3.81221e+07 3.81221e+07 3.49023e+07 2.90072e+07 2.14467e+07 1.3543e+07 6.71593e+06 2.17509e+06 310993 28045.8 2017.57 130.044 7.74342 0.390374
0.0203449 0.377736 5.8762 82.2874 983.332 8946.85 51641.4 152775 305307 482575 652457 785020 857448 857448 785020 652457 482575 305307 152775 51641.4 8946.85 983.332 82.2874 5.8762 0.377736 0.0203449
