0.76569 14.4382 229.508 3293.83 40286.3 373303 2.18066e+06 6.49288e+06 1.30268e+07 2.06292e+07 2.78982e+07 3.35466e+07 3.66208e+07 3.66208e+07 3.35466e+07 2.78982e+07 2.06292e+07 1.30268e+07 6.49288e+06 2.18066e+06 373303 40286.3 3293.83 229.508 14.4382 0.76569
14.7296 295.588 5057.83 80488.8 1.15002e+06 1.30433e+07 9.25152e+07 2.87622e+08 5.82483e+08 9.24318e+08 1.25052e+09 1.50371e+09 1.64143e+09 1.64143e+09 1.50371e+09 1.25052e+09 9.24318e+08 5.82483e+08 2.87622e+08 9.25152e+07 1.30433e+07 1.15002e+06 80488.8 5057.83 295.588 14.7296
239.308 5188.95 95266.7 1.64457e+06 2.73138e+07 3.98434e+08 3.74004e+09 1.21841e+10 2.48882e+10 3.95614e+10 5.35383e+10 6.43759e+10 7.0267e+10 7.0267e+10 6.43759e+10 5.35383e+10 3.95614e+10 2.48882e+10 1.21841e+10 3.74004e+09 3.98434e+08 2.73138e+07 1.64457e+06 95266.7 5188.95 239.308
3496.69 84654.5 1.69895e+06 3.07312e+07 5.50631e+08 1.05707e+10 1.51147e+11 5.15889e+11 1.0612e+12 1.68893e+12 2.28597e+12 2.74849e+12 2.99974e+12 2.99974e+12 2.74849e+12 2.28597e+12 1.68893e+12 1.0612e+12 5.15889e+11 1.51147e+11 1.05707e+10 5.50631e+08 3.07312e+07 1.69895e+06 84654.5 3496.69
43244.6 1.2305e+06 2.90291e+07 5.7574e+08 9.6728e+09 2.10876e+11 6.13462e+12 2.18523e+13 4.51785e+13 7.19597e+13 9.7403e+13 1.17096e+14 1.27786e+14 1.27786e+14 1.17096e+14 9.7403e+13 7.19597e+13 4.51785e+13 2.18523e+13 6.13462e+12 2.10876e+11 9.6728e+09 5.7574e+08 2.90291e+07 1.2305e+06 43244.6
402668 1.40631e+07 4.29282e+08 1.13747e+10 2.26262e+11 3.30027e+12 3.03147e+14 1.10605e+15 2.28784e+15 3.64231e+15 4.92862e+15 5.92412e+15 6.46454e+15 6.46454e+15 5.92412e+15 4.92862e+15 3.64231e+15 2.28784e+15 1.10605e+15 3.03147e+14 3.30027e+12 2.26262e+11 1.13747e+10 4.29282e+08 1.40631e+07 402668
2.35473e+06 9.99014e+07 4.03875e+09 1.63226e+11 6.62533e+12 3.22488e+14 2.8899e+16 1.01399e+17 2.06682e+17 3.27094e+17 4.41804e+17 5.31033e+17 5.79686e+17 5.79686e+17 5.31033e+17 4.41804e+17 3.27094e+17 2.06682e+17 1.01399e+17 2.8899e+16 3.22488e+14 6.62533e+12 1.63226e+11 4.03875e+09 9.99014e+07 2.35473e+06
7.00877e+06 3.10489e+08 1.31535e+10 5.56969e+11 2.35941e+13 1.17786e+15 1.01768e+17 3.56045e+17 7.24802e+17 1.14628e+18 1.5477e+18 1.85996e+18 2.03023e+18 2.03023e+18 1.85996e+18 1.5477e+18 1.14628e+18 7.24802e+17 3.56045e+17 1.01768e+17 1.17786e+15 2.35941e+13 5.56969e+11 1.31535e+10 3.10489e+08 7.00877e+06
1.40493e+07 6.28223e+08 2.68435e+10 1.14462e+12 4.87323e+13 2.43502e+15 2.07595e+17 7.25384e+17 1.47559e+18 2.33242e+18 3.14806e+18 3.78228e+18 4.12805e+18 4.12805e+18 3.78228e+18 3.14806e+18 2.33242e+18 1.47559e+18 7.25384e+17 2.07595e+17 2.43502e+15 4.87323e+13 1.14462e+12 2.68435e+10 6.28223e+08 1.40493e+07
2.22231e+07 9.95727e+08 4.26176e+10 1.81941e+12 7.75198e+13 3.87229e+15 3.28467e+17 1.14699e+18 2.33203e+18 3.6845e+18 4.97114e+18 5.97113e+18 6.51613e+18 6.51613e+18 5.97113e+18 4.97114e+18 3.6845e+18 2.33203e+18 1.14699e+18 3.28467e+17 3.87229e+15 7.75198e+13 1.81941e+12 4.26176e+10 9.95727e+08 2.22231e+07
3.00188e+07 1.34551e+09 5.76025e+10 2.4594e+12 1.04789e+14 5.23318e+15 4.43384e+17 1.54777e+18 3.14575e+18 4.96836e+18 6.70122e+18 8.04737e+18 8.78082e+18 8.78082e+18 8.04737e+18 6.70122e+18 4.96836e+18 3.14575e+18 1.54777e+18 4.43384e+17 5.23318e+15 1.04789e+14 2.4594e+12 5.76025e+10 1.34551e+09 3.00188e+07
3.60624e+07 1.61635e+09 6.91923e+10 2.95388e+12 1.25836e+14 6.28338e+15 5.32592e+17 1.85892e+18 3.77726e+18 5.96426e+18 8.04264e+18 9.65661e+18 1.05358e+19 1.05358e+19 9.65661e+18 8.04264e+18 5.96426e+18 3.77726e+18 1.85892e+18 5.32592e+17 6.28338e+15 1.25836e+14 2.95388e+12 6.91923e+10 1.61635e+09 3.60624e+07
3.93463e+07 1.76341e+09 7.5481e+10 3.22199e+12 1.3724e+14 6.85233e+15 5.81159e+17 2.02833e+18 4.12106e+18 6.50628e+18 8.77248e+18 1.0532e+19 1.14902e+19 1.14902e+19 1.0532e+19 8.77248e+18 6.50628e+18 4.12106e+18 2.02833e+18 5.81159e+17 6.85233e+15 1.3724e+14 3.22199e+12 7.5481e+10 1.76341e+09 3.93463e+07
3.93463e+07 1.76341e+09 7.5481e+10 3.22199e+12 1.3724e+14 6.85233e+15 5.81159e+17 2.02833e+18 4.12106e+18 6.50628e+18 8.77248e+18 1.0532e+19 1.14902e+19 1.14902e+19 1.0532e+19 8.77248e+18 6.50628e+18 4.12106e+18 2.02833e+18 5.81159e+17 6.85233e+15 1.3724e+14 3.22199e+12 7.5481e+10 1.76341e+09 3.93463e+07
3.60624e+07 1.61635e+09 6.91923e+10 2.95388e+12 1.25836e+14 6.28338e+15 5.32592e+17 1.85892e+18 3.77726e+18 5.96426e+18 8.04264e+18 9.65661e+18 1.05358e+19 1.05358e+19 9.65661e+18 8.04264e+18 5.96426e+18 3.77726e+18 1.85892e+18 5.32592e+17 6.28338e+15 1.25836e+14 2.95388e+12 6.91923e+10 1.61635e+09 3.60624e+07
3.00188e+07 1.34551e+09 5.76025e+10 2.4594e+12 1.04789e+14 5.23318e+15 4.43384e+17 1.54777e+18 3.14575e+18 4.96836e+18 6.70122e+18 8.04737e+18 8.78082e+18 8.78082e+18 8.04737e+18 6.70122e+18 4.96836e+18 3.14575e+18 1.54777e+18 4.43384e+17 5.23318e+15 1.04789e+14 2.4594e+12 5.76025e+10 1.34551e+09 3.00188e+07
2.22231e+07 9.95727e+08 4.26176e+10 1.81941e+12 7.75198e+13 3.87229e+15 3.28467e+17 1.14699e+18 2.33203e+18 3.6845e+18 4.97114e+18 5.97113e+18 6.51613e+18 6.51613e+18 5.97113e+18 4.97114e+18 3.6845e+18 2.33203e+18 1.14699e+18 3.28467e+17 3.87229e+15 7.75198e+13 1.81941e+12 4.26176e+10 9.95727e+08 2.22231e+07
1.40493e+07 6.28223e+08 2.68435e+10 1.14462e+12 4.87323e+13 2.43502e+15 2.07595e+17 7.25384e+17 1.47559e+18 2.33242e+18 3.14806e+18 3.78228e+18 4.12805e+18 4.12805e+18 3.78228e+18 3.14806e+18 2.33242e+18 1.47559e+18 7.25384e+17 2.07595e+17 2.43502e+15 4.87323e+13 1.14462e+12 2.68435e+10 6.28223e+08 1.40493e+07
7.00877e+06 3.10489e+08 1.31535e+10 5.56969e+11 2.35941e+13 1.17786e+15 1.01768e+17 3.56045e+17 7.24802e+17 1.14628e+18 1.5477e+18 1.85996e+18 2.03023e+18 2.03023e+18 1.85996e+18 1.5477e+18 1.14628e+18 7.24802e+17 3.56045e+17 1.01768e+17 1.17786e+15 2.35941e+13 5.56969e+11 1.31535e+10 3.10489e+08 7.00877e+06
2.35473e+06 9.99014e+07 4.03875e+09 1.63226e+11 6.62533e+12 3.22488e+14 2.8899e+16 1.01399e+17 2.06682e+17 3.27094e+17 4.41804e+17 5.31033e+17 5.79686e+17 5.79686e+17 5.31033e+17 4.41804e+17 3.27094e+17 2.06682e+17 1.01399e+17 2.8899e+16 3.22488e+14 6.62533e+12 1.63226e+11 4.03875e+09 9.99014e+07 2.35473e+06
402668 1.40631e+07 4.29282e+08 1.13747e+10 2.26262e+11 3.30027e+12 3.03147e+14 1.10605e+15 2.28784e+15 3.64231e+15 4.92862e+15 5.92412e+15 6.46454e+15 6.46454e+15 5.92412e+15 4.92862e+15 3.64231e+15 2.28784e+15 1.10605e+15 3.03147e+14 3.30027e+12 2.26262e+11 1.13747e+10 4.29282e+08 1.40631e+07 402668
43244.6 1.2305e+06 2.90291e+07 5.7574e+08 9.6728e+09 2.10876e+11 6.13462e+12 2.18523e+13 4.51785e+13 7.19597e+13 9.7403e+13 1.17096e+14 1.27786e+14 1.27786e+14 1.17096e+14 9.7403e+13 7.19597e+13 4.51785e+13 2.18523e+13 6.13462e+12 2.10876e+11 9.6728e+09 5.7574e+08 2.90291e+07 1.2305e+06 43244.6
3496.69 84654.5 1.69895e+06 3.07312e+07 5.50631e+08 1.05707e+10 1.51147e+11 5.15889e+11 1.0612e+12 1.68893e+12 2.28597e+12 2.74849e+12 2.99974e+12 2.99974e+12 2.74849e+12 2.28597e+12 1.68893e+12 1.0612e+12 5.15889e+11 1.51147e+11 1.05707e+10 5.50631e+08 3.07312e+07 1.69895e+06 84654.5 3496.69
239.308 5188.95 95266.7 1.64457e+06 2.73138e+07 3.98434e+08 3.74004e+09 1.21841e+10 2.48882e+10 3.95614e+10 5.35383e+10 6.43759e+10 7.0267e+10 7.0267e+10 6.43759e+10 5.35383e+10 3.95614e+10 2.48882e+10 1.21841e+10 3.74004e+09 3.98434e+08 2.73138e+07 1.64457e+06 95266.7 5188.95 239.308
14.7296 295.588 5057.83 80488.8 1.15002e+06 1.30433e+07 9.25152e+07 2.87622e+08 5.82483e+08 9.24318e+08 1.25052e+09 1.50371e+09 1.64143e+09 1.64143e+09 1.50371e+09 1.25052e+09 9.24318e+08 5.82483e+08 2.87622e+08 9.25152e+07 1.30433e+07 1.15002e+06 80488.8 5057.83 295.588 14.7296
0.76569 14.4382 229.508 3293.83 40286.3 373303 2.18066e+06 6.49288e+06 1.30268e+07 2.06292e+07 2.78982e+07 3.35466e+07 3.66208e+07 3.66208e+07 3.35466e+07 2.78982e+07 2.06292e+07 1.30268e+07 6.49288e+06 2.18066e+06 373303 40286.3 3293.83 229.508 14.4382 0.76569
