2.93652e-06 5.46665e-05 0.000855977 0.012098 0.145871 1.33497 7.7167 22.7654 45.3136 71.346 96.1565 115.44 125.952 125.952 115.44 96.1565 71.346 45.3136 22.7654 7.7167 1.33497 0.145871 0.012098 0.000855977 5.46665e-05 2.93652e-06
5.59826e-05 0.0011102 0.0187265 0.293436 4.12958 46.2231 324.354 998.801 2005.97 3164.15 4265.94 5121.69 5588.03 5588.03 5121.69 4265.94 3164.15 2005.97 998.801 324.354 46.2231 4.12958 0.293436 0.0187265 0.0011102 5.59826e-05
0.000899714 0.0193072 0.350087 5.95674 97.3634 1399.78 12995.5 41915.4 84869.3 134063 180786 217055 236815 236815 217055 180786 134063 84869.3 41915.4 12995.5 1399.78 97.3634 5.95674 0.350087 0.0193072 0.000899714
0.012991 0.311651 6.19298 110.782 1955.1 36891.2 521343 1.76076e+06 3.58827e+06 5.67359e+06 7.65184e+06 9.1868e+06 1.00229e+07 1.00229e+07 9.1868e+06 7.65184e+06 5.67359e+06 3.58827e+06 1.76076e+06 521343 36891.2 1955.1 110.782 6.19298 0.311651 0.012991
0.158691 4.47626 104.719 2062.64 34378.7 734159 2.10486e+07 7.41356e+07 1.51754e+08 2.40072e+08 3.2379e+08 3.88729e+08 4.24098e+08 4.24098e+08 3.88729e+08 3.2379e+08 2.40072e+08 1.51754e+08 7.41356e+07 2.10486e+07 734159 34378.7 2062.64 104.719 4.47626 0.158691
1.46003 50.5362 1529.63 40279.4 800037 1.16683e+07 1.03889e+09 3.74463e+09 7.66455e+09 1.21153e+10 1.63323e+10 1.96029e+10 2.13843e+10 2.13843e+10 1.96029e+10 1.63323e+10 1.21153e+10 7.66455e+09 3.74463e+09 1.03889e+09 1.16683e+07 800037 40279.4 1529.63 50.5362 1.46003
8.44539 354.966 14221.4 570507 2.30334e+07 1.11558e+09 9.89616e+10 3.43846e+11 6.94306e+11 1.09081e+12 1.46627e+12 1.75767e+12 1.91649e+12 1.91649e+12 1.75767e+12 1.46627e+12 1.09081e+12 6.94306e+11 3.43846e+11 9.89616e+10 1.11558e+09 2.30334e+07 570507 14221.4 354.966 8.44539
24.9065 1092.69 45853.3 1.9261e+06 8.10945e+07 4.02594e+09 3.45228e+11 1.19678e+12 2.4146e+12 3.7921e+12 5.09647e+12 6.10883e+12 6.66065e+12 6.66065e+12 6.10882e+12 5.09647e+12 3.7921e+12 2.4146e+12 1.19678e+12 3.45229e+11 4.02594e+09 8.10945e+07 1.9261e+06 45853.3 1092.69 24.9065
49.5437 2193.08 92779.7 3.92248e+06 1.65879e+08 8.23828e+09 6.97812e+11 2.41712e+12 4.87535e+12 7.65572e+12 1.02884e+13 1.23318e+13 1.34457e+13 1.34457e+13 1.23318e+13 1.02884e+13 7.65572e+12 4.87535e+12 2.41712e+12 6.97812e+11 8.23828e+09 1.65879e+08 3.92248e+06 92779.7 2193.08 49.5437
77.9476 3456.62 146442 6.19694e+06 2.62195e+08 1.3014e+10 1.09648e+12 3.79671e+12 7.65706e+12 1.20232e+13 1.61574e+13 1.93662e+13 2.11153e+13 2.11153e+13 1.93661e+13 1.61574e+13 1.20231e+13 7.65706e+12 3.79671e+12 1.09648e+12 1.3014e+10 2.62195e+08 6.19694e+06 146442 3456.62 77.9476
104.978 4656.77 197327 8.35102e+06 3.53338e+08 1.7531e+10 1.47362e+12 5.10183e+12 1.02887e+13 1.61549e+13 2.17096e+13 2.60209e+13 2.83711e+13 2.8371e+13 2.60209e+13 2.17096e+13 1.61549e+13 1.02887e+13 5.10183e+12 1.47362e+12 1.7531e+10 3.53338e+08 8.35102e+06 197327 4656.77 104.978
125.959 5587.64 236770 1.00199e+07 4.23928e+08 2.10292e+10 1.76603e+12 6.11383e+12 1.23293e+13 1.93588e+13 2.60151e+13 3.11813e+13 3.39975e+13 3.39975e+13 3.11813e+13 2.60151e+13 1.93588e+13 1.23293e+13 6.11383e+12 1.76603e+12 2.10292e+10 4.23928e+08 1.00199e+07 236770 5587.64 125.959
137.385 6094.43 258239 1.09281e+07 4.62334e+08 2.29324e+10 1.9253e+12 6.66508e+12 1.34408e+13 2.11041e+13 2.83605e+13 3.39925e+13 3.70625e+13 3.70625e+13 3.39925e+13 2.83605e+13 2.11041e+13 1.34408e+13 6.66508e+12 1.9253e+12 2.29324e+10 4.62334e+08 1.09281e+07 258239 6094.43 137.385
137.385 6094.43 258239 1.09281e+07 4.62334e+08 2.29324e+10 1.9253e+12 6.66508e+12 1.34408e+13 2.11041e+13 2.83605e+13 3.39925e+13 3.70625e+13 3.70625e+13 3.39925e+13 2.83605e+13 2.11041e+13 1.34408e+13 6.66508e+12 1.9253e+12 2.29324e+10 4.62334e+08 1.09281e+07 258239 6094.43 137.385
125.959 5587.64 236770 1.00199e+07 4.23928e+08 2.10292e+10 1.76603e+12 6.11383e+12 1.23293e+13 1.93588e+13 2.60151e+13 3.11813e+13 3.39975e+13 3.39975e+13 3.11813e+13 2.60151e+13 1.93588e+13 1.23293e+13 6.11383e+12 1.76603e+12 2.10292e+10 4.23928e+08 1.00199e+07 236770 5587.64 125.959
104.978 4656.77 197327 8.35102e+06 3.53338e+08 1.7531e+10 1.47362e+12 5.10183e+12 1.02887e+13 1.61549e+13 2.17096e+13 2.60209e+13 2.8371e+13 2.83711e+13 2.60209e+13 2.17096e+13 1.61549e+13 1.02887e+13 5.10183e+12 1.47362e+12 1.7531e+10 3.53338e+08 8.35102e+06 197327 4656.77 104.978
77.9476 3456.62 146442 6.19694e+06 2.62195e+08 1.3014e+10 1.09648e+12 3.79671e+12 7.65706e+12 1.20231e+13 1.61574e+13 1.93661e+13 2.11153e+13 2.11153e+13 1.93662e+13 1.61574e+13 1.20232e+13 7.65706e+12 3.79671e+12 1.09648e+12 1.3014e+10 2.62195e+08 6.19694e+06 146442 3456.62 77.9476
49.5437 2193.08 92779.7 3.92248e+06 1.65879e+08 8.23828e+09 6.97812e+11 2.41712e+12 4.87535e+12 7.65572e+12 1.02884e+13 1.23318e+13 1.34457e+13 1.34457e+13 1.23318e+13 1.02884e+13 7.65572e+12 4.87535e+12 2.41712e+12 6.97812e+11 8.23828e+09 1.65879e+08 3.92248e+06 92779.7 2193.08 49.5437
24.9065 1092.69 45853.3 1.9261e+06 8.10945e+07 4.02594e+09 3.45229e+11 1.19678e+12 2.4146e+12 3.7921e+12 5.09647e+12 6.10882e+12 6.66065e+12 6.66065e+12 6.10883e+12 5.09647e+12 3.7921e+12 2.4146e+12 1.19678e+12 3.45228e+11 4.02594e+09 8.10945e+07 1.9261e+06 45853.3 1092.69 24.9065
8.44539 354.966 14221.4 570507 2.30334e+07 1.11558e+09 9.89616e+10 3.43846e+11 6.94306e+11 1.09081e+12 1.46627e+12 1.75767e+12 1.91649e+12 1.91649e+12 1.75767e+12 1.46627e+12 1.09081e+12 6.94306e+11 3.43846e+11 9.89616e+10 1.11558e+09 2.30334e+07 570507 14221.4 354.966 8.44539
1.46003 50.5362 1529.63 40279.4 800037 1.16683e+07 1.03889e+09 3.74463e+09 7.66455e+09 1.21153e+10 1.63323e+10 1.96029e+10 2.13843e+10 2.13843e+10 1.96029e+10 1.63323e+10 1.21153e+10 7.66455e+09 3.74463e+09 1.03889e+09 1.16683e+07 800037 40279.4 1529.63 50.5362 1.46003
0.158691 4.47626 104.719 2062.64 34378.7 734159 2.10486e+07 7.41356e+07 1.51754e+08 2.40072e+08 3.2379e+08 3.88729e+08 4.24098e+08 4.24098e+08 3.88729e+08 3.2379e+08 2.40072e+08 1.51754e+08 7.41356e+07 2.10486e+07 734159 34378.7 2062.64 104.719 4.47626 0.158691
0.012991 0.311651 6.19298 110.782 1955.1 36891.2 521343 1.76076e+06 3.58827e+06 5.67359e+06 7.65184e+06 9.1868e+06 1.00229e+07 1.00229e+07 9.1868e+06 7.65184e+06 5.67359e+06 3.58827e+06 1.76076e+06 521343 36891.2 1955.1 110.782 6.19298 0.311651 0.012991
0.000899714 0.0193072 0.350087 5.95674 97.3634 1399.78 12995.5 41915.4 84869.3 134063 180786 217055 236815 236815 217055 180786 134063 84869.3 41915.4 12995.5 1399.78 97.3634 5.95674 0.350087 0.0193072 0.000899714
5.59826e-05 0.0011102 0.0187265 0.293436 4.12958 46.2231 324.354 998.801 2005.97 3164.15 4265.94 5121.69 5588.03 5588.03 5121.69 4265.94 3164.15 2005.97 998.801 324.354 46.2231 4.12958 0.293436 0.0187265 0.0011102 5.59826e-05
2.93652e-06 5.46665e-05 0.000855977 0.012098 0.145871 1.33497 7.7167 22.7654 45.3136 71.346 96.1565 115.44 125.952 125.952 115.44 96.1565 71.346 45.3136 22.7654 7.7167 1.33497 0.145871 0.012098 0.000855977 5.46665e-05 2.93652e-06
