0.00115421 0.021676 0.344131 4.94547 60.5809 561.205 3269.77 9698 19402.8 30701.1 41555.3 50046.7 54694.8 54694.8 50046.7 41555.3 30701.1 19402.8 9698 3269.77 561.205 60.5809 4.94547 0.344131 0.021676 0.00115421
0.0219489 0.437561 7.46471 119.042 1708.45 19426.4 137617 426152 860478 1.36433e+06 1.84768e+06 2.22564e+06 2.43251e+06 2.43251e+06 2.22564e+06 1.84768e+06 1.36433e+06 860478 426152 137617 19426.4 1708.45 119.042 7.46471 0.437561 0.0219489
0.353301 7.58486 138.245 2386.95 39950 587254 5.51932e+06 1.79068e+07 3.6461e+07 5.79081e+07 7.84571e+07 9.45208e+07 1.03313e+08 1.03313e+08 9.45208e+07 7.84571e+07 5.79081e+07 3.6461e+07 1.79068e+07 5.51932e+06 587254 39950 2386.95 138.245 7.58486 0.353301
5.1373 122.873 2435.37 43731.2 788813 1.53998e+07 2.21563e+08 7.52913e+08 1.54338e+09 2.45416e+09 3.32609e+09 4.00759e+09 4.38058e+09 4.38058e+09 4.00759e+09 3.32609e+09 2.45416e+09 1.54338e+09 7.52913e+08 2.21563e+08 1.53998e+07 788813 43731.2 2435.37 122.873 5.1373
63.4493 1784.18 41498.9 810262 1.34715e+07 3.01871e+08 8.94796e+09 3.17186e+10 6.53251e+10 1.03955e+11 1.40921e+11 1.69814e+11 1.85627e+11 1.85627e+11 1.69814e+11 1.40921e+11 1.03955e+11 6.53251e+10 3.17186e+10 8.94796e+09 3.01871e+08 1.34715e+07 810262 41498.9 1784.18 63.4493
590.797 20430.5 616570 1.61183e+07 3.13707e+08 4.45903e+09 4.3925e+11 1.59425e+12 3.28362e+12 5.22146e+12 7.07479e+12 8.52304e+12 9.31561e+12 9.31561e+12 8.52304e+12 7.07479e+12 5.22146e+12 3.28362e+12 1.59425e+12 4.3925e+11 4.45903e+09 3.13707e+08 1.61183e+07 616570 20430.5 590.797
3452.61 145321 5.82876e+06 2.3401e+08 9.45217e+09 4.60993e+11 4.18542e+13 1.46048e+14 2.96154e+14 4.67176e+14 6.30165e+14 7.57304e+14 8.26828e+14 8.26828e+14 7.57304e+14 6.30165e+14 4.67176e+14 2.96154e+14 1.46048e+14 4.18542e+13 4.60993e+11 9.45217e+09 2.3401e+08 5.82876e+06 145321 3452.61
10245.7 450289 1.89242e+07 7.95834e+08 3.3533e+10 1.67515e+12 1.4649e+14 5.09862e+14 1.03285e+15 1.62844e+15 2.19593e+15 2.63855e+15 2.88058e+15 2.88058e+15 2.63855e+15 2.19593e+15 1.62844e+15 1.03285e+15 5.09862e+14 1.4649e+14 1.67515e+12 3.3533e+10 7.95834e+08 1.89242e+07 450289 10245.7
20491 908865 3.85173e+07 1.63067e+09 6.90314e+10 3.44922e+12 2.97269e+14 1.03363e+15 2.09308e+15 3.29939e+15 4.44868e+15 5.34505e+15 5.83519e+15 5.83519e+15 5.34505e+15 4.44868e+15 3.29939e+15 2.09308e+15 1.03363e+15 2.97269e+14 3.44922e+12 6.90314e+10 1.63067e+09 3.85173e+07 908865 20491
32399 1.43996e+06 6.1126e+07 2.59088e+09 1.09761e+11 5.4807e+12 4.68945e+14 1.62975e+15 3.29958e+15 5.20071e+15 7.01189e+15 8.42446e+15 9.19685e+15 9.19685e+15 8.42446e+15 7.01189e+15 5.20071e+15 3.29958e+15 1.62975e+15 4.68945e+14 5.4807e+12 1.09761e+11 2.59088e+09 6.1126e+07 1.43996e+06 32399
43818 1.94847e+06 8.27456e+07 3.50826e+09 1.48656e+11 7.41969e+12 6.32393e+14 2.19721e+15 4.44799e+15 7.01042e+15 9.45153e+15 1.13554e+16 1.23964e+16 1.23964e+16 1.13554e+16 9.45153e+15 7.01042e+15 4.44799e+15 2.19721e+15 6.32393e+14 7.41969e+12 1.48656e+11 3.50826e+09 8.27456e+07 1.94847e+06 43818
52736.4 2.34543e+06 9.96162e+07 4.22397e+09 1.78997e+11 8.93208e+12 7.59762e+14 2.63938e+15 5.34283e+15 8.42052e+15 1.13525e+16 1.36391e+16 1.48894e+16 1.48894e+16 1.36391e+16 1.13525e+16 8.42052e+15 5.34284e+15 2.63938e+15 7.59762e+14 8.93208e+12 1.78997e+11 4.22397e+09 9.96162e+07 2.34543e+06 52736.4
57612.5 2.56243e+06 1.08838e+08 4.61517e+09 1.95581e+11 9.75867e+12 8.29359e+14 2.881e+15 5.8318e+15 9.19104e+15 1.23912e+16 1.48869e+16 1.62516e+16 1.62516e+16 1.48869e+16 1.23912e+16 9.19104e+15 5.8318e+15 2.881e+15 8.29359e+14 9.75867e+12 1.95581e+11 4.61517e+09 1.08838e+08 2.56243e+06 57612.5
57612.5 2.56243e+06 1.08838e+08 4.61517e+09 1.95581e+11 9.75867e+12 8.29359e+14 2.881e+15 5.8318e+15 9.19104e+15 1.23912e+16 1.48869e+16 1.62516e+16 1.62516e+16 1.48869e+16 1.23912e+16 9.19104e+15 5.8318e+15 2.881e+15 8.29359e+14 9.75867e+12 1.95581e+11 4.61517e+09 1.08838e+08 2.56243e+06 57612.5
52736.4 2.34543e+06 9.96162e+07 4.22397e+09 1.78997e+11 8.93208e+12 7.59762e+14 2.63938e+15 5.34284e+15 8.42052e+15 1.13525e+16 1.36391e+16 1.48894e+16 1.48894e+16 1.36391e+16 1.13525e+16 8.42052e+15 5.34283e+15 2.63938e+15 7.59762e+14 8.93208e+12 1.78997e+11 4.22397e+09 9.96162e+07 2.34543e+06 52736.4
43818 1.94847e+06 8.27456e+07 3.50826e+09 1.48656e+11 7.41969e+12 6.32393e+14 2.19721e+15 4.44799e+15 7.01042e+15 9.45153e+15 1.13554e+16 1.23964e+16 1.23964e+16 1.13554e+16 9.45153e+15 7.01042e+15 4.44799e+15 2.19721e+15 6.32393e+14 7.41969e+12 1.48656e+11 3.50826e+09 8.27456e+07 1.94847e+06 43818
32399 1.43996e+06 6.1126e+07 2.59088e+09 1.09761e+11 5.4807e+12 4.68945e+14 1.62975e+15 3.29958e+15 5.20071e+15 7.01189e+15 8.42446e+15 9.19685e+15 9.19685e+15 8.42446e+15 7.01189e+15 5.20071e+15 3.29958e+15 1.62975e+15 4.68945e+14 5.4807e+12 1.09761e+11 2.59088e+09 6.1126e+07 1.43996e+06 32399
20491 908865 3.85173e+07 1.63067e+09 6.90314e+10 3.44922e+12 2.97269e+14 1.03363e+15 2.09308e+15 3.29939e+15 4.44868e+15 5.34505e+15 5.83519e+15 5.83519e+15 5.34505e+15 4.44868e+15 3.29939e+15 2.09308e+15 1.03363e+15 2.97269e+14 3.44922e+12 6.90314e+10 1.63067e+09 3.85173e+07 908865 20491
10245.7 450289 1.89242e+07 7.95834e+08 3.3533e+10 1.67515e+12 1.4649e+14 5.09862e+14 1.03285e+15 1.62844e+15 2.19593e+15 2.63855e+15 2.88058e+15 2.88058e+15 2.63855e+15 2.19593e+15 1.62844e+15 1.03285e+15 5.09862e+14 1.4649e+14 1.67515e+12 3.3533e+10 7.95834e+08 1.89242e+07 450289 10245.7
3452.61 145321 5.82876e+06 2.3401e+08 9.45217e+09 4.60993e+11 4.18542e+13 1.46048e+14 2.96154e+14 4.67176e+14 6.30165e+14 7.57304e+14 8.26828e+14 8.26828e+14 7.57304e+14 6.30165e+14 4.67176e+14 2.96154e+14 1.46048e+14 4.18542e+13 4.60993e+11 9.45217e+09 2.3401e+08 5.82876e+06 145321 3452.61
590.797 20430.5 616570 1.61183e+07 3.13707e+08 4.45903e+09 4.3925e+11 1.59425e+12 3.28362e+12 5.22146e+12 7.07479e+12 8.52304e+12 9.31561e+12 9.31561e+12 8.52304e+12 7.07479e+12 5.22146e+12 3.28362e+12 1.59425e+12 4.3925e+11 4.45903e+09 3.13707e+08 1.61183e+07 616570 20430.5 590.797
63.4493 1784.18 41498.9 810262 1.34715e+07 3.01871e+08 8.94796e+09 3.17186e+10 6.53251e+10 1.03955e+11 1.40921e+11 1.69814e+11 1.85627e+11 1.85627e+11 1.69814e+11 1.40921e+11 1.03955e+11 6.53251e+10 3.17186e+10 8.94796e+09 3.01871e+08 1.34715e+07 810262 41498.9 1784.18 63.4493
5.1373 122.873 2435.37 43731.2 788813 1.53998e+07 2.21563e+08 7.52913e+08 1.54338e+09 2.45416e+09 3.32609e+09 4.00759e+09 4.38058e+09 4.38058e+09 4.00759e+09 3.32609e+09 2.45416e+09 1.54338e+09 7.52913e+08 2.21563e+08 1.53998e+07 788813 43731.2 2435.37 122.873 5.1373
0.353301 7.58486 138.245 2386.95 39950 587254 5.51932e+06 1.79068e+07 3.6461e+07 5.79081e+07 7.84571e+07 9.45208e+07 1.03313e+08 1.03313e+08 9.45208e+07 7.84571e+07 5.79081e+07 3.6461e+07 1.79068e+07 5.51932e+06 587254 39950 2386.95 138.245 7.58486 0.353301
0.0219489 0.437561 7.46471 119.042 1708.45 19426.4 137617 426152 860478 1.36433e+06 1.84768e+06 2.22564e+06 2.43251e+06 2.43251e+06 2.22564e+06 1.84768e+06 1.36433e+06 860478 426152 137617 19426.4 1708.45 119.042 7.46471 0.437561 0.0219489
0.00115421 0.021676 0.344131 4.94547 60.5809 561.205 3269.77 9698 19402.8 30701.1 41555.3 50046.7 54694.8 54694.8 50046.7 41555.3 30701.1 19402.8 9698 3269.77 561.205 60.5809 4.94547 0.344131 0.021676 0.00115421
