0.162284 3.07422 49.1772 711.082 8759.58 81610.8 478315 1.42689e+06 2.86921e+06 4.55605e+06 6.17864e+06 7.44662e+06 8.13952e+06 8.13952e+06 7.44662e+06 6.17864e+06 4.55605e+06 2.86921e+06 1.42689e+06 478315 81610.8 8759.58 711.082 49.1772 3.07422 0.162284
3.1179 62.8149 1081.12 17351.3 250271 2.85997e+06 2.03729e+07 6.34792e+07 1.28889e+08 2.05157e+08 2.78421e+08 3.3564e+08 3.66899e+08 3.66899e+08 3.3564e+08 2.78421e+08 2.05157e+08 1.28889e+08 6.34792e+07 2.03729e+07 2.85997e+06 250271 17351.3 1081.12 62.8149 3.1179
50.6548 1100.79 20273.2 352510 5.92404e+06 8.73777e+07 8.25003e+08 2.69429e+09 5.51926e+09 8.80284e+09 1.19532e+10 1.44124e+10 1.57554e+10 1.57554e+10 1.44124e+10 1.19532e+10 8.80284e+09 5.51926e+09 2.69429e+09 8.25003e+08 8.73777e+07 5.92404e+06 352510 20273.2 1100.79 50.6548
742.055 17981.6 360627 6.53326e+06 1.18329e+08 2.31168e+09 3.33506e+10 1.14131e+11 2.35489e+11 3.76146e+11 5.10971e+11 6.16162e+11 6.73593e+11 6.73593e+11 6.16162e+11 5.10971e+11 3.76146e+11 2.35489e+11 1.14131e+11 3.33506e+10 2.31168e+09 1.18329e+08 6.53326e+06 360627 17981.6 742.055
9221.16 262697 6.18372e+06 1.22017e+08 2.04486e+09 4.57065e+10 1.35304e+12 4.83283e+12 1.00238e+13 1.60274e+13 2.17784e+13 2.62634e+13 2.87112e+13 2.87112e+13 2.62634e+13 2.17784e+13 1.60274e+13 1.00238e+13 4.83283e+12 1.35304e+12 4.57065e+10 2.04486e+09 1.22017e+08 6.18372e+06 262697 9221.16
86334.7 3.023e+06 9.22292e+07 2.43371e+09 4.78367e+10 6.86863e+11 6.66284e+13 2.43797e+14 5.0592e+14 8.08554e+14 1.09834e+15 1.32429e+15 1.44761e+15 1.44761e+15 1.32429e+15 1.09834e+15 8.08554e+14 5.0592e+14 2.43797e+14 6.66284e+13 6.86863e+11 4.78367e+10 2.43371e+09 9.22291e+07 3.023e+06 86334.7
507239 2.16061e+07 8.75008e+08 3.53755e+10 1.43538e+12 7.00835e+13 6.35448e+15 2.23269e+16 4.55889e+16 7.23054e+16 9.78782e+16 1.17857e+17 1.28783e+17 1.28783e+17 1.17857e+17 9.78782e+16 7.23054e+16 4.55889e+16 2.23269e+16 6.35448e+15 7.00835e+13 1.43538e+12 3.53755e+10 8.75008e+08 2.16061e+07 507239
1.51351e+06 6.7342e+07 2.85869e+09 1.21115e+11 5.12948e+12 2.5673e+14 2.23981e+16 7.84667e+16 1.60018e+17 2.53625e+17 3.43208e+17 4.13195e+17 4.51474e+17 4.51474e+17 4.13195e+17 3.43208e+17 2.53625e+17 1.60018e+17 7.84667e+16 2.23981e+16 2.5673e+14 5.12948e+12 1.21115e+11 2.85869e+09 6.7342e+07 1.51351e+06
3.04136e+06 1.3664e+08 5.85205e+09 2.49726e+11 1.06315e+13 5.32506e+14 4.57665e+16 1.60136e+17 3.26368e+17 5.17087e+17 6.99557e+17 8.42092e+17 9.20045e+17 9.20045e+17 8.42092e+17 6.99557e+17 5.17087e+17 3.26368e+17 1.60136e+17 4.57665e+16 5.32506e+14 1.06315e+13 2.49726e+11 5.85205e+09 1.3664e+08 3.04136e+06
4.82431e+06 2.1726e+08 9.32319e+09 3.98429e+11 1.69789e+13 8.50141e+14 7.25752e+16 2.5378e+17 5.17028e+17 8.18936e+17 1.1077e+18 1.33322e+18 1.45654e+18 1.45654e+18 1.33322e+18 1.1077e+18 8.18936e+17 5.17028e+17 2.5378e+17 7.25752e+16 8.50141e+14 1.69789e+13 3.98429e+11 9.32319e+09 2.1726e+08 4.82431e+06
6.53499e+06 2.94499e+08 1.26444e+10 5.40559e+11 2.30413e+13 1.1534e+15 9.81921e+16 3.43251e+17 6.99149e+17 1.10718e+18 1.49734e+18 1.80199e+18 1.96856e+18 1.96856e+18 1.80199e+18 1.49734e+18 1.10718e+18 6.99149e+17 3.43251e+17 9.81921e+16 1.1534e+15 2.30413e+13 5.40559e+11 1.26444e+10 2.94499e+08 6.53499e+06
7.86862e+06 3.54673e+08 1.52302e+10 6.51152e+11 2.77559e+13 1.38921e+15 1.1817e+17 4.13033e+17 8.41176e+17 1.33193e+18 1.80109e+18 2.16736e+18 2.3676e+18 2.3676e+18 2.16736e+18 1.80109e+18 1.33193e+18 8.41176e+17 4.13033e+17 1.1817e+17 1.38921e+15 2.77559e+13 6.51152e+11 1.52302e+10 3.54673e+08 7.86862e+06
8.59615e+06 3.87488e+08 1.66398e+10 7.11416e+11 3.03239e+13 1.51765e+15 1.29081e+17 4.51152e+17 9.18756e+17 1.45468e+18 1.96697e+18 2.36687e+18 2.58549e+18 2.58549e+18 2.36687e+18 1.96697e+18 1.45468e+18 9.18756e+17 4.51152e+17 1.29081e+17 1.51765e+15 3.03239e+13 7.11416e+11 1.66398e+10 3.87488e+08 8.59615e+06
8.59615e+06 3.87488e+08 1.66398e+10 7.11416e+11 3.03239e+13 1.51765e+15 1.29081e+17 4.51152e+17 9.18756e+17 1.45468e+18 1.96697e+18 2.36687e+18 2.58549e+18 2.58549e+18 2.36687e+18 1.96697e+18 1.45468e+18 9.18756e+17 4.51152e+17 1.29081e+17 1.51765e+15 3.03239e+13 7.11416e+11 1.66398e+10 3.87488e+08 8.59615e+06
7.86862e+06 3.54673e+08 1.52302e+10 6.51152e+11 2.77559e+13 1.38921e+15 1.1817e+17 4.13033e+17 8.41176e+17 1.33193e+18 1.80109e+18 2.16736e+18 2.3676e+18 2.3676e+18 2.16736e+18 1.80109e+18 1.33193e+18 8.41176e+17 4.13033e+17 1.1817e+17 1.38921e+15 2.77559e+13 6.51152e+11 1.52302e+10 3.54673e+08 7.86862e+06
6.53499e+06 2.94499e+08 1.26444e+10 5.40559e+11 2.30413e+13 1.1534e+15 9.81921e+16 3.43251e+17 6.99149e+17 1.10718e+18 1.49734e+18 1.80199e+18 1.96856e+18 1.96856e+18 1.80199e+18 1.49734e+18 1.10718e+18 6.99149e+17 3.43251e+17 9.81921e+16 1.1534e+15 2.30413e+13 5.40559e+11 1.26444e+10 2.94499e+08 6.53499e+06
4.82431e+06 2.1726e+08 9.32319e+09 3.98429e+11 1.69789e+13 8.50141e+14 7.25752e+16 2.5378e+17 5.17028e+17 8.18936e+17 1.1077e+18 1.33322e+18 1.45654e+18 1.45654e+18 1.33322e+18 1.1077e+18 8.18936e+17 5.17028e+17 2.5378e+17 7.25752e+16 8.50141e+14 1.69789e+13 3.98429e+11 9.32319e+09 2.1726e+08 4.82431e+06
3.04136e+06 1.3664e+08 5.85205e+09 2.49726e+11 1.06315e+13 5.32506e+14 4.57665e+16 1.60136e+17 3.26368e+17 5.17087e+17 6.99557e+17 8.42092e+17 9.20045e+17 9.20045e+17 8.42092e+17 6.99557e+17 5.17087e+17 3.26368e+17 1.60136e+17 4.57665e+16 5.32506e+14 1.06315e+13 2.49726e+11 5.85205e+09 1.3664e+08 3.04136e+06
1.51351e+06 6.7342e+07 2.85869e+09 1.21115e+11 5.12948e+12 2.5673e+14 2.23981e+16 7.84667e+16 1.60018e+17 2.53625e+17 3.43208e+17 4.13195e+17 4.51474e+17 4.51474e+17 4.13195e+17 3.43208e+17 2.53625e+17 1.60018e+17 7.84667e+16 2.23981e+16 2.5673e+14 5.12948e+12 1.21115e+11 2.85869e+09 6.7342e+07 1.51351e+06
507239 2.16061e+07 8.75008e+08 3.53755e+10 1.43538e+12 7.00835e+13 6.35448e+15 2.23269e+16 4.55889e+16 7.23054e+16 9.78782e+16 1.17857e+17 1.28783e+17 1.28783e+17 1.17857e+17 9.78782e+16 7.23054e+16 4.55889e+16 2.23269e+16 6.35448e+15 7.00835e+13 1.43538e+12 3.53755e+10 8.75008e+08 2.16061e+07 507239
86334.7 3.023e+06 9.22291e+07 2.43371e+09 4.78367e+10 6.86863e+11 6.66284e+13 2.43797e+14 5.0592e+14 8.08554e+14 1.09834e+15 1.32429e+15 1.44761e+15 1.44761e+15 1.32429e+15 1.09834e+15 8.08554e+14 5.0592e+14 2.43797e+14 6.66284e+13 6.86863e+11 4.78367e+10 2.43371e+09 9.22291e+07 3.023e+06 86334.7
9221.16 262697 6.18372e+06 1.22017e+08 2.04486e+09 4.57065e+10 1.35304e+12 4.83283e+12 1.00238e+13 1.60274e+13 2.17784e+13 2.62634e+13 2.87112e+13 2.87112e+13 2.62634e+13 2.17784e+13 1.60274e+13 1.00238e+13 4.83283e+12 1.35304e+12 4.57065e+10 2.04486e+09 1.22017e+08 6.18372e+06 262697 9221.16
742.055 17981.6 360627 6.53326e+06 1.18329e+08 2.31168e+09 3.33506e+10 1.14131e+11 2.35489e+11 3.76146e+11 5.10971e+11 6.16162e+11 6.73593e+11 6.73593e+11 6.16162e+11 5.10971e+11 3.76146e+11 2.35489e+11 1.14131e+11 3.33506e+10 2.31168e+09 1.18329e+08 6.53326e+06 360627 17981.6 742.055
50.6548 1100.79 20273.2 352510 5.92404e+06 8.73777e+07 8.25003e+08 2.69429e+09 5.51926e+09 8.80284e+09 1.19532e+10 1.44124e+10 1.57554e+10 1.57554e+10 1.44124e+10 1.19532e+10 8.80284e+09 5.51926e+09 2.69429e+09 8.25003e+08 8.73777e+07 5.92404e+06 352510 20273.2 1100.79 50.6548
3.1179 62.8149 1081.12 17351.3 250271 2.85997e+06 2.03729e+07 6.34792e+07 1.28889e+08 2.05157e+08 2.78421e+08 3.3564e+08 3.66899e+08 3.66899e+08 3.3564e+08 2.78421e+08 2.05157e+08 1.28889e+08 6.34792e+07 2.03729e+07 2.85997e+06 250271 17351.3 1081.12 62.8149 3.1179
0.162284 3.07422 49.1772 711.082 8759.58 81610.8 478315 1.42689e+06 2.86921e+06 4.55605e+06 6.17864e+06 7.44662e+06 8.13952e+06 8.13952e+06 7.44662e+06 6.17864e+06 4.55605e+06 2.86921e+06 1.42689e+06 478315 81610.8 8759.58 711.082 49.1772 3.07422 0.162284
