10.8738 201.544 3121.94 43440.5 515583 4.66464e+06 2.68136e+07 7.89889e+07 1.56942e+08 2.46333e+08 3.30682e+08 3.95552e+08 4.30627e+08 4.30627e+08 3.95552e+08 3.30682e+08 2.46333e+08 1.56942e+08 7.89889e+07 2.68136e+07 4.66464e+06 515583 43440.5 3121.94 201.544 10.8738
209.142 4149.34 69502.3 1.07155e+06 1.47705e+07 1.62565e+08 1.13139e+09 3.47795e+09 6.97114e+09 1.0958e+10 1.47091e+10 1.75889e+10 1.91444e+10 1.91444e+10 1.75889e+10 1.47091e+10 1.0958e+10 6.97114e+09 3.47795e+09 1.13139e+09 1.62565e+08 1.47705e+07 1.07155e+06 69502.3 4149.34 209.142
3374.37 72890.1 1.32332e+06 2.22583e+07 3.54624e+08 4.96624e+09 4.55138e+10 1.46514e+11 2.96017e+11 4.65813e+11 6.25132e+11 7.47226e+11 8.13105e+11 8.13105e+11 7.47226e+11 6.25132e+11 4.65813e+11 2.96017e+11 1.46514e+11 4.55138e+10 4.96624e+09 3.54624e+08 2.22583e+07 1.32332e+06 72890.1 3374.37
48559.3 1.17755e+06 2.3657e+07 4.2442e+08 7.33114e+09 1.32599e+11 1.83273e+12 6.17698e+12 1.25592e+13 1.97749e+13 2.65289e+13 3.16964e+13 3.44816e+13 3.44816e+13 3.16964e+13 2.65289e+13 1.97749e+13 1.25592e+13 6.17698e+12 1.83273e+12 1.32599e+11 7.33114e+09 4.2442e+08 2.3657e+07 1.17755e+06 48559.3
587893 1.67597e+07 3.97824e+08 7.98178e+09 1.34489e+11 2.71058e+12 7.42205e+13 2.60883e+14 5.32746e+14 8.38956e+14 1.12498e+15 1.34347e+15 1.46111e+15 1.46111e+15 1.34347e+15 1.12498e+15 8.38956e+14 5.32746e+14 2.60883e+14 7.42205e+13 2.71058e+12 1.34489e+11 7.98178e+09 3.97824e+08 1.67597e+07 587893
5.35138e+06 1.86585e+08 5.70524e+09 1.52599e+11 3.12999e+12 4.75088e+13 3.69908e+15 1.3303e+16 2.71645e+16 4.27434e+16 5.72866e+16 6.83942e+16 7.43745e+16 7.43745e+16 6.83942e+16 5.72866e+16 4.27434e+16 2.71645e+16 1.3303e+16 3.69908e+15 4.75088e+13 3.12999e+12 1.52599e+11 5.70524e+09 1.86585e+08 5.35138e+06
3.0689e+07 1.29467e+09 5.20727e+10 2.09645e+12 8.48819e+13 4.0794e+15 3.51251e+17 1.22052e+18 2.46358e+18 3.86318e+18 5.17814e+18 6.19005e+18 6.73808e+18 6.73808e+18 6.19005e+18 5.17814e+18 3.86318e+18 2.46358e+18 1.22052e+18 3.51251e+17 4.0794e+15 8.48819e+13 2.09645e+12 5.20727e+10 1.29467e+09 3.0689e+07
9.02532e+07 3.97271e+09 1.67303e+11 7.05123e+12 2.97714e+14 1.46864e+16 1.22666e+18 4.25081e+18 8.56752e+18 1.3421e+19 1.79757e+19 2.14778e+19 2.33734e+19 2.33734e+19 2.14778e+19 1.79757e+19 1.3421e+19 8.56752e+18 4.25081e+18 1.22666e+18 1.46864e+16 2.97714e+14 7.05123e+12 1.67303e+11 3.97271e+09 9.02532e+07
1.791e+08 7.95269e+09 3.37579e+11 1.43177e+13 6.07133e+14 2.99742e+16 2.47862e+18 8.57692e+18 1.72648e+19 2.70124e+19 3.61412e+19 4.31483e+19 4.69368e+19 4.69368e+19 4.31483e+19 3.61412e+19 2.70124e+19 1.72648e+19 8.57692e+18 2.47862e+18 2.99742e+16 6.07133e+14 1.43177e+13 3.37579e+11 7.95269e+09 1.791e+08
2.80815e+08 1.24873e+10 5.30625e+11 2.2518e+13 9.54979e+14 4.71207e+16 3.88613e+18 1.34339e+19 2.7009e+19 4.22038e+19 5.64004e+19 6.72751e+19 7.31467e+19 7.31467e+19 6.72751e+19 5.64004e+19 4.22038e+19 2.7009e+19 1.34339e+19 3.88613e+18 4.71207e+16 9.54979e+14 2.2518e+13 5.30625e+11 1.24873e+10 2.80815e+08
3.76637e+08 1.67467e+10 7.1144e+11 3.01795e+13 1.27928e+15 6.30905e+16 5.20564e+18 1.79823e+19 3.61155e+19 5.63675e+19 7.52462e+19 8.96794e+19 9.74621e+19 9.74621e+19 8.96794e+19 7.52462e+19 5.63675e+19 3.61155e+19 1.79823e+19 5.20564e+18 6.30905e+16 1.27928e+15 3.01795e+13 7.1144e+11 1.67467e+10 3.76637e+08
4.50225e+08 2.00118e+10 8.49799e+11 3.60321e+13 1.5266e+15 7.5262e+16 6.21886e+18 2.14721e+19 4.30907e+19 6.71944e+19 8.96242e+19 1.06746e+20 1.15969e+20 1.15969e+20 1.06746e+20 8.96242e+19 6.71944e+19 4.30907e+19 2.14721e+19 6.21886e+18 7.5262e+16 1.5266e+15 3.60321e+13 8.49799e+11 2.00118e+10 4.50225e+08
4.89977e+08 2.17737e+10 9.24377e+11 3.91833e+13 1.65962e+15 8.18054e+16 6.76672e+18 2.33581e+19 4.68563e+19 7.30312e+19 9.73652e+19 1.15925e+20 1.25917e+20 1.25917e+20 1.15925e+20 9.73652e+19 7.30312e+19 4.68563e+19 2.33581e+19 6.76672e+18 8.18054e+16 1.65962e+15 3.91833e+13 9.24377e+11 2.17737e+10 4.89977e+08
4.89977e+08 2.17737e+10 9.24377e+11 3.91833e+13 1.65962e+15 8.18054e+16 6.76672e+18 2.33581e+19 4.68563e+19 7.30312e+19 9.73652e+19 1.15925e+20 1.25917e+20 1.25917e+20 1.15925e+20 9.73652e+19 7.30312e+19 4.68563e+19 2.33581e+19 6.76672e+18 8.18054e+16 1.65962e+15 3.91833e+13 9.24377e+11 2.17737e+10 4.89977e+08
4.50225e+08 2.00118e+10 8.49799e+11 3.60321e+13 1.5266e+15 7.5262e+16 6.21886e+18 2.14721e+19 4.30907e+19 6.71944e+19 8.96242e+19 1.06746e+20 1.15969e+20 1.15969e+20 1.06746e+20 8.96242e+19 6.71944e+19 4.30907e+19 2.14721e+19 6.21886e+18 7.5262e+16 1.5266e+15 3.60321e+13 8.49799e+11 2.00118e+10 4.50225e+08
3.76637e+08 1.67467e+10 7.1144e+11 3.01795e+13 1.27928e+15 6.30905e+16 5.20564e+18 1.79823e+19 3.61155e+19 5.63675e+19 7.52462e+19 8.96794e+19 9.74621e+19 9.74621e+19 8.96794e+19 7.52462e+19 5.63675e+19 3.61155e+19 1.79823e+19 5.20564e+18 6.30905e+16 1.27928e+15 3.01795e+13 7.1144e+11 1.67467e+10 3.76637e+08
2.80815e+08 1.24873e+10 5.30625e+11 2.2518e+13 9.54979e+14 4.71207e+16 3.88613e+18 1.34339e+19 2.7009e+19 4.22038e+19 5.64004e+19 6.72751e+19 7.31467e+19 7.31467e+19 6.72751e+19 5.64004e+19 4.22038e+19 2.7009e+19 1.34339e+19 3.88613e+18 4.71207e+16 9.54979e+14 2.2518e+13 5.30625e+11 1.24873e+10 2.80815e+08
1.791e+08 7.95269e+09 3.37579e+11 1.43177e+13 6.07133e+14 2.99742e+16 2.47862e+18 8.57692e+18 1.72648e+19 2.70124e+19 3.61412e+19 4.31483e+19 4.69368e+19 4.69368e+19 4.31483e+19 3.61412e+19 2.70124e+19 1.72648e+19 8.57692e+18 2.47862e+18 2.99742e+16 6.07133e+14 1.43177e+13 3.37579e+11 7.95269e+09 1.791e+08
9.02532e+07 3.97271e+09 1.67303e+11 7.05123e+12 2.97714e+14 1.46864e+16 1.22666e+18 4.25081e+18 8.56752e+18 1.3421e+19 1.79757e+19 2.14778e+19 2.33734e+19 2.33734e+19 2.14778e+19 1.79757e+19 1.3421e+19 8.56752e+18 4.25081e+18 1.22666e+18 1.46864e+16 2.97714e+14 7.05123e+12 1.67303e+11 3.97271e+09 9.02532e+07
3.0689e+07 1.29467e+09 5.20727e+10 2.09645e+12 8.48819e+13 4.0794e+15 3.51251e+17 1.22052e+18 2.46358e+18 3.86318e+18 5.17814e+18 6.19005e+18 6.73808e+18 6.73808e+18 6.19005e+18 5.17814e+18 3.86318e+18 2.46358e+18 1.22052e+18 3.51251e+17 4.0794e+15 8.48819e+13 2.09645e+12 5.20727e+10 1.29467e+09 3.0689e+07
5.35138e+06 1.86585e+08 5.70524e+09 1.52599e+11 3.12999e+12 4.75088e+13 3.69908e+15 1.3303e+16 2.71645e+16 4.27434e+16 5.72866e+16 6.83942e+16 7.43745e+16 7.43745e+16 6.83942e+16 5.72866e+16 4.27434e+16 2.71645e+16 1.3303e+16 3.69908e+15 4.75088e+13 3.12999e+12 1.52599e+11 5.70524e+09 1.86585e+08 5.35138e+06
587893 1.67597e+07 3.97824e+08 7.98178e+09 1.34489e+11 2.71058e+12 7.42205e+13 2.60883e+14 5.32746e+14 8.38956e+14 1.12498e+15 1.34347e+15 1.46111e+15 1.46111e+15 1.34347e+15 1.12498e+15 8.38956e+14 5.32746e+14 2.60883e+14 7.42205e+13 2.71058e+12 1.34489e+11 7.98178e+09 3.97824e+08 1.67597e+07 587893
48559.3 1.17755e+06 2.3657e+07 4.2442e+08 7.33114e+09 1.32599e+11 1.83273e+12 6.17698e+12 1.25592e+13 1.97749e+13 2.65289e+13 3.16964e+13 3.44816e+13 3.44816e+13 3.16964e+13 2.65289e+13 1.97749e+13 1.25592e+13 6.17697e+12 1.83273e+12 1.32599e+11 7.33114e+09 4.2442e+08 2.3657e+07 1.17755e+06 48559.3
3374.37 72890.1 1.32332e+06 2.22583e+07 3.54624e+08 4.96624e+09 4.55138e+10 1.46514e+11 2.96017e+11 4.65813e+11 6.25132e+11 7.47226e+11 8.13105e+11 8.13105e+11 7.47226e+11 6.25132e+11 4.65813e+11 2.96017e+11 1.46514e+11 4.55138e+10 4.96624e+09 3.54624e+08 2.22583e+07 1.32332e+06 72890.1 3374.37
209.142 4149.34 69502.3 1.07155e+06 1.47705e+07 1.62565e+08 1.13139e+09 3.47795e+09 6.97114e+09 1.0958e+10 1.47091e+10 1.75889e+10 1.91444e+10 1.91444e+10 1.75889e+10 1.47091e+10 1.0958e+10 6.97114e+09 3.47795e+09 1.13139e+09 1.62565e+08 1.47705e+07 1.07155e+06 69502.3 4149.34 209.142
10.8738 201.544 3121.94 43440.5 515583 4.66464e+06 2.68136e+07 7.89889e+07 1.56942e+08 2.46333e+08 3.30682e+08 3.95552e+08 4.30627e+08 4.30627e+08 3.95552e+08 3.30682e+08 2.46333e+08 1.56942e+08 7.89889e+07 2.68136e+07 4.66464e+06 515583 43440.5 3121.94 201.544 10.8738
