6.6388e-06 0.000124169 0.00195899 0.0279439 0.339926 3.13237 18.1896 53.8439 107.548 169.931 229.75 276.483 302.045 302.045 276.483 229.75 169.931 107.548 53.8439 18.1896 3.13237 0.339926 0.0279439 0.00195899 0.000124169 6.6388e-06
0.00012637 0.00251282 0.0426445 0.674706 9.59955 108.407 764.859 2363.58 4764.18 7542.45 10202.3 12279.4 13415.2 13415.2 12279.4 10202.3 7542.45 4764.18 2363.58 764.859 108.407 9.59955 0.674706 0.0426445 0.00251282 0.00012637
0.00203246 0.0436149 0.792925 13.5993 225.221 3278.65 30652.5 99229.2 201674 319792 432727 520883 569090 569090 520883 432727 319792 201674 99229.2 30652.5 3278.65 225.221 13.5993 0.792925 0.0436149 0.00203246
0.0294591 0.705351 13.9927 250.779 4479.07 86142.5 1.2298e+06 4.16937e+06 8.5301e+06 1.35411e+07 1.83279e+07 2.20637e+07 2.41064e+07 2.41064e+07 2.20637e+07 1.83279e+07 1.35411e+07 8.5301e+06 4.16937e+06 1.2298e+06 86142.5 4479.07 250.779 13.9927 0.705351 0.0294591
0.362051 10.1919 237.604 4656.3 77485.1 1.69939e+06 4.96485e+07 1.75563e+08 3.60837e+08 5.73205e+08 7.75968e+08 9.34198e+08 1.02072e+09 1.02072e+09 9.34198e+08 7.75968e+08 5.73205e+08 3.60837e+08 1.75563e+08 4.96485e+07 1.69939e+06 77485.1 4656.3 237.604 10.1919 0.362051
3.35342 115.977 3503.59 91863 1.80383e+06 2.59336e+07 2.44248e+09 8.84092e+09 1.81702e+10 2.88405e+10 3.90221e+10 4.69659e+10 5.13094e+10 5.13094e+10 4.69659e+10 3.90221e+10 2.88405e+10 1.81702e+10 8.84092e+09 2.44248e+09 2.59336e+07 1.80383e+06 91863 3503.59 115.977 3.35342
19.5119 820.463 32881.3 1.31927e+06 5.32641e+07 2.5893e+09 2.32705e+11 8.10575e+11 1.64105e+12 2.58507e+12 3.48306e+12 4.18259e+12 4.56483e+12 4.56483e+12 4.18259e+12 3.48306e+12 2.58507e+12 1.64105e+12 8.10575e+11 2.32705e+11 2.5893e+09 5.32641e+07 1.31927e+06 32881.3 820.463 19.5119
57.77 2536.05 106476 4.47418e+06 1.88411e+08 9.38422e+09 8.13439e+11 2.82647e+12 5.71691e+12 9.00119e+12 1.21247e+13 1.45577e+13 1.58871e+13 1.58871e+13 1.45577e+13 1.21247e+13 9.00119e+12 5.71691e+12 2.82647e+12 8.13439e+11 9.38422e+09 1.88411e+08 4.47418e+06 106476 2536.05 57.77
115.345 5109.75 216313 9.14971e+06 3.87068e+08 1.92838e+10 1.64845e+12 5.72256e+12 1.15706e+13 1.82145e+13 2.45328e+13 2.94542e+13 3.21431e+13 3.21431e+13 2.94542e+13 2.45328e+13 1.82145e+13 1.15706e+13 5.72256e+12 1.64845e+12 1.92838e+10 3.87068e+08 9.14971e+06 216313 5109.75 115.345
182.136 8084.34 342776 1.45148e+07 6.1444e+08 3.05913e+10 2.59726e+12 9.01218e+12 1.82188e+13 2.86777e+13 3.86236e+13 4.63705e+13 5.06032e+13 5.06032e+13 4.63705e+13 3.86236e+13 2.86777e+13 1.82188e+13 9.01218e+12 2.59726e+12 3.05913e+10 6.1444e+08 1.45148e+07 342776 8084.34 182.136
246.089 10928 463506 1.96317e+07 8.31175e+08 4.13644e+10 3.49917e+12 1.21387e+13 2.45371e+13 3.86213e+13 5.20145e+13 6.24464e+13 6.81462e+13 6.81462e+13 6.24464e+13 5.20145e+13 3.86213e+13 2.45371e+13 1.21387e+13 3.49917e+12 4.13644e+10 8.31175e+08 1.96317e+07 463506 10928 246.089
295.99 13145.5 557617 2.36194e+07 1.00006e+09 4.97578e+10 4.20124e+12 1.45723e+13 2.94551e+13 4.63611e+13 6.24375e+13 7.49593e+13 8.18009e+13 8.18009e+13 7.49593e+13 6.24375e+13 4.63611e+13 2.94551e+13 1.45723e+13 4.20124e+12 4.97578e+10 1.00006e+09 2.36194e+07 557617 13145.5 295.99
323.259 14357.1 609031 2.57978e+07 1.09232e+09 5.43426e+10 4.58464e+12 1.59013e+13 3.21408e+13 5.05878e+13 6.81295e+13 8.17926e+13 8.92578e+13 8.92578e+13 8.17926e+13 6.81295e+13 5.05878e+13 3.21408e+13 1.59013e+13 4.58464e+12 5.43426e+10 1.09232e+09 2.57978e+07 609031 14357.1 323.259
323.259 14357.1 609031 2.57978e+07 1.09232e+09 5.43426e+10 4.58464e+12 1.59013e+13 3.21408e+13 5.05878e+13 6.81295e+13 8.17926e+13 8.92578e+13 8.92578e+13 8.17926e+13 6.81295e+13 5.05878e+13 3.21408e+13 1.59013e+13 4.58464e+12 5.43426e+10 1.09232e+09 2.57978e+07 609031 14357.1 323.259
295.99 13145.5 557617 2.36194e+07 1.00006e+09 4.97578e+10 4.20124e+12 1.45723e+13 2.94551e+13 4.63611e+13 6.24375e+13 7.49593e+13 8.18009e+13 8.18009e+13 7.49593e+13 6.24375e+13 4.63611e+13 2.94551e+13 1.45723e+13 4.20124e+12 4.97578e+10 1.00006e+09 2.36194e+07 557617 13145.5 295.99
246.089 10928 463506 1.96317e+07 8.31175e+08 4.13644e+10 3.49917e+12 1.21387e+13 2.45371e+13 3.86213e+13 5.20145e+13 6.24464e+13 6.81462e+13 6.81462e+13 6.24464e+13 5.20145e+13 3.86213e+13 2.45371e+13 1.21387e+13 3.49917e+12 4.13644e+10 8.31175e+08 1.96317e+07 463506 10928 246.089
182.136 8084.34 342776 1.45148e+07 6.1444e+08 3.05913e+10 2.59726e+12 9.01218e+12 1.82188e+13 2.86777e+13 3.86236e+13 4.63705e+13 5.06032e+13 5.06032e+13 4.63705e+13 3.86236e+13 2.86777e+13 1.82188e+13 9.01218e+12 2.59726e+12 3.05913e+10 6.1444e+08 1.45148e+07 342776 8084.34 182.136
115.345 5109.75 216313 9.14971e+06 3.87068e+08 1.92838e+10 1.64845e+12 5.72256e+12 1.15706e+13 1.82145e+13 2.45328e+13 2.94542e+13 3.21431e+13 3.21431e+13 2.94542e+13 2.45328e+13 1.82145e+13 1.15706e+13 5.72256e+12 1.64845e+12 1.92838e+10 3.87068e+08 9.14971e+06 216313 5109.75 115.345
57.77 2536.05 106476 4.47418e+06 1.88411e+08 9.38422e+09 8.13439e+11 2.82647e+12 5.71691e+12 9.00119e+12 1.21247e+13 1.45577e+13 1.58871e+13 1.58871e+13 1.45577e+13 1.21247e+13 9.00119e+12 5.71691e+12 2.82647e+12 8.13439e+11 9.38422e+09 1.88411e+08 4.47418e+06 106476 2536.05 57.77
19.5119 820.463 32881.3 1.31927e+06 5.32641e+07 2.5893e+09 2.32705e+11 8.10575e+11 1.64105e+12 2.58507e+12 3.48306e+12 4.18259e+12 4.56483e+12 4.56483e+12 4.18259e+12 3.48306e+12 2.58507e+12 1.64105e+12 8.10575e+11 2.32705e+11 2.5893e+09 5.32641e+07 1.31927e+06 32881.3 820.463 19.5119
3.35342 115.977 3503.59 91863 1.80383e+06 2.59336e+07 2.44248e+09 8.84092e+09 1.81702e+10 2.88405e+10 3.90221e+10 4.69659e+10 5.13094e+10 5.13094e+10 4.69659e+10 3.90221e+10 2.88405e+10 1.81702e+10 8.84092e+09 2.44248e+09 2.59336e+07 1.80383e+06 91863 3503.59 115.977 3.35342
0.362051 10.1919 237.604 4656.3 77485.1 1.69939e+06 4.96485e+07 1.75563e+08 3.60837e+08 5.73205e+08 7.75968e+08 9.34198e+08 1.02072e+09 1.02072e+09 9.34198e+08 7.75968e+08 5.73205e+08 3.60837e+08 1.75563e+08 4.96485e+07 1.69939e+06 77485.1 4656.3 237.604 10.1919 0.362051
0.0294591 0.705351 13.9927 250.779 4479.07 86142.5 1.2298e+06 4.16937e+06 8.5301e+06 1.35411e+07 1.83279e+07 2.20637e+07 2.41064e+07 2.41064e+07 2.20637e+07 1.83279e+07 1.35411e+07 8.5301e+06 4.16937e+06 1.2298e+06 86142.5 4479.07 250.779 13.9927 0.705351 0.0294591
0.00203246 0.0436149 0.792925 13.5993 225.221 3278.65 30652.5 99229.2 201674 319792 432727 520883 569090 569090 520883 432727 319792 201674 99229.2 30652.5 3278.65 225.221 13.5993 0.792925 0.0436149 0.00203246
0.00012637 0.00251282 0.0426445 0.674706 9.59955 108.407 764.859 2363.58 4764.18 7542.45 10202.3 12279.4 13415.2 13415.2 12279.4 10202.3 7542.45 4764.18 2363.58 764.859 108.407 9.59955 0.674706 0.0426445 0.00251282 0.00012637
6.6388e-06 0.000124169 0.00195899 0.0279439 0.339926 3.13237 18.1896 53.8439 107.548 169.931 229.75 276.483 302.045 302.045 276.483 229.75 169.931 107.548 53.8439 18.1896 3.13237 0.339926 0.0279439 0.00195899 0.000124169 6.6388e-06
