0.000648 0.0121278 0.191563 2.73654 33.333 307.407 1785.28 5280.52 10534.2 16620.6 22440.6 26976.6 29453.5 29453.5 26976.6 22440.6 16620.6 10534.2 5280.52 1785.28 307.407 33.333 2.73654 0.191563 0.0121278 0.000648
0.0123271 0.245182 4.16474 65.9983 940.684 10636.6 75071.8 231805 466636 737658 996381 1.1979e+06 1.30792e+06 1.30792e+06 1.1979e+06 996381 737658 466636 231805 75071.8 10636.6 940.684 65.9983 4.16474 0.245182 0.0123271
0.198222 4.25251 77.3302 1328.02 22044.3 321577 3.00878e+06 9.73236e+06 1.97536e+07 3.12743e+07 4.22565e+07 5.08066e+07 5.54739e+07 5.54739e+07 5.08066e+07 4.22565e+07 3.12743e+07 1.97536e+07 9.73236e+06 3.00878e+06 321577 22044.3 1328.02 77.3302 4.25251 0.198222
2.8742 68.7746 1363.54 24440.5 437470 8.4433e+06 1.20727e+08 4.08969e+08 8.35537e+08 1.32424e+09 1.7896e+09 2.1518e+09 2.3495e+09 2.3495e+09 2.1518e+09 1.7896e+09 1.32424e+09 8.35537e+08 4.08969e+08 1.20727e+08 8.4433e+06 437470 24440.5 1363.54 68.7746 2.8742
35.352 994.575 23165.6 453411 7.54108e+06 1.66265e+08 4.87466e+09 1.72229e+10 3.5347e+10 5.6056e+10 7.5764e+10 9.11003e+10 9.94704e+10 9.94704e+10 9.11003e+10 7.5764e+10 5.6056e+10 3.5347e+10 1.72229e+10 4.87466e+09 1.66265e+08 7.54108e+06 453411 23165.6 994.575 35.352
327.704 11330.2 342111 8.96151e+06 1.75537e+08 2.51576e+09 2.39717e+11 8.67028e+11 1.77943e+12 2.81976e+12 3.80929e+12 4.57919e+12 4.99937e+12 4.99937e+12 4.57919e+12 3.80929e+12 2.81976e+12 1.77943e+12 8.67028e+11 2.39717e+11 2.51576e+09 1.75537e+08 8.96151e+06 342111 11330.2 327.704
1907.42 80210.4 3.21487e+06 1.29006e+08 5.20951e+09 2.53512e+11 2.2841e+13 7.95232e+13 1.60862e+14 2.53147e+14 3.40763e+14 4.08903e+14 4.46093e+14 4.46093e+14 4.08903e+14 3.40763e+14 2.53147e+14 1.60862e+14 7.95232e+13 2.2841e+13 2.53512e+11 5.2095e+09 1.29006e+08 3.21487e+06 80210.4 1907.42
5643.15 247746 1.04027e+07 4.37184e+08 1.84133e+10 9.18003e+11 7.97888e+13 2.77123e+14 5.60066e+14 8.80986e+14 1.18563e+15 1.42256e+15 1.55187e+15 1.55187e+15 1.42256e+15 1.18563e+15 8.80986e+14 5.60066e+14 2.77123e+14 7.97888e+13 9.18003e+11 1.84133e+10 4.37184e+08 1.04027e+07 247746 5643.15
11252.4 498487 2.11036e+07 8.92721e+08 3.77696e+10 1.8835e+12 1.61529e+14 5.60529e+14 1.13247e+15 1.7811e+15 2.39682e+15 2.87565e+15 3.137e+15 3.137e+15 2.87565e+15 2.39682e+15 1.7811e+15 1.13247e+15 5.60529e+14 1.61529e+14 1.8835e+12 3.77696e+10 8.92721e+08 2.11036e+07 498487 11252.4
17740.6 787408 3.33855e+07 1.41372e+09 5.98475e+10 2.98255e+12 2.54209e+14 8.81778e+14 1.78124e+15 2.80125e+15 3.76949e+15 4.52248e+15 4.93346e+15 4.93346e+15 4.52248e+15 3.76949e+15 2.80125e+15 1.78124e+15 8.81778e+14 2.54209e+14 2.98255e+12 5.98475e+10 1.41372e+09 3.33855e+07 787408 17740.6
23934.3 1.06273e+06 4.50718e+07 1.9089e+09 8.08173e+10 4.02596e+12 3.42111e+14 1.18645e+15 2.39651e+15 3.76872e+15 5.07127e+15 6.08424e+15 6.63712e+15 6.63712e+15 6.08424e+15 5.07127e+15 3.76872e+15 2.39651e+15 1.18645e+15 3.42111e+14 4.02596e+12 8.08173e+10 1.9089e+09 4.50718e+07 1.06273e+06 23934.3
28753.9 1.27684e+06 5.4155e+07 2.29364e+09 9.71066e+10 4.83638e+12 4.10405e+14 1.42316e+15 2.87455e+15 4.52041e+15 6.0827e+15 7.29767e+15 7.9608e+15 7.9608e+15 7.29767e+15 6.0827e+15 4.52041e+15 2.87455e+15 1.42316e+15 4.10405e+14 4.83638e+12 9.71066e+10 2.29364e+09 5.4155e+07 1.27684e+06 28753.9
31383 1.3936e+06 5.91076e+07 2.5034e+09 1.05986e+11 5.27814e+12 4.47652e+14 1.55227e+15 3.13529e+15 4.9304e+15 6.63437e+15 7.95952e+15 8.68279e+15 8.68279e+15 7.95952e+15 6.63437e+15 4.9304e+15 3.13529e+15 1.55227e+15 4.47652e+14 5.27814e+12 1.05986e+11 2.5034e+09 5.91076e+07 1.3936e+06 31383
31383 1.3936e+06 5.91076e+07 2.5034e+09 1.05986e+11 5.27814e+12 4.47652e+14 1.55227e+15 3.13529e+15 4.9304e+15 6.63437e+15 7.95952e+15 8.68279e+15 8.68279e+15 7.95952e+15 6.63437e+15 4.9304e+15 3.13529e+15 1.55227e+15 4.47652e+14 5.27814e+12 1.05986e+11 2.5034e+09 5.91076e+07 1.3936e+06 31383
28753.9 1.27684e+06 5.4155e+07 2.29364e+09 9.71066e+10 4.83638e+12 4.10405e+14 1.42316e+15 2.87455e+15 4.52041e+15 6.0827e+15 7.29767e+15 7.9608e+15 7.9608e+15 7.29767e+15 6.0827e+15 4.52041e+15 2.87455e+15 1.42316e+15 4.10405e+14 4.83638e+12 9.71066e+10 2.29364e+09 5.4155e+07 1.27684e+06 28753.9
23934.3 1.06273e+06 4.50718e+07 1.9089e+09 8.08173e+10 4.02596e+12 3.42111e+14 1.18645e+15 2.39651e+15 3.76872e+15 5.07127e+15 6.08424e+15 6.63712e+15 6.63712e+15 6.08424e+15 5.07127e+15 3.76872e+15 2.39651e+15 1.18645e+15 3.42111e+14 4.02596e+12 8.08173e+10 1.9089e+09 4.50718e+07 1.06273e+06 23934.3
17740.6 787408 3.33855e+07 1.41372e+09 5.98475e+10 2.98255e+12 2.54209e+14 8.81778e+14 1.78124e+15 2.80125e+15 3.76949e+15 4.52248e+15 4.93346e+15 4.93346e+15 4.52248e+15 3.76949e+15 2.80125e+15 1.78124e+15 8.81778e+14 2.54209e+14 2.98255e+12 5.98475e+10 1.41372e+09 3.33855e+07 787408 17740.6
11252.4 498487 2.11036e+07 8.92721e+08 3.77696e+10 1.8835e+12 1.61529e+14 5.60529e+14 1.13247e+15 1.7811e+15 2.39682e+15 2.87565e+15 3.137e+15 3.137e+15 2.87565e+15 2.39682e+15 1.7811e+15 1.13247e+15 5.60529e+14 1.61529e+14 1.8835e+12 3.77696e+10 8.92721e+08 2.11036e+07 498487 11252.4
5643.15 247746 1.04027e+07 4.37184e+08 1.84133e+10 9.18003e+11 7.97888e+13 2.77123e+14 5.60066e+14 8.80986e+14 1.18563e+15 1.42256e+15 1.55187e+15 1.55187e+15 1.42256e+15 1.18563e+15 8.80986e+14 5.60066e+14 2.77123e+14 7.97888e+13 9.18003e+11 1.84133e+10 4.37184e+08 1.04027e+07 247746 5643.15
1907.42 80210.4 3.21487e+06 1.29006e+08 5.2095e+09 2.53512e+11 2.2841e+13 7.95232e+13 1.60862e+14 2.53147e+14 3.40763e+14 4.08903e+14 4.46093e+14 4.46093e+14 4.08903e+14 3.40763e+14 2.53147e+14 1.60862e+14 7.95232e+13 2.2841e+13 2.53512e+11 5.20951e+09 1.29006e+08 3.21487e+06 80210.4 1907.42
327.704 11330.2 342111 8.96151e+06 1.75537e+08 2.51576e+09 2.39717e+11 8.67028e+11 1.77943e+12 2.81976e+12 3.80929e+12 4.57919e+12 4.99937e+12 4.99937e+12 4.57919e+12 3.80929e+12 2.81976e+12 1.77943e+12 8.67028e+11 2.39717e+11 2.51576e+09 1.75537e+08 8.96151e+06 342111 11330.2 327.704
35.352 994.575 23165.6 453411 7.54108e+06 1.66265e+08 4.87466e+09 1.72229e+10 3.5347e+10 5.6056e+10 7.5764e+10 9.11003e+10 9.94704e+10 9.94704e+10 9.11003e+10 7.5764e+10 5.6056e+10 3.5347e+10 1.72229e+10 4.87466e+09 1.66265e+08 7.54108e+06 453411 23165.6 994.575 35.352
2.8742 68.7746 1363.54 24440.5 437470 8.4433e+06 1.20727e+08 4.08969e+08 8.35537e+08 1.32424e+09 1.7896e+09 2.1518e+09 2.3495e+09 2.3495e+09 2.1518e+09 1.7896e+09 1.32424e+09 8.35537e+08 4.08969e+08 1.20727e+08 8.4433e+06 437470 24440.5 1363.54 68.7746 2.8742
0.198222 4.25251 77.3302 1328.02 22044.3 321577 3.00878e+06 9.73236e+06 1.97536e+07 3.12743e+07 4.22565e+07 5.08066e+07 5.54739e+07 5.54739e+07 5.08066e+07 4.22565e+07 3.12743e+07 1.97536e+07 9.73236e+06 3.00878e+06 321577 22044.3 1328.02 77.3302 4.25251 0.198222
0.0123271 0.245182 4.16474 65.9983 940.684 10636.6 75071.8 231805 466636 737658 996381 1.1979e+06 1.30792e+06 1.30792e+06 1.1979e+06 996381 737658 466636 231805 75071.8 10636.6 940.684 65.9983 4.16474 0.245182 0.0123271
0.000648 0.0121278 0.191563 2.73654 33.333 307.407 1785.28 5280.52 10534.2 16620.6 22440.6 26976.6 29453.5 29453.5 26976.6 22440.6 16620.6 10534.2 5280.52 1785.28 307.407 33.333 2.73654 0.191563 0.0121278 0.000648
