1.44461e-05 0.00027043 0.00427321 0.061075 0.744323 6.86762 39.9029 118.108 235.834 372.481 503.411 605.636 661.525 661.525 605.636 503.411 372.481 235.834 118.108 39.9029 6.86762 0.744323 0.061075 0.00427321 0.00027043 1.44461e-05
0.000274795 0.00546615 0.0928765 1.47255 21.0012 237.595 1677.74 5184.16 10446 16530.7 22351.6 26893.9 29376.9 29376.9 26893.9 22351.6 16530.7 10446 5184.16 1677.74 237.595 21.0012 1.47255 0.0928765 0.00546615 0.000274795
0.00441914 0.0947992 1.72403 29.6186 491.991 7182.07 67232.6 217632 442157 700815 947920 1.14067e+06 1.24603e+06 1.24603e+06 1.14067e+06 947920 700815 442157 217632 67232.6 7182.07 491.991 29.6186 1.72403 0.0947992 0.00441914
0.0640947 1.5334 30.3965 544.855 9758.29 188525 2.69733e+06 9.14408e+06 1.87007e+07 2.96728e+07 4.01449e+07 4.83117e+07 5.27754e+07 5.27754e+07 4.83117e+07 4.01449e+07 2.96728e+07 1.87007e+07 9.14408e+06 2.69733e+06 188525 9758.29 544.855 30.3965 1.5334 0.0640947
0.788678 22.1839 516.569 10107 168071 3.71048e+06 1.08895e+08 3.85035e+08 7.91049e+08 1.25601e+09 1.69954e+09 2.04541e+09 2.23444e+09 2.23444e+09 2.04541e+09 1.69954e+09 1.25601e+09 7.91049e+08 3.85035e+08 1.08895e+08 3.71048e+06 168071 10107 516.569 22.1839 0.788678
7.31446 252.854 7633.23 199885 3.91263e+06 5.60239e+07 5.3534e+09 1.93772e+10 3.98093e+10 6.31577e+10 8.54171e+10 1.02771e+11 1.12256e+11 1.12256e+11 1.02771e+11 8.54171e+10 6.31577e+10 3.98093e+10 1.93772e+10 5.3534e+09 5.60239e+07 3.91263e+06 199885 7633.23 252.854 7.31447
42.5988 1791.12 71778.6 2.87988e+06 1.16276e+08 5.65841e+09 5.10113e+11 1.77674e+12 3.59616e+12 5.6631e+12 7.62812e+12 9.15813e+12 9.99388e+12 9.99388e+12 9.15813e+12 7.62812e+12 5.6631e+12 3.59616e+12 1.77674e+12 5.10113e+11 5.65841e+09 1.16276e+08 2.87988e+06 71778.7 1791.12 42.5988
126.13 5536.7 232453 9.7678e+06 4.11343e+08 2.05069e+10 1.78275e+12 6.19415e+12 1.25253e+13 1.97151e+13 2.65491e+13 3.18698e+13 3.47761e+13 3.47761e+13 3.18698e+13 2.65491e+13 1.97151e+13 1.25253e+13 6.19415e+12 1.78275e+12 2.05069e+10 4.11343e+08 9.7678e+06 232453 5536.7 126.13
251.761 11152.2 472089 1.99682e+07 8.4474e+08 4.21228e+10 3.61154e+12 1.25368e+13 2.53423e+13 3.98823e+13 5.37019e+13 6.44613e+13 7.03382e+13 7.03382e+13 6.44613e+13 5.37019e+13 3.98823e+13 2.53423e+13 1.25368e+13 3.61154e+12 4.21228e+10 8.4474e+08 1.99682e+07 472089 11152.2 251.761
397.388 17637 747757 3.16623e+07 1.34031e+09 6.67892e+10 5.68818e+12 1.97365e+13 3.98895e+13 6.27706e+13 8.45176e+13 1.01449e+14 1.10696e+14 1.10696e+14 1.01449e+14 8.45176e+13 6.27706e+13 3.98895e+13 1.97365e+13 5.68818e+12 6.67892e+10 1.34031e+09 3.16623e+07 747757 17637 397.388
536.713 23831 1.0107e+06 4.28051e+07 1.81223e+09 9.02674e+10 7.66087e+12 2.6575e+13 5.37061e+13 8.45089e+13 1.13784e+14 1.36577e+14 1.49026e+14 1.49026e+14 1.36577e+14 1.13784e+14 8.45089e+13 5.37061e+13 2.6575e+13 7.66088e+12 9.02674e+10 1.81223e+09 4.28051e+07 1.0107e+06 23831 536.713
645.347 28657.7 1.2155e+06 5.14821e+07 2.17968e+09 1.08545e+11 9.19563e+12 3.18952e+13 6.44549e+13 1.01421e+14 1.36553e+14 1.63905e+14 1.78845e+14 1.78845e+14 1.63905e+14 1.36553e+14 1.01421e+14 6.44549e+13 3.18952e+13 9.19563e+12 1.08545e+11 2.17968e+09 5.14821e+07 1.2155e+06 28657.7 645.347
704.684 31293.6 1.32734e+06 5.62197e+07 2.38029e+09 1.18523e+11 1.00335e+13 3.47995e+13 7.03228e+13 1.10653e+14 1.48983e+14 1.78824e+14 1.95123e+14 1.95123e+14 1.78824e+14 1.48983e+14 1.10653e+14 7.03228e+13 3.47995e+13 1.00335e+13 1.18523e+11 2.38029e+09 5.62197e+07 1.32734e+06 31293.6 704.684
704.684 31293.6 1.32734e+06 5.62197e+07 2.38029e+09 1.18523e+11 1.00335e+13 3.47995e+13 7.03228e+13 1.10653e+14 1.48983e+14 1.78824e+14 1.95123e+14 1.95123e+14 1.78824e+14 1.48983e+14 1.10653e+14 7.03228e+13 3.47995e+13 1.00335e+13 1.18523e+11 2.38029e+09 5.62197e+07 1.32734e+06 31293.6 704.684
645.347 28657.7 1.2155e+06 5.14821e+07 2.17968e+09 1.08545e+11 9.19563e+12 3.18952e+13 6.44549e+13 1.01421e+14 1.36553e+14 1.63905e+14 1.78845e+14 1.78845e+14 1.63905e+14 1.36553e+14 1.01421e+14 6.44549e+13 3.18952e+13 9.19563e+12 1.08545e+11 2.17968e+09 5.14821e+07 1.2155e+06 28657.7 645.347
536.713 23831 1.0107e+06 4.28051e+07 1.81223e+09 9.02674e+10 7.66088e+12 2.6575e+13 5.37061e+13 8.45089e+13 1.13784e+14 1.36577e+14 1.49026e+14 1.49026e+14 1.36577e+14 1.13784e+14 8.45089e+13 5.37061e+13 2.6575e+13 7.66087e+12 9.02674e+10 1.81223e+09 4.28051e+07 1.0107e+06 23831 536.713
397.388 17637 747757 3.16623e+07 1.34031e+09 6.67892e+10 5.68818e+12 1.97365e+13 3.98895e+13 6.27706e+13 8.45176e+13 1.01449e+14 1.10696e+14 1.10696e+14 1.01449e+14 8.45176e+13 6.27706e+13 3.98895e+13 1.97365e+13 5.68818e+12 6.67892e+10 1.34031e+09 3.16623e+07 747757 17637 397.388
251.761 11152.2 472089 1.99682e+07 8.4474e+08 4.21228e+10 3.61154e+12 1.25368e+13 2.53423e+13 3.98823e+13 5.37019e+13 6.44613e+13 7.03382e+13 7.03382e+13 6.44613e+13 5.37019e+13 3.98823e+13 2.53423e+13 1.25368e+13 3.61154e+12 4.21228e+10 8.4474e+08 1.99682e+07 472089 11152.2 251.761
126.13 5536.7 232453 9.7678e+06 4.11343e+08 2.05069e+10 1.78275e+12 6.19415e+12 1.25253e+13 1.97151e+13 2.65491e+13 3.18698e+13 3.47761e+13 3.47761e+13 3.18698e+13 2.65491e+13 1.97151e+13 1.25253e+13 6.19415e+12 1.78275e+12 2.05069e+10 4.11343e+08 9.7678e+06 232453 5536.7 126.13
42.5988 1791.12 71778.6 2.87988e+06 1.16276e+08 5.65841e+09 5.10113e+11 1.77674e+12 3.59616e+12 5.6631e+12 7.62812e+12 9.15813e+12 9.99388e+12 9.99388e+12 9.15813e+12 7.62812e+12 5.6631e+12 3.59616e+12 1.77674e+12 5.10113e+11 5.65841e+09 1.16276e+08 2.87988e+06 71778.6 1791.12 42.5988
7.31446 252.854 7633.23 199885 3.91263e+06 5.60239e+07 5.3534e+09 1.93772e+10 3.98093e+10 6.31577e+10 8.54171e+10 1.02771e+11 1.12256e+11 1.12256e+11 1.02771e+11 8.54171e+10 6.31577e+10 3.98093e+10 1.93772e+10 5.3534e+09 5.60239e+07 3.91263e+06 199885 7633.23 252.854 7.31446
0.788678 22.1839 516.569 10107 168071 3.71048e+06 1.08895e+08 3.85035e+08 7.91049e+08 1.25601e+09 1.69954e+09 2.04541e+09 2.23444e+09 2.23444e+09 2.04541e+09 1.69954e+09 1.25601e+09 7.91049e+08 3.85035e+08 1.08895e+08 3.71048e+06 168071 10107 516.569 22.1839 0.788678
0.0640947 1.5334 30.3965 544.855 9758.29 188525 2.69733e+06 9.14408e+06 1.87007e+07 2.96728e+07 4.01449e+07 4.83117e+07 5.27754e+07 5.27754e+07 4.83117e+07 4.01449e+07 2.96728e+07 1.87007e+07 9.14408e+06 2.69733e+06 188525 9758.29 544.855 30.3965 1.5334 0.0640947
0.00441914 0.0947992 1.72403 29.6186 491.991 7182.07 67232.6 217632 442157 700815 947920 1.14067e+06 1.24603e+06 1.24603e+06 1.14067e+06 947920 700815 442157 217632 67232.6 7182.07 491.991 29.6186 1.72403 0.0947992 0.00441914
0.000274795 0.00546615 0.0928765 1.47255 21.0012 237.595 1677.74 5184.16 10446 16530.7 22351.6 26893.9 29376.9 29376.9 26893.9 22351.6 16530.7 10446 5184.16 1677.74 237.595 21.0012 1.47255 0.0928765 0.00546615 0.000274795
1.44461e-05 0.00027043 0.00427321 0.061075 0.744323 6.86762 39.9029 118.108 235.834 372.481 503.411 605.636 661.525 661.525 605.636 503.411 372.481 235.834 118.108 39.9029 6.86762 0.744323 0.061075 0.00427321 0.00027043 1.44461e-05
