2.45926e-06 4.57646e-05 0.000716119 0.0101128 0.121836 1.11434 6.4392 18.9938 37.8025 59.5139 80.2026 96.2803 105.043 105.043 96.2803 80.2026 59.5139 37.8025 18.9938 6.4392 1.11434 0.121836 0.0101128 0.000716119 4.57646e-05 2.45926e-06
4.68947e-05 0.00092982 0.015676 0.245421 3.45036 38.589 270.666 833.349 1673.5 2639.46 3558.22 4271.7 4660.46 4660.46 4271.7 3558.22 2639.46 1673.5 833.349 270.666 38.589 3.45036 0.245421 0.015676 0.00092982 4.68947e-05
0.000753662 0.0161746 0.293242 4.98605 81.3968 1168.84 10844.8 34972.9 70804.6 111834 150796 181035 197508 197508 181035 150796 111834 70804.6 34972.9 10844.8 1168.84 81.3968 4.98605 0.293242 0.0161746 0.000753662
0.0108789 0.261057 5.189 92.8147 1636.2 30816.3 435072 1.46915e+06 2.99366e+06 4.73293e+06 6.38258e+06 7.66233e+06 8.35936e+06 8.35936e+06 7.66233e+06 6.38258e+06 4.73293e+06 2.99366e+06 1.46915e+06 435072 30816.3 1636.2 92.8147 5.189 0.261057 0.0108789
0.13282 3.74762 87.7116 1728.67 28819.6 613846 1.75658e+07 6.18584e+07 1.26609e+08 2.00271e+08 2.70083e+08 3.24225e+08 3.53709e+08 3.53709e+08 3.24225e+08 2.70083e+08 2.00271e+08 1.26609e+08 6.18584e+07 1.75658e+07 613846 28819.6 1728.67 87.7116 3.74762 0.13282
1.22129 42.28 1280.08 33724.7 670653 9.79614e+06 8.67271e+08 3.12545e+09 6.39647e+09 1.01098e+10 1.36273e+10 1.6355e+10 1.78405e+10 1.78405e+10 1.6355e+10 1.36273e+10 1.01098e+10 6.39647e+09 3.12545e+09 8.67271e+08 9.79614e+06 670653 33724.7 1280.08 42.28 1.22129
7.06115 296.793 11891.1 477030 1.92596e+07 9.32437e+08 8.2609e+10 2.87002e+11 5.79491e+11 9.10375e+11 1.22367e+12 1.46679e+12 1.5993e+12 1.5993e+12 1.46679e+12 1.22367e+12 9.10375e+11 5.79491e+11 2.87002e+11 8.2609e+10 9.32437e+08 1.92596e+07 477030 11891.1 296.793 7.06115
20.8201 913.422 38331 1.61014e+06 6.77916e+07 3.36437e+09 2.88171e+11 9.98899e+11 2.01525e+12 3.16476e+12 4.25314e+12 5.09778e+12 5.55815e+12 5.55815e+12 5.09778e+12 4.25314e+12 3.16476e+12 2.01525e+12 9.98899e+11 2.88171e+11 3.36437e+09 6.77916e+07 1.61014e+06 38331 913.422 20.8201
41.4097 1833.05 77549 3.27859e+06 1.3865e+08 6.88369e+09 5.82454e+11 2.01737e+12 4.06885e+12 6.38896e+12 8.58566e+12 1.02905e+13 1.12197e+13 1.12197e+13 1.02905e+13 8.58566e+12 6.38896e+12 4.06885e+12 2.01738e+12 5.82454e+11 6.88369e+09 1.3865e+08 3.27859e+06 77549 1833.05 41.4097
65.1432 2888.83 122388 5.17908e+06 2.19129e+08 1.08729e+10 9.15166e+11 3.16865e+12 6.39009e+12 1.00333e+13 1.34826e+13 1.61596e+13 1.76188e+13 1.76188e+13 1.61596e+13 1.34826e+13 1.00333e+13 6.39009e+12 3.16865e+12 9.15166e+11 1.08729e+10 2.19129e+08 5.17908e+06 122388 2888.83 65.1432
87.7248 3891.47 164899 6.97862e+06 2.95269e+08 1.46453e+10 1.22988e+12 4.25766e+12 8.58582e+12 1.34805e+13 1.81148e+13 2.17115e+13 2.36719e+13 2.36719e+13 2.17115e+13 1.81148e+13 1.34805e+13 8.58582e+12 4.25766e+12 1.22988e+12 1.46453e+10 2.95269e+08 6.97862e+06 164899 3891.47 87.7248
105.25 4669.01 197845 8.37261e+06 3.54229e+08 1.75662e+10 1.47386e+12 5.102e+12 1.02883e+13 1.61534e+13 2.17065e+13 2.60162e+13 2.83653e+13 2.83653e+13 2.60162e+13 2.17065e+13 1.61534e+13 1.02883e+13 5.102e+12 1.47386e+12 1.75662e+10 3.5423e+08 8.37261e+06 197845 4669.01 105.25
114.793 5092.27 215775 9.13108e+06 3.86304e+08 1.91552e+10 1.60674e+12 5.56189e+12 1.12156e+13 1.76093e+13 2.36629e+13 2.8361e+13 3.09219e+13 3.09219e+13 2.8361e+13 2.36629e+13 1.76093e+13 1.12156e+13 5.56189e+12 1.60674e+12 1.91552e+10 3.86304e+08 9.13108e+06 215775 5092.27 114.793
114.793 5092.27 215775 9.13108e+06 3.86304e+08 1.91552e+10 1.60674e+12 5.56189e+12 1.12156e+13 1.76093e+13 2.36629e+13 2.8361e+13 3.09219e+13 3.09219e+13 2.8361e+13 2.36629e+13 1.76093e+13 1.12156e+13 5.56189e+12 1.60674e+12 1.91552e+10 3.86304e+08 9.13108e+06 215775 5092.27 114.793
105.25 4669.01 197845 8.37261e+06 3.5423e+08 1.75662e+10 1.47386e+12 5.102e+12 1.02883e+13 1.61534e+13 2.17065e+13 2.60162e+13 2.83653e+13 2.83653e+13 2.60162e+13 2.17065e+13 1.61534e+13 1.02883e+13 5.102e+12 1.47386e+12 1.75662e+10 3.54229e+08 8.37261e+06 197845 4669.01 105.25
87.7248 3891.47 164899 6.97862e+06 2.95269e+08 1.46453e+10 1.22988e+12 4.25766e+12 8.58582e+12 1.34805e+13 1.81148e+13 2.17115e+13 2.36719e+13 2.36719e+13 2.17115e+13 1.81148e+13 1.34805e+13 8.58582e+12 4.25766e+12 1.22988e+12 1.46453e+10 2.95269e+08 6.97862e+06 164899 3891.47 87.7248
65.1432 2888.83 122388 5.17908e+06 2.19129e+08 1.08729e+10 9.15166e+11 3.16865e+12 6.39009e+12 1.00333e+13 1.34826e+13 1.61596e+13 1.76188e+13 1.76188e+13 1.61596e+13 1.34826e+13 1.00333e+13 6.39009e+12 3.16865e+12 9.15166e+11 1.08729e+10 2.19129e+08 5.17908e+06 122388 2888.83 65.1432
41.4097 1833.05 77549 3.27859e+06 1.3865e+08 6.88369e+09 5.82454e+11 2.01738e+12 4.06885e+12 6.38896e+12 8.58566e+12 1.02905e+13 1.12197e+13 1.12197e+13 1.02905e+13 8.58566e+12 6.38896e+12 4.06885e+12 2.01737e+12 5.82454e+11 6.88369e+09 1.3865e+08 3.27859e+06 77549 1833.05 41.4097
20.8201 913.422 38331 1.61014e+06 6.77916e+07 3.36437e+09 2.88171e+11 9.98899e+11 2.01525e+12 3.16476e+12 4.25314e+12 5.09778e+12 5.55815e+12 5.55815e+12 5.09778e+12 4.25314e+12 3.16476e+12 2.01525e+12 9.98899e+11 2.88171e+11 3.36437e+09 6.77916e+07 1.61014e+06 38331 913.422 20.8201
7.06115 296.793 11891.1 477030 1.92596e+07 9.32437e+08 8.2609e+10 2.87002e+11 5.79491e+11 9.10375e+11 1.22367e+12 1.46679e+12 1.5993e+12 1.5993e+12 1.46679e+12 1.22367e+12 9.10375e+11 5.79491e+11 2.87002e+11 8.2609e+10 9.32437e+08 1.92596e+07 477030 11891.1 296.793 7.06115
1.22129 42.28 1280.08 33724.7 670653 9.79614e+06 8.67271e+08 3.12545e+09 6.39647e+09 1.01098e+10 1.36273e+10 1.6355e+10 1.78405e+10 1.78405e+10 1.6355e+10 1.36273e+10 1.01098e+10 6.39647e+09 3.12545e+09 8.67271e+08 9.79614e+06 670653 33724.7 1280.08 42.28 1.22129
0.13282 3.74762 87.7116 1728.67 28819.6 613846 1.75658e+07 6.18584e+07 1.26609e+08 2.00271e+08 2.70083e+08 3.24225e+08 3.53709e+08 3.53709e+08 3.24225e+08 2.70083e+08 2.00271e+08 1.26609e+08 6.18584e+07 1.75658e+07 613846 28819.6 1728.67 87.7116 3.74762 0.13282
0.0108789 0.261057 5.189 92.8147 1636.2 30816.3 435072 1.46915e+06 2.99366e+06 4.73293e+06 6.38258e+06 7.66233e+06 8.35936e+06 8.35936e+06 7.66233e+06 6.38258e+06 4.73293e+06 2.99366e+06 1.46915e+06 435072 30816.3 1636.2 92.8147 5.189 0.261057 0.0108789
0.000753662 0.0161746 0.293242 4.98605 81.3968 1168.84 10844.8 34972.9 70804.6 111834 150796 181035 197508 197508 181035 150796 111834 70804.6 34972.9 10844.8 1168.84 81.3968 4.98605 0.293242 0.0161746 0.000753662
4.68947e-05 0.00092982 0.015676 0.245421 3.45036 38.589 270.666 833.349 1673.5 2639.46 3558.22 4271.7 4660.46 4660.46 4271.7 3558.22 2639.46 1673.5 833.349 270.666 38.589 3.45036 0.245421 0.015676 0.00092982 4.68947e-05
2.45926e-06 4.57646e-05 0.000716119 0.0101128 0.121836 1.11434 6.4392 18.9938 37.8025 59.5139 80.2026 96.2803 105.043 105.043 96.2803 80.2026 59.5139 37.8025 18.9938 6.4392 1.11434 0.121836 0.0101128 0.000716119 4.57646e-05 2.45926e-06
