1.36569e-05 0.000256094 0.0040572 0.0581668 0.710972 6.57556 38.2766 113.509 227.15 359.597 487.024 586.861 641.572 641.572 586.861 487.024 359.597 227.15 113.509 38.2766 6.57556 0.710972 0.0581668 0.0040572 0.000256094 1.3657e-05
0.0002597 0.00517149 0.0880607 1.40074 20.0485 227.488 1609.66 4983.53 10064.7 15965.8 21635.3 26075.5 28508.6 28508.6 26075.5 21635.3 15965.8 10064.7 4983.53 1609.66 227.488 20.0485 1.40074 0.0880607 0.00517149 0.0002597
0.00417809 0.0896487 1.63213 28.117 469.049 6874.59 64511.2 209245 426133 677117 917968 1.10655e+06 1.20989e+06 1.20989e+06 1.10655e+06 917968 677117 426133 209245 64511.2 6874.59 469.049 28.117 1.63213 0.0896487 0.00417809
0.0606825 1.45119 28.758 515.924 9277.06 180303 2.58815e+06 8.79236e+06 1.80261e+07 2.86775e+07 3.88911e+07 4.68876e+07 5.12695e+07 5.12695e+07 4.68876e+07 3.88911e+07 2.86775e+07 1.80261e+07 8.79236e+06 2.58815e+06 180303 9277.06 515.924 28.758 1.45119 0.0606825
0.748273 21.0378 489.432 9562.66 158982 3.53967e+06 1.04476e+08 3.70218e+08 7.62577e+08 1.21412e+09 1.64695e+09 1.98584e+09 2.17156e+09 2.17156e+09 1.98584e+09 1.64695e+09 1.21412e+09 7.62577e+08 3.70218e+08 1.04476e+08 3.53967e+06 158982 9562.66 489.432 21.0378 0.748273
6.95617 240.436 7254.75 189739 3.70118e+06 5.27702e+07 5.13041e+09 1.86118e+10 3.83362e+10 6.09861e+10 8.26836e+10 9.96676e+10 1.08974e+11 1.08974e+11 9.96676e+10 8.26836e+10 6.09861e+10 3.83362e+10 1.86118e+10 5.13041e+09 5.27702e+07 3.70118e+06 189739 7254.75 240.436 6.95617
40.6041 1707.58 68438.3 2.74588e+06 1.10856e+08 5.39985e+09 4.88784e+11 1.7048e+12 3.45623e+12 5.45213e+12 7.3554e+12 8.84111e+12 9.65401e+12 9.65401e+12 8.84111e+12 7.3554e+12 5.45213e+12 3.45623e+12 1.7048e+12 4.88784e+11 5.39985e+09 1.10856e+08 2.74588e+06 68438.3 1707.58 40.6041
120.475 5289.91 222135 9.33517e+06 3.93126e+08 1.96148e+10 1.71033e+12 5.9501e+12 1.20506e+13 1.89992e+13 2.56232e+13 3.07931e+13 3.36215e+13 3.36215e+13 3.07931e+13 2.56232e+13 1.89992e+13 1.20506e+13 5.9501e+12 1.71033e+12 1.96148e+10 3.93126e+08 9.33517e+06 222135 5289.91 120.475
241.031 10680.8 452265 1.91337e+07 8.09525e+08 4.03981e+10 3.47063e+12 1.20619e+13 2.44193e+13 3.84917e+13 5.19055e+13 6.23739e+13 6.8101e+13 6.8101e+13 6.23739e+13 5.19055e+13 3.84917e+13 2.44193e+13 1.20619e+13 3.47063e+12 4.03981e+10 8.09525e+08 1.91337e+07 452265 10680.8 241.031
381.363 16933.7 718226 3.04214e+07 1.28807e+09 6.42339e+10 5.47606e+12 1.90216e+13 3.85013e+13 6.06823e+13 8.18239e+13 9.83228e+13 1.07349e+14 1.07349e+14 9.83228e+13 8.18239e+13 6.06823e+13 3.85013e+13 1.90216e+13 5.47606e+12 6.42339e+10 1.28807e+09 3.04214e+07 718226 16933.7 381.363
516.19 22932.5 973073 4.12288e+07 1.74607e+09 8.70339e+10 7.38725e+12 2.56525e+13 5.19169e+13 8.18216e+13 1.10324e+14 1.32567e+14 1.44735e+14 1.44735e+14 1.32567e+14 1.10324e+14 8.18216e+13 5.19169e+13 2.56525e+13 7.38725e+12 8.70339e+10 1.74607e+09 4.12288e+07 973073 22932.5 516.19
621.691 27624.5 1.17235e+06 4.96784e+07 2.10416e+09 1.04857e+11 8.87816e+12 3.08246e+13 6.23804e+13 9.83089e+13 1.32552e+14 1.59275e+14 1.73894e+14 1.73894e+14 1.59275e+14 1.32552e+14 9.83089e+13 6.23804e+13 3.08246e+13 8.87816e+12 1.04857e+11 2.10416e+09 4.96784e+07 1.17235e+06 27624.5 621.691
679.455 30193.2 1.28144e+06 5.43043e+07 2.30021e+09 1.14613e+11 9.6935e+12 3.36529e+13 6.81021e+13 1.07325e+14 1.44707e+14 1.73879e+14 1.89838e+14 1.89838e+14 1.73879e+14 1.44707e+14 1.07325e+14 6.81021e+13 3.36529e+13 9.6935e+12 1.14613e+11 2.30021e+09 5.43043e+07 1.28144e+06 30193.2 679.455
679.455 30193.2 1.28144e+06 5.43043e+07 2.30021e+09 1.14613e+11 9.6935e+12 3.36529e+13 6.81021e+13 1.07325e+14 1.44707e+14 1.73879e+14 1.89838e+14 1.89838e+14 1.73879e+14 1.44707e+14 1.07325e+14 6.81021e+13 3.36529e+13 9.6935e+12 1.14613e+11 2.30021e+09 5.43043e+07 1.28144e+06 30193.2 679.455
621.691 27624.5 1.17235e+06 4.96784e+07 2.10416e+09 1.04857e+11 8.87816e+12 3.08246e+13 6.23804e+13 9.83089e+13 1.32552e+14 1.59275e+14 1.73894e+14 1.73894e+14 1.59275e+14 1.32552e+14 9.83089e+13 6.23804e+13 3.08246e+13 8.87816e+12 1.04857e+11 2.10416e+09 4.96784e+07 1.17235e+06 27624.5 621.691
516.19 22932.5 973073 4.12288e+07 1.74607e+09 8.70339e+10 7.38725e+12 2.56525e+13 5.19169e+13 8.18216e+13 1.10324e+14 1.32567e+14 1.44735e+14 1.44735e+14 1.32567e+14 1.10324e+14 8.18216e+13 5.19169e+13 2.56525e+13 7.38725e+12 8.70339e+10 1.74607e+09 4.12288e+07 973073 22932.5 516.19
381.363 16933.7 718226 3.04214e+07 1.28807e+09 6.42339e+10 5.47606e+12 1.90216e+13 3.85013e+13 6.06823e+13 8.18239e+13 9.83228e+13 1.07349e+14 1.07349e+14 9.83228e+13 8.18239e+13 6.06823e+13 3.85013e+13 1.90216e+13 5.47606e+12 6.42339e+10 1.28807e+09 3.04214e+07 718226 16933.7 381.363
241.031 10680.8 452265 1.91337e+07 8.09525e+08 4.03981e+10 3.47063e+12 1.20619e+13 2.44193e+13 3.84917e+13 5.19055e+13 6.23739e+13 6.8101e+13 6.8101e+13 6.23739e+13 5.19055e+13 3.84917e+13 2.44193e+13 1.20619e+13 3.47063e+12 4.03981e+10 8.09525e+08 1.91337e+07 452265 10680.8 241.031
120.475 5289.91 222135 9.33517e+06 3.93126e+08 1.96148e+10 1.71033e+12 5.9501e+12 1.20506e+13 1.89992e+13 2.56232e+13 3.07931e+13 3.36215e+13 3.36215e+13 3.07931e+13 2.56232e+13 1.89992e+13 1.20506e+13 5.9501e+12 1.71033e+12 1.96148e+10 3.93126e+08 9.33517e+06 222135 5289.91 120.475
40.6041 1707.58 68438.3 2.74588e+06 1.10856e+08 5.39985e+09 4.88784e+11 1.7048e+12 3.45623e+12 5.45213e+12 7.3554e+12 8.84111e+12 9.65401e+12 9.65401e+12 8.84111e+12 7.3554e+12 5.45213e+12 3.45623e+12 1.7048e+12 4.88784e+11 5.39985e+09 1.10856e+08 2.74588e+06 68438.3 1707.58 40.6041
6.95617 240.436 7254.75 189739 3.70118e+06 5.27702e+07 5.13041e+09 1.86118e+10 3.83362e+10 6.09861e+10 8.26836e+10 9.96676e+10 1.08974e+11 1.08974e+11 9.96676e+10 8.26836e+10 6.09861e+10 3.83362e+10 1.86118e+10 5.13041e+09 5.27702e+07 3.70118e+06 189739 7254.75 240.436 6.95617
0.748273 21.0378 489.432 9562.66 158982 3.53967e+06 1.04476e+08 3.70218e+08 7.62577e+08 1.21412e+09 1.64695e+09 1.98584e+09 2.17156e+09 2.17156e+09 1.98584e+09 1.64695e+09 1.21412e+09 7.62577e+08 3.70218e+08 1.04476e+08 3.53967e+06 158982 9562.66 489.432 21.0378 0.748273
0.0606825 1.45119 28.758 515.924 9277.06 180303 2.58815e+06 8.79236e+06 1.80261e+07 2.86775e+07 3.88911e+07 4.68876e+07 5.12695e+07 5.12695e+07 4.68876e+07 3.88911e+07 2.86775e+07 1.80261e+07 8.79236e+06 2.58815e+06 180303 9277.06 515.924 28.758 1.45119 0.0606825
0.00417809 0.0896487 1.63213 28.117 469.049 6874.59 64511.2 209245 426133 677117 917968 1.10655e+06 1.20989e+06 1.20989e+06 1.10655e+06 917968 677117 426133 209245 64511.2 6874.59 469.049 28.117 1.63213 0.0896487 0.00417809
0.0002597 0.00517149 0.0880607 1.40074 20.0485 227.488 1609.66 4983.53 10064.7 15965.8 21635.3 26075.5 28508.6 28508.6 26075.5 21635.3 15965.8 10064.7 4983.53 1609.66 227.488 20.0485 1.40074 0.0880607 0.00517149 0.0002597
1.36569e-05 0.000256094 0.0040572 0.0581668 0.710972 6.57556 38.2766 113.509 227.15 359.597 487.024 586.861 641.572 641.572 586.861 487.024 359.597 227.15 113.509 38.2766 6.57556 0.710972 0.0581668 0.0040572 0.000256094 1.3657e-05
