0.998961 18.7834 297.492 4253.15 51846.2 479371 2.7987e+06 8.3469e+06 1.67939e+07 2.66834e+07 3.62015e+07 4.36405e+07 4.77053e+07 4.77053e+07 4.36405e+07 3.62015e+07 2.66834e+07 1.67939e+07 8.3469e+06 2.7987e+06 479371 51846.2 4253.15 297.492 18.7834 0.998961
19.2057 384.522 6557.94 103931 1.4787e+06 1.67191e+07 1.18456e+08 3.68857e+08 7.49123e+08 1.19278e+09 1.61903e+09 1.95186e+09 2.13363e+09 2.13363e+09 1.95186e+09 1.61903e+09 1.19278e+09 7.49123e+08 3.68857e+08 1.18456e+08 1.67191e+07 1.4787e+06 103931 6557.94 384.522 19.2057
311.659 6747.57 123610 2.12616e+06 3.51308e+07 5.10101e+08 4.77896e+09 1.55926e+10 3.19425e+10 5.09509e+10 6.91845e+10 8.34104e+10 9.1176e+10 9.1176e+10 8.34104e+10 6.91845e+10 5.09509e+10 3.19425e+10 1.55926e+10 4.77896e+09 5.10101e+08 3.51308e+07 2.12616e+06 123610 6747.57 311.659
4545.22 109937 2.20473e+06 3.98223e+07 7.10141e+08 1.3534e+10 1.92852e+11 6.59231e+11 1.36006e+12 2.17231e+12 2.9505e+12 3.55721e+12 3.88825e+12 3.88825e+12 3.55721e+12 2.9505e+12 2.17231e+12 1.36006e+12 6.59231e+11 1.92852e+11 1.3534e+10 7.10141e+08 3.98223e+07 2.20473e+06 109937 4545.22
56079 1.59406e+06 3.75987e+07 7.46504e+08 1.25469e+10 2.70748e+11 7.81961e+12 2.78968e+13 5.78505e+13 9.24851e+13 1.25639e+14 1.51471e+14 1.65559e+14 1.65559e+14 1.51471e+14 1.25639e+14 9.24851e+13 5.78505e+13 2.78968e+13 7.81961e+12 2.70748e+11 1.25469e+10 7.46504e+08 3.75987e+07 1.59406e+06 56079
521038 1.81669e+07 5.54023e+08 1.46882e+10 2.93326e+11 4.30324e+12 3.86594e+14 1.4124e+15 2.93012e+15 4.68183e+15 6.35786e+15 7.66352e+15 8.37552e+15 8.37552e+15 7.66352e+15 6.35786e+15 4.68183e+15 2.93012e+15 1.4124e+15 3.86594e+14 4.30324e+12 2.93326e+11 1.46882e+10 5.54023e+08 1.81669e+07 521038
3.04368e+06 1.28822e+08 5.19706e+09 2.09723e+11 8.50377e+12 4.12985e+14 3.6833e+16 1.29358e+17 2.64177e+17 4.19073e+17 5.67349e+17 6.83174e+17 7.46508e+17 7.46508e+17 6.83174e+17 5.67349e+17 4.19073e+17 2.64177e+17 1.29358e+17 3.68331e+16 4.12985e+14 8.50377e+12 2.09723e+11 5.19706e+09 1.28822e+08 3.04368e+06
9.07338e+06 4.00953e+08 1.69491e+10 7.16579e+11 3.03236e+13 1.51055e+15 1.29869e+17 4.54765e+17 9.27496e+17 1.47023e+18 1.9896e+18 2.39526e+18 2.61708e+18 2.61708e+18 2.39526e+18 1.9896e+18 1.47023e+18 9.27496e+17 4.54765e+17 1.29869e+17 1.51055e+15 3.03236e+13 7.16579e+11 1.69491e+10 4.00953e+08 9.07338e+06
1.82405e+07 8.13626e+08 3.46918e+10 1.47709e+12 6.2827e+13 3.13259e+15 2.65497e+17 9.28488e+17 1.89229e+18 2.99805e+18 4.05569e+18 4.8815e+18 5.33297e+18 5.33297e+18 4.8815e+18 4.05569e+18 2.99805e+18 1.89229e+18 9.28488e+17 2.65497e+17 3.13259e+15 6.2827e+13 1.47709e+12 3.46918e+10 8.13626e+08 1.82405e+07
2.89532e+07 1.29417e+09 5.52781e+10 2.35667e+12 1.00329e+14 5.00096e+15 4.21192e+17 1.47194e+18 2.99836e+18 4.74849e+18 6.42153e+18 7.7273e+18 8.44097e+18 8.44097e+18 7.7273e+18 6.42153e+18 4.74849e+18 2.99836e+18 1.47194e+18 4.21192e+17 5.00096e+15 1.00329e+14 2.35667e+12 5.52781e+10 1.29417e+09 2.89532e+07
3.92422e+07 1.75485e+09 7.49812e+10 3.19741e+12 1.36141e+14 6.7843e+15 5.70012e+17 1.99126e+18 4.05481e+18 6.41951e+18 8.6789e+18 1.04416e+19 1.14047e+19 1.14047e+19 1.04416e+19 8.6789e+18 6.41951e+18 4.05481e+18 1.99126e+18 5.70012e+17 6.7843e+15 1.36141e+14 3.19741e+12 7.49812e+10 1.75485e+09 3.92422e+07
4.72685e+07 2.11386e+09 9.03218e+10 3.85148e+12 1.63981e+14 8.17035e+15 6.86075e+17 2.39626e+18 4.87846e+18 7.72177e+18 1.04374e+19 1.25554e+19 1.37124e+19 1.37124e+19 1.25554e+19 1.04374e+19 7.72177e+18 4.87846e+18 2.39626e+18 6.86075e+17 8.17035e+15 1.63981e+14 3.85148e+12 9.03218e+10 2.11386e+09 4.72685e+07
5.16483e+07 2.30966e+09 9.86838e+10 4.20781e+12 1.7914e+14 8.92493e+15 7.49462e+17 2.61746e+18 5.32824e+18 8.43272e+18 1.13972e+19 1.37088e+19 1.49715e+19 1.49715e+19 1.37088e+19 1.13972e+19 8.43272e+18 5.32824e+18 2.61746e+18 7.49462e+17 8.92493e+15 1.7914e+14 4.20781e+12 9.86838e+10 2.30966e+09 5.16483e+07
5.16483e+07 2.30966e+09 9.86838e+10 4.20781e+12 1.7914e+14 8.92493e+15 7.49462e+17 2.61746e+18 5.32824e+18 8.43272e+18 1.13972e+19 1.37088e+19 1.49715e+19 1.49715e+19 1.37088e+19 1.13972e+19 8.43272e+18 5.32824e+18 2.61746e+18 7.49462e+17 8.92493e+15 1.7914e+14 4.20781e+12 9.86838e+10 2.30966e+09 5.16483e+07
4.72685e+07 2.11386e+09 9.03218e+10 3.85148e+12 1.63981e+14 8.17035e+15 6.86075e+17 2.39626e+18 4.87846e+18 7.72177e+18 1.04374e+19 1.25554e+19 1.37124e+19 1.37124e+19 1.25554e+19 1.04374e+19 7.72177e+18 4.87846e+18 2.39626e+18 6.86075e+17 8.17035e+15 1.63981e+14 3.85148e+12 9.03218e+10 2.11386e+09 4.72685e+07
3.92422e+07 1.75485e+09 7.49812e+10 3.19741e+12 1.36141e+14 6.7843e+15 5.70012e+17 1.99126e+18 4.05481e+18 6.41951e+18 8.6789e+18 1.04416e+19 1.14047e+19 1.14047e+19 1.04416e+19 8.6789e+18 6.41951e+18 4.05481e+18 1.99126e+18 5.70012e+17 6.7843e+15 1.36141e+14 3.19741e+12 7.49812e+10 1.75485e+09 3.92422e+07
2.89532e+07 1.29417e+09 5.52781e+10 2.35667e+12 1.00329e+14 5.00096e+15 4.21192e+17 1.47194e+18 2.99836e+18 4.74849e+18 6.42153e+18 7.7273e+18 8.44097e+18 8.44097e+18 7.7273e+18 6.42153e+18 4.74849e+18 2.99836e+18 1.47194e+18 4.21192e+17 5.00096e+15 1.00329e+14 2.35667e+12 5.52781e+10 1.29417e+09 2.89532e+07
1.82405e+07 8.13626e+08 3.46918e+10 1.47709e+12 6.2827e+13 3.13259e+15 2.65497e+17 9.28488e+17 1.89229e+18 2.99805e+18 4.05569e+18 4.8815e+18 5.33297e+18 5.33297e+18 4.8815e+18 4.05569e+18 2.99805e+18 1.89228e+18 9.28488e+17 2.65497e+17 3.13259e+15 6.2827e+13 1.47709e+12 3.46918e+10 8.13626e+08 1.82405e+07
9.07338e+06 4.00953e+08 1.69491e+10 7.16579e+11 3.03236e+13 1.51055e+15 1.29869e+17 4.54765e+17 9.27496e+17 1.47023e+18 1.9896e+18 2.39526e+18 2.61708e+18 2.61708e+18 2.39526e+18 1.9896e+18 1.47023e+18 9.27496e+17 4.54765e+17 1.29869e+17 1.51055e+15 3.03236e+13 7.16579e+11 1.69491e+10 4.00953e+08 9.07338e+06
3.04368e+06 1.28822e+08 5.19706e+09 2.09723e+11 8.50377e+12 4.12985e+14 3.6833e+16 1.29358e+17 2.64177e+17 4.19073e+17 5.67349e+17 6.83174e+17 7.46508e+17 7.46508e+17 6.83174e+17 5.67349e+17 4.19073e+17 2.64177e+17 1.29358e+17 3.6833e+16 4.12985e+14 8.50377e+12 2.09723e+11 5.19706e+09 1.28822e+08 3.04368e+06
521038 1.81669e+07 5.54023e+08 1.46882e+10 2.93326e+11 4.30324e+12 3.86594e+14 1.4124e+15 2.93012e+15 4.68183e+15 6.35786e+15 7.66352e+15 8.37552e+15 8.37552e+15 7.66352e+15 6.35786e+15 4.68183e+15 2.93012e+15 1.4124e+15 3.86594e+14 4.30324e+12 2.93326e+11 1.46882e+10 5.54023e+08 1.81669e+07 521038
56079 1.59406e+06 3.75987e+07 7.46504e+08 1.25469e+10 2.70748e+11 7.81961e+12 2.78968e+13 5.78505e+13 9.24851e+13 1.25639e+14 1.51471e+14 1.65559e+14 1.65559e+14 1.51471e+14 1.25639e+14 9.24851e+13 5.78505e+13 2.78968e+13 7.81961e+12 2.70748e+11 1.25469e+10 7.46504e+08 3.75987e+07 1.59406e+06 56079
4545.22 109937 2.20473e+06 3.98223e+07 7.10141e+08 1.3534e+10 1.92852e+11 6.59231e+11 1.36006e+12 2.17231e+12 2.9505e+12 3.55721e+12 3.88825e+12 3.88825e+12 3.55721e+12 2.9505e+12 2.17231e+12 1.36006e+12 6.59231e+11 1.92852e+11 1.3534e+10 7.10141e+08 3.98223e+07 2.20473e+06 109937 4545.22
311.659 6747.57 123610 2.12616e+06 3.51308e+07 5.10101e+08 4.77896e+09 1.55926e+10 3.19425e+10 5.09509e+10 6.91845e+10 8.34104e+10 9.1176e+10 9.1176e+10 8.34104e+10 6.91845e+10 5.09509e+10 3.19425e+10 1.55926e+10 4.77896e+09 5.10101e+08 3.51308e+07 2.12616e+06 123610 6747.57 311.659
19.2057 384.522 6557.94 103931 1.4787e+06 1.67191e+07 1.18456e+08 3.68857e+08 7.49123e+08 1.19278e+09 1.61903e+09 1.95186e+09 2.13363e+09 2.13363e+09 1.95186e+09 1.61903e+09 1.19278e+09 7.49123e+08 3.68857e+08 1.18456e+08 1.67191e+07 1.4787e+06 103931 6557.94 384.522 19.2057
0.998961 18.7834 297.492 4253.15 51846.2 479371 2.7987e+06 8.3469e+06 1.67939e+07 2.66834e+07 3.62015e+07 4.36405e+07 4.77053e+07 4.77053e+07 4.36405e+07 3.62015e+07 2.66834e+07 1.67939e+07 8.3469e+06 2.7987e+06 479371 51846.2 4253.15 297.492 18.7834 0.998961
