3.80176e-06 7.1418e-05 0.00113472 0.0163249 0.200198 1.8563 10.8248 32.1496 64.4458 102.204 138.646 167.275 182.992 182.992 167.275 138.646 102.204 64.4458 32.1496 10.8248 1.8563 0.200198 0.0163249 0.00113472 7.1418e-05 3.80176e-06
7.22452e-05 0.00144008 0.0245791 0.392413 5.63962 64.2023 455.224 1411.59 2855.84 4538.63 6160.7 7434.63 8134 8134 7434.63 6160.7 4538.63 2855.84 1411.59 455.224 64.2023 5.63962 0.392413 0.0245791 0.00144008 7.22452e-05
0.00116256 0.0249428 0.454546 7.85462 131.688 1939.05 18243.5 59269.8 120924 192515 261452 315586 345307 345307 315586 261452 192515 120924 59269.8 18243.5 1939.05 131.688 7.85462 0.454546 0.0249428 0.00116256
0.0169098 0.404039 8.00072 143.633 2594.79 50794 731850 2.49041e+06 5.11547e+06 8.15439e+06 1.10788e+07 1.33754e+07 1.46365e+07 1.46365e+07 1.33754e+07 1.10788e+07 8.15439e+06 5.11547e+06 2.49041e+06 731850 50794 2594.79 143.633 8.00072 0.404039 0.0169098
0.209006 5.87095 136.384 2659.1 44178.5 993862 2.95387e+07 1.04855e+08 2.16404e+08 3.45256e+08 4.6923e+08 5.66604e+08 6.20079e+08 6.20079e+08 5.66604e+08 4.6923e+08 3.45256e+08 2.16404e+08 1.04855e+08 2.95387e+07 993862 44178.5 2659.1 136.384 5.87095 0.209006
1.94806 67.3034 2029.01 52972 1.02855e+06 1.45784e+07 1.44864e+09 5.26492e+09 1.08659e+10 1.73214e+10 2.35284e+10 2.8402e+10 3.10782e+10 3.10782e+10 2.8402e+10 2.35284e+10 1.73214e+10 1.08659e+10 5.26492e+09 1.44864e+09 1.45784e+07 1.02855e+06 52972 2029.01 67.3034 1.94806
11.3977 479.334 19210.6 770706 3.11109e+07 1.51736e+09 1.38012e+11 4.81876e+11 9.78113e+11 1.54492e+12 2.08666e+12 2.51036e+12 2.74249e+12 2.74249e+12 2.51036e+12 2.08666e+12 1.54492e+12 9.78113e+11 4.81876e+11 1.38012e+11 1.51736e+09 3.11109e+07 770706 19210.6 479.334 11.3977
33.8784 1487.7 62474.5 2.62547e+06 1.10559e+08 5.52228e+09 4.83361e+11 1.68321e+12 3.41287e+12 5.38728e+12 7.27362e+12 8.74857e+12 9.55651e+12 9.55651e+12 8.74857e+12 7.27362e+12 5.38728e+12 3.41287e+12 1.68321e+12 4.83361e+11 5.52228e+09 1.10559e+08 2.62547e+06 62474.5 1487.7 33.8784
67.9059 3009.57 127452 5.39239e+06 2.28152e+08 1.13971e+10 9.82038e+11 3.41609e+12 6.92346e+12 1.09262e+13 1.47498e+13 1.77392e+13 1.93767e+13 1.93767e+13 1.77392e+13 1.47498e+13 1.09262e+13 6.92346e+12 3.41609e+12 9.82038e+11 1.13971e+10 2.28152e+08 5.39239e+06 127452 3009.57 67.9059
107.646 4780.9 202817 8.59191e+06 3.63829e+08 1.81611e+10 1.55155e+12 5.39399e+12 1.09295e+13 1.72461e+13 2.32794e+13 2.79963e+13 3.05798e+13 3.05798e+13 2.79963e+13 2.32794e+13 1.72461e+13 1.09295e+13 5.39399e+12 1.55155e+12 1.81611e+10 3.63829e+08 8.59191e+06 202817 4780.9 107.646
145.956 6486.18 275296 1.16669e+07 4.94194e+08 2.46563e+10 2.09564e+12 7.28291e+12 1.47549e+13 2.32804e+13 3.14232e+13 3.7789e+13 4.12757e+13 4.12757e+13 3.7789e+13 3.14232e+13 2.32804e+13 1.47549e+13 7.28291e+12 2.09564e+12 2.46563e+10 4.94194e+08 1.16669e+07 275296 6486.18 145.956
176.018 7823.94 332145 1.40787e+07 5.96459e+08 2.97503e+10 2.52097e+12 8.75918e+12 1.77443e+13 2.79958e+13 3.77869e+13 4.54412e+13 4.96335e+13 4.96335e+13 4.54412e+13 3.77869e+13 2.79958e+13 1.77443e+13 8.75918e+12 2.52097e+12 2.97503e+10 5.96459e+08 1.40787e+07 332145 7823.94 176.018
192.509 8557.76 363331 1.54019e+07 6.52572e+08 3.2545e+10 2.75389e+12 9.56755e+12 1.93812e+13 3.05777e+13 4.12712e+13 4.96309e+13 5.42095e+13 5.42095e+13 4.96309e+13 4.12712e+13 3.05777e+13 1.93812e+13 9.56755e+12 2.75389e+12 3.2545e+10 6.52572e+08 1.54019e+07 363331 8557.76 192.509
192.509 8557.76 363331 1.54019e+07 6.52572e+08 3.2545e+10 2.75389e+12 9.56755e+12 1.93812e+13 3.05777e+13 4.12712e+13 4.96309e+13 5.42095e+13 5.42095e+13 4.96309e+13 4.12712e+13 3.05777e+13 1.93812e+13 9.56755e+12 2.75389e+12 3.2545e+10 6.52572e+08 1.54019e+07 363331 8557.76 192.509
176.018 7823.94 332145 1.40787e+07 5.96459e+08 2.97503e+10 2.52097e+12 8.75918e+12 1.77443e+13 2.79958e+13 3.77869e+13 4.54412e+13 4.96335e+13 4.96335e+13 4.54412e+13 3.77869e+13 2.79958e+13 1.77443e+13 8.75918e+12 2.52097e+12 2.97503e+10 5.96459e+08 1.40787e+07 332145 7823.94 176.018
145.956 6486.18 275296 1.16669e+07 4.94194e+08 2.46563e+10 2.09564e+12 7.28291e+12 1.47549e+13 2.32804e+13 3.14232e+13 3.7789e+13 4.12757e+13 4.12757e+13 3.7789e+13 3.14232e+13 2.32804e+13 1.47549e+13 7.28291e+12 2.09564e+12 2.46563e+10 4.94194e+08 1.16669e+07 275296 6486.18 145.956
107.646 4780.9 202817 8.59191e+06 3.63829e+08 1.81611e+10 1.55155e+12 5.39399e+12 1.09295e+13 1.72461e+13 2.32794e+13 2.79963e+13 3.05798e+13 3.05798e+13 2.79963e+13 2.32794e+13 1.72461e+13 1.09295e+13 5.39399e+12 1.55155e+12 1.81611e+10 3.63829e+08 8.59191e+06 202817 4780.9 107.646
67.9059 3009.57 127452 5.39239e+06 2.28152e+08 1.13971e+10 9.82038e+11 3.41609e+12 6.92346e+12 1.09262e+13 1.47498e+13 1.77392e+13 1.93767e+13 1.93767e+13 1.77392e+13 1.47498e+13 1.09262e+13 6.92346e+12 3.41609e+12 9.82038e+11 1.13971e+10 2.28152e+08 5.39239e+06 127452 3009.57 67.9059
33.8784 1487.7 62474.5 2.62547e+06 1.10559e+08 5.52228e+09 4.83361e+11 1.68321e+12 3.41287e+12 5.38728e+12 7.27362e+12 8.74857e+12 9.55651e+12 9.55651e+12 8.74857e+12 7.27362e+12 5.38728e+12 3.41287e+12 1.68321e+12 4.83361e+11 5.52228e+09 1.10559e+08 2.62547e+06 62474.5 1487.7 33.8784
11.3977 479.334 19210.6 770706 3.11109e+07 1.51736e+09 1.38012e+11 4.81876e+11 9.78113e+11 1.54492e+12 2.08666e+12 2.51036e+12 2.74249e+12 2.74249e+12 2.51036e+12 2.08666e+12 1.54492e+12 9.78113e+11 4.81876e+11 1.38012e+11 1.51736e+09 3.11109e+07 770706 19210.6 479.334 11.3977
1.94806 67.3034 2029.01 52972 1.02855e+06 1.45784e+07 1.44864e+09 5.26492e+09 1.08659e+10 1.73214e+10 2.35284e+10 2.8402e+10 3.10782e+10 3.10782e+10 2.8402e+10 2.35284e+10 1.73214e+10 1.08659e+10 5.26492e+09 1.44864e+09 1.45784e+07 1.02855e+06 52972 2029.01 67.3034 1.94806
0.209006 5.87095 136.384 2659.1 44178.5 993862 2.95387e+07 1.04855e+08 2.16404e+08 3.45256e+08 4.6923e+08 5.66604e+08 6.20079e+08 6.20079e+08 5.66604e+08 4.6923e+08 3.45256e+08 2.16404e+08 1.04855e+08 2.95387e+07 993862 44178.5 2659.1 136.384 5.87095 0.209006
0.0169098 0.404039 8.00072 143.633 2594.79 50794 731850 2.49041e+06 5.11547e+06 8.15439e+06 1.10788e+07 1.33754e+07 1.46365e+07 1.46365e+07 1.33754e+07 1.10788e+07 8.15439e+06 5.11547e+06 2.49041e+06 731850 50794 2594.79 143.633 8.00072 0.404039 0.0169098
0.00116256 0.0249428 0.454546 7.85462 131.688 1939.05 18243.5 59269.8 120924 192515 261452 315586 345307 345307 315586 261452 192515 120924 59269.8 18243.5 1939.05 131.688 7.85462 0.454546 0.0249428 0.00116256
7.22452e-05 0.00144008 0.0245791 0.392413 5.63962 64.2023 455.224 1411.59 2855.84 4538.63 6160.7 7434.63 8134 8134 7434.63 6160.7 4538.63 2855.84 1411.59 455.224 64.2023 5.63962 0.392413 0.0245791 0.00144008 7.22452e-05
3.80176e-06 7.1418e-05 0.00113472 0.0163249 0.200198 1.8563 10.8248 32.1496 64.4458 102.204 138.646 167.275 182.992 182.992 167.275 138.646 102.204 64.4458 32.1496 10.8248 1.8563 0.200198 0.0163249 0.00113472 7.1418e-05 3.80176e-06
