0.00361984 0.0679317 1.07201 15.2603 185.278 1707.57 9946.22 29621.5 59583.2 94763.2 128795 155547 170230 170230 155547 128795 94763.2 59583.2 29621.5 9946.22 1707.57 185.278 15.2603 1.07201 0.0679317 0.00361984
0.069587 1.39261 23.6869 373.865 5296.71 59680.4 421831 1.31183e+06 2.6641e+06 4.24718e+06 5.77679e+06 6.97878e+06 7.63847e+06 7.63847e+06 6.97878e+06 5.77679e+06 4.24718e+06 2.6641e+06 1.31183e+06 421831 59680.4 5296.71 373.865 23.6869 1.39261 0.069587
1.12745 24.4304 446.824 7657.36 125933 1.82111e+06 1.70165e+07 5.54512e+07 1.13604e+08 1.81471e+08 2.46982e+08 2.98449e+08 3.26694e+08 3.26694e+08 2.98449e+08 2.46982e+08 1.81471e+08 1.13604e+08 5.54512e+07 1.70165e+07 1.82111e+06 125933 7657.36 446.824 24.4304 1.12745
16.4006 397.364 7964.96 143490 2.54659e+06 4.82771e+07 6.85806e+08 2.34127e+09 4.83087e+09 7.72839e+09 1.05235e+10 1.27191e+10 1.3924e+10 1.3924e+10 1.27191e+10 1.05235e+10 7.72839e+09 4.83087e+09 2.34127e+09 6.85806e+08 4.82771e+07 2.54659e+06 143490 7964.96 397.364 16.4006
201.752 5746.79 135569 2.68858e+06 4.50586e+07 9.65282e+08 2.77617e+10 9.89e+10 2.05116e+11 3.28489e+11 4.47467e+11 5.40922e+11 5.92206e+11 5.92206e+11 5.40922e+11 4.47467e+11 3.28489e+11 2.05116e+11 9.89e+10 2.77617e+10 9.65282e+08 4.50586e+07 2.68858e+06 135569 5746.79 201.752
1869.23 65309.9 1.99199e+06 5.27685e+07 1.05332e+09 1.5424e+10 1.37151e+12 5.00169e+12 1.03745e+13 1.6602e+13 2.26035e+13 2.7316e+13 2.99017e+13 2.99017e+13 2.7316e+13 2.26035e+13 1.6602e+13 1.03745e+13 5.00169e+12 1.37151e+12 1.5424e+10 1.05332e+09 5.27685e+07 1.99199e+06 65309.9 1869.23
10894.4 462008 1.8636e+07 7.5103e+08 3.04006e+10 1.47303e+12 1.30796e+14 4.58318e+14 9.34575e+14 1.48187e+15 2.00695e+15 2.41837e+15 2.64392e+15 2.64392e+15 2.41837e+15 2.00695e+15 1.48187e+15 9.34575e+14 4.58318e+14 1.30796e+14 1.47303e+12 3.04006e+10 7.5103e+08 1.8636e+07 462008 10894.4
32435.4 1.43634e+06 6.07101e+07 2.56314e+09 1.08266e+11 5.37966e+12 4.60351e+14 1.60856e+15 3.27605e+15 5.19097e+15 7.02745e+15 8.46619e+15 9.25488e+15 9.25488e+15 8.46619e+15 7.02745e+15 5.19097e+15 3.27605e+15 1.60856e+15 4.60351e+14 5.37966e+12 1.08266e+11 2.56314e+09 6.07101e+07 1.43634e+06 32435.4
65207.5 2.91535e+06 1.24307e+08 5.28562e+09 2.24408e+11 1.11587e+13 9.40121e+14 3.28099e+15 6.67855e+15 1.05789e+16 1.43187e+16 1.72483e+16 1.88541e+16 1.88541e+16 1.72483e+16 1.43187e+16 1.05789e+16 6.67855e+15 3.28099e+15 9.40121e+14 1.11587e+13 2.24408e+11 5.28562e+09 1.24307e+08 2.91535e+06 65207.5
103641 4.64463e+06 1.98434e+08 8.45e+09 3.59129e+11 1.78498e+13 1.49151e+15 5.20185e+15 1.05851e+16 1.67636e+16 2.26869e+16 2.73265e+16 2.98696e+16 2.98696e+16 2.73265e+16 2.26869e+16 1.67636e+16 1.05851e+16 5.20185e+15 1.49151e+15 1.78498e+13 3.59129e+11 8.45e+09 1.98434e+08 4.64463e+06 103641
140772 6.31328e+06 2.69887e+08 1.14981e+10 4.88854e+11 2.42894e+13 2.02027e+15 7.04332e+15 1.43296e+16 2.26908e+16 3.07058e+16 3.69833e+16 4.0424e+16 4.0424e+16 3.69833e+16 3.07058e+16 2.26908e+16 1.43296e+16 7.04332e+15 2.02027e+15 2.42894e+13 4.88854e+11 1.14981e+10 2.69887e+08 6.31328e+06 140772
169926 7.62292e+06 3.25952e+08 1.38894e+10 5.90614e+11 2.93395e+13 2.43434e+15 8.48515e+15 1.72612e+16 2.73309e+16 3.6983e+16 4.45422e+16 4.86854e+16 4.86854e+16 4.45422e+16 3.6983e+16 2.73309e+16 1.72612e+16 8.48515e+15 2.43434e+15 2.93395e+13 5.90614e+11 1.38894e+10 3.25952e+08 7.62292e+06 169926
185914 8.34109e+06 3.56693e+08 1.52004e+10 6.46403e+11 3.21078e+13 2.66122e+15 9.27517e+15 1.88674e+16 2.98732e+16 4.0422e+16 4.86834e+16 5.32114e+16 5.32114e+16 4.86834e+16 4.0422e+16 2.98732e+16 1.88674e+16 9.27517e+15 2.66122e+15 3.21078e+13 6.46403e+11 1.52004e+10 3.56693e+08 8.34109e+06 185914
185914 8.34109e+06 3.56693e+08 1.52004e+10 6.46403e+11 3.21078e+13 2.66122e+15 9.27517e+15 1.88674e+16 2.98732e+16 4.0422e+16 4.86834e+16 5.32114e+16 5.32114e+16 4.86834e+16 4.0422e+16 2.98732e+16 1.88674e+16 9.27517e+15 2.66122e+15 3.21078e+13 6.46403e+11 1.52004e+10 3.56693e+08 8.34109e+06 185914
169926 7.62292e+06 3.25952e+08 1.38894e+10 5.90614e+11 2.93395e+13 2.43434e+15 8.48515e+15 1.72612e+16 2.73309e+16 3.6983e+16 4.45422e+16 4.86854e+16 4.86854e+16 4.45422e+16 3.6983e+16 2.73309e+16 1.72612e+16 8.48515e+15 2.43434e+15 2.93395e+13 5.90614e+11 1.38894e+10 3.25952e+08 7.62292e+06 169926
140772 6.31328e+06 2.69887e+08 1.14981e+10 4.88854e+11 2.42894e+13 2.02027e+15 7.04332e+15 1.43296e+16 2.26908e+16 3.07058e+16 3.69833e+16 4.0424e+16 4.0424e+16 3.69833e+16 3.07058e+16 2.26908e+16 1.43296e+16 7.04332e+15 2.02027e+15 2.42894e+13 4.88854e+11 1.14981e+10 2.69887e+08 6.31328e+06 140772
103641 4.64463e+06 1.98434e+08 8.45e+09 3.59129e+11 1.78498e+13 1.49151e+15 5.20185e+15 1.05851e+16 1.67636e+16 2.26869e+16 2.73265e+16 2.98696e+16 2.98696e+16 2.73265e+16 2.26869e+16 1.67636e+16 1.05851e+16 5.20185e+15 1.49151e+15 1.78498e+13 3.59129e+11 8.45e+09 1.98434e+08 4.64463e+06 103641
65207.5 2.91535e+06 1.24307e+08 5.28562e+09 2.24408e+11 1.11587e+13 9.40121e+14 3.28099e+15 6.67855e+15 1.05789e+16 1.43187e+16 1.72483e+16 1.88541e+16 1.88541e+16 1.72483e+16 1.43187e+16 1.05789e+16 6.67855e+15 3.28099e+15 9.40121e+14 1.11587e+13 2.24408e+11 5.28562e+09 1.24307e+08 2.91535e+06 65207.5
32435.4 1.43634e+06 6.07101e+07 2.56314e+09 1.08266e+11 5.37966e+12 4.60351e+14 1.60856e+15 3.27605e+15 5.19097e+15 7.02745e+15 8.46619e+15 9.25488e+15 9.25488e+15 8.46619e+15 7.02745e+15 5.19097e+15 3.27605e+15 1.60856e+15 4.60351e+14 5.37966e+12 1.08266e+11 2.56314e+09 6.07101e+07 1.43634e+06 32435.4
10894.4 462008 1.8636e+07 7.5103e+08 3.04006e+10 1.47303e+12 1.30796e+14 4.58318e+14 9.34575e+14 1.48187e+15 2.00695e+15 2.41837e+15 2.64392e+15 2.64392e+15 2.41837e+15 2.00695e+15 1.48187e+15 9.34575e+14 4.58318e+14 1.30796e+14 1.47303e+12 3.04006e+10 7.5103e+08 1.8636e+07 462008 10894.4
1869.23 65309.9 1.99199e+06 5.27685e+07 1.05332e+09 1.5424e+10 1.37151e+12 5.00169e+12 1.03745e+13 1.6602e+13 2.26035e+13 2.7316e+13 2.99017e+13 2.99017e+13 2.7316e+13 2.26035e+13 1.6602e+13 1.03745e+13 5.00169e+12 1.37151e+12 1.5424e+10 1.05332e+09 5.27685e+07 1.99199e+06 65309.9 1869.23
201.752 5746.79 135569 2.68858e+06 4.50586e+07 9.65282e+08 2.77617e+10 9.89e+10 2.05116e+11 3.28489e+11 4.47467e+11 5.40922e+11 5.92206e+11 5.92206e+11 5.40922e+11 4.47467e+11 3.28489e+11 2.05116e+11 9.89e+10 2.77617e+10 9.65282e+08 4.50586e+07 2.68858e+06 135569 5746.79 201.752
16.4006 397.364 7964.96 143490 2.54659e+06 4.82771e+07 6.85806e+08 2.34127e+09 4.83087e+09 7.72839e+09 1.05235e+10 1.27191e+10 1.3924e+10 1.3924e+10 1.27191e+10 1.05235e+10 7.72839e+09 4.83087e+09 2.34127e+09 6.85806e+08 4.82771e+07 2.54659e+06 143490 7964.96 397.364 16.4006
1.12745 24.4304 446.824 7657.36 125933 1.82111e+06 1.70165e+07 5.54512e+07 1.13604e+08 1.81471e+08 2.46982e+08 2.98449e+08 3.26694e+08 3.26694e+08 2.98449e+08 2.46982e+08 1.81471e+08 1.13604e+08 5.54512e+07 1.70165e+07 1.82111e+06 125933 7657.36 446.824 24.4304 1.12745
0.069587 1.39261 23.6869 373.865 5296.71 59680.4 421831 1.31183e+06 2.6641e+06 4.24718e+06 5.77679e+06 6.97878e+06 7.63847e+06 7.63847e+06 6.97878e+06 5.77679e+06 4.24718e+06 2.6641e+06 1.31183e+06 421831 59680.4 5296.71 373.865 23.6869 1.39261 0.069587
0.00361984 0.0679317 1.07201 15.2603 185.278 1707.57 9946.22 29621.5 59583.2 94763.2 128795 155547 170230 170230 155547 128795 94763.2 59583.2 29621.5 9946.22 1707.57 185.278 15.2603 1.07201 0.0679317 0.00361984
