0.0366541 0.679481 10.5576 147.725 1763.89 16027.4 92299.6 272024 541209 851777 1.14748e+06 1.37709e+06 1.50216e+06 1.50216e+06 1.37709e+06 1.14748e+06 851777 541209 272024 92299.6 16027.4 1763.89 147.725 10.5576 0.679481 0.0366541
0.7013 13.8836 232.817 3609.74 50167.4 555927 3.88098e+06 1.19367e+07 2.39604e+07 3.77749e+07 5.09017e+07 6.10854e+07 6.66304e+07 6.66304e+07 6.10854e+07 5.09017e+07 3.77749e+07 2.39604e+07 1.19367e+07 3.88098e+06 555927 50167.4 3609.74 232.817 13.8836 0.7013
11.2812 242.469 4389.91 74075.4 1.19227e+06 1.6885e+07 1.55575e+08 5.01107e+08 1.01399e+09 1.60075e+09 2.15731e+09 2.58876e+09 2.82361e+09 2.82361e+09 2.58876e+09 2.15731e+09 1.60075e+09 1.01399e+09 5.01107e+08 1.55575e+08 1.6885e+07 1.19227e+06 74075.4 4389.91 242.469 11.2812
162.413 3911.51 78022.5 1.39477e+06 2.42811e+07 4.47375e+08 6.24464e+09 2.10589e+10 4.28859e+10 6.77615e+10 9.13238e+10 1.0958e+11 1.19514e+11 1.19514e+11 1.0958e+11 9.13238e+10 6.77615e+10 4.28859e+10 2.10589e+10 6.24464e+09 4.47375e+08 2.42811e+07 1.39477e+06 78022.5 3911.51 162.413
1972.38 55852.8 1.31437e+06 2.60953e+07 4.3649e+08 9.01752e+09 2.52237e+11 8.87013e+11 1.81433e+12 2.86798e+12 3.86506e+12 4.63725e+12 5.05735e+12 5.05735e+12 4.63725e+12 3.86506e+12 2.86798e+12 1.81433e+12 8.87013e+11 2.52237e+11 9.01752e+09 4.3649e+08 2.60953e+07 1.31437e+06 55852.8 1972.38
18026.5 625315 1.8997e+07 5.03608e+08 1.01609e+10 1.51047e+11 1.25051e+13 4.49888e+13 9.20037e+13 1.45306e+14 1.9572e+14 2.34757e+14 2.55995e+14 2.55995e+14 2.34757e+14 1.9572e+14 1.45306e+14 9.20037e+13 4.49888e+13 1.25051e+13 1.51047e+11 1.01609e+10 5.03608e+08 1.8997e+07 625315 18026.5
103723 4.36073e+06 1.74783e+08 7.01474e+09 2.83305e+11 1.36527e+13 1.19059e+15 4.13311e+15 8.34173e+15 1.3099e+16 1.75988e+16 2.10876e+16 2.29878e+16 2.29878e+16 2.10876e+16 1.75988e+16 1.3099e+16 8.34173e+15 4.13311e+15 1.19059e+15 1.36527e+13 2.83305e+11 7.01474e+09 1.74783e+08 4.36073e+06 103723
305394 1.33984e+07 5.62356e+08 2.36282e+10 9.95041e+11 4.91805e+13 4.15288e+15 1.43837e+16 2.90048e+16 4.5527e+16 6.1154e+16 7.32698e+16 7.98691e+16 7.98691e+16 7.32698e+16 6.1154e+16 4.5527e+16 2.90048e+16 1.43837e+16 4.15288e+15 4.91805e+13 9.95041e+11 2.36282e+10 5.62356e+08 1.33984e+07 305394
607076 2.68706e+07 1.13689e+09 4.80737e+10 2.03337e+12 1.00553e+14 8.39233e+15 2.90423e+16 5.85437e+16 9.18746e+16 1.23397e+17 1.47835e+17 1.61146e+17 1.61146e+17 1.47835e+17 1.23397e+17 9.18746e+16 5.85437e+16 2.90423e+16 8.39233e+15 1.00553e+14 2.03337e+12 4.80737e+10 1.13689e+09 2.68706e+07 607076
954662 4.23276e+07 1.79324e+09 7.58916e+10 3.21133e+12 1.58713e+14 1.31817e+16 4.55982e+16 9.18999e+16 1.44205e+17 1.93668e+17 2.32013e+17 2.52899e+17 2.52899e+17 2.32013e+17 1.93668e+17 1.44205e+17 9.18999e+16 4.55982e+16 1.31817e+16 1.58713e+14 3.21133e+12 7.58916e+10 1.79324e+09 4.23276e+07 954662
1.28516e+06 5.69941e+07 2.41487e+09 1.022e+11 4.32425e+12 2.13633e+14 1.77074e+16 6.12421e+16 1.23417e+17 1.93646e+17 2.60054e+17 3.11534e+17 3.39573e+17 3.39573e+17 3.11534e+17 2.60054e+17 1.93646e+17 1.23417e+17 6.12421e+16 1.77074e+16 2.13633e+14 4.32425e+12 1.022e+11 2.41487e+09 5.69941e+07 1.28516e+06
1.54147e+06 6.83581e+07 2.89615e+09 1.22556e+11 5.18495e+12 2.56098e+14 2.12126e+16 7.33591e+16 1.47827e+17 2.31937e+17 3.11468e+17 3.73118e+17 4.06695e+17 4.06695e+17 3.73118e+17 3.11468e+17 2.31937e+17 1.47827e+17 7.33591e+16 2.12126e+16 2.56098e+14 5.18495e+12 1.22556e+11 2.89615e+09 6.83581e+07 1.54147e+06
1.68097e+06 7.45404e+07 3.15789e+09 1.33623e+11 5.65276e+12 2.79177e+14 2.31204e+16 7.99544e+16 1.61114e+17 2.52779e+17 3.39451e+17 4.06636e+17 4.43227e+17 4.43227e+17 4.06636e+17 3.39451e+17 2.52779e+17 1.61114e+17 7.99544e+16 2.31204e+16 2.79177e+14 5.65276e+12 1.33623e+11 3.15789e+09 7.45404e+07 1.68097e+06
1.68097e+06 7.45404e+07 3.15789e+09 1.33623e+11 5.65276e+12 2.79177e+14 2.31204e+16 7.99544e+16 1.61114e+17 2.52779e+17 3.39451e+17 4.06636e+17 4.43227e+17 4.43227e+17 4.06636e+17 3.39451e+17 2.52779e+17 1.61114e+17 7.99544e+16 2.31204e+16 2.79177e+14 5.65276e+12 1.33623e+11 3.15789e+09 7.45404e+07 1.68097e+06
1.54147e+06 6.83581e+07 2.89615e+09 1.22556e+11 5.18495e+12 2.56098e+14 2.12126e+16 7.33591e+16 1.47827e+17 2.31937e+17 3.11468e+17 3.73118e+17 4.06695e+17 4.06695e+17 3.73118e+17 3.11468e+17 2.31937e+17 1.47827e+17 7.33591e+16 2.12126e+16 2.56098e+14 5.18495e+12 1.22556e+11 2.89615e+09 6.83581e+07 1.54147e+06
1.28516e+06 5.69941e+07 2.41487e+09 1.022e+11 4.32425e+12 2.13633e+14 1.77074e+16 6.12421e+16 1.23417e+17 1.93646e+17 2.60054e+17 3.11534e+17 3.39573e+17 3.39573e+17 3.11534e+17 2.60054e+17 1.93646e+17 1.23417e+17 6.12421e+16 1.77074e+16 2.13633e+14 4.32425e+12 1.022e+11 2.41487e+09 5.69941e+07 1.28516e+06
954662 4.23276e+07 1.79324e+09 7.58916e+10 3.21133e+12 1.58713e+14 1.31817e+16 4.55982e+16 9.18999e+16 1.44205e+17 1.93668e+17 2.32013e+17 2.52899e+17 2.52899e+17 2.32013e+17 1.93668e+17 1.44205e+17 9.18999e+16 4.55982e+16 1.31817e+16 1.58713e+14 3.21133e+12 7.58916e+10 1.79324e+09 4.23276e+07 954662
607076 2.68706e+07 1.13689e+09 4.80737e+10 2.03337e+12 1.00553e+14 8.39233e+15 2.90423e+16 5.85437e+16 9.18746e+16 1.23397e+17 1.47835e+17 1.61146e+17 1.61146e+17 1.47835e+17 1.23397e+17 9.18746e+16 5.85437e+16 2.90423e+16 8.39233e+15 1.00553e+14 2.03337e+12 4.80737e+10 1.13689e+09 2.68706e+07 607076
305394 1.33984e+07 5.62356e+08 2.36282e+10 9.95041e+11 4.91805e+13 4.15288e+15 1.43837e+16 2.90048e+16 4.5527e+16 6.1154e+16 7.32698e+16 7.98691e+16 7.98691e+16 7.32698e+16 6.1154e+16 4.5527e+16 2.90048e+16 1.43837e+16 4.15288e+15 4.91805e+13 9.95041e+11 2.36282e+10 5.62356e+08 1.33984e+07 305394
103723 4.36073e+06 1.74783e+08 7.01474e+09 2.83305e+11 1.36527e+13 1.19059e+15 4.13311e+15 8.34173e+15 1.3099e+16 1.75988e+16 2.10876e+16 2.29878e+16 2.29878e+16 2.10876e+16 1.75988e+16 1.3099e+16 8.34173e+15 4.13311e+15 1.19059e+15 1.36527e+13 2.83305e+11 7.01474e+09 1.74783e+08 4.36073e+06 103723
18026.5 625315 1.8997e+07 5.03608e+08 1.01609e+10 1.51047e+11 1.25051e+13 4.49888e+13 9.20037e+13 1.45306e+14 1.9572e+14 2.34757e+14 2.55995e+14 2.55995e+14 2.34757e+14 1.9572e+14 1.45306e+14 9.20037e+13 4.49888e+13 1.25051e+13 1.51047e+11 1.01609e+10 5.03608e+08 1.8997e+07 625315 18026.5
1972.38 55852.8 1.31437e+06 2.60953e+07 4.3649e+08 9.01752e+09 2.52237e+11 8.87013e+11 1.81433e+12 2.86798e+12 3.86506e+12 4.63725e+12 5.05735e+12 5.05735e+12 4.63725e+12 3.86506e+12 2.86798e+12 1.81433e+12 8.87013e+11 2.52237e+11 9.01752e+09 4.3649e+08 2.60953e+07 1.31437e+06 55852.8 1972.38
162.413 3911.51 78022.5 1.39477e+06 2.42811e+07 4.47375e+08 6.24464e+09 2.10589e+10 4.28859e+10 6.77615e+10 9.13238e+10 1.0958e+11 1.19514e+11 1.19514e+11 1.0958e+11 9.13238e+10 6.77615e+10 4.28859e+10 2.10589e+10 6.24464e+09 4.47375e+08 2.42811e+07 1.39477e+06 78022.5 3911.51 162.413
11.2812 242.469 4389.91 74075.4 1.19227e+06 1.6885e+07 1.55575e+08 5.01107e+08 1.01399e+09 1.60075e+09 2.15731e+09 2.58876e+09 2.82361e+09 2.82361e+09 2.58876e+09 2.15731e+09 1.60075e+09 1.01399e+09 5.01107e+08 1.55575e+08 1.6885e+07 1.19227e+06 74075.4 4389.91 242.469 11.2812
0.701301 13.8836 232.817 3609.74 50167.4 555927 3.88098e+06 1.19367e+07 2.39604e+07 3.77749e+07 5.09017e+07 6.10854e+07 6.66304e+07 6.66304e+07 6.10854e+07 5.09017e+07 3.77749e+07 2.39604e+07 1.19367e+07 3.88098e+06 555927 50167.4 3609.74 232.817 13.8836 0.7013
0.0366541 0.679481 10.5576 147.725 1763.89 16027.4 92299.6 272024 541209 851777 1.14748e+06 1.37709e+06 1.50216e+06 1.50216e+06 1.37709e+06 1.14748e+06 851777 541209 272024 92299.6 16027.4 1763.89 147.725 10.5576 0.679481 0.0366541
