7.65734 142.136 2206.93 30798.8 366558 3.32243e+06 1.91033e+07 5.61642e+07 1.1122e+08 1.73867e+08 2.32474e+08 2.77191e+08 3.01236e+08 3.01236e+08 2.77191e+08 2.32474e+08 1.73867e+08 1.1122e+08 5.61642e+07 1.91033e+07 3.32243e+06 366558 30798.8 2206.93 142.136 7.65733
147.219 2923.31 49059.3 758689 1.04949e+07 1.15821e+08 8.06725e+08 2.47509e+09 4.94414e+09 7.7396e+09 1.03464e+10 1.23314e+10 1.33974e+10 1.33974e+10 1.23314e+10 1.03464e+10 7.7396e+09 4.94414e+09 2.47509e+09 8.06725e+08 1.15821e+08 1.04949e+07 758689 49059.3 2923.31 147.219
2375.91 51326.6 932627 1.57258e+07 2.51614e+08 3.53826e+09 3.24819e+10 1.04361e+11 2.10117e+11 3.29234e+11 4.3997e+11 5.24114e+11 5.69244e+11 5.69244e+11 5.24114e+11 4.3997e+11 3.29234e+11 2.10117e+11 1.04361e+11 3.24819e+10 3.53826e+09 2.51614e+08 1.57258e+07 932627 51326.6 2375.91
34229.9 829696 1.6662e+07 2.99107e+08 5.18592e+09 9.4408e+10 1.30912e+12 4.40374e+12 8.92184e+12 1.39862e+13 1.86811e+13 2.22416e+13 2.41487e+13 2.41487e+13 2.22416e+13 1.86811e+13 1.39862e+13 8.92184e+12 4.40374e+12 1.30912e+12 9.4408e+10 5.18592e+09 2.99107e+08 1.6662e+07 829696 34229.9
415123 1.183e+07 2.80569e+08 5.6212e+09 9.46633e+10 1.92452e+12 5.30618e+13 1.86149e+14 3.78739e+14 5.93735e+14 7.92566e+14 9.43063e+14 1.02357e+15 1.02357e+15 9.43063e+14 7.92566e+14 5.93735e+14 3.78739e+14 1.86149e+14 5.30618e+13 1.92452e+12 9.46633e+10 5.6212e+09 2.80569e+08 1.183e+07 415123
3.78492e+06 1.31991e+08 4.03526e+09 1.07825e+11 2.20417e+12 3.33099e+13 2.64378e+15 9.49182e+15 1.93157e+16 3.02631e+16 4.03862e+16 4.80504e+16 5.21514e+16 5.21514e+16 4.80504e+16 4.03862e+16 3.02631e+16 1.93157e+16 9.49182e+15 2.64378e+15 3.33099e+13 2.20417e+12 1.07825e+11 4.03526e+09 1.31991e+08 3.78492e+06
2.17201e+07 9.17076e+08 3.6919e+10 1.4877e+12 6.02888e+13 2.9041e+15 2.5124e+17 8.72339e+17 1.75785e+18 2.75065e+18 3.67904e+18 4.39045e+18 4.77459e+18 4.77459e+18 4.39045e+18 3.67904e+18 2.75065e+18 1.75785e+18 8.72339e+17 2.5124e+17 2.9041e+15 6.02888e+13 1.4877e+12 3.6919e+10 9.17076e+08 2.17201e+07
6.37619e+07 2.80915e+09 1.18413e+11 4.99532e+12 2.11098e+14 1.0437e+16 8.76436e+17 3.03545e+18 6.10914e+18 9.55199e+18 1.27694e+19 1.52338e+19 1.65642e+19 1.65642e+19 1.52338e+19 1.27694e+19 9.55199e+18 6.10914e+18 3.03545e+18 8.76436e+17 1.0437e+16 2.11098e+14 4.99532e+12 1.18413e+11 2.80915e+09 6.37619e+07
1.2612e+08 5.60477e+09 2.38118e+11 1.01077e+13 4.28952e+14 2.12263e+16 1.76747e+18 6.11401e+18 1.2292e+19 1.91999e+19 2.56446e+19 3.05742e+19 3.3233e+19 3.3233e+19 3.05742e+19 2.56446e+19 1.91999e+19 1.2292e+19 6.11401e+18 1.76747e+18 2.12263e+16 4.28952e+14 1.01077e+13 2.38118e+11 5.60477e+09 1.2612e+08
1.96958e+08 8.7646e+09 3.72708e+11 1.58277e+13 6.71685e+14 3.3222e+16 2.76439e+18 9.55534e+18 1.91915e+19 2.99445e+19 3.99562e+19 4.76009e+19 5.17192e+19 5.17192e+19 4.76009e+19 3.99562e+19 2.99445e+19 1.91915e+19 9.55534e+18 2.76439e+18 3.3222e+16 6.71685e+14 1.58277e+13 3.72708e+11 8.7646e+09 1.96958e+08
2.63121e+08 1.17062e+10 4.97605e+11 2.11205e+13 8.9573e+14 4.42853e+16 3.69402e+18 1.27625e+19 2.56109e+19 3.99213e+19 5.32191e+19 6.33559e+19 6.88106e+19 6.88106e+19 6.33559e+19 5.32191e+19 3.99213e+19 2.56109e+19 1.27625e+19 3.69402e+18 4.42853e+16 8.9573e+14 2.11205e+13 4.97605e+11 1.17062e+10 2.63121e+08
3.1353e+08 1.39426e+10 5.9236e+11 2.51278e+13 1.06502e+15 5.26411e+16 4.40443e+18 1.52125e+19 3.05081e+19 4.75192e+19 6.33025e+19 7.53181e+19 8.17779e+19 8.17779e+19 7.53181e+19 6.33025e+19 4.75192e+19 3.05081e+19 1.52125e+19 4.40443e+18 5.26411e+16 1.06502e+15 2.51278e+13 5.9236e+11 1.39426e+10 3.1353e+08
3.40609e+08 1.51425e+10 6.43127e+11 2.72719e+13 1.15548e+15 5.71045e+16 4.78728e+18 1.65326e+19 3.31444e+19 5.16046e+19 6.87182e+19 8.1737e+19 8.87327e+19 8.87327e+19 8.1737e+19 6.87182e+19 5.16046e+19 3.31444e+19 1.65326e+19 4.78728e+18 5.71045e+16 1.15548e+15 2.72719e+13 6.43127e+11 1.51425e+10 3.40609e+08
3.40609e+08 1.51425e+10 6.43127e+11 2.72719e+13 1.15548e+15 5.71045e+16 4.78728e+18 1.65326e+19 3.31444e+19 5.16046e+19 6.87182e+19 8.1737e+19 8.87327e+19 8.87327e+19 8.1737e+19 6.87182e+19 5.16046e+19 3.31444e+19 1.65326e+19 4.78728e+18 5.71045e+16 1.15548e+15 2.72719e+13 6.43127e+11 1.51425e+10 3.40609e+08
3.1353e+08 1.39426e+10 5.9236e+11 2.51278e+13 1.06502e+15 5.26411e+16 4.40443e+18 1.52125e+19 3.05081e+19 4.75192e+19 6.33025e+19 7.53181e+19 8.17779e+19 8.17779e+19 7.53181e+19 6.33025e+19 4.75192e+19 3.05081e+19 1.52125e+19 4.40443e+18 5.26411e+16 1.06502e+15 2.51278e+13 5.9236e+11 1.39426e+10 3.1353e+08
2.63121e+08 1.17062e+10 4.97605e+11 2.11205e+13 8.9573e+14 4.42853e+16 3.69402e+18 1.27625e+19 2.56109e+19 3.99213e+19 5.32191e+19 6.33559e+19 6.88106e+19 6.88106e+19 6.33559e+19 5.32191e+19 3.99213e+19 2.56109e+19 1.27625e+19 3.69402e+18 4.42853e+16 8.9573e+14 2.11205e+13 4.97605e+11 1.17062e+10 2.63121e+08
1.96958e+08 8.7646e+09 3.72708e+11 1.58277e+13 6.71685e+14 3.3222e+16 2.76439e+18 9.55534e+18 1.91915e+19 2.99445e+19 3.99562e+19 4.76009e+19 5.17192e+19 5.17192e+19 4.76009e+19 3.99562e+19 2.99445e+19 1.91915e+19 9.55534e+18 2.76439e+18 3.3222e+16 6.71685e+14 1.58277e+13 3.72708e+11 8.7646e+09 1.96958e+08
1.2612e+08 5.60477e+09 2.38118e+11 1.01077e+13 4.28952e+14 2.12263e+16 1.76747e+18 6.11401e+18 1.2292e+19 1.91999e+19 2.56446e+19 3.05742e+19 3.3233e+19 3.3233e+19 3.05742e+19 2.56446e+19 1.91999e+19 1.2292e+19 6.11401e+18 1.76747e+18 2.12263e+16 4.28952e+14 1.01077e+13 2.38118e+11 5.60477e+09 1.2612e+08
6.37619e+07 2.80915e+09 1.18413e+11 4.99532e+12 2.11098e+14 1.0437e+16 8.76436e+17 3.03545e+18 6.10914e+18 9.55199e+18 1.27694e+19 1.52338e+19 1.65642e+19 1.65642e+19 1.52338e+19 1.27694e+19 9.55199e+18 6.10914e+18 3.03545e+18 8.76436e+17 1.0437e+16 2.11098e+14 4.99532e+12 1.18413e+11 2.80915e+09 6.37619e+07
2.17201e+07 9.17076e+08 3.6919e+10 1.4877e+12 6.02888e+13 2.9041e+15 2.5124e+17 8.72339e+17 1.75785e+18 2.75065e+18 3.67904e+18 4.39045e+18 4.77459e+18 4.77459e+18 4.39045e+18 3.67904e+18 2.75065e+18 1.75785e+18 8.72339e+17 2.5124e+17 2.9041e+15 6.02888e+13 1.4877e+12 3.6919e+10 9.17076e+08 2.17201e+07
3.78492e+06 1.31991e+08 4.03526e+09 1.07825e+11 2.20417e+12 3.33099e+13 2.64378e+15 9.49182e+15 1.93157e+16 3.02631e+16 4.03862e+16 4.80504e+16 5.21514e+16 5.21514e+16 4.80504e+16 4.03862e+16 3.02631e+16 1.93157e+16 9.49182e+15 2.64378e+15 3.33099e+13 2.20417e+12 1.07825e+11 4.03526e+09 1.31991e+08 3.78492e+06
415123 1.183e+07 2.80569e+08 5.6212e+09 9.46633e+10 1.92452e+12 5.30618e+13 1.86149e+14 3.78739e+14 5.93735e+14 7.92566e+14 9.43063e+14 1.02357e+15 1.02357e+15 9.43063e+14 7.92566e+14 5.93735e+14 3.78739e+14 1.86149e+14 5.30618e+13 1.92452e+12 9.46633e+10 5.6212e+09 2.80569e+08 1.183e+07 415123
34229.9 829696 1.6662e+07 2.99107e+08 5.18592e+09 9.4408e+10 1.30912e+12 4.40374e+12 8.92184e+12 1.39862e+13 1.86811e+13 2.22416e+13 2.41487e+13 2.41487e+13 2.22416e+13 1.86811e+13 1.39862e+13 8.92184e+12 4.40374e+12 1.30912e+12 9.4408e+10 5.18592e+09 2.99107e+08 1.6662e+07 829696 34229.9
2375.91 51326.6 932627 1.57258e+07 2.51614e+08 3.53826e+09 3.24819e+10 1.04361e+11 2.10117e+11 3.29234e+11 4.3997e+11 5.24114e+11 5.69244e+11 5.69244e+11 5.24114e+11 4.3997e+11 3.29234e+11 2.10117e+11 1.04361e+11 3.24819e+10 3.53826e+09 2.51614e+08 1.57258e+07 932627 51326.6 2375.91
147.219 2923.31 49059.3 758689 1.04949e+07 1.15821e+08 8.06725e+08 2.47509e+09 4.94414e+09 7.7396e+09 1.03464e+10 1.23314e+10 1.33974e+10 1.33974e+10 1.23314e+10 1.03464e+10 7.7396e+09 4.94414e+09 2.47509e+09 8.06725e+08 1.15821e+08 1.04949e+07 758689 49059.3 2923.31 147.219
7.65733 142.136 2206.93 30798.8 366558 3.32243e+06 1.91033e+07 5.61642e+07 1.1122e+08 1.73867e+08 2.32474e+08 2.77191e+08 3.01236e+08 3.01236e+08 2.77191e+08 2.32474e+08 1.73867e+08 1.1122e+08 5.61642e+07 1.91033e+07 3.32243e+06 366558 30798.8 2206.93 142.136 7.65733
