1.864e-07 3.48423e-06 5.49161e-05 0.000782418 0.00950712 0.0875314 0.508003 1.5031 3.00086 4.73912 6.40444 7.70449 8.4152 8.4152 7.70449 6.40444 4.73912 3.00086 1.5031 0.508003 0.0875314 0.00950712 0.000782418 5.49161e-05 3.48423e-06 1.864e-07
3.54914e-06 7.05492e-05 0.00119632 0.018904 0.268584 3.0297 21.3614 65.981 132.929 210.339 284.381 342.151 373.728 373.728 342.151 284.381 210.339 132.929 65.981 21.3614 3.0297 0.268584 0.018904 0.00119632 7.05492e-05 3.54914e-06
5.70817e-05 0.00122495 0.0222623 0.381414 6.30582 91.6502 856.102 2770.07 5627.01 8917.83 12061.2 14512.8 15852.7 15852.7 14512.8 12061.2 8917.83 5627.01 2770.07 856.102 91.6502 6.30582 0.381414 0.0222623 0.00122495 5.70817e-05
0.000827007 0.0198072 0.39303 7.04205 125.573 2409.07 34348.6 116394 238002 377603 510821 614697 671465 671465 614697 510821 377603 238002 116394 34348.6 2409.07 125.573 7.04205 0.39303 0.0198072 0.000827007
0.0101564 0.285999 6.67082 130.816 2177.26 47580.5 1.38676e+06 4.9012e+06 1.00679e+07 1.59839e+07 2.16263e+07 2.60254e+07 2.84295e+07 2.84295e+07 2.60254e+07 2.16263e+07 1.59839e+07 1.00679e+07 4.9012e+06 1.38676e+06 47580.5 2177.26 130.816 6.67082 0.285999 0.0101564
0.0939944 3.25129 98.2496 2577.62 50691.8 730105 6.82538e+07 2.4692e+08 5.07196e+08 8.04571e+08 1.08803e+09 1.30898e+09 1.42973e+09 1.42973e+09 1.30898e+09 1.08803e+09 8.04571e+08 5.07196e+08 2.4692e+08 6.82538e+07 730105 50691.8 2577.62 98.2496 3.25129 0.0939944
0.546509 22.9804 920.987 36952.8 1.49198e+06 7.24944e+07 6.50363e+09 2.26468e+10 4.58341e+10 7.21747e+10 9.72149e+10 1.16711e+11 1.2736e+11 1.2736e+11 1.16711e+11 9.72149e+10 7.21747e+10 4.58341e+10 2.26468e+10 6.50363e+09 7.24944e+07 1.49198e+06 36952.8 920.987 22.9804 0.546509
1.61727 70.9955 2980.72 125251 5.27447e+06 2.62598e+08 2.27289e+10 7.89535e+10 1.59643e+11 2.51271e+11 3.38361e+11 4.06163e+11 4.43196e+11 4.43196e+11 4.06163e+11 3.38361e+11 2.51271e+11 1.59643e+11 7.89535e+10 2.27289e+10 2.62598e+08 5.27447e+06 125251 2980.72 70.9955 1.61727
3.22751 142.973 6052.35 256000 1.08297e+07 5.39327e+08 4.60463e+10 1.59805e+11 3.23015e+11 5.08325e+11 6.84448e+11 8.21561e+11 8.96452e+11 8.96452e+11 8.21561e+11 6.84447e+11 5.08325e+11 3.23015e+11 1.59805e+11 4.60463e+10 5.39327e+08 1.08297e+07 256000 6052.35 142.973 3.22751
5.09396 226.089 9585.69 405887 1.71814e+07 8.55092e+08 7.2525e+10 2.51589e+11 5.08453e+11 8.00081e+11 1.07724e+12 1.29301e+12 1.41087e+12 1.41087e+12 1.29301e+12 1.07724e+12 8.00081e+11 5.08453e+11 2.51589e+11 7.2525e+10 8.55092e+08 1.71814e+07 405887 9585.69 226.089 5.09396
6.8796 305.476 12955.7 548701 2.32299e+07 1.15563e+09 9.76788e+10 3.38768e+11 6.84582e+11 1.07719e+12 1.45031e+12 1.74078e+12 1.89944e+12 1.89944e+12 1.74078e+12 1.45031e+12 1.07719e+12 6.84582e+11 3.38768e+11 9.76788e+10 1.15563e+09 2.32299e+07 548701 12955.7 305.476 6.8796
8.27185 367.336 15580.6 659908 2.79389e+07 1.38958e+09 1.17249e+11 4.06593e+11 8.21608e+11 1.29277e+12 1.74054e+12 2.08914e+12 2.27954e+12 2.27954e+12 2.08914e+12 1.74054e+12 1.29277e+12 8.21608e+11 4.06593e+11 1.17249e+11 1.38958e+09 2.79389e+07 659908 15580.6 367.336 8.27185
9.03231 401.119 17013.9 720625 3.05099e+07 1.5173e+09 1.27932e+11 4.43619e+11 8.96412e+11 1.41046e+12 1.89899e+12 2.27931e+12 2.48704e+12 2.48704e+12 2.27931e+12 1.89899e+12 1.41046e+12 8.96412e+11 4.43619e+11 1.27932e+11 1.5173e+09 3.05099e+07 720625 17013.9 401.119 9.03231
9.03231 401.119 17013.9 720625 3.05099e+07 1.5173e+09 1.27932e+11 4.43619e+11 8.96412e+11 1.41046e+12 1.89899e+12 2.27931e+12 2.48704e+12 2.48704e+12 2.27931e+12 1.89899e+12 1.41046e+12 8.96412e+11 4.43619e+11 1.27932e+11 1.5173e+09 3.05099e+07 720625 17013.9 401.119 9.03231
8.27185 367.336 15580.6 659908 2.79389e+07 1.38958e+09 1.17249e+11 4.06593e+11 8.21608e+11 1.29277e+12 1.74054e+12 2.08914e+12 2.27954e+12 2.27954e+12 2.08914e+12 1.74054e+12 1.29277e+12 8.21608e+11 4.06593e+11 1.17249e+11 1.38958e+09 2.79389e+07 659908 15580.6 367.336 8.27185
6.8796 305.476 12955.7 548701 2.32299e+07 1.15563e+09 9.76788e+10 3.38768e+11 6.84582e+11 1.07719e+12 1.45031e+12 1.74078e+12 1.89944e+12 1.89944e+12 1.74078e+12 1.45031e+12 1.07719e+12 6.84582e+11 3.38768e+11 9.76788e+10 1.15563e+09 2.32299e+07 548701 12955.7 305.476 6.8796
5.09396 226.089 9585.69 405887 1.71814e+07 8.55092e+08 7.2525e+10 2.51589e+11 5.08453e+11 8.00081e+11 1.07724e+12 1.29301e+12 1.41087e+12 1.41087e+12 1.29301e+12 1.07724e+12 8.00081e+11 5.08453e+11 2.51589e+11 7.2525e+10 8.55092e+08 1.71814e+07 405887 9585.69 226.089 5.09396
3.22751 142.973 6052.35 256000 1.08297e+07 5.39327e+08 4.60463e+10 1.59805e+11 3.23015e+11 5.08325e+11 6.84447e+11 8.21561e+11 8.96452e+11 8.96452e+11 8.21561e+11 6.84448e+11 5.08325e+11 3.23015e+11 1.59805e+11 4.60463e+10 5.39327e+08 1.08297e+07 256000 6052.35 142.973 3.22751
1.61727 70.9955 2980.72 125251 5.27447e+06 2.62598e+08 2.27289e+10 7.89535e+10 1.59643e+11 2.51271e+11 3.38361e+11 4.06163e+11 4.43196e+11 4.43196e+11 4.06163e+11 3.38361e+11 2.51271e+11 1.59643e+11 7.89535e+10 2.27289e+10 2.62598e+08 5.27447e+06 125251 2980.72 70.9955 1.61727
0.546509 22.9804 920.987 36952.8 1.49198e+06 7.24944e+07 6.50363e+09 2.26468e+10 4.58341e+10 7.21747e+10 9.72149e+10 1.16711e+11 1.2736e+11 1.2736e+11 1.16711e+11 9.72149e+10 7.21747e+10 4.58341e+10 2.26468e+10 6.50363e+09 7.24944e+07 1.49198e+06 36952.8 920.987 22.9804 0.546509
0.0939944 3.25129 98.2496 2577.62 50691.8 730105 6.82538e+07 2.4692e+08 5.07196e+08 8.04571e+08 1.08803e+09 1.30898e+09 1.42973e+09 1.42973e+09 1.30898e+09 1.08803e+09 8.04571e+08 5.07196e+08 2.4692e+08 6.82538e+07 730105 50691.8 2577.62 98.2496 3.25129 0.0939944
0.0101564 0.285999 6.67082 130.816 2177.26 47580.5 1.38676e+06 4.9012e+06 1.00679e+07 1.59839e+07 2.16263e+07 2.60254e+07 2.84295e+07 2.84295e+07 2.60254e+07 2.16263e+07 1.59839e+07 1.00679e+07 4.9012e+06 1.38676e+06 47580.5 2177.26 130.816 6.67082 0.285999 0.0101564
0.000827007 0.0198072 0.39303 7.04205 125.573 2409.07 34348.6 116394 238002 377603 510821 614697 671465 671465 614697 510821 377603 238002 116394 34348.6 2409.07 125.573 7.04205 0.39303 0.0198072 0.000827007
5.70817e-05 0.00122495 0.0222623 0.381414 6.30582 91.6502 856.102 2770.07 5627.01 8917.83 12061.2 14512.8 15852.7 15852.7 14512.8 12061.2 8917.83 5627.01 2770.07 856.102 91.6502 6.30582 0.381414 0.0222623 0.00122495 5.70817e-05
3.54914e-06 7.05492e-05 0.00119632 0.018904 0.268584 3.0297 21.3614 65.981 132.929 210.339 284.381 342.151 373.728 373.728 342.151 284.381 210.339 132.929 65.981 21.3614 3.0297 0.268584 0.018904 0.00119632 7.05492e-05 3.54914e-06
1.864e-07 3.48423e-06 5.49161e-05 0.000782418 0.00950712 0.0875314 0.508003 1.5031 3.00086 4.73912 6.40444 7.70449 8.4152 8.4152 7.70449 6.40444 4.73912 3.00086 1.5031 0.508003 0.0875314 0.00950712 0.000782418 5.49161e-05 3.48423e-06 1.864e-07
