3.08292 57.6405 904.884 12797.5 154321 1.41361e+06 8.18745e+06 2.4194e+07 4.81361e+07 7.55701e+07 1.01394e+08 1.21191e+08 1.31867e+08 1.31867e+08 1.21191e+08 1.01394e+08 7.55701e+07 4.81361e+07 2.4194e+07 8.18745e+06 1.41361e+06 154321 12797.5 904.884 57.6405 3.08292
59.2847 1182.81 20029.5 313970 4.41101e+06 4.93243e+07 3.46496e+08 1.06879e+09 2.14563e+09 3.37402e+09 4.52713e+09 5.40955e+09 5.8849e+09 5.8849e+09 5.40955e+09 4.52713e+09 3.37402e+09 2.14563e+09 1.06879e+09 3.46496e+08 4.93243e+07 4.41101e+06 313970 20029.5 1182.81 59.2847
959.806 20766.2 379112 6.46335e+06 1.05267e+08 1.5067e+09 1.39796e+10 4.51708e+10 9.14282e+10 1.43953e+11 1.9313e+11 2.30697e+11 2.50912e+11 2.50912e+11 2.30697e+11 1.9313e+11 1.43953e+11 9.14282e+10 4.51708e+10 1.39796e+10 1.5067e+09 1.05267e+08 6.46335e+06 379112 20766.2 959.806
13921 337174 6.76851e+06 1.21938e+08 2.14715e+09 4.00964e+10 5.64328e+11 1.90978e+12 3.89104e+12 6.13121e+12 8.2237e+12 9.81958e+12 1.06774e+13 1.06774e+13 9.81958e+12 8.2237e+12 6.13121e+12 3.89104e+12 1.90978e+12 5.64328e+11 4.00964e+10 2.14715e+09 1.21938e+08 6.76851e+06 337174 13921
170401 4.85171e+06 1.14776e+08 2.28894e+09 3.85084e+10 8.09093e+11 2.28978e+13 8.0842e+13 1.65471e+14 2.60827e+14 3.4972e+14 4.17408e+14 4.53748e+14 4.53748e+14 4.17408e+14 3.4972e+14 2.60827e+14 1.65471e+14 8.0842e+13 2.28978e+13 8.09093e+11 3.85084e+10 2.28894e+09 1.14776e+08 4.85171e+06 170401
1.56908e+06 5.47506e+07 1.67267e+09 4.45265e+10 8.98929e+11 1.33673e+13 1.13682e+15 4.10957e+15 8.41546e+15 1.32596e+16 1.77753e+16 2.12148e+16 2.30619e+16 2.30619e+16 2.12148e+16 1.77753e+16 1.32596e+16 8.41546e+15 4.10957e+15 1.13682e+15 1.33673e+13 8.98929e+11 4.45265e+10 1.67267e+09 5.47506e+07 1.56908e+06
9.08219e+06 3.84339e+08 1.55057e+10 6.25908e+11 2.53956e+13 1.23003e+15 1.08244e+17 3.7763e+17 7.64692e+17 1.20206e+18 1.61385e+18 1.93103e+18 2.10285e+18 2.10285e+18 1.93103e+18 1.61385e+18 1.20206e+18 7.64692e+17 3.7763e+17 1.08244e+17 1.23003e+15 2.53956e+13 6.25908e+11 1.55057e+10 3.84339e+08 9.08219e+06
2.68101e+07 1.18423e+09 5.00447e+10 2.11565e+12 8.9549e+13 4.45061e+15 3.7919e+17 1.3195e+18 2.66904e+18 4.19325e+18 5.62816e+18 6.7335e+18 7.33235e+18 7.33235e+18 6.7335e+18 5.62816e+18 4.19325e+18 2.66904e+18 1.3195e+18 3.7919e+17 4.45061e+15 8.9549e+13 2.11565e+12 5.00447e+10 1.18423e+09 2.68101e+07
5.32802e+07 2.3746e+09 1.01172e+11 4.30516e+12 1.83061e+14 9.10728e+15 7.68353e+17 2.67086e+18 5.39849e+18 8.47622e+18 1.13712e+19 1.35998e+19 1.48067e+19 1.48067e+19 1.35998e+19 1.13712e+19 8.47622e+18 5.39849e+18 2.67086e+18 7.68353e+17 9.10728e+15 1.83061e+14 4.30516e+12 1.01172e+11 2.3746e+09 5.32802e+07
8.35458e+07 3.72947e+09 1.59091e+11 6.7748e+12 2.88159e+14 1.43319e+16 1.2072e+18 4.19413e+18 8.47232e+18 1.32942e+19 1.78249e+19 2.13096e+19 2.31955e+19 2.31955e+19 2.13096e+19 1.78249e+19 1.32942e+19 8.47232e+18 4.19413e+18 1.2072e+18 1.43319e+16 2.88159e+14 6.7748e+12 1.59091e+11 3.72947e+09 8.35458e+07
1.11969e+08 4.99823e+09 2.13181e+11 9.07554e+12 3.85864e+14 1.91868e+16 1.61924e+18 5.6243e+18 1.13559e+19 1.78093e+19 2.38664e+19 2.85207e+19 3.10382e+19 3.10382e+19 2.85207e+19 2.38664e+19 1.78093e+19 1.13559e+19 5.6243e+18 1.61924e+18 1.91868e+16 3.85864e+14 9.07554e+12 2.13181e+11 4.99823e+09 1.11969e+08
1.33713e+08 5.96702e+09 2.54406e+11 1.0826e+13 4.60074e+14 2.28736e+16 1.93573e+18 6.72305e+18 1.35699e+19 2.12727e+19 2.84965e+19 3.40434e+19 3.70421e+19 3.70421e+19 3.40434e+19 2.84965e+19 2.12727e+19 1.35699e+19 6.72305e+18 1.93573e+18 2.28736e+16 4.60074e+14 1.0826e+13 2.54406e+11 5.96702e+09 1.33713e+08
1.45421e+08 6.48809e+09 2.76553e+11 1.17653e+13 4.99844e+14 2.48493e+16 2.10684e+18 7.31717e+18 1.47666e+19 2.31436e+19 3.09962e+19 3.70233e+19 4.02808e+19 4.02808e+19 3.70233e+19 3.09962e+19 2.31436e+19 1.47666e+19 7.31717e+18 2.10684e+18 2.48493e+16 4.99844e+14 1.17653e+13 2.76553e+11 6.48809e+09 1.45421e+08
1.45421e+08 6.48809e+09 2.76553e+11 1.17653e+13 4.99844e+14 2.48493e+16 2.10684e+18 7.31717e+18 1.47666e+19 2.31436e+19 3.09962e+19 3.70233e+19 4.02808e+19 4.02808e+19 3.70233e+19 3.09962e+19 2.31436e+19 1.47666e+19 7.31717e+18 2.10684e+18 2.48493e+16 4.99844e+14 1.17653e+13 2.76553e+11 6.48809e+09 1.45421e+08
1.33713e+08 5.96702e+09 2.54406e+11 1.0826e+13 4.60074e+14 2.28736e+16 1.93573e+18 6.72305e+18 1.35699e+19 2.12727e+19 2.84965e+19 3.40434e+19 3.70421e+19 3.70421e+19 3.40434e+19 2.84965e+19 2.12727e+19 1.35699e+19 6.72305e+18 1.93573e+18 2.28736e+16 4.60074e+14 1.0826e+13 2.54406e+11 5.96702e+09 1.33713e+08
1.11969e+08 4.99823e+09 2.13181e+11 9.07554e+12 3.85864e+14 1.91868e+16 1.61924e+18 5.6243e+18 1.13559e+19 1.78093e+19 2.38664e+19 2.85207e+19 3.10382e+19 3.10382e+19 2.85207e+19 2.38664e+19 1.78093e+19 1.13559e+19 5.6243e+18 1.61924e+18 1.91868e+16 3.85864e+14 9.07554e+12 2.13181e+11 4.99823e+09 1.11969e+08
8.35458e+07 3.72947e+09 1.59091e+11 6.7748e+12 2.88159e+14 1.43319e+16 1.2072e+18 4.19413e+18 8.47232e+18 1.32942e+19 1.78249e+19 2.13096e+19 2.31955e+19 2.31955e+19 2.13096e+19 1.78249e+19 1.32942e+19 8.47232e+18 4.19413e+18 1.2072e+18 1.43319e+16 2.88159e+14 6.7748e+12 1.59091e+11 3.72947e+09 8.35458e+07
5.32802e+07 2.3746e+09 1.01172e+11 4.30516e+12 1.83061e+14 9.10728e+15 7.68353e+17 2.67086e+18 5.39849e+18 8.47622e+18 1.13712e+19 1.35998e+19 1.48067e+19 1.48067e+19 1.35998e+19 1.13712e+19 8.47622e+18 5.39849e+18 2.67086e+18 7.68353e+17 9.10728e+15 1.83061e+14 4.30516e+12 1.01172e+11 2.3746e+09 5.32802e+07
2.68101e+07 1.18423e+09 5.00447e+10 2.11565e+12 8.9549e+13 4.45061e+15 3.7919e+17 1.3195e+18 2.66904e+18 4.19325e+18 5.62816e+18 6.7335e+18 7.33235e+18 7.33235e+18 6.7335e+18 5.62816e+18 4.19325e+18 2.66904e+18 1.3195e+18 3.7919e+17 4.45061e+15 8.9549e+13 2.11565e+12 5.00447e+10 1.18423e+09 2.68101e+07
9.08219e+06 3.84339e+08 1.55057e+10 6.25908e+11 2.53956e+13 1.23003e+15 1.08244e+17 3.7763e+17 7.64692e+17 1.20206e+18 1.61385e+18 1.93103e+18 2.10285e+18 2.10285e+18 1.93103e+18 1.61385e+18 1.20206e+18 7.64692e+17 3.7763e+17 1.08244e+17 1.23003e+15 2.53956e+13 6.25908e+11 1.55057e+10 3.84339e+08 9.08219e+06
1.56908e+06 5.47506e+07 1.67267e+09 4.45265e+10 8.98929e+11 1.33673e+13 1.13682e+15 4.10957e+15 8.41546e+15 1.32596e+16 1.77753e+16 2.12148e+16 2.30619e+16 2.30619e+16 2.12148e+16 1.77753e+16 1.32596e+16 8.41546e+15 4.10957e+15 1.13682e+15 1.33673e+13 8.98929e+11 4.45265e+10 1.67267e+09 5.47506e+07 1.56908e+06
170401 4.85171e+06 1.14776e+08 2.28894e+09 3.85084e+10 8.09093e+11 2.28978e+13 8.0842e+13 1.65471e+14 2.60827e+14 3.4972e+14 4.17408e+14 4.53748e+14 4.53748e+14 4.17408e+14 3.4972e+14 2.60827e+14 1.65471e+14 8.0842e+13 2.28978e+13 8.09093e+11 3.85084e+10 2.28894e+09 1.14776e+08 4.85171e+06 170401
13921 337174 6.76851e+06 1.21938e+08 2.14715e+09 4.00964e+10 5.64328e+11 1.90978e+12 3.89104e+12 6.13121e+12 8.2237e+12 9.81958e+12 1.06774e+13 1.06774e+13 9.81958e+12 8.2237e+12 6.13121e+12 3.89104e+12 1.90978e+12 5.64328e+11 4.00964e+10 2.14715e+09 1.21938e+08 6.76851e+06 337174 13921
959.806 20766.2 379112 6.46335e+06 1.05267e+08 1.5067e+09 1.39796e+10 4.51708e+10 9.14282e+10 1.43953e+11 1.9313e+11 2.30697e+11 2.50912e+11 2.50912e+11 2.30697e+11 1.9313e+11 1.43953e+11 9.14282e+10 4.51708e+10 1.39796e+10 1.5067e+09 1.05267e+08 6.46335e+06 379112 20766.2 959.806
59.2847 1182.81 20029.5 313970 4.41101e+06 4.93243e+07 3.46496e+08 1.06879e+09 2.14563e+09 3.37402e+09 4.52713e+09 5.40955e+09 5.8849e+09 5.8849e+09 5.40955e+09 4.52713e+09 3.37402e+09 2.14563e+09 1.06879e+09 3.46496e+08 4.93243e+07 4.41101e+06 313970 20029.5 1182.81 59.2847
3.08292 57.6405 904.884 12797.5 154321 1.41361e+06 8.18745e+06 2.4194e+07 4.81361e+07 7.55701e+07 1.01394e+08 1.21191e+08 1.31867e+08 1.31867e+08 1.21191e+08 1.01394e+08 7.55701e+07 4.81361e+07 2.4194e+07 8.18745e+06 1.41361e+06 154321 12797.5 904.884 57.6405 3.08292
