0.577345 10.9229 174.23 2508.95 30782.9 286014 1.67452e+06 4.99649e+06 1.00483e+07 1.59507e+07 2.16172e+07 2.6035e+07 2.84447e+07 2.84447e+07 2.6035e+07 2.16172e+07 1.59507e+07 1.00483e+07 4.99649e+06 1.67452e+06 286014 30782.9 2508.95 174.23 10.9229 0.577346
11.1291 224.095 3847.72 61450.1 881136 1.00244e+07 7.12732e+07 2.22089e+08 4.5093e+08 7.17434e+08 9.7286e+08 1.17183e+09 1.2803e+09 1.2803e+09 1.17183e+09 9.7286e+08 7.17434e+08 4.5093e+08 2.22089e+08 7.12732e+07 1.00244e+07 881136 61450.1 3847.72 224.095 11.1291
181.187 3940.99 72563.7 1.25671e+06 2.0955e+07 3.0682e+08 2.88758e+09 9.42988e+09 1.9316e+10 3.07906e+10 4.1772e+10 5.03192e+10 5.49768e+10 5.49768e+10 5.03192e+10 4.1772e+10 3.07906e+10 1.9316e+10 9.42988e+09 2.88758e+09 3.0682e+08 2.0955e+07 1.25671e+06 72563.7 3940.99 181.187
2653.53 64422.7 1.29552e+06 2.34782e+07 4.22187e+08 8.14546e+09 1.16831e+11 3.99794e+11 8.24849e+11 1.31672e+12 1.78688e+12 2.15256e+12 2.35173e+12 2.35173e+12 2.15256e+12 1.78688e+12 1.31672e+12 8.24849e+11 3.99794e+11 1.16831e+11 8.14546e+09 4.22187e+08 2.34782e+07 1.29552e+06 64422.8 2653.53
32902.5 938852 2.21838e+07 4.40111e+08 7.39771e+09 1.62309e+11 4.7442e+12 1.69457e+13 3.51459e+13 5.61588e+13 7.62267e+13 9.18244e+13 1.00315e+14 1.00315e+14 9.18244e+13 7.62267e+13 5.61588e+13 3.51459e+13 1.69457e+13 4.7442e+12 1.62309e+11 7.39771e+09 4.40111e+08 2.21838e+07 938852 32902.5
307197 1.07612e+07 3.29087e+08 8.72308e+09 1.73211e+11 2.5191e+12 2.343e+14 8.57303e+14 1.77908e+15 2.84155e+15 3.85588e+15 4.64418e+15 5.07329e+15 5.07329e+15 4.64418e+15 3.85588e+15 2.84155e+15 1.77908e+15 8.57303e+14 2.343e+14 2.5191e+12 1.73211e+11 8.72308e+09 3.29087e+08 1.07612e+07 307197
1.80101e+06 7.66586e+07 3.10587e+09 1.2567e+11 5.10351e+12 2.48627e+14 2.23455e+16 7.85571e+16 1.60497e+17 2.54597e+17 3.44583e+17 4.14792e+17 4.53148e+17 4.53148e+17 4.14792e+17 3.44583e+17 2.54597e+17 1.60497e+17 7.85571e+16 2.23455e+16 2.48627e+14 5.10351e+12 1.2567e+11 3.10587e+09 7.66586e+07 1.80101e+06
5.37278e+06 2.3883e+08 1.01415e+10 4.3e+11 1.82277e+13 9.10731e+14 7.88404e+16 2.76357e+17 5.639e+17 8.93936e+17 1.2095e+18 1.45574e+18 1.59028e+18 1.59028e+18 1.45574e+18 1.2095e+18 8.93936e+17 5.639e+17 2.76357e+17 7.88404e+16 9.10731e+14 1.82277e+13 4.3e+11 1.01415e+10 2.3883e+08 5.37278e+06
1.07961e+07 4.84513e+08 2.07558e+10 8.86393e+11 3.7771e+13 1.88901e+15 1.61209e+17 5.64383e+17 1.15088e+18 1.82371e+18 2.46685e+18 2.9686e+18 3.24273e+18 3.24273e+18 2.9686e+18 2.46685e+18 1.82371e+18 1.15088e+18 5.64383e+17 1.61209e+17 1.88901e+15 3.7771e+13 8.86393e+11 2.07558e+10 4.84513e+08 1.07961e+07
1.71186e+07 7.69978e+08 3.30465e+10 1.41323e+12 6.02774e+13 3.01387e+15 2.55688e+17 8.94603e+17 1.82353e+18 2.8887e+18 3.90649e+18 4.70033e+18 5.13396e+18 5.13396e+18 4.70033e+18 3.90649e+18 2.8887e+18 1.82353e+18 8.94603e+17 2.55688e+17 3.01387e+15 6.02774e+13 1.41323e+12 3.30465e+10 7.69978e+08 1.71186e+07
2.31731e+07 1.04286e+09 4.47768e+10 1.91539e+12 8.17081e+13 4.08459e+15 3.45867e+17 1.20978e+18 2.46536e+18 3.90455e+18 5.27923e+18 6.35112e+18 6.93654e+18 6.93654e+18 6.35112e+18 5.27923e+18 3.90454e+18 2.46536e+18 1.20978e+18 3.45867e+17 4.08459e+15 8.17081e+13 1.91539e+12 4.47768e+10 1.04286e+09 2.31731e+07
2.78823e+07 1.25491e+09 5.38837e+10 2.30492e+12 9.83187e+13 4.91436e+15 4.1609e+17 1.45526e+18 2.96518e+18 4.69541e+18 6.34766e+18 7.6357e+18 8.33906e+18 8.33906e+18 7.6357e+18 6.34766e+18 4.69541e+18 2.96518e+18 1.45526e+18 4.1609e+17 4.91436e+15 9.83187e+13 2.30492e+12 5.38837e+10 1.25491e+09 2.78823e+07
3.04467e+07 1.37031e+09 5.88372e+10 2.51667e+12 1.07343e+14 5.36512e+15 4.54397e+17 1.58919e+18 3.23787e+18 5.12684e+18 6.9304e+18 8.33622e+18 9.10384e+18 9.10384e+18 8.33622e+18 6.9304e+18 5.12684e+18 3.23787e+18 1.58919e+18 4.54397e+17 5.36512e+15 1.07343e+14 2.51667e+12 5.88372e+10 1.37031e+09 3.04467e+07
3.04467e+07 1.37031e+09 5.88372e+10 2.51667e+12 1.07343e+14 5.36512e+15 4.54397e+17 1.58919e+18 3.23787e+18 5.12684e+18 6.9304e+18 8.33622e+18 9.10384e+18 9.10384e+18 8.33622e+18 6.9304e+18 5.12684e+18 3.23787e+18 1.58919e+18 4.54397e+17 5.36512e+15 1.07343e+14 2.51667e+12 5.88372e+10 1.37031e+09 3.04467e+07
2.78823e+07 1.25491e+09 5.38837e+10 2.30492e+12 9.83187e+13 4.91436e+15 4.1609e+17 1.45526e+18 2.96518e+18 4.69541e+18 6.34766e+18 7.6357e+18 8.33906e+18 8.33906e+18 7.6357e+18 6.34766e+18 4.69541e+18 2.96518e+18 1.45526e+18 4.1609e+17 4.91436e+15 9.83187e+13 2.30492e+12 5.38837e+10 1.25491e+09 2.78823e+07
2.31731e+07 1.04286e+09 4.47768e+10 1.91539e+12 8.17081e+13 4.08459e+15 3.45867e+17 1.20978e+18 2.46536e+18 3.90454e+18 5.27923e+18 6.35112e+18 6.93654e+18 6.93654e+18 6.35112e+18 5.27923e+18 3.90455e+18 2.46536e+18 1.20978e+18 3.45867e+17 4.08459e+15 8.17081e+13 1.91539e+12 4.47768e+10 1.04286e+09 2.31731e+07
1.71186e+07 7.69978e+08 3.30465e+10 1.41323e+12 6.02774e+13 3.01387e+15 2.55688e+17 8.94603e+17 1.82353e+18 2.8887e+18 3.90649e+18 4.70033e+18 5.13396e+18 5.13396e+18 4.70033e+18 3.90649e+18 2.8887e+18 1.82353e+18 8.94603e+17 2.55688e+17 3.01387e+15 6.02774e+13 1.41323e+12 3.30465e+10 7.69978e+08 1.71186e+07
1.07961e+07 4.84513e+08 2.07558e+10 8.86393e+11 3.7771e+13 1.88901e+15 1.61209e+17 5.64383e+17 1.15088e+18 1.82371e+18 2.46685e+18 2.9686e+18 3.24273e+18 3.24273e+18 2.9686e+18 2.46685e+18 1.82371e+18 1.15088e+18 5.64383e+17 1.61209e+17 1.88901e+15 3.7771e+13 8.86393e+11 2.07558e+10 4.84513e+08 1.07961e+07
5.37278e+06 2.3883e+08 1.01415e+10 4.29999e+11 1.82277e+13 9.10731e+14 7.88404e+16 2.76357e+17 5.639e+17 8.93936e+17 1.2095e+18 1.45574e+18 1.59028e+18 1.59028e+18 1.45574e+18 1.2095e+18 8.93936e+17 5.639e+17 2.76357e+17 7.88404e+16 9.10731e+14 1.82277e+13 4.29999e+11 1.01415e+10 2.3883e+08 5.37278e+06
1.80101e+06 7.66586e+07 3.10587e+09 1.2567e+11 5.10351e+12 2.48627e+14 2.23455e+16 7.85571e+16 1.60497e+17 2.54597e+17 3.44583e+17 4.14792e+17 4.53148e+17 4.53148e+17 4.14792e+17 3.44583e+17 2.54597e+17 1.60497e+17 7.85571e+16 2.23455e+16 2.48627e+14 5.10351e+12 1.2567e+11 3.10587e+09 7.66586e+07 1.80101e+06
307197 1.07612e+07 3.29087e+08 8.72308e+09 1.73211e+11 2.5191e+12 2.343e+14 8.57303e+14 1.77908e+15 2.84155e+15 3.85588e+15 4.64418e+15 5.07329e+15 5.07329e+15 4.64418e+15 3.85588e+15 2.84155e+15 1.77908e+15 8.57303e+14 2.343e+14 2.5191e+12 1.73211e+11 8.72308e+09 3.29087e+08 1.07612e+07 307197
32902.5 938852 2.21838e+07 4.40111e+08 7.39771e+09 1.62309e+11 4.7442e+12 1.69457e+13 3.51459e+13 5.61588e+13 7.62267e+13 9.18244e+13 1.00315e+14 1.00315e+14 9.18244e+13 7.62267e+13 5.61588e+13 3.51459e+13 1.69457e+13 4.7442e+12 1.62309e+11 7.39771e+09 4.40111e+08 2.21838e+07 938852 32902.5
2653.53 64422.7 1.29552e+06 2.34782e+07 4.22187e+08 8.14546e+09 1.16831e+11 3.99794e+11 8.24849e+11 1.31672e+12 1.78688e+12 2.15256e+12 2.35173e+12 2.35173e+12 2.15256e+12 1.78688e+12 1.31672e+12 8.24849e+11 3.99794e+11 1.16831e+11 8.14546e+09 4.22187e+08 2.34782e+07 1.29552e+06 64422.7 2653.53
181.187 3940.99 72563.7 1.25671e+06 2.0955e+07 3.0682e+08 2.88758e+09 9.42988e+09 1.9316e+10 3.07906e+10 4.1772e+10 5.03192e+10 5.49768e+10 5.49768e+10 5.03192e+10 4.1772e+10 3.07906e+10 1.9316e+10 9.42988e+09 2.88758e+09 3.0682e+08 2.0955e+07 1.25671e+06 72563.7 3940.99 181.187
11.1291 224.095 3847.72 61450.1 881136 1.00244e+07 7.12732e+07 2.22089e+08 4.5093e+08 7.17434e+08 9.7286e+08 1.17183e+09 1.2803e+09 1.2803e+09 1.17183e+09 9.7286e+08 7.17434e+08 4.5093e+08 2.22089e+08 7.12732e+07 1.00244e+07 881136 61450.1 3847.72 224.095 11.1291
0.577346 10.9229 174.23 2508.95 30782.9 286014 1.67452e+06 4.99649e+06 1.00483e+07 1.59507e+07 2.16172e+07 2.6035e+07 2.84447e+07 2.84447e+07 2.6035e+07 2.16172e+07 1.59507e+07 1.00483e+07 4.99649e+06 1.67452e+06 286014 30782.9 2508.95 174.23 10.9229 0.577345
