0.00517232 0.0978715 1.5672 22.7204 280.694 2621.33 15397.8 46126.2 93330.1 149314 204007 247356 271278 271278 247356 204007 149314 93330.1 46126.2 15397.8 2621.33 280.694 22.7204 1.5672 0.0978715 0.00517232
0.0989148 1.98654 34.1776 549.979 7964.53 91324.3 652194 2.04074e+06 4.16995e+06 6.68898e+06 9.14829e+06 1.10975e+07 1.21734e+07 1.21734e+07 1.10975e+07 9.14829e+06 6.68898e+06 4.16995e+06 2.04074e+06 652194 91324.3 7964.53 549.979 34.1776 1.98654 0.0989148
1.6026 34.6422 636.183 11078.1 187161 2.77567e+06 2.62928e+07 8.62355e+07 1.77811e+08 2.85879e+08 3.91335e+08 4.74933e+08 5.21084e+08 5.21084e+08 4.74933e+08 3.91335e+08 2.85879e+08 1.77811e+08 8.62355e+07 2.62928e+07 2.77567e+06 187161 11078.1 636.183 34.6422 1.6026
23.471 564.958 11266.9 203642 3.7055e+06 7.30652e+07 1.05929e+09 3.64089e+09 7.56299e+09 1.21815e+10 1.66877e+10 2.02609e+10 2.22339e+10 2.22339e+10 2.02609e+10 1.66877e+10 1.21815e+10 7.56299e+09 3.64089e+09 1.05929e+09 7.30652e+07 3.7055e+06 203642 11266.9 564.958 23.471
292.126 8265.9 193285 3.78913e+06 6.32771e+07 1.43412e+09 4.28658e+10 1.53788e+11 3.21188e+11 5.18034e+11 7.10137e+11 8.62517e+11 9.46675e+11 9.46674e+11 8.62517e+11 7.10137e+11 5.18034e+11 3.21188e+11 1.53788e+11 4.28658e+10 1.43412e+09 6.32771e+07 3.78913e+06 193285 8265.9 292.126
2741.96 95421.2 2.89475e+06 7.59367e+07 1.47877e+09 2.10018e+10 2.10335e+12 7.7294e+12 1.61482e+13 2.60284e+13 3.56646e+13 4.33056e+13 4.7525e+13 4.7525e+13 4.33056e+13 3.56646e+13 2.60284e+13 1.61482e+13 7.7294e+12 2.10335e+12 2.10018e+10 1.47877e+09 7.59367e+07 2.89475e+06 95421.2 2741.96
16161 684541 2.75978e+07 1.11193e+09 4.50008e+10 2.19752e+12 2.00548e+14 7.06014e+14 1.44662e+15 2.30501e+15 3.13535e+15 3.79038e+15 4.15106e+15 4.15106e+15 3.79038e+15 3.13535e+15 2.30501e+15 1.44662e+15 7.06014e+14 2.00548e+14 2.19752e+12 4.50008e+10 1.11193e+09 2.75978e+07 684541 16161
48451.9 2.14394e+06 9.06107e+07 3.82623e+09 1.61644e+11 8.08712e+12 7.08222e+14 2.48544e+15 5.08535e+15 8.09585e+15 1.10062e+16 1.33012e+16 1.45647e+16 1.45647e+16 1.33012e+16 1.10062e+16 8.09585e+15 5.08535e+15 2.48544e+15 7.08222e+14 8.08712e+12 1.61644e+11 3.82623e+09 9.06107e+07 2.14394e+06 48451.9
98022.3 4.38026e+06 1.86809e+08 7.94705e+09 3.37556e+11 1.68956e+13 1.45263e+15 5.09064e+15 1.04089e+16 1.65641e+16 2.25129e+16 2.72031e+16 2.97849e+16 2.97849e+16 2.72031e+16 2.25129e+16 1.65642e+16 1.04089e+16 5.09064e+15 1.45263e+15 1.68956e+13 3.37556e+11 7.94705e+09 1.86809e+08 4.38026e+06 98022.3
156736 7.02248e+06 3.00177e+08 1.27927e+10 5.44115e+11 2.72194e+13 2.3153e+15 8.10702e+15 1.65699e+16 2.63618e+16 3.58232e+16 4.32821e+16 4.73878e+16 4.73878e+16 4.32821e+16 3.58232e+16 2.63618e+16 1.65699e+16 8.10702e+15 2.3153e+15 2.72194e+13 5.44115e+11 1.27927e+10 3.00177e+08 7.02248e+06 156736
214006 9.59787e+06 4.10622e+08 1.75125e+10 7.4534e+11 3.72712e+13 3.14927e+15 1.10214e+16 2.2521e+16 3.5824e+16 4.86761e+16 5.8807e+16 6.43832e+16 6.43832e+16 5.8807e+16 4.86761e+16 3.5824e+16 2.2521e+16 1.10214e+16 3.14927e+15 3.72712e+13 7.4534e+11 1.75125e+10 4.10622e+08 9.59787e+06 214006
259329 1.1636e+07 4.98034e+08 2.12488e+10 9.04682e+11 4.52286e+13 3.80667e+15 1.33181e+16 2.721e+16 4.32785e+16 5.88009e+16 7.10361e+16 7.77704e+16 7.77704e+16 7.10361e+16 5.88009e+16 4.32785e+16 2.721e+16 1.33181e+16 3.80667e+15 4.52286e+13 9.04682e+11 2.12488e+10 4.98034e+08 1.1636e+07 259329
284315 1.27597e+07 5.46235e+08 2.33095e+10 9.92578e+11 4.96174e+13 4.16845e+15 1.45818e+16 2.97898e+16 4.73796e+16 6.43709e+16 7.77635e+16 8.51347e+16 8.51347e+16 7.77635e+16 6.43709e+16 4.73796e+16 2.97898e+16 1.45818e+16 4.16845e+15 4.96174e+13 9.92578e+11 2.33095e+10 5.46235e+08 1.27597e+07 284315
284315 1.27597e+07 5.46235e+08 2.33095e+10 9.92578e+11 4.96174e+13 4.16845e+15 1.45818e+16 2.97898e+16 4.73796e+16 6.43709e+16 7.77635e+16 8.51347e+16 8.51347e+16 7.77635e+16 6.43709e+16 4.73796e+16 2.97898e+16 1.45818e+16 4.16845e+15 4.96174e+13 9.92578e+11 2.33095e+10 5.46235e+08 1.27597e+07 284315
259329 1.1636e+07 4.98034e+08 2.12488e+10 9.04682e+11 4.52286e+13 3.80667e+15 1.33181e+16 2.721e+16 4.32785e+16 5.88009e+16 7.10361e+16 7.77704e+16 7.77704e+16 7.10361e+16 5.88009e+16 4.32785e+16 2.721e+16 1.33181e+16 3.80667e+15 4.52286e+13 9.04682e+11 2.12488e+10 4.98034e+08 1.1636e+07 259329
214006 9.59787e+06 4.10622e+08 1.75125e+10 7.4534e+11 3.72712e+13 3.14927e+15 1.10214e+16 2.2521e+16 3.5824e+16 4.86761e+16 5.8807e+16 6.43832e+16 6.43832e+16 5.8807e+16 4.86761e+16 3.5824e+16 2.2521e+16 1.10214e+16 3.14927e+15 3.72712e+13 7.4534e+11 1.75125e+10 4.10622e+08 9.59787e+06 214006
156736 7.02248e+06 3.00177e+08 1.27927e+10 5.44115e+11 2.72194e+13 2.3153e+15 8.10702e+15 1.65699e+16 2.63618e+16 3.58232e+16 4.32821e+16 4.73878e+16 4.73878e+16 4.32821e+16 3.58232e+16 2.63618e+16 1.65699e+16 8.10702e+15 2.3153e+15 2.72194e+13 5.44115e+11 1.27927e+10 3.00177e+08 7.02248e+06 156736
98022.3 4.38026e+06 1.86809e+08 7.94705e+09 3.37556e+11 1.68956e+13 1.45263e+15 5.09064e+15 1.04089e+16 1.65642e+16 2.25129e+16 2.72031e+16 2.97849e+16 2.97849e+16 2.72031e+16 2.25129e+16 1.65641e+16 1.04089e+16 5.09064e+15 1.45263e+15 1.68956e+13 3.37556e+11 7.94705e+09 1.86809e+08 4.38026e+06 98022.3
48451.9 2.14394e+06 9.06107e+07 3.82623e+09 1.61644e+11 8.08712e+12 7.08222e+14 2.48544e+15 5.08535e+15 8.09585e+15 1.10062e+16 1.33012e+16 1.45647e+16 1.45647e+16 1.33012e+16 1.10062e+16 8.09585e+15 5.08535e+15 2.48544e+15 7.08222e+14 8.08712e+12 1.61644e+11 3.82623e+09 9.06107e+07 2.14394e+06 48451.9
16161 684541 2.75978e+07 1.11193e+09 4.50008e+10 2.19752e+12 2.00548e+14 7.06014e+14 1.44662e+15 2.30501e+15 3.13535e+15 3.79038e+15 4.15106e+15 4.15106e+15 3.79038e+15 3.13535e+15 2.30501e+15 1.44662e+15 7.06014e+14 2.00548e+14 2.19752e+12 4.50008e+10 1.11193e+09 2.75978e+07 684541 16161
2741.96 95421.2 2.89475e+06 7.59367e+07 1.47877e+09 2.10018e+10 2.10335e+12 7.7294e+12 1.61482e+13 2.60284e+13 3.56646e+13 4.33056e+13 4.7525e+13 4.7525e+13 4.33056e+13 3.56646e+13 2.60284e+13 1.61482e+13 7.7294e+12 2.10335e+12 2.10018e+10 1.47877e+09 7.59367e+07 2.89475e+06 95421.2 2741.96
292.126 8265.9 193285 3.78913e+06 6.32771e+07 1.43412e+09 4.28658e+10 1.53788e+11 3.21188e+11 5.18034e+11 7.10137e+11 8.62517e+11 9.46674e+11 9.46675e+11 8.62517e+11 7.10137e+11 5.18034e+11 3.21188e+11 1.53788e+11 4.28658e+10 1.43412e+09 6.32771e+07 3.78913e+06 193285 8265.9 292.126
23.471 564.958 11266.9 203642 3.7055e+06 7.30652e+07 1.05929e+09 3.64089e+09 7.56299e+09 1.21815e+10 1.66877e+10 2.02609e+10 2.22339e+10 2.22339e+10 2.02609e+10 1.66877e+10 1.21815e+10 7.56299e+09 3.64089e+09 1.05929e+09 7.30652e+07 3.7055e+06 203642 11266.9 564.958 23.471
1.6026 34.6422 636.183 11078.1 187161 2.77567e+06 2.62928e+07 8.62355e+07 1.77811e+08 2.85879e+08 3.91335e+08 4.74933e+08 5.21084e+08 5.21084e+08 4.74933e+08 3.91335e+08 2.85879e+08 1.77811e+08 8.62355e+07 2.62928e+07 2.77567e+06 187161 11078.1 636.183 34.6422 1.6026
0.0989149 1.98654 34.1776 549.979 7964.53 91324.3 652194 2.04074e+06 4.16995e+06 6.68898e+06 9.14829e+06 1.10975e+07 1.21734e+07 1.21734e+07 1.10975e+07 9.14829e+06 6.68898e+06 4.16995e+06 2.04074e+06 652194 91324.3 7964.53 549.979 34.1776 1.98654 0.0989148
0.00517232 0.0978715 1.5672 22.7204 280.694 2621.33 15397.8 46126.2 93330.1 149314 204007 247356 271278 271278 247356 204007 149314 93330.1 46126.2 15397.8 2621.33 280.694 22.7204 1.5672 0.0978715 0.00517232
