5.30768e-06 9.93187e-05 0.00156811 0.0223896 0.272624 2.51427 14.6102 43.2802 86.5228 136.834 185.155 222.958 243.654 243.654 222.958 185.155 136.834 86.5228 43.2802 14.6102 2.51427 0.272624 0.0223896 0.00156811 9.93187e-05 5.30768e-06
0.00010104 0.00200965 0.0341253 0.540433 7.69784 87.0175 614.406 1900.08 3833.34 6074.52 8223.81 9904.51 10824.5 10824.5 9904.51 8223.81 6074.52 3833.34 1900.08 614.406 87.0175 7.69784 0.540433 0.0341253 0.00200965 0.00010104
0.00162562 0.0348843 0.634339 10.8873 180.536 2631.58 24624.3 79776.5 162289 257592 348873 420231 459291 459291 420231 348873 257592 162289 79776.5 24624.3 2631.58 180.536 10.8873 0.634339 0.0348843 0.00162562
0.0235773 0.564429 11.1949 200.652 3587.5 69123.7 987955 3.35215e+06 6.86476e+06 1.09086e+07 1.47785e+07 1.78033e+07 1.9459e+07 1.9459e+07 1.78033e+07 1.47785e+07 1.09086e+07 6.86476e+06 3.35215e+06 987955 69123.7 3587.5 200.652 11.1949 0.564429 0.0235773
0.29001 8.16274 190.236 3725.93 61979.3 1.36252e+06 3.98836e+07 1.41151e+08 2.90401e+08 4.61803e+08 6.25762e+08 7.53913e+08 8.24062e+08 8.24062e+08 7.53913e+08 6.25762e+08 4.61803e+08 2.90401e+08 1.41151e+08 3.98836e+07 1.36252e+06 61979.3 3725.93 190.236 8.16274 0.29001
2.68856 92.9808 2808.48 73607.1 1.44365e+06 2.07153e+07 1.96148e+09 7.1059e+09 1.46189e+10 2.32281e+10 3.14582e+10 3.78894e+10 4.14094e+10 4.14094e+10 3.78894e+10 3.14582e+10 2.32281e+10 1.46189e+10 7.1059e+09 1.96148e+09 2.07153e+07 1.44365e+06 73607.1 2808.48 92.9808 2.68856
15.6568 658.417 26388.4 1.05877e+06 4.27451e+07 2.07843e+09 1.86964e+11 6.51573e+11 1.31997e+12 2.08066e+12 2.80512e+12 3.37003e+12 3.6789e+12 3.6789e+12 3.37003e+12 2.80512e+12 2.08066e+12 1.31997e+12 6.51573e+11 1.86964e+11 2.07843e+09 4.27451e+07 1.05877e+06 26388.4 658.417 15.6568
46.3946 2036.92 85527.1 3.59403e+06 1.51347e+08 7.53965e+09 6.539e+11 2.27316e+12 4.6005e+12 7.24801e+12 9.76878e+12 1.17341e+13 1.28086e+13 1.28086e+13 1.17341e+13 9.76878e+12 7.24801e+12 4.6005e+12 2.27315e+12 6.539e+11 7.53965e+09 1.51347e+08 3.59403e+06 85527.1 2036.92 46.3946
92.7199 4108.09 173930 7.35755e+06 3.11266e+08 1.55101e+10 1.32606e+12 4.60533e+12 9.317e+12 1.4676e+13 1.9778e+13 2.37556e+13 2.59303e+13 2.59303e+13 2.37556e+13 1.9778e+13 1.4676e+13 9.317e+12 4.60533e+12 1.32606e+12 1.55101e+10 3.11266e+08 7.35755e+06 173930 4108.09 92.7199
146.554 6506.21 275907 1.16847e+07 4.94676e+08 2.46326e+10 2.09084e+12 7.25782e+12 1.46805e+13 2.31222e+13 3.11586e+13 3.7424e+13 4.08494e+13 4.08494e+13 3.7424e+13 3.11587e+13 2.31222e+13 1.46805e+13 7.25782e+12 2.09084e+12 2.46326e+10 4.94676e+08 1.16847e+07 275907 6506.21 146.554
198.191 8802.93 373446 1.58197e+07 6.69862e+08 3.33415e+10 2.81878e+12 9.78199e+12 1.97841e+13 3.11589e+13 4.19874e+13 5.04293e+13 5.50446e+13 5.50446e+13 5.04293e+13 4.19873e+13 3.11589e+13 1.97841e+13 9.78199e+12 2.81878e+12 3.33415e+10 6.69862e+08 1.58197e+07 373446 8802.93 198.191
238.541 10596.7 449601 1.90476e+07 8.06606e+08 4.01381e+10 3.38605e+12 1.17489e+13 2.37608e+13 3.74208e+13 5.04247e+13 6.05625e+13 6.61049e+13 6.61049e+13 6.05625e+13 5.04247e+13 3.74208e+13 2.37608e+13 1.17489e+13 3.38605e+12 4.01381e+10 8.06606e+08 1.90476e+07 449601 10596.7 238.541
260.613 11577.8 491249 2.08129e+07 8.8139e+08 4.38549e+10 3.69607e+12 1.28237e+13 2.5934e+13 4.08428e+13 5.50355e+13 6.61e+13 7.2149e+13 7.2149e+13 6.61e+13 5.50355e+13 4.08429e+13 2.5934e+13 1.28237e+13 3.69607e+12 4.38549e+10 8.8139e+08 2.08129e+07 491249 11577.8 260.613
260.613 11577.8 491249 2.08129e+07 8.8139e+08 4.38549e+10 3.69607e+12 1.28237e+13 2.5934e+13 4.08429e+13 5.50355e+13 6.61e+13 7.2149e+13 7.2149e+13 6.61e+13 5.50355e+13 4.08428e+13 2.5934e+13 1.28237e+13 3.69607e+12 4.38549e+10 8.8139e+08 2.08129e+07 491249 11577.8 260.613
238.541 10596.7 449601 1.90476e+07 8.06606e+08 4.01381e+10 3.38605e+12 1.17489e+13 2.37608e+13 3.74208e+13 5.04247e+13 6.05625e+13 6.61049e+13 6.61049e+13 6.05625e+13 5.04247e+13 3.74208e+13 2.37608e+13 1.17489e+13 3.38605e+12 4.01381e+10 8.06606e+08 1.90476e+07 449601 10596.7 238.541
198.191 8802.93 373446 1.58197e+07 6.69862e+08 3.33415e+10 2.81878e+12 9.78199e+12 1.97841e+13 3.11589e+13 4.19873e+13 5.04293e+13 5.50446e+13 5.50446e+13 5.04293e+13 4.19874e+13 3.11589e+13 1.97841e+13 9.78199e+12 2.81878e+12 3.33415e+10 6.69862e+08 1.58197e+07 373446 8802.93 198.191
146.554 6506.21 275907 1.16847e+07 4.94676e+08 2.46326e+10 2.09084e+12 7.25782e+12 1.46805e+13 2.31222e+13 3.11587e+13 3.7424e+13 4.08494e+13 4.08494e+13 3.7424e+13 3.11586e+13 2.31222e+13 1.46805e+13 7.25782e+12 2.09084e+12 2.46326e+10 4.94676e+08 1.16847e+07 275907 6506.21 146.554
92.7199 4108.09 173930 7.35755e+06 3.11266e+08 1.55101e+10 1.32606e+12 4.60533e+12 9.317e+12 1.4676e+13 1.9778e+13 2.37556e+13 2.59303e+13 2.59303e+13 2.37556e+13 1.9778e+13 1.4676e+13 9.317e+12 4.60533e+12 1.32606e+12 1.55101e+10 3.11266e+08 7.35755e+06 173930 4108.09 92.7199
46.3946 2036.92 85527.1 3.59403e+06 1.51347e+08 7.53965e+09 6.539e+11 2.27315e+12 4.6005e+12 7.24801e+12 9.76878e+12 1.17341e+13 1.28086e+13 1.28086e+13 1.17341e+13 9.76878e+12 7.24801e+12 4.6005e+12 2.27316e+12 6.539e+11 7.53965e+09 1.51347e+08 3.59403e+06 85527.1 2036.92 46.3946
15.6568 658.417 26388.4 1.05877e+06 4.27451e+07 2.07843e+09 1.86964e+11 6.51573e+11 1.31997e+12 2.08066e+12 2.80512e+12 3.37003e+12 3.6789e+12 3.6789e+12 3.37003e+12 2.80512e+12 2.08066e+12 1.31997e+12 6.51573e+11 1.86964e+11 2.07843e+09 4.27451e+07 1.05877e+06 26388.4 658.417 15.6568
2.68856 92.9808 2808.48 73607.1 1.44365e+06 2.07153e+07 1.96148e+09 7.1059e+09 1.46189e+10 2.32281e+10 3.14582e+10 3.78894e+10 4.14094e+10 4.14094e+10 3.78894e+10 3.14582e+10 2.32281e+10 1.46189e+10 7.1059e+09 1.96148e+09 2.07153e+07 1.44365e+06 73607.1 2808.48 92.9808 2.68856
0.29001 8.16274 190.236 3725.93 61979.3 1.36252e+06 3.98836e+07 1.41151e+08 2.90401e+08 4.61803e+08 6.25762e+08 7.53913e+08 8.24062e+08 8.24062e+08 7.53913e+08 6.25762e+08 4.61803e+08 2.90401e+08 1.41151e+08 3.98836e+07 1.36252e+06 61979.3 3725.93 190.236 8.16274 0.29001
0.0235773 0.564429 11.1949 200.652 3587.5 69123.7 987955 3.35215e+06 6.86476e+06 1.09086e+07 1.47785e+07 1.78033e+07 1.9459e+07 1.9459e+07 1.78033e+07 1.47785e+07 1.09086e+07 6.86476e+06 3.35215e+06 987955 69123.7 3587.5 200.652 11.1949 0.564429 0.0235773
0.00162562 0.0348843 0.634339 10.8873 180.536 2631.58 24624.3 79776.5 162289 257592 348873 420231 459291 459291 420231 348873 257592 162289 79776.5 24624.3 2631.58 180.536 10.8873 0.634339 0.0348843 0.00162562
0.00010104 0.00200965 0.0341253 0.540433 7.69784 87.0175 614.406 1900.08 3833.34 6074.52 8223.81 9904.51 10824.5 10824.5 9904.5 8223.81 6074.52 3833.34 1900.08 614.406 87.0175 7.69784 0.540433 0.0341253 0.00200965 0.00010104
5.30768e-06 9.93187e-05 0.00156811 0.0223896 0.272624 2.51427 14.6102 43.2802 86.5228 136.834 185.155 222.958 243.654 243.654 222.958 185.155 136.834 86.5228 43.2802 14.6102 2.51427 0.272624 0.0223896 0.00156811 9.93187e-05 5.30768e-06
