0.00177924 0.0336176 0.537598 7.78511 96.0831 896.444 5261.38 15753.9 31873.4 51008.2 69731.3 84596.2 92810.6 92810.6 84596.2 69731.3 51008.2 31873.4 15753.9 5261.38 896.444 96.0831 7.78511 0.537598 0.0336176 0.00177924
0.0339666 0.680973 11.6979 188.021 2720.25 31163.8 222373 695440 1.42082e+06 2.27977e+06 3.11969e+06 3.78663e+06 4.15526e+06 4.15526e+06 3.78663e+06 3.11969e+06 2.27977e+06 1.42082e+06 695440 222373 31163.8 2720.25 188.021 11.6979 0.680973 0.0339666
0.549427 11.8527 217.282 3778.78 63788.5 945352 8.94834e+06 2.93313e+07 6.04661e+07 9.72404e+07 1.33187e+08 1.61737e+08 1.77522e+08 1.77522e+08 1.61737e+08 1.33187e+08 9.72404e+07 6.04661e+07 2.93313e+07 8.94834e+06 945352 63788.5 3778.78 217.282 11.8527 0.549427
8.03593 193.009 3841.4 69323.2 1.26039e+06 2.48444e+07 3.60002e+08 1.23653e+09 2.56789e+09 4.13701e+09 5.67076e+09 6.8894e+09 7.56337e+09 7.56337e+09 6.8894e+09 5.67076e+09 4.13701e+09 2.56789e+09 1.23653e+09 3.60002e+08 2.48444e+07 1.26039e+06 69323.2 3841.4 193.009 8.03593
99.9074 2820.69 65820.7 1.28799e+06 2.14802e+07 4.86908e+08 1.45535e+10 5.21733e+10 1.08929e+11 1.7573e+11 2.41046e+11 2.92969e+11 3.21694e+11 3.21694e+11 2.92969e+11 2.41046e+11 1.7573e+11 1.08929e+11 5.21734e+10 1.45535e+10 4.86908e+08 2.14802e+07 1.28799e+06 65820.7 2820.69 99.9074
936.88 32532.7 984992 2.5795e+07 5.0149e+08 7.1116e+09 7.13599e+11 2.62004e+12 5.47143e+12 8.82056e+12 1.2093e+13 1.46935e+13 1.61319e+13 1.61319e+13 1.46935e+13 1.2093e+13 8.82056e+12 5.47143e+12 2.62004e+12 7.13599e+11 7.1116e+09 5.0149e+08 2.5795e+07 984992 32532.7 936.88
5517.8 233215 9.38495e+06 3.77588e+08 1.5266e+10 7.45155e+11 6.80144e+13 2.39218e+14 4.89794e+14 7.8014e+14 1.06112e+15 1.28296e+15 1.4052e+15 1.4052e+15 1.28296e+15 1.06112e+15 7.8014e+14 4.89794e+14 2.39218e+14 6.80144e+13 7.45155e+11 1.5266e+10 3.77588e+08 9.38495e+06 233215 5517.8
16536.2 730073 3.07966e+07 1.29852e+09 5.47975e+10 2.73992e+12 2.39963e+14 8.4137e+14 1.72022e+15 2.73752e+15 3.72132e+15 4.49767e+15 4.92535e+15 4.92535e+15 4.49767e+15 3.72132e+15 2.73752e+15 1.72022e+15 8.4137e+14 2.39963e+14 2.73992e+12 5.47975e+10 1.29852e+09 3.07966e+07 730073 16536.2
33454 1.4915e+06 6.34841e+07 2.69649e+09 1.14403e+11 5.72212e+12 4.9184e+14 1.72207e+15 3.51856e+15 5.5971e+15 7.60657e+15 9.192e+15 1.00653e+16 1.00653e+16 9.192e+15 7.60657e+15 5.5971e+15 3.51856e+15 1.72207e+15 4.9184e+14 5.72212e+12 1.14403e+11 2.69649e+09 6.34841e+07 1.4915e+06 33454
53513.5 2.39208e+06 1.02046e+08 4.34214e+09 1.84473e+11 9.22098e+12 7.83702e+14 2.7416e+15 5.59945e+15 8.905e+15 1.21001e+16 1.46206e+16 1.60088e+16 1.60088e+16 1.46206e+16 1.21001e+16 8.905e+15 5.59945e+15 2.7416e+15 7.83702e+14 9.22098e+12 1.84473e+11 4.34214e+09 1.02046e+08 2.39208e+06 53513.5
73114.4 3.27147e+06 1.39685e+08 5.94828e+09 2.52879e+11 1.26348e+13 1.06604e+15 3.72723e+15 7.61055e+15 1.21014e+16 1.64414e+16 1.98649e+16 2.17504e+16 2.17504e+16 1.98649e+16 1.64414e+16 1.21014e+16 7.61055e+15 3.72723e+15 1.06604e+15 1.26348e+13 2.52879e+11 5.94828e+09 1.39685e+08 3.27147e+06 73114.4
88656 3.9688e+06 1.69539e+08 7.22262e+09 3.07178e+11 1.53437e+13 1.28883e+15 4.50464e+15 9.19653e+15 1.46217e+16 1.98644e+16 2.39996e+16 2.6277e+16 2.6277e+16 2.39996e+16 1.98644e+16 1.46217e+16 9.19653e+15 4.50464e+15 1.28883e+15 1.53437e+13 3.07178e+11 7.22262e+09 1.69539e+08 3.9688e+06 88656
97236.3 4.35386e+06 1.86028e+08 7.92667e+09 3.37186e+11 1.68406e+13 1.41153e+15 4.93273e+15 1.00698e+16 1.60094e+16 2.17489e+16 2.62758e+16 2.8769e+16 2.8769e+16 2.62758e+16 2.17489e+16 1.60094e+16 1.00698e+16 4.93273e+15 1.41153e+15 1.68406e+13 3.37186e+11 7.92667e+09 1.86028e+08 4.35386e+06 97236.3
97236.3 4.35386e+06 1.86028e+08 7.92667e+09 3.37186e+11 1.68406e+13 1.41153e+15 4.93273e+15 1.00698e+16 1.60094e+16 2.17489e+16 2.62758e+16 2.8769e+16 2.8769e+16 2.62758e+16 2.17489e+16 1.60094e+16 1.00698e+16 4.93273e+15 1.41153e+15 1.68406e+13 3.37186e+11 7.92667e+09 1.86028e+08 4.35386e+06 97236.3
88656 3.9688e+06 1.69539e+08 7.22262e+09 3.07178e+11 1.53437e+13 1.28883e+15 4.50464e+15 9.19653e+15 1.46217e+16 1.98644e+16 2.39996e+16 2.6277e+16 2.6277e+16 2.39996e+16 1.98644e+16 1.46217e+16 9.19653e+15 4.50464e+15 1.28883e+15 1.53437e+13 3.07178e+11 7.22262e+09 1.69539e+08 3.9688e+06 88656
73114.4 3.27147e+06 1.39685e+08 5.94828e+09 2.52879e+11 1.26348e+13 1.06604e+15 3.72723e+15 7.61055e+15 1.21014e+16 1.64414e+16 1.98649e+16 2.17504e+16 2.17504e+16 1.98649e+16 1.64414e+16 1.21014e+16 7.61055e+15 3.72723e+15 1.06604e+15 1.26348e+13 2.52879e+11 5.94828e+09 1.39685e+08 3.27147e+06 73114.4
53513.5 2.39208e+06 1.02046e+08 4.34214e+09 1.84473e+11 9.22098e+12 7.83702e+14 2.7416e+15 5.59945e+15 8.905e+15 1.21001e+16 1.46206e+16 1.60088e+16 1.60088e+16 1.46206e+16 1.21001e+16 8.905e+15 5.59945e+15 2.7416e+15 7.83702e+14 9.22098e+12 1.84472e+11 4.34214e+09 1.02046e+08 2.39208e+06 53513.5
33454 1.4915e+06 6.34841e+07 2.69649e+09 1.14403e+11 5.72212e+12 4.9184e+14 1.72207e+15 3.51856e+15 5.5971e+15 7.60657e+15 9.192e+15 1.00653e+16 1.00653e+16 9.192e+15 7.60657e+15 5.5971e+15 3.51856e+15 1.72207e+15 4.9184e+14 5.72212e+12 1.14403e+11 2.69649e+09 6.34841e+07 1.4915e+06 33454
16536.2 730073 3.07966e+07 1.29852e+09 5.47975e+10 2.73992e+12 2.39963e+14 8.4137e+14 1.72022e+15 2.73752e+15 3.72132e+15 4.49767e+15 4.92535e+15 4.92535e+15 4.49767e+15 3.72132e+15 2.73752e+15 1.72022e+15 8.4137e+14 2.39963e+14 2.73992e+12 5.47975e+10 1.29852e+09 3.07966e+07 730073 16536.2
5517.8 233215 9.38495e+06 3.77588e+08 1.5266e+10 7.45155e+11 6.80144e+13 2.39218e+14 4.89794e+14 7.8014e+14 1.06112e+15 1.28296e+15 1.4052e+15 1.4052e+15 1.28296e+15 1.06112e+15 7.8014e+14 4.89794e+14 2.39218e+14 6.80144e+13 7.45155e+11 1.5266e+10 3.77588e+08 9.38495e+06 233215 5517.8
936.88 32532.7 984992 2.5795e+07 5.0149e+08 7.1116e+09 7.13599e+11 2.62004e+12 5.47143e+12 8.82056e+12 1.2093e+13 1.46935e+13 1.61319e+13 1.61319e+13 1.46935e+13 1.2093e+13 8.82056e+12 5.47143e+12 2.62004e+12 7.13599e+11 7.1116e+09 5.0149e+08 2.5795e+07 984992 32532.7 936.88
99.9074 2820.69 65820.7 1.28799e+06 2.14802e+07 4.86908e+08 1.45535e+10 5.21734e+10 1.08929e+11 1.7573e+11 2.41046e+11 2.92969e+11 3.21694e+11 3.21694e+11 2.92969e+11 2.41046e+11 1.7573e+11 1.08929e+11 5.21733e+10 1.45535e+10 4.86908e+08 2.14802e+07 1.28799e+06 65820.7 2820.69 99.9074
8.03593 193.009 3841.4 69323.2 1.26039e+06 2.48444e+07 3.60002e+08 1.23653e+09 2.56789e+09 4.13701e+09 5.67076e+09 6.8894e+09 7.56337e+09 7.56337e+09 6.8894e+09 5.67076e+09 4.13701e+09 2.56789e+09 1.23653e+09 3.60002e+08 2.48444e+07 1.26039e+06 69323.2 3841.4 193.009 8.03593
0.549427 11.8527 217.282 3778.78 63788.5 945352 8.94834e+06 2.93313e+07 6.04661e+07 9.72404e+07 1.33187e+08 1.61737e+08 1.77522e+08 1.77522e+08 1.61737e+08 1.33187e+08 9.72404e+07 6.04661e+07 2.93313e+07 8.94834e+06 945352 63788.5 3778.78 217.282 11.8527 0.549427
0.0339666 0.680973 11.6979 188.021 2720.25 31163.8 222373 695440 1.42082e+06 2.27977e+06 3.11969e+06 3.78663e+06 4.15526e+06 4.15526e+06 3.78663e+06 3.11969e+06 2.27977e+06 1.42082e+06 695440 222373 31163.8 2720.25 188.021 11.6979 0.680973 0.0339666
0.00177924 0.0336176 0.537598 7.78511 96.0831 896.444 5261.38 15753.9 31873.4 51008.2 69731.3 84596.2 92810.6 92810.6 84596.2 69731.3 51008.2 31873.4 15753.9 5261.38 896.444 96.0831 7.78511 0.537598 0.0336176 0.00177924
