0.445152 8.42025 134.26 1933.04 23711.3 220133 1.2864e+06 3.82403e+06 7.65547e+06 1.20975e+07 1.63316e+07 1.9614e+07 2.1398e+07 2.1398e+07 1.9614e+07 1.63316e+07 1.20975e+07 7.65547e+06 3.82403e+06 1.2864e+06 220133 23711.3 1933.04 134.26 8.42025 0.445152
8.56432 172.529 2962.41 47333.1 679152 7.72653e+06 5.48595e+07 1.70313e+08 3.44219e+08 5.4515e+08 7.36334e+08 8.84408e+08 9.64842e+08 9.64842e+08 8.84408e+08 7.36334e+08 5.4515e+08 3.44219e+08 1.70313e+08 5.48595e+07 7.72653e+06 679152 47333.1 2962.41 172.529 8.56432
139.12 3027.49 55723.6 965436 1.61229e+07 2.36363e+08 2.22305e+09 7.23262e+09 1.47452e+10 2.33939e+10 3.16092e+10 3.7966e+10 4.14171e+10 4.14171e+10 3.7966e+10 3.16092e+10 2.33939e+10 1.47452e+10 7.23262e+09 2.22305e+09 2.36363e+08 1.61229e+07 965436 55723.6 3027.49 139.12
2034.18 49408.4 992412 1.7968e+07 3.23594e+08 6.26443e+09 8.99105e+10 3.06484e+11 6.29223e+11 9.99529e+11 1.35078e+12 1.62233e+12 1.76967e+12 1.76967e+12 1.62233e+12 1.35078e+12 9.99529e+11 6.29223e+11 3.06484e+11 8.99105e+10 6.26443e+09 3.23594e+08 1.7968e+07 992412 49408.4 2034.18
25199.5 719586 1.69787e+07 3.35965e+08 5.63599e+09 1.24396e+11 3.64959e+12 1.29829e+13 2.67878e+13 4.25856e+13 5.75537e+13 6.91159e+13 7.53854e+13 7.53854e+13 6.91159e+13 5.75537e+13 4.25856e+13 2.67878e+13 1.29829e+13 3.64959e+12 1.24396e+11 5.63599e+09 3.35965e+08 1.69787e+07 719586 25199.5
235092 8.24641e+06 2.52001e+08 6.66598e+09 1.31788e+11 1.90649e+12 1.80075e+14 6.56188e+14 1.35464e+15 2.15258e+15 2.9084e+15 3.49223e+15 3.80881e+15 3.80881e+15 3.49223e+15 2.9084e+15 2.15258e+15 1.35464e+15 6.56188e+14 1.80075e+14 1.90649e+12 1.31788e+11 6.66598e+09 2.52001e+08 8.24641e+06 235092
1.37622e+06 5.86933e+07 2.37858e+09 9.62106e+10 3.90584e+12 1.90488e+14 1.71698e+16 6.01769e+16 1.22472e+17 1.9354e+17 2.61104e+17 3.13582e+17 3.4217e+17 3.4217e+17 3.13582e+17 2.61104e+17 1.9354e+17 1.22472e+17 6.01769e+16 1.71698e+16 1.90488e+14 3.90584e+12 9.62106e+10 2.37858e+09 5.86933e+07 1.37622e+06
4.09042e+06 1.82198e+08 7.73836e+09 3.27961e+11 1.38947e+13 6.94806e+14 6.03749e+16 2.11015e+17 4.28958e+17 6.77482e+17 9.13737e+17 1.09726e+18 1.19725e+18 1.19725e+18 1.09726e+18 9.13737e+17 6.77482e+17 4.28958e+17 2.11015e+17 6.03749e+16 6.94806e+14 1.38947e+13 3.27961e+11 7.73836e+09 1.82198e+08 4.09042e+06
8.18135e+06 3.67901e+08 1.57614e+10 6.72665e+11 2.86407e+13 1.43337e+15 1.22943e+17 4.29212e+17 8.71982e+17 1.37661e+18 1.85615e+18 2.22857e+18 2.43146e+18 2.43146e+18 2.22857e+18 1.85615e+18 1.37661e+18 8.71982e+17 4.29212e+17 1.22943e+17 1.43337e+15 2.86407e+13 6.72665e+11 1.57614e+10 3.67901e+08 8.18135e+06
1.29123e+07 5.81902e+08 2.49727e+10 1.06706e+12 4.54666e+13 2.27476e+15 1.9421e+17 6.7765e+17 1.37615e+18 2.17181e+18 2.92755e+18 3.51428e+18 3.83384e+18 3.83384e+18 3.51428e+18 2.92755e+18 2.17181e+18 1.37615e+18 6.7765e+17 1.9421e+17 2.27476e+15 4.54666e+13 1.06706e+12 2.49727e+10 5.81902e+08 1.29123e+07
1.74088e+07 7.84916e+08 3.36953e+10 1.43996e+12 6.13552e+13 3.06904e+15 2.61812e+17 9.13316e+17 1.85424e+18 2.92554e+18 3.94264e+18 4.73198e+18 5.16181e+18 5.16181e+18 4.73198e+18 3.94264e+18 2.92554e+18 1.85424e+18 9.13316e+17 2.61812e+17 3.06904e+15 6.13552e+13 1.43996e+12 3.36953e+10 7.84916e+08 1.74088e+07
2.08854e+07 9.41715e+08 4.04252e+10 1.72738e+12 7.35898e+13 3.6806e+15 3.14201e+17 1.09599e+18 2.22476e+18 3.50947e+18 4.72877e+18 5.67478e+18 6.18982e+18 6.18982e+18 5.67478e+18 4.72877e+18 3.50947e+18 2.22476e+18 1.09599e+18 3.14201e+17 3.6806e+15 7.35898e+13 1.72738e+12 4.04252e+10 9.41715e+08 2.08854e+07
2.27714e+07 1.02672e+09 4.40713e+10 1.88299e+12 8.02088e+13 4.01146e+15 3.42694e+17 1.19536e+18 2.4263e+18 3.82702e+18 5.1562e+18 6.18729e+18 6.7486e+18 6.7486e+18 6.18729e+18 5.1562e+18 3.82702e+18 2.4263e+18 1.19536e+18 3.42694e+17 4.01146e+15 8.02088e+13 1.88299e+12 4.40713e+10 1.02672e+09 2.27714e+07
2.27714e+07 1.02672e+09 4.40713e+10 1.88299e+12 8.02088e+13 4.01146e+15 3.42694e+17 1.19536e+18 2.4263e+18 3.82702e+18 5.1562e+18 6.18729e+18 6.7486e+18 6.7486e+18 6.18729e+18 5.1562e+18 3.82702e+18 2.4263e+18 1.19536e+18 3.42694e+17 4.01146e+15 8.02088e+13 1.88299e+12 4.40713e+10 1.02672e+09 2.27714e+07
2.08854e+07 9.41715e+08 4.04252e+10 1.72738e+12 7.35898e+13 3.6806e+15 3.14201e+17 1.09599e+18 2.22476e+18 3.50947e+18 4.72877e+18 5.67478e+18 6.18982e+18 6.18982e+18 5.67478e+18 4.72877e+18 3.50947e+18 2.22476e+18 1.09599e+18 3.14201e+17 3.6806e+15 7.35898e+13 1.72738e+12 4.04252e+10 9.41715e+08 2.08854e+07
1.74088e+07 7.84916e+08 3.36953e+10 1.43996e+12 6.13552e+13 3.06904e+15 2.61812e+17 9.13316e+17 1.85424e+18 2.92554e+18 3.94264e+18 4.73198e+18 5.16181e+18 5.16181e+18 4.73198e+18 3.94264e+18 2.92554e+18 1.85424e+18 9.13316e+17 2.61812e+17 3.06904e+15 6.13552e+13 1.43996e+12 3.36953e+10 7.84916e+08 1.74088e+07
1.29123e+07 5.81902e+08 2.49727e+10 1.06706e+12 4.54666e+13 2.27476e+15 1.9421e+17 6.7765e+17 1.37615e+18 2.17181e+18 2.92755e+18 3.51428e+18 3.83384e+18 3.83384e+18 3.51428e+18 2.92755e+18 2.17181e+18 1.37615e+18 6.7765e+17 1.9421e+17 2.27476e+15 4.54666e+13 1.06706e+12 2.49727e+10 5.81902e+08 1.29123e+07
8.18135e+06 3.67901e+08 1.57614e+10 6.72665e+11 2.86407e+13 1.43337e+15 1.22943e+17 4.29212e+17 8.71982e+17 1.37661e+18 1.85615e+18 2.22857e+18 2.43146e+18 2.43146e+18 2.22857e+18 1.85615e+18 1.37661e+18 8.71982e+17 4.29212e+17 1.22943e+17 1.43337e+15 2.86407e+13 6.72665e+11 1.57614e+10 3.67901e+08 8.18135e+06
4.09042e+06 1.82198e+08 7.73836e+09 3.27961e+11 1.38947e+13 6.94806e+14 6.03749e+16 2.11015e+17 4.28958e+17 6.77482e+17 9.13737e+17 1.09726e+18 1.19725e+18 1.19725e+18 1.09726e+18 9.13737e+17 6.77482e+17 4.28958e+17 2.11015e+17 6.03749e+16 6.94806e+14 1.38947e+13 3.27961e+11 7.73836e+09 1.82198e+08 4.09042e+06
1.37622e+06 5.86933e+07 2.37858e+09 9.62106e+10 3.90584e+12 1.90488e+14 1.71698e+16 6.01769e+16 1.22472e+17 1.9354e+17 2.61104e+17 3.13582e+17 3.4217e+17 3.4217e+17 3.13582e+17 2.61104e+17 1.9354e+17 1.22472e+17 6.01769e+16 1.71698e+16 1.90488e+14 3.90584e+12 9.62106e+10 2.37858e+09 5.86933e+07 1.37622e+06
235092 8.24641e+06 2.52001e+08 6.66598e+09 1.31788e+11 1.90649e+12 1.80075e+14 6.56188e+14 1.35464e+15 2.15258e+15 2.9084e+15 3.49223e+15 3.80881e+15 3.80881e+15 3.49223e+15 2.9084e+15 2.15258e+15 1.35464e+15 6.56188e+14 1.80075e+14 1.90649e+12 1.31788e+11 6.66598e+09 2.52001e+08 8.24641e+06 235092
25199.5 719586 1.69787e+07 3.35965e+08 5.63599e+09 1.24396e+11 3.64959e+12 1.29829e+13 2.67878e+13 4.25856e+13 5.75537e+13 6.91159e+13 7.53854e+13 7.53854e+13 6.91159e+13 5.75537e+13 4.25856e+13 2.67878e+13 1.29829e+13 3.64959e+12 1.24396e+11 5.63599e+09 3.35965e+08 1.69787e+07 719586 25199.5
2034.18 49408.4 992412 1.7968e+07 3.23594e+08 6.26443e+09 8.99105e+10 3.06484e+11 6.29223e+11 9.99529e+11 1.35078e+12 1.62233e+12 1.76967e+12 1.76967e+12 1.62233e+12 1.35078e+12 9.99529e+11 6.29223e+11 3.06484e+11 8.99105e+10 6.26443e+09 3.23594e+08 1.7968e+07 992412 49408.4 2034.18
139.12 3027.49 55723.6 965436 1.61229e+07 2.36363e+08 2.22305e+09 7.23262e+09 1.47452e+10 2.33939e+10 3.16092e+10 3.7966e+10 4.14171e+10 4.14171e+10 3.7966e+10 3.16092e+10 2.33939e+10 1.47452e+10 7.23262e+09 2.22305e+09 2.36363e+08 1.61229e+07 965436 55723.6 3027.49 139.12
8.56432 172.529 2962.41 47333.1 679152 7.72653e+06 5.48595e+07 1.70313e+08 3.44219e+08 5.4515e+08 7.36334e+08 8.84408e+08 9.64842e+08 9.64842e+08 8.84408e+08 7.36334e+08 5.4515e+08 3.44219e+08 1.70313e+08 5.48595e+07 7.72653e+06 679152 47333.1 2962.41 172.529 8.56432
0.445152 8.42025 134.26 1933.04 23711.3 220133 1.2864e+06 3.82403e+06 7.65547e+06 1.20975e+07 1.63316e+07 1.9614e+07 2.1398e+07 2.1398e+07 1.9614e+07 1.63316e+07 1.20975e+07 7.65547e+06 3.82403e+06 1.2864e+06 220133 23711.3 1933.04 134.26 8.42025 0.445152
