5.72056e-06 0.000107491 0.00170847 0.0245893 0.301664 2.79801 16.3202 48.4813 97.2049 154.188 209.201 252.429 276.163 276.163 252.429 209.201 154.188 97.2049 48.4813 16.3202 2.79801 0.301664 0.0245893 0.00170847 0.000107491 5.72056e-06
0.000108713 0.00216741 0.0370048 0.591044 8.49817 96.7815 686.41 2128.95 4308.15 6848.19 9297.33 11221.3 12277.6 12277.6 11221.3 9297.33 6848.19 4308.15 2128.95 686.41 96.7815 8.49817 0.591044 0.0370048 0.00216741 0.000108713
0.00174964 0.0375421 0.684279 11.8288 198.425 2923.17 27511.2 89400.3 182442 290519 394624 476394 521294 521294 476394 394624 290519 182442 89400.3 27511.2 2923.17 198.425 11.8288 0.684279 0.0375421 0.00174964
0.0254549 0.608235 12.0446 216.264 3908.83 76571.8 1.10371e+06 3.75676e+06 7.71863e+06 1.2307e+07 1.6724e+07 2.01935e+07 2.20988e+07 2.20988e+07 2.01935e+07 1.6724e+07 1.2307e+07 7.71863e+06 3.75676e+06 1.10371e+06 76571.8 3908.83 216.264 12.0446 0.608235 0.0254549
0.314721 8.84079 205.369 4003.7 66517.8 1.49789e+06 4.45495e+07 1.58181e+08 3.26551e+08 5.2112e+08 7.08387e+08 8.5551e+08 9.36318e+08 9.36318e+08 8.5551e+08 7.08387e+08 5.2112e+08 3.26551e+08 1.58181e+08 4.45495e+07 1.49789e+06 66517.8 4003.7 205.369 8.84079 0.314721
2.93432 101.386 3056.6 79793.9 1.54879e+06 2.19409e+07 2.18462e+09 7.942e+09 1.63956e+10 2.61431e+10 3.55185e+10 4.2882e+10 4.69258e+10 4.69258e+10 4.2882e+10 3.55185e+10 2.61431e+10 1.63956e+10 7.942e+09 2.18462e+09 2.19409e+07 1.54879e+06 79793.9 3056.6 101.386 2.93432
17.1731 722.31 28951.6 1.16159e+06 4.68919e+07 2.28737e+09 2.08141e+11 7.26873e+11 1.47572e+12 2.33134e+12 3.14936e+12 3.78928e+12 4.1399e+12 4.1399e+12 3.78928e+12 3.14936e+12 2.33134e+12 1.47572e+12 7.26873e+11 2.08141e+11 2.28737e+09 4.68919e+07 1.16159e+06 28951.6 722.31 17.1731
51.0564 2242.34 94176.3 3.95809e+06 1.66687e+08 8.32693e+09 7.29099e+11 2.53941e+12 5.14993e+12 8.13083e+12 1.09796e+13 1.32075e+13 1.4428e+13 1.4428e+13 1.32075e+13 1.09796e+13 8.13083e+12 5.14993e+12 2.53941e+12 7.29099e+11 8.32693e+09 1.66687e+08 3.95809e+06 94176.3 2242.34 51.0564
102.359 4537.2 192170 8.13145e+06 3.44068e+08 1.719e+10 1.48159e+12 5.15472e+12 1.04493e+13 1.64935e+13 2.22689e+13 2.67852e+13 2.92593e+13 2.92593e+13 2.67852e+13 2.22689e+13 1.64935e+13 1.04493e+13 5.15472e+12 1.48159e+12 1.719e+10 3.44068e+08 8.13145e+06 192170 4537.2 102.359
162.292 7209.07 305870 1.2959e+07 5.48806e+08 2.73984e+10 2.34123e+12 8.14072e+12 1.64983e+13 2.60382e+13 3.51527e+13 4.22799e+13 4.61841e+13 4.61841e+13 4.22799e+13 3.51527e+13 2.60381e+13 1.64983e+13 8.14072e+12 2.34124e+12 2.73984e+10 5.48806e+08 1.2959e+07 305870 7209.07 162.292
220.081 9781.98 415245 1.76e+07 7.45584e+08 3.7204e+10 3.16271e+12 1.09931e+13 2.22759e+13 3.51536e+13 4.74567e+13 5.70768e+13 6.23465e+13 6.23465e+13 5.70768e+13 4.74567e+13 3.51536e+13 2.22759e+13 1.09931e+13 3.16271e+12 3.7204e+10 7.45584e+08 1.76e+07 415244 9781.98 220.081
265.438 11800.7 501049 2.12408e+07 8.9998e+08 4.48959e+10 3.80498e+12 1.32227e+13 2.67917e+13 4.22781e+13 5.7073e+13 6.86413e+13 7.49781e+13 7.49781e+13 6.86413e+13 5.7073e+13 4.22781e+13 2.67917e+13 1.32227e+13 3.80498e+12 4.48959e+10 8.9998e+08 2.12408e+07 501049 11800.7 265.438
290.321 12908.2 548124 2.32385e+07 9.84706e+08 4.91163e+10 4.15675e+12 1.44438e+13 2.92646e+13 4.61794e+13 6.23387e+13 7.49737e+13 8.18948e+13 8.18948e+13 7.49737e+13 6.23387e+13 4.61794e+13 2.92646e+13 1.44438e+13 4.15675e+12 4.91163e+10 9.84706e+08 2.32385e+07 548124 12908.2 290.321
290.321 12908.2 548124 2.32385e+07 9.84706e+08 4.91163e+10 4.15675e+12 1.44438e+13 2.92646e+13 4.61794e+13 6.23387e+13 7.49737e+13 8.18948e+13 8.18948e+13 7.49737e+13 6.23387e+13 4.61794e+13 2.92646e+13 1.44438e+13 4.15675e+12 4.91163e+10 9.84706e+08 2.32385e+07 548124 12908.2 290.321
265.438 11800.7 501049 2.12408e+07 8.9998e+08 4.48959e+10 3.80498e+12 1.32227e+13 2.67917e+13 4.22781e+13 5.7073e+13 6.86413e+13 7.49781e+13 7.49781e+13 6.86413e+13 5.7073e+13 4.22781e+13 2.67917e+13 1.32227e+13 3.80498e+12 4.48959e+10 8.9998e+08 2.12408e+07 501049 11800.7 265.438
220.081 9781.98 415244 1.76e+07 7.45584e+08 3.7204e+10 3.16271e+12 1.09931e+13 2.22759e+13 3.51536e+13 4.74567e+13 5.70768e+13 6.23465e+13 6.23465e+13 5.70768e+13 4.74567e+13 3.51536e+13 2.22759e+13 1.09931e+13 3.16271e+12 3.7204e+10 7.45584e+08 1.76e+07 415245 9781.98 220.081
162.292 7209.07 305870 1.2959e+07 5.48806e+08 2.73984e+10 2.34124e+12 8.14072e+12 1.64983e+13 2.60381e+13 3.51527e+13 4.22799e+13 4.61841e+13 4.61841e+13 4.22799e+13 3.51527e+13 2.60381e+13 1.64983e+13 8.14072e+12 2.34123e+12 2.73984e+10 5.48806e+08 1.2959e+07 305870 7209.07 162.292
102.359 4537.2 192170 8.13145e+06 3.44068e+08 1.719e+10 1.48159e+12 5.15472e+12 1.04493e+13 1.64935e+13 2.22689e+13 2.67852e+13 2.92593e+13 2.92593e+13 2.67852e+13 2.22689e+13 1.64935e+13 1.04493e+13 5.15472e+12 1.48159e+12 1.719e+10 3.44068e+08 8.13145e+06 192170 4537.2 102.359
51.0564 2242.34 94176.3 3.95809e+06 1.66687e+08 8.32693e+09 7.29099e+11 2.53941e+12 5.14993e+12 8.13083e+12 1.09796e+13 1.32075e+13 1.4428e+13 1.4428e+13 1.32075e+13 1.09796e+13 8.13083e+12 5.14993e+12 2.53941e+12 7.29098e+11 8.32693e+09 1.66687e+08 3.95809e+06 94176.3 2242.34 51.0564
17.1731 722.31 28951.6 1.16159e+06 4.68919e+07 2.28737e+09 2.08141e+11 7.26873e+11 1.47572e+12 2.33134e+12 3.14936e+12 3.78928e+12 4.1399e+12 4.1399e+12 3.78928e+12 3.14936e+12 2.33134e+12 1.47572e+12 7.26873e+11 2.08141e+11 2.28737e+09 4.68919e+07 1.16159e+06 28951.6 722.31 17.1731
2.93432 101.386 3056.6 79793.9 1.54879e+06 2.19409e+07 2.18462e+09 7.942e+09 1.63956e+10 2.61431e+10 3.55185e+10 4.2882e+10 4.69258e+10 4.69258e+10 4.2882e+10 3.55185e+10 2.61431e+10 1.63956e+10 7.942e+09 2.18462e+09 2.19409e+07 1.54879e+06 79793.9 3056.6 101.386 2.93432
0.314721 8.84079 205.369 4003.7 66517.8 1.49789e+06 4.45495e+07 1.58181e+08 3.26551e+08 5.2112e+08 7.08387e+08 8.5551e+08 9.36318e+08 9.36318e+08 8.5551e+08 7.08387e+08 5.2112e+08 3.26551e+08 1.58181e+08 4.45495e+07 1.49789e+06 66517.8 4003.7 205.369 8.84079 0.314721
0.0254549 0.608235 12.0446 216.264 3908.83 76571.8 1.10371e+06 3.75676e+06 7.71863e+06 1.2307e+07 1.6724e+07 2.01935e+07 2.20988e+07 2.20988e+07 2.01935e+07 1.6724e+07 1.2307e+07 7.71863e+06 3.75676e+06 1.10371e+06 76571.8 3908.83 216.264 12.0446 0.608235 0.0254549
0.00174964 0.0375421 0.684279 11.8288 198.425 2923.17 27511.2 89400.3 182442 290519 394624 476394 521294 521294 476394 394624 290519 182442 89400.3 27511.2 2923.17 198.425 11.8288 0.684279 0.0375421 0.00174964
0.000108713 0.00216741 0.0370048 0.591044 8.49817 96.7815 686.41 2128.95 4308.15 6848.19 9297.33 11221.3 12277.6 12277.6 11221.3 9297.33 6848.19 4308.15 2128.95 686.41 96.7815 8.49817 0.591044 0.0370048 0.00216741 0.000108713
5.72056e-06 0.000107491 0.00170847 0.0245893 0.301664 2.79801 16.3202 48.4813 97.2049 154.188 209.201 252.429 276.163 276.163 252.429 209.201 154.188 97.2049 48.4813 16.3202 2.79801 0.301664 0.0245893 0.00170847 0.000107491 5.72056e-06
