3.32442e-06 6.19108e-05 0.000970025 0.0137208 0.165565 1.5161 8.76686 25.8688 51.5004 81.1019 109.323 131.264 143.226 143.226 131.264 109.323 81.1019 51.5004 25.8688 8.76686 1.5161 0.165565 0.0137208 0.000970025 6.19108e-05 3.32442e-06
6.33664e-05 0.00125687 0.021211 0.332642 4.68584 52.4901 368.495 1134.97 2279.88 3596.88 4850.19 5823.9 6354.62 6354.62 5823.9 4850.19 3596.88 2279.88 1134.97 368.495 52.4901 4.68584 0.332642 0.021211 0.00125687 6.33664e-05
0.00101841 0.0218531 0.396321 6.7479 110.423 1589.31 14764 47629.9 96458.9 152400 205551 246821 269311 269311 246821 205551 152400 96458.9 47629.9 14764 1589.31 110.423 6.7479 0.396321 0.0218531 0.00101841
0.0147095 0.352795 7.00908 125.394 2215.28 41872.7 592282 2.00081e+06 4.0783e+06 6.44971e+06 8.70018e+06 1.04469e+07 1.13986e+07 1.13986e+07 1.04469e+07 8.70018e+06 6.44971e+06 4.0783e+06 2.00081e+06 592282 41872.7 2215.28 125.394 7.00908 0.352795 0.0147095
0.179776 5.06982 118.561 2334.08 38894.7 832592 2.39124e+07 8.42423e+07 1.72479e+08 2.72915e+08 3.68156e+08 4.42058e+08 4.82318e+08 4.82318e+08 4.42058e+08 3.68156e+08 2.72915e+08 1.72479e+08 8.42423e+07 2.39124e+07 832592 38894.7 2334.08 118.561 5.06982 0.179776
1.65496 57.2765 1733.27 45622 905172 1.31836e+07 1.17989e+09 4.25395e+09 8.70888e+09 1.3769e+10 1.8565e+10 2.2286e+10 2.4313e+10 2.4313e+10 2.2286e+10 1.8565e+10 1.3769e+10 8.70888e+09 4.25395e+09 1.17989e+09 1.31836e+07 905172 45622 1733.27 57.2765 1.65496
9.57752 402.551 16127.9 646985 2.61209e+07 1.26556e+09 1.12399e+11 3.9059e+11 7.88794e+11 1.23942e+12 1.66622e+12 1.99752e+12 2.17812e+12 2.17812e+12 1.99752e+12 1.66622e+12 1.23941e+12 7.88794e+11 3.9059e+11 1.12399e+11 1.26556e+09 2.61209e+07 646985 16127.9 402.551 9.57752
28.2525 1239.5 52014.8 2.18494e+06 9.1993e+07 4.5684e+09 3.92143e+11 1.35959e+12 2.74342e+12 4.30904e+12 5.79185e+12 6.9429e+12 7.5704e+12 7.5704e+12 6.9429e+12 5.79184e+12 4.30904e+12 2.74342e+12 1.35959e+12 3.92143e+11 4.5684e+09 9.1993e+07 2.18494e+06 52014.8 1239.5 28.2525
56.2111 2488.28 105270 4.45062e+06 1.88216e+08 9.35038e+09 7.92736e+11 2.74626e+12 5.53989e+12 8.70027e+12 1.16935e+13 1.4017e+13 1.52837e+13 1.52837e+13 1.4017e+13 1.16935e+13 8.70027e+12 5.53989e+12 2.74626e+12 7.92736e+11 9.35038e+09 1.88216e+08 4.45062e+06 105270 2488.28 56.2111
88.4547 3922.68 166191 7.03282e+06 2.97568e+08 1.47739e+10 1.2458e+12 4.31424e+12 8.70182e+12 1.36652e+13 1.83661e+13 2.20152e+13 2.40046e+13 2.40046e+13 2.20152e+13 1.83661e+13 1.36652e+13 8.70181e+12 4.31424e+12 1.2458e+12 1.47739e+10 2.97568e+08 7.03282e+06 166191 3922.68 88.4547
119.149 5285.58 223980 9.47927e+06 4.01085e+08 1.99058e+10 1.6745e+12 5.79795e+12 1.16938e+13 1.83634e+13 2.468e+13 2.95836e+13 3.22569e+13 3.22569e+13 2.95836e+13 2.468e+13 1.83634e+13 1.16938e+13 5.79795e+12 1.6745e+12 1.99058e+10 4.01085e+08 9.47927e+06 223980 5285.58 119.149
142.98 6342.99 268788 1.13753e+07 4.81286e+08 2.38813e+10 2.00696e+12 6.94863e+12 1.40143e+13 2.20072e+13 2.95771e+13 3.54536e+13 3.86573e+13 3.86572e+13 3.54536e+13 2.95771e+13 2.20072e+13 1.40143e+13 6.94864e+12 2.00696e+12 2.38813e+10 4.81286e+08 1.13753e+07 268788 6342.99 142.98
155.962 6918.78 293181 1.24073e+07 5.24931e+08 2.60447e+10 2.18806e+12 7.57552e+12 1.52785e+13 2.39924e+13 3.22451e+13 3.86516e+13 4.21443e+13 4.21443e+13 3.86516e+13 3.22451e+13 2.39924e+13 1.52785e+13 7.57552e+12 2.18806e+12 2.60447e+10 5.24931e+08 1.24073e+07 293181 6918.78 155.962
155.962 6918.78 293181 1.24073e+07 5.24931e+08 2.60447e+10 2.18806e+12 7.57552e+12 1.52785e+13 2.39924e+13 3.22451e+13 3.86516e+13 4.21443e+13 4.21443e+13 3.86516e+13 3.22451e+13 2.39924e+13 1.52785e+13 7.57552e+12 2.18806e+12 2.60447e+10 5.24931e+08 1.24073e+07 293181 6918.78 155.962
142.98 6342.99 268788 1.13753e+07 4.81286e+08 2.38813e+10 2.00696e+12 6.94864e+12 1.40143e+13 2.20072e+13 2.95771e+13 3.54536e+13 3.86572e+13 3.86573e+13 3.54536e+13 2.95771e+13 2.20072e+13 1.40143e+13 6.94863e+12 2.00696e+12 2.38813e+10 4.81286e+08 1.13753e+07 268788 6342.99 142.98
119.149 5285.58 223980 9.47927e+06 4.01085e+08 1.99058e+10 1.6745e+12 5.79795e+12 1.16938e+13 1.83634e+13 2.468e+13 2.95836e+13 3.22569e+13 3.22569e+13 2.95836e+13 2.468e+13 1.83634e+13 1.16938e+13 5.79795e+12 1.6745e+12 1.99058e+10 4.01085e+08 9.47927e+06 223980 5285.58 119.149
88.4547 3922.68 166191 7.03282e+06 2.97568e+08 1.47739e+10 1.2458e+12 4.31424e+12 8.70181e+12 1.36652e+13 1.83661e+13 2.20152e+13 2.40046e+13 2.40046e+13 2.20152e+13 1.83661e+13 1.36652e+13 8.70182e+12 4.31424e+12 1.2458e+12 1.47739e+10 2.97568e+08 7.03282e+06 166191 3922.68 88.4547
56.2111 2488.28 105270 4.45062e+06 1.88216e+08 9.35038e+09 7.92736e+11 2.74626e+12 5.53989e+12 8.70027e+12 1.16935e+13 1.4017e+13 1.52837e+13 1.52837e+13 1.4017e+13 1.16935e+13 8.70027e+12 5.53989e+12 2.74626e+12 7.92736e+11 9.35038e+09 1.88216e+08 4.45062e+06 105270 2488.28 56.2111
28.2525 1239.5 52014.8 2.18494e+06 9.1993e+07 4.5684e+09 3.92143e+11 1.35959e+12 2.74342e+12 4.30904e+12 5.79184e+12 6.9429e+12 7.5704e+12 7.5704e+12 6.9429e+12 5.79185e+12 4.30904e+12 2.74342e+12 1.35959e+12 3.92143e+11 4.5684e+09 9.1993e+07 2.18494e+06 52014.8 1239.5 28.2525
9.57752 402.551 16127.9 646985 2.61209e+07 1.26556e+09 1.12399e+11 3.9059e+11 7.88794e+11 1.23941e+12 1.66622e+12 1.99752e+12 2.17812e+12 2.17812e+12 1.99752e+12 1.66622e+12 1.23942e+12 7.88794e+11 3.9059e+11 1.12399e+11 1.26556e+09 2.61209e+07 646985 16127.9 402.551 9.57752
1.65496 57.2765 1733.27 45622 905172 1.31836e+07 1.17989e+09 4.25395e+09 8.70888e+09 1.3769e+10 1.8565e+10 2.2286e+10 2.4313e+10 2.4313e+10 2.2286e+10 1.8565e+10 1.3769e+10 8.70888e+09 4.25395e+09 1.17989e+09 1.31836e+07 905172 45622 1733.27 57.2765 1.65496
0.179776 5.06982 118.561 2334.08 38894.7 832592 2.39124e+07 8.42423e+07 1.72479e+08 2.72915e+08 3.68156e+08 4.42058e+08 4.82318e+08 4.82318e+08 4.42058e+08 3.68156e+08 2.72915e+08 1.72479e+08 8.42423e+07 2.39124e+07 832592 38894.7 2334.08 118.561 5.06982 0.179776
0.0147095 0.352795 7.00908 125.394 2215.28 41872.7 592282 2.00081e+06 4.0783e+06 6.44971e+06 8.70018e+06 1.04469e+07 1.13986e+07 1.13986e+07 1.04469e+07 8.70018e+06 6.44971e+06 4.0783e+06 2.00081e+06 592282 41872.7 2215.28 125.394 7.00908 0.352795 0.0147095
0.00101841 0.0218531 0.396321 6.7479 110.423 1589.31 14764 47629.9 96458.9 152400 205551 246821 269311 269311 246821 205551 152400 96458.9 47629.9 14764 1589.31 110.423 6.7479 0.396321 0.0218531 0.00101841
6.33665e-05 0.00125687 0.021211 0.332642 4.68584 52.4901 368.495 1134.97 2279.88 3596.88 4850.19 5823.9 6354.62 6354.62 5823.9 4850.19 3596.88 2279.88 1134.97 368.495 52.4901 4.68584 0.332642 0.021211 0.00125687 6.33664e-05
3.32442e-06 6.19108e-05 0.000970025 0.0137208 0.165565 1.5161 8.76686 25.8688 51.5004 81.1019 109.323 131.264 143.226 143.226 131.264 109.323 81.1019 51.5004 25.8688 8.76686 1.5161 0.165565 0.0137208 0.000970025 6.19107e-05 3.32442e-06
