3.85391e-06 7.18058e-05 0.00112597 0.0159426 0.192562 1.76463 10.2087 30.1319 60.0036 94.5178 127.438 153.042 167.006 167.006 153.042 127.438 94.5178 60.0036 30.1319 10.2087 1.76463 0.192562 0.0159426 0.00112597 7.18058e-05 3.85391e-06
7.34438e-05 0.00145711 0.0246058 0.386287 5.44809 61.0885 429.102 1322.03 2656.38 4192.05 5654.14 6790.54 7410.11 7410.11 6790.54 5654.14 4192.05 2656.38 1322.03 429.102 61.0885 5.44809 0.386287 0.0246058 0.00145711 7.34438e-05
0.00118044 0.0253283 0.459453 7.82942 128.307 1849.3 17192.3 55480.9 112391 177623 239633 287803 314060 314060 287803 239633 177623 112391 55480.9 17192.3 1849.3 128.307 7.82942 0.459453 0.0253283 0.00118044
0.0170566 0.408974 8.12316 145.347 2571.13 48703.7 689692 2.33062e+06 4.75198e+06 7.51736e+06 1.01431e+07 1.2182e+07 1.32932e+07 1.32932e+07 1.2182e+07 1.01431e+07 7.51736e+06 4.75198e+06 2.33062e+06 689692 48703.7 2571.13 145.347 8.12316 0.408974 0.0170566
0.208598 5.88098 137.469 2704.6 45057.8 967410 2.78448e+07 9.81286e+07 2.00971e+08 3.18098e+08 4.29227e+08 5.15497e+08 5.62509e+08 5.62509e+08 5.15497e+08 4.29227e+08 3.18098e+08 2.00971e+08 9.81286e+07 2.78448e+07 967410 45057.8 2704.6 137.469 5.88098 0.208598
1.92168 66.4982 2011.8 52925.5 1.04867e+06 1.52476e+07 1.37341e+09 4.95346e+09 1.01441e+10 1.60431e+10 2.16372e+10 2.59793e+10 2.83455e+10 2.83455e+10 2.59793e+10 2.16372e+10 1.60431e+10 1.01441e+10 4.95346e+09 1.37341e+09 1.52476e+07 1.04867e+06 52925.5 2011.8 66.4982 1.92168
11.1279 467.721 18739 751733 3.03498e+07 1.47109e+09 1.30844e+11 4.54778e+11 9.18596e+11 1.44365e+12 1.94111e+12 2.32737e+12 2.53797e+12 2.53797e+12 2.32737e+12 1.94111e+12 1.44365e+12 9.18596e+11 4.54778e+11 1.30844e+11 1.47109e+09 3.03498e+07 751733 18739 467.721 11.1279
32.8373 1440.69 60459.3 2.53971e+06 1.06931e+08 5.31224e+09 4.56562e+11 1.58323e+12 3.19526e+12 5.01965e+12 6.7481e+12 8.09019e+12 8.82197e+12 8.82197e+12 8.09019e+12 6.7481e+12 5.01965e+12 3.19526e+12 1.58323e+12 4.56562e+11 5.31224e+09 1.06931e+08 2.53971e+06 60459.3 1440.69 32.8373
65.3525 2893.05 122399 5.17495e+06 2.18852e+08 1.08763e+10 9.23131e+11 3.19855e+12 6.4534e+12 1.01367e+13 1.36263e+13 1.63359e+13 1.78133e+13 1.78133e+13 1.63359e+13 1.36263e+13 1.01367e+13 6.4534e+12 3.19855e+12 9.23131e+11 1.08763e+10 2.18852e+08 5.17495e+06 122399 2893.05 65.3525
102.869 4562.12 193291 8.17997e+06 3.46116e+08 1.71904e+10 1.451e+12 5.02571e+12 1.01386e+13 1.59243e+13 2.14057e+13 2.56618e+13 2.79826e+13 2.79826e+13 2.56618e+13 2.14057e+13 1.59243e+13 1.01386e+13 5.02571e+12 1.451e+12 1.71904e+10 3.46116e+08 8.17997e+06 193291 4562.12 102.869
138.599 6148.79 260574 1.10285e+07 4.66657e+08 2.31683e+10 1.95067e+12 6.75525e+12 1.36269e+13 2.14027e+13 2.87694e+13 3.44896e+13 3.76086e+13 3.76086e+13 3.44896e+13 2.87694e+13 2.14027e+13 1.36269e+13 6.75525e+12 1.95067e+12 2.31683e+10 4.66657e+08 1.10285e+07 260574 6148.79 138.599
166.352 7380.32 312766 1.32372e+07 5.60092e+08 2.78013e+10 2.33827e+12 8.09699e+12 1.63331e+13 2.56529e+13 3.44823e+13 4.13382e+13 4.50766e+13 4.50766e+13 4.13382e+13 3.44823e+13 2.56529e+13 1.63331e+13 8.09699e+12 2.33827e+12 2.78013e+10 5.60092e+08 1.32372e+07 312766 7380.32 166.352
181.473 8051.12 341187 1.44397e+07 6.10955e+08 3.03233e+10 2.54946e+12 8.8281e+12 1.78077e+13 2.79689e+13 3.75954e+13 4.50702e+13 4.91461e+13 4.91461e+13 4.50702e+13 3.75954e+13 2.79689e+13 1.78077e+13 8.8281e+12 2.54946e+12 3.03233e+10 6.10955e+08 1.44397e+07 341187 8051.12 181.473
181.473 8051.12 341187 1.44397e+07 6.10955e+08 3.03233e+10 2.54946e+12 8.8281e+12 1.78077e+13 2.79689e+13 3.75954e+13 4.50702e+13 4.91461e+13 4.91461e+13 4.50702e+13 3.75954e+13 2.79689e+13 1.78077e+13 8.8281e+12 2.54946e+12 3.03233e+10 6.10955e+08 1.44397e+07 341187 8051.12 181.473
166.352 7380.32 312766 1.32372e+07 5.60092e+08 2.78013e+10 2.33827e+12 8.09699e+12 1.63331e+13 2.56529e+13 3.44823e+13 4.13382e+13 4.50766e+13 4.50766e+13 4.13382e+13 3.44823e+13 2.56529e+13 1.63331e+13 8.09699e+12 2.33827e+12 2.78013e+10 5.60092e+08 1.32372e+07 312766 7380.32 166.352
138.599 6148.79 260574 1.10285e+07 4.66657e+08 2.31683e+10 1.95067e+12 6.75525e+12 1.36269e+13 2.14027e+13 2.87694e+13 3.44896e+13 3.76086e+13 3.76086e+13 3.44896e+13 2.87694e+13 2.14027e+13 1.36269e+13 6.75525e+12 1.95067e+12 2.31683e+10 4.66657e+08 1.10285e+07 260574 6148.79 138.599
102.869 4562.12 193291 8.17997e+06 3.46116e+08 1.71904e+10 1.451e+12 5.02571e+12 1.01386e+13 1.59243e+13 2.14057e+13 2.56618e+13 2.79826e+13 2.79826e+13 2.56618e+13 2.14057e+13 1.59243e+13 1.01386e+13 5.02571e+12 1.451e+12 1.71904e+10 3.46116e+08 8.17997e+06 193291 4562.12 102.869
65.3525 2893.05 122399 5.17495e+06 2.18852e+08 1.08763e+10 9.23131e+11 3.19855e+12 6.4534e+12 1.01367e+13 1.36263e+13 1.63359e+13 1.78133e+13 1.78133e+13 1.63359e+13 1.36263e+13 1.01367e+13 6.4534e+12 3.19855e+12 9.23131e+11 1.08763e+10 2.18852e+08 5.17495e+06 122399 2893.05 65.3525
32.8373 1440.69 60459.3 2.53971e+06 1.06931e+08 5.31224e+09 4.56562e+11 1.58323e+12 3.19526e+12 5.01965e+12 6.7481e+12 8.09019e+12 8.82197e+12 8.82197e+12 8.09019e+12 6.7481e+12 5.01965e+12 3.19526e+12 1.58323e+12 4.56562e+11 5.31224e+09 1.06931e+08 2.53971e+06 60459.3 1440.69 32.8373
11.1279 467.721 18739 751733 3.03498e+07 1.47109e+09 1.30844e+11 4.54778e+11 9.18596e+11 1.44365e+12 1.94111e+12 2.32737e+12 2.53797e+12 2.53797e+12 2.32737e+12 1.94111e+12 1.44365e+12 9.18596e+11 4.54778e+11 1.30844e+11 1.47109e+09 3.03498e+07 751733 18739 467.721 11.1279
1.92168 66.4982 2011.8 52925.5 1.04867e+06 1.52476e+07 1.37341e+09 4.95346e+09 1.01441e+10 1.60431e+10 2.16372e+10 2.59793e+10 2.83455e+10 2.83455e+10 2.59793e+10 2.16372e+10 1.60431e+10 1.01441e+10 4.95346e+09 1.37341e+09 1.52476e+07 1.04867e+06 52925.5 2011.8 66.4982 1.92168
0.208598 5.88098 137.469 2704.6 45057.8 967410 2.78448e+07 9.81286e+07 2.00971e+08 3.18098e+08 4.29227e+08 5.15497e+08 5.62509e+08 5.62509e+08 5.15497e+08 4.29227e+08 3.18098e+08 2.00971e+08 9.81286e+07 2.78448e+07 967410 45057.8 2704.6 137.469 5.88098 0.208598
0.0170566 0.408974 8.12316 145.347 2571.13 48703.7 689692 2.33062e+06 4.75198e+06 7.51736e+06 1.01431e+07 1.2182e+07 1.32932e+07 1.32932e+07 1.2182e+07 1.01431e+07 7.51736e+06 4.75198e+06 2.33062e+06 689692 48703.7 2571.13 145.347 8.12316 0.408974 0.0170566
0.00118044 0.0253283 0.459453 7.82942 128.307 1849.3 17192.3 55480.9 112391 177623 239633 287803 314060 314060 287803 239633 177623 112391 55480.9 17192.3 1849.3 128.307 7.82942 0.459453 0.0253283 0.00118044
7.34438e-05 0.00145711 0.0246058 0.386287 5.44809 61.0885 429.102 1322.03 2656.38 4192.05 5654.14 6790.54 7410.11 7410.11 6790.54 5654.14 4192.05 2656.38 1322.03 429.102 61.0885 5.44809 0.386287 0.0246058 0.00145711 7.34438e-05
3.85391e-06 7.18058e-05 0.00112597 0.0159426 0.192562 1.76463 10.2087 30.1319 60.0036 94.5178 127.438 153.042 167.006 167.006 153.042 127.438 94.5178 60.0036 30.1319 10.2087 1.76463 0.192562 0.0159426 0.00112597 7.18058e-05 3.85391e-06
