3.92737e-07 7.36486e-06 0.000116691 0.0016732 0.0204548 0.189213 1.10165 3.26823 6.54387 10.366 14.0478 16.9356 18.5192 18.5192 16.9356 14.0478 10.366 6.54387 3.26823 1.10165 0.189213 0.0204548 0.0016732 0.000116691 7.36486e-06 3.92737e-07
7.46801e-06 0.000148712 0.00253243 0.0402875 0.576734 6.54531 46.323 143.473 289.92 460.204 624.013 752.45 822.883 822.883 752.45 624.013 460.204 289.92 143.473 46.323 6.54531 0.576734 0.0402875 0.00253243 0.000148712 7.46801e-06
0.000120149 0.00257784 0.046931 0.80856 13.4911 197.775 1856.29 6023.36 12273.8 19515.9 26474.9 31930.1 34921.8 34921.8 31930.1 26474.9 19515.9 12273.8 6023.36 1856.29 197.775 13.4911 0.80856 0.046931 0.00257784 0.000120149
0.00174519 0.0417307 0.826889 14.8341 266.778 5186.45 74464.5 253071 519154 826489 1.1216e+06 1.35293e+06 1.4798e+06 1.4798e+06 1.35293e+06 1.1216e+06 826489 519154 253071 74464.5 5186.45 266.778 14.8341 0.826889 0.0417307 0.00174519
0.0215229 0.605047 14.0741 274.941 4570.55 101799 3.00558e+06 1.06549e+07 2.19604e+07 3.49888e+07 4.74952e+07 5.72999e+07 6.26778e+07 6.26778e+07 5.72999e+07 4.74952e+07 3.49888e+07 2.19604e+07 1.06549e+07 3.00558e+06 101799 4570.55 274.941 14.0741 0.605047 0.0215229
0.200121 6.91626 208.659 5456.36 106408 1.51662e+06 1.47569e+08 5.3556e+08 1.10379e+09 1.75716e+09 2.38394e+09 2.87517e+09 3.14458e+09 3.14458e+09 2.87517e+09 2.38394e+09 1.75716e+09 1.10379e+09 5.3556e+08 1.47569e+08 1.51662e+06 106408 5456.36 208.659 6.91626 0.200121
1.16844 49.1321 1968.91 78986.5 3.18842e+06 1.55297e+08 1.40593e+10 4.9047e+10 9.94679e+10 1.5697e+11 2.11847e+11 2.54716e+11 2.78183e+11 2.78183e+11 2.54716e+11 2.11847e+11 1.5697e+11 9.9468e+10 4.9047e+10 1.40593e+10 1.55297e+08 3.18842e+06 78986.5 1968.91 49.1321 1.16844
3.46843 152.276 6393.62 268658 1.13125e+07 5.64377e+08 4.92081e+10 1.71222e+11 3.46879e+11 5.47094e+11 7.38106e+11 8.87286e+11 9.68941e+11 9.68941e+11 8.87286e+11 7.38106e+11 5.47094e+11 3.46879e+11 1.71222e+11 4.92081e+10 5.64377e+08 1.13125e+07 268658 6393.62 152.276 3.46843
6.94358 307.658 13026 551028 2.33112e+07 1.16317e+09 9.98933e+10 3.47227e+11 7.03163e+11 1.10878e+12 1.4957e+12 1.79786e+12 1.96324e+12 1.96324e+12 1.79786e+12 1.4957e+12 1.10878e+12 7.03163e+11 3.47227e+11 9.98933e+10 1.16317e+09 2.33112e+07 551028 13026 307.658 6.94358
10.9942 488.133 20702.1 876801 3.71221e+07 1.85096e+09 1.57689e+11 5.4782e+11 1.10914e+12 1.74873e+12 2.3588e+12 2.83521e+12 3.09596e+12 3.09596e+12 2.83521e+12 2.3588e+12 1.74873e+12 1.10914e+12 5.4782e+11 1.57689e+11 1.85096e+09 3.71221e+07 876801 20702.1 488.133 10.9942
14.8914 661.532 28068.7 1.18921e+06 5.03619e+07 2.50993e+09 2.12822e+11 7.39115e+11 1.49626e+12 2.35892e+12 3.18173e+12 3.82426e+12 4.17592e+12 4.17592e+12 3.82426e+12 3.18173e+12 2.35892e+12 1.49626e+12 7.39115e+11 2.12822e+11 2.50993e+09 5.03619e+07 1.18921e+06 28068.7 661.532 14.8914
17.9448 797.335 33836.7 1.4338e+06 6.07287e+07 3.02579e+09 2.55869e+11 8.88447e+11 1.79843e+12 2.8352e+12 3.82406e+12 4.59624e+12 5.01886e+12 5.01886e+12 4.59624e+12 3.82406e+12 2.8352e+12 1.79843e+12 8.88448e+11 2.55869e+11 3.02579e+09 6.07287e+07 1.4338e+06 33836.7 797.335 17.9448
19.6181 871.749 36997.4 1.56784e+06 6.64102e+07 3.30848e+09 2.79425e+11 9.70155e+11 1.96377e+12 3.0958e+12 4.17549e+12 5.0186e+12 5.48005e+12 5.48005e+12 5.0186e+12 4.17549e+12 3.09579e+12 1.96377e+12 9.70155e+11 2.79425e+11 3.30848e+09 6.64102e+07 1.56784e+06 36997.4 871.749 19.6181
19.6181 871.749 36997.4 1.56784e+06 6.64102e+07 3.30848e+09 2.79425e+11 9.70155e+11 1.96377e+12 3.09579e+12 4.17549e+12 5.0186e+12 5.48005e+12 5.48005e+12 5.0186e+12 4.17549e+12 3.0958e+12 1.96377e+12 9.70155e+11 2.79425e+11 3.30848e+09 6.64102e+07 1.56784e+06 36997.4 871.749 19.6181
17.9448 797.335 33836.7 1.4338e+06 6.07287e+07 3.02579e+09 2.55869e+11 8.88448e+11 1.79843e+12 2.8352e+12 3.82406e+12 4.59624e+12 5.01886e+12 5.01886e+12 4.59624e+12 3.82406e+12 2.8352e+12 1.79843e+12 8.88447e+11 2.55869e+11 3.02579e+09 6.07287e+07 1.4338e+06 33836.7 797.335 17.9448
14.8914 661.532 28068.7 1.18921e+06 5.03619e+07 2.50993e+09 2.12822e+11 7.39115e+11 1.49626e+12 2.35892e+12 3.18173e+12 3.82426e+12 4.17592e+12 4.17592e+12 3.82426e+12 3.18173e+12 2.35892e+12 1.49626e+12 7.39115e+11 2.12822e+11 2.50993e+09 5.03619e+07 1.18921e+06 28068.7 661.532 14.8914
10.9942 488.133 20702.1 876801 3.71221e+07 1.85096e+09 1.57689e+11 5.4782e+11 1.10914e+12 1.74873e+12 2.3588e+12 2.83521e+12 3.09596e+12 3.09596e+12 2.83521e+12 2.3588e+12 1.74873e+12 1.10914e+12 5.4782e+11 1.57689e+11 1.85096e+09 3.71221e+07 876801 20702.1 488.133 10.9942
6.94358 307.658 13026 551028 2.33112e+07 1.16317e+09 9.98933e+10 3.47227e+11 7.03163e+11 1.10878e+12 1.4957e+12 1.79786e+12 1.96324e+12 1.96324e+12 1.79786e+12 1.4957e+12 1.10878e+12 7.03163e+11 3.47227e+11 9.98933e+10 1.16317e+09 2.33112e+07 551028 13026 307.658 6.94358
3.46843 152.276 6393.62 268658 1.13125e+07 5.64377e+08 4.92081e+10 1.71222e+11 3.46879e+11 5.47094e+11 7.38106e+11 8.87286e+11 9.68941e+11 9.68941e+11 8.87286e+11 7.38106e+11 5.47094e+11 3.46879e+11 1.71222e+11 4.92081e+10 5.64377e+08 1.13125e+07 268658 6393.62 152.276 3.46843
1.16844 49.1321 1968.91 78986.5 3.18842e+06 1.55297e+08 1.40593e+10 4.9047e+10 9.9468e+10 1.5697e+11 2.11847e+11 2.54716e+11 2.78183e+11 2.78183e+11 2.54716e+11 2.11847e+11 1.5697e+11 9.94679e+10 4.9047e+10 1.40593e+10 1.55297e+08 3.18842e+06 78986.5 1968.91 49.1321 1.16844
0.200121 6.91626 208.659 5456.36 106408 1.51662e+06 1.47569e+08 5.3556e+08 1.10379e+09 1.75716e+09 2.38394e+09 2.87517e+09 3.14458e+09 3.14458e+09 2.87517e+09 2.38394e+09 1.75716e+09 1.10379e+09 5.3556e+08 1.47569e+08 1.51662e+06 106408 5456.36 208.659 6.91626 0.200121
0.0215229 0.605047 14.0741 274.941 4570.55 101799 3.00558e+06 1.06549e+07 2.19604e+07 3.49888e+07 4.74952e+07 5.72999e+07 6.26778e+07 6.26778e+07 5.72999e+07 4.74952e+07 3.49888e+07 2.19604e+07 1.06549e+07 3.00558e+06 101799 4570.55 274.941 14.0741 0.605047 0.0215229
0.00174519 0.0417307 0.826889 14.8341 266.778 5186.45 74464.5 253071 519154 826489 1.1216e+06 1.35293e+06 1.4798e+06 1.4798e+06 1.35293e+06 1.1216e+06 826489 519154 253071 74464.5 5186.45 266.778 14.8341 0.826889 0.0417307 0.00174519
0.000120149 0.00257784 0.046931 0.80856 13.4911 197.775 1856.29 6023.36 12273.8 19515.9 26474.9 31930.1 34921.8 34921.8 31930.1 26474.9 19515.9 12273.8 6023.36 1856.29 197.775 13.4911 0.80856 0.046931 0.00257784 0.000120149
7.46801e-06 0.000148712 0.00253243 0.0402875 0.576734 6.54531 46.323 143.473 289.92 460.204 624.013 752.45 822.883 822.883 752.45 624.013 460.204 289.92 143.473 46.323 6.54531 0.576734 0.0402875 0.00253243 0.000148712 7.468e-06
3.92737e-07 7.36486e-06 0.000116691 0.0016732 0.0204548 0.189213 1.10165 3.26823 6.54387 10.366 14.0478 16.9356 18.5192 18.5192 16.9356 14.0478 10.366 6.54387 3.26823 1.10165 0.189213 0.0204548 0.0016732 0.000116691 7.36486e-06 3.92737e-07
