0.000131603 0.0024747 0.0393289 0.565685 6.93723 64.3753 376.107 1120.77 2255.63 3591.25 4887.97 5911.27 6474.61 6474.61 5911.27 4887.97 3591.25 2255.63 1120.77 376.107 64.3753 6.93723 0.565685 0.0393289 0.0024747 0.000131603
0.00250947 0.0501104 0.855894 13.6582 196.141 2233.03 15856.9 49341.6 100248 159981 217916 263629 288797 288797 263629 217916 159981 100248 49341.6 15856.9 2233.03 196.141 13.6582 0.855894 0.0501104 0.00250947
0.0404984 0.871291 15.9065 274.825 4599.45 67633.9 636803 2.07639e+06 4.25536e+06 6.80435e+06 9.27473e+06 1.1224e+07 1.22974e+07 1.22974e+07 1.1224e+07 9.27473e+06 6.80435e+06 4.25536e+06 2.07639e+06 636803 67633.9 4599.45 274.825 15.9065 0.871291 0.0404984
0.590114 14.1491 281.072 5054.02 91125.6 1.77684e+06 2.55837e+07 8.73909e+07 1.80361e+08 2.88831e+08 3.93915e+08 4.76846e+08 5.2252e+08 5.2252e+08 4.76846e+08 3.93915e+08 2.88831e+08 1.80361e+08 8.73909e+07 2.55837e+07 1.77684e+06 91125.6 5054.02 281.072 14.1491 0.590114
7.30108 205.807 4798.81 93918.9 1.56357e+06 3.4913e+07 1.03348e+09 3.68343e+09 7.64026e+09 1.22483e+10 1.67124e+10 2.02365e+10 2.21778e+10 2.21778e+10 2.02365e+10 1.67124e+10 1.22483e+10 7.64026e+09 3.68343e+09 1.03348e+09 3.4913e+07 1.56357e+06 93918.9 4798.81 205.807 7.30108
68.1078 2360.22 71371.7 1.86955e+06 3.64914e+07 5.19928e+08 5.07456e+10 1.85183e+11 3.84135e+11 6.15325e+11 8.39139e+11 1.01576e+12 1.11304e+12 1.11304e+12 1.01576e+12 8.39139e+11 6.15325e+11 3.84135e+11 1.85183e+11 5.07456e+10 5.19928e+08 3.64914e+07 1.86955e+06 71371.7 2360.22 68.1078
399.077 16825.2 675695 2.71469e+07 1.0967e+09 5.34245e+10 4.8402e+12 1.69511e+13 3.45387e+13 5.47548e+13 7.4182e+13 8.94379e+13 9.78165e+13 9.78165e+13 8.94379e+13 7.4182e+13 5.47548e+13 3.45386e+13 1.69511e+13 4.8402e+12 5.34245e+10 1.0967e+09 2.71469e+07 675695 16825.2 399.077
1190.06 52396.2 2.20514e+06 9.2819e+07 3.91262e+09 1.95257e+11 1.70104e+13 5.94041e+13 1.2089e+14 1.9151e+14 2.59339e+14 3.12587e+14 3.41825e+14 3.41825e+14 3.12587e+14 2.59339e+14 1.9151e+14 1.2089e+14 5.94041e+13 1.70104e+13 1.95257e+11 3.91262e+09 9.2819e+07 2.20514e+06 52396.2 1190.06
2394.95 106449 4.51902e+06 1.91555e+08 8.11524e+09 4.05096e+11 3.4701e+13 1.21037e+14 2.46185e+14 3.8988e+14 5.27866e+14 6.36174e+14 6.95642e+14 6.95642e+14 6.36174e+14 5.27866e+14 3.8988e+14 2.46185e+14 1.21037e+14 3.4701e+13 4.05096e+11 8.11524e+09 1.91555e+08 4.51902e+06 106449 2394.95
3811.75 169818 7.22335e+06 3.06644e+08 1.30048e+10 6.4874e+11 5.50395e+13 1.91842e+14 3.90083e+14 6.17657e+14 8.36162e+14 1.00766e+15 1.10181e+15 1.10181e+15 1.00766e+15 8.36162e+14 6.17657e+14 3.90083e+14 1.91842e+14 5.50395e+13 6.48741e+11 1.30048e+10 3.06644e+08 7.22335e+06 169818 3811.75
5185.86 231213 9.84139e+06 4.18014e+08 1.77363e+10 8.84364e+11 7.45807e+13 2.59839e+14 5.28247e+14 8.36331e+14 1.13211e+15 1.36424e+15 1.49169e+15 1.49169e+15 1.36424e+15 1.13211e+15 8.36331e+14 5.28247e+14 2.59839e+14 7.45807e+13 8.84364e+11 1.77363e+10 4.18014e+08 9.84139e+06 231213 5185.86
6269.18 279608 1.19051e+07 5.05814e+08 2.14673e+10 1.07012e+12 8.99212e+13 3.13203e+14 6.36664e+14 1.00791e+15 1.36432e+15 1.64402e+15 1.79757e+15 1.79757e+15 1.64402e+15 1.36432e+15 1.00791e+15 6.36664e+14 3.13203e+14 8.99212e+13 1.07012e+12 2.14673e+10 5.05814e+08 1.19051e+07 279608 6269.18
6865.15 306233 1.30406e+07 5.54132e+08 2.3521e+10 1.17234e+12 9.83439e+13 3.42498e+14 6.96178e+14 1.10209e+15 1.49177e+15 1.79758e+15 1.96547e+15 1.96547e+15 1.79758e+15 1.49177e+15 1.10209e+15 6.96178e+14 3.42498e+14 9.83439e+13 1.17234e+12 2.3521e+10 5.54132e+08 1.30406e+07 306233 6865.15
6865.15 306233 1.30406e+07 5.54132e+08 2.3521e+10 1.17234e+12 9.83439e+13 3.42498e+14 6.96178e+14 1.10209e+15 1.49177e+15 1.79758e+15 1.96547e+15 1.96547e+15 1.79758e+15 1.49177e+15 1.10209e+15 6.96178e+14 3.42498e+14 9.83439e+13 1.17234e+12 2.3521e+10 5.54132e+08 1.30406e+07 306233 6865.15
6269.18 279608 1.19051e+07 5.05814e+08 2.14673e+10 1.07012e+12 8.99212e+13 3.13203e+14 6.36664e+14 1.00791e+15 1.36432e+15 1.64402e+15 1.79757e+15 1.79757e+15 1.64402e+15 1.36432e+15 1.00791e+15 6.36664e+14 3.13203e+14 8.99212e+13 1.07012e+12 2.14673e+10 5.05814e+08 1.19051e+07 279608 6269.18
5185.86 231213 9.84139e+06 4.18014e+08 1.77363e+10 8.84364e+11 7.45807e+13 2.59839e+14 5.28247e+14 8.36331e+14 1.13211e+15 1.36424e+15 1.49169e+15 1.49169e+15 1.36424e+15 1.13211e+15 8.36331e+14 5.28247e+14 2.59839e+14 7.45807e+13 8.84364e+11 1.77363e+10 4.18014e+08 9.84139e+06 231213 5185.86
3811.75 169818 7.22335e+06 3.06644e+08 1.30048e+10 6.48741e+11 5.50395e+13 1.91842e+14 3.90083e+14 6.17657e+14 8.36162e+14 1.00766e+15 1.10181e+15 1.10181e+15 1.00766e+15 8.36162e+14 6.17657e+14 3.90083e+14 1.91842e+14 5.50395e+13 6.4874e+11 1.30048e+10 3.06644e+08 7.22335e+06 169818 3811.75
2394.95 106449 4.51902e+06 1.91555e+08 8.11524e+09 4.05096e+11 3.4701e+13 1.21037e+14 2.46185e+14 3.8988e+14 5.27866e+14 6.36174e+14 6.95642e+14 6.95642e+14 6.36174e+14 5.27866e+14 3.8988e+14 2.46185e+14 1.21037e+14 3.4701e+13 4.05096e+11 8.11524e+09 1.91555e+08 4.51902e+06 106449 2394.95
1190.06 52396.2 2.20514e+06 9.2819e+07 3.91262e+09 1.95257e+11 1.70104e+13 5.94041e+13 1.2089e+14 1.9151e+14 2.59339e+14 3.12587e+14 3.41825e+14 3.41825e+14 3.12587e+14 2.59339e+14 1.9151e+14 1.2089e+14 5.94041e+13 1.70104e+13 1.95257e+11 3.91262e+09 9.2819e+07 2.20514e+06 52396.2 1190.06
399.077 16825.2 675695 2.71469e+07 1.0967e+09 5.34245e+10 4.8402e+12 1.69511e+13 3.45386e+13 5.47548e+13 7.4182e+13 8.94379e+13 9.78165e+13 9.78165e+13 8.94379e+13 7.4182e+13 5.47548e+13 3.45386e+13 1.69511e+13 4.8402e+12 5.34245e+10 1.0967e+09 2.71469e+07 675695 16825.2 399.077
68.1078 2360.22 71371.7 1.86955e+06 3.64914e+07 5.19928e+08 5.07456e+10 1.85183e+11 3.84135e+11 6.15325e+11 8.39139e+11 1.01576e+12 1.11304e+12 1.11304e+12 1.01576e+12 8.39139e+11 6.15325e+11 3.84135e+11 1.85183e+11 5.07456e+10 5.19928e+08 3.64914e+07 1.86955e+06 71371.7 2360.22 68.1078
7.30108 205.807 4798.81 93918.9 1.56357e+06 3.4913e+07 1.03348e+09 3.68343e+09 7.64026e+09 1.22483e+10 1.67124e+10 2.02365e+10 2.21778e+10 2.21778e+10 2.02365e+10 1.67124e+10 1.22483e+10 7.64026e+09 3.68343e+09 1.03348e+09 3.4913e+07 1.56357e+06 93918.9 4798.81 205.807 7.30108
0.590114 14.1491 281.072 5054.02 91125.6 1.77684e+06 2.55837e+07 8.73909e+07 1.80361e+08 2.88831e+08 3.93915e+08 4.76846e+08 5.2252e+08 5.2252e+08 4.76846e+08 3.93915e+08 2.88831e+08 1.80361e+08 8.73909e+07 2.55837e+07 1.77684e+06 91125.6 5054.02 281.072 14.1491 0.590114
0.0404984 0.871291 15.9065 274.825 4599.45 67633.9 636803 2.07639e+06 4.25536e+06 6.80435e+06 9.27473e+06 1.1224e+07 1.22974e+07 1.22974e+07 1.1224e+07 9.27473e+06 6.80435e+06 4.25536e+06 2.07639e+06 636803 67633.9 4599.45 274.825 15.9065 0.871291 0.0404984
0.00250947 0.0501104 0.855894 13.6582 196.141 2233.03 15856.9 49341.6 100248 159981 217916 263629 288797 288797 263629 217916 159981 100248 49341.6 15856.9 2233.03 196.141 13.6582 0.855894 0.0501104 0.00250947
0.000131603 0.0024747 0.0393289 0.565685 6.93723 64.3753 376.107 1120.77 2255.63 3591.25 4887.97 5911.27 6474.61 6474.61 5911.27 4887.97 3591.25 2255.63 1120.77 376.107 64.3753 6.93723 0.565685 0.0393289 0.0024747 0.000131603
