0.000299197 0.00563043 0.0896453 1.2925 15.8831 147.546 861.854 2564.42 5150.6 8183.2 11117.5 13426.9 14696 14696 13426.9 11117.5 8183.2 5150.6 2564.42 861.854 147.546 15.8831 1.2925 0.0896453 0.00563043 0.000299197
0.00569142 0.113635 1.94343 31.098 447.949 5109.82 36294.2 112762 228611 364025 494901 597881 654477 654477 597881 494901 364025 228611 112762 36294.2 5109.82 447.949 31.098 1.94343 0.113635 0.00569142
0.0917032 1.97029 35.9666 622.837 10468.5 154498 1.45619e+06 4.74059e+06 9.69349e+06 1.54642e+07 2.10365e+07 2.54208e+07 2.78306e+07 2.78306e+07 2.54208e+07 2.10365e+07 1.54642e+07 9.69349e+06 4.74059e+06 1.45619e+06 154498 10468.5 622.837 35.9666 1.97029 0.0917032
1.3359 31.9592 633.634 11392.4 206303 4.05001e+06 5.84653e+07 1.99382e+08 4.10514e+08 6.55814e+08 8.92559e+08 1.07885e+09 1.18126e+09 1.18126e+09 1.07885e+09 8.92559e+08 6.55814e+08 4.10514e+08 1.99382e+08 5.84653e+07 4.05001e+06 206303 11392.4 633.634 31.9592 1.3359
16.5406 465.187 10817 211044 3.50968e+06 7.92423e+07 2.36097e+09 8.40011e+09 1.73801e+10 2.77924e+10 3.78405e+10 4.57489e+10 5.0097e+10 5.0097e+10 4.57489e+10 3.78405e+10 2.77924e+10 1.73801e+10 8.40011e+09 2.36097e+09 7.92423e+07 3.50968e+06 211044 10817 465.187 16.5406
154.445 5342.86 161241 4.21211e+06 8.17603e+07 1.15815e+09 1.15773e+11 4.2178e+11 8.72747e+11 1.39452e+12 1.89772e+12 2.29365e+12 2.51131e+12 2.51131e+12 2.29365e+12 1.89772e+12 1.39452e+12 8.72747e+11 4.2178e+11 1.15773e+11 1.15815e+09 8.17603e+07 4.21211e+06 161241 5342.86 154.445
905.232 38122.8 1.52966e+06 6.14208e+07 2.48069e+09 1.2106e+11 1.10302e+13 3.85815e+13 7.84706e+13 1.24176e+14 1.67973e+14 2.0229e+14 2.21111e+14 2.21111e+14 2.0229e+14 1.67973e+14 1.24176e+14 7.84706e+13 3.85815e+13 1.10302e+13 1.2106e+11 2.48069e+09 6.14208e+07 1.52966e+06 38122.8 905.232
2695.55 118547 4.98465e+06 2.09684e+08 8.83584e+09 4.41619e+11 3.86966e+13 1.34982e+14 2.74222e+14 4.33657e+14 5.86367e+14 7.05992e+14 7.7159e+14 7.7159e+14 7.05992e+14 5.86367e+14 4.33657e+14 2.74222e+14 1.34982e+14 3.86966e+13 4.41619e+11 8.83584e+09 2.09684e+08 4.98465e+06 118547 2695.55
5412.96 240293 1.01906e+07 4.31639e+08 1.82777e+10 9.13686e+11 7.87717e+13 2.74461e+14 5.57319e+14 8.8111e+14 1.19119e+15 1.43407e+15 1.56725e+15 1.56725e+15 1.43407e+15 1.19119e+15 8.8111e+14 5.57319e+14 2.74461e+14 7.87717e+13 9.13686e+11 1.82777e+10 4.31639e+08 1.01906e+07 240293 5412.96
8595.18 382406 1.62475e+07 6.89138e+08 2.92092e+10 1.45912e+12 1.24675e+14 4.34126e+14 8.81302e+14 1.39311e+15 1.88321e+15 2.26705e+15 2.47752e+15 2.47752e+15 2.26706e+15 1.88321e+15 1.39311e+15 8.81302e+14 4.34126e+14 1.24675e+14 1.45912e+12 2.92092e+10 6.89138e+08 1.62475e+07 382406 8595.18
11669.5 519537 2.20865e+07 9.37237e+08 3.974e+10 1.98426e+12 1.68633e+14 5.86964e+14 1.19139e+15 1.8831e+15 2.54543e+15 3.06415e+15 3.34857e+15 3.34857e+15 3.06415e+15 2.54543e+15 1.8831e+15 1.19139e+15 5.86964e+14 1.68633e+14 1.98426e+12 3.974e+10 9.37237e+08 2.20865e+07 519537 11669.5
14085.6 627280 2.66738e+07 1.13216e+09 4.8015e+10 2.39681e+12 2.03051e+14 7.06607e+14 1.4341e+15 2.26662e+15 3.06374e+15 3.68801e+15 4.0303e+15 4.0303e+15 3.68801e+15 3.06374e+15 2.26662e+15 1.4341e+15 7.06607e+14 2.03051e+14 2.39681e+12 4.8015e+10 1.13216e+09 2.66738e+07 627280 14085.6
15412.1 686434 2.91925e+07 1.23919e+09 5.25596e+10 2.62336e+12 2.21918e+14 7.72181e+14 1.56712e+15 2.47681e+15 3.34779e+15 4.0299e+15 4.4039e+15 4.4039e+15 4.0299e+15 3.34779e+15 2.47681e+15 1.56712e+15 7.72181e+14 2.21918e+14 2.62336e+12 5.25596e+10 1.23919e+09 2.91925e+07 686434 15412.1
15412.1 686434 2.91925e+07 1.23919e+09 5.25596e+10 2.62336e+12 2.21918e+14 7.72181e+14 1.56712e+15 2.47681e+15 3.34779e+15 4.0299e+15 4.4039e+15 4.4039e+15 4.0299e+15 3.34779e+15 2.47681e+15 1.56712e+15 7.72181e+14 2.21918e+14 2.62336e+12 5.25596e+10 1.23919e+09 2.91925e+07 686434 15412.1
14085.6 627280 2.66738e+07 1.13216e+09 4.8015e+10 2.39681e+12 2.03051e+14 7.06607e+14 1.4341e+15 2.26662e+15 3.06374e+15 3.68801e+15 4.0303e+15 4.0303e+15 3.68801e+15 3.06374e+15 2.26662e+15 1.4341e+15 7.06607e+14 2.03051e+14 2.39681e+12 4.8015e+10 1.13216e+09 2.66738e+07 627280 14085.6
11669.5 519537 2.20865e+07 9.37237e+08 3.974e+10 1.98426e+12 1.68633e+14 5.86964e+14 1.19139e+15 1.8831e+15 2.54543e+15 3.06415e+15 3.34857e+15 3.34857e+15 3.06415e+15 2.54543e+15 1.8831e+15 1.19139e+15 5.86964e+14 1.68633e+14 1.98426e+12 3.974e+10 9.37237e+08 2.20865e+07 519537 11669.5
8595.18 382406 1.62475e+07 6.89138e+08 2.92092e+10 1.45912e+12 1.24675e+14 4.34126e+14 8.81302e+14 1.39311e+15 1.88321e+15 2.26706e+15 2.47752e+15 2.47752e+15 2.26705e+15 1.88321e+15 1.39311e+15 8.81302e+14 4.34126e+14 1.24675e+14 1.45912e+12 2.92092e+10 6.89138e+08 1.62475e+07 382406 8595.18
5412.96 240293 1.01906e+07 4.31639e+08 1.82777e+10 9.13686e+11 7.87717e+13 2.74461e+14 5.57319e+14 8.8111e+14 1.19119e+15 1.43407e+15 1.56725e+15 1.56725e+15 1.43407e+15 1.19119e+15 8.8111e+14 5.57319e+14 2.74461e+14 7.87717e+13 9.13686e+11 1.82777e+10 4.31639e+08 1.01906e+07 240293 5412.96
2695.55 118547 4.98465e+06 2.09684e+08 8.83584e+09 4.41619e+11 3.86966e+13 1.34982e+14 2.74222e+14 4.33657e+14 5.86367e+14 7.05992e+14 7.7159e+14 7.7159e+14 7.05992e+14 5.86367e+14 4.33657e+14 2.74222e+14 1.34982e+14 3.86966e+13 4.41619e+11 8.83584e+09 2.09684e+08 4.98465e+06 118547 2695.55
905.232 38122.8 1.52966e+06 6.14208e+07 2.48069e+09 1.2106e+11 1.10302e+13 3.85815e+13 7.84706e+13 1.24176e+14 1.67973e+14 2.0229e+14 2.21111e+14 2.21111e+14 2.0229e+14 1.67973e+14 1.24176e+14 7.84706e+13 3.85815e+13 1.10302e+13 1.2106e+11 2.48069e+09 6.14208e+07 1.52966e+06 38122.8 905.232
154.445 5342.86 161241 4.21211e+06 8.17603e+07 1.15815e+09 1.15773e+11 4.2178e+11 8.72747e+11 1.39452e+12 1.89772e+12 2.29365e+12 2.51131e+12 2.51131e+12 2.29365e+12 1.89772e+12 1.39452e+12 8.72747e+11 4.2178e+11 1.15773e+11 1.15815e+09 8.17603e+07 4.21211e+06 161241 5342.86 154.445
16.5406 465.187 10817 211044 3.50968e+06 7.92423e+07 2.36097e+09 8.40011e+09 1.73801e+10 2.77924e+10 3.78405e+10 4.57489e+10 5.0097e+10 5.0097e+10 4.57489e+10 3.78405e+10 2.77924e+10 1.73801e+10 8.40011e+09 2.36097e+09 7.92423e+07 3.50968e+06 211044 10817 465.187 16.5406
1.3359 31.9592 633.634 11392.4 206303 4.05001e+06 5.84653e+07 1.99382e+08 4.10514e+08 6.55814e+08 8.92559e+08 1.07885e+09 1.18126e+09 1.18126e+09 1.07885e+09 8.92559e+08 6.55814e+08 4.10514e+08 1.99382e+08 5.84653e+07 4.05001e+06 206303 11392.4 633.634 31.9592 1.3359
0.0917032 1.97029 35.9666 622.837 10468.5 154498 1.45619e+06 4.74059e+06 9.69349e+06 1.54642e+07 2.10365e+07 2.54208e+07 2.78306e+07 2.78306e+07 2.54208e+07 2.10365e+07 1.54642e+07 9.69349e+06 4.74059e+06 1.45619e+06 154498 10468.5 622.837 35.9666 1.97029 0.0917032
0.00569142 0.113635 1.94343 31.098 447.949 5109.82 36294.2 112762 228611 364025 494901 597881 654477 654477 597881 494901 364025 228611 112762 36294.2 5109.82 447.949 31.098 1.94343 0.113635 0.00569142
0.000299197 0.00563044 0.0896453 1.2925 15.8831 147.546 861.854 2564.42 5150.6 8183.2 11117.5 13426.9 14696 14696 13426.9 11117.5 8183.2 5150.6 2564.42 861.854 147.546 15.8831 1.2925 0.0896453 0.00563044 0.000299197
