0.380969 7.19645 114.75 1653.58 20312.5 189011 1.10913e+06 3.32496e+06 6.72922e+06 1.07571e+07 1.46747e+07 1.77639e+07 1.94619e+07 1.94619e+07 1.77639e+07 1.46747e+07 1.07571e+07 6.72922e+06 3.32496e+06 1.10913e+06 189011 20312.5 1653.58 114.75 7.19645 0.380969
7.32852 147.189 2524.44 40332.6 579019 6.59703e+06 4.70012e+07 1.47135e+08 3.00657e+08 4.81768e+08 6.57692e+08 7.96341e+08 8.72534e+08 8.72534e+08 7.96341e+08 6.57692e+08 4.81768e+08 3.00657e+08 1.47135e+08 4.70012e+07 6.59703e+06 579019 40332.6 2524.44 147.189 7.32852
119.201 2583.89 47481.3 822190 1.3726e+07 2.01302e+08 1.89812e+09 6.22734e+09 1.2839e+10 2.06158e+10 2.8162e+10 3.41068e+10 3.7373e+10 3.7373e+10 3.41068e+10 2.8162e+10 2.06158e+10 1.2839e+10 6.22734e+09 1.89812e+09 2.01302e+08 1.3726e+07 822190 47481.3 2583.89 119.201
1746.12 42226.5 846826 1.53302e+07 2.75898e+08 5.33374e+09 7.66422e+10 2.63495e+11 5.47265e+11 8.80195e+11 1.20302e+12 1.45727e+12 1.59693e+12 1.59693e+12 1.45727e+12 1.20302e+12 8.80195e+11 5.47265e+11 2.63495e+11 7.66422e+10 5.33374e+09 2.75898e+08 1.53302e+07 846826 42226.5 1746.12
21671.5 615838 1.45065e+07 2.87242e+08 4.82484e+09 1.06109e+11 3.10798e+12 1.11544e+13 2.32937e+13 3.75108e+13 5.12919e+13 6.2143e+13 6.81024e+13 6.81024e+13 6.2143e+13 5.12919e+13 3.75108e+13 2.32937e+13 1.11544e+13 3.10798e+12 1.06109e+11 4.82484e+09 2.87242e+08 1.45065e+07 615838 21671.5
202638 7.06855e+06 2.15489e+08 5.70015e+09 1.12978e+11 1.64047e+12 1.53286e+14 5.63495e+14 1.17727e+15 1.89477e+15 2.58986e+15 3.13699e+15 3.43743e+15 3.43743e+15 3.13699e+15 2.58986e+15 1.89477e+15 1.17727e+15 5.63495e+14 1.53286e+14 1.64047e+12 1.12978e+11 5.70015e+09 2.15489e+08 7.06855e+06 202638
1.19093e+06 5.04668e+07 2.03805e+09 8.22924e+10 3.33719e+12 1.62439e+14 1.46177e+16 5.15379e+16 1.05743e+17 1.68555e+17 2.29179e+17 2.76858e+17 3.03046e+17 3.03046e+17 2.76858e+17 2.29179e+17 1.68555e+17 1.05743e+17 5.15379e+16 1.46177e+16 1.62439e+14 3.33719e+12 8.22924e+10 2.03805e+09 5.04668e+07 1.19093e+06
3.57031e+06 1.57997e+08 6.68731e+09 2.8297e+11 1.19794e+13 5.97951e+14 5.17338e+16 1.81819e+17 3.72491e+17 5.93234e+17 8.06184e+17 9.73628e+17 1.06559e+18 1.06559e+18 9.73628e+17 8.06184e+17 5.93234e+17 3.72491e+17 1.81819e+17 5.17338e+16 5.97951e+14 1.19794e+13 2.8297e+11 6.68731e+09 1.57997e+08 3.57031e+06
7.22203e+06 3.22684e+08 1.37801e+10 5.87402e+11 2.50031e+13 1.24912e+15 1.06273e+17 3.72949e+17 7.63471e+17 1.21529e+18 1.65098e+18 1.99348e+18 2.18156e+18 2.18156e+18 1.99348e+18 1.65098e+18 1.21529e+18 7.63471e+17 3.72949e+17 1.06273e+17 1.24912e+15 2.50031e+13 5.87402e+11 1.37801e+10 3.22684e+08 7.22203e+06
1.1536e+07 5.16656e+08 2.21091e+10 9.43967e+11 4.02295e+13 2.00916e+15 1.69452e+17 5.94165e+17 1.21572e+18 1.93446e+18 2.62727e+18 3.17174e+18 3.47068e+18 3.47068e+18 3.17174e+18 2.62727e+18 1.93446e+18 1.21572e+18 5.94165e+17 1.69452e+17 2.00916e+15 4.02295e+13 9.43967e+11 2.21091e+10 5.16656e+08 1.1536e+07
1.57244e+07 7.04724e+08 3.01754e+10 1.28902e+12 5.49581e+13 2.744e+15 2.30373e+17 8.07386e+17 1.65145e+18 2.6271e+18 3.56723e+18 4.30589e+18 4.7114e+18 4.7114e+18 4.30589e+18 3.56723e+18 2.6271e+18 1.65145e+18 8.07386e+17 2.30373e+17 2.744e+15 5.49581e+13 1.28902e+12 3.01754e+10 7.04724e+08 1.57244e+07
1.90215e+07 8.52686e+08 3.65186e+10 1.56026e+12 6.65326e+13 3.32131e+15 2.78232e+17 9.74866e+17 1.99362e+18 3.17088e+18 4.30501e+18 5.19593e+18 5.68496e+18 5.68497e+18 5.19593e+18 4.30501e+18 3.17088e+18 1.99362e+18 9.74866e+17 2.78232e+17 3.32131e+15 6.65326e+13 1.56026e+12 3.65186e+10 8.52686e+08 1.90215e+07
2.08317e+07 9.33897e+08 3.99992e+10 1.70906e+12 7.28803e+13 3.63786e+15 3.04496e+17 1.06677e+18 2.18137e+18 3.46921e+18 4.70971e+18 5.6841e+18 6.21891e+18 6.21891e+18 5.6841e+18 4.70971e+18 3.46921e+18 2.18137e+18 1.06677e+18 3.04496e+17 3.63786e+15 7.28803e+13 1.70906e+12 3.99992e+10 9.33897e+08 2.08317e+07
2.08317e+07 9.33897e+08 3.99992e+10 1.70906e+12 7.28803e+13 3.63786e+15 3.04496e+17 1.06677e+18 2.18137e+18 3.46921e+18 4.70971e+18 5.6841e+18 6.21891e+18 6.21891e+18 5.6841e+18 4.70971e+18 3.46921e+18 2.18137e+18 1.06677e+18 3.04496e+17 3.63786e+15 7.28803e+13 1.70906e+12 3.99992e+10 9.33897e+08 2.08317e+07
1.90215e+07 8.52686e+08 3.65186e+10 1.56026e+12 6.65326e+13 3.32131e+15 2.78232e+17 9.74866e+17 1.99362e+18 3.17088e+18 4.30501e+18 5.19593e+18 5.68497e+18 5.68496e+18 5.19593e+18 4.30501e+18 3.17088e+18 1.99362e+18 9.74866e+17 2.78232e+17 3.32131e+15 6.65326e+13 1.56026e+12 3.65186e+10 8.52686e+08 1.90215e+07
1.57244e+07 7.04724e+08 3.01754e+10 1.28902e+12 5.49581e+13 2.744e+15 2.30373e+17 8.07386e+17 1.65145e+18 2.6271e+18 3.56723e+18 4.30589e+18 4.7114e+18 4.7114e+18 4.30589e+18 3.56723e+18 2.6271e+18 1.65145e+18 8.07386e+17 2.30373e+17 2.744e+15 5.49581e+13 1.28902e+12 3.01754e+10 7.04724e+08 1.57244e+07
1.1536e+07 5.16656e+08 2.21091e+10 9.43967e+11 4.02295e+13 2.00916e+15 1.69452e+17 5.94165e+17 1.21572e+18 1.93446e+18 2.62727e+18 3.17174e+18 3.47068e+18 3.47068e+18 3.17174e+18 2.62727e+18 1.93446e+18 1.21572e+18 5.94165e+17 1.69452e+17 2.00916e+15 4.02295e+13 9.43967e+11 2.21091e+10 5.16656e+08 1.1536e+07
7.22203e+06 3.22684e+08 1.37801e+10 5.87402e+11 2.50031e+13 1.24912e+15 1.06273e+17 3.72949e+17 7.63471e+17 1.21529e+18 1.65098e+18 1.99348e+18 2.18156e+18 2.18156e+18 1.99348e+18 1.65098e+18 1.21529e+18 7.63471e+17 3.72949e+17 1.06273e+17 1.24912e+15 2.50031e+13 5.87402e+11 1.37801e+10 3.22684e+08 7.22203e+06
3.57031e+06 1.57997e+08 6.68731e+09 2.8297e+11 1.19794e+13 5.97951e+14 5.17338e+16 1.81819e+17 3.72491e+17 5.93234e+17 8.06184e+17 9.73628e+17 1.06559e+18 1.06559e+18 9.73628e+17 8.06184e+17 5.93234e+17 3.72491e+17 1.81819e+17 5.17338e+16 5.97951e+14 1.19794e+13 2.8297e+11 6.68731e+09 1.57997e+08 3.57031e+06
1.19093e+06 5.04668e+07 2.03805e+09 8.22924e+10 3.33719e+12 1.62439e+14 1.46177e+16 5.15379e+16 1.05743e+17 1.68555e+17 2.29179e+17 2.76858e+17 3.03046e+17 3.03046e+17 2.76858e+17 2.29179e+17 1.68555e+17 1.05743e+17 5.15379e+16 1.46177e+16 1.62439e+14 3.33719e+12 8.22924e+10 2.03805e+09 5.04668e+07 1.19093e+06
202638 7.06855e+06 2.15489e+08 5.70015e+09 1.12978e+11 1.64047e+12 1.53286e+14 5.63495e+14 1.17727e+15 1.89477e+15 2.58986e+15 3.13699e+15 3.43743e+15 3.43743e+15 3.13699e+15 2.58986e+15 1.89477e+15 1.17727e+15 5.63495e+14 1.53286e+14 1.64047e+12 1.12978e+11 5.70015e+09 2.15489e+08 7.06855e+06 202638
21671.5 615838 1.45065e+07 2.87242e+08 4.82484e+09 1.06109e+11 3.10798e+12 1.11544e+13 2.32937e+13 3.75108e+13 5.12919e+13 6.2143e+13 6.81024e+13 6.81024e+13 6.2143e+13 5.12919e+13 3.75108e+13 2.32937e+13 1.11544e+13 3.10798e+12 1.06109e+11 4.82484e+09 2.87242e+08 1.45065e+07 615838 21671.5
1746.12 42226.5 846826 1.53302e+07 2.75898e+08 5.33374e+09 7.66422e+10 2.63495e+11 5.47265e+11 8.80195e+11 1.20302e+12 1.45727e+12 1.59693e+12 1.59693e+12 1.45727e+12 1.20302e+12 8.80195e+11 5.47265e+11 2.63495e+11 7.66422e+10 5.33374e+09 2.75898e+08 1.53302e+07 846826 42226.5 1746.12
119.201 2583.89 47481.3 822190 1.3726e+07 2.01302e+08 1.89812e+09 6.22734e+09 1.2839e+10 2.06158e+10 2.8162e+10 3.41068e+10 3.7373e+10 3.7373e+10 3.41068e+10 2.8162e+10 2.06158e+10 1.2839e+10 6.22734e+09 1.89812e+09 2.01302e+08 1.3726e+07 822190 47481.3 2583.89 119.201
7.32852 147.189 2524.44 40332.6 579019 6.59703e+06 4.70012e+07 1.47135e+08 3.00657e+08 4.81768e+08 6.57692e+08 7.96341e+08 8.72534e+08 8.72534e+08 7.96341e+08 6.57692e+08 4.81768e+08 3.00657e+08 1.47135e+08 4.70012e+07 6.59703e+06 579019 40332.6 2524.44 147.189 7.32852
0.380969 7.19645 114.75 1653.58 20312.5 189011 1.10913e+06 3.32496e+06 6.72922e+06 1.07571e+07 1.46747e+07 1.77639e+07 1.94619e+07 1.94619e+07 1.77639e+07 1.46747e+07 1.07571e+07 6.72922e+06 3.32496e+06 1.10913e+06 189011 20312.5 1653.58 114.75 7.19645 0.380969
