0.00408249 0.0768861 1.22492 17.6688 217.209 2018.47 11793.4 35086 70431.3 111802 151736 183091 200292 200292 183091 151736 111802 70431.3 35086 11793.4 2018.47 217.209 17.6688 1.22492 0.0768861 0.00408249
0.0777396 1.55368 26.5928 425.739 6134.51 69998.2 497318 1.54497e+06 3.13064e+06 4.98065e+06 6.76426e+06 8.16425e+06 8.93229e+06 8.93229e+06 8.16425e+06 6.76426e+06 4.98065e+06 3.13064e+06 1.54497e+06 497318 69998.2 6134.51 425.739 26.5928 1.55368 0.0777396
1.25372 26.9696 492.83 8539.73 143566 2.11908e+06 1.99774e+07 6.50328e+07 1.32914e+08 2.11853e+08 2.87884e+08 3.47551e+08 3.80285e+08 3.80285e+08 3.47551e+08 2.87884e+08 2.11853e+08 1.32914e+08 6.50328e+07 1.99774e+07 2.11908e+06 143566 8539.73 492.83 26.9696 1.25372
18.2759 437.818 8691.61 156422 2.83342e+06 5.56128e+07 8.02867e+08 2.73796e+09 5.63474e+09 8.9937e+09 1.22269e+10 1.47641e+10 1.61561e+10 1.61561e+10 1.47641e+10 1.22269e+10 8.9937e+09 5.63474e+09 2.73796e+09 8.02867e+08 5.56128e+07 2.83342e+06 156422 8691.61 437.818 18.2759
226.388 6375.86 148464 2.90037e+06 4.82799e+07 1.08942e+09 3.24456e+10 1.15444e+11 2.38755e+11 3.81443e+11 5.18754e+11 6.26519e+11 6.85646e+11 6.85646e+11 6.26519e+11 5.18754e+11 3.81443e+11 2.38755e+11 1.15444e+11 3.24456e+10 1.08942e+09 4.82799e+07 2.90037e+06 148464 6375.86 226.388
2114.51 73250.3 2.2135e+06 5.78938e+07 1.12532e+09 1.59633e+10 1.59201e+12 5.80079e+12 1.1999e+13 1.91565e+13 2.60405e+13 3.1442e+13 3.44053e+13 3.44053e+13 3.1442e+13 2.60405e+13 1.91565e+13 1.1999e+13 5.80079e+12 1.59201e+12 1.59633e+10 1.12532e+09 5.78938e+07 2.2135e+06 73250.3 2114.51
12395.1 522727 2.09999e+07 8.44058e+08 3.41161e+10 1.66549e+12 1.51708e+14 5.30858e+14 1.0799e+15 1.70866e+15 2.31052e+15 2.78153e+15 3.03961e+15 3.03961e+15 2.78153e+15 2.31052e+15 1.70866e+15 1.0799e+15 5.30858e+14 1.51708e+14 1.66549e+12 3.41161e+10 8.44058e+08 2.09999e+07 522727 12395.1
36898.9 1.62509e+06 6.84183e+07 2.88108e+09 1.21504e+11 6.07579e+12 5.32414e+14 1.85795e+15 3.77528e+15 5.96971e+15 8.06958e+15 9.71264e+15 1.06128e+16 1.06128e+16 9.71263e+15 8.06958e+15 5.96971e+15 3.77528e+15 1.85795e+15 5.32414e+14 6.07579e+12 1.21504e+11 2.88108e+09 6.84183e+07 1.62509e+06 36898.9
74043.5 3.29175e+06 1.3978e+08 5.92692e+09 2.51183e+11 1.2564e+13 1.08385e+15 3.7781e+15 7.67344e+15 1.21307e+16 1.63952e+16 1.97318e+16 2.15598e+16 2.15598e+16 1.97318e+16 1.63952e+16 1.21307e+16 7.67344e+15 3.7781e+15 1.08385e+15 1.2564e+13 2.51183e+11 5.92692e+09 1.3978e+08 3.29175e+06 74043.5
117445 5.23283e+06 2.22615e+08 9.45209e+09 4.0095e+11 2.00427e+13 1.71494e+15 5.97447e+15 1.21313e+16 1.91753e+16 2.59141e+16 3.11864e+16 3.40747e+16 3.40747e+16 3.11864e+16 2.59141e+16 1.91753e+16 1.21313e+16 5.97447e+15 1.71494e+15 2.00427e+13 4.0095e+11 9.45209e+09 2.22615e+08 5.23283e+06 117445
159257 7.10043e+06 3.0223e+08 1.28379e+10 5.44752e+11 2.72201e+13 2.3184e+15 8.07413e+15 1.63924e+16 2.59084e+16 3.50117e+16 4.21335e+16 4.60351e+16 4.60351e+16 4.21335e+16 3.50117e+16 2.59084e+16 1.63924e+16 8.07413e+15 2.3184e+15 2.72201e+13 5.44752e+11 1.28379e+10 3.0223e+08 7.10043e+06 159257
192027 8.56361e+06 3.6459e+08 1.54896e+10 6.57376e+11 3.28404e+13 2.79015e+15 9.71533e+15 1.9723e+16 3.11709e+16 4.2122e+16 5.06892e+16 5.53826e+16 5.53826e+16 5.06892e+16 4.2122e+16 3.11709e+16 1.9723e+16 9.71533e+15 2.79015e+15 3.28404e+13 6.57376e+11 1.54896e+10 3.6459e+08 8.56361e+06 192027
209983 9.36524e+06 3.98754e+08 1.69424e+10 7.19079e+11 3.59193e+13 3.04842e+15 1.06138e+16 2.15463e+16 3.40519e+16 4.60144e+16 5.53729e+16 6.04996e+16 6.04996e+16 5.53729e+16 4.60144e+16 3.40519e+16 2.15463e+16 1.06138e+16 3.04842e+15 3.59193e+13 7.19079e+11 1.69424e+10 3.98754e+08 9.36524e+06 209983
209983 9.36524e+06 3.98754e+08 1.69424e+10 7.19079e+11 3.59193e+13 3.04842e+15 1.06138e+16 2.15463e+16 3.40519e+16 4.60144e+16 5.53729e+16 6.04996e+16 6.04996e+16 5.53729e+16 4.60144e+16 3.40519e+16 2.15463e+16 1.06138e+16 3.04842e+15 3.59193e+13 7.19079e+11 1.69424e+10 3.98754e+08 9.36524e+06 209983
192027 8.56361e+06 3.6459e+08 1.54896e+10 6.57376e+11 3.28404e+13 2.79015e+15 9.71533e+15 1.9723e+16 3.11709e+16 4.2122e+16 5.06892e+16 5.53826e+16 5.53826e+16 5.06892e+16 4.2122e+16 3.11709e+16 1.9723e+16 9.71533e+15 2.79015e+15 3.28404e+13 6.57376e+11 1.54896e+10 3.6459e+08 8.56361e+06 192027
159257 7.10043e+06 3.0223e+08 1.28379e+10 5.44752e+11 2.72201e+13 2.3184e+15 8.07413e+15 1.63924e+16 2.59084e+16 3.50117e+16 4.21335e+16 4.60351e+16 4.60351e+16 4.21335e+16 3.50117e+16 2.59084e+16 1.63924e+16 8.07412e+15 2.3184e+15 2.72201e+13 5.44752e+11 1.28379e+10 3.0223e+08 7.10043e+06 159257
117445 5.23283e+06 2.22615e+08 9.45209e+09 4.0095e+11 2.00427e+13 1.71494e+15 5.97447e+15 1.21313e+16 1.91753e+16 2.59141e+16 3.11864e+16 3.40747e+16 3.40747e+16 3.11864e+16 2.59141e+16 1.91753e+16 1.21313e+16 5.97447e+15 1.71494e+15 2.00427e+13 4.0095e+11 9.45209e+09 2.22615e+08 5.23283e+06 117445
74043.5 3.29175e+06 1.3978e+08 5.92692e+09 2.51183e+11 1.2564e+13 1.08385e+15 3.7781e+15 7.67344e+15 1.21307e+16 1.63952e+16 1.97318e+16 2.15598e+16 2.15598e+16 1.97318e+16 1.63952e+16 1.21307e+16 7.67344e+15 3.7781e+15 1.08385e+15 1.2564e+13 2.51183e+11 5.92692e+09 1.3978e+08 3.29175e+06 74043.5
36898.9 1.62509e+06 6.84183e+07 2.88108e+09 1.21504e+11 6.07579e+12 5.32414e+14 1.85795e+15 3.77528e+15 5.96971e+15 8.06958e+15 9.71263e+15 1.06128e+16 1.06128e+16 9.71264e+15 8.06958e+15 5.96971e+15 3.77528e+15 1.85795e+15 5.32414e+14 6.07579e+12 1.21504e+11 2.88108e+09 6.84183e+07 1.62509e+06 36898.9
12395.1 522727 2.09999e+07 8.44058e+08 3.41161e+10 1.66549e+12 1.51708e+14 5.30858e+14 1.0799e+15 1.70866e+15 2.31052e+15 2.78153e+15 3.03961e+15 3.03961e+15 2.78153e+15 2.31052e+15 1.70866e+15 1.0799e+15 5.30858e+14 1.51708e+14 1.66549e+12 3.41161e+10 8.44058e+08 2.09999e+07 522727 12395.1
2114.51 73250.3 2.2135e+06 5.78938e+07 1.12532e+09 1.59633e+10 1.59201e+12 5.80079e+12 1.1999e+13 1.91565e+13 2.60405e+13 3.1442e+13 3.44053e+13 3.44053e+13 3.1442e+13 2.60405e+13 1.91565e+13 1.1999e+13 5.80079e+12 1.59201e+12 1.59633e+10 1.12532e+09 5.78938e+07 2.2135e+06 73250.3 2114.51
226.388 6375.86 148464 2.90037e+06 4.82799e+07 1.08942e+09 3.24456e+10 1.15444e+11 2.38755e+11 3.81443e+11 5.18754e+11 6.26519e+11 6.85646e+11 6.85646e+11 6.26519e+11 5.18754e+11 3.81443e+11 2.38755e+11 1.15444e+11 3.24456e+10 1.08942e+09 4.82799e+07 2.90037e+06 148464 6375.86 226.388
18.2759 437.818 8691.61 156422 2.83342e+06 5.56128e+07 8.02867e+08 2.73796e+09 5.63474e+09 8.9937e+09 1.22269e+10 1.47641e+10 1.61561e+10 1.61561e+10 1.47641e+10 1.22269e+10 8.9937e+09 5.63474e+09 2.73796e+09 8.02867e+08 5.56128e+07 2.83342e+06 156422 8691.61 437.818 18.2759
1.25372 26.9696 492.83 8539.73 143566 2.11908e+06 1.99774e+07 6.50328e+07 1.32914e+08 2.11853e+08 2.87884e+08 3.47551e+08 3.80285e+08 3.80285e+08 3.47551e+08 2.87884e+08 2.11853e+08 1.32914e+08 6.50328e+07 1.99774e+07 2.11908e+06 143566 8539.73 492.83 26.9696 1.25372
0.0777396 1.55368 26.5928 425.739 6134.51 69998.2 497318 1.54497e+06 3.13064e+06 4.98065e+06 6.76426e+06 8.16425e+06 8.93229e+06 8.93229e+06 8.16425e+06 6.76426e+06 4.98065e+06 3.13064e+06 1.54497e+06 497318 69998.2 6134.51 425.739 26.5928 1.55368 0.0777396
0.0040825 0.0768861 1.22492 17.6688 217.209 2018.47 11793.4 35086 70431.3 111802 151736 183091 200292 200292 183090 151736 111802 70431.3 35086 11793.4 2018.47 217.209 17.6688 1.22492 0.0768861 0.00408249
