1.67113 31.4597 497.52 7091.83 86141.8 793194 4.60411e+06 1.35857e+07 2.69587e+07 4.22029e+07 5.64835e+07 6.73894e+07 7.32565e+07 7.32565e+07 6.73894e+07 5.64835e+07 4.22029e+07 2.69587e+07 1.35857e+07 4.60411e+06 793194 86141.8 7091.83 497.52 31.4597 1.67113
32.1814 646.834 11031.7 174438 2.47367e+06 2.7861e+07 1.96355e+08 6.04942e+08 1.21144e+09 1.89983e+09 2.54303e+09 3.03342e+09 3.29698e+09 3.29698e+09 3.03342e+09 2.54303e+09 1.89983e+09 1.21144e+09 6.04942e+08 1.96355e+08 2.7861e+07 2.47367e+06 174438 11031.7 646.834 32.1814
521.741 11357.8 208334 3.57831e+06 5.89461e+07 8.52763e+08 7.95166e+09 2.56658e+10 5.1823e+10 8.13768e+10 1.08919e+11 1.29882e+11 1.41137e+11 1.41137e+11 1.29882e+11 1.08919e+11 8.13768e+10 5.1823e+10 2.56658e+10 7.95166e+09 8.52763e+08 5.89461e+07 3.57831e+06 208334 11357.8 521.741
7590.56 184760 3.71371e+06 6.70551e+07 1.1929e+09 2.26547e+10 3.21532e+11 1.08701e+12 2.20928e+12 3.47181e+12 4.64564e+12 5.53766e+12 6.01603e+12 6.01603e+12 5.53766e+12 4.64564e+12 3.47181e+12 2.20928e+12 1.08701e+12 3.21532e+11 2.26547e+10 1.1929e+09 6.70551e+07 3.71371e+06 184760 7590.56
93351.3 2.67152e+06 6.31918e+07 1.25551e+09 2.10824e+10 4.53471e+11 1.30559e+13 4.6047e+13 9.40117e+13 1.47777e+14 1.97664e+14 2.35513e+14 2.55788e+14 2.55788e+14 2.35513e+14 1.97664e+14 1.47777e+14 9.40117e+13 4.6047e+13 1.30559e+13 4.53471e+11 2.10824e+10 1.25551e+09 6.31918e+07 2.67152e+06 93351.3
863879 3.03357e+07 9.28112e+08 2.46378e+10 4.92288e+11 7.22079e+12 6.46589e+14 2.33549e+15 4.77064e+15 7.49616e+15 1.00251e+16 1.19445e+16 1.2973e+16 1.2973e+16 1.19445e+16 1.00251e+16 7.49616e+15 4.77064e+15 2.33549e+15 6.46589e+14 7.22079e+12 4.92288e+11 2.46378e+10 9.28112e+08 3.03357e+07 863879
5.01684e+06 2.13962e+08 8.6651e+09 3.50403e+11 1.42295e+13 6.92061e+14 6.16102e+16 2.14733e+17 4.33987e+17 6.80781e+17 9.12331e+17 1.09021e+18 1.18642e+18 1.18642e+18 1.09021e+18 9.12331e+17 6.80781e+17 4.33987e+17 2.14733e+17 6.16102e+16 6.92061e+14 1.42295e+13 3.50403e+11 8.6651e+09 2.13962e+08 5.01684e+06
1.4793e+07 6.58717e+08 2.79485e+10 1.18375e+12 5.01482e+13 2.50167e+15 2.15489e+17 7.49179e+17 1.5126e+18 2.37163e+18 3.17766e+18 3.79701e+18 4.13204e+18 4.13204e+18 3.79701e+18 3.17766e+18 2.37163e+18 1.5126e+18 7.49179e+17 2.15489e+17 2.50167e+15 5.01482e+13 1.18375e+12 2.79485e+10 6.58717e+08 1.4793e+07
2.93191e+07 1.31751e+09 5.6361e+10 2.40278e+12 1.02248e+14 5.10521e+15 4.35654e+17 1.51313e+18 3.05298e+18 4.78429e+18 6.40766e+18 7.65443e+18 8.32868e+18 8.32867e+18 7.65443e+18 6.40766e+18 4.78429e+18 3.05298e+18 1.51313e+18 4.35654e+17 5.10521e+15 1.02248e+14 2.40278e+12 5.6361e+10 1.31751e+09 2.93191e+07
4.58329e+07 2.06315e+09 8.83684e+10 3.76996e+12 1.60463e+14 8.0095e+15 6.82871e+17 2.37074e+18 4.78088e+18 7.48809e+18 1.00243e+19 1.19707e+19 1.30228e+19 1.30228e+19 1.19707e+19 1.00243e+19 7.48809e+18 4.78088e+18 2.37074e+18 6.82871e+17 8.0095e+15 1.60463e+14 3.76996e+12 8.83684e+10 2.06315e+09 4.58329e+07
6.12558e+07 2.75762e+09 1.18098e+11 5.0367e+12 2.14284e+14 1.06938e+16 9.14091e+17 3.173e+18 6.39621e+18 1.00135e+19 1.33993e+19 1.59959e+19 1.73988e+19 1.73988e+19 1.59959e+19 1.33993e+19 1.00135e+19 6.39621e+18 3.173e+18 9.14091e+17 1.06938e+16 2.14284e+14 5.0367e+12 1.18098e+11 2.75762e+09 6.12558e+07
7.30009e+07 3.28556e+09 1.40658e+11 5.99624e+12 2.5498e+14 1.27237e+16 1.09118e+18 3.78765e+18 7.63323e+18 1.19461e+19 1.59803e+19 1.90724e+19 2.07423e+19 2.07423e+19 1.90724e+19 1.59803e+19 1.19461e+19 7.63323e+18 3.78765e+18 1.09118e+18 1.27237e+16 2.5498e+14 5.99624e+12 1.40658e+11 3.28556e+09 7.30009e+07
7.93069e+07 3.5687e+09 1.52743e+11 6.50965e+12 2.76728e+14 1.38085e+16 1.18675e+18 4.11945e+18 8.3008e+18 1.29886e+19 1.73719e+19 2.07305e+19 2.2544e+19 2.2544e+19 2.07305e+19 1.73719e+19 1.29886e+19 8.3008e+18 4.11945e+18 1.18675e+18 1.38085e+16 2.76728e+14 6.50965e+12 1.52743e+11 3.5687e+09 7.93069e+07
7.93069e+07 3.5687e+09 1.52743e+11 6.50965e+12 2.76728e+14 1.38085e+16 1.18675e+18 4.11945e+18 8.3008e+18 1.29886e+19 1.73719e+19 2.07305e+19 2.2544e+19 2.2544e+19 2.07305e+19 1.73719e+19 1.29886e+19 8.3008e+18 4.11945e+18 1.18675e+18 1.38085e+16 2.76728e+14 6.50965e+12 1.52743e+11 3.5687e+09 7.93069e+07
7.30009e+07 3.28556e+09 1.40658e+11 5.99624e+12 2.5498e+14 1.27237e+16 1.09118e+18 3.78765e+18 7.63323e+18 1.19461e+19 1.59803e+19 1.90724e+19 2.07423e+19 2.07423e+19 1.90724e+19 1.59803e+19 1.19461e+19 7.63323e+18 3.78765e+18 1.09118e+18 1.27237e+16 2.5498e+14 5.99624e+12 1.40658e+11 3.28556e+09 7.30009e+07
6.12558e+07 2.75762e+09 1.18098e+11 5.0367e+12 2.14284e+14 1.06938e+16 9.14091e+17 3.173e+18 6.39621e+18 1.00135e+19 1.33993e+19 1.59959e+19 1.73988e+19 1.73988e+19 1.59959e+19 1.33993e+19 1.00135e+19 6.39621e+18 3.173e+18 9.14091e+17 1.06938e+16 2.14284e+14 5.0367e+12 1.18098e+11 2.75762e+09 6.12558e+07
4.58329e+07 2.06315e+09 8.83684e+10 3.76996e+12 1.60463e+14 8.0095e+15 6.82871e+17 2.37074e+18 4.78088e+18 7.48809e+18 1.00243e+19 1.19707e+19 1.30228e+19 1.30228e+19 1.19707e+19 1.00243e+19 7.48809e+18 4.78088e+18 2.37074e+18 6.82871e+17 8.0095e+15 1.60463e+14 3.76996e+12 8.83684e+10 2.06315e+09 4.58329e+07
2.93191e+07 1.31751e+09 5.6361e+10 2.40278e+12 1.02248e+14 5.10521e+15 4.35654e+17 1.51313e+18 3.05298e+18 4.78429e+18 6.40766e+18 7.65443e+18 8.32867e+18 8.32868e+18 7.65443e+18 6.40766e+18 4.78429e+18 3.05298e+18 1.51313e+18 4.35654e+17 5.10521e+15 1.02248e+14 2.40278e+12 5.6361e+10 1.31751e+09 2.93191e+07
1.4793e+07 6.58717e+08 2.79485e+10 1.18375e+12 5.01482e+13 2.50167e+15 2.15489e+17 7.49179e+17 1.5126e+18 2.37163e+18 3.17766e+18 3.79701e+18 4.13204e+18 4.13204e+18 3.79701e+18 3.17766e+18 2.37163e+18 1.5126e+18 7.49179e+17 2.15489e+17 2.50167e+15 5.01482e+13 1.18375e+12 2.79485e+10 6.58717e+08 1.4793e+07
5.01684e+06 2.13962e+08 8.6651e+09 3.50403e+11 1.42295e+13 6.92061e+14 6.16102e+16 2.14733e+17 4.33987e+17 6.80781e+17 9.12331e+17 1.09021e+18 1.18642e+18 1.18642e+18 1.09021e+18 9.12331e+17 6.80781e+17 4.33987e+17 2.14733e+17 6.16102e+16 6.92061e+14 1.42295e+13 3.50403e+11 8.6651e+09 2.13962e+08 5.01684e+06
863879 3.03357e+07 9.28112e+08 2.46378e+10 4.92288e+11 7.22079e+12 6.46589e+14 2.33549e+15 4.77064e+15 7.49616e+15 1.00251e+16 1.19445e+16 1.2973e+16 1.2973e+16 1.19445e+16 1.00251e+16 7.49616e+15 4.77064e+15 2.33549e+15 6.46589e+14 7.22079e+12 4.92288e+11 2.46378e+10 9.28112e+08 3.03357e+07 863879
93351.3 2.67152e+06 6.31918e+07 1.25551e+09 2.10824e+10 4.53471e+11 1.30559e+13 4.6047e+13 9.40117e+13 1.47777e+14 1.97664e+14 2.35513e+14 2.55788e+14 2.55788e+14 2.35513e+14 1.97664e+14 1.47777e+14 9.40117e+13 4.6047e+13 1.30559e+13 4.53471e+11 2.10824e+10 1.25551e+09 6.31918e+07 2.67152e+06 93351.3
7590.56 184760 3.71371e+06 6.70551e+07 1.1929e+09 2.26547e+10 3.21532e+11 1.08701e+12 2.20928e+12 3.47181e+12 4.64564e+12 5.53766e+12 6.01603e+12 6.01603e+12 5.53766e+12 4.64564e+12 3.47181e+12 2.20928e+12 1.08701e+12 3.21532e+11 2.26547e+10 1.1929e+09 6.70551e+07 3.71371e+06 184760 7590.56
521.741 11357.8 208334 3.57831e+06 5.89461e+07 8.52763e+08 7.95166e+09 2.56658e+10 5.1823e+10 8.13768e+10 1.08919e+11 1.29882e+11 1.41137e+11 1.41137e+11 1.29882e+11 1.08919e+11 8.13768e+10 5.1823e+10 2.56658e+10 7.95166e+09 8.52763e+08 5.89461e+07 3.57831e+06 208334 11357.8 521.741
32.1814 646.834 11031.7 174438 2.47367e+06 2.7861e+07 1.96355e+08 6.04942e+08 1.21144e+09 1.89983e+09 2.54303e+09 3.03342e+09 3.29698e+09 3.29698e+09 3.03342e+09 2.54303e+09 1.89983e+09 1.21144e+09 6.04942e+08 1.96355e+08 2.7861e+07 2.47367e+06 174438 11031.7 646.834 32.1814
1.67113 31.4597 497.52 7091.83 86141.8 793194 4.60411e+06 1.35857e+07 2.69587e+07 4.22029e+07 5.64835e+07 6.73894e+07 7.32565e+07 7.32565e+07 6.73894e+07 5.64835e+07 4.22029e+07 2.69587e+07 1.35857e+07 4.60411e+06 793194 86141.8 7091.83 497.52 31.4597 1.67113
