0.000584255 0.0109866 0.174755 2.51693 30.8975 286.747 1673.4 4973.26 9974.74 15824.9 21472 25907.6 28342.3 28342.3 25907.6 21472 15824.9 9974.74 4973.26 1673.4 286.747 30.8975 2.51693 0.174755 0.0109866 0.000584255
0.0111099 0.22168 3.78794 60.5469 871.134 9926.71 70441 218585 442502 703552 955221 1.15285e+06 1.26132e+06 1.26132e+06 1.15285e+06 955221 703552 442502 218585 70441 9926.71 871.134 60.5469 3.78794 0.22168 0.0111099
0.178911 3.84222 70.0932 1212.64 20355.8 300051 2.82534e+06 9.18614e+06 1.87547e+07 2.98726e+07 4.05802e+07 4.89873e+07 5.36019e+07 5.36019e+07 4.89873e+07 4.05802e+07 2.98726e+07 1.87547e+07 9.18614e+06 2.82534e+06 300051 20355.8 1212.64 70.0932 3.84222 0.178911
2.60437 62.2845 1234.46 22183.4 401248 7.86472e+06 1.13414e+08 3.86258e+08 7.93998e+08 1.26635e+09 1.721e+09 2.07798e+09 2.27394e+09 2.27394e+09 2.07798e+09 1.721e+09 1.26635e+09 7.93998e+08 3.86258e+08 1.13414e+08 7.86472e+06 401248 22183.4 1234.46 62.2845 2.60437
32.2172 905.788 21058.5 410850 6.83108e+06 1.53928e+08 4.5796e+09 1.62712e+10 3.36087e+10 5.36509e+10 7.29377e+10 8.80834e+10 9.63987e+10 9.63987e+10 8.80834e+10 7.29377e+10 5.36509e+10 3.36087e+10 1.62712e+10 4.5796e+09 1.53928e+08 6.83108e+06 410850 21058.5 905.788 32.2172
300.531 10392.8 313565 8.19115e+06 1.59079e+08 2.25526e+09 2.24619e+11 8.17163e+11 1.68799e+12 2.69251e+12 3.65858e+12 4.41701e+12 4.83336e+12 4.83336e+12 4.41701e+12 3.65858e+12 2.69251e+12 1.68799e+12 8.17163e+11 2.24619e+11 2.25526e+09 1.59079e+08 8.19115e+06 313565 10392.8 300.531
1759.65 74075.8 2.97134e+06 1.19286e+08 4.81748e+09 2.3506e+11 2.13984e+13 7.47766e+13 1.51911e+14 2.40107e+14 3.24457e+14 3.90449e+14 4.26606e+14 4.26606e+14 3.90449e+14 3.24457e+14 2.40107e+14 1.51911e+14 7.47766e+13 2.13984e+13 2.3506e+11 4.81747e+09 1.19286e+08 2.97134e+06 74075.8 1759.65
5233.27 230049 9.66961e+06 4.06661e+08 1.71339e+10 8.56232e+11 7.49992e+13 2.61384e+14 5.30424e+14 8.37863e+14 1.13179e+15 1.36169e+15 1.48763e+15 1.48763e+15 1.36169e+15 1.13179e+15 8.37863e+14 5.30424e+14 2.61384e+14 7.49992e+13 8.56232e+11 1.71339e+10 4.06661e+08 9.66961e+06 230049 5233.27
10493.8 465599 1.97369e+07 8.3572e+08 3.53808e+10 1.76839e+12 1.52486e+14 5.30863e+14 1.07681e+15 1.70052e+15 2.29673e+15 2.76304e+15 3.01849e+15 3.01849e+15 2.76304e+15 2.29673e+15 1.70052e+15 1.07681e+15 5.30863e+14 1.52486e+14 1.76839e+12 3.53808e+10 8.3572e+08 1.97369e+07 465599 10493.8
16638.3 739812 3.14167e+07 1.33201e+09 5.64411e+10 2.81904e+12 2.41049e+14 8.38694e+14 1.70081e+15 2.68561e+15 3.62692e+15 4.36309e+15 4.76636e+15 4.76636e+15 4.36309e+15 3.62692e+15 2.68561e+15 1.70081e+15 8.38694e+14 2.41049e+14 2.81904e+12 5.64411e+10 1.33201e+09 3.14167e+07 739812 16638.3
22559.8 1.00373e+06 4.26463e+07 1.80885e+09 7.66709e+10 3.82772e+12 3.25687e+14 1.13279e+15 2.29689e+15 3.62656e+15 4.89744e+15 5.89133e+15 6.43578e+15 6.43578e+15 5.89133e+15 4.89744e+15 3.62656e+15 2.29689e+15 1.13279e+15 3.25687e+14 3.82772e+12 7.66709e+10 1.80885e+09 4.26463e+07 1.00373e+06 22559.8
27204.2 1.21066e+06 5.14494e+07 2.18265e+09 9.25305e+10 4.61832e+12 3.91851e+14 1.36265e+15 2.76276e+15 4.36193e+15 5.89035e+15 7.08563e+15 7.7404e+15 7.7404e+15 7.08563e+15 5.89035e+15 4.36193e+15 2.76276e+15 1.36265e+15 3.91851e+14 4.61832e+12 9.25305e+10 2.18265e+09 5.14494e+07 1.21066e+06 27204.2
29750.8 1.32412e+06 5.62761e+07 2.38761e+09 1.01228e+11 5.05183e+12 4.2808e+14 1.4885e+15 3.01783e+15 4.76454e+15 6.43396e+15 7.73951e+15 8.45467e+15 8.45466e+15 7.73951e+15 6.43396e+15 4.76454e+15 3.01783e+15 1.4885e+15 4.2808e+14 5.05183e+12 1.01228e+11 2.38761e+09 5.62761e+07 1.32412e+06 29750.8
29750.8 1.32412e+06 5.62761e+07 2.38761e+09 1.01228e+11 5.05183e+12 4.2808e+14 1.4885e+15 3.01783e+15 4.76454e+15 6.43396e+15 7.73951e+15 8.45466e+15 8.45467e+15 7.73951e+15 6.43396e+15 4.76454e+15 3.01783e+15 1.4885e+15 4.2808e+14 5.05183e+12 1.01228e+11 2.38761e+09 5.62761e+07 1.32412e+06 29750.8
27204.2 1.21066e+06 5.14494e+07 2.18265e+09 9.25305e+10 4.61832e+12 3.91851e+14 1.36265e+15 2.76276e+15 4.36193e+15 5.89035e+15 7.08563e+15 7.7404e+15 7.7404e+15 7.08563e+15 5.89035e+15 4.36193e+15 2.76276e+15 1.36265e+15 3.91851e+14 4.61832e+12 9.25305e+10 2.18265e+09 5.14494e+07 1.21066e+06 27204.2
22559.8 1.00373e+06 4.26463e+07 1.80885e+09 7.66709e+10 3.82772e+12 3.25687e+14 1.13279e+15 2.29689e+15 3.62656e+15 4.89744e+15 5.89133e+15 6.43578e+15 6.43578e+15 5.89133e+15 4.89744e+15 3.62656e+15 2.29689e+15 1.13279e+15 3.25687e+14 3.82772e+12 7.66709e+10 1.80885e+09 4.26463e+07 1.00373e+06 22559.8
16638.3 739812 3.14167e+07 1.33201e+09 5.64411e+10 2.81904e+12 2.41049e+14 8.38694e+14 1.70081e+15 2.68561e+15 3.62692e+15 4.36309e+15 4.76636e+15 4.76636e+15 4.36309e+15 3.62692e+15 2.68561e+15 1.70081e+15 8.38694e+14 2.41049e+14 2.81904e+12 5.64411e+10 1.33201e+09 3.14167e+07 739812 16638.3
10493.8 465599 1.97369e+07 8.3572e+08 3.53808e+10 1.76839e+12 1.52486e+14 5.30863e+14 1.07681e+15 1.70052e+15 2.29673e+15 2.76304e+15 3.01849e+15 3.01849e+15 2.76304e+15 2.29673e+15 1.70052e+15 1.07681e+15 5.30863e+14 1.52486e+14 1.76839e+12 3.53808e+10 8.3572e+08 1.97369e+07 465599 10493.8
5233.27 230049 9.66961e+06 4.06661e+08 1.71339e+10 8.56232e+11 7.49992e+13 2.61384e+14 5.30424e+14 8.37863e+14 1.13179e+15 1.36169e+15 1.48763e+15 1.48763e+15 1.36169e+15 1.13179e+15 8.37863e+14 5.30424e+14 2.61384e+14 7.49992e+13 8.56232e+11 1.71339e+10 4.06661e+08 9.66961e+06 230049 5233.27
1759.65 74075.8 2.97134e+06 1.19286e+08 4.81747e+09 2.3506e+11 2.13984e+13 7.47766e+13 1.51911e+14 2.40107e+14 3.24457e+14 3.90449e+14 4.26606e+14 4.26606e+14 3.90449e+14 3.24457e+14 2.40107e+14 1.51911e+14 7.47766e+13 2.13984e+13 2.3506e+11 4.81748e+09 1.19286e+08 2.97134e+06 74075.8 1759.65
300.531 10392.8 313565 8.19115e+06 1.59079e+08 2.25526e+09 2.24619e+11 8.17163e+11 1.68799e+12 2.69251e+12 3.65858e+12 4.41701e+12 4.83336e+12 4.83336e+12 4.41701e+12 3.65858e+12 2.69251e+12 1.68799e+12 8.17163e+11 2.24619e+11 2.25526e+09 1.59079e+08 8.19115e+06 313565 10392.8 300.531
32.2172 905.788 21058.5 410850 6.83108e+06 1.53928e+08 4.5796e+09 1.62712e+10 3.36087e+10 5.36509e+10 7.29377e+10 8.80834e+10 9.63987e+10 9.63987e+10 8.80834e+10 7.29377e+10 5.36509e+10 3.36087e+10 1.62712e+10 4.5796e+09 1.53928e+08 6.83108e+06 410850 21058.5 905.788 32.2172
2.60437 62.2845 1234.46 22183.4 401248 7.86472e+06 1.13414e+08 3.86258e+08 7.93998e+08 1.26635e+09 1.721e+09 2.07798e+09 2.27394e+09 2.27394e+09 2.07798e+09 1.721e+09 1.26635e+09 7.93998e+08 3.86258e+08 1.13414e+08 7.86472e+06 401248 22183.4 1234.46 62.2845 2.60437
0.178911 3.84222 70.0932 1212.64 20355.8 300051 2.82534e+06 9.18614e+06 1.87547e+07 2.98726e+07 4.05802e+07 4.89873e+07 5.36019e+07 5.36019e+07 4.89873e+07 4.05802e+07 2.98726e+07 1.87547e+07 9.18614e+06 2.82534e+06 300051 20355.8 1212.64 70.0932 3.84222 0.178911
0.0111099 0.22168 3.78794 60.5469 871.134 9926.71 70441 218585 442502 703552 955221 1.15285e+06 1.26132e+06 1.26132e+06 1.15285e+06 955221 703552 442502 218585 70441 9926.71 871.134 60.5469 3.78794 0.22168 0.0111099
0.000584255 0.0109866 0.174755 2.51693 30.8975 286.747 1673.4 4973.26 9974.74 15824.9 21472 25907.6 28342.3 28342.3 25907.6 21472 15824.9 9974.74 4973.26 1673.4 286.747 30.8975 2.51693 0.174755 0.0109866 0.000584255
