6.98941e-05 0.00131181 0.0208124 0.298896 3.65926 33.8822 197.349 585.319 1171.3 1854.11 2510.87 3025.29 3307.14 3307.14 3025.29 2510.87 1854.11 1171.3 585.319 197.349 33.8822 3.65926 0.298896 0.0208124 0.00131181 6.9894e-05
0.00132853 0.0264683 0.451231 7.19085 103.132 1172.06 8299.92 25700.7 51904.3 82329.9 111553 134434 146969 146969 134434 111553 82329.9 51904.3 25700.7 8299.92 1172.06 103.132 7.19085 0.451231 0.0264683 0.00132853
0.0213742 0.45859 8.35298 144.123 2410.41 35409.9 332665 1.0792e+06 2.1978e+06 3.49197e+06 4.73353e+06 5.70539e+06 6.23781e+06 6.23781e+06 5.70539e+06 4.73353e+06 3.49197e+06 2.1978e+06 1.0792e+06 332665 35409.9 2410.41 144.123 8.35298 0.45859 0.0213742
0.310639 7.42532 147.086 2639.65 47579 928152 1.33472e+07 4.53514e+07 9.29783e+07 1.47905e+08 2.00559e+08 2.41771e+08 2.6435e+08 2.6435e+08 2.41771e+08 2.00559e+08 1.47905e+08 9.29783e+07 4.53514e+07 1.33472e+07 928152 47579 2639.65 147.086 7.42532 0.310639
3.83465 107.762 2505.11 48891.6 812541 1.81899e+07 5.38823e+08 1.90973e+09 3.93364e+09 6.26228e+09 8.49374e+09 1.02404e+10 1.11974e+10 1.11974e+10 1.02404e+10 8.49374e+09 6.26228e+09 3.93364e+09 1.90973e+09 5.38823e+08 1.81899e+07 812541 48891.6 2505.11 107.762 3.83465
35.6895 1233.35 37199.3 972037 1.89157e+07 2.68868e+08 2.64452e+10 9.59618e+10 1.97663e+11 3.14424e+11 4.26243e+11 5.13745e+11 5.61683e+11 5.61683e+11 5.13745e+11 4.26243e+11 3.14424e+11 1.97663e+11 9.59618e+10 2.64452e+10 2.68868e+08 1.89157e+07 972037 37199.3 1233.35 35.6895
208.508 8769.61 351511 1.41046e+07 5.69473e+08 2.77631e+10 2.51951e+12 8.78904e+12 1.78192e+13 2.8109e+13 3.792e+13 4.55775e+13 4.97668e+13 4.97668e+13 4.55775e+13 3.792e+13 2.8109e+13 1.78192e+13 8.78904e+12 2.51951e+12 2.77631e+10 5.69473e+08 1.41046e+07 351511 8769.61 208.508
618.8 27174.4 1.14125e+06 4.79662e+07 2.02017e+09 1.00873e+11 8.81635e+12 3.0676e+13 6.213e+13 9.7954e+13 1.32101e+14 1.58748e+14 1.73325e+14 1.73325e+14 1.58748e+14 1.32101e+14 9.7954e+13 6.213e+13 3.0676e+13 8.81635e+12 1.00873e+11 2.02017e+09 4.79662e+07 1.14125e+06 27174.4 618.8
1238.01 54867.3 2.32358e+06 9.8313e+07 4.15992e+09 2.07751e+11 1.78897e+13 6.21838e+13 1.25896e+14 1.98446e+14 2.67593e+14 3.21549e+14 3.51065e+14 3.51065e+14 3.21549e+14 2.67593e+14 1.98446e+14 1.25896e+14 6.21838e+13 1.78897e+13 2.07751e+11 4.15992e+09 9.8313e+07 2.32358e+06 54867.3 1238.01
1958.6 86979.1 3.68959e+06 1.56294e+08 6.61827e+09 3.30289e+11 2.82248e+13 9.8057e+13 1.98484e+14 3.12831e+14 4.21807e+14 5.06842e+14 5.53358e+14 5.53358e+14 5.06842e+14 4.21807e+14 3.12831e+14 1.98484e+14 9.8057e+13 2.82248e+13 3.30289e+11 6.61827e+09 1.56294e+08 3.68959e+06 86979.1 1958.6
2650.68 117775 4.99802e+06 2.11786e+08 8.9701e+09 4.47455e+11 3.80721e+13 1.32229e+14 2.67623e+14 4.21776e+14 5.68684e+14 6.83315e+14 7.4602e+14 7.4602e+14 6.83315e+14 5.68684e+14 4.21776e+14 2.67623e+14 1.32229e+14 3.80721e+13 4.47455e+11 8.9701e+09 2.11786e+08 4.99802e+06 117775 2650.68
3192.03 141853 6.02076e+06 2.55156e+08 1.08082e+10 5.39008e+11 4.57523e+13 1.58877e+14 3.21538e+14 5.06729e+14 6.83214e+14 8.20922e+14 8.9625e+14 8.9625e+14 8.20922e+14 6.83214e+14 5.06729e+14 3.21538e+14 1.58877e+14 4.57523e+13 5.39008e+11 1.08082e+10 2.55156e+08 6.02076e+06 141853 3192.03
3488.36 155032 6.58051e+06 2.78892e+08 1.18142e+10 5.89113e+11 4.99518e+13 1.73447e+14 3.51016e+14 5.53177e+14 7.45833e+14 8.96158e+14 9.78387e+14 9.78387e+14 8.96158e+14 7.45833e+14 5.53177e+14 3.51016e+14 1.73447e+14 4.99518e+13 5.89113e+11 1.18142e+10 2.78892e+08 6.58051e+06 155032 3488.36
3488.36 155032 6.58051e+06 2.78892e+08 1.18142e+10 5.89113e+11 4.99518e+13 1.73447e+14 3.51016e+14 5.53177e+14 7.45833e+14 8.96158e+14 9.78387e+14 9.78387e+14 8.96158e+14 7.45833e+14 5.53177e+14 3.51016e+14 1.73447e+14 4.99518e+13 5.89113e+11 1.18142e+10 2.78892e+08 6.58051e+06 155032 3488.36
3192.03 141853 6.02076e+06 2.55156e+08 1.08082e+10 5.39008e+11 4.57523e+13 1.58877e+14 3.21538e+14 5.06729e+14 6.83214e+14 8.20922e+14 8.9625e+14 8.9625e+14 8.20922e+14 6.83214e+14 5.06729e+14 3.21538e+14 1.58877e+14 4.57523e+13 5.39008e+11 1.08082e+10 2.55156e+08 6.02076e+06 141853 3192.03
2650.68 117775 4.99802e+06 2.11786e+08 8.9701e+09 4.47455e+11 3.80721e+13 1.32229e+14 2.67623e+14 4.21776e+14 5.68684e+14 6.83315e+14 7.4602e+14 7.4602e+14 6.83315e+14 5.68684e+14 4.21776e+14 2.67623e+14 1.32229e+14 3.80721e+13 4.47455e+11 8.9701e+09 2.11786e+08 4.99802e+06 117775 2650.68
1958.6 86979.1 3.68959e+06 1.56294e+08 6.61827e+09 3.30289e+11 2.82248e+13 9.8057e+13 1.98484e+14 3.12831e+14 4.21807e+14 5.06842e+14 5.53358e+14 5.53358e+14 5.06842e+14 4.21807e+14 3.12831e+14 1.98484e+14 9.8057e+13 2.82248e+13 3.30289e+11 6.61827e+09 1.56294e+08 3.68959e+06 86979.1 1958.6
1238.01 54867.3 2.32358e+06 9.8313e+07 4.15992e+09 2.07751e+11 1.78897e+13 6.21838e+13 1.25896e+14 1.98446e+14 2.67593e+14 3.21549e+14 3.51065e+14 3.51065e+14 3.21549e+14 2.67593e+14 1.98446e+14 1.25896e+14 6.21838e+13 1.78897e+13 2.07751e+11 4.15992e+09 9.8313e+07 2.32358e+06 54867.3 1238.01
618.8 27174.4 1.14125e+06 4.79662e+07 2.02017e+09 1.00873e+11 8.81635e+12 3.0676e+13 6.213e+13 9.7954e+13 1.32101e+14 1.58748e+14 1.73325e+14 1.73325e+14 1.58748e+14 1.32101e+14 9.7954e+13 6.213e+13 3.0676e+13 8.81635e+12 1.00873e+11 2.02017e+09 4.79662e+07 1.14125e+06 27174.4 618.8
208.508 8769.61 351511 1.41046e+07 5.69473e+08 2.77631e+10 2.51951e+12 8.78904e+12 1.78192e+13 2.8109e+13 3.792e+13 4.55775e+13 4.97668e+13 4.97668e+13 4.55775e+13 3.792e+13 2.8109e+13 1.78192e+13 8.78903e+12 2.51951e+12 2.77631e+10 5.69473e+08 1.41046e+07 351511 8769.61 208.508
35.6895 1233.35 37199.3 972037 1.89157e+07 2.68868e+08 2.64452e+10 9.59618e+10 1.97663e+11 3.14424e+11 4.26243e+11 5.13745e+11 5.61683e+11 5.61683e+11 5.13745e+11 4.26243e+11 3.14424e+11 1.97663e+11 9.59618e+10 2.64452e+10 2.68868e+08 1.89157e+07 972037 37199.3 1233.35 35.6895
3.83465 107.762 2505.11 48891.6 812541 1.81899e+07 5.38823e+08 1.90973e+09 3.93364e+09 6.26228e+09 8.49374e+09 1.02404e+10 1.11974e+10 1.11974e+10 1.02404e+10 8.49374e+09 6.26228e+09 3.93364e+09 1.90973e+09 5.38823e+08 1.81899e+07 812541 48891.6 2505.11 107.762 3.83465
0.310639 7.42532 147.086 2639.65 47579 928152 1.33472e+07 4.53514e+07 9.29783e+07 1.47905e+08 2.00559e+08 2.41771e+08 2.6435e+08 2.6435e+08 2.41771e+08 2.00559e+08 1.47905e+08 9.29783e+07 4.53514e+07 1.33472e+07 928152 47579 2639.65 147.086 7.42532 0.310639
0.0213742 0.45859 8.35298 144.123 2410.41 35409.9 332665 1.0792e+06 2.1978e+06 3.49197e+06 4.73353e+06 5.70539e+06 6.23781e+06 6.23781e+06 5.70539e+06 4.73353e+06 3.49197e+06 2.1978e+06 1.0792e+06 332665 35409.9 2410.41 144.123 8.35298 0.45859 0.0213742
0.00132853 0.0264683 0.451231 7.19085 103.132 1172.06 8299.92 25700.7 51904.3 82329.9 111553 134434 146969 146969 134434 111553 82329.9 51904.3 25700.7 8299.92 1172.06 103.132 7.19085 0.451231 0.0264683 0.00132853
6.9894e-05 0.00131181 0.0208124 0.298896 3.65926 33.8822 197.349 585.319 1171.3 1854.11 2510.87 3025.29 3307.14 3307.14 3025.29 2510.87 1854.11 1171.3 585.319 197.349 33.8822 3.65926 0.298896 0.0208124 0.00131181 6.9894e-05
