0.0185628 0.350682 5.60389 81.0567 999.08 9308.78 54539.9 162765 327770 521729 709546 857295 938429 938429 857295 709546 521729 327770 162765 54539.9 9308.78 999.08 81.0567 5.60389 0.350682 0.0185628
0.354661 7.11291 122.147 1961.07 28329 324058 2.30852e+06 7.19537e+06 1.463e+07 2.33441e+07 3.17732e+07 3.84025e+07 4.20427e+07 4.20427e+07 3.84025e+07 3.17732e+07 2.33441e+07 1.463e+07 7.19537e+06 2.30852e+06 324058 28329 1961.07 122.147 7.11291 0.354661
5.73852 123.916 2272.5 39493 665488 9.84385e+06 9.30239e+07 3.0388e+08 6.23344e+08 9.96675e+08 1.35749e+09 1.64121e+09 1.79701e+09 1.79701e+09 1.64122e+09 1.35749e+09 9.96675e+08 6.23344e+08 3.0388e+08 9.30239e+07 9.84385e+06 665488 39493 2272.5 123.916 5.73852
83.8984 2017.91 40211.6 725970 1.31795e+07 2.59074e+08 3.74714e+09 1.28259e+10 2.6499e+10 4.24359e+10 5.78303e+10 6.99353e+10 7.65824e+10 7.65824e+10 6.99353e+10 5.78303e+10 4.24359e+10 2.6499e+10 1.28259e+10 3.74714e+09 2.59074e+08 1.31795e+07 725970 40211.6 2017.91 83.8984
1042.06 29465.3 688687 1.34988e+07 2.25309e+08 5.08785e+09 1.51653e+11 5.4173e+11 1.12505e+12 1.80369e+12 2.45911e+12 2.97451e+12 3.25753e+12 3.25753e+12 2.97451e+12 2.45911e+12 1.80369e+12 1.12505e+12 5.4173e+11 1.51653e+11 5.08785e+09 2.25309e+08 1.34988e+07 688687 29465.3 1042.06
9758.26 339352 1.02901e+07 2.69929e+08 5.26126e+09 7.48275e+10 7.44697e+12 2.72473e+13 5.66052e+13 9.06955e+13 1.23602e+14 1.49473e+14 1.63677e+14 1.63677e+14 1.49473e+14 1.23602e+14 9.06955e+13 5.66052e+13 2.72473e+13 7.44697e+12 7.48275e+10 5.26126e+09 2.69929e+08 1.02901e+07 339352 9758.26
57355.1 2.42782e+06 9.78391e+07 3.9415e+09 1.59544e+11 7.79198e+12 7.09963e+14 2.49242e+15 5.08828e+15 8.07599e+15 1.09464e+16 1.31981e+16 1.44333e+16 1.44333e+16 1.31981e+16 1.09464e+16 8.07599e+15 5.08828e+15 2.49242e+15 7.09962e+14 7.79198e+12 1.59544e+11 3.9415e+09 9.78391e+07 2.42782e+06 57355.1
171267 7.57246e+06 3.19865e+08 1.35032e+10 5.70452e+11 2.85448e+13 2.49992e+15 8.75081e+15 1.78424e+16 2.82992e+16 3.8342e+16 4.62184e+16 5.05391e+16 5.05391e+16 4.62184e+16 3.8342e+16 2.82992e+16 1.78424e+16 8.75081e+15 2.49992e+15 2.85448e+13 5.70452e+11 1.35032e+10 3.19865e+08 7.57246e+06 171267
344751 1.53905e+07 6.55864e+08 2.78866e+10 1.18418e+12 5.92831e+13 5.10753e+15 1.78566e+16 3.63887e+16 5.76963e+16 7.81564e+16 9.42015e+16 1.03003e+17 1.03003e+17 9.42015e+16 7.81564e+16 5.76963e+16 3.63887e+16 1.78566e+16 5.10753e+15 5.92831e+13 1.18418e+12 2.78866e+10 6.55864e+08 1.53905e+07 344751
548308 2.45369e+07 1.04776e+09 4.46183e+10 1.89676e+12 9.49078e+13 8.10674e+15 2.83234e+16 5.77001e+16 9.14689e+16 1.2389e+17 1.49312e+17 1.63257e+17 1.63257e+17 1.49312e+17 1.2389e+17 9.14689e+16 5.77001e+16 2.83234e+16 8.10674e+15 9.49078e+13 1.89676e+12 4.46183e+10 1.04776e+09 2.45369e+07 548308
745003 3.33649e+07 1.42567e+09 6.07428e+10 2.5833e+12 1.29215e+14 1.09849e+16 3.83649e+16 7.81422e+16 1.23859e+17 1.67747e+17 2.02158e+17 2.21033e+17 2.21033e+17 2.02158e+17 1.67747e+17 1.23859e+17 7.81422e+16 3.83649e+16 1.09849e+16 1.29215e+14 2.5833e+12 6.07428e+10 1.42567e+09 3.33649e+07 745003
899433 4.02938e+07 1.72221e+09 7.33941e+10 3.12194e+12 1.56127e+14 1.32398e+16 4.62312e+16 9.41551e+16 1.4923e+17 2.02096e+17 2.43546e+17 2.6628e+17 2.6628e+17 2.43546e+17 2.02096e+17 1.4923e+17 9.41551e+16 4.62312e+16 1.32398e+16 1.56127e+14 3.12194e+12 7.33941e+10 1.72221e+09 4.02938e+07 899433
984118 4.4093e+07 1.8848e+09 8.03305e+10 3.41725e+12 1.7088e+14 1.44757e+16 5.05426e+16 1.02931e+17 1.63134e+17 2.20921e+17 2.66227e+17 2.91076e+17 2.91076e+17 2.66227e+17 2.20921e+17 1.63134e+17 1.02931e+17 5.05426e+16 1.44757e+16 1.7088e+14 3.41725e+12 8.03305e+10 1.8848e+09 4.4093e+07 984118
984118 4.4093e+07 1.8848e+09 8.03305e+10 3.41725e+12 1.7088e+14 1.44757e+16 5.05426e+16 1.02931e+17 1.63134e+17 2.20921e+17 2.66227e+17 2.91076e+17 2.91076e+17 2.66227e+17 2.20921e+17 1.63134e+17 1.02931e+17 5.05426e+16 1.44757e+16 1.7088e+14 3.41725e+12 8.03305e+10 1.8848e+09 4.4093e+07 984118
899433 4.02938e+07 1.72221e+09 7.33941e+10 3.12194e+12 1.56127e+14 1.32398e+16 4.62312e+16 9.41551e+16 1.4923e+17 2.02096e+17 2.43546e+17 2.6628e+17 2.6628e+17 2.43546e+17 2.02096e+17 1.4923e+17 9.41551e+16 4.62312e+16 1.32398e+16 1.56127e+14 3.12194e+12 7.33941e+10 1.72221e+09 4.02938e+07 899433
745003 3.33649e+07 1.42567e+09 6.07428e+10 2.5833e+12 1.29215e+14 1.09849e+16 3.83649e+16 7.81422e+16 1.23859e+17 1.67747e+17 2.02158e+17 2.21033e+17 2.21033e+17 2.02158e+17 1.67747e+17 1.23859e+17 7.81422e+16 3.83649e+16 1.09849e+16 1.29215e+14 2.5833e+12 6.07428e+10 1.42567e+09 3.33649e+07 745003
548308 2.45369e+07 1.04776e+09 4.46183e+10 1.89676e+12 9.49078e+13 8.10674e+15 2.83234e+16 5.77001e+16 9.14689e+16 1.2389e+17 1.49312e+17 1.63257e+17 1.63257e+17 1.49312e+17 1.2389e+17 9.14689e+16 5.77001e+16 2.83234e+16 8.10674e+15 9.49078e+13 1.89676e+12 4.46183e+10 1.04776e+09 2.45369e+07 548308
344750 1.53905e+07 6.55864e+08 2.78866e+10 1.18418e+12 5.92831e+13 5.10753e+15 1.78566e+16 3.63887e+16 5.76963e+16 7.81564e+16 9.42015e+16 1.03003e+17 1.03003e+17 9.42015e+16 7.81564e+16 5.76963e+16 3.63887e+16 1.78566e+16 5.10753e+15 5.92831e+13 1.18418e+12 2.78866e+10 6.55864e+08 1.53905e+07 344750
171267 7.57246e+06 3.19865e+08 1.35032e+10 5.70452e+11 2.85448e+13 2.49992e+15 8.75081e+15 1.78424e+16 2.82992e+16 3.8342e+16 4.62184e+16 5.05391e+16 5.05391e+16 4.62184e+16 3.8342e+16 2.82992e+16 1.78424e+16 8.75081e+15 2.49992e+15 2.85448e+13 5.70452e+11 1.35032e+10 3.19865e+08 7.57246e+06 171267
57355.1 2.42782e+06 9.78391e+07 3.9415e+09 1.59544e+11 7.79198e+12 7.09962e+14 2.49242e+15 5.08828e+15 8.07599e+15 1.09464e+16 1.31981e+16 1.44333e+16 1.44333e+16 1.31981e+16 1.09464e+16 8.07599e+15 5.08828e+15 2.49242e+15 7.09963e+14 7.79198e+12 1.59544e+11 3.9415e+09 9.78391e+07 2.42782e+06 57355.1
9758.26 339352 1.02901e+07 2.69929e+08 5.26126e+09 7.48275e+10 7.44697e+12 2.72473e+13 5.66052e+13 9.06955e+13 1.23602e+14 1.49473e+14 1.63677e+14 1.63677e+14 1.49473e+14 1.23602e+14 9.06955e+13 5.66052e+13 2.72473e+13 7.44697e+12 7.48275e+10 5.26126e+09 2.69929e+08 1.02901e+07 339352 9758.26
1042.06 29465.3 688687 1.34988e+07 2.25309e+08 5.08785e+09 1.51653e+11 5.4173e+11 1.12505e+12 1.80369e+12 2.45911e+12 2.97451e+12 3.25753e+12 3.25753e+12 2.97451e+12 2.45911e+12 1.80369e+12 1.12505e+12 5.4173e+11 1.51653e+11 5.08785e+09 2.25309e+08 1.34988e+07 688687 29465.3 1042.06
83.8984 2017.91 40211.6 725970 1.31795e+07 2.59074e+08 3.74714e+09 1.28259e+10 2.6499e+10 4.24359e+10 5.78303e+10 6.99353e+10 7.65824e+10 7.65824e+10 6.99353e+10 5.78303e+10 4.24359e+10 2.6499e+10 1.28259e+10 3.74714e+09 2.59074e+08 1.31795e+07 725970 40211.6 2017.91 83.8984
5.73852 123.916 2272.5 39493 665488 9.84385e+06 9.30239e+07 3.0388e+08 6.23344e+08 9.96675e+08 1.35749e+09 1.64122e+09 1.79701e+09 1.79701e+09 1.64121e+09 1.35749e+09 9.96675e+08 6.23344e+08 3.0388e+08 9.30239e+07 9.84385e+06 665488 39493 2272.5 123.916 5.73852
0.354661 7.11291 122.147 1961.07 28329 324058 2.30852e+06 7.19537e+06 1.463e+07 2.33441e+07 3.17732e+07 3.84025e+07 4.20427e+07 4.20427e+07 3.84025e+07 3.17732e+07 2.33441e+07 1.463e+07 7.19537e+06 2.30852e+06 324058 28329 1961.07 122.147 7.11291 0.354661
0.0185628 0.350682 5.60389 81.0567 999.08 9308.78 54539.9 162765 327770 521729 709546 857295 938429 938429 857295 709546 521729 327770 162765 54539.9 9308.78 999.08 81.0567 5.60389 0.350682 0.0185628
