0.70875 13.3873 213.107 3061.93 37483.5 347520 2.03001e+06 6.03848e+06 1.2098e+07 1.91287e+07 2.58321e+07 3.10283e+07 3.38518e+07 3.38518e+07 3.10283e+07 2.58321e+07 1.91287e+07 1.2098e+07 6.03848e+06 2.03001e+06 347520 37483.5 3061.93 213.107 13.3873 0.70875
13.6478 274.43 4703.41 74950.8 1.07218e+06 1.21703e+07 8.63371e+07 2.68172e+08 5.4235e+08 8.59319e+08 1.16093e+09 1.39446e+09 1.52128e+09 1.52128e+09 1.39446e+09 1.16093e+09 8.59319e+08 5.4235e+08 2.68172e+08 8.63371e+07 1.21703e+07 1.07218e+06 74950.8 4703.41 274.43 13.6478
221.88 4820.99 88646.1 1.53233e+06 2.54878e+07 3.72261e+08 3.49577e+09 1.13784e+10 2.32109e+10 3.68388e+10 4.97826e+10 5.97941e+10 6.52269e+10 6.52269e+10 5.97941e+10 4.97826e+10 3.68388e+10 2.32109e+10 1.13784e+10 3.49577e+09 3.72261e+08 2.54878e+07 1.53233e+06 88646.1 4820.99 221.88
3243.85 78691 1.58117e+06 2.86237e+07 5.13613e+08 9.88003e+09 1.4139e+11 4.82175e+11 9.90492e+11 1.57394e+12 2.12723e+12 2.55476e+12 2.7866e+12 2.7866e+12 2.55476e+12 2.12723e+12 1.57394e+12 9.90492e+11 4.82175e+11 1.4139e+11 9.88003e+09 5.13613e+08 2.86237e+07 1.58117e+06 78691 3243.85
40141.9 1.14458e+06 2.70306e+07 5.36154e+08 9.00786e+09 1.96962e+11 5.74108e+12 2.04327e+13 4.21841e+13 6.70832e+13 9.06663e+13 1.08871e+14 1.18737e+14 1.18737e+14 1.08871e+14 9.06663e+13 6.70832e+13 4.21841e+13 2.04327e+13 5.74108e+12 1.96962e+11 9.00786e+09 5.36154e+08 2.70306e+07 1.14458e+06 40141.9
373978 1.30906e+07 4.00098e+08 1.06038e+10 2.10713e+11 3.06859e+12 2.83677e+14 1.03417e+15 2.13622e+15 3.39562e+15 4.58809e+15 5.50858e+15 6.00741e+15 6.00741e+15 5.50858e+15 4.58809e+15 3.39562e+15 2.13622e+15 1.03417e+15 2.83677e+14 3.06859e+12 2.10713e+11 1.06038e+10 4.00098e+08 1.30906e+07 373978
2.18722e+06 9.30262e+07 3.76677e+09 1.52361e+11 6.18708e+12 3.01375e+14 2.70443e+16 9.48383e+16 1.93135e+17 3.0534e+17 4.12028e+17 4.94882e+17 5.40009e+17 5.40009e+17 4.94882e+17 4.12028e+17 3.0534e+17 1.93135e+17 9.48383e+16 2.70443e+16 3.01375e+14 6.18708e+12 1.52361e+11 3.76677e+09 9.30262e+07 2.18722e+06
6.50407e+06 2.88868e+08 1.22575e+10 5.1947e+11 2.20152e+13 1.0998e+15 9.51727e+16 3.32804e+17 6.76912e+17 1.0695e+18 1.44272e+18 1.7326e+18 1.8905e+18 1.8905e+18 1.7326e+18 1.44272e+18 1.0695e+18 6.76912e+17 3.32804e+17 9.51727e+16 1.0998e+15 2.20152e+13 5.1947e+11 1.22575e+10 2.88868e+08 6.50407e+06
1.30188e+07 5.83656e+08 2.498e+10 1.06605e+12 4.54055e+13 2.27036e+15 1.93946e+17 6.77387e+17 1.37683e+18 2.17428e+18 2.93203e+18 3.52035e+18 3.84077e+18 3.84077e+18 3.52035e+18 2.93203e+18 2.17428e+18 1.37683e+18 6.77387e+17 1.93946e+17 2.27036e+15 4.54055e+13 1.06605e+12 2.498e+10 5.83656e+08 1.30188e+07
2.05598e+07 9.23617e+08 3.95959e+10 1.69177e+12 7.21074e+13 3.60448e+15 3.06525e+17 1.06995e+18 2.17369e+18 3.43121e+18 4.62542e+18 5.55218e+18 6.05677e+18 6.05677e+18 5.55218e+18 4.62542e+18 3.43121e+18 2.17369e+18 1.06995e+18 3.06525e+17 3.60448e+15 7.21074e+13 1.69177e+12 3.95959e+10 9.23617e+08 2.05598e+07
2.77305e+07 1.24621e+09 5.34378e+10 2.28336e+12 9.73185e+13 4.86365e+15 4.13332e+17 1.44237e+18 2.92932e+18 4.62241e+18 6.22933e+18 7.47581e+18 8.15428e+18 8.15428e+18 7.47581e+18 6.22933e+18 4.62241e+18 2.92932e+18 1.44237e+18 4.13332e+17 4.86365e+15 9.73185e+13 2.28336e+12 5.34378e+10 1.24621e+09 2.77305e+07
3.32752e+07 1.49534e+09 6.4115e+10 2.73919e+12 1.16723e+14 5.83265e+15 4.96095e+17 1.731e+18 3.51477e+18 5.54491e+18 7.4709e+18 8.96434e+18 9.77704e+18 9.77704e+18 8.96434e+18 7.4709e+18 5.54491e+18 3.51477e+18 1.731e+18 4.96095e+17 5.83265e+15 1.16723e+14 2.73919e+12 6.4115e+10 1.49534e+09 3.32752e+07
3.62826e+07 1.63037e+09 6.98979e+10 2.98588e+12 1.27216e+14 6.35663e+15 5.411e+17 1.88797e+18 3.83313e+18 6.04642e+18 8.14567e+18 9.77313e+18 1.06587e+19 1.06587e+19 9.77313e+18 8.14567e+18 6.04642e+18 3.83313e+18 1.88797e+18 5.411e+17 6.35663e+15 1.27216e+14 2.98588e+12 6.98979e+10 1.63037e+09 3.62826e+07
3.62826e+07 1.63037e+09 6.98979e+10 2.98588e+12 1.27216e+14 6.35663e+15 5.411e+17 1.88797e+18 3.83313e+18 6.04642e+18 8.14567e+18 9.77313e+18 1.06587e+19 1.06587e+19 9.77313e+18 8.14567e+18 6.04642e+18 3.83313e+18 1.88797e+18 5.411e+17 6.35663e+15 1.27216e+14 2.98588e+12 6.98979e+10 1.63037e+09 3.62826e+07
3.32752e+07 1.49534e+09 6.4115e+10 2.73919e+12 1.16723e+14 5.83265e+15 4.96095e+17 1.731e+18 3.51477e+18 5.54491e+18 7.4709e+18 8.96434e+18 9.77704e+18 9.77704e+18 8.96434e+18 7.4709e+18 5.54491e+18 3.51477e+18 1.731e+18 4.96095e+17 5.83265e+15 1.16723e+14 2.73919e+12 6.4115e+10 1.49534e+09 3.32752e+07
2.77305e+07 1.24621e+09 5.34378e+10 2.28336e+12 9.73185e+13 4.86365e+15 4.13332e+17 1.44237e+18 2.92932e+18 4.62241e+18 6.22933e+18 7.47581e+18 8.15428e+18 8.15428e+18 7.47581e+18 6.22933e+18 4.62241e+18 2.92932e+18 1.44237e+18 4.13332e+17 4.86365e+15 9.73185e+13 2.28336e+12 5.34378e+10 1.24621e+09 2.77305e+07
2.05598e+07 9.23617e+08 3.95959e+10 1.69177e+12 7.21074e+13 3.60448e+15 3.06525e+17 1.06995e+18 2.17369e+18 3.43121e+18 4.62542e+18 5.55218e+18 6.05677e+18 6.05677e+18 5.55218e+18 4.62542e+18 3.43121e+18 2.17369e+18 1.06995e+18 3.06525e+17 3.60448e+15 7.21074e+13 1.69177e+12 3.95959e+10 9.23617e+08 2.05598e+07
1.30188e+07 5.83655e+08 2.498e+10 1.06605e+12 4.54055e+13 2.27036e+15 1.93946e+17 6.77387e+17 1.37683e+18 2.17428e+18 2.93203e+18 3.52035e+18 3.84077e+18 3.84077e+18 3.52035e+18 2.93203e+18 2.17428e+18 1.37683e+18 6.77387e+17 1.93946e+17 2.27036e+15 4.54055e+13 1.06605e+12 2.498e+10 5.83655e+08 1.30188e+07
6.50407e+06 2.88868e+08 1.22575e+10 5.1947e+11 2.20152e+13 1.0998e+15 9.51727e+16 3.32804e+17 6.76912e+17 1.0695e+18 1.44272e+18 1.7326e+18 1.8905e+18 1.8905e+18 1.7326e+18 1.44272e+18 1.0695e+18 6.76912e+17 3.32804e+17 9.51727e+16 1.0998e+15 2.20152e+13 5.1947e+11 1.22575e+10 2.88868e+08 6.50407e+06
2.18722e+06 9.30262e+07 3.76677e+09 1.52361e+11 6.18708e+12 3.01375e+14 2.70443e+16 9.48383e+16 1.93135e+17 3.0534e+17 4.12028e+17 4.94882e+17 5.40009e+17 5.40009e+17 4.94882e+17 4.12028e+17 3.0534e+17 1.93135e+17 9.48383e+16 2.70443e+16 3.01375e+14 6.18708e+12 1.52361e+11 3.76677e+09 9.30262e+07 2.18722e+06
373978 1.30906e+07 4.00098e+08 1.06038e+10 2.10713e+11 3.06859e+12 2.83677e+14 1.03417e+15 2.13622e+15 3.39562e+15 4.58809e+15 5.50858e+15 6.00741e+15 6.00741e+15 5.50858e+15 4.58809e+15 3.39562e+15 2.13622e+15 1.03417e+15 2.83677e+14 3.06859e+12 2.10713e+11 1.06038e+10 4.00098e+08 1.30906e+07 373978
40141.9 1.14458e+06 2.70306e+07 5.36154e+08 9.00786e+09 1.96962e+11 5.74108e+12 2.04327e+13 4.21841e+13 6.70832e+13 9.06663e+13 1.08871e+14 1.18737e+14 1.18737e+14 1.08871e+14 9.06663e+13 6.70832e+13 4.21841e+13 2.04327e+13 5.74108e+12 1.96962e+11 9.00786e+09 5.36154e+08 2.70306e+07 1.14458e+06 40141.9
3243.85 78691 1.58117e+06 2.86237e+07 5.13613e+08 9.88003e+09 1.4139e+11 4.82175e+11 9.90492e+11 1.57394e+12 2.12723e+12 2.55476e+12 2.7866e+12 2.7866e+12 2.55476e+12 2.12723e+12 1.57394e+12 9.90492e+11 4.82175e+11 1.4139e+11 9.88003e+09 5.13613e+08 2.86237e+07 1.58117e+06 78691 3243.85
221.88 4820.99 88646.1 1.53233e+06 2.54878e+07 3.72261e+08 3.49577e+09 1.13784e+10 2.32109e+10 3.68388e+10 4.97826e+10 5.97941e+10 6.52269e+10 6.52269e+10 5.97941e+10 4.97826e+10 3.68388e+10 2.32109e+10 1.13784e+10 3.49577e+09 3.72261e+08 2.54878e+07 1.53233e+06 88646.1 4820.99 221.88
13.6478 274.43 4703.41 74950.8 1.07218e+06 1.21703e+07 8.63371e+07 2.68172e+08 5.4235e+08 8.59319e+08 1.16093e+09 1.39446e+09 1.52128e+09 1.52128e+09 1.39446e+09 1.16093e+09 8.59319e+08 5.4235e+08 2.68172e+08 8.63371e+07 1.21703e+07 1.07218e+06 74950.8 4703.41 274.43 13.6478
0.70875 13.3873 213.107 3061.93 37483.5 347520 2.03001e+06 6.03848e+06 1.2098e+07 1.91287e+07 2.58321e+07 3.10283e+07 3.38518e+07 3.38518e+07 3.10283e+07 2.58321e+07 1.91287e+07 1.2098e+07 6.03848e+06 2.03001e+06 347520 37483.5 3061.93 213.107 13.3873 0.70875
