0.00260179 0.0488374 0.771723 11.0084 133.927 1236.07 7204.79 21462 43180.3 68697 93401.6 112837 123511 123511 112837 93401.6 68697 43180.3 21462 7204.79 1236.07 133.927 11.0084 0.771723 0.0488374 0.00260179
0.049933 0.998565 16.9973 268.863 3819.53 43128.7 305155 949215 1.92813e+06 3.07484e+06 4.1838e+06 5.05599e+06 5.53499e+06 5.53499e+06 5.05599e+06 4.1838e+06 3.07484e+06 1.92813e+06 949215 305155 43128.7 3819.53 268.863 16.9973 0.998565 0.049933
0.808424 17.488 319.725 5488.14 90571.5 1.31419e+06 1.22998e+07 4.00915e+07 8.21542e+07 1.31277e+08 1.78738e+08 2.16059e+08 2.36555e+08 2.36555e+08 2.16059e+08 1.78738e+08 1.31277e+08 8.21542e+07 4.00915e+07 1.22998e+07 1.31419e+06 90571.5 5488.14 319.725 17.488 0.808424
11.7644 284.384 5690.55 102488 1.82453e+06 3.47813e+07 4.95458e+08 1.6919e+09 3.49174e+09 5.58799e+09 7.61216e+09 9.20377e+09 1.00779e+10 1.00779e+10 9.20377e+09 7.61216e+09 5.58799e+09 3.49174e+09 1.6919e+09 4.95458e+08 3.47813e+07 1.82453e+06 102488 5690.55 284.384 11.7644
144.889 4117.77 96926.1 1.91759e+06 3.20994e+07 6.9314e+08 2.00496e+10 7.14441e+10 1.48204e+11 2.37432e+11 3.23572e+11 3.91306e+11 4.28505e+11 4.28505e+11 3.91306e+11 3.23572e+11 2.37432e+11 1.48204e+11 7.14441e+10 2.00496e+10 6.9314e+08 3.20994e+07 1.91759e+06 96926.1 4117.77 144.889
1344.24 46882.8 1.42765e+06 3.77416e+07 7.50239e+08 1.09301e+10 9.89344e+11 3.60907e+12 7.48751e+12 1.19864e+13 1.63267e+13 1.97384e+13 2.16118e+13 2.16118e+13 1.97384e+13 1.63267e+13 1.19864e+13 7.48751e+12 3.60907e+12 9.89344e+11 1.09301e+10 7.50239e+08 3.77416e+07 1.42765e+06 46882.8 1344.24
7843.3 332179 1.33884e+07 5.39284e+08 2.18226e+10 1.05851e+12 9.43612e+13 3.30663e+14 6.74292e+14 1.06932e+15 1.44851e+15 1.74581e+15 1.90886e+15 1.90886e+15 1.74581e+15 1.44851e+15 1.06932e+15 6.74292e+14 3.30663e+14 9.43612e+13 1.05851e+12 2.18226e+10 5.39284e+08 1.33884e+07 332179 7843.3
23361.2 1.03317e+06 4.36358e+07 1.84141e+09 7.77553e+10 3.86699e+12 3.3207e+14 1.16036e+15 2.36332e+15 3.74525e+15 5.0713e+15 6.11075e+15 6.68079e+15 6.68079e+15 6.11075e+15 5.0713e+15 3.74525e+15 2.36332e+15 1.16036e+15 3.3207e+14 3.86699e+12 7.77553e+10 1.84141e+09 4.36358e+07 1.03317e+06 23361.2
46979.4 2.09767e+06 8.93742e+07 3.79845e+09 1.61216e+11 8.02286e+12 6.78131e+14 2.36675e+15 4.81779e+15 7.63255e+15 1.0333e+16 1.24495e+16 1.36102e+16 1.36102e+16 1.24495e+16 1.0333e+16 7.63255e+15 4.81779e+15 2.36675e+15 6.78131e+14 8.02286e+12 1.61216e+11 3.79845e+09 8.93742e+07 2.09767e+06 46979.4
74696 3.34315e+06 1.42723e+08 6.07487e+09 2.58105e+11 1.28385e+13 1.07599e+15 3.75282e+15 7.63693e+15 1.20964e+16 1.63742e+16 1.97268e+16 2.15653e+16 2.15653e+16 1.97268e+16 1.63742e+16 1.20964e+16 7.63693e+15 3.75282e+15 1.07599e+15 1.28385e+13 2.58105e+11 6.07487e+09 1.42723e+08 3.34315e+06 74696
101496 4.54602e+06 1.94197e+08 8.26989e+09 3.51504e+11 1.74782e+13 1.45776e+15 5.08237e+15 1.03406e+16 1.6377e+16 2.21668e+16 2.67041e+16 2.91922e+16 2.91922e+16 2.67041e+16 2.21668e+16 1.6377e+16 1.03406e+16 5.08237e+15 1.45776e+15 1.74782e+13 3.51504e+11 8.26989e+09 1.94197e+08 4.54602e+06 101496
122555 5.49092e+06 2.34623e+08 9.99361e+09 4.24847e+11 2.11208e+13 1.7569e+15 6.12401e+15 1.24587e+16 1.97302e+16 2.67041e+16 3.21692e+16 3.5166e+16 3.5166e+16 3.21692e+16 2.67041e+16 1.97302e+16 1.24587e+16 6.12401e+15 1.7569e+15 2.11208e+13 4.24847e+11 9.99361e+09 2.34623e+08 5.49092e+06 122555
134112 6.00942e+06 2.56804e+08 1.09394e+10 4.65089e+11 2.31191e+13 1.92089e+15 6.69501e+15 1.36197e+16 2.15681e+16 2.91911e+16 3.51647e+16 3.84402e+16 3.84402e+16 3.51647e+16 2.91911e+16 2.15681e+16 1.36197e+16 6.69501e+15 1.92089e+15 2.31191e+13 4.65089e+11 1.09394e+10 2.56804e+08 6.00942e+06 134112
134112 6.00942e+06 2.56804e+08 1.09394e+10 4.65089e+11 2.31191e+13 1.92089e+15 6.69501e+15 1.36197e+16 2.15681e+16 2.91911e+16 3.51647e+16 3.84402e+16 3.84402e+16 3.51647e+16 2.91911e+16 2.15681e+16 1.36197e+16 6.69501e+15 1.92089e+15 2.31191e+13 4.65089e+11 1.09394e+10 2.56804e+08 6.00942e+06 134112
122555 5.49092e+06 2.34623e+08 9.99361e+09 4.24847e+11 2.11208e+13 1.7569e+15 6.12401e+15 1.24587e+16 1.97302e+16 2.67041e+16 3.21692e+16 3.5166e+16 3.5166e+16 3.21692e+16 2.67041e+16 1.97302e+16 1.24587e+16 6.12401e+15 1.7569e+15 2.11208e+13 4.24847e+11 9.99361e+09 2.34623e+08 5.49092e+06 122555
101496 4.54602e+06 1.94197e+08 8.26989e+09 3.51504e+11 1.74782e+13 1.45776e+15 5.08237e+15 1.03406e+16 1.6377e+16 2.21668e+16 2.67041e+16 2.91922e+16 2.91922e+16 2.67041e+16 2.21668e+16 1.6377e+16 1.03406e+16 5.08237e+15 1.45776e+15 1.74782e+13 3.51504e+11 8.26989e+09 1.94197e+08 4.54602e+06 101496
74696 3.34315e+06 1.42723e+08 6.07487e+09 2.58105e+11 1.28385e+13 1.07599e+15 3.75282e+15 7.63693e+15 1.20964e+16 1.63742e+16 1.97268e+16 2.15653e+16 2.15653e+16 1.97268e+16 1.63742e+16 1.20964e+16 7.63693e+15 3.75282e+15 1.07599e+15 1.28385e+13 2.58105e+11 6.07487e+09 1.42723e+08 3.34315e+06 74696
46979.4 2.09767e+06 8.93742e+07 3.79845e+09 1.61216e+11 8.02286e+12 6.78131e+14 2.36675e+15 4.81779e+15 7.63255e+15 1.0333e+16 1.24495e+16 1.36102e+16 1.36102e+16 1.24495e+16 1.0333e+16 7.63255e+15 4.81779e+15 2.36675e+15 6.78131e+14 8.02286e+12 1.61216e+11 3.79845e+09 8.93742e+07 2.09767e+06 46979.4
23361.2 1.03317e+06 4.36358e+07 1.84141e+09 7.77553e+10 3.86699e+12 3.3207e+14 1.16036e+15 2.36332e+15 3.74525e+15 5.0713e+15 6.11075e+15 6.68079e+15 6.68079e+15 6.11075e+15 5.0713e+15 3.74525e+15 2.36332e+15 1.16036e+15 3.3207e+14 3.86699e+12 7.77553e+10 1.84141e+09 4.36358e+07 1.03317e+06 23361.2
7843.3 332179 1.33884e+07 5.39284e+08 2.18226e+10 1.05851e+12 9.43612e+13 3.30663e+14 6.74292e+14 1.06932e+15 1.44851e+15 1.74581e+15 1.90886e+15 1.90886e+15 1.74581e+15 1.44851e+15 1.06932e+15 6.74292e+14 3.30663e+14 9.43612e+13 1.05851e+12 2.18226e+10 5.39284e+08 1.33884e+07 332179 7843.3
1344.24 46882.8 1.42765e+06 3.77416e+07 7.50239e+08 1.09301e+10 9.89344e+11 3.60907e+12 7.48751e+12 1.19864e+13 1.63267e+13 1.97384e+13 2.16118e+13 2.16118e+13 1.97384e+13 1.63267e+13 1.19864e+13 7.48751e+12 3.60907e+12 9.89344e+11 1.09301e+10 7.50239e+08 3.77416e+07 1.42765e+06 46882.8 1344.24
144.889 4117.77 96926.1 1.91759e+06 3.20994e+07 6.9314e+08 2.00496e+10 7.14441e+10 1.48204e+11 2.37432e+11 3.23572e+11 3.91306e+11 4.28505e+11 4.28505e+11 3.91306e+11 3.23572e+11 2.37432e+11 1.48204e+11 7.14441e+10 2.00496e+10 6.9314e+08 3.20994e+07 1.91759e+06 96926.1 4117.77 144.889
11.7644 284.384 5690.55 102488 1.82453e+06 3.47813e+07 4.95458e+08 1.6919e+09 3.49174e+09 5.58799e+09 7.61216e+09 9.20377e+09 1.00779e+10 1.00779e+10 9.20377e+09 7.61216e+09 5.58799e+09 3.49174e+09 1.6919e+09 4.95458e+08 3.47813e+07 1.82453e+06 102488 5690.55 284.384 11.7644
0.808424 17.488 319.725 5488.14 90571.5 1.31419e+06 1.22998e+07 4.00915e+07 8.21542e+07 1.31277e+08 1.78738e+08 2.16059e+08 2.36555e+08 2.36555e+08 2.16059e+08 1.78738e+08 1.31277e+08 8.21542e+07 4.00915e+07 1.22998e+07 1.31419e+06 90571.5 5488.14 319.725 17.488 0.808424
0.049933 0.998565 16.9973 268.863 3819.53 43128.7 305155 949215 1.92813e+06 3.07484e+06 4.1838e+06 5.05599e+06 5.53499e+06 5.53499e+06 5.05599e+06 4.1838e+06 3.07484e+06 1.92813e+06 949215 305155 43128.7 3819.53 268.863 16.9973 0.998565 0.049933
0.00260179 0.0488374 0.771723 11.0084 133.927 1236.07 7204.79 21462 43180.3 68697 93401.6 112837 123511 123511 112837 93401.6 68697 43180.3 21462 7204.79 1236.07 133.927 11.0084 0.771723 0.0488374 0.00260179
