4.37461e-05 0.000819782 0.0129722 0.185713 2.2671 20.9508 121.921 361.601 723.794 1146.08 1552.48 1870.95 2045.48 2045.48 1870.95 1552.48 1146.08 723.794 361.601 121.921 20.9508 2.2671 0.185713 0.0129722 0.000819782 4.37461e-05
0.000832667 0.0165768 0.282005 4.4785 63.9895 725.197 5128.98 15881.4 32082.2 50905 68994.2 83163.6 90928.5 90928.5 83163.6 68994.2 50905 32082.2 15881.4 5128.98 725.197 63.9895 4.4785 0.282005 0.0165768 0.000832667
0.0134037 0.287687 5.23602 90.075 1499.17 21929 205617 667018 1.35877e+06 2.15962e+06 2.92837e+06 3.53039e+06 3.86029e+06 3.86029e+06 3.53039e+06 2.92837e+06 2.15962e+06 1.35877e+06 667018 205617 21929 1499.17 90.075 5.23602 0.287687 0.0134037
0.194662 4.65869 92.3753 1656.74 29720.5 575649 8.25107e+06 2.80342e+07 5.74927e+07 9.14894e+07 1.24098e+08 1.49633e+08 1.63626e+08 1.63626e+08 1.49633e+08 1.24098e+08 9.14894e+07 5.74927e+07 2.80342e+07 8.25107e+06 575649 29720.5 1656.74 92.3753 4.65869 0.194662
2.39904 67.5038 1572.04 30751 511322 1.13221e+07 3.3312e+08 1.18061e+09 2.43261e+09 3.87412e+09 5.25629e+09 6.33865e+09 6.93184e+09 6.93184e+09 6.33865e+09 5.25629e+09 3.87412e+09 2.43261e+09 1.18061e+09 3.3312e+08 1.13221e+07 511322 30751 1572.04 67.5038 2.39904
22.2866 770.777 23274.2 609382 1.19155e+07 1.70268e+08 1.63699e+10 5.93929e+10 1.22375e+11 1.94731e+11 2.64064e+11 3.18343e+11 3.48088e+11 3.48088e+11 3.18343e+11 2.64064e+11 1.94731e+11 1.22375e+11 5.93929e+10 1.63699e+10 1.70268e+08 1.19155e+07 609382 23274.2 770.777 22.2866
130.025 5469.94 219290 8.80012e+06 3.55316e+08 1.72939e+10 1.56082e+12 5.44466e+12 1.10413e+13 1.74221e+13 2.35088e+13 2.82612e+13 3.08617e+13 3.08617e+13 2.82612e+13 2.35088e+13 1.74221e+13 1.10413e+13 5.44466e+12 1.56082e+12 1.72939e+10 3.55316e+08 8.80012e+06 219290 5469.94 130.025
385.82 16946.4 711811 2.99196e+07 1.26014e+09 6.28319e+10 5.4636e+12 1.90099e+13 3.8511e+13 6.07328e+13 8.19243e+13 9.84672e+13 1.07519e+14 1.07519e+14 9.84672e+13 8.19243e+13 6.07329e+13 3.8511e+13 1.90099e+13 5.4636e+12 6.28319e+10 1.26014e+09 2.99196e+07 711811 16946.4 385.82
772.096 34225.7 1.44967e+06 6.13438e+07 2.59578e+09 1.29457e+11 1.10912e+13 3.85515e+13 7.80683e+13 1.2309e+14 1.66019e+14 1.99529e+14 2.17864e+14 2.17864e+14 1.99529e+14 1.66019e+14 1.2309e+14 7.80683e+13 3.85515e+13 1.10912e+13 1.29457e+11 2.59578e+09 6.13438e+07 1.44967e+06 34225.7 772.096
1221.96 54278.5 2.30289e+06 9.75649e+07 4.13167e+09 2.05913e+11 1.75062e+13 6.08167e+13 1.23131e+14 1.94118e+14 2.61802e+14 3.14634e+14 3.4354e+14 3.4354e+14 3.14634e+14 2.61802e+14 1.94118e+14 1.23131e+14 6.08167e+13 1.75062e+13 2.05913e+11 4.13167e+09 9.75649e+07 2.30289e+06 54278.5 1221.96
1654.36 73524.7 3.1208e+06 1.3226e+08 5.60225e+09 2.79078e+11 2.36225e+13 8.20397e+13 1.6608e+14 2.61811e+14 3.53085e+14 4.24329e+14 4.63309e+14 4.63309e+14 4.24329e+14 3.53085e+14 2.61811e+14 1.6608e+14 8.20397e+13 2.36225e+13 2.79078e+11 5.60225e+09 1.3226e+08 3.1208e+06 73524.7 1654.36
1992.8 88582.7 3.76055e+06 1.59393e+08 6.75235e+09 3.36287e+11 2.83952e+13 9.85985e+13 1.99588e+14 3.14623e+14 4.243e+14 5.09908e+14 5.56747e+14 5.56746e+14 5.09908e+14 4.243e+14 3.14623e+14 1.99588e+14 9.85985e+13 2.83952e+13 3.36287e+11 6.75235e+09 1.59393e+08 3.76055e+06 88582.7 1992.8
2178.14 96827.7 4.11083e+06 1.7425e+08 7.3821e+09 3.6761e+11 3.10057e+13 1.07655e+14 2.17915e+14 3.43507e+14 4.63249e+14 5.56712e+14 6.07849e+14 6.07849e+14 5.56712e+14 4.63249e+14 3.43507e+14 2.17915e+14 1.07655e+14 3.10057e+13 3.6761e+11 7.3821e+09 1.7425e+08 4.11083e+06 96827.7 2178.14
2178.14 96827.7 4.11083e+06 1.7425e+08 7.3821e+09 3.6761e+11 3.10057e+13 1.07655e+14 2.17915e+14 3.43507e+14 4.63249e+14 5.56712e+14 6.07849e+14 6.07849e+14 5.56712e+14 4.63249e+14 3.43507e+14 2.17915e+14 1.07655e+14 3.10057e+13 3.6761e+11 7.3821e+09 1.7425e+08 4.11083e+06 96827.7 2178.14
1992.8 88582.7 3.76055e+06 1.59393e+08 6.75235e+09 3.36287e+11 2.83952e+13 9.85985e+13 1.99588e+14 3.14623e+14 4.243e+14 5.09908e+14 5.56746e+14 5.56747e+14 5.09908e+14 4.243e+14 3.14623e+14 1.99588e+14 9.85985e+13 2.83952e+13 3.36287e+11 6.75235e+09 1.59393e+08 3.76055e+06 88582.7 1992.8
1654.36 73524.7 3.1208e+06 1.3226e+08 5.60225e+09 2.79078e+11 2.36225e+13 8.20397e+13 1.6608e+14 2.61811e+14 3.53085e+14 4.24329e+14 4.63309e+14 4.63309e+14 4.24329e+14 3.53085e+14 2.61811e+14 1.6608e+14 8.20397e+13 2.36225e+13 2.79078e+11 5.60225e+09 1.3226e+08 3.1208e+06 73524.7 1654.36
1221.96 54278.5 2.30289e+06 9.75649e+07 4.13167e+09 2.05913e+11 1.75062e+13 6.08167e+13 1.23131e+14 1.94118e+14 2.61802e+14 3.14634e+14 3.4354e+14 3.4354e+14 3.14634e+14 2.61802e+14 1.94118e+14 1.23131e+14 6.08167e+13 1.75062e+13 2.05913e+11 4.13167e+09 9.75649e+07 2.30289e+06 54278.5 1221.96
772.096 34225.7 1.44967e+06 6.13438e+07 2.59578e+09 1.29457e+11 1.10912e+13 3.85515e+13 7.80683e+13 1.2309e+14 1.66019e+14 1.99529e+14 2.17864e+14 2.17864e+14 1.99529e+14 1.66019e+14 1.2309e+14 7.80683e+13 3.85515e+13 1.10912e+13 1.29457e+11 2.59578e+09 6.13438e+07 1.44967e+06 34225.7 772.096
385.82 16946.4 711811 2.99196e+07 1.26014e+09 6.28319e+10 5.4636e+12 1.90099e+13 3.8511e+13 6.07329e+13 8.19243e+13 9.84672e+13 1.07519e+14 1.07519e+14 9.84672e+13 8.19243e+13 6.07328e+13 3.8511e+13 1.90099e+13 5.4636e+12 6.28319e+10 1.26014e+09 2.99196e+07 711811 16946.4 385.82
130.025 5469.94 219290 8.80012e+06 3.55316e+08 1.72939e+10 1.56082e+12 5.44466e+12 1.10413e+13 1.74221e+13 2.35088e+13 2.82612e+13 3.08617e+13 3.08617e+13 2.82612e+13 2.35088e+13 1.74221e+13 1.10413e+13 5.44466e+12 1.56082e+12 1.72939e+10 3.55316e+08 8.80012e+06 219290 5469.94 130.025
22.2866 770.777 23274.2 609382 1.19155e+07 1.70268e+08 1.63699e+10 5.93929e+10 1.22375e+11 1.94731e+11 2.64064e+11 3.18343e+11 3.48088e+11 3.48088e+11 3.18343e+11 2.64064e+11 1.94731e+11 1.22375e+11 5.93929e+10 1.63699e+10 1.70268e+08 1.19155e+07 609382 23274.2 770.777 22.2866
2.39904 67.5038 1572.04 30751 511322 1.13221e+07 3.3312e+08 1.18061e+09 2.43261e+09 3.87412e+09 5.25629e+09 6.33865e+09 6.93184e+09 6.93184e+09 6.33865e+09 5.25629e+09 3.87412e+09 2.43261e+09 1.18061e+09 3.3312e+08 1.13221e+07 511322 30751 1572.04 67.5038 2.39904
0.194662 4.65869 92.3753 1656.74 29720.5 575649 8.25107e+06 2.80342e+07 5.74927e+07 9.14894e+07 1.24098e+08 1.49633e+08 1.63626e+08 1.63626e+08 1.49633e+08 1.24098e+08 9.14894e+07 5.74927e+07 2.80342e+07 8.25107e+06 575649 29720.5 1656.74 92.3753 4.65869 0.194662
0.0134037 0.287687 5.23602 90.075 1499.17 21929 205617 667018 1.35877e+06 2.15962e+06 2.92837e+06 3.53039e+06 3.86029e+06 3.86029e+06 3.53039e+06 2.92837e+06 2.15962e+06 1.35877e+06 667018 205617 21929 1499.17 90.075 5.23602 0.287687 0.0134037
0.000832667 0.0165768 0.282005 4.4785 63.9895 725.197 5128.98 15881.4 32082.2 50905 68994.2 83163.6 90928.5 90928.5 83163.6 68994.2 50905 32082.2 15881.4 5128.98 725.197 63.9895 4.4785 0.282005 0.0165768 0.000832667
4.37461e-05 0.000819782 0.0129722 0.185713 2.2671 20.9508 121.921 361.601 723.794 1146.08 1552.48 1870.95 2045.48 2045.48 1870.95 1552.48 1146.08 723.794 361.601 121.921 20.9508 2.2671 0.185713 0.0129722 0.000819782 4.37461e-05
