1.06964e-05 0.000201598 0.00321609 0.0464729 0.572427 5.33073 31.2343 93.4061 188.836 302.153 413.191 501.518 550.406 550.406 501.518 413.191 302.153 188.836 93.4061 31.2343 5.33073 0.572427 0.0464729 0.00321609 0.000201598 1.06964e-05
0.000203659 0.00407149 0.0697549 1.11864 16.1523 184.706 1315.75 4109.02 8387.28 13454.2 18416.2 22364.1 24549.8 24549.8 22364.1 18416.2 13454.2 8387.28 4109.02 1315.75 184.706 16.1523 1.11864 0.0697549 0.00407149 0.000203659
0.00328581 0.0706638 1.2916 22.4088 377.566 5586.4 52794.4 172783 355810 572009 783657 952112 1.04541e+06 1.04541e+06 952112 783657 572009 355810 172783 52794.4 5586.4 377.566 22.4088 1.2916 0.0706638 0.00328581
0.0479498 1.14788 22.7742 409.912 7438.83 146446 2.11923e+06 7.26673e+06 1.50723e+07 2.42723e+07 3.32789e+07 4.04512e+07 4.44254e+07 4.44254e+07 4.04512e+07 3.32789e+07 2.42723e+07 1.50723e+07 7.26673e+06 2.11923e+06 146446 7438.83 409.912 22.7742 1.14788 0.0479498
0.594951 16.7411 389.419 7598.9 126442 2.86381e+06 8.55371e+07 3.06066e+08 6.38143e+08 1.02899e+09 1.4118e+09 1.71685e+09 1.88595e+09 1.88595e+09 1.71685e+09 1.4118e+09 1.02899e+09 6.38143e+08 3.06066e+08 8.55371e+07 2.86381e+06 126442 7598.9 389.419 16.7411 0.594951
5.56918 192.743 5818.03 151968 2.94749e+06 4.17078e+07 4.18987e+09 1.5351e+10 3.20073e+10 5.15672e+10 7.07093e+10 8.59565e+10 9.44067e+10 9.44067e+10 8.59565e+10 7.07093e+10 5.15672e+10 3.20073e+10 1.5351e+10 4.18987e+09 4.17078e+07 2.94749e+06 151968 5818.03 192.743 5.56918
32.7496 1379.57 55355.3 2.22209e+06 8.96949e+07 4.37449e+09 3.99142e+11 1.401e+12 2.86315e+12 4.55447e+12 6.19054e+12 7.4827e+12 8.19512e+12 8.19512e+12 7.4827e+12 6.19054e+12 4.55447e+12 2.86315e+12 1.401e+12 3.99142e+11 4.37449e+09 8.96949e+07 2.22209e+06 55355.3 1379.57 32.7496
98.0422 4313.45 181401 7.63014e+06 3.21414e+08 1.60533e+10 1.40547e+12 4.91819e+12 1.00367e+13 1.59508e+13 2.16669e+13 2.61786e+13 2.86652e+13 2.86652e+13 2.61786e+13 2.16669e+13 1.59508e+13 1.00367e+13 4.91819e+12 1.40547e+12 1.60533e+10 3.21414e+08 7.63014e+06 181401 4313.45 98.0422
198.249 8806.46 373643 1.58298e+07 6.70305e+08 3.34825e+10 2.8758e+12 1.00491e+13 2.04942e+13 3.25571e+13 4.42114e+13 5.34079e+13 5.84755e+13 5.84755e+13 5.34079e+13 4.42114e+13 3.25571e+13 2.04942e+13 1.00491e+13 2.8758e+12 3.34825e+10 6.70305e+08 1.58298e+07 373643 8806.46 198.249
317.171 14124.8 600598 2.54888e+07 1.08072e+09 5.39408e+10 4.57746e+12 1.59809e+13 3.25782e+13 5.17398e+13 7.0248e+13 8.48503e+13 9.28959e+13 9.28959e+13 8.48503e+13 7.0248e+13 5.17398e+13 3.25782e+13 1.59809e+13 4.57746e+12 5.39408e+10 1.08072e+09 2.54888e+07 600598 14124.8 317.171
433.616 19329 822607 3.49377e+07 1.48238e+09 7.39484e+10 6.22382e+12 2.17153e+13 4.42556e+13 7.02728e+13 9.53986e+13 1.15219e+14 1.2614e+14 1.2614e+14 1.15219e+14 9.53986e+13 7.02728e+13 4.42556e+13 2.17153e+13 6.22382e+12 7.39484e+10 1.48238e+09 3.49377e+07 822607 19329 433.616
526.178 23466.6 999179 4.24565e+07 1.8022e+09 8.98735e+10 7.52411e+12 2.62416e+13 5.34707e+13 8.48955e+13 1.1524e+14 1.39176e+14 1.52363e+14 1.52363e+14 1.39176e+14 1.1524e+14 8.48955e+13 5.34707e+13 2.62416e+13 7.52411e+12 8.98735e+10 1.8022e+09 4.24565e+07 999179 23466.6 526.178
577.384 25756.2 1.09692e+06 4.66204e+07 1.97939e+09 9.86947e+10 8.24097e+12 2.87361e+13 5.85485e+13 9.29522e+13 1.26172e+14 1.52374e+14 1.66809e+14 1.66809e+14 1.52374e+14 1.26172e+14 9.29522e+13 5.85485e+13 2.87361e+13 8.24097e+12 9.86947e+10 1.97939e+09 4.66204e+07 1.09692e+06 25756.2 577.384
577.384 25756.2 1.09692e+06 4.66204e+07 1.97939e+09 9.86947e+10 8.24097e+12 2.87361e+13 5.85485e+13 9.29522e+13 1.26172e+14 1.52374e+14 1.66809e+14 1.66809e+14 1.52374e+14 1.26172e+14 9.29522e+13 5.85485e+13 2.87361e+13 8.24097e+12 9.86947e+10 1.97939e+09 4.66204e+07 1.09692e+06 25756.2 577.384
526.178 23466.6 999179 4.24565e+07 1.8022e+09 8.98735e+10 7.52411e+12 2.62416e+13 5.34707e+13 8.48955e+13 1.1524e+14 1.39176e+14 1.52363e+14 1.52363e+14 1.39176e+14 1.1524e+14 8.48955e+13 5.34707e+13 2.62416e+13 7.52411e+12 8.98735e+10 1.8022e+09 4.24565e+07 999179 23466.6 526.178
433.616 19329 822607 3.49377e+07 1.48238e+09 7.39484e+10 6.22382e+12 2.17153e+13 4.42556e+13 7.02728e+13 9.53986e+13 1.15219e+14 1.2614e+14 1.2614e+14 1.15219e+14 9.53986e+13 7.02728e+13 4.42556e+13 2.17153e+13 6.22382e+12 7.39484e+10 1.48238e+09 3.49377e+07 822607 19329 433.616
317.171 14124.8 600598 2.54888e+07 1.08072e+09 5.39408e+10 4.57746e+12 1.59809e+13 3.25782e+13 5.17398e+13 7.0248e+13 8.48503e+13 9.28959e+13 9.28959e+13 8.48503e+13 7.0248e+13 5.17398e+13 3.25782e+13 1.59809e+13 4.57746e+12 5.39408e+10 1.08072e+09 2.54888e+07 600598 14124.8 317.171
198.249 8806.46 373643 1.58298e+07 6.70305e+08 3.34825e+10 2.8758e+12 1.00491e+13 2.04942e+13 3.25571e+13 4.42114e+13 5.34079e+13 5.84755e+13 5.84755e+13 5.34079e+13 4.42114e+13 3.25571e+13 2.04942e+13 1.00491e+13 2.8758e+12 3.34825e+10 6.70305e+08 1.58298e+07 373643 8806.46 198.249
98.0422 4313.45 181401 7.63014e+06 3.21414e+08 1.60533e+10 1.40547e+12 4.91819e+12 1.00367e+13 1.59508e+13 2.16669e+13 2.61786e+13 2.86652e+13 2.86652e+13 2.61786e+13 2.16669e+13 1.59508e+13 1.00367e+13 4.91819e+12 1.40547e+12 1.60533e+10 3.21414e+08 7.63014e+06 181401 4313.45 98.0422
32.7496 1379.57 55355.3 2.22209e+06 8.96949e+07 4.37449e+09 3.99142e+11 1.401e+12 2.86315e+12 4.55447e+12 6.19054e+12 7.4827e+12 8.19512e+12 8.19512e+12 7.4827e+12 6.19054e+12 4.55447e+12 2.86315e+12 1.401e+12 3.99142e+11 4.37449e+09 8.96949e+07 2.22209e+06 55355.3 1379.57 32.7496
5.56918 192.743 5818.03 151968 2.94749e+06 4.17078e+07 4.18987e+09 1.5351e+10 3.20073e+10 5.15672e+10 7.07093e+10 8.59565e+10 9.44067e+10 9.44067e+10 8.59565e+10 7.07093e+10 5.15672e+10 3.20073e+10 1.5351e+10 4.18987e+09 4.17078e+07 2.94749e+06 151968 5818.03 192.743 5.56918
0.594951 16.7411 389.419 7598.9 126442 2.86381e+06 8.55371e+07 3.06066e+08 6.38143e+08 1.02899e+09 1.4118e+09 1.71685e+09 1.88595e+09 1.88595e+09 1.71685e+09 1.4118e+09 1.02899e+09 6.38143e+08 3.06066e+08 8.55371e+07 2.86381e+06 126442 7598.9 389.419 16.7411 0.594951
0.0479498 1.14788 22.7742 409.912 7438.83 146446 2.11923e+06 7.26673e+06 1.50723e+07 2.42723e+07 3.32789e+07 4.04512e+07 4.44254e+07 4.44254e+07 4.04512e+07 3.32789e+07 2.42723e+07 1.50723e+07 7.26673e+06 2.11923e+06 146446 7438.83 409.912 22.7742 1.14788 0.0479498
0.00328581 0.0706638 1.2916 22.4088 377.566 5586.4 52794.4 172783 355810 572009 783657 952112 1.04541e+06 1.04541e+06 952112 783657 572009 355810 172783 52794.4 5586.4 377.566 22.4088 1.2916 0.0706638 0.00328581
0.000203659 0.00407149 0.0697549 1.11864 16.1523 184.706 1315.75 4109.02 8387.28 13454.2 18416.2 22364.1 24549.8 24549.8 22364.1 18416.2 13454.2 8387.28 4109.02 1315.75 184.706 16.1523 1.11864 0.0697549 0.00407149 0.000203659
1.06964e-05 0.000201598 0.00321609 0.0464729 0.572427 5.33073 31.2343 93.4061 188.836 302.153 413.191 501.518 550.406 550.406 501.518 413.191 302.153 188.836 93.4061 31.2343 5.33073 0.572427 0.0464729 0.00321609 0.000201598 1.06964e-05
