6.57917e-07 1.23506e-05 0.000196012 0.00281618 0.034493 0.319541 1.86243 5.53039 11.0851 17.5791 23.8471 28.7715 31.4751 31.4751 28.7715 23.8471 17.5791 11.0851 5.53039 1.86243 0.319541 0.034493 0.00281618 0.000196012 1.23506e-05 6.57916e-07
1.2506e-05 0.000249186 0.00424918 0.0677418 0.972027 11.0523 78.3147 242.796 491.165 780.551 1059.51 1278.6 1398.89 1398.89 1278.6 1059.51 780.551 491.165 242.796 78.3147 11.0523 0.972027 0.0677418 0.00424918 0.000249186 1.2506e-05
0.000201234 0.00431756 0.0786503 1.35744 22.714 333.858 3138.27 10193.5 20795.1 33105 44959 54268.3 59379.6 59379.6 54268.3 44959 33105 20795.1 10193.5 3138.27 333.858 22.714 1.35744 0.0786503 0.00431756 0.000201234
0.00292543 0.0699219 1.38497 24.8568 448.219 8749.29 125886 428278 879621 1.40211e+06 1.90493e+06 2.29983e+06 2.51668e+06 2.51668e+06 2.29983e+06 1.90493e+06 1.40211e+06 879621 428278 125886 8749.29 448.219 24.8568 1.38497 0.0699219 0.00292543
0.0361272 1.01513 23.5946 460.404 7651.21 171413 5.0807e+06 1.80308e+07 3.72088e+07 5.93609e+07 8.0675e+07 9.74172e+07 1.06612e+08 1.06612e+08 9.74172e+07 8.0675e+07 5.93609e+07 3.72088e+07 1.80308e+07 5.0807e+06 171413 7651.21 460.404 23.5946 1.01513 0.0361272
0.336414 11.6241 350.531 9157.41 178130 2.53073e+06 2.49269e+08 9.05677e+08 1.86892e+09 2.97908e+09 4.0465e+09 4.8847e+09 5.34498e+09 5.34498e+09 4.8847e+09 4.0465e+09 2.97908e+09 1.86892e+09 9.05677e+08 2.49269e+08 2.53073e+06 178130 9157.41 350.531 11.6241 0.336414
1.96689 82.7091 3314.48 132962 5.36688e+06 2.61588e+08 2.37473e+10 8.28995e+10 1.68251e+11 2.65732e+11 3.58898e+11 4.31765e+11 4.71685e+11 4.71685e+11 4.31765e+11 3.58898e+11 2.65732e+11 1.68251e+11 8.28995e+10 2.37473e+10 2.61588e+08 5.36688e+06 132962 3314.48 82.7091 1.96689
5.84488 256.632 10775.7 452801 1.90659e+07 9.51766e+08 8.31636e+10 2.8955e+11 5.87028e+11 9.26569e+11 1.25095e+12 1.50459e+12 1.64352e+12 1.64352e+12 1.50459e+12 1.25095e+12 9.26569e+11 5.87028e+11 2.8955e+11 8.31636e+10 9.51767e+08 1.90659e+07 452801 10775.7 256.632 5.84488
11.7145 519.111 21980.9 929897 3.93404e+07 1.9641e+09 1.68953e+11 5.87614e+11 1.1908e+12 1.87912e+12 2.53661e+12 3.05065e+12 3.33221e+12 3.33221e+12 3.05065e+12 2.53661e+12 1.87912e+12 1.1908e+12 5.87615e+11 1.68953e+11 1.9641e+09 3.93404e+07 929897 21980.9 519.111 11.7145
18.5698 824.627 34978.1 1.48161e+06 6.27338e+07 3.12969e+09 2.66928e+11 9.27817e+11 1.87978e+12 2.96596e+12 4.00339e+12 4.81444e+12 5.25868e+12 5.25868e+12 4.81444e+12 4.00339e+12 2.96596e+12 1.87978e+12 9.27817e+11 2.66928e+11 3.12969e+09 6.27338e+07 1.48161e+06 34978.1 824.627 18.5698
25.1791 1118.79 47479 2.0119e+06 8.52138e+07 4.2491e+09 3.60532e+11 1.25272e+12 2.53769e+12 4.0037e+12 5.40385e+12 6.49843e+12 7.09795e+12 7.09795e+12 6.49843e+12 5.40385e+12 4.0037e+12 2.53769e+12 1.25272e+12 3.60532e+11 4.2491e+09 8.52138e+07 2.0119e+06 47479 1118.79 25.1791
30.3663 1349.58 57285.6 2.42791e+06 1.02851e+08 5.12716e+09 4.33709e+11 1.50667e+12 3.05187e+12 4.81469e+12 6.49826e+12 7.81438e+12 8.53524e+12 8.53524e+12 7.81438e+12 6.49826e+12 4.81469e+12 3.05187e+12 1.50667e+12 4.33709e+11 5.12716e+09 1.02851e+08 2.42791e+06 57285.6 1349.58 30.3663
33.2121 1476.2 62665.8 2.65617e+06 1.1253e+08 5.60896e+09 4.73786e+11 1.64573e+12 3.33342e+12 5.25875e+12 7.09751e+12 8.53493e+12 9.32222e+12 9.32222e+12 8.53493e+12 7.0975e+12 5.25875e+12 3.33342e+12 1.64573e+12 4.73786e+11 5.60896e+09 1.1253e+08 2.65617e+06 62665.8 1476.2 33.2121
33.2121 1476.2 62665.8 2.65617e+06 1.1253e+08 5.60896e+09 4.73786e+11 1.64573e+12 3.33342e+12 5.25875e+12 7.0975e+12 8.53493e+12 9.32222e+12 9.32222e+12 8.53493e+12 7.09751e+12 5.25875e+12 3.33342e+12 1.64573e+12 4.73786e+11 5.60896e+09 1.1253e+08 2.65617e+06 62665.8 1476.2 33.2121
30.3663 1349.58 57285.6 2.42791e+06 1.02851e+08 5.12716e+09 4.33709e+11 1.50667e+12 3.05187e+12 4.81469e+12 6.49826e+12 7.81438e+12 8.53524e+12 8.53524e+12 7.81438e+12 6.49826e+12 4.81469e+12 3.05187e+12 1.50667e+12 4.33709e+11 5.12716e+09 1.02851e+08 2.42791e+06 57285.6 1349.58 30.3663
25.1791 1118.79 47479 2.0119e+06 8.52138e+07 4.2491e+09 3.60532e+11 1.25272e+12 2.53769e+12 4.0037e+12 5.40385e+12 6.49843e+12 7.09795e+12 7.09795e+12 6.49843e+12 5.40385e+12 4.0037e+12 2.53769e+12 1.25272e+12 3.60532e+11 4.2491e+09 8.52138e+07 2.0119e+06 47479 1118.79 25.1791
18.5698 824.627 34978.1 1.48161e+06 6.27338e+07 3.12969e+09 2.66928e+11 9.27817e+11 1.87978e+12 2.96596e+12 4.00339e+12 4.81444e+12 5.25868e+12 5.25868e+12 4.81444e+12 4.00339e+12 2.96596e+12 1.87978e+12 9.27817e+11 2.66928e+11 3.12969e+09 6.27338e+07 1.48161e+06 34978.1 824.627 18.5698
11.7145 519.111 21980.9 929897 3.93404e+07 1.9641e+09 1.68953e+11 5.87615e+11 1.1908e+12 1.87912e+12 2.53661e+12 3.05065e+12 3.33221e+12 3.33221e+12 3.05065e+12 2.53661e+12 1.87912e+12 1.1908e+12 5.87614e+11 1.68953e+11 1.9641e+09 3.93404e+07 929897 21980.9 519.111 11.7145
5.84488 256.632 10775.7 452801 1.90659e+07 9.51766e+08 8.31636e+10 2.8955e+11 5.87028e+11 9.26569e+11 1.25095e+12 1.50459e+12 1.64352e+12 1.64352e+12 1.50459e+12 1.25095e+12 9.26569e+11 5.87028e+11 2.8955e+11 8.31636e+10 9.51766e+08 1.90659e+07 452801 10775.7 256.632 5.84488
1.96689 82.7091 3314.48 132962 5.36688e+06 2.61588e+08 2.37473e+10 8.28995e+10 1.68251e+11 2.65732e+11 3.58898e+11 4.31765e+11 4.71685e+11 4.71685e+11 4.31765e+11 3.58898e+11 2.65732e+11 1.68251e+11 8.28995e+10 2.37473e+10 2.61588e+08 5.36688e+06 132962 3314.48 82.7091 1.96689
0.336414 11.6241 350.531 9157.41 178130 2.53073e+06 2.49269e+08 9.05677e+08 1.86892e+09 2.97908e+09 4.0465e+09 4.8847e+09 5.34498e+09 5.34498e+09 4.8847e+09 4.0465e+09 2.97908e+09 1.86892e+09 9.05677e+08 2.49269e+08 2.53073e+06 178130 9157.41 350.531 11.6241 0.336414
0.0361272 1.01513 23.5946 460.404 7651.21 171413 5.0807e+06 1.80308e+07 3.72088e+07 5.93609e+07 8.0675e+07 9.74172e+07 1.06612e+08 1.06612e+08 9.74172e+07 8.0675e+07 5.93609e+07 3.72088e+07 1.80308e+07 5.0807e+06 171413 7651.21 460.404 23.5946 1.01513 0.0361272
0.00292543 0.0699219 1.38497 24.8568 448.219 8749.29 125886 428278 879621 1.40211e+06 1.90493e+06 2.29983e+06 2.51668e+06 2.51668e+06 2.29983e+06 1.90493e+06 1.40211e+06 879621 428278 125886 8749.29 448.219 24.8568 1.38497 0.0699219 0.00292543
0.000201234 0.00431756 0.0786503 1.35744 22.714 333.858 3138.27 10193.5 20795.1 33105 44959 54268.3 59379.6 59379.6 54268.3 44959 33105 20795.1 10193.5 3138.27 333.858 22.714 1.35744 0.0786503 0.00431756 0.000201234
1.2506e-05 0.000249186 0.00424918 0.0677418 0.972027 11.0523 78.3147 242.796 491.165 780.551 1059.51 1278.6 1398.89 1398.89 1278.6 1059.51 780.551 491.165 242.796 78.3147 11.0523 0.972027 0.0677418 0.00424918 0.000249186 1.2506e-05
6.57917e-07 1.23506e-05 0.000196012 0.00281618 0.034493 0.319541 1.86243 5.53039 11.0851 17.5791 23.8471 28.7715 31.4751 31.4751 28.7715 23.8471 17.5791 11.0851 5.53039 1.86243 0.319541 0.034493 0.00281618 0.000196012 1.23506e-05 6.57916e-07
