0.447392 8.44313 134.376 1931.86 23664.3 219384 1.27998e+06 3.79759e+06 7.58642e+06 1.19641e+07 1.61242e+07 1.93419e+07 2.10882e+07 2.10882e+07 1.93419e+07 1.61242e+07 1.19641e+07 7.58642e+06 3.79759e+06 1.27998e+06 219384 23664.3 1931.86 134.376 8.44313 0.447392
8.58615 172.459 2954.88 47142.9 675615 7.67704e+06 5.44307e+07 1.68645e+08 3.40085e+08 5.37453e+08 7.24655e+08 8.69297e+08 9.47751e+08 9.47751e+08 8.69297e+08 7.24655e+08 5.37453e+08 3.40085e+08 1.68645e+08 5.44307e+07 7.67704e+06 675615 47142.9 2954.88 172.459 8.58615
139.191 3019.13 55439 959045 1.60005e+07 2.34365e+08 2.20171e+09 7.14846e+09 1.45393e+10 2.30156e+10 3.10408e+10 3.72354e+10 4.05932e+10 4.05932e+10 3.72354e+10 3.10408e+10 2.30156e+10 1.45393e+10 7.14846e+09 2.20171e+09 2.34365e+08 1.60005e+07 959045 55439 3019.13 139.191
2031.93 49188.3 985551 1.78133e+07 3.20511e+08 6.20233e+09 8.89522e+10 3.02566e+11 6.19638e+11 9.82005e+11 1.32457e+12 1.58874e+12 1.73185e+12 1.73185e+12 1.58874e+12 1.32457e+12 9.82005e+11 6.19638e+11 3.02566e+11 8.89522e+10 6.20233e+09 3.20511e+08 1.78133e+07 985551 49188.3 2031.93
25135.7 715442 1.68407e+07 3.3262e+08 5.57197e+09 1.22996e+11 3.60856e+12 1.28077e+13 2.63573e+13 4.17993e+13 5.63797e+13 6.76136e+13 7.36955e+13 7.36955e+13 6.76136e+13 5.63797e+13 4.17993e+13 2.63573e+13 1.28077e+13 3.60856e+12 1.22996e+11 5.57197e+09 3.3262e+08 1.68407e+07 715442 25135.7
234171 8.18923e+06 2.49729e+08 6.59562e+09 1.30195e+11 1.88031e+12 1.77998e+14 6.47102e+14 1.33233e+15 2.11197e+15 2.84792e+15 3.41499e+15 3.72202e+15 3.72202e+15 3.41499e+15 2.84792e+15 2.11197e+15 1.33233e+15 6.47102e+14 1.77998e+14 1.88031e+12 1.30195e+11 6.59562e+09 2.49729e+08 8.18923e+06 234171
1.36874e+06 5.82095e+07 2.35478e+09 9.51473e+10 3.86048e+12 1.88277e+14 1.69716e+16 5.93798e+16 1.20611e+17 1.9025e+17 2.56286e+17 3.07479e+17 3.35335e+17 3.35335e+17 3.07479e+17 2.56286e+17 1.9025e+17 1.20611e+17 5.93798e+16 1.69716e+16 1.88277e+14 3.86048e+12 9.51473e+10 2.35478e+09 5.82095e+07 1.36874e+06
4.06029e+06 1.80335e+08 7.64506e+09 3.23636e+11 1.37019e+13 6.85095e+14 5.95704e+16 2.07868e+17 4.2176e+17 6.64932e+17 8.95518e+17 1.07431e+18 1.17161e+18 1.17161e+18 1.07431e+18 8.95518e+17 6.64932e+17 4.2176e+17 2.07868e+17 5.95704e+16 6.85095e+14 1.37019e+13 3.23636e+11 7.64506e+09 1.80335e+08 4.06029e+06
8.10347e+06 3.63303e+08 1.55338e+10 6.62109e+11 2.81677e+13 1.40946e+15 1.21054e+17 4.21969e+17 8.55686e+17 1.34853e+18 1.81571e+18 2.17787e+18 2.37495e+18 2.37495e+18 2.17787e+18 1.81571e+18 1.34853e+18 8.55686e+17 4.21969e+17 1.21054e+17 1.40946e+15 2.81677e+13 6.62109e+11 1.55338e+10 3.63303e+08 8.10347e+06
1.27627e+07 5.73369e+08 2.45555e+10 1.0478e+12 4.46037e+13 2.23117e+15 1.90858e+17 6.64973e+17 1.34796e+18 2.12367e+18 2.85865e+18 3.42821e+18 3.73808e+18 3.73808e+18 3.42821e+18 2.85865e+18 2.12367e+18 1.34796e+18 6.64973e+17 1.90858e+17 2.23117e+15 4.46037e+13 1.0478e+12 2.45555e+10 5.73369e+08 1.27627e+07
1.71772e+07 7.71993e+08 3.30694e+10 1.41117e+12 6.0068e+13 3.0041e+15 2.56892e+17 8.94874e+17 1.81355e+18 2.85647e+18 3.84419e+18 4.60935e+18 5.02555e+18 5.02555e+18 4.60935e+18 3.84419e+18 2.85647e+18 1.81355e+18 8.94874e+17 2.56892e+17 3.0041e+15 6.0068e+13 1.41117e+12 3.30694e+10 7.71993e+08 1.71772e+07
2.0582e+07 9.25016e+08 3.96213e+10 1.69051e+12 7.19439e+13 3.59766e+15 3.07965e+17 1.07273e+18 2.17368e+18 3.42309e+18 4.60599e+18 5.52209e+18 6.0203e+18 6.0203e+18 5.52209e+18 4.60599e+18 3.42309e+18 2.17368e+18 1.07273e+18 3.07965e+17 3.59766e+15 7.19439e+13 1.69051e+12 3.96213e+10 9.25016e+08 2.0582e+07
2.24262e+07 1.00784e+09 4.31653e+10 1.8415e+12 7.83582e+13 3.91826e+15 3.35708e+17 1.16937e+18 2.36934e+18 3.73088e+18 5.0197e+18 6.01768e+18 6.56036e+18 6.56036e+18 6.01768e+18 5.0197e+18 3.73088e+18 2.36934e+18 1.16937e+18 3.35708e+17 3.91826e+15 7.83582e+13 1.8415e+12 4.31653e+10 1.00784e+09 2.24262e+07
2.24262e+07 1.00784e+09 4.31653e+10 1.8415e+12 7.83582e+13 3.91826e+15 3.35708e+17 1.16937e+18 2.36934e+18 3.73088e+18 5.0197e+18 6.01768e+18 6.56036e+18 6.56036e+18 6.01768e+18 5.0197e+18 3.73088e+18 2.36934e+18 1.16937e+18 3.35708e+17 3.91826e+15 7.83582e+13 1.8415e+12 4.31653e+10 1.00784e+09 2.24262e+07
2.0582e+07 9.25016e+08 3.96213e+10 1.69051e+12 7.19439e+13 3.59766e+15 3.07965e+17 1.07273e+18 2.17368e+18 3.42309e+18 4.60599e+18 5.52209e+18 6.0203e+18 6.0203e+18 5.52209e+18 4.60599e+18 3.42309e+18 2.17368e+18 1.07273e+18 3.07965e+17 3.59766e+15 7.19439e+13 1.69051e+12 3.96213e+10 9.25016e+08 2.0582e+07
1.71772e+07 7.71993e+08 3.30694e+10 1.41117e+12 6.0068e+13 3.0041e+15 2.56892e+17 8.94874e+17 1.81355e+18 2.85647e+18 3.84419e+18 4.60935e+18 5.02555e+18 5.02555e+18 4.60935e+18 3.84419e+18 2.85647e+18 1.81355e+18 8.94874e+17 2.56892e+17 3.0041e+15 6.0068e+13 1.41117e+12 3.30694e+10 7.71993e+08 1.71772e+07
1.27627e+07 5.73369e+08 2.45555e+10 1.0478e+12 4.46037e+13 2.23117e+15 1.90858e+17 6.64973e+17 1.34796e+18 2.12367e+18 2.85865e+18 3.42821e+18 3.73808e+18 3.73808e+18 3.42821e+18 2.85865e+18 2.12367e+18 1.34796e+18 6.64973e+17 1.90858e+17 2.23117e+15 4.46037e+13 1.0478e+12 2.45555e+10 5.73369e+08 1.27627e+07
8.10347e+06 3.63303e+08 1.55338e+10 6.62109e+11 2.81677e+13 1.40946e+15 1.21054e+17 4.21969e+17 8.55686e+17 1.34853e+18 1.81571e+18 2.17787e+18 2.37495e+18 2.37495e+18 2.17787e+18 1.81571e+18 1.34853e+18 8.55686e+17 4.21969e+17 1.21054e+17 1.40946e+15 2.81677e+13 6.62109e+11 1.55338e+10 3.63303e+08 8.10347e+06
4.06029e+06 1.80335e+08 7.64506e+09 3.23636e+11 1.37019e+13 6.85095e+14 5.95704e+16 2.07868e+17 4.2176e+17 6.64932e+17 8.95518e+17 1.07431e+18 1.17161e+18 1.17161e+18 1.07431e+18 8.95518e+17 6.64932e+17 4.2176e+17 2.07868e+17 5.95704e+16 6.85095e+14 1.37019e+13 3.23636e+11 7.64506e+09 1.80335e+08 4.06029e+06
1.36874e+06 5.82095e+07 2.35478e+09 9.51473e+10 3.86048e+12 1.88277e+14 1.69716e+16 5.93798e+16 1.20611e+17 1.9025e+17 2.56286e+17 3.07479e+17 3.35335e+17 3.35335e+17 3.07479e+17 2.56286e+17 1.9025e+17 1.20611e+17 5.93798e+16 1.69716e+16 1.88277e+14 3.86048e+12 9.51473e+10 2.35478e+09 5.82095e+07 1.36874e+06
234171 8.18923e+06 2.49729e+08 6.59562e+09 1.30195e+11 1.88031e+12 1.77998e+14 6.47102e+14 1.33233e+15 2.11197e+15 2.84792e+15 3.41499e+15 3.72202e+15 3.72202e+15 3.41499e+15 2.84792e+15 2.11197e+15 1.33233e+15 6.47102e+14 1.77998e+14 1.88031e+12 1.30195e+11 6.59562e+09 2.49729e+08 8.18923e+06 234171
25135.7 715442 1.68407e+07 3.3262e+08 5.57197e+09 1.22996e+11 3.60856e+12 1.28077e+13 2.63573e+13 4.17993e+13 5.63797e+13 6.76136e+13 7.36955e+13 7.36955e+13 6.76136e+13 5.63797e+13 4.17993e+13 2.63573e+13 1.28077e+13 3.60856e+12 1.22996e+11 5.57197e+09 3.3262e+08 1.68407e+07 715442 25135.7
2031.93 49188.3 985551 1.78133e+07 3.20511e+08 6.20233e+09 8.89522e+10 3.02566e+11 6.19638e+11 9.82005e+11 1.32457e+12 1.58874e+12 1.73185e+12 1.73185e+12 1.58874e+12 1.32457e+12 9.82005e+11 6.19638e+11 3.02566e+11 8.89522e+10 6.20233e+09 3.20511e+08 1.78133e+07 985551 49188.3 2031.93
139.191 3019.13 55439 959045 1.60005e+07 2.34365e+08 2.20171e+09 7.14846e+09 1.45393e+10 2.30156e+10 3.10408e+10 3.72354e+10 4.05932e+10 4.05932e+10 3.72354e+10 3.10408e+10 2.30156e+10 1.45393e+10 7.14846e+09 2.20171e+09 2.34365e+08 1.60005e+07 959045 55439 3019.13 139.191
8.58615 172.459 2954.88 47142.9 675615 7.67704e+06 5.44307e+07 1.68645e+08 3.40085e+08 5.37453e+08 7.24655e+08 8.69297e+08 9.47751e+08 9.47751e+08 8.69297e+08 7.24655e+08 5.37453e+08 3.40085e+08 1.68645e+08 5.44307e+07 7.67704e+06 675615 47142.9 2954.88 172.459 8.58615
0.447392 8.44313 134.376 1931.86 23664.3 219384 1.27998e+06 3.79759e+06 7.58642e+06 1.19641e+07 1.61242e+07 1.93419e+07 2.10882e+07 2.10882e+07 1.93419e+07 1.61242e+07 1.19641e+07 7.58642e+06 3.79759e+06 1.27998e+06 219384 23664.3 1931.86 134.376 8.44313 0.447392
