20.8333 384.86 5934.67 82128.2 968705 8.70129e+06 4.95338e+07 1.43487e+08 2.78767e+08 4.26789e+08 5.59636e+08 6.57314e+08 7.08503e+08 7.08503e+08 6.57314e+08 5.59636e+08 4.26789e+08 2.78767e+08 1.43487e+08 4.95338e+07 8.70129e+06 968705 82128.2 5934.67 384.86 20.8333
399.691 7908.84 131973 2.02454e+06 2.77392e+07 3.03214e+08 2.09139e+09 6.31985e+09 1.23761e+10 1.89561e+10 2.48302e+10 2.91323e+10 3.1381e+10 3.1381e+10 2.91323e+10 2.48302e+10 1.89561e+10 1.23761e+10 6.31985e+09 2.09139e+09 3.03214e+08 2.77392e+07 2.02454e+06 131973 7908.84 399.691
6425.87 138552 2.50868e+06 4.20272e+07 6.65843e+08 9.26344e+09 8.42162e+10 2.66385e+11 5.25324e+11 8.04577e+11 1.05252e+12 1.23337e+12 1.32764e+12 1.32764e+12 1.23337e+12 1.05252e+12 8.04577e+11 5.25324e+11 2.66385e+11 8.42162e+10 9.26344e+09 6.65843e+08 4.20272e+07 2.50868e+06 138552 6425.87
92054 2.22974e+06 4.47298e+07 8.00614e+08 1.37683e+10 2.47426e+11 3.39607e+12 1.12408e+13 2.2285e+13 3.41101e+13 4.45552e+13 5.21425e+13 5.60865e+13 5.60865e+13 5.21425e+13 4.45552e+13 3.41101e+13 2.2285e+13 1.12408e+13 3.39607e+12 2.47426e+11 1.37683e+10 8.00614e+08 4.47298e+07 2.22974e+06 92054
1.10832e+06 3.15756e+07 7.4905e+08 1.50198e+10 2.52701e+11 5.06357e+12 1.37808e+14 4.75382e+14 9.45474e+14 1.44555e+15 1.88511e+15 2.20309e+15 2.36791e+15 2.36791e+15 2.20309e+15 1.88511e+15 1.44555e+15 9.45474e+14 4.75382e+14 1.37808e+14 5.06357e+12 2.52701e+11 1.50198e+10 7.4905e+08 3.15756e+07 1.10832e+06
1.00197e+07 3.49305e+08 1.06809e+10 2.85777e+11 5.86758e+12 8.9155e+13 6.89008e+15 2.43251e+16 4.83979e+16 7.39792e+16 9.64899e+16 1.12803e+17 1.21271e+17 1.21271e+17 1.12803e+17 9.64899e+16 7.39792e+16 4.83979e+16 2.43251e+16 6.89008e+15 8.9155e+13 5.86758e+12 2.85777e+11 1.06809e+10 3.49305e+08 1.00197e+07
5.69084e+07 2.40219e+09 9.67086e+10 3.89888e+12 1.58168e+14 7.61893e+15 6.54126e+17 2.24612e+18 4.45848e+18 6.86366e+18 9.04437e+18 1.06723e+19 1.15362e+19 1.15362e+19 1.06723e+19 9.04437e+18 6.86366e+18 4.45848e+18 2.24612e+18 6.54126e+17 7.61893e+15 1.58168e+14 3.89888e+12 9.67086e+10 2.40219e+09 5.69084e+07
1.6459e+08 7.24676e+09 3.05341e+11 1.288e+13 5.44502e+14 2.69203e+16 2.25557e+18 7.72725e+18 1.53177e+19 2.35572e+19 3.10183e+19 3.65829e+19 3.95341e+19 3.95341e+19 3.65829e+19 3.10183e+19 2.35572e+19 1.53177e+19 7.72725e+18 2.25557e+18 2.69203e+16 5.44502e+14 1.288e+13 3.05341e+11 7.24676e+09 1.6459e+08
3.19427e+08 1.41757e+10 6.01471e+11 2.55052e+13 1.08168e+15 5.35115e+16 4.47613e+18 1.53142e+19 3.03044e+19 4.65177e+19 6.1145e+19 7.20192e+19 7.77737e+19 7.77737e+19 7.20192e+19 6.1145e+19 4.65177e+19 3.03044e+19 1.53142e+19 4.47613e+18 5.35115e+16 1.08168e+15 2.55052e+13 6.01471e+11 1.41757e+10 3.19427e+08
4.8863e+08 2.1694e+10 9.20391e+11 3.90036e+13 1.65224e+15 8.16816e+16 6.87935e+18 2.35135e+19 4.64424e+19 7.11348e+19 9.33107e+19 1.09731e+20 1.18396e+20 1.18396e+20 1.09731e+20 9.33107e+19 7.11348e+19 4.64424e+19 2.35135e+19 6.87935e+18 8.16816e+16 1.65224e+15 3.90036e+13 9.20391e+11 2.1694e+10 4.8863e+08
6.40304e+08 2.83972e+10 1.20319e+12 5.09106e+13 2.15306e+15 1.06384e+17 9.0466e+18 3.08991e+19 6.09252e+19 9.31265e+19 1.21919e+20 1.43155e+20 1.54332e+20 1.54332e+20 1.43155e+20 1.21919e+20 9.31265e+19 6.09252e+19 3.08991e+19 9.0466e+18 1.06384e+17 2.15306e+15 5.09106e+13 1.20319e+12 2.83972e+10 6.40304e+08
7.51714e+08 3.33014e+10 1.40923e+12 5.955e+13 2.51494e+15 1.24226e+17 1.06564e+19 3.63802e+19 7.16392e+19 1.0933e+20 1.42915e+20 1.6761e+20 1.80581e+20 1.80581e+20 1.6761e+20 1.42915e+20 1.0933e+20 7.16392e+19 3.63802e+19 1.06564e+19 1.24226e+17 2.51494e+15 5.955e+13 1.40923e+12 3.33014e+10 7.51714e+08
8.10059e+08 3.58631e+10 1.51656e+12 6.40377e+13 2.70236e+15 1.33466e+17 1.15076e+19 3.9277e+19 7.72892e+19 1.17852e+20 1.53927e+20 1.80409e+20 1.94301e+20 1.94301e+20 1.80409e+20 1.53927e+20 1.17852e+20 7.72892e+19 3.9277e+19 1.15076e+19 1.33466e+17 2.70236e+15 6.40377e+13 1.51656e+12 3.58631e+10 8.10059e+08
8.10059e+08 3.58631e+10 1.51656e+12 6.40377e+13 2.70236e+15 1.33466e+17 1.15076e+19 3.9277e+19 7.72892e+19 1.17852e+20 1.53927e+20 1.80409e+20 1.94301e+20 1.94301e+20 1.80409e+20 1.53927e+20 1.17852e+20 7.72892e+19 3.9277e+19 1.15076e+19 1.33466e+17 2.70236e+15 6.40377e+13 1.51656e+12 3.58631e+10 8.10059e+08
7.51714e+08 3.33014e+10 1.40923e+12 5.955e+13 2.51494e+15 1.24226e+17 1.06564e+19 3.63802e+19 7.16392e+19 1.0933e+20 1.42915e+20 1.6761e+20 1.80581e+20 1.80581e+20 1.6761e+20 1.42915e+20 1.0933e+20 7.16392e+19 3.63802e+19 1.06564e+19 1.24226e+17 2.51494e+15 5.955e+13 1.40923e+12 3.33014e+10 7.51714e+08
6.40304e+08 2.83972e+10 1.20319e+12 5.09106e+13 2.15306e+15 1.06384e+17 9.0466e+18 3.08991e+19 6.09252e+19 9.31265e+19 1.21919e+20 1.43155e+20 1.54332e+20 1.54332e+20 1.43155e+20 1.21919e+20 9.31265e+19 6.09252e+19 3.08991e+19 9.0466e+18 1.06384e+17 2.15306e+15 5.09106e+13 1.20319e+12 2.83972e+10 6.40304e+08
4.8863e+08 2.1694e+10 9.20391e+11 3.90036e+13 1.65224e+15 8.16816e+16 6.87935e+18 2.35135e+19 4.64424e+19 7.11348e+19 9.33107e+19 1.09731e+20 1.18396e+20 1.18396e+20 1.09731e+20 9.33107e+19 7.11348e+19 4.64424e+19 2.35135e+19 6.87935e+18 8.16816e+16 1.65224e+15 3.90036e+13 9.20391e+11 2.1694e+10 4.8863e+08
3.19427e+08 1.41757e+10 6.01471e+11 2.55052e+13 1.08168e+15 5.35115e+16 4.47613e+18 1.53142e+19 3.03044e+19 4.65177e+19 6.1145e+19 7.20192e+19 7.77737e+19 7.77737e+19 7.20192e+19 6.1145e+19 4.65177e+19 3.03044e+19 1.53142e+19 4.47613e+18 5.35115e+16 1.08168e+15 2.55052e+13 6.01471e+11 1.41757e+10 3.19427e+08
1.6459e+08 7.24676e+09 3.05341e+11 1.288e+13 5.44502e+14 2.69203e+16 2.25557e+18 7.72725e+18 1.53177e+19 2.35572e+19 3.10183e+19 3.65829e+19 3.95341e+19 3.95341e+19 3.65829e+19 3.10183e+19 2.35572e+19 1.53177e+19 7.72725e+18 2.25557e+18 2.69203e+16 5.44502e+14 1.288e+13 3.05341e+11 7.24676e+09 1.6459e+08
5.69084e+07 2.40219e+09 9.67086e+10 3.89888e+12 1.58168e+14 7.61893e+15 6.54126e+17 2.24612e+18 4.45848e+18 6.86366e+18 9.04437e+18 1.06723e+19 1.15362e+19 1.15362e+19 1.06723e+19 9.04437e+18 6.86366e+18 4.45848e+18 2.24612e+18 6.54126e+17 7.61893e+15 1.58168e+14 3.89888e+12 9.67086e+10 2.40219e+09 5.69084e+07
1.00197e+07 3.49305e+08 1.06809e+10 2.85777e+11 5.86758e+12 8.9155e+13 6.89008e+15 2.43251e+16 4.83979e+16 7.39792e+16 9.64899e+16 1.12803e+17 1.21271e+17 1.21271e+17 1.12803e+17 9.64899e+16 7.39792e+16 4.83979e+16 2.43251e+16 6.89008e+15 8.9155e+13 5.86758e+12 2.85777e+11 1.06809e+10 3.49305e+08 1.00197e+07
1.10832e+06 3.15756e+07 7.4905e+08 1.50198e+10 2.52701e+11 5.06357e+12 1.37808e+14 4.75382e+14 9.45474e+14 1.44555e+15 1.88511e+15 2.20309e+15 2.36791e+15 2.36791e+15 2.20309e+15 1.88511e+15 1.44555e+15 9.45474e+14 4.75382e+14 1.37808e+14 5.06357e+12 2.52701e+11 1.50198e+10 7.4905e+08 3.15756e+07 1.10832e+06
92054 2.22974e+06 4.47298e+07 8.00614e+08 1.37683e+10 2.47426e+11 3.39607e+12 1.12408e+13 2.2285e+13 3.41101e+13 4.45552e+13 5.21425e+13 5.60865e+13 5.60865e+13 5.21425e+13 4.45552e+13 3.41101e+13 2.2285e+13 1.12408e+13 3.39607e+12 2.47426e+11 1.37683e+10 8.00614e+08 4.47298e+07 2.22974e+06 92054
6425.87 138552 2.50868e+06 4.20272e+07 6.65843e+08 9.26344e+09 8.42162e+10 2.66385e+11 5.25324e+11 8.04577e+11 1.05252e+12 1.23337e+12 1.32764e+12 1.32764e+12 1.23337e+12 1.05252e+12 8.04577e+11 5.25324e+11 2.66385e+11 8.42162e+10 9.26344e+09 6.65843e+08 4.20272e+07 2.50868e+06 138552 6425.87
399.691 7908.83 131973 2.02454e+06 2.77392e+07 3.03214e+08 2.09139e+09 6.31985e+09 1.23761e+10 1.89561e+10 2.48302e+10 2.91323e+10 3.1381e+10 3.1381e+10 2.91323e+10 2.48302e+10 1.89561e+10 1.23761e+10 6.31985e+09 2.09139e+09 3.03214e+08 2.77392e+07 2.02454e+06 131973 7908.84 399.691
20.8333 384.86 5934.67 82128.2 968705 8.70129e+06 4.95338e+07 1.43487e+08 2.78767e+08 4.26789e+08 5.59636e+08 6.57314e+08 7.08503e+08 7.08503e+08 6.57314e+08 5.59636e+08 4.26789e+08 2.78767e+08 1.43487e+08 4.95338e+07 8.70129e+06 968705 82128.2 5934.67 384.86 20.8333
