0.0581282 1.10178 17.654 255.875 3159.67 29498.4 173208 518040 1.04521e+06 1.66599e+06 2.26746e+06 2.7405e+06 3.00012e+06 3.00012e+06 2.7405e+06 2.26746e+06 1.66599e+06 1.04521e+06 518040 173208 29498.4 3159.67 255.875 17.654 1.10178 0.0581281
1.11548 22.4656 387.065 6227.31 90091.2 1.03219e+06 7.36764e+06 2.30173e+07 4.68983e+07 7.49443e+07 1.0209e+08 1.23432e+08 1.35145e+08 1.35145e+08 1.23432e+08 1.0209e+08 7.49443e+07 4.68983e+07 2.30173e+07 7.36764e+06 1.03219e+06 90091.2 6227.31 387.065 22.4656 1.11548
18.1184 393.217 7240.87 126139 2.12753e+06 3.14936e+07 2.98061e+08 9.76058e+08 2.00674e+09 3.21377e+09 4.38105e+09 5.29857e+09 5.80205e+09 5.80205e+09 5.29857e+09 4.38105e+09 3.21377e+09 2.00674e+09 9.76058e+08 2.98061e+08 3.14936e+07 2.12753e+06 126139 7240.87 393.217 18.1184
265.668 6425.1 128665 2.33083e+06 4.2353e+07 8.31941e+08 1.20402e+10 4.13192e+10 8.55775e+10 1.3728e+11 1.8725e+11 2.26522e+11 2.48071e+11 2.48071e+11 2.26522e+11 1.8725e+11 1.3728e+11 8.55775e+10 4.13192e+10 1.20402e+10 8.31941e+08 4.2353e+07 2.33083e+06 128665 6425.1 265.668
3307.13 94028.8 2.20891e+06 4.34905e+07 7.28162e+08 1.64009e+10 4.88163e+11 1.7487e+12 3.64127e+12 5.84822e+12 7.98072e+12 9.65649e+12 1.05759e+13 1.05759e+13 9.65649e+12 7.98072e+12 5.84822e+12 3.64127e+12 1.7487e+12 4.88163e+11 1.64009e+10 7.28162e+08 4.34905e+07 2.20891e+06 94028.8 3307.13
31029.4 1.08471e+06 3.3042e+07 8.70208e+08 1.70376e+10 2.43412e+11 2.40045e+13 8.80906e+13 1.83517e+14 2.94595e+14 4.01872e+14 4.86154e+14 5.32388e+14 5.32388e+14 4.86154e+14 4.01872e+14 2.94595e+14 1.83517e+14 8.80906e+13 2.40045e+13 2.43412e+11 1.70376e+10 8.70208e+08 3.3042e+07 1.08471e+06 31029.4
182728 7.77295e+06 3.14477e+08 1.27043e+10 5.15156e+11 2.51643e+13 2.28969e+15 8.05856e+15 1.64936e+16 2.62302e+16 3.55995e+16 4.29532e+16 4.69875e+16 4.69875e+16 4.29532e+16 3.55995e+16 2.62302e+16 1.64936e+16 8.05856e+15 2.28969e+15 2.51643e+13 5.15156e+11 1.27043e+10 3.14477e+08 7.77295e+06 182728
546777 2.42978e+07 1.03053e+09 4.36325e+10 1.84694e+12 9.24646e+13 8.08402e+15 2.83649e+16 5.79763e+16 9.21321e+16 1.24988e+17 1.50772e+17 1.64917e+17 1.64917e+17 1.50772e+17 1.24988e+17 9.21321e+16 5.79763e+16 2.83649e+16 8.08402e+15 9.24646e+13 1.84694e+12 4.36325e+10 1.03053e+09 2.42978e+07 546777
1.10269e+06 4.94852e+07 2.11777e+09 9.03276e+10 3.84404e+12 1.92575e+14 1.65595e+16 5.80264e+16 1.18528e+17 1.88284e+17 2.55367e+17 3.08006e+17 3.36882e+17 3.36882e+17 3.08006e+17 2.55367e+17 1.88284e+17 1.18528e+17 5.80264e+16 1.65595e+16 1.92575e+14 3.84404e+12 9.03276e+10 2.11777e+09 4.94852e+07 1.10269e+06
1.75611e+06 7.90084e+07 3.38852e+09 1.44765e+11 6.16801e+12 3.08876e+14 2.6336e+16 9.22179e+16 1.88298e+17 2.99038e+17 4.05512e+17 4.89046e+17 5.34868e+17 5.34868e+17 4.89046e+17 4.05512e+17 2.99038e+17 1.88298e+17 9.22179e+16 2.6336e+16 3.08876e+14 6.16801e+12 1.44765e+11 3.38852e+09 7.90084e+07 1.75611e+06
2.38781e+06 1.07519e+08 4.61452e+09 1.9725e+11 8.40788e+12 4.2092e+14 3.57315e+16 1.25068e+17 2.55316e+17 4.05402e+17 5.49678e+17 6.62855e+17 7.24932e+17 7.24932e+17 6.62855e+17 5.49678e+17 4.05402e+17 2.55316e+17 1.25068e+17 3.57315e+16 4.2092e+14 8.40788e+12 1.9725e+11 4.61452e+09 1.07519e+08 2.38781e+06
2.88359e+06 1.29886e+08 5.57604e+09 2.38403e+11 1.01638e+13 5.08738e+14 4.30955e+16 1.50814e+17 3.07836e+17 4.88744e+17 6.62627e+17 7.99015e+17 8.73818e+17 8.73818e+17 7.99015e+17 6.62626e+17 4.88744e+17 3.07836e+17 1.50814e+17 4.30955e+16 5.08738e+14 1.01638e+13 2.38403e+11 5.57604e+09 1.29886e+08 2.88359e+06
3.15529e+06 1.42142e+08 6.10283e+09 2.60946e+11 1.11254e+13 5.56829e+14 4.71313e+16 1.64925e+17 3.36619e+17 5.34417e+17 7.2452e+17 8.73623e+17 9.55397e+17 9.55397e+17 8.73623e+17 7.2452e+17 5.34417e+17 3.36619e+17 1.64925e+17 4.71313e+16 5.56829e+14 1.11254e+13 2.60946e+11 6.10283e+09 1.42142e+08 3.15529e+06
3.15529e+06 1.42142e+08 6.10283e+09 2.60946e+11 1.11254e+13 5.56829e+14 4.71313e+16 1.64925e+17 3.36619e+17 5.34417e+17 7.2452e+17 8.73623e+17 9.55397e+17 9.55397e+17 8.73623e+17 7.2452e+17 5.34417e+17 3.36619e+17 1.64925e+17 4.71313e+16 5.56829e+14 1.11254e+13 2.60946e+11 6.10283e+09 1.42142e+08 3.15529e+06
2.88359e+06 1.29886e+08 5.57604e+09 2.38403e+11 1.01638e+13 5.08738e+14 4.30955e+16 1.50814e+17 3.07836e+17 4.88744e+17 6.62626e+17 7.99015e+17 8.73818e+17 8.73818e+17 7.99015e+17 6.62627e+17 4.88744e+17 3.07836e+17 1.50814e+17 4.30955e+16 5.08738e+14 1.01638e+13 2.38403e+11 5.57604e+09 1.29886e+08 2.88359e+06
2.38781e+06 1.07519e+08 4.61452e+09 1.9725e+11 8.40788e+12 4.2092e+14 3.57315e+16 1.25068e+17 2.55316e+17 4.05402e+17 5.49678e+17 6.62855e+17 7.24932e+17 7.24932e+17 6.62855e+17 5.49678e+17 4.05402e+17 2.55316e+17 1.25068e+17 3.57315e+16 4.2092e+14 8.40788e+12 1.9725e+11 4.61452e+09 1.07519e+08 2.38781e+06
1.75611e+06 7.90084e+07 3.38852e+09 1.44765e+11 6.16801e+12 3.08876e+14 2.6336e+16 9.22179e+16 1.88298e+17 2.99038e+17 4.05512e+17 4.89046e+17 5.34868e+17 5.34868e+17 4.89046e+17 4.05512e+17 2.99038e+17 1.88298e+17 9.22179e+16 2.6336e+16 3.08876e+14 6.16801e+12 1.44765e+11 3.38852e+09 7.90084e+07 1.75611e+06
1.10269e+06 4.94852e+07 2.11777e+09 9.03276e+10 3.84404e+12 1.92575e+14 1.65595e+16 5.80264e+16 1.18528e+17 1.88284e+17 2.55367e+17 3.08006e+17 3.36882e+17 3.36882e+17 3.08006e+17 2.55367e+17 1.88284e+17 1.18528e+17 5.80264e+16 1.65595e+16 1.92575e+14 3.84404e+12 9.03276e+10 2.11777e+09 4.94852e+07 1.10269e+06
546777 2.42978e+07 1.03053e+09 4.36325e+10 1.84694e+12 9.24646e+13 8.08402e+15 2.83649e+16 5.79763e+16 9.21321e+16 1.24988e+17 1.50772e+17 1.64917e+17 1.64917e+17 1.50772e+17 1.24988e+17 9.21321e+16 5.79763e+16 2.83649e+16 8.08402e+15 9.24646e+13 1.84694e+12 4.36325e+10 1.03053e+09 2.42978e+07 546777
182728 7.77295e+06 3.14477e+08 1.27043e+10 5.15156e+11 2.51643e+13 2.28969e+15 8.05856e+15 1.64936e+16 2.62302e+16 3.55995e+16 4.29532e+16 4.69875e+16 4.69875e+16 4.29532e+16 3.55995e+16 2.62302e+16 1.64936e+16 8.05856e+15 2.28969e+15 2.51643e+13 5.15156e+11 1.27043e+10 3.14477e+08 7.77295e+06 182728
31029.4 1.08471e+06 3.3042e+07 8.70208e+08 1.70376e+10 2.43412e+11 2.40045e+13 8.80906e+13 1.83517e+14 2.94595e+14 4.01872e+14 4.86154e+14 5.32388e+14 5.32388e+14 4.86154e+14 4.01872e+14 2.94595e+14 1.83517e+14 8.80906e+13 2.40045e+13 2.43412e+11 1.70376e+10 8.70208e+08 3.3042e+07 1.08471e+06 31029.4
3307.13 94028.8 2.20891e+06 4.34905e+07 7.28162e+08 1.64009e+10 4.88163e+11 1.7487e+12 3.64127e+12 5.84822e+12 7.98072e+12 9.65649e+12 1.05759e+13 1.05759e+13 9.65649e+12 7.98072e+12 5.84822e+12 3.64127e+12 1.7487e+12 4.88163e+11 1.64009e+10 7.28162e+08 4.34905e+07 2.20891e+06 94028.8 3307.13
265.668 6425.1 128665 2.33083e+06 4.2353e+07 8.31941e+08 1.20402e+10 4.13192e+10 8.55775e+10 1.3728e+11 1.8725e+11 2.26522e+11 2.48071e+11 2.48071e+11 2.26522e+11 1.8725e+11 1.3728e+11 8.55775e+10 4.13192e+10 1.20402e+10 8.31941e+08 4.2353e+07 2.33083e+06 128665 6425.1 265.668
18.1184 393.217 7240.87 126139 2.12753e+06 3.14936e+07 2.98061e+08 9.76058e+08 2.00674e+09 3.21377e+09 4.38105e+09 5.29857e+09 5.80205e+09 5.80205e+09 5.29857e+09 4.38105e+09 3.21377e+09 2.00674e+09 9.76058e+08 2.98061e+08 3.14936e+07 2.12753e+06 126139 7240.87 393.217 18.1184
1.11548 22.4656 387.065 6227.31 90091.2 1.03219e+06 7.36764e+06 2.30173e+07 4.68983e+07 7.49443e+07 1.0209e+08 1.23432e+08 1.35145e+08 1.35145e+08 1.23432e+08 1.0209e+08 7.49443e+07 4.68983e+07 2.30173e+07 7.36764e+06 1.03219e+06 90091.2 6227.31 387.065 22.4656 1.11548
0.0581281 1.10178 17.654 255.875 3159.67 29498.4 173208 518040 1.04521e+06 1.66599e+06 2.26746e+06 2.7405e+06 3.00012e+06 3.00012e+06 2.7405e+06 2.26746e+06 1.66599e+06 1.04521e+06 518040 173208 29498.4 3159.67 255.875 17.654 1.10178 0.0581281
