19.0429 352.165 5438.79 75408.8 891406 8.02768e+06 4.58641e+07 1.33721e+08 2.6212e+08 4.05396e+08 5.36821e+08 6.35429e+08 6.87857e+08 6.87857e+08 6.35429e+08 5.36821e+08 4.05396e+08 2.6212e+08 1.33721e+08 4.58641e+07 8.02768e+06 891406 75408.8 5438.79 352.165 19.0429
365.58 7239.74 120959 1.8588e+06 2.55228e+07 2.79673e+08 1.9354e+09 5.88714e+09 1.16354e+10 1.80109e+10 2.38343e+10 2.81912e+10 3.05036e+10 3.05036e+10 2.81912e+10 2.38343e+10 1.80109e+10 1.16354e+10 5.88714e+09 1.9354e+09 2.79673e+08 2.55228e+07 1.8588e+06 120959 7239.74 365.58
5883.5 126919 2.29993e+06 3.85828e+07 6.12502e+08 8.54162e+09 7.78826e+10 2.48011e+11 4.93789e+11 7.6465e+11 1.01102e+12 1.19481e+12 1.29217e+12 1.29217e+12 1.19481e+12 1.01102e+12 7.6465e+11 4.93789e+11 2.48011e+11 7.78826e+10 8.54162e+09 6.12502e+08 3.85828e+07 2.29993e+06 126919 5883.5
84404.2 2.04485e+06 4.10345e+07 7.34995e+08 1.266e+10 2.28052e+11 3.13809e+12 1.04587e+13 2.09415e+13 3.2424e+13 4.28277e+13 5.05663e+13 5.46582e+13 5.46582e+13 5.05663e+13 4.28277e+13 3.2424e+13 2.09415e+13 1.04587e+13 3.13809e+12 2.28052e+11 1.266e+10 7.34995e+08 4.10345e+07 2.04485e+06 84404.2
1.01809e+06 2.90049e+07 6.88049e+08 1.37967e+10 2.32227e+11 4.66386e+12 1.27213e+14 4.41963e+14 8.88148e+14 1.37428e+15 1.81316e+15 2.13871e+15 2.31051e+15 2.31051e+15 2.13871e+15 1.81316e+15 1.37428e+15 8.88148e+14 4.41963e+14 1.27213e+14 4.66386e+12 2.32227e+11 1.37967e+10 6.88049e+08 2.90049e+07 1.01809e+06
9.22609e+06 3.2157e+08 9.83015e+09 2.62916e+11 5.39491e+12 8.19383e+13 6.35135e+15 2.25787e+16 4.53786e+16 7.01783e+16 9.25734e+16 1.09197e+17 1.17977e+17 1.17977e+17 1.09197e+17 9.25734e+16 7.01783e+16 4.53786e+16 2.25787e+16 6.35135e+15 8.19383e+13 5.39491e+12 2.62916e+11 9.83015e+09 3.2157e+08 9.22609e+06
5.25868e+07 2.21864e+09 8.92624e+10 3.59587e+12 1.45737e+14 7.01314e+15 6.02835e+17 2.0789e+18 4.15246e+18 6.43824e+18 8.54138e+18 1.01319e+19 1.09835e+19 1.09835e+19 1.01319e+19 8.54138e+18 6.43824e+18 4.15246e+18 2.0789e+18 6.02835e+17 7.01314e+15 1.45737e+14 3.59587e+12 8.92624e+10 2.21864e+09 5.25868e+07
1.53065e+08 6.73658e+09 2.83701e+11 1.19598e+13 5.05228e+14 2.49526e+16 2.08821e+18 7.18351e+18 1.43286e+19 2.21938e+19 2.94223e+19 3.48846e+19 3.78077e+19 3.78077e+19 3.48846e+19 2.94223e+19 2.21938e+19 1.43286e+19 7.18351e+18 2.08821e+18 2.49526e+16 5.05228e+14 1.19598e+13 2.83701e+11 6.73658e+09 1.53065e+08
2.9967e+08 1.32975e+10 5.64119e+11 2.39155e+13 1.01392e+15 5.01075e+16 4.17205e+18 1.43324e+19 2.85449e+19 4.41456e+19 5.84442e+19 6.92241e+19 7.49841e+19 7.49841e+19 6.92241e+19 5.84442e+19 4.41456e+19 2.85449e+19 1.43324e+19 4.17205e+18 5.01075e+16 1.01392e+15 2.39155e+13 5.64119e+11 1.32975e+10 2.9967e+08
4.62992e+08 2.05619e+10 8.72607e+11 3.69873e+13 1.56708e+15 7.73908e+16 6.46156e+18 2.21762e+19 4.40995e+19 6.80864e+19 8.99996e+19 1.06475e+20 1.15261e+20 1.15261e+20 1.06475e+20 8.99996e+19 6.80864e+19 4.40995e+19 2.21762e+19 6.46156e+18 7.73908e+16 1.56708e+15 3.69873e+13 8.72607e+11 2.05619e+10 4.62992e+08
6.12557e+08 2.71859e+10 1.15271e+12 4.8809e+13 2.06553e+15 1.0195e+17 8.55964e+18 2.93567e+19 5.82999e+19 8.98716e+19 1.18625e+20 1.40186e+20 1.51664e+20 1.51664e+20 1.40186e+20 1.18625e+20 8.98716e+19 5.82999e+19 2.93567e+19 8.55964e+18 1.0195e+17 2.06553e+15 4.8809e+13 1.15271e+12 2.71859e+10 6.12557e+08
7.24616e+08 3.21343e+10 1.36133e+12 5.75882e+13 2.43463e+15 1.20127e+17 1.01404e+19 3.47626e+19 6.89663e+19 1.0619e+20 1.40011e+20 1.65319e+20 1.78774e+20 1.78774e+20 1.65319e+20 1.40011e+20 1.0619e+20 6.89663e+19 3.47626e+19 1.01404e+19 1.20127e+17 2.43463e+15 5.75882e+13 1.36133e+12 3.21343e+10 7.24616e+08
7.84137e+08 3.4758e+10 1.47173e+12 6.22252e+13 2.6292e+15 1.29707e+17 1.09844e+19 3.76479e+19 7.46508e+19 1.14871e+20 1.51366e+20 1.78646e+20 1.93137e+20 1.93137e+20 1.78646e+20 1.51366e+20 1.14871e+20 7.46508e+19 3.76479e+19 1.09844e+19 1.29707e+17 2.6292e+15 6.22252e+13 1.47173e+12 3.4758e+10 7.84137e+08
7.84137e+08 3.4758e+10 1.47173e+12 6.22252e+13 2.6292e+15 1.29707e+17 1.09844e+19 3.76479e+19 7.46508e+19 1.14871e+20 1.51366e+20 1.78646e+20 1.93137e+20 1.93137e+20 1.78646e+20 1.51366e+20 1.14871e+20 7.46508e+19 3.76479e+19 1.09844e+19 1.29707e+17 2.6292e+15 6.22252e+13 1.47173e+12 3.4758e+10 7.84137e+08
7.24616e+08 3.21343e+10 1.36133e+12 5.75882e+13 2.43463e+15 1.20127e+17 1.01404e+19 3.47626e+19 6.89663e+19 1.0619e+20 1.40011e+20 1.65319e+20 1.78774e+20 1.78774e+20 1.65319e+20 1.40011e+20 1.0619e+20 6.89663e+19 3.47626e+19 1.01404e+19 1.20127e+17 2.43463e+15 5.75882e+13 1.36133e+12 3.21343e+10 7.24616e+08
6.12557e+08 2.71859e+10 1.15271e+12 4.8809e+13 2.06553e+15 1.0195e+17 8.55964e+18 2.93567e+19 5.82999e+19 8.98716e+19 1.18625e+20 1.40186e+20 1.51664e+20 1.51664e+20 1.40186e+20 1.18625e+20 8.98716e+19 5.82999e+19 2.93567e+19 8.55964e+18 1.0195e+17 2.06553e+15 4.8809e+13 1.15271e+12 2.71859e+10 6.12557e+08
4.62992e+08 2.05619e+10 8.72607e+11 3.69873e+13 1.56708e+15 7.73908e+16 6.46156e+18 2.21762e+19 4.40995e+19 6.80864e+19 8.99996e+19 1.06475e+20 1.15261e+20 1.15261e+20 1.06475e+20 8.99996e+19 6.80864e+19 4.40995e+19 2.21762e+19 6.46156e+18 7.73908e+16 1.56708e+15 3.69873e+13 8.72607e+11 2.05619e+10 4.62992e+08
2.9967e+08 1.32975e+10 5.64119e+11 2.39155e+13 1.01392e+15 5.01075e+16 4.17205e+18 1.43324e+19 2.85449e+19 4.41456e+19 5.84442e+19 6.92241e+19 7.49841e+19 7.49841e+19 6.92241e+19 5.84442e+19 4.41456e+19 2.85449e+19 1.43324e+19 4.17205e+18 5.01075e+16 1.01392e+15 2.39155e+13 5.64119e+11 1.32975e+10 2.9967e+08
1.53065e+08 6.73658e+09 2.83701e+11 1.19598e+13 5.05228e+14 2.49526e+16 2.08821e+18 7.18351e+18 1.43286e+19 2.21938e+19 2.94223e+19 3.48846e+19 3.78077e+19 3.78077e+19 3.48846e+19 2.94223e+19 2.21938e+19 1.43286e+19 7.18351e+18 2.08821e+18 2.49526e+16 5.05228e+14 1.19598e+13 2.83701e+11 6.73658e+09 1.53065e+08
5.25868e+07 2.21864e+09 8.92624e+10 3.59587e+12 1.45737e+14 7.01314e+15 6.02835e+17 2.0789e+18 4.15246e+18 6.43824e+18 8.54138e+18 1.01319e+19 1.09835e+19 1.09835e+19 1.01319e+19 8.54138e+18 6.43824e+18 4.15246e+18 2.0789e+18 6.02835e+17 7.01314e+15 1.45737e+14 3.59587e+12 8.92624e+10 2.21864e+09 5.25868e+07
9.22609e+06 3.2157e+08 9.83015e+09 2.62916e+11 5.39491e+12 8.19383e+13 6.35135e+15 2.25787e+16 4.53786e+16 7.01783e+16 9.25734e+16 1.09197e+17 1.17977e+17 1.17977e+17 1.09197e+17 9.25734e+16 7.01783e+16 4.53786e+16 2.25787e+16 6.35135e+15 8.19383e+13 5.39491e+12 2.62916e+11 9.83015e+09 3.2157e+08 9.22609e+06
1.01809e+06 2.90049e+07 6.88049e+08 1.37967e+10 2.32227e+11 4.66386e+12 1.27213e+14 4.41963e+14 8.88148e+14 1.37428e+15 1.81316e+15 2.13871e+15 2.31051e+15 2.31051e+15 2.13871e+15 1.81316e+15 1.37428e+15 8.88148e+14 4.41963e+14 1.27213e+14 4.66386e+12 2.32227e+11 1.37967e+10 6.88049e+08 2.90049e+07 1.01809e+06
84404.2 2.04485e+06 4.10345e+07 7.34995e+08 1.266e+10 2.28052e+11 3.13809e+12 1.04587e+13 2.09415e+13 3.2424e+13 4.28277e+13 5.05663e+13 5.46582e+13 5.46582e+13 5.05663e+13 4.28277e+13 3.2424e+13 2.09415e+13 1.04587e+13 3.13809e+12 2.28052e+11 1.266e+10 7.34995e+08 4.10345e+07 2.04485e+06 84404.2
5883.5 126919 2.29993e+06 3.85828e+07 6.12502e+08 8.54162e+09 7.78826e+10 2.48011e+11 4.93789e+11 7.6465e+11 1.01102e+12 1.19481e+12 1.29217e+12 1.29217e+12 1.19481e+12 1.01102e+12 7.6465e+11 4.93789e+11 2.48011e+11 7.78826e+10 8.54162e+09 6.12502e+08 3.85828e+07 2.29993e+06 126919 5883.5
365.58 7239.74 120959 1.8588e+06 2.55228e+07 2.79673e+08 1.9354e+09 5.88714e+09 1.16354e+10 1.80109e+10 2.38343e+10 2.81912e+10 3.05036e+10 3.05036e+10 2.81912e+10 2.38343e+10 1.80109e+10 1.16354e+10 5.88714e+09 1.9354e+09 2.79673e+08 2.55228e+07 1.8588e+06 120959 7239.74 365.58
19.0429 352.165 5438.79 75408.8 891406 8.02768e+06 4.58641e+07 1.33721e+08 2.6212e+08 4.05396e+08 5.36821e+08 6.35429e+08 6.87857e+08 6.87857e+08 6.35429e+08 5.36821e+08 4.05396e+08 2.6212e+08 1.33721e+08 4.58641e+07 8.02768e+06 891406 75408.8 5438.79 352.165 19.0429
