0.000212008 0.00395509 0.0621449 0.882101 10.6796 98.0418 567.796 1676.81 3340.56 5264.02 7099.61 8527.88 9306.98 9306.98 8527.88 7099.61 5264.02 3340.56 1676.81 567.796 98.0418 10.6796 0.882101 0.0621449 0.00395509 0.000212008
0.00403826 0.0801753 1.35613 21.3457 301.944 3393.63 23869.5 73582.4 147917 233518 315065 378474 413054 413054 378474 315065 233518 147917 73582.4 23869.5 3393.63 301.944 21.3457 1.35613 0.0801753 0.00403826
0.0649138 1.39281 25.2832 431.777 7101.28 102698 956458 3.08845e+06 6.25936e+06 9.89633e+06 1.33557e+07 1.60442e+07 1.75101e+07 1.75101e+07 1.60442e+07 1.33557e+07 9.89633e+06 6.25936e+06 3.08845e+06 956457 102698 7101.28 431.777 25.2832 1.39281 0.0649138
0.938861 22.4993 446.675 7996.42 141918 2.7024e+06 3.83728e+07 1.29753e+08 2.64686e+08 4.18897e+08 5.6541e+08 6.79233e+08 7.41285e+08 7.41285e+08 6.79233e+08 5.6541e+08 4.18897e+08 2.64686e+08 1.29753e+08 3.83728e+07 2.7024e+06 141918 7996.42 446.675 22.4993 0.938861
11.5001 324.039 7567.21 148671 2.47576e+06 5.35489e+07 1.5493e+09 5.46357e+09 1.11952e+10 1.77277e+10 2.39297e+10 2.87467e+10 3.13724e+10 3.13724e+10 2.87467e+10 2.39297e+10 1.77277e+10 1.11952e+10 5.46357e+09 1.5493e+09 5.35489e+07 2.47576e+06 148671 7567.21 324.039 11.5001
106.124 3671.56 111020 2.91725e+06 5.76214e+07 8.34568e+08 7.63536e+10 2.75589e+11 5.64671e+11 8.93446e+11 1.20543e+12 1.44771e+12 1.57977e+12 1.57977e+12 1.44771e+12 1.20543e+12 8.93446e+11 5.64671e+11 2.75589e+11 7.63536e+10 8.34568e+08 5.76214e+07 2.91725e+06 111020 3671.56 106.124
615.403 25870.4 1.03663e+06 4.15896e+07 1.67924e+09 8.14867e+10 7.27426e+12 2.52948e+13 5.11113e+13 8.03517e+13 1.08069e+14 1.29597e+14 1.41338e+14 1.41338e+14 1.29597e+14 1.08069e+14 8.03517e+13 5.11113e+13 2.52948e+13 7.27426e+12 8.14867e+10 1.67924e+09 4.15896e+07 1.03663e+06 25870.4 615.403
1817.2 79743.6 3.34709e+06 1.40622e+08 5.92138e+09 2.94469e+11 2.53897e+13 8.8082e+13 1.77829e+14 2.79452e+14 3.75774e+14 4.50592e+14 4.91395e+14 4.91395e+14 4.50592e+14 3.75774e+14 2.79452e+14 1.77829e+14 8.8082e+13 2.53897e+13 2.94469e+11 5.92138e+09 1.40622e+08 3.34709e+06 79743.6 1817.2
3618.21 160209 6.77948e+06 2.8668e+08 1.21255e+10 6.032e+11 5.13514e+13 1.78e+14 3.59259e+14 5.64484e+14 7.59002e+14 9.10093e+14 9.92496e+14 9.92496e+14 9.10094e+14 7.59002e+14 5.64484e+14 3.59259e+14 1.78e+14 5.13514e+13 6.032e+11 1.21255e+10 2.8668e+08 6.77948e+06 160209 3618.21
5697.31 252732 1.07103e+07 4.53337e+08 1.91848e+10 9.53783e+11 8.07386e+13 2.7976e+14 5.64566e+14 8.87019e+14 1.19264e+15 1.43004e+15 1.55951e+15 1.55951e+15 1.43004e+15 1.19264e+15 8.87019e+14 5.64566e+14 2.7976e+14 8.07386e+13 9.53783e+11 1.91848e+10 4.53337e+08 1.07103e+07 252732 5697.31
7678.34 340729 1.44428e+07 6.114e+08 2.58748e+10 1.28588e+12 1.08568e+14 3.76124e+14 7.58986e+14 1.19245e+15 1.60329e+15 1.92241e+15 2.09645e+15 2.09645e+15 1.92241e+15 1.60329e+15 1.19245e+15 7.58986e+14 3.76124e+14 1.08568e+14 1.28588e+12 2.58748e+10 6.114e+08 1.44428e+07 340729 7678.34
9217.61 409054 1.73393e+07 7.34005e+08 3.10626e+10 1.54337e+12 1.30163e+14 4.50905e+14 9.09864e+14 1.42948e+15 1.92197e+15 2.30452e+15 2.51315e+15 2.51315e+15 2.30452e+15 1.92197e+15 1.42948e+15 9.09864e+14 4.50904e+14 1.30163e+14 1.54337e+12 3.10626e+10 7.34005e+08 1.73393e+07 409054 9217.61
10056.4 446278 1.89169e+07 8.00773e+08 3.38873e+10 1.68357e+12 1.41931e+14 4.9166e+14 9.92095e+14 1.55866e+15 2.09566e+15 2.51278e+15 2.74027e+15 2.74027e+15 2.51278e+15 2.09566e+15 1.55866e+15 9.92095e+14 4.9166e+14 1.41931e+14 1.68357e+12 3.38873e+10 8.00773e+08 1.89169e+07 446278 10056.4
10056.4 446278 1.89169e+07 8.00773e+08 3.38873e+10 1.68357e+12 1.41931e+14 4.9166e+14 9.92095e+14 1.55866e+15 2.09566e+15 2.51278e+15 2.74027e+15 2.74027e+15 2.51278e+15 2.09566e+15 1.55866e+15 9.92095e+14 4.9166e+14 1.41931e+14 1.68357e+12 3.38873e+10 8.00773e+08 1.89169e+07 446278 10056.4
9217.61 409054 1.73393e+07 7.34005e+08 3.10626e+10 1.54337e+12 1.30163e+14 4.50904e+14 9.09864e+14 1.42948e+15 1.92197e+15 2.30452e+15 2.51315e+15 2.51315e+15 2.30452e+15 1.92197e+15 1.42948e+15 9.09864e+14 4.50905e+14 1.30163e+14 1.54337e+12 3.10626e+10 7.34005e+08 1.73393e+07 409054 9217.61
7678.34 340729 1.44428e+07 6.114e+08 2.58748e+10 1.28588e+12 1.08568e+14 3.76124e+14 7.58986e+14 1.19245e+15 1.60329e+15 1.92241e+15 2.09645e+15 2.09645e+15 1.92241e+15 1.60329e+15 1.19245e+15 7.58986e+14 3.76124e+14 1.08568e+14 1.28588e+12 2.58748e+10 6.114e+08 1.44428e+07 340729 7678.34
5697.31 252732 1.07103e+07 4.53337e+08 1.91848e+10 9.53783e+11 8.07386e+13 2.7976e+14 5.64566e+14 8.87019e+14 1.19264e+15 1.43004e+15 1.55951e+15 1.55951e+15 1.43004e+15 1.19264e+15 8.87019e+14 5.64566e+14 2.7976e+14 8.07386e+13 9.53783e+11 1.91848e+10 4.53337e+08 1.07103e+07 252732 5697.31
3618.21 160209 6.77948e+06 2.8668e+08 1.21255e+10 6.032e+11 5.13514e+13 1.78e+14 3.59259e+14 5.64484e+14 7.59002e+14 9.10094e+14 9.92496e+14 9.92496e+14 9.10093e+14 7.59002e+14 5.64484e+14 3.59259e+14 1.78e+14 5.13514e+13 6.032e+11 1.21255e+10 2.8668e+08 6.77948e+06 160209 3618.21
1817.2 79743.6 3.34709e+06 1.40622e+08 5.92138e+09 2.94469e+11 2.53897e+13 8.8082e+13 1.77829e+14 2.79452e+14 3.75774e+14 4.50592e+14 4.91395e+14 4.91395e+14 4.50592e+14 3.75774e+14 2.79452e+14 1.77829e+14 8.8082e+13 2.53897e+13 2.94469e+11 5.92138e+09 1.40622e+08 3.34709e+06 79743.6 1817.2
615.403 25870.4 1.03663e+06 4.15896e+07 1.67924e+09 8.14867e+10 7.27426e+12 2.52948e+13 5.11113e+13 8.03517e+13 1.08069e+14 1.29597e+14 1.41338e+14 1.41338e+14 1.29597e+14 1.08069e+14 8.03517e+13 5.11113e+13 2.52948e+13 7.27426e+12 8.14867e+10 1.67924e+09 4.15896e+07 1.03663e+06 25870.4 615.403
106.124 3671.56 111020 2.91725e+06 5.76214e+07 8.34568e+08 7.63536e+10 2.75589e+11 5.64671e+11 8.93446e+11 1.20543e+12 1.44771e+12 1.57977e+12 1.57977e+12 1.44771e+12 1.20543e+12 8.93446e+11 5.64671e+11 2.75589e+11 7.63536e+10 8.34568e+08 5.76214e+07 2.91725e+06 111020 3671.56 106.124
11.5001 324.039 7567.21 148671 2.47576e+06 5.35489e+07 1.5493e+09 5.46357e+09 1.11952e+10 1.77277e+10 2.39297e+10 2.87467e+10 3.13724e+10 3.13724e+10 2.87467e+10 2.39297e+10 1.77277e+10 1.11952e+10 5.46357e+09 1.5493e+09 5.35489e+07 2.47576e+06 148671 7567.21 324.039 11.5001
0.938861 22.4993 446.675 7996.42 141918 2.7024e+06 3.83728e+07 1.29753e+08 2.64686e+08 4.18897e+08 5.6541e+08 6.79233e+08 7.41285e+08 7.41285e+08 6.79233e+08 5.6541e+08 4.18897e+08 2.64686e+08 1.29753e+08 3.83728e+07 2.7024e+06 141918 7996.42 446.675 22.4993 0.938861
0.0649138 1.39281 25.2832 431.777 7101.28 102698 956457 3.08845e+06 6.25936e+06 9.89633e+06 1.33557e+07 1.60442e+07 1.75101e+07 1.75101e+07 1.60442e+07 1.33557e+07 9.89633e+06 6.25936e+06 3.08845e+06 956458 102698 7101.28 431.777 25.2832 1.39281 0.0649138
0.00403826 0.0801753 1.35613 21.3457 301.944 3393.63 23869.5 73582.4 147917 233518 315065 378474 413054 413054 378474 315065 233518 147917 73582.4 23869.5 3393.63 301.944 21.3457 1.35613 0.0801753 0.00403826
0.000212008 0.00395509 0.0621449 0.882101 10.6796 98.0418 567.796 1676.81 3340.56 5264.02 7099.61 8527.88 9306.98 9306.98 8527.88 7099.61 5264.02 3340.56 1676.81 567.796 98.0418 10.6796 0.882101 0.0621449 0.00395509 0.000212008
