25.3279 467.742 7211.08 99774.9 1.17651e+06 1.0561e+07 6.00396e+07 1.73446e+08 3.35734e+08 5.11922e+08 6.6872e+08 7.83132e+08 8.42768e+08 8.42768e+08 7.83132e+08 6.6872e+08 5.11922e+08 3.35734e+08 1.73446e+08 6.00397e+07 1.0561e+07 1.17651e+06 99774.9 7211.08 467.742 25.3279
485.51 9603 160199 2.45737e+06 3.36682e+07 3.67891e+08 2.53466e+09 7.638e+09 1.48999e+10 2.2725e+10 2.96486e+10 3.46786e+10 3.7293e+10 3.7293e+10 3.46786e+10 2.96486e+10 2.2725e+10 1.48999e+10 7.638e+09 2.53466e+09 3.67891e+08 3.36682e+07 2.45737e+06 160199 9603 485.51
7799.22 168072 3.04184e+06 5.09537e+07 8.07456e+08 1.12347e+10 1.0206e+11 3.219e+11 6.32247e+11 9.64016e+11 1.25583e+12 1.46686e+12 1.57621e+12 1.57621e+12 1.46686e+12 1.25583e+12 9.64016e+11 6.32247e+11 3.219e+11 1.0206e+11 1.12347e+10 8.07456e+08 5.09537e+07 3.04184e+06 168071 7799.22
111652 2.70275e+06 5.41829e+07 9.69398e+08 1.66754e+10 2.99918e+11 4.11583e+12 1.35826e+13 2.68134e+13 4.08488e+13 5.31236e+13 6.19598e+13 6.65239e+13 6.65239e+13 6.19598e+13 5.31236e+13 4.08488e+13 2.68134e+13 1.35826e+13 4.11583e+12 2.99918e+11 1.66754e+10 9.69398e+08 5.41829e+07 2.70275e+06 111652
1.34349e+06 3.82536e+07 9.06829e+08 1.81687e+10 3.05503e+11 6.13159e+12 1.67044e+14 5.74434e+14 1.13738e+15 1.73037e+15 2.24616e+15 2.61575e+15 2.80604e+15 2.80604e+15 2.61575e+15 2.24616e+15 1.73037e+15 1.13738e+15 5.74434e+14 1.67044e+14 6.13159e+12 3.05503e+11 1.81687e+10 9.06829e+08 3.82536e+07 1.34349e+06
1.2137e+07 4.22963e+08 1.29274e+10 3.45671e+11 7.08918e+12 1.07585e+14 8.35203e+15 2.9395e+16 5.82253e+16 8.8566e+16 1.14992e+17 1.33967e+17 1.43754e+17 1.43754e+17 1.33967e+17 1.14992e+17 8.8566e+16 5.82253e+16 2.9395e+16 8.35203e+15 1.07585e+14 7.08918e+12 3.45671e+11 1.29274e+10 4.22963e+08 1.2137e+07
6.88468e+07 2.90581e+09 1.16978e+11 4.71631e+12 1.91364e+14 9.22473e+15 7.92778e+17 2.71635e+18 5.37547e+18 8.24804e+18 1.08361e+19 1.27578e+19 1.3774e+19 1.3774e+19 1.27578e+19 1.08361e+19 8.24804e+18 5.37547e+18 2.71635e+18 7.92778e+17 9.22473e+15 1.91364e+14 4.71631e+12 1.16978e+11 2.90581e+09 6.88468e+07
1.98579e+08 8.74177e+09 3.68286e+11 1.55343e+13 6.56744e+14 3.24902e+16 2.72719e+18 9.32267e+18 1.84223e+19 2.8235e+19 3.70621e+19 4.36088e+19 4.70678e+19 4.70678e+19 4.36088e+19 3.70621e+19 2.8235e+19 1.84223e+19 9.32267e+18 2.72719e+18 3.24902e+16 6.56744e+14 1.55343e+13 3.68286e+11 8.74177e+09 1.98579e+08
3.83969e+08 1.70342e+10 7.22527e+11 3.06305e+13 1.2988e+15 6.42885e+16 5.39427e+18 1.84137e+19 3.63152e+19 5.55389e+19 7.27569e+19 8.54785e+19 9.2183e+19 9.2183e+19 8.54785e+19 7.27569e+19 5.55389e+19 3.63152e+19 1.84137e+19 5.39427e+18 6.42885e+16 1.2988e+15 3.06305e+13 7.22527e+11 1.70342e+10 3.83969e+08
5.84961e+08 2.5957e+10 1.10066e+12 4.662e+13 1.97404e+15 9.76391e+16 8.26103e+18 2.8169e+19 5.54353e+19 8.45686e+19 1.10525e+20 1.29613e+20 1.39641e+20 1.39641e+20 1.29613e+20 1.10525e+20 8.45686e+19 5.54353e+19 2.8169e+19 8.26103e+18 9.76391e+16 1.97404e+15 4.662e+13 1.10066e+12 2.5957e+10 5.84961e+08
7.63601e+08 3.38412e+10 1.43279e+12 6.05832e+13 2.56047e+15 1.26575e+17 1.08286e+19 3.68935e+19 7.24616e+19 1.10282e+20 1.43806e+20 1.68349e+20 1.81201e+20 1.81201e+20 1.68349e+20 1.43806e+20 1.10282e+20 7.24616e+19 3.68935e+19 1.08286e+19 1.26575e+17 2.56047e+15 6.05832e+13 1.43279e+12 3.38412e+10 7.63601e+08
8.93809e+08 3.95626e+10 1.6727e+12 7.06229e+13 2.98016e+15 1.47278e+17 1.27247e+19 4.33293e+19 8.49742e+19 1.29091e+20 1.68039e+20 1.96451e+20 2.11293e+20 2.11293e+20 1.96451e+20 1.68039e+20 1.29091e+20 8.49742e+19 4.33293e+19 1.27247e+19 1.47278e+17 2.98016e+15 7.06229e+13 1.6727e+12 3.95626e+10 8.93809e+08
9.61629e+08 4.2534e+10 1.79691e+12 7.58045e+13 3.19607e+15 1.57928e+17 1.37235e+19 4.67169e+19 9.15435e+19 1.38934e+20 1.80681e+20 2.11074e+20 2.2693e+20 2.2693e+20 2.11074e+20 1.80681e+20 1.38934e+20 9.15435e+19 4.67169e+19 1.37235e+19 1.57928e+17 3.19607e+15 7.58045e+13 1.79691e+12 4.2534e+10 9.61629e+08
9.61629e+08 4.2534e+10 1.79691e+12 7.58045e+13 3.19607e+15 1.57928e+17 1.37235e+19 4.67169e+19 9.15435e+19 1.38934e+20 1.80681e+20 2.11074e+20 2.2693e+20 2.2693e+20 2.11074e+20 1.80681e+20 1.38934e+20 9.15435e+19 4.67169e+19 1.37235e+19 1.57928e+17 3.19607e+15 7.58045e+13 1.79691e+12 4.2534e+10 9.61629e+08
8.93809e+08 3.95626e+10 1.6727e+12 7.06229e+13 2.98016e+15 1.47278e+17 1.27247e+19 4.33293e+19 8.49742e+19 1.29091e+20 1.68039e+20 1.96451e+20 2.11293e+20 2.11293e+20 1.96451e+20 1.68039e+20 1.29091e+20 8.49742e+19 4.33293e+19 1.27247e+19 1.47278e+17 2.98016e+15 7.06229e+13 1.6727e+12 3.95626e+10 8.93809e+08
7.63601e+08 3.38412e+10 1.43279e+12 6.05832e+13 2.56047e+15 1.26575e+17 1.08286e+19 3.68935e+19 7.24616e+19 1.10282e+20 1.43806e+20 1.68349e+20 1.81201e+20 1.81201e+20 1.68349e+20 1.43806e+20 1.10282e+20 7.24616e+19 3.68935e+19 1.08286e+19 1.26575e+17 2.56047e+15 6.05832e+13 1.43279e+12 3.38412e+10 7.63601e+08
5.84961e+08 2.5957e+10 1.10066e+12 4.662e+13 1.97404e+15 9.76391e+16 8.26103e+18 2.8169e+19 5.54353e+19 8.45686e+19 1.10525e+20 1.29613e+20 1.39641e+20 1.39641e+20 1.29613e+20 1.10525e+20 8.45686e+19 5.54353e+19 2.8169e+19 8.26103e+18 9.76391e+16 1.97404e+15 4.662e+13 1.10066e+12 2.5957e+10 5.84961e+08
3.83969e+08 1.70342e+10 7.22527e+11 3.06305e+13 1.2988e+15 6.42885e+16 5.39427e+18 1.84137e+19 3.63152e+19 5.55389e+19 7.27569e+19 8.54785e+19 9.2183e+19 9.2183e+19 8.54785e+19 7.27569e+19 5.55389e+19 3.63152e+19 1.84137e+19 5.39427e+18 6.42885e+16 1.2988e+15 3.06305e+13 7.22527e+11 1.70342e+10 3.83969e+08
1.98579e+08 8.74177e+09 3.68286e+11 1.55343e+13 6.56744e+14 3.24902e+16 2.72719e+18 9.32267e+18 1.84223e+19 2.8235e+19 3.70621e+19 4.36088e+19 4.70678e+19 4.70678e+19 4.36088e+19 3.70621e+19 2.8235e+19 1.84223e+19 9.32267e+18 2.72719e+18 3.24902e+16 6.56744e+14 1.55343e+13 3.68286e+11 8.74177e+09 1.98579e+08
6.88468e+07 2.90581e+09 1.16978e+11 4.71631e+12 1.91364e+14 9.22473e+15 7.92778e+17 2.71635e+18 5.37547e+18 8.24804e+18 1.08361e+19 1.27578e+19 1.3774e+19 1.3774e+19 1.27578e+19 1.08361e+19 8.24804e+18 5.37547e+18 2.71635e+18 7.92778e+17 9.22473e+15 1.91364e+14 4.71631e+12 1.16978e+11 2.90581e+09 6.88468e+07
1.2137e+07 4.22963e+08 1.29274e+10 3.45671e+11 7.08918e+12 1.07585e+14 8.35203e+15 2.9395e+16 5.82253e+16 8.8566e+16 1.14992e+17 1.33967e+17 1.43754e+17 1.43754e+17 1.33967e+17 1.14992e+17 8.8566e+16 5.82253e+16 2.9395e+16 8.35203e+15 1.07585e+14 7.08918e+12 3.45671e+11 1.29274e+10 4.22962e+08 1.2137e+07
1.34349e+06 3.82536e+07 9.06829e+08 1.81687e+10 3.05503e+11 6.13159e+12 1.67044e+14 5.74434e+14 1.13738e+15 1.73037e+15 2.24616e+15 2.61575e+15 2.80604e+15 2.80604e+15 2.61575e+15 2.24616e+15 1.73037e+15 1.13738e+15 5.74434e+14 1.67044e+14 6.13159e+12 3.05503e+11 1.81687e+10 9.06829e+08 3.82536e+07 1.34349e+06
111652 2.70275e+06 5.41829e+07 9.69398e+08 1.66754e+10 2.99918e+11 4.11583e+12 1.35826e+13 2.68134e+13 4.08488e+13 5.31236e+13 6.19598e+13 6.65239e+13 6.65239e+13 6.19598e+13 5.31236e+13 4.08488e+13 2.68134e+13 1.35826e+13 4.11583e+12 2.99918e+11 1.66754e+10 9.69398e+08 5.41829e+07 2.70275e+06 111652
7799.22 168072 3.04184e+06 5.09537e+07 8.07456e+08 1.12347e+10 1.0206e+11 3.219e+11 6.32247e+11 9.64016e+11 1.25583e+12 1.46686e+12 1.57621e+12 1.57621e+12 1.46686e+12 1.25583e+12 9.64016e+11 6.32247e+11 3.219e+11 1.0206e+11 1.12347e+10 8.07456e+08 5.09537e+07 3.04184e+06 168071 7799.22
485.51 9603 160199 2.45737e+06 3.36682e+07 3.67891e+08 2.53466e+09 7.638e+09 1.48999e+10 2.2725e+10 2.96486e+10 3.46786e+10 3.7293e+10 3.7293e+10 3.46786e+10 2.96486e+10 2.2725e+10 1.48999e+10 7.638e+09 2.53466e+09 3.67891e+08 3.36682e+07 2.45737e+06 160199 9603 485.51
25.3279 467.742 7211.08 99774.9 1.17651e+06 1.0561e+07 6.00396e+07 1.73446e+08 3.35734e+08 5.11922e+08 6.6872e+08 7.83132e+08 8.42768e+08 8.42768e+08 7.83132e+08 6.6872e+08 5.11922e+08 3.35734e+08 1.73446e+08 6.00396e+07 1.0561e+07 1.17651e+06 99774.9 7211.08 467.742 25.3279
