4.58311e-05 0.000862302 0.0137279 0.197928 2.43237 22.5968 132.014 393.001 789.983 1256.39 1708.66 2065.32 2261.6 2261.6 2065.32 1708.66 1256.39 789.983 393.001 132.014 22.5968 2.43237 0.197928 0.0137279 0.000862302 4.58311e-05
0.000871474 0.0173944 0.297431 4.7593 68.5602 782.14 5556.15 17270.8 35043.2 55858.5 76021.5 91919.8 100670 100670 91919.8 76021.5 55858.5 35043.2 17270.8 5556.15 782.14 68.5602 4.7593 0.297431 0.0173944 0.000871474
0.0140375 0.301467 5.5013 95.2572 1601.26 23635.8 222806 725687 1.48511e+06 2.37174e+06 3.2299e+06 3.90657e+06 4.27907e+06 4.27907e+06 3.90657e+06 3.2299e+06 2.37174e+06 1.48511e+06 725687 222806 23635.8 1601.26 95.2572 5.5013 0.301467 0.0140375
0.204463 4.88878 96.8778 1741.26 31534.5 619279 8.94145e+06 3.05072e+07 6.28654e+07 1.0054e+08 1.36991e+08 1.65737e+08 1.81565e+08 1.81565e+08 1.65737e+08 1.36991e+08 1.0054e+08 6.28654e+07 3.05072e+07 8.94145e+06 619279 31534.5 1741.26 96.8778 4.88878 0.204463
2.53152 71.1554 1653.62 32244.8 536042 1.21098e+07 3.60942e+08 1.2848e+09 2.66059e+09 4.25935e+09 5.80614e+09 7.02641e+09 7.69845e+09 7.69845e+09 7.02641e+09 5.80614e+09 4.25935e+09 2.66059e+09 1.2848e+09 3.60942e+08 1.21098e+07 536042 32244.8 1653.62 71.1554 2.53152
23.6395 817.315 24651.7 643621 1.24847e+07 1.76725e+08 1.76924e+10 6.44838e+10 1.33538e+11 2.13607e+11 2.91019e+11 3.5207e+11 3.85686e+11 3.85686e+11 3.5207e+11 2.91019e+11 2.13607e+11 1.33538e+11 6.44838e+10 1.76924e+10 1.76725e+08 1.24847e+07 643621 24651.7 817.315 23.6395
138.588 5833.04 233920 9.38821e+06 3.79025e+08 1.84928e+10 1.6854e+12 5.89589e+12 1.19955e+13 1.89918e+13 2.57045e+13 3.09708e+13 3.38616e+13 3.38616e+13 3.09708e+13 2.57045e+13 1.89918e+13 1.19955e+13 5.89589e+12 1.6854e+12 1.84928e+10 3.79025e+08 9.38821e+06 233920 5833.04 138.588
412.928 18149.2 762714 3.2069e+07 1.35081e+09 6.7495e+10 5.91374e+12 2.063e+13 4.1923e+13 6.63273e+13 8.97304e+13 1.08084e+14 1.18157e+14 1.18157e+14 1.08084e+14 8.97304e+13 6.63273e+13 4.1923e+13 2.063e+13 5.91374e+12 6.7495e+10 1.35081e+09 3.2069e+07 762714 18149.2 412.928
829.99 36823.3 1.56079e+06 6.60797e+07 2.79708e+09 1.39776e+11 1.20432e+13 4.19634e+13 8.52331e+13 1.3481e+14 1.82343e+14 2.19616e+14 2.4007e+14 2.4007e+14 2.19616e+14 1.82343e+14 1.3481e+14 8.52331e+13 4.19634e+13 1.20432e+13 1.39776e+11 2.79708e+09 6.60797e+07 1.56079e+06 36823.3 829.99
1319.46 58670.8 2.49151e+06 1.05633e+08 4.47578e+09 2.23497e+11 1.90732e+13 6.64134e+13 1.34856e+14 2.13261e+14 2.88424e+14 3.47358e+14 3.79698e+14 3.79698e+14 3.47358e+14 2.88424e+14 2.13261e+14 1.34856e+14 6.64134e+13 1.90732e+13 2.23497e+11 4.47578e+09 1.05633e+08 2.49151e+06 58670.8 1319.46
1793.51 79806.5 3.39116e+06 1.43849e+08 6.09765e+09 3.04333e+11 2.58157e+13 8.9852e+13 1.82417e+14 2.88444e+14 3.90079e+14 4.69764e+14 5.13489e+14 5.13489e+14 4.69764e+14 3.90079e+14 2.88444e+14 1.82417e+14 8.9852e+13 2.58157e+13 3.04333e+11 6.09765e+09 1.43849e+08 3.39116e+06 79806.5 1793.51
2166.91 96451.9 4.09967e+06 1.73951e+08 7.37551e+09 3.68006e+11 3.11027e+13 1.08226e+14 2.19695e+14 3.47368e+14 4.69746e+14 5.65691e+14 6.18338e+14 6.18338e+14 5.65691e+14 4.69746e+14 3.47368e+14 2.19695e+14 1.08226e+14 3.11027e+13 3.68006e+11 7.37551e+09 1.73951e+08 4.09967e+06 96451.9 2166.91
2372.24 105606 4.48936e+06 1.9051e+08 8.07862e+09 4.03035e+11 3.40038e+13 1.18306e+14 2.40145e+14 3.79691e+14 5.13447e+14 6.1831e+14 6.75851e+14 6.75851e+14 6.1831e+14 5.13447e+14 3.79691e+14 2.40145e+14 1.18306e+14 3.40038e+13 4.03035e+11 8.07862e+09 1.9051e+08 4.48936e+06 105606 2372.24
2372.24 105606 4.48936e+06 1.9051e+08 8.07862e+09 4.03035e+11 3.40038e+13 1.18306e+14 2.40145e+14 3.79691e+14 5.13447e+14 6.1831e+14 6.75851e+14 6.75851e+14 6.1831e+14 5.13447e+14 3.79691e+14 2.40145e+14 1.18306e+14 3.40038e+13 4.03035e+11 8.07862e+09 1.9051e+08 4.48936e+06 105606 2372.24
2166.91 96451.9 4.09967e+06 1.73951e+08 7.37551e+09 3.68006e+11 3.11027e+13 1.08226e+14 2.19695e+14 3.47368e+14 4.69746e+14 5.65691e+14 6.18338e+14 6.18338e+14 5.65691e+14 4.69746e+14 3.47368e+14 2.19695e+14 1.08226e+14 3.11027e+13 3.68006e+11 7.37551e+09 1.73951e+08 4.09967e+06 96451.9 2166.91
1793.51 79806.5 3.39116e+06 1.43849e+08 6.09765e+09 3.04333e+11 2.58157e+13 8.9852e+13 1.82417e+14 2.88444e+14 3.90079e+14 4.69764e+14 5.13489e+14 5.13489e+14 4.69764e+14 3.90079e+14 2.88444e+14 1.82417e+14 8.9852e+13 2.58157e+13 3.04333e+11 6.09765e+09 1.43849e+08 3.39116e+06 79806.5 1793.51
1319.46 58670.8 2.49151e+06 1.05633e+08 4.47578e+09 2.23497e+11 1.90732e+13 6.64134e+13 1.34856e+14 2.13261e+14 2.88424e+14 3.47358e+14 3.79698e+14 3.79698e+14 3.47358e+14 2.88424e+14 2.13261e+14 1.34856e+14 6.64134e+13 1.90732e+13 2.23497e+11 4.47578e+09 1.05633e+08 2.49151e+06 58670.8 1319.46
829.99 36823.3 1.56079e+06 6.60797e+07 2.79708e+09 1.39776e+11 1.20432e+13 4.19634e+13 8.52331e+13 1.3481e+14 1.82343e+14 2.19616e+14 2.4007e+14 2.4007e+14 2.19616e+14 1.82343e+14 1.3481e+14 8.52331e+13 4.19634e+13 1.20432e+13 1.39776e+11 2.79708e+09 6.60797e+07 1.56079e+06 36823.3 829.99
412.928 18149.2 762714 3.2069e+07 1.35081e+09 6.7495e+10 5.91374e+12 2.063e+13 4.1923e+13 6.63273e+13 8.97304e+13 1.08084e+14 1.18157e+14 1.18157e+14 1.08084e+14 8.97304e+13 6.63273e+13 4.1923e+13 2.063e+13 5.91374e+12 6.7495e+10 1.35081e+09 3.2069e+07 762714 18149.2 412.928
138.588 5833.04 233920 9.38821e+06 3.79025e+08 1.84928e+10 1.6854e+12 5.89589e+12 1.19955e+13 1.89918e+13 2.57045e+13 3.09708e+13 3.38616e+13 3.38616e+13 3.09708e+13 2.57045e+13 1.89918e+13 1.19955e+13 5.89589e+12 1.6854e+12 1.84928e+10 3.79025e+08 9.38821e+06 233920 5833.04 138.588
23.6395 817.315 24651.7 643621 1.24847e+07 1.76725e+08 1.76924e+10 6.44838e+10 1.33538e+11 2.13607e+11 2.91019e+11 3.5207e+11 3.85686e+11 3.85686e+11 3.5207e+11 2.91019e+11 2.13607e+11 1.33538e+11 6.44838e+10 1.76924e+10 1.76725e+08 1.24847e+07 643621 24651.7 817.315 23.6395
2.53152 71.1554 1653.62 32244.8 536042 1.21098e+07 3.60942e+08 1.2848e+09 2.66059e+09 4.25935e+09 5.80614e+09 7.02641e+09 7.69845e+09 7.69845e+09 7.02641e+09 5.80614e+09 4.25935e+09 2.66059e+09 1.2848e+09 3.60942e+08 1.21098e+07 536042 32244.8 1653.62 71.1554 2.53152
0.204463 4.88878 96.8778 1741.26 31534.5 619279 8.94145e+06 3.05072e+07 6.28654e+07 1.0054e+08 1.36991e+08 1.65737e+08 1.81565e+08 1.81565e+08 1.65737e+08 1.36991e+08 1.0054e+08 6.28654e+07 3.05072e+07 8.94145e+06 619279 31534.5 1741.26 96.8778 4.88878 0.204463
0.0140375 0.301467 5.5013 95.2572 1601.26 23635.8 222806 725687 1.48511e+06 2.37174e+06 3.2299e+06 3.90657e+06 4.27907e+06 4.27907e+06 3.90657e+06 3.2299e+06 2.37174e+06 1.48511e+06 725687 222806 23635.8 1601.26 95.2572 5.5013 0.301467 0.0140375
0.000871474 0.0173944 0.297431 4.7593 68.5602 782.14 5556.15 17270.8 35043.2 55858.5 76021.5 91919.8 100670 100670 91919.8 76021.5 55858.5 35043.2 17270.8 5556.15 782.14 68.5602 4.7593 0.297431 0.0173944 0.000871475
4.58311e-05 0.000862302 0.0137279 0.197928 2.43237 22.5968 132.014 393.001 789.983 1256.39 1708.66 2065.32 2261.6 2261.6 2065.32 1708.66 1256.39 789.983 393.001 132.014 22.5968 2.43237 0.197928 0.0137279 0.000862302 4.58311e-05
