3.62297 67.6543 1060.38 14969 180160 1.64713e+06 9.5197e+06 2.8046e+07 5.55944e+07 8.69464e+07 1.16263e+08 1.38614e+08 1.50624e+08 1.50624e+08 1.38614e+08 1.16263e+08 8.69464e+07 5.55944e+07 2.8046e+07 9.5197e+06 1.64713e+06 180160 14969 1060.38 67.6543 3.62297
69.6084 1387.37 23460.4 367102 5.14729e+06 5.7444e+07 4.02703e+08 1.23831e+09 2.47636e+09 3.87856e+09 5.18568e+09 6.18026e+09 6.71404e+09 6.71404e+09 6.18026e+09 5.18568e+09 3.87856e+09 2.47636e+09 1.23831e+09 4.02703e+08 5.7444e+07 5.14729e+06 367102 23460.4 1387.37 69.6084
1125.57 24334.3 443792 7.55481e+06 1.228e+08 1.75397e+09 1.62414e+10 5.231e+10 1.0545e+11 1.65334e+11 2.20993e+11 2.63259e+11 2.85914e+11 2.85914e+11 2.63259e+11 2.20993e+11 1.65334e+11 1.0545e+11 5.231e+10 1.62414e+10 1.75397e+09 1.228e+08 7.55481e+06 443792 24334.3 1125.57
16300.6 394592 7.91615e+06 1.42487e+08 2.50482e+09 4.66655e+10 6.55482e+11 2.21081e+12 4.48517e+12 7.03625e+12 9.40099e+12 1.11933e+13 1.21529e+13 1.21529e+13 1.11933e+13 9.40099e+12 7.03625e+12 4.48517e+12 2.21081e+12 6.55482e+11 4.66655e+10 2.50482e+09 1.42487e+08 7.91615e+06 394592 16300.6
199184 5.66851e+06 1.34044e+08 2.67248e+09 4.494e+10 9.41877e+11 2.65956e+13 9.35655e+13 1.90653e+14 2.99127e+14 3.99444e+14 4.7534e+14 5.15918e+14 5.15918e+14 4.7534e+14 3.99444e+14 2.99127e+14 1.90653e+14 9.35655e+13 2.65956e+13 9.41877e+11 4.494e+10 2.67248e+09 1.34044e+08 5.66851e+06 199184
1.83063e+06 6.3847e+07 1.9498e+09 5.1895e+10 1.04809e+12 1.55972e+13 1.32094e+15 4.758e+15 9.69898e+15 1.52109e+16 2.03086e+16 2.41668e+16 2.62305e+16 2.62305e+16 2.41668e+16 2.03086e+16 1.52109e+16 9.69898e+15 4.758e+15 1.32094e+15 1.55972e+13 1.04809e+12 5.1895e+10 1.9498e+09 6.3847e+07 1.83063e+06
1.05726e+07 4.47217e+08 1.80359e+10 7.27881e+11 2.95321e+13 1.43033e+15 1.25722e+17 4.37498e+17 8.83033e+17 1.38344e+18 1.85196e+18 2.21126e+18 2.40535e+18 2.40535e+18 2.21126e+18 1.85196e+18 1.38344e+18 8.83033e+17 4.37498e+17 1.25722e+17 1.43033e+15 2.95321e+13 7.27881e+11 1.80359e+10 4.47217e+08 1.05726e+07
3.11133e+07 1.37359e+09 5.80188e+10 2.45186e+12 1.03758e+14 5.15628e+15 4.39252e+17 1.52471e+18 3.07401e+18 4.81315e+18 6.44115e+18 7.68966e+18 8.36418e+18 8.36418e+18 7.68966e+18 6.44115e+18 4.81315e+18 3.07401e+18 1.52471e+18 4.39252e+17 5.15628e+15 1.03758e+14 2.45186e+12 5.80188e+10 1.37359e+09 3.11133e+07
6.16003e+07 2.7435e+09 1.16809e+11 4.96769e+12 2.11137e+14 1.0502e+16 8.86985e+17 3.07553e+18 6.19538e+18 9.69328e+18 1.29641e+19 1.54705e+19 1.68238e+19 1.68238e+19 1.54705e+19 1.29641e+19 9.69328e+18 6.19538e+18 3.07553e+18 8.86985e+17 1.0502e+16 2.11137e+14 4.96769e+12 1.16809e+11 2.7435e+09 6.16003e+07
9.62179e+07 4.29137e+09 1.82899e+11 7.78238e+12 3.30791e+14 1.64478e+16 1.38865e+18 4.81231e+18 9.6869e+18 1.51446e+19 2.02412e+19 2.41424e+19 2.62474e+19 2.62474e+19 2.41424e+19 2.02412e+19 1.51446e+19 9.6869e+18 4.81231e+18 1.38865e+18 1.64478e+16 3.30791e+14 7.78238e+12 1.82899e+11 4.29137e+09 9.62179e+07
1.28509e+08 5.73063e+09 2.4416e+11 1.03842e+13 4.41125e+14 2.19279e+16 1.85687e+18 6.43314e+18 1.2942e+19 2.022e+19 2.7008e+19 3.21983e+19 3.49969e+19 3.49969e+19 3.21983e+19 2.7008e+19 2.022e+19 1.2942e+19 6.43314e+18 1.85687e+18 2.19279e+16 4.41125e+14 1.03842e+13 2.4416e+11 5.73063e+09 1.28509e+08
1.53074e+08 6.82321e+09 2.90569e+11 1.23513e+13 5.24378e+14 2.60623e+16 2.21485e+18 7.6725e+18 1.54289e+19 2.40936e+19 3.21671e+19 3.83351e+19 4.16592e+19 4.16592e+19 3.83351e+19 3.21671e+19 2.40936e+19 1.54289e+19 7.6725e+18 2.21485e+18 2.60623e+16 5.24378e+14 1.23513e+13 2.90569e+11 6.82321e+09 1.53074e+08
1.66252e+08 7.40862e+09 3.15402e+11 1.34025e+13 5.68805e+14 2.82685e+16 2.40782e+18 8.34066e+18 1.6769e+19 2.61794e+19 3.49431e+19 4.16355e+19 4.52411e+19 4.52411e+19 4.16355e+19 3.49431e+19 2.61794e+19 1.6769e+19 8.34066e+18 2.40782e+18 2.82685e+16 5.68805e+14 1.34025e+13 3.15402e+11 7.40862e+09 1.66252e+08
1.66252e+08 7.40862e+09 3.15402e+11 1.34025e+13 5.68805e+14 2.82685e+16 2.40782e+18 8.34066e+18 1.6769e+19 2.61794e+19 3.49431e+19 4.16355e+19 4.52411e+19 4.52411e+19 4.16355e+19 3.49431e+19 2.61794e+19 1.6769e+19 8.34066e+18 2.40782e+18 2.82685e+16 5.68805e+14 1.34025e+13 3.15402e+11 7.40862e+09 1.66252e+08
1.53074e+08 6.82321e+09 2.90569e+11 1.23513e+13 5.24378e+14 2.60623e+16 2.21485e+18 7.6725e+18 1.54289e+19 2.40936e+19 3.21671e+19 3.83351e+19 4.16592e+19 4.16592e+19 3.83351e+19 3.21671e+19 2.40936e+19 1.54289e+19 7.6725e+18 2.21485e+18 2.60623e+16 5.24378e+14 1.23513e+13 2.90569e+11 6.82321e+09 1.53074e+08
1.28509e+08 5.73063e+09 2.4416e+11 1.03842e+13 4.41125e+14 2.19279e+16 1.85687e+18 6.43314e+18 1.2942e+19 2.022e+19 2.7008e+19 3.21983e+19 3.49969e+19 3.49969e+19 3.21983e+19 2.7008e+19 2.022e+19 1.2942e+19 6.43314e+18 1.85687e+18 2.19279e+16 4.41125e+14 1.03842e+13 2.4416e+11 5.73063e+09 1.28509e+08
9.62179e+07 4.29137e+09 1.82899e+11 7.78238e+12 3.30791e+14 1.64478e+16 1.38865e+18 4.81231e+18 9.6869e+18 1.51446e+19 2.02412e+19 2.41424e+19 2.62474e+19 2.62474e+19 2.41424e+19 2.02412e+19 1.51446e+19 9.6869e+18 4.81231e+18 1.38865e+18 1.64478e+16 3.30791e+14 7.78238e+12 1.82899e+11 4.29137e+09 9.62179e+07
6.16003e+07 2.7435e+09 1.16809e+11 4.96769e+12 2.11137e+14 1.0502e+16 8.86985e+17 3.07553e+18 6.19538e+18 9.69328e+18 1.29641e+19 1.54705e+19 1.68238e+19 1.68238e+19 1.54705e+19 1.29641e+19 9.69328e+18 6.19538e+18 3.07553e+18 8.86985e+17 1.0502e+16 2.11137e+14 4.96769e+12 1.16809e+11 2.7435e+09 6.16003e+07
3.11133e+07 1.37359e+09 5.80188e+10 2.45186e+12 1.03758e+14 5.15628e+15 4.39252e+17 1.52471e+18 3.07401e+18 4.81315e+18 6.44115e+18 7.68966e+18 8.36418e+18 8.36418e+18 7.68966e+18 6.44115e+18 4.81315e+18 3.07401e+18 1.52471e+18 4.39252e+17 5.15628e+15 1.03758e+14 2.45186e+12 5.80188e+10 1.37359e+09 3.11133e+07
1.05726e+07 4.47217e+08 1.80359e+10 7.27881e+11 2.95321e+13 1.43033e+15 1.25722e+17 4.37498e+17 8.83033e+17 1.38344e+18 1.85196e+18 2.21126e+18 2.40535e+18 2.40535e+18 2.21126e+18 1.85196e+18 1.38344e+18 8.83033e+17 4.37498e+17 1.25722e+17 1.43033e+15 2.95321e+13 7.27881e+11 1.80359e+10 4.47217e+08 1.05726e+07
1.83063e+06 6.3847e+07 1.9498e+09 5.1895e+10 1.04809e+12 1.55972e+13 1.32094e+15 4.758e+15 9.69898e+15 1.52109e+16 2.03086e+16 2.41668e+16 2.62305e+16 2.62305e+16 2.41668e+16 2.03086e+16 1.52109e+16 9.69898e+15 4.758e+15 1.32094e+15 1.55972e+13 1.04809e+12 5.1895e+10 1.9498e+09 6.3847e+07 1.83063e+06
199184 5.66851e+06 1.34044e+08 2.67248e+09 4.494e+10 9.41877e+11 2.65956e+13 9.35655e+13 1.90653e+14 2.99127e+14 3.99444e+14 4.7534e+14 5.15918e+14 5.15918e+14 4.7534e+14 3.99444e+14 2.99127e+14 1.90653e+14 9.35655e+13 2.65956e+13 9.41877e+11 4.494e+10 2.67248e+09 1.34044e+08 5.66851e+06 199184
16300.6 394592 7.91615e+06 1.42487e+08 2.50482e+09 4.66655e+10 6.55482e+11 2.21081e+12 4.48517e+12 7.03625e+12 9.40099e+12 1.11933e+13 1.21529e+13 1.21529e+13 1.11933e+13 9.40099e+12 7.03625e+12 4.48517e+12 2.21081e+12 6.55482e+11 4.66655e+10 2.50482e+09 1.42487e+08 7.91615e+06 394592 16300.6
1125.57 24334.3 443792 7.55481e+06 1.228e+08 1.75397e+09 1.62414e+10 5.231e+10 1.0545e+11 1.65334e+11 2.20993e+11 2.63259e+11 2.85914e+11 2.85914e+11 2.63259e+11 2.20993e+11 1.65334e+11 1.0545e+11 5.231e+10 1.62414e+10 1.75397e+09 1.228e+08 7.55481e+06 443792 24334.3 1125.57
69.6084 1387.37 23460.4 367102 5.14729e+06 5.7444e+07 4.02703e+08 1.23831e+09 2.47636e+09 3.87856e+09 5.18568e+09 6.18026e+09 6.71404e+09 6.71404e+09 6.18026e+09 5.18568e+09 3.87856e+09 2.47636e+09 1.23831e+09 4.02703e+08 5.7444e+07 5.14729e+06 367102 23460.4 1387.37 69.6084
3.62297 67.6543 1060.38 14969 180160 1.64713e+06 9.5197e+06 2.8046e+07 5.55944e+07 8.69464e+07 1.16263e+08 1.38614e+08 1.50624e+08 1.50624e+08 1.38614e+08 1.16263e+08 8.69464e+07 5.55944e+07 2.8046e+07 9.5197e+06 1.64713e+06 180160 14969 1060.38 67.6543 3.62297
