0.0563874 1.06673 17.0609 246.869 3043.65 28370.3 166302 496383 999295 1.58944e+06 2.15948e+06 2.60674e+06 2.85187e+06 2.85187e+06 2.60674e+06 2.15948e+06 1.58944e+06 999295 496383 166302 28370.3 3043.65 246.869 17.0609 1.06673 0.0563874
1.07988 21.701 373.144 5993.19 86572.9 990411 7.05815e+06 2.20042e+07 4.47292e+07 7.13188e+07 9.69723e+07 1.17093e+08 1.28119e+08 1.28119e+08 1.17093e+08 9.69723e+07 7.13188e+07 4.47292e+07 2.20042e+07 7.05815e+06 990411 86572.9 5993.19 373.144 21.701 1.07988
17.506 379.023 6964.84 121126 2.04017e+06 3.01617e+07 2.85054e+08 9.3143e+08 1.91025e+09 3.05208e+09 4.15263e+09 5.01555e+09 5.48836e+09 5.48836e+09 5.01555e+09 4.15263e+09 3.05208e+09 1.91025e+09 9.3143e+08 2.85054e+08 3.01617e+07 2.04017e+06 121126 6964.84 379.023 17.506
256.24 6181.95 123531 2.23406e+06 4.05441e+07 7.95623e+08 1.15017e+10 3.93813e+10 8.13512e+10 1.3018e+11 1.77211e+11 2.14079e+11 2.34277e+11 2.34277e+11 2.14079e+11 1.77211e+11 1.3018e+11 8.13512e+10 3.93813e+10 1.15017e+10 7.95623e+08 4.05441e+07 2.23406e+06 123531 6181.95 256.24
3184.61 90326.6 2.11755e+06 4.16228e+07 6.96011e+08 1.56674e+10 4.66035e+11 1.66542e+12 3.4583e+12 5.54013e+12 7.5446e+12 9.1157e+12 9.97631e+12 9.97631e+12 9.1157e+12 7.5446e+12 5.54013e+12 3.4583e+12 1.66542e+12 4.66035e+11 1.56674e+10 6.96011e+08 4.16228e+07 2.11755e+06 90326.6 3184.61
29832.5 1.04045e+06 3.16336e+07 8.31911e+08 1.62685e+10 2.32211e+11 2.2911e+13 8.38693e+13 1.74233e+14 2.7897e+14 3.79768e+14 4.58757e+14 5.02021e+14 5.02021e+14 4.58757e+14 3.79768e+14 2.7897e+14 1.74233e+14 8.38693e+13 2.2911e+13 2.32211e+11 1.62685e+10 8.31911e+08 3.16336e+07 1.04045e+06 29832.5
175384 7.44405e+06 3.00662e+08 1.21327e+10 4.91676e+11 2.40152e+13 2.18479e+15 7.67548e+15 1.56767e+16 2.48825e+16 3.37167e+16 4.06364e+16 4.44281e+16 4.44281e+16 4.06364e+16 3.37167e+16 2.48825e+16 1.56767e+16 7.67548e+15 2.18479e+15 2.40152e+13 4.91676e+11 1.21327e+10 3.00662e+08 7.44405e+06 175384
523719 2.32198e+07 9.83062e+08 4.15721e+10 1.75841e+12 8.80162e+13 7.69902e+15 2.69686e+16 5.50122e+16 8.72569e+16 1.18192e+17 1.42421e+17 1.55697e+17 1.55697e+17 1.42421e+17 1.18192e+17 8.72569e+16 5.50122e+16 2.69686e+16 7.69902e+15 8.80162e+13 1.75841e+12 4.15721e+10 9.83062e+08 2.32198e+07 523719
1.05378e+06 4.71757e+07 2.01508e+09 8.58307e+10 3.64939e+12 1.82779e+14 1.57364e+16 5.50542e+16 1.12239e+17 1.77965e+17 2.41007e+17 2.90379e+17 3.17431e+17 3.17431e+17 2.90379e+17 2.41007e+17 1.77965e+17 1.12239e+17 5.50542e+16 1.57364e+16 1.82779e+14 3.64939e+12 8.58307e+10 2.01508e+09 4.71757e+07 1.05378e+06
1.67454e+06 7.51474e+07 3.21639e+09 1.37209e+11 5.84015e+12 2.92378e+14 2.49756e+16 8.73212e+16 1.77962e+17 2.82112e+17 3.81989e+17 4.60198e+17 5.03048e+17 5.03048e+17 4.60198e+17 3.81989e+17 2.82112e+17 1.77962e+17 8.73212e+16 2.49756e+16 2.92378e+14 5.84015e+12 1.37209e+11 3.21639e+09 7.51474e+07 1.67454e+06
2.27275e+06 1.02069e+08 4.37137e+09 1.86566e+11 7.94382e+12 3.97578e+14 3.38293e+16 1.18236e+17 2.40919e+17 3.81857e+17 5.1699e+17 6.22794e+17 6.80759e+17 6.80759e+17 6.22794e+17 5.1699e+17 3.81857e+17 2.40919e+17 1.18236e+17 3.38293e+16 3.97578e+14 7.94382e+12 1.86566e+11 4.37137e+09 1.02069e+08 2.27275e+06
2.7411e+06 1.23137e+08 5.27484e+09 2.25164e+11 9.58848e+12 4.79811e+14 4.07541e+16 1.42415e+17 2.90155e+17 4.59855e+17 6.22547e+17 7.49916e+17 8.19692e+17 8.19692e+17 7.49916e+17 6.22547e+17 4.59855e+17 2.90155e+17 1.42415e+17 4.07541e+16 4.79811e+14 9.58848e+12 2.25164e+11 5.27484e+09 1.23137e+08 2.7411e+06
2.99738e+06 1.34663e+08 5.76904e+09 2.46273e+11 1.04877e+13 5.24771e+14 4.45444e+16 1.5565e+17 3.17106e+17 5.02547e+17 6.80319e+17 8.19487e+17 8.95725e+17 8.95725e+17 8.19487e+17 6.80319e+17 5.02547e+17 3.17106e+17 1.5565e+17 4.45444e+16 5.24771e+14 1.04877e+13 2.46273e+11 5.76904e+09 1.34663e+08 2.99738e+06
2.99738e+06 1.34663e+08 5.76904e+09 2.46273e+11 1.04877e+13 5.24771e+14 4.45444e+16 1.5565e+17 3.17106e+17 5.02547e+17 6.80319e+17 8.19487e+17 8.95725e+17 8.95725e+17 8.19487e+17 6.80319e+17 5.02547e+17 3.17106e+17 1.5565e+17 4.45444e+16 5.24771e+14 1.04877e+13 2.46273e+11 5.76904e+09 1.34663e+08 2.99738e+06
2.7411e+06 1.23137e+08 5.27484e+09 2.25164e+11 9.58848e+12 4.79811e+14 4.07541e+16 1.42415e+17 2.90155e+17 4.59855e+17 6.22547e+17 7.49916e+17 8.19692e+17 8.19692e+17 7.49916e+17 6.22547e+17 4.59855e+17 2.90155e+17 1.42415e+17 4.07541e+16 4.79811e+14 9.58848e+12 2.25164e+11 5.27484e+09 1.23137e+08 2.7411e+06
2.27275e+06 1.02069e+08 4.37137e+09 1.86566e+11 7.94382e+12 3.97578e+14 3.38293e+16 1.18236e+17 2.40919e+17 3.81857e+17 5.1699e+17 6.22794e+17 6.80759e+17 6.80759e+17 6.22794e+17 5.1699e+17 3.81857e+17 2.40919e+17 1.18236e+17 3.38293e+16 3.97578e+14 7.94382e+12 1.86566e+11 4.37137e+09 1.02069e+08 2.27275e+06
1.67454e+06 7.51474e+07 3.21639e+09 1.37209e+11 5.84015e+12 2.92378e+14 2.49756e+16 8.73212e+16 1.77962e+17 2.82112e+17 3.81989e+17 4.60198e+17 5.03048e+17 5.03048e+17 4.60198e+17 3.81989e+17 2.82112e+17 1.77962e+17 8.73212e+16 2.49756e+16 2.92378e+14 5.84015e+12 1.37209e+11 3.21639e+09 7.51474e+07 1.67454e+06
1.05378e+06 4.71757e+07 2.01508e+09 8.58307e+10 3.64939e+12 1.82779e+14 1.57364e+16 5.50542e+16 1.12239e+17 1.77965e+17 2.41007e+17 2.90379e+17 3.17431e+17 3.17431e+17 2.90379e+17 2.41007e+17 1.77965e+17 1.12239e+17 5.50542e+16 1.57364e+16 1.82779e+14 3.64939e+12 8.58307e+10 2.01508e+09 4.71757e+07 1.05378e+06
523719 2.32198e+07 9.83062e+08 4.15721e+10 1.75841e+12 8.80162e+13 7.69902e+15 2.69686e+16 5.50122e+16 8.72569e+16 1.18192e+17 1.42421e+17 1.55697e+17 1.55697e+17 1.42421e+17 1.18192e+17 8.72569e+16 5.50122e+16 2.69686e+16 7.69902e+15 8.80162e+13 1.75841e+12 4.15721e+10 9.83062e+08 2.32198e+07 523719
175384 7.44405e+06 3.00662e+08 1.21327e+10 4.91676e+11 2.40152e+13 2.18479e+15 7.67548e+15 1.56767e+16 2.48825e+16 3.37167e+16 4.06364e+16 4.44281e+16 4.44281e+16 4.06364e+16 3.37167e+16 2.48825e+16 1.56767e+16 7.67548e+15 2.18479e+15 2.40152e+13 4.91676e+11 1.21327e+10 3.00662e+08 7.44405e+06 175384
29832.5 1.04045e+06 3.16336e+07 8.31911e+08 1.62685e+10 2.32211e+11 2.2911e+13 8.38693e+13 1.74233e+14 2.7897e+14 3.79768e+14 4.58757e+14 5.02021e+14 5.02021e+14 4.58757e+14 3.79768e+14 2.7897e+14 1.74233e+14 8.38693e+13 2.2911e+13 2.32211e+11 1.62685e+10 8.31911e+08 3.16336e+07 1.04045e+06 29832.5
3184.61 90326.6 2.11755e+06 4.16228e+07 6.96011e+08 1.56674e+10 4.66035e+11 1.66542e+12 3.4583e+12 5.54013e+12 7.5446e+12 9.1157e+12 9.97631e+12 9.97631e+12 9.1157e+12 7.5446e+12 5.54013e+12 3.4583e+12 1.66542e+12 4.66035e+11 1.56674e+10 6.96011e+08 4.16228e+07 2.11755e+06 90326.6 3184.61
256.24 6181.95 123531 2.23406e+06 4.05441e+07 7.95623e+08 1.15017e+10 3.93813e+10 8.13512e+10 1.3018e+11 1.77211e+11 2.14079e+11 2.34277e+11 2.34277e+11 2.14079e+11 1.77211e+11 1.3018e+11 8.13512e+10 3.93813e+10 1.15017e+10 7.95623e+08 4.05441e+07 2.23406e+06 123531 6181.95 256.24
17.506 379.023 6964.84 121126 2.04017e+06 3.01617e+07 2.85054e+08 9.3143e+08 1.91025e+09 3.05208e+09 4.15263e+09 5.01555e+09 5.48836e+09 5.48836e+09 5.01555e+09 4.15263e+09 3.05208e+09 1.91025e+09 9.3143e+08 2.85054e+08 3.01617e+07 2.04017e+06 121126 6964.84 379.023 17.506
1.07988 21.701 373.144 5993.19 86572.9 990411 7.05815e+06 2.20042e+07 4.47292e+07 7.13188e+07 9.69723e+07 1.17093e+08 1.28119e+08 1.28119e+08 1.17093e+08 9.69723e+07 7.13188e+07 4.47292e+07 2.20042e+07 7.05815e+06 990411 86572.9 5993.19 373.144 21.701 1.07988
0.0563874 1.06673 17.0609 246.869 3043.65 28370.3 166302 496383 999295 1.58944e+06 2.15948e+06 2.60674e+06 2.85187e+06 2.85187e+06 2.60674e+06 2.15948e+06 1.58944e+06 999295 496383 166302 28370.3 3043.65 246.869 17.0609 1.06673 0.0563874
