0.000474187 0.00892311 0.141791 2.03792 24.9747 231.74 1354.91 4043.56 8151.54 12997.6 17710.7 21433.9 23484.7 23484.7 21433.9 17710.7 12997.6 8151.54 4043.56 1354.91 231.74 24.9747 2.03792 0.141791 0.00892311 0.000474187
0.00906601 0.181314 3.09824 49.3986 708.438 8059.38 57253.2 178434 363180 580507 791675 958477 1.05036e+06 1.05036e+06 958477 791675 580507 363180 178434 57253.2 8059.38 708.438 49.3986 3.09824 0.181314 0.00906601
0.146595 3.16185 57.8162 998.566 16675.7 244718 2.30356e+06 7.52349e+06 1.54486e+07 2.47444e+07 3.37706e+07 4.09007e+07 4.48289e+07 4.48289e+07 4.09007e+07 3.37706e+07 2.47444e+07 1.54486e+07 7.52349e+06 2.30356e+06 244718 16675.7 998.566 57.8162 3.16185 0.146595
2.13788 51.423 1024.56 18450.9 332019 6.446e+06 9.26722e+07 3.1711e+08 6.55825e+08 1.05213e+09 1.43682e+09 1.74074e+09 1.90821e+09 1.90821e+09 1.74074e+09 1.43682e+09 1.05213e+09 6.55825e+08 3.1711e+08 9.26722e+07 6.446e+06 332019 18450.9 1024.56 51.423 2.13788
26.4519 748.016 17501.5 343771 5.7359e+06 1.27165e+08 3.74678e+09 1.33791e+10 2.78129e+10 4.4672e+10 6.1037e+10 7.39698e+10 8.10973e+10 8.10973e+10 7.39698e+10 6.1037e+10 4.4672e+10 2.78129e+10 1.33791e+10 3.74678e+09 1.27165e+08 5.7359e+06 343771 17501.5 748.016 26.4519
246.723 8573.32 259967 6.83076e+06 1.34008e+08 1.9208e+09 1.84208e+11 6.73503e+11 1.40028e+12 2.24736e+12 3.06904e+12 3.71816e+12 4.07583e+12 4.07583e+12 3.71816e+12 3.06904e+12 2.24736e+12 1.40028e+12 6.73503e+11 1.84208e+11 1.9208e+09 1.34008e+08 6.83076e+06 259967 8573.32 246.723
1446.05 61102.7 2.45841e+06 9.89021e+07 3.9988e+09 1.94626e+11 1.75728e+13 6.16418e+13 1.25837e+14 1.99829e+14 2.71077e+14 3.27099e+14 3.57887e+14 3.57887e+14 3.27099e+14 2.71077e+14 1.99829e+14 1.25837e+14 6.16418e+13 1.75728e+13 1.94626e+11 3.9988e+09 9.89021e+07 2.45841e+06 61102.7 1446.05
4317.76 190543 8.03455e+06 3.38673e+08 1.42898e+10 7.1269e+11 6.18708e+13 2.16397e+14 4.41185e+14 7.00066e+14 9.49214e+14 1.14505e+15 1.25266e+15 1.25266e+15 1.14505e+15 9.49214e+14 7.00066e+14 4.41185e+14 2.16397e+14 6.18708e+13 7.1269e+11 1.42898e+10 3.38673e+08 8.03455e+06 190543 4317.76
8703.12 387777 1.64958e+07 7.00327e+08 2.97021e+10 1.48199e+12 1.2647e+14 4.4177e+14 9.00161e+14 1.42788e+15 1.93564e+15 2.3347e+15 2.55396e+15 2.55396e+15 2.3347e+15 1.93564e+15 1.42788e+15 9.00161e+14 4.4177e+14 1.2647e+14 1.48199e+12 2.97021e+10 7.00327e+08 1.64958e+07 387777 8703.12
13871.6 619570 2.64109e+07 1.12305e+09 4.76858e+10 2.37789e+12 2.00945e+14 7.01397e+14 1.42871e+15 2.26582e+15 3.07116e+15 3.70404e+15 4.05175e+15 4.05175e+15 3.70404e+15 3.07116e+15 2.26582e+15 1.42871e+15 7.01397e+14 2.00945e+14 2.37789e+12 4.76858e+10 1.12305e+09 2.64109e+07 619570 13871.6
18892.7 844540 3.60271e+07 1.53288e+09 6.51209e+10 3.24597e+12 2.72645e+14 9.51228e+14 1.9372e+15 3.07186e+15 4.16333e+15 5.02103e+15 5.49224e+15 5.49224e+15 5.02103e+15 4.16333e+15 3.07186e+15 1.9372e+15 9.51228e+14 2.72645e+14 3.24597e+12 6.51209e+10 1.53288e+09 3.60271e+07 844540 18892.7
22855.2 1.02206e+06 4.3615e+07 1.85631e+09 7.88834e+10 3.93101e+12 3.29002e+14 1.14754e+15 2.33672e+15 3.70511e+15 5.02133e+15 6.05559e+15 6.6238e+15 6.6238e+15 6.05559e+15 5.02133e+15 3.70511e+15 2.33672e+15 1.14754e+15 3.29002e+14 3.93101e+12 7.88834e+10 1.85631e+09 4.3615e+07 1.02206e+06 22855.2
25036.1 1.11977e+06 4.77922e+07 2.03439e+09 8.64618e+10 4.30818e+12 3.59965e+14 1.25538e+15 2.55617e+15 4.05293e+15 5.49259e+15 6.62381e+15 7.24529e+15 7.24529e+15 6.62381e+15 5.49259e+15 4.05293e+15 2.55617e+15 1.25538e+15 3.59965e+14 4.30818e+12 8.64618e+10 2.03439e+09 4.77922e+07 1.11977e+06 25036.1
25036.1 1.11977e+06 4.77922e+07 2.03439e+09 8.64618e+10 4.30818e+12 3.59965e+14 1.25538e+15 2.55617e+15 4.05293e+15 5.49259e+15 6.62381e+15 7.24529e+15 7.24529e+15 6.62381e+15 5.49259e+15 4.05293e+15 2.55617e+15 1.25538e+15 3.59965e+14 4.30818e+12 8.64618e+10 2.03439e+09 4.77922e+07 1.11977e+06 25036.1
22855.2 1.02206e+06 4.3615e+07 1.85631e+09 7.88834e+10 3.93101e+12 3.29002e+14 1.14754e+15 2.33672e+15 3.70511e+15 5.02133e+15 6.05559e+15 6.6238e+15 6.6238e+15 6.05559e+15 5.02133e+15 3.70511e+15 2.33672e+15 1.14754e+15 3.29002e+14 3.93101e+12 7.88834e+10 1.85631e+09 4.3615e+07 1.02206e+06 22855.2
18892.7 844540 3.60271e+07 1.53288e+09 6.51209e+10 3.24597e+12 2.72645e+14 9.51228e+14 1.9372e+15 3.07186e+15 4.16333e+15 5.02103e+15 5.49224e+15 5.49224e+15 5.02103e+15 4.16333e+15 3.07186e+15 1.9372e+15 9.51228e+14 2.72645e+14 3.24597e+12 6.51209e+10 1.53288e+09 3.60271e+07 844540 18892.7
13871.6 619570 2.64109e+07 1.12305e+09 4.76858e+10 2.37789e+12 2.00945e+14 7.01397e+14 1.42871e+15 2.26582e+15 3.07116e+15 3.70404e+15 4.05175e+15 4.05175e+15 3.70404e+15 3.07116e+15 2.26582e+15 1.42871e+15 7.01397e+14 2.00945e+14 2.37789e+12 4.76858e+10 1.12305e+09 2.64109e+07 619570 13871.6
8703.12 387777 1.64958e+07 7.00327e+08 2.97021e+10 1.48199e+12 1.2647e+14 4.4177e+14 9.00161e+14 1.42788e+15 1.93564e+15 2.3347e+15 2.55396e+15 2.55396e+15 2.3347e+15 1.93564e+15 1.42788e+15 9.00161e+14 4.4177e+14 1.2647e+14 1.48199e+12 2.97021e+10 7.00327e+08 1.64958e+07 387777 8703.12
4317.76 190543 8.03455e+06 3.38673e+08 1.42898e+10 7.1269e+11 6.18708e+13 2.16397e+14 4.41185e+14 7.00066e+14 9.49214e+14 1.14505e+15 1.25266e+15 1.25266e+15 1.14505e+15 9.49214e+14 7.00066e+14 4.41185e+14 2.16397e+14 6.18708e+13 7.1269e+11 1.42898e+10 3.38673e+08 8.03455e+06 190543 4317.76
1446.05 61102.7 2.45841e+06 9.89021e+07 3.9988e+09 1.94626e+11 1.75728e+13 6.16418e+13 1.25837e+14 1.99829e+14 2.71077e+14 3.27099e+14 3.57887e+14 3.57887e+14 3.27099e+14 2.71077e+14 1.99829e+14 1.25837e+14 6.16418e+13 1.75728e+13 1.94626e+11 3.9988e+09 9.89021e+07 2.45841e+06 61102.7 1446.05
246.723 8573.32 259967 6.83076e+06 1.34008e+08 1.9208e+09 1.84208e+11 6.73503e+11 1.40028e+12 2.24736e+12 3.06904e+12 3.71816e+12 4.07583e+12 4.07583e+12 3.71816e+12 3.06904e+12 2.24736e+12 1.40028e+12 6.73503e+11 1.84208e+11 1.9208e+09 1.34008e+08 6.83076e+06 259967 8573.32 246.723
26.4519 748.016 17501.5 343771 5.7359e+06 1.27165e+08 3.74678e+09 1.33791e+10 2.78129e+10 4.4672e+10 6.1037e+10 7.39698e+10 8.10973e+10 8.10973e+10 7.39698e+10 6.1037e+10 4.4672e+10 2.78129e+10 1.33791e+10 3.74678e+09 1.27165e+08 5.7359e+06 343771 17501.5 748.016 26.4519
2.13788 51.423 1024.56 18450.9 332019 6.446e+06 9.26722e+07 3.1711e+08 6.55825e+08 1.05213e+09 1.43682e+09 1.74074e+09 1.90821e+09 1.90821e+09 1.74074e+09 1.43682e+09 1.05213e+09 6.55825e+08 3.1711e+08 9.26722e+07 6.446e+06 332019 18450.9 1024.56 51.423 2.13788
0.146595 3.16185 57.8162 998.566 16675.7 244718 2.30356e+06 7.52349e+06 1.54486e+07 2.47444e+07 3.37706e+07 4.09007e+07 4.48289e+07 4.48289e+07 4.09007e+07 3.37706e+07 2.47444e+07 1.54486e+07 7.52349e+06 2.30356e+06 244718 16675.7 998.566 57.8162 3.16185 0.146595
0.00906601 0.181314 3.09824 49.3986 708.438 8059.38 57253.2 178434 363180 580507 791675 958477 1.05036e+06 1.05036e+06 958477 791675 580507 363180 178434 57253.2 8059.38 708.438 49.3986 3.09824 0.181314 0.00906601
0.000474188 0.00892311 0.141791 2.03792 24.9747 231.74 1354.91 4043.56 8151.54 12997.6 17710.7 21433.9 23484.7 23484.7 21433.9 17710.7 12997.6 8151.54 4043.56 1354.91 231.74 24.9747 2.03792 0.141791 0.00892311 0.000474187
