0.587674 11.1 176.84 2544.44 31200.2 289802 1.697e+06 5.06926e+06 1.02111e+07 1.62381e+07 2.2043e+07 2.65816e+07 2.90618e+07 2.90618e+07 2.65816e+07 2.2043e+07 1.62381e+07 1.02111e+07 5.06926e+06 1.697e+06 289802 31200.2 2544.44 176.84 11.1 0.587674
11.3139 227.342 3897.65 62183.3 890944 1.0131e+07 7.20325e+07 2.24694e+08 4.56936e+08 7.28269e+08 9.89181e+08 1.193e+09 1.30434e+09 1.30434e+09 1.193e+09 9.89181e+08 7.28269e+08 4.56936e+08 2.24694e+08 7.20325e+07 1.0131e+07 890944 62183.3 3897.65 227.342 11.3139
184.049 3994.12 73427.2 1.27029e+06 2.11604e+07 3.09591e+08 2.91321e+09 9.52338e+09 1.95379e+10 3.11994e+10 4.23969e+10 5.11379e+10 5.59104e+10 5.59103e+10 5.11379e+10 4.23969e+10 3.11994e+10 1.95379e+10 9.52339e+09 2.91321e+09 3.09591e+08 2.11604e+07 1.27029e+06 73427.2 3994.12 184.049
2694.05 65254.1 1.31035e+06 2.37279e+07 4.26264e+08 8.21386e+09 1.17758e+11 4.03375e+11 8.33549e+11 1.333e+12 1.81204e+12 2.18575e+12 2.3897e+12 2.3897e+12 2.18575e+12 1.81204e+12 1.333e+12 8.33549e+11 4.03375e+11 1.17758e+11 8.21386e+09 4.26264e+08 2.37279e+07 1.31035e+06 65254.1 2694.05
33390.3 950474 2.24273e+07 4.44761e+08 7.47517e+09 1.63712e+11 4.77944e+12 1.70891e+13 3.55004e+13 5.68299e+13 7.72724e+13 9.32102e+13 1.01904e+14 1.01904e+14 9.32102e+13 7.72724e+13 5.68299e+13 3.55004e+13 1.70891e+13 4.77944e+12 1.63712e+11 7.47517e+09 4.44761e+08 2.24273e+07 950474 33390.3
311651 1.08893e+07 3.32494e+08 8.8087e+09 1.74995e+11 2.54776e+12 2.36014e+14 8.64414e+14 1.79666e+15 2.87481e+15 3.90768e+15 4.71283e+15 5.152e+15 5.152e+15 4.71283e+15 3.90768e+15 2.87481e+15 1.79666e+15 8.64414e+14 2.36014e+14 2.54776e+12 1.74995e+11 8.8087e+09 3.32494e+08 1.08893e+07 311651
1.82729e+06 7.75634e+07 3.13695e+09 1.26806e+11 5.14694e+12 2.50591e+14 2.2505e+16 7.91689e+16 1.61912e+17 2.57141e+17 3.48411e+17 4.19757e+17 4.58784e+17 4.58784e+17 4.19757e+17 3.48411e+17 2.57141e+17 1.61912e+17 7.91689e+16 2.2505e+16 2.50591e+14 5.14694e+12 1.26806e+11 3.13695e+09 7.75634e+07 1.82729e+06
5.45744e+06 2.4191e+08 1.02536e+10 4.34332e+11 1.84019e+13 9.18881e+14 7.94617e+16 2.78697e+17 5.6922e+17 9.03368e+17 1.22355e+18 1.47384e+18 1.61076e+18 1.61076e+18 1.47384e+18 1.22355e+18 9.03368e+17 5.6922e+17 2.78697e+17 7.94617e+16 9.18881e+14 1.84019e+13 4.34332e+11 1.02536e+10 2.4191e+08 5.45744e+06
1.09848e+07 4.91572e+08 2.10197e+10 8.9681e+11 3.81967e+13 1.90913e+15 1.62664e+17 5.69774e+17 1.16293e+18 1.84478e+18 2.4979e+18 3.00834e+18 3.28755e+18 3.28755e+18 3.00834e+18 2.4979e+18 1.84478e+18 1.16293e+18 5.69774e+17 1.62664e+17 1.90913e+15 3.81967e+13 8.9681e+11 2.10197e+10 4.91572e+08 1.09848e+07
1.74506e+07 7.82653e+08 3.35295e+10 1.43257e+12 6.10764e+13 3.05189e+15 2.58333e+17 9.04266e+17 1.84484e+18 2.92551e+18 3.96022e+18 4.76867e+18 5.2108e+18 5.2108e+18 4.76867e+18 3.96022e+18 2.92551e+18 1.84484e+18 9.04266e+17 2.58333e+17 3.05189e+15 6.10764e+13 1.43257e+12 3.35295e+10 7.82653e+08 1.74506e+07
2.36641e+07 1.06189e+09 4.5512e+10 1.94513e+12 8.29461e+13 4.14376e+15 3.49874e+17 1.22428e+18 2.49702e+18 3.95873e+18 5.35776e+18 6.45054e+18 7.04807e+18 7.04807e+18 6.45055e+18 5.35776e+18 3.95873e+18 2.49702e+18 1.22428e+18 3.49874e+17 4.14376e+15 8.29461e+13 1.94513e+12 4.5512e+10 1.06189e+09 2.36641e+07
2.85117e+07 1.27955e+09 5.48442e+10 2.34402e+12 9.99539e+13 4.99273e+15 4.2131e+17 1.47403e+18 3.00592e+18 4.76472e+18 6.44764e+18 7.76188e+18 8.48039e+18 8.48039e+18 7.76188e+18 6.44764e+18 4.76472e+18 3.00592e+18 1.47403e+18 4.2131e+17 4.99273e+15 9.99539e+13 2.34402e+12 5.48442e+10 1.27955e+09 2.85117e+07
3.11569e+07 1.39826e+09 5.99312e+10 2.56135e+12 1.09215e+14 5.45496e+15 4.60335e+17 1.61049e+18 3.28394e+18 5.20498e+18 7.04287e+18 8.47795e+18 9.26246e+18 9.26246e+18 8.47795e+18 7.04287e+18 5.20498e+18 3.28394e+18 1.61049e+18 4.60335e+17 5.45496e+15 1.09215e+14 2.56135e+12 5.99312e+10 1.39826e+09 3.11569e+07
3.11569e+07 1.39826e+09 5.99312e+10 2.56135e+12 1.09215e+14 5.45496e+15 4.60335e+17 1.61049e+18 3.28394e+18 5.20498e+18 7.04287e+18 8.47795e+18 9.26246e+18 9.26246e+18 8.47795e+18 7.04287e+18 5.20498e+18 3.28394e+18 1.61049e+18 4.60335e+17 5.45496e+15 1.09215e+14 2.56135e+12 5.99312e+10 1.39826e+09 3.11569e+07
2.85117e+07 1.27955e+09 5.48442e+10 2.34402e+12 9.99539e+13 4.99273e+15 4.2131e+17 1.47403e+18 3.00592e+18 4.76472e+18 6.44764e+18 7.76188e+18 8.48039e+18 8.48039e+18 7.76188e+18 6.44764e+18 4.76472e+18 3.00592e+18 1.47403e+18 4.2131e+17 4.99273e+15 9.99539e+13 2.34402e+12 5.48442e+10 1.27955e+09 2.85117e+07
2.36641e+07 1.06189e+09 4.5512e+10 1.94513e+12 8.29461e+13 4.14376e+15 3.49874e+17 1.22428e+18 2.49702e+18 3.95873e+18 5.35776e+18 6.45054e+18 7.04807e+18 7.04807e+18 6.45054e+18 5.35776e+18 3.95873e+18 2.49702e+18 1.22428e+18 3.49874e+17 4.14376e+15 8.29461e+13 1.94513e+12 4.5512e+10 1.06189e+09 2.36641e+07
1.74506e+07 7.82653e+08 3.35295e+10 1.43257e+12 6.10764e+13 3.05189e+15 2.58333e+17 9.04266e+17 1.84484e+18 2.92551e+18 3.96022e+18 4.76867e+18 5.2108e+18 5.2108e+18 4.76867e+18 3.96022e+18 2.92551e+18 1.84484e+18 9.04266e+17 2.58333e+17 3.05189e+15 6.10764e+13 1.43257e+12 3.35295e+10 7.82653e+08 1.74506e+07
1.09848e+07 4.91572e+08 2.10197e+10 8.9681e+11 3.81967e+13 1.90913e+15 1.62664e+17 5.69774e+17 1.16293e+18 1.84478e+18 2.4979e+18 3.00834e+18 3.28755e+18 3.28755e+18 3.00834e+18 2.4979e+18 1.84478e+18 1.16293e+18 5.69774e+17 1.62664e+17 1.90913e+15 3.81967e+13 8.9681e+11 2.10197e+10 4.91572e+08 1.09848e+07
5.45744e+06 2.4191e+08 1.02536e+10 4.34332e+11 1.84019e+13 9.18881e+14 7.94617e+16 2.78697e+17 5.6922e+17 9.03368e+17 1.22355e+18 1.47384e+18 1.61076e+18 1.61076e+18 1.47384e+18 1.22355e+18 9.03368e+17 5.6922e+17 2.78697e+17 7.94617e+16 9.18881e+14 1.84019e+13 4.34332e+11 1.02536e+10 2.4191e+08 5.45744e+06
1.82729e+06 7.75634e+07 3.13695e+09 1.26806e+11 5.14694e+12 2.50591e+14 2.2505e+16 7.91689e+16 1.61912e+17 2.57141e+17 3.48411e+17 4.19757e+17 4.58784e+17 4.58784e+17 4.19757e+17 3.48411e+17 2.57141e+17 1.61912e+17 7.91689e+16 2.2505e+16 2.50591e+14 5.14694e+12 1.26806e+11 3.13695e+09 7.75634e+07 1.82729e+06
311651 1.08893e+07 3.32494e+08 8.8087e+09 1.74995e+11 2.54776e+12 2.36014e+14 8.64414e+14 1.79666e+15 2.87481e+15 3.90768e+15 4.71283e+15 5.152e+15 5.152e+15 4.71283e+15 3.90768e+15 2.87481e+15 1.79666e+15 8.64414e+14 2.36014e+14 2.54776e+12 1.74995e+11 8.8087e+09 3.32494e+08 1.08893e+07 311651
33390.3 950474 2.24273e+07 4.44761e+08 7.47517e+09 1.63712e+11 4.77944e+12 1.70891e+13 3.55004e+13 5.68299e+13 7.72724e+13 9.32102e+13 1.01904e+14 1.01904e+14 9.32102e+13 7.72724e+13 5.68299e+13 3.55004e+13 1.70891e+13 4.77944e+12 1.63712e+11 7.47517e+09 4.44761e+08 2.24273e+07 950474 33390.3
2694.05 65254.1 1.31035e+06 2.37279e+07 4.26264e+08 8.21386e+09 1.17758e+11 4.03375e+11 8.33549e+11 1.333e+12 1.81204e+12 2.18575e+12 2.3897e+12 2.3897e+12 2.18575e+12 1.81204e+12 1.333e+12 8.33549e+11 4.03375e+11 1.17758e+11 8.21386e+09 4.26264e+08 2.37279e+07 1.31035e+06 65254.1 2694.05
184.049 3994.12 73427.2 1.27029e+06 2.11604e+07 3.09591e+08 2.91321e+09 9.52339e+09 1.95379e+10 3.11994e+10 4.23969e+10 5.11379e+10 5.59103e+10 5.59104e+10 5.11379e+10 4.23969e+10 3.11994e+10 1.95379e+10 9.52338e+09 2.91321e+09 3.09591e+08 2.11604e+07 1.27029e+06 73427.2 3994.12 184.049
11.3139 227.342 3897.65 62183.3 890944 1.0131e+07 7.20325e+07 2.24694e+08 4.56936e+08 7.28269e+08 9.89181e+08 1.193e+09 1.30434e+09 1.30434e+09 1.193e+09 9.89181e+08 7.28269e+08 4.56936e+08 2.24694e+08 7.20325e+07 1.0131e+07 890944 62183.3 3897.65 227.342 11.3139
0.587674 11.1 176.84 2544.44 31200.2 289802 1.697e+06 5.06926e+06 1.02111e+07 1.62381e+07 2.2043e+07 2.65816e+07 2.90618e+07 2.90618e+07 2.65816e+07 2.2043e+07 1.62381e+07 1.02111e+07 5.06926e+06 1.697e+06 289802 31200.2 2544.44 176.84 11.1 0.587674
