3.21534 59.9925 939.052 13236.8 159144 1.45503e+06 8.42579e+06 2.49585e+07 4.98604e+07 7.86686e+07 1.06078e+08 1.27299e+08 1.38822e+08 1.38822e+08 1.27299e+08 1.06078e+08 7.86686e+07 4.98604e+07 2.49585e+07 8.42579e+06 1.45503e+06 159144 13236.8 939.052 59.9925 3.21534
61.8142 1231.43 20800.4 324920 4.54783e+06 5.07144e+07 3.55992e+08 1.10068e+09 2.21884e+09 3.50707e+09 4.72987e+09 5.67528e+09 6.18827e+09 6.18827e+09 5.67528e+09 4.72987e+09 3.50707e+09 2.21884e+09 1.10068e+09 3.55992e+08 5.07144e+07 4.54783e+06 324920 20800.4 1231.43 61.8142
999.808 21615.3 394019 6.69762e+06 1.08595e+08 1.5479e+09 1.43387e+10 4.64387e+10 9.43936e+10 1.49408e+11 2.01514e+11 2.41747e+11 2.63561e+11 2.63561e+11 2.41747e+11 2.01514e+11 1.49408e+11 9.43936e+10 4.64387e+10 1.43387e+10 1.5479e+09 1.08595e+08 6.69762e+06 394019 21615.3 999.808
14476.7 350539 7.03475e+06 1.26592e+08 2.22013e+09 4.11926e+10 5.77955e+11 1.96039e+12 4.01149e+12 6.35547e+12 8.57145e+12 1.02805e+13 1.12064e+13 1.12064e+13 1.02805e+13 8.57145e+12 6.35547e+12 4.01149e+12 1.96039e+12 5.77955e+11 4.11926e+10 2.22013e+09 1.26592e+08 7.03475e+06 350539 14476.7
176830 5.03284e+06 1.19075e+08 2.3768e+09 3.99973e+10 8.33072e+11 2.34207e+13 8.28779e+13 1.70394e+14 2.70099e+14 3.64222e+14 4.36731e+14 4.75984e+14 4.75984e+14 4.36731e+14 3.64222e+14 2.70099e+14 1.70394e+14 8.28779e+13 2.34207e+13 8.33072e+11 3.99973e+10 2.3768e+09 1.19075e+08 5.03284e+06 176830
1.62531e+06 5.6657e+07 1.72984e+09 4.60659e+10 9.32839e+11 1.39353e+13 1.16272e+15 4.21168e+15 8.66099e+15 1.37205e+16 1.84948e+16 2.21725e+16 2.41635e+16 2.41635e+16 2.21725e+16 1.84948e+16 1.37205e+16 8.66099e+15 4.21168e+15 1.16272e+15 1.39353e+13 9.32839e+11 4.60659e+10 1.72984e+09 5.6657e+07 1.62531e+06
9.40207e+06 3.972e+08 1.5997e+10 6.44741e+11 2.61247e+13 1.26222e+15 1.10601e+17 3.86259e+17 7.83953e+17 1.23603e+18 1.66455e+18 1.99665e+18 2.17732e+18 2.17732e+18 1.99665e+18 1.66455e+18 1.23603e+18 7.83953e+17 3.86259e+17 1.10601e+17 1.26222e+15 2.61247e+13 6.44741e+11 1.5997e+10 3.972e+08 9.40207e+06
2.78189e+07 1.22662e+09 5.17438e+10 2.184e+12 9.23172e+13 4.57687e+15 3.87985e+17 1.35133e+18 2.73924e+18 4.3157e+18 5.80933e+18 6.96665e+18 7.59622e+18 7.59622e+18 6.96665e+18 5.80933e+18 4.3157e+18 2.73924e+18 1.35133e+18 3.87985e+17 4.57687e+15 9.23172e+13 2.184e+12 5.17438e+10 1.22662e+09 2.78189e+07
5.55153e+07 2.47002e+09 1.05059e+11 4.46391e+12 1.89577e+14 9.40744e+15 7.88268e+17 2.74213e+18 5.55389e+18 8.74423e+18 1.17641e+19 1.41023e+19 1.53737e+19 1.53737e+19 1.41024e+19 1.17641e+19 8.74423e+18 5.55389e+18 2.74213e+18 7.88268e+17 9.40744e+15 1.89577e+14 4.46391e+12 1.05059e+11 2.47002e+09 5.55153e+07
8.74987e+07 3.89986e+09 1.66104e+11 7.06412e+12 3.00152e+14 1.48891e+16 1.24273e+18 4.32003e+18 8.74384e+18 1.37575e+19 1.84982e+19 2.21654e+19 2.41582e+19 2.41582e+19 2.21654e+19 1.84982e+19 1.37575e+19 8.74384e+18 4.32003e+18 1.24273e+18 1.48891e+16 3.00152e+14 7.06412e+12 1.66104e+11 3.89986e+09 8.74987e+07
1.17872e+08 5.25442e+09 2.23804e+11 9.51712e+12 4.04304e+14 2.00492e+16 1.67269e+18 5.81229e+18 1.17579e+19 1.84893e+19 2.48475e+19 2.97616e+19 3.24304e+19 3.24304e+19 2.97616e+19 2.48475e+19 1.84893e+19 1.17579e+19 5.81229e+18 1.67269e+18 2.00492e+16 4.04304e+14 9.51712e+12 2.23804e+11 5.25442e+09 1.17872e+08
1.41348e+08 6.29986e+09 2.68275e+11 1.14053e+13 4.8438e+14 2.40152e+16 2.00527e+18 6.96638e+18 1.40873e+19 2.2143e+19 2.97457e+19 3.56178e+19 3.88053e+19 3.88053e+19 3.56178e+19 2.97457e+19 2.2143e+19 1.40873e+19 6.96638e+18 2.00527e+18 2.40152e+16 4.8438e+14 1.14053e+13 2.68275e+11 6.29986e+09 1.41348e+08
1.54081e+08 6.86645e+09 2.92356e+11 1.24269e+13 5.27668e+14 2.61587e+16 2.18594e+18 7.59333e+18 1.53522e+19 2.41257e+19 3.24023e+19 3.87924e+19 4.22603e+19 4.22603e+19 3.87924e+19 3.24023e+19 2.41257e+19 1.53522e+19 7.59333e+18 2.18594e+18 2.61587e+16 5.27668e+14 1.24269e+13 2.92356e+11 6.86645e+09 1.54081e+08
1.54081e+08 6.86645e+09 2.92356e+11 1.24269e+13 5.27668e+14 2.61587e+16 2.18594e+18 7.59333e+18 1.53522e+19 2.41257e+19 3.24023e+19 3.87924e+19 4.22603e+19 4.22603e+19 3.87924e+19 3.24023e+19 2.41257e+19 1.53522e+19 7.59333e+18 2.18594e+18 2.61587e+16 5.27668e+14 1.24269e+13 2.92356e+11 6.86645e+09 1.54081e+08
1.41348e+08 6.29986e+09 2.68275e+11 1.14053e+13 4.8438e+14 2.40152e+16 2.00527e+18 6.96638e+18 1.40873e+19 2.2143e+19 2.97457e+19 3.56178e+19 3.88053e+19 3.88053e+19 3.56178e+19 2.97457e+19 2.2143e+19 1.40873e+19 6.96638e+18 2.00527e+18 2.40152e+16 4.8438e+14 1.14053e+13 2.68275e+11 6.29986e+09 1.41348e+08
1.17872e+08 5.25442e+09 2.23804e+11 9.51712e+12 4.04304e+14 2.00492e+16 1.67269e+18 5.81229e+18 1.17579e+19 1.84893e+19 2.48475e+19 2.97616e+19 3.24304e+19 3.24304e+19 2.97616e+19 2.48475e+19 1.84893e+19 1.17579e+19 5.81229e+18 1.67269e+18 2.00492e+16 4.04304e+14 9.51712e+12 2.23804e+11 5.25442e+09 1.17872e+08
8.74987e+07 3.89986e+09 1.66104e+11 7.06412e+12 3.00152e+14 1.48891e+16 1.24273e+18 4.32003e+18 8.74384e+18 1.37575e+19 1.84982e+19 2.21654e+19 2.41582e+19 2.41582e+19 2.21654e+19 1.84982e+19 1.37575e+19 8.74384e+18 4.32003e+18 1.24273e+18 1.48891e+16 3.00152e+14 7.06412e+12 1.66104e+11 3.89986e+09 8.74987e+07
5.55153e+07 2.47002e+09 1.05059e+11 4.46391e+12 1.89577e+14 9.40744e+15 7.88268e+17 2.74213e+18 5.55389e+18 8.74423e+18 1.17641e+19 1.41023e+19 1.53737e+19 1.53737e+19 1.41023e+19 1.17641e+19 8.74423e+18 5.55389e+18 2.74213e+18 7.88268e+17 9.40744e+15 1.89577e+14 4.46391e+12 1.05059e+11 2.47002e+09 5.55153e+07
2.78189e+07 1.22662e+09 5.17438e+10 2.184e+12 9.23172e+13 4.57687e+15 3.87985e+17 1.35133e+18 2.73924e+18 4.3157e+18 5.80933e+18 6.96665e+18 7.59622e+18 7.59622e+18 6.96665e+18 5.80933e+18 4.3157e+18 2.73924e+18 1.35133e+18 3.87985e+17 4.57687e+15 9.23172e+13 2.184e+12 5.17438e+10 1.22662e+09 2.78189e+07
9.40207e+06 3.972e+08 1.5997e+10 6.44741e+11 2.61247e+13 1.26222e+15 1.10601e+17 3.86259e+17 7.83953e+17 1.23603e+18 1.66455e+18 1.99665e+18 2.17732e+18 2.17732e+18 1.99665e+18 1.66455e+18 1.23603e+18 7.83953e+17 3.86259e+17 1.10601e+17 1.26222e+15 2.61247e+13 6.44741e+11 1.5997e+10 3.972e+08 9.40207e+06
1.62531e+06 5.6657e+07 1.72984e+09 4.60659e+10 9.32839e+11 1.39353e+13 1.16272e+15 4.21168e+15 8.66099e+15 1.37205e+16 1.84948e+16 2.21725e+16 2.41635e+16 2.41635e+16 2.21725e+16 1.84948e+16 1.37205e+16 8.66099e+15 4.21168e+15 1.16272e+15 1.39353e+13 9.32839e+11 4.60659e+10 1.72984e+09 5.6657e+07 1.62531e+06
176830 5.03284e+06 1.19075e+08 2.3768e+09 3.99973e+10 8.33072e+11 2.34207e+13 8.28779e+13 1.70394e+14 2.70099e+14 3.64222e+14 4.36731e+14 4.75984e+14 4.75984e+14 4.36731e+14 3.64222e+14 2.70099e+14 1.70394e+14 8.28779e+13 2.34207e+13 8.33072e+11 3.99973e+10 2.3768e+09 1.19075e+08 5.03284e+06 176830
14476.7 350539 7.03475e+06 1.26592e+08 2.22013e+09 4.11926e+10 5.77955e+11 1.96039e+12 4.01149e+12 6.35547e+12 8.57145e+12 1.02805e+13 1.12064e+13 1.12064e+13 1.02805e+13 8.57145e+12 6.35547e+12 4.01149e+12 1.96039e+12 5.77955e+11 4.11926e+10 2.22013e+09 1.26592e+08 7.03475e+06 350539 14476.7
999.808 21615.3 394019 6.69762e+06 1.08595e+08 1.5479e+09 1.43387e+10 4.64387e+10 9.43936e+10 1.49408e+11 2.01514e+11 2.41747e+11 2.63561e+11 2.63561e+11 2.41747e+11 2.01514e+11 1.49408e+11 9.43936e+10 4.64387e+10 1.43387e+10 1.5479e+09 1.08595e+08 6.69762e+06 394019 21615.3 999.808
61.8142 1231.43 20800.4 324920 4.54783e+06 5.07144e+07 3.55992e+08 1.10068e+09 2.21884e+09 3.50707e+09 4.72987e+09 5.67528e+09 6.18827e+09 6.18827e+09 5.67528e+09 4.72987e+09 3.50707e+09 2.21884e+09 1.10068e+09 3.55992e+08 5.07144e+07 4.54783e+06 324920 20800.4 1231.43 61.8142
3.21534 59.9925 939.052 13236.8 159144 1.45503e+06 8.42579e+06 2.49585e+07 4.98604e+07 7.86686e+07 1.06078e+08 1.27299e+08 1.38822e+08 1.38822e+08 1.27299e+08 1.06078e+08 7.86686e+07 4.98604e+07 2.49585e+07 8.42579e+06 1.45503e+06 159144 13236.8 939.052 59.9925 3.21534
