0.00176269 0.0333503 0.534098 7.74548 95.7282 894.4 5257.58 15774.9 31991.3 51316.9 70294.3 85403.1 93766.9 93766.9 85403.1 70294.3 51316.9 31991.3 15774.9 5257.58 894.4 95.7282 7.74548 0.534098 0.0333503 0.00176269
0.0336935 0.676457 11.6376 187.322 2713.96 31134.8 222500 697323 1.42823e+06 2.2973e+06 3.15031e+06 3.82958e+06 4.20571e+06 4.20571e+06 3.82958e+06 3.15031e+06 2.2973e+06 1.42823e+06 697323 222500 31134.8 2713.96 187.322 11.6376 0.676457 0.0336935
0.545746 11.7902 216.448 3769.56 63719.9 945578 8.96278e+06 2.9444e+07 6.08584e+07 9.81248e+07 1.34694e+08 1.63826e+08 1.79962e+08 1.79962e+08 1.63826e+08 1.34694e+08 9.81248e+07 6.08584e+07 2.9444e+07 8.96278e+06 945578 63719.9 3769.56 216.448 11.7902 0.545746
7.99287 192.247 3831.45 69230.5 1.26028e+06 2.48729e+07 3.60842e+08 1.2423e+09 2.58702e+09 4.17916e+09 5.74166e+09 6.98698e+09 7.67702e+09 7.67702e+09 6.98698e+09 5.74166e+09 4.17916e+09 2.58702e+09 1.2423e+09 3.60842e+08 2.48729e+07 1.26028e+06 69230.5 3831.45 192.247 7.99287
99.5075 2813.31 65731.3 1.2876e+06 2.14945e+07 4.87775e+08 1.4593e+10 5.24434e+10 1.09813e+11 1.77659e+11 2.44273e+11 2.97395e+11 3.2684e+11 3.2684e+11 2.97395e+11 2.44273e+11 1.77659e+11 1.09813e+11 5.24434e+10 1.4593e+10 4.87775e+08 2.14945e+07 1.2876e+06 65731.2 2813.31 99.5075
934.449 32491.9 984895 2.58156e+07 5.02206e+08 7.12508e+09 7.15545e+11 2.6338e+12 5.51648e+12 8.9186e+12 1.22566e+13 1.49176e+13 1.63923e+13 1.63923e+13 1.49176e+13 1.22566e+13 8.9186e+12 5.51648e+12 2.6338e+12 7.15545e+11 7.12508e+09 5.02206e+08 2.58156e+07 984895 32491.9 934.449
5512.22 233278 9.39706e+06 3.78338e+08 1.53018e+10 7.46938e+11 6.82096e+13 2.40333e+14 4.93135e+14 7.87108e+14 1.0725e+15 1.29835e+15 1.42299e+15 1.42299e+15 1.29835e+15 1.0725e+15 7.87108e+14 4.93135e+14 2.40333e+14 6.82096e+13 7.46938e+11 1.53018e+10 3.78338e+08 9.39706e+06 233278 5512.22
16554.4 731877 3.09072e+07 1.30422e+09 5.50655e+10 2.75362e+12 2.41098e+14 8.46753e+14 1.73477e+15 2.76625e+15 3.7668e+15 4.55822e+15 4.99484e+15 4.99484e+15 4.55822e+15 3.7668e+15 2.76625e+15 1.73477e+15 8.46753e+14 2.41098e+14 2.75362e+12 5.50655e+10 1.30422e+09 3.09072e+07 731877 16554.4
33573.1 1.49906e+06 6.38859e+07 2.71613e+09 1.15311e+11 5.76842e+12 4.95277e+14 1.73682e+15 3.55573e+15 5.66734e+15 7.7149e+15 9.3341e+15 1.02273e+16 1.02273e+16 9.3341e+15 7.7149e+15 5.66734e+15 3.55573e+15 1.73682e+15 4.95277e+14 5.76842e+12 1.15311e+11 2.71613e+09 6.38859e+07 1.49906e+06 33573.1
53834.6 2.41034e+06 1.02968e+08 4.3861e+09 1.86484e+11 9.32318e+12 7.90912e+14 2.77092e+15 5.67028e+15 9.03502e+15 1.22969e+16 1.4876e+16 1.62985e+16 1.62985e+16 1.4876e+16 1.22969e+16 9.03502e+15 5.67028e+15 2.77092e+15 7.90912e+14 9.32318e+12 1.86484e+11 4.3861e+09 1.02968e+08 2.41034e+06 53834.6
73706.8 3.30366e+06 1.4127e+08 6.02282e+09 2.5627e+11 1.28065e+13 1.07785e+15 3.77385e+15 7.72036e+15 1.22993e+16 1.67374e+16 2.02461e+16 2.21813e+16 2.21813e+16 2.02461e+16 1.67374e+16 1.22993e+16 7.72036e+15 3.77385e+15 1.07785e+15 1.28065e+13 2.5627e+11 6.02282e+09 1.4127e+08 3.30366e+06 73706.8
89509.4 4.01418e+06 1.71744e+08 7.3256e+09 3.11848e+11 1.55798e+13 1.30483e+15 4.56686e+15 9.34099e+15 1.48793e+16 2.02468e+16 2.449e+16 2.68301e+16 2.68301e+16 2.449e+16 2.02468e+16 1.48793e+16 9.34099e+15 4.56686e+15 1.30483e+15 1.55798e+13 3.11848e+11 7.3256e+09 1.71744e+08 4.01418e+06 89509.4
98249.8 4.40726e+06 1.88608e+08 8.04681e+09 3.42625e+11 1.71152e+13 1.43005e+15 5.0042e+15 1.02347e+16 1.6302e+16 2.21818e+16 2.68298e+16 2.93931e+16 2.93931e+16 2.68298e+16 2.21818e+16 1.6302e+16 1.02347e+16 5.0042e+15 1.43005e+15 1.71152e+13 3.42625e+11 8.04681e+09 1.88608e+08 4.40726e+06 98249.8
98249.8 4.40726e+06 1.88608e+08 8.04681e+09 3.42625e+11 1.71152e+13 1.43005e+15 5.0042e+15 1.02347e+16 1.6302e+16 2.21818e+16 2.68298e+16 2.93931e+16 2.93931e+16 2.68298e+16 2.21818e+16 1.6302e+16 1.02347e+16 5.0042e+15 1.43005e+15 1.71152e+13 3.42625e+11 8.04681e+09 1.88608e+08 4.40726e+06 98249.8
89509.4 4.01418e+06 1.71744e+08 7.3256e+09 3.11848e+11 1.55798e+13 1.30483e+15 4.56686e+15 9.34099e+15 1.48793e+16 2.02468e+16 2.449e+16 2.68301e+16 2.68301e+16 2.449e+16 2.02468e+16 1.48793e+16 9.34099e+15 4.56686e+15 1.30483e+15 1.55798e+13 3.11848e+11 7.3256e+09 1.71744e+08 4.01418e+06 89509.4
73706.8 3.30366e+06 1.4127e+08 6.02282e+09 2.5627e+11 1.28065e+13 1.07785e+15 3.77385e+15 7.72036e+15 1.22993e+16 1.67374e+16 2.02461e+16 2.21813e+16 2.21813e+16 2.02461e+16 1.67374e+16 1.22993e+16 7.72036e+15 3.77385e+15 1.07785e+15 1.28065e+13 2.5627e+11 6.02282e+09 1.4127e+08 3.30366e+06 73706.8
53834.6 2.41034e+06 1.02968e+08 4.3861e+09 1.86484e+11 9.32318e+12 7.90912e+14 2.77092e+15 5.67028e+15 9.03502e+15 1.22969e+16 1.4876e+16 1.62985e+16 1.62985e+16 1.4876e+16 1.22969e+16 9.03502e+15 5.67028e+15 2.77092e+15 7.90912e+14 9.32318e+12 1.86484e+11 4.3861e+09 1.02968e+08 2.41034e+06 53834.6
33573.1 1.49906e+06 6.38859e+07 2.71613e+09 1.15311e+11 5.76842e+12 4.95277e+14 1.73682e+15 3.55573e+15 5.66734e+15 7.7149e+15 9.3341e+15 1.02273e+16 1.02273e+16 9.3341e+15 7.7149e+15 5.66734e+15 3.55573e+15 1.73682e+15 4.95277e+14 5.76842e+12 1.15311e+11 2.71613e+09 6.38859e+07 1.49906e+06 33573.1
16554.4 731877 3.09072e+07 1.30422e+09 5.50655e+10 2.75362e+12 2.41098e+14 8.46753e+14 1.73477e+15 2.76625e+15 3.7668e+15 4.55822e+15 4.99484e+15 4.99484e+15 4.55822e+15 3.7668e+15 2.76625e+15 1.73477e+15 8.46753e+14 2.41098e+14 2.75362e+12 5.50655e+10 1.30422e+09 3.09072e+07 731877 16554.4
5512.22 233278 9.39706e+06 3.78338e+08 1.53018e+10 7.46938e+11 6.82096e+13 2.40333e+14 4.93135e+14 7.87108e+14 1.0725e+15 1.29835e+15 1.42299e+15 1.42299e+15 1.29835e+15 1.0725e+15 7.87108e+14 4.93135e+14 2.40333e+14 6.82096e+13 7.46938e+11 1.53018e+10 3.78338e+08 9.39706e+06 233278 5512.22
934.449 32491.9 984894 2.58156e+07 5.02206e+08 7.12508e+09 7.15545e+11 2.6338e+12 5.51648e+12 8.9186e+12 1.22566e+13 1.49176e+13 1.63923e+13 1.63923e+13 1.49176e+13 1.22566e+13 8.9186e+12 5.51648e+12 2.6338e+12 7.15545e+11 7.12508e+09 5.02206e+08 2.58156e+07 984895 32491.9 934.449
99.5075 2813.31 65731.2 1.2876e+06 2.14945e+07 4.87775e+08 1.4593e+10 5.24434e+10 1.09813e+11 1.77659e+11 2.44273e+11 2.97395e+11 3.2684e+11 3.2684e+11 2.97395e+11 2.44273e+11 1.77659e+11 1.09813e+11 5.24434e+10 1.4593e+10 4.87775e+08 2.14945e+07 1.2876e+06 65731.2 2813.31 99.5075
7.99287 192.247 3831.45 69230.5 1.26028e+06 2.48729e+07 3.60842e+08 1.2423e+09 2.58702e+09 4.17916e+09 5.74166e+09 6.98698e+09 7.67702e+09 7.67702e+09 6.98698e+09 5.74166e+09 4.17916e+09 2.58702e+09 1.2423e+09 3.60842e+08 2.48729e+07 1.26028e+06 69230.5 3831.45 192.247 7.99287
0.545746 11.7902 216.448 3769.56 63719.9 945578 8.96278e+06 2.9444e+07 6.08584e+07 9.81248e+07 1.34694e+08 1.63826e+08 1.79962e+08 1.79962e+08 1.63826e+08 1.34694e+08 9.81248e+07 6.08584e+07 2.9444e+07 8.96278e+06 945578 63719.9 3769.56 216.448 11.7902 0.545746
0.0336935 0.676457 11.6376 187.322 2713.96 31134.8 222500 697323 1.42823e+06 2.2973e+06 3.15031e+06 3.82958e+06 4.20571e+06 4.20571e+06 3.82958e+06 3.15031e+06 2.2973e+06 1.42823e+06 697323 222500 31134.8 2713.96 187.322 11.6376 0.676457 0.0336935
0.00176269 0.0333503 0.534098 7.74548 95.7282 894.4 5257.58 15774.9 31991.3 51316.9 70294.3 85403.1 93766.9 93766.9 85403.1 70294.3 51316.9 31991.3 15774.9 5257.58 894.4 95.7282 7.74548 0.534098 0.0333503 0.00176269
