5.20582e-05 0.000980478 0.0156279 0.225605 2.77597 25.8212 151.063 450.59 907.885 1447.4 1972.66 2388.2 2617.37 2617.37 2388.2 1972.66 1447.4 907.885 450.59 151.063 25.8212 2.77597 0.225605 0.0156279 0.000980478 5.20582e-05
0.000990678 0.0197934 0.338844 5.42882 78.3064 894.456 6362.62 19817.9 40311 64418.7 87868.3 106420 116652 116652 106420 87868.3 64418.7 40311 19817.9 6362.62 894.456 78.3064 5.42882 0.338844 0.0197934 0.000990678
0.0159727 0.34334 6.27178 108.725 1830.06 27047.9 255294 833258 1.70969e+06 2.73769e+06 3.737e+06 4.52771e+06 4.96394e+06 4.96394e+06 4.52771e+06 3.737e+06 2.73769e+06 1.70969e+06 833258 255294 27047.9 1830.06 108.725 6.27178 0.34334 0.0159727
0.232896 5.57325 110.532 1988.44 36054.1 709010 1.0249e+07 3.50454e+07 7.24149e+07 1.16136e+08 1.58627e+08 1.92258e+08 2.10818e+08 2.10818e+08 1.92258e+08 1.58627e+08 1.16136e+08 7.24149e+07 3.50454e+07 1.0249e+07 709010 36054.1 1988.44 110.532 5.57325 0.232896
2.88689 81.2086 1888.55 36845.8 612904 1.38667e+07 4.13786e+08 1.47631e+09 3.06595e+09 4.9226e+09 6.72731e+09 8.15633e+09 8.94519e+09 8.94519e+09 8.15633e+09 6.72731e+09 4.9226e+09 3.06595e+09 1.47631e+09 4.13786e+08 1.38667e+07 612904 36845.8 1888.55 81.2086 2.88689
26.9916 933.935 28187.2 736242 1.42824e+07 2.02154e+08 2.02788e+10 7.40843e+10 1.53864e+11 2.4684e+11 3.37148e+11 4.08632e+11 4.48085e+11 4.48085e+11 4.08632e+11 3.37148e+11 2.4684e+11 1.53864e+11 7.40843e+10 2.02788e+10 2.02154e+08 1.42824e+07 736242 28187.2 933.935 26.9916
158.469 6674.73 267827 1.07529e+07 4.34176e+08 2.11836e+10 1.93193e+12 6.76911e+12 1.37997e+13 2.18927e+13 2.96832e+13 3.58111e+13 3.91805e+13 3.91805e+13 3.58111e+13 2.96832e+13 2.18927e+13 1.37997e+13 6.76911e+12 1.93193e+12 2.11836e+10 4.34176e+08 1.07529e+07 267827 6674.73 158.469
473.117 20811.5 875167 3.68138e+07 1.55105e+09 7.75024e+10 6.78988e+12 2.37216e+13 4.82976e+13 7.6562e+13 1.03753e+14 1.25132e+14 1.36884e+14 1.36884e+14 1.25132e+14 1.03753e+14 7.6562e+13 4.82976e+13 2.37216e+13 6.78987e+12 7.75024e+10 1.55105e+09 3.68138e+07 875167 20811.5 473.117
953.274 42332.4 1.7957e+06 7.60697e+07 3.22119e+09 1.60977e+11 1.38562e+13 4.83479e+13 9.83827e+13 1.55905e+14 2.11229e+14 2.54719e+14 2.78623e+14 2.78623e+14 2.54719e+14 2.11229e+14 1.55905e+14 9.83827e+13 4.83479e+13 1.38562e+13 1.60977e+11 3.22119e+09 7.60697e+07 1.7957e+06 42332.4 953.274
1519.21 67624.1 2.87434e+06 1.21951e+08 5.16984e+09 2.58168e+11 2.19909e+13 7.66734e+13 1.55971e+14 2.47114e+14 3.3476e+14 4.03649e+14 4.41512e+14 4.41512e+14 4.03649e+14 3.3476e+14 2.47114e+14 1.55971e+14 7.66734e+13 2.19909e+13 2.58168e+11 5.16983e+09 1.21951e+08 2.87434e+06 67624.1 1519.21
2069.56 92196.2 3.92159e+06 1.66485e+08 7.06154e+09 3.52457e+11 2.98196e+13 1.03918e+14 2.11346e+14 3.34805e+14 4.53513e+14 5.46812e+14 5.98088e+14 5.98088e+14 5.46812e+14 4.53513e+14 3.34805e+14 2.11346e+14 1.03918e+14 2.98196e+13 3.52457e+11 7.06154e+09 1.66485e+08 3.92159e+06 92196.2 2069.56
2504.48 111614 4.74928e+06 2.01693e+08 8.55765e+09 4.27005e+11 3.59752e+13 1.2533e+14 2.54863e+14 4.0371e+14 5.46819e+14 6.5929e+14 7.21101e+14 7.21101e+14 6.5929e+14 5.46819e+14 4.0371e+14 2.54863e+14 1.2533e+14 3.59752e+13 4.27005e+11 8.55765e+09 2.01693e+08 4.74928e+06 111614 2504.48
2744.14 122316 5.20555e+06 2.21106e+08 9.38283e+09 4.68116e+11 3.93587e+13 1.37098e+14 2.78774e+14 4.4157e+14 5.98085e+14 7.21089e+14 7.88687e+14 7.88687e+14 7.21089e+14 5.98085e+14 4.4157e+14 2.78774e+14 1.37098e+14 3.93587e+13 4.68116e+11 9.38283e+09 2.21106e+08 5.20555e+06 122316 2744.14
2744.14 122316 5.20555e+06 2.21106e+08 9.38283e+09 4.68116e+11 3.93587e+13 1.37098e+14 2.78774e+14 4.4157e+14 5.98085e+14 7.21089e+14 7.88687e+14 7.88687e+14 7.21089e+14 5.98085e+14 4.4157e+14 2.78774e+14 1.37098e+14 3.93587e+13 4.68116e+11 9.38283e+09 2.21106e+08 5.20555e+06 122316 2744.14
2504.48 111614 4.74928e+06 2.01693e+08 8.55765e+09 4.27005e+11 3.59752e+13 1.2533e+14 2.54863e+14 4.0371e+14 5.46819e+14 6.5929e+14 7.21101e+14 7.21101e+14 6.5929e+14 5.46819e+14 4.0371e+14 2.54863e+14 1.2533e+14 3.59752e+13 4.27005e+11 8.55765e+09 2.01693e+08 4.74928e+06 111614 2504.48
2069.56 92196.2 3.92159e+06 1.66485e+08 7.06154e+09 3.52457e+11 2.98196e+13 1.03918e+14 2.11346e+14 3.34805e+14 4.53513e+14 5.46812e+14 5.98088e+14 5.98088e+14 5.46812e+14 4.53513e+14 3.34805e+14 2.11346e+14 1.03918e+14 2.98196e+13 3.52457e+11 7.06154e+09 1.66485e+08 3.92159e+06 92196.2 2069.56
1519.21 67624.1 2.87434e+06 1.21951e+08 5.16983e+09 2.58168e+11 2.19909e+13 7.66734e+13 1.55971e+14 2.47114e+14 3.3476e+14 4.03649e+14 4.41512e+14 4.41512e+14 4.03649e+14 3.3476e+14 2.47114e+14 1.55971e+14 7.66734e+13 2.19909e+13 2.58168e+11 5.16984e+09 1.21951e+08 2.87434e+06 67624.1 1519.21
953.274 42332.4 1.7957e+06 7.60697e+07 3.22119e+09 1.60977e+11 1.38562e+13 4.83479e+13 9.83827e+13 1.55905e+14 2.11229e+14 2.54719e+14 2.78623e+14 2.78623e+14 2.54719e+14 2.11229e+14 1.55905e+14 9.83827e+13 4.83479e+13 1.38562e+13 1.60977e+11 3.22119e+09 7.60697e+07 1.7957e+06 42332.4 953.274
473.117 20811.5 875167 3.68138e+07 1.55105e+09 7.75024e+10 6.78987e+12 2.37216e+13 4.82976e+13 7.6562e+13 1.03753e+14 1.25132e+14 1.36884e+14 1.36884e+14 1.25132e+14 1.03753e+14 7.6562e+13 4.82976e+13 2.37216e+13 6.78988e+12 7.75024e+10 1.55105e+09 3.68138e+07 875167 20811.5 473.117
158.469 6674.73 267827 1.07529e+07 4.34176e+08 2.11836e+10 1.93193e+12 6.76911e+12 1.37997e+13 2.18927e+13 2.96832e+13 3.58111e+13 3.91805e+13 3.91805e+13 3.58111e+13 2.96832e+13 2.18927e+13 1.37997e+13 6.76911e+12 1.93193e+12 2.11836e+10 4.34176e+08 1.07529e+07 267827 6674.73 158.469
26.9916 933.935 28187.2 736242 1.42824e+07 2.02154e+08 2.02788e+10 7.40843e+10 1.53864e+11 2.4684e+11 3.37148e+11 4.08632e+11 4.48085e+11 4.48085e+11 4.08632e+11 3.37148e+11 2.4684e+11 1.53864e+11 7.40843e+10 2.02788e+10 2.02154e+08 1.42824e+07 736242 28187.2 933.935 26.9916
2.88689 81.2086 1888.55 36845.8 612904 1.38667e+07 4.13786e+08 1.47631e+09 3.06595e+09 4.9226e+09 6.72731e+09 8.15633e+09 8.94519e+09 8.94519e+09 8.15633e+09 6.72731e+09 4.9226e+09 3.06595e+09 1.47631e+09 4.13786e+08 1.38667e+07 612904 36845.8 1888.55 81.2086 2.88689
0.232896 5.57325 110.532 1988.44 36054.1 709010 1.0249e+07 3.50454e+07 7.24149e+07 1.16136e+08 1.58627e+08 1.92258e+08 2.10818e+08 2.10818e+08 1.92258e+08 1.58627e+08 1.16136e+08 7.24149e+07 3.50454e+07 1.0249e+07 709010 36054.1 1988.44 110.532 5.57325 0.232896
0.0159727 0.34334 6.27178 108.725 1830.06 27047.9 255294 833258 1.70969e+06 2.73769e+06 3.737e+06 4.52771e+06 4.96394e+06 4.96394e+06 4.52771e+06 3.737e+06 2.73769e+06 1.70969e+06 833258 255294 27047.9 1830.06 108.725 6.27178 0.34334 0.0159727
0.000990678 0.0197934 0.338844 5.42882 78.3064 894.456 6362.62 19817.9 40311 64418.7 87868.3 106420 116652 116652 106420 87868.3 64418.7 40311 19817.9 6362.62 894.456 78.3064 5.42882 0.338844 0.0197934 0.000990678
5.20582e-05 0.000980477 0.0156279 0.225605 2.77597 25.8212 151.063 450.59 907.885 1447.4 1972.66 2388.2 2617.37 2617.37 2388.2 1972.66 1447.4 907.885 450.59 151.063 25.8212 2.77597 0.225605 0.0156279 0.000980478 5.20582e-05
