8.13471e-07 1.52987e-05 0.00024346 0.00350904 0.0431106 0.400395 2.33872 6.96213 13.997 22.2677 30.2954 36.6321 40.1219 40.1219 36.6321 30.2954 22.2677 13.997 6.96213 2.33872 0.400395 0.0431106 0.00350904 0.00024346 1.52987e-05 8.13471e-07
1.54607e-05 0.000308435 0.00527161 0.0843228 1.21437 13.8501 98.3672 305.751 620.461 989.306 1346.94 1629.21 1784.68 1784.68 1629.21 1346.94 989.306 620.461 305.751 98.3672 13.8501 1.21437 0.0843228 0.00527161 0.000308435 1.54607e-05
0.000248927 0.00534284 0.0974462 1.68664 28.3445 418.297 3942.33 12839.3 26278.3 41979.2 57191.1 69198.3 75813.2 75813.2 69198.3 57191.1 41979.2 26278.3 12839.3 3942.33 418.297 28.3445 1.68664 0.0974462 0.00534284 0.000248927
0.00362446 0.0866076 1.71521 30.8135 557.875 10954.2 158137 539488 1.11181e+06 1.77862e+06 2.42443e+06 2.9343e+06 3.21526e+06 3.21526e+06 2.9343e+06 2.42443e+06 1.77862e+06 1.11181e+06 539488 158137 10954.2 557.875 30.8135 1.71521 0.0866076 0.00362446
0.0448628 1.26018 29.2676 570.377 9477.66 214102 6.38132e+06 2.27118e+07 4.7035e+07 7.53202e+07 1.02715e+08 1.24352e+08 1.36279e+08 1.36279e+08 1.24352e+08 1.02715e+08 7.53202e+07 4.7035e+07 2.27118e+07 6.38132e+06 214102 9477.66 570.377 29.2676 1.26018 0.0448628
0.418838 14.4715 436.224 11383 220684 3.12216e+06 3.12713e+08 1.13954e+09 2.35988e+09 3.77579e+09 5.14612e+09 6.22803e+09 6.82426e+09 6.82426e+09 6.22803e+09 5.14612e+09 3.77579e+09 2.35988e+09 1.13954e+09 3.12713e+08 3.12216e+06 220684 11383 436.224 14.4715 0.418838
2.45516 103.266 4138.78 166026 6.7004e+06 3.26842e+08 2.97868e+10 1.04172e+11 2.11903e+11 3.35475e+11 4.54077e+11 5.47164e+11 5.9828e+11 5.9828e+11 5.47164e+11 4.54077e+11 3.35475e+11 2.11903e+11 1.04172e+11 2.97868e+10 3.26842e+08 6.7004e+06 166026 4138.78 103.266 2.45516
7.31588 321.327 13495.3 567132 2.38792e+07 1.19281e+09 1.04494e+11 3.64421e+11 7.40399e+11 1.17132e+12 1.58466e+12 1.90895e+12 2.08698e+12 2.08698e+12 1.90895e+12 1.58466e+12 1.17132e+12 7.40399e+11 3.64421e+11 1.04494e+11 1.19281e+09 2.38792e+07 567132 13495.3 321.327 7.31588
14.7095 652.134 27623.7 1.16889e+06 4.94572e+07 2.47064e+09 2.12781e+11 7.41189e+11 1.50513e+12 2.3804e+12 3.21979e+12 3.87822e+12 4.23966e+12 4.23966e+12 3.87822e+12 3.21979e+12 2.3804e+12 1.50513e+12 7.41189e+11 2.12781e+11 2.47064e+09 4.94572e+07 1.16889e+06 27623.7 652.134 14.7095
23.3956 1039.55 44117.2 1.86946e+06 7.91781e+07 3.9522e+09 3.37014e+11 1.17311e+12 2.38151e+12 3.76576e+12 5.09307e+12 6.13414e+12 6.70558e+12 6.70558e+12 6.13414e+12 5.09307e+12 3.76576e+12 2.38151e+12 1.17311e+12 3.37014e+11 3.9522e+09 7.91781e+07 1.86946e+06 44117.2 1039.55 23.3956
31.8188 1414.84 60081.9 2.5473e+06 1.07936e+08 5.38478e+09 4.56237e+11 1.58738e+12 3.2219e+12 5.09406e+12 6.88903e+12 8.29681e+12 9.06953e+12 9.06953e+12 8.29681e+12 6.88903e+12 5.09406e+12 3.2219e+12 1.58738e+12 4.56237e+11 5.38478e+09 1.07936e+08 2.5473e+06 60081.9 1414.84 31.8188
38.462 1710.79 72672.2 3.08199e+06 1.30627e+08 6.51485e+09 5.49791e+11 1.91233e+12 3.88101e+12 6.13571e+12 8.29735e+12 9.99263e+12 1.09231e+13 1.09231e+13 9.99263e+12 8.29735e+12 6.13571e+12 3.88101e+12 1.91233e+12 5.49791e+11 6.51485e+09 1.30627e+08 3.08199e+06 72672.2 1710.79 38.462
42.1185 1873.7 79603.9 3.37643e+06 1.43127e+08 7.13723e+09 6.01153e+11 2.0907e+12 4.24275e+12 6.70739e+12 9.07023e+12 1.09233e+13 1.19403e+13 1.19403e+13 1.09233e+13 9.07023e+12 6.70739e+12 4.24275e+12 2.0907e+12 6.01153e+11 7.13723e+09 1.43127e+08 3.37643e+06 79603.9 1873.7 42.1185
42.1185 1873.7 79603.9 3.37643e+06 1.43127e+08 7.13723e+09 6.01153e+11 2.0907e+12 4.24275e+12 6.70739e+12 9.07023e+12 1.09233e+13 1.19403e+13 1.19403e+13 1.09233e+13 9.07023e+12 6.70739e+12 4.24275e+12 2.0907e+12 6.01153e+11 7.13723e+09 1.43127e+08 3.37643e+06 79603.9 1873.7 42.1185
38.462 1710.79 72672.2 3.08199e+06 1.30627e+08 6.51485e+09 5.49791e+11 1.91233e+12 3.88101e+12 6.13571e+12 8.29735e+12 9.99263e+12 1.09231e+13 1.09231e+13 9.99263e+12 8.29735e+12 6.13571e+12 3.88101e+12 1.91233e+12 5.49791e+11 6.51485e+09 1.30627e+08 3.08199e+06 72672.2 1710.79 38.462
31.8188 1414.84 60081.9 2.5473e+06 1.07936e+08 5.38478e+09 4.56237e+11 1.58738e+12 3.2219e+12 5.09406e+12 6.88903e+12 8.29681e+12 9.06953e+12 9.06953e+12 8.29681e+12 6.88903e+12 5.09406e+12 3.2219e+12 1.58738e+12 4.56237e+11 5.38478e+09 1.07936e+08 2.5473e+06 60081.9 1414.84 31.8188
23.3956 1039.55 44117.2 1.86946e+06 7.91781e+07 3.9522e+09 3.37014e+11 1.17311e+12 2.38151e+12 3.76576e+12 5.09307e+12 6.13414e+12 6.70558e+12 6.70558e+12 6.13414e+12 5.09307e+12 3.76576e+12 2.38151e+12 1.17311e+12 3.37014e+11 3.9522e+09 7.91781e+07 1.86946e+06 44117.2 1039.55 23.3956
14.7095 652.134 27623.7 1.16889e+06 4.94572e+07 2.47064e+09 2.12781e+11 7.41189e+11 1.50513e+12 2.3804e+12 3.21979e+12 3.87822e+12 4.23966e+12 4.23966e+12 3.87822e+12 3.21979e+12 2.3804e+12 1.50513e+12 7.41189e+11 2.12781e+11 2.47064e+09 4.94572e+07 1.16889e+06 27623.7 652.134 14.7095
7.31588 321.327 13495.3 567132 2.38792e+07 1.19281e+09 1.04494e+11 3.64421e+11 7.40399e+11 1.17132e+12 1.58466e+12 1.90895e+12 2.08698e+12 2.08698e+12 1.90895e+12 1.58466e+12 1.17132e+12 7.40399e+11 3.64421e+11 1.04494e+11 1.19281e+09 2.38792e+07 567132 13495.3 321.327 7.31588
2.45516 103.266 4138.78 166026 6.7004e+06 3.26842e+08 2.97868e+10 1.04172e+11 2.11903e+11 3.35475e+11 4.54077e+11 5.47164e+11 5.9828e+11 5.9828e+11 5.47164e+11 4.54077e+11 3.35475e+11 2.11903e+11 1.04172e+11 2.97868e+10 3.26842e+08 6.7004e+06 166026 4138.78 103.266 2.45516
0.418838 14.4715 436.224 11383 220684 3.12216e+06 3.12713e+08 1.13954e+09 2.35988e+09 3.77579e+09 5.14612e+09 6.22803e+09 6.82426e+09 6.82426e+09 6.22803e+09 5.14612e+09 3.77579e+09 2.35988e+09 1.13954e+09 3.12713e+08 3.12216e+06 220684 11383 436.224 14.4715 0.418838
0.0448628 1.26018 29.2676 570.377 9477.66 214102 6.38132e+06 2.27118e+07 4.7035e+07 7.53202e+07 1.02715e+08 1.24352e+08 1.36279e+08 1.36279e+08 1.24352e+08 1.02715e+08 7.53202e+07 4.7035e+07 2.27118e+07 6.38132e+06 214102 9477.66 570.377 29.2676 1.26018 0.0448628
0.00362446 0.0866076 1.71521 30.8135 557.875 10954.2 158137 539488 1.11181e+06 1.77862e+06 2.42443e+06 2.9343e+06 3.21526e+06 3.21526e+06 2.9343e+06 2.42443e+06 1.77862e+06 1.11181e+06 539488 158137 10954.2 557.875 30.8135 1.71521 0.0866076 0.00362446
0.000248927 0.00534284 0.0974462 1.68664 28.3445 418.297 3942.33 12839.3 26278.3 41979.2 57191.1 69198.3 75813.2 75813.2 69198.3 57191.1 41979.2 26278.3 12839.3 3942.33 418.297 28.3445 1.68664 0.0974462 0.00534284 0.000248927
1.54607e-05 0.000308435 0.00527161 0.0843228 1.21437 13.8501 98.3672 305.751 620.461 989.306 1346.94 1629.21 1784.68 1784.68 1629.21 1346.94 989.306 620.461 305.751 98.3672 13.8501 1.21437 0.0843228 0.00527161 0.000308435 1.54607e-05
8.13471e-07 1.52987e-05 0.00024346 0.00350904 0.0431106 0.400395 2.33872 6.96213 13.997 22.2677 30.2954 36.6321 40.1219 40.1219 36.6321 30.2954 22.2677 13.997 6.96213 2.33872 0.400395 0.0431106 0.00350904 0.00024346 1.52987e-05 8.1347e-07
