0.881931 16.6827 265.405 3808.35 46562.6 431300 2.51751e+06 7.47952e+06 1.49636e+07 2.36251e+07 3.18627e+07 3.82345e+07 4.16916e+07 4.16916e+07 3.82345e+07 3.18627e+07 2.36251e+07 1.49636e+07 7.47952e+06 2.51751e+06 431300 46562.6 3808.35 265.405 16.6827 0.88193
17.0197 343.564 5891.17 93784.1 1.33968e+06 1.51886e+07 1.07656e+08 3.34027e+08 6.74664e+08 1.06754e+09 1.44049e+09 1.72866e+09 1.88492e+09 1.88492e+09 1.72866e+09 1.44049e+09 1.06754e+09 6.74664e+08 3.34027e+08 1.07656e+08 1.51886e+07 1.33968e+06 93784.1 5891.17 343.564 17.0197
276.766 6044.35 111294 1.92271e+06 3.1928e+07 4.65537e+08 4.367e+09 1.41992e+10 2.89293e+10 4.58555e+10 6.18942e+10 7.42739e+10 8.09822e+10 8.09822e+10 7.42739e+10 6.18942e+10 4.58555e+10 2.89293e+10 1.41992e+10 4.367e+09 4.65537e+08 3.1928e+07 1.92271e+06 111294 6044.35 276.766
4043.72 98656 1.98654e+06 3.59744e+07 6.44581e+08 1.23681e+10 1.76739e+11 6.02091e+11 1.23531e+12 1.96046e+12 2.64652e+12 3.17552e+12 3.46198e+12 3.46198e+12 3.17552e+12 2.64652e+12 1.96046e+12 1.23531e+12 6.02091e+11 1.76739e+11 1.23681e+10 6.44581e+08 3.59744e+07 1.98654e+06 98656 4043.72
49995.4 1.43383e+06 3.39419e+07 6.74107e+08 1.13298e+10 2.46884e+11 7.1781e+12 2.552e+13 5.26224e+13 8.35751e+13 1.12822e+14 1.35352e+14 1.47542e+14 1.47542e+14 1.35352e+14 1.12822e+14 8.35751e+13 5.26223e+13 2.552e+13 7.1781e+12 2.46884e+11 1.13298e+10 6.74107e+08 3.39419e+07 1.43383e+06 49995.4
465357 1.6381e+07 5.01737e+08 1.33132e+10 2.64992e+11 3.86644e+12 3.54868e+14 1.29232e+15 2.66631e+15 4.23303e+15 5.71313e+15 6.85336e+15 7.4704e+15 7.4704e+15 6.85336e+15 5.71313e+15 4.23303e+15 2.66631e+15 1.29232e+15 3.54868e+14 3.86644e+12 2.64992e+11 1.33132e+10 5.01737e+08 1.6381e+07 465357
2.71912e+06 1.16281e+08 4.71708e+09 1.9092e+11 7.75475e+12 3.77607e+14 3.3829e+16 1.18558e+17 2.41272e+17 3.81179e+17 5.14043e+17 6.17118e+17 6.73218e+17 6.73218e+17 6.17118e+17 5.14043e+17 3.81179e+17 2.41272e+17 1.18558e+17 3.3829e+16 3.77607e+14 7.75475e+12 1.9092e+11 4.71708e+09 1.16281e+08 2.71912e+06
8.07506e+06 3.60644e+08 1.53318e+10 6.50169e+11 2.75603e+13 1.37644e+15 1.18978e+17 4.15839e+17 8.45321e+17 1.3348e+18 1.79967e+18 2.1604e+18 2.35678e+18 2.35678e+18 2.1604e+18 1.79967e+18 1.3348e+18 8.45321e+17 4.15839e+17 1.18978e+17 1.37644e+15 2.75603e+13 6.50169e+11 1.53318e+10 3.60644e+08 8.07506e+06
1.61388e+07 7.27678e+08 3.1204e+10 1.33252e+12 5.67668e+13 2.83784e+15 2.42276e+17 8.45868e+17 1.71851e+18 2.71259e+18 3.6564e+18 4.38862e+18 4.7872e+18 4.7872e+18 4.38862e+18 3.6564e+18 2.71259e+18 1.71851e+18 8.45868e+17 2.42276e+17 2.83784e+15 5.67668e+13 1.33252e+12 3.1204e+10 7.27678e+08 1.61388e+07
2.5448e+07 1.14991e+09 4.93937e+10 2.11176e+12 9.00264e+13 4.49949e+15 3.82611e+17 1.33519e+18 2.71165e+18 4.27887e+18 5.76617e+18 6.91966e+18 7.54742e+18 7.54742e+18 6.91966e+18 5.76617e+18 4.27887e+18 2.71165e+18 1.33519e+18 3.82611e+17 4.49949e+15 9.00264e+13 2.11176e+12 4.93937e+10 1.14991e+09 2.5448e+07
3.42766e+07 1.54954e+09 6.65772e+10 2.84664e+12 1.21349e+14 6.06394e+15 5.15564e+17 1.79883e+18 3.65242e+18 5.76194e+18 7.763e+18 9.31438e+18 1.01585e+19 1.01585e+19 9.31438e+18 7.763e+18 5.76194e+18 3.65242e+18 1.79883e+18 5.15564e+17 6.06394e+15 1.21349e+14 2.84664e+12 6.65772e+10 1.54954e+09 3.42766e+07
4.10876e+07 1.8575e+09 7.98027e+10 3.41161e+12 1.45402e+14 7.26524e+15 6.1846e+17 2.15778e+18 4.38064e+18 6.90956e+18 9.30762e+18 1.11662e+19 1.21773e+19 1.21773e+19 1.11662e+19 9.30762e+18 6.90956e+18 4.38064e+18 2.15778e+18 6.1846e+17 7.26524e+15 1.45402e+14 3.41161e+12 7.98027e+10 1.8575e+09 4.10876e+07
4.47763e+07 2.02417e+09 8.69548e+10 3.71689e+12 1.58389e+14 7.9138e+15 6.74365e+17 2.35286e+18 4.77638e+18 7.53308e+18 1.01467e+19 1.2172e+19 1.32736e+19 1.32736e+19 1.2172e+19 1.01467e+19 7.53308e+18 4.77638e+18 2.35286e+18 6.74365e+17 7.9138e+15 1.58389e+14 3.71689e+12 8.69548e+10 2.02417e+09 4.47763e+07
4.47763e+07 2.02417e+09 8.69548e+10 3.71689e+12 1.58389e+14 7.9138e+15 6.74365e+17 2.35286e+18 4.77638e+18 7.53308e+18 1.01467e+19 1.2172e+19 1.32736e+19 1.32736e+19 1.2172e+19 1.01467e+19 7.53308e+18 4.77638e+18 2.35286e+18 6.74365e+17 7.9138e+15 1.58389e+14 3.71689e+12 8.69548e+10 2.02417e+09 4.47763e+07
4.10876e+07 1.8575e+09 7.98027e+10 3.41161e+12 1.45402e+14 7.26524e+15 6.1846e+17 2.15778e+18 4.38064e+18 6.90956e+18 9.30762e+18 1.11662e+19 1.21773e+19 1.21773e+19 1.11662e+19 9.30762e+18 6.90956e+18 4.38064e+18 2.15778e+18 6.1846e+17 7.26524e+15 1.45402e+14 3.41161e+12 7.98027e+10 1.8575e+09 4.10876e+07
3.42766e+07 1.54954e+09 6.65772e+10 2.84664e+12 1.21349e+14 6.06394e+15 5.15564e+17 1.79883e+18 3.65242e+18 5.76194e+18 7.763e+18 9.31438e+18 1.01585e+19 1.01585e+19 9.31438e+18 7.763e+18 5.76194e+18 3.65242e+18 1.79883e+18 5.15564e+17 6.06394e+15 1.21349e+14 2.84664e+12 6.65772e+10 1.54954e+09 3.42766e+07
2.5448e+07 1.14991e+09 4.93937e+10 2.11176e+12 9.00264e+13 4.49949e+15 3.82611e+17 1.33519e+18 2.71165e+18 4.27887e+18 5.76617e+18 6.91966e+18 7.54742e+18 7.54742e+18 6.91966e+18 5.76617e+18 4.27887e+18 2.71165e+18 1.33519e+18 3.82611e+17 4.49949e+15 9.00264e+13 2.11176e+12 4.93937e+10 1.14991e+09 2.5448e+07
1.61388e+07 7.27678e+08 3.1204e+10 1.33252e+12 5.67668e+13 2.83784e+15 2.42276e+17 8.45868e+17 1.71851e+18 2.71259e+18 3.6564e+18 4.38862e+18 4.7872e+18 4.7872e+18 4.38862e+18 3.6564e+18 2.71259e+18 1.71851e+18 8.45867e+17 2.42276e+17 2.83784e+15 5.67668e+13 1.33252e+12 3.1204e+10 7.27678e+08 1.61388e+07
8.07506e+06 3.60644e+08 1.53318e+10 6.50169e+11 2.75603e+13 1.37644e+15 1.18978e+17 4.15839e+17 8.45321e+17 1.3348e+18 1.79967e+18 2.1604e+18 2.35678e+18 2.35678e+18 2.1604e+18 1.79967e+18 1.3348e+18 8.45321e+17 4.15839e+17 1.18978e+17 1.37644e+15 2.75603e+13 6.50169e+11 1.53318e+10 3.60644e+08 8.07506e+06
2.71912e+06 1.16281e+08 4.71708e+09 1.9092e+11 7.75475e+12 3.77607e+14 3.3829e+16 1.18558e+17 2.41272e+17 3.81179e+17 5.14043e+17 6.17118e+17 6.73218e+17 6.73218e+17 6.17118e+17 5.14043e+17 3.81179e+17 2.41272e+17 1.18558e+17 3.3829e+16 3.77607e+14 7.75475e+12 1.9092e+11 4.71708e+09 1.16281e+08 2.71912e+06
465357 1.6381e+07 5.01737e+08 1.33132e+10 2.64992e+11 3.86644e+12 3.54868e+14 1.29232e+15 2.66631e+15 4.23303e+15 5.71313e+15 6.85336e+15 7.4704e+15 7.4704e+15 6.85336e+15 5.71313e+15 4.23303e+15 2.66631e+15 1.29232e+15 3.54868e+14 3.86644e+12 2.64992e+11 1.33132e+10 5.01737e+08 1.6381e+07 465357
49995.4 1.43383e+06 3.39419e+07 6.74107e+08 1.13298e+10 2.46884e+11 7.1781e+12 2.552e+13 5.26223e+13 8.35751e+13 1.12822e+14 1.35352e+14 1.47542e+14 1.47542e+14 1.35352e+14 1.12822e+14 8.35751e+13 5.26224e+13 2.552e+13 7.1781e+12 2.46884e+11 1.13298e+10 6.74107e+08 3.39419e+07 1.43383e+06 49995.4
4043.72 98656 1.98654e+06 3.59744e+07 6.44581e+08 1.23681e+10 1.76739e+11 6.02091e+11 1.23531e+12 1.96046e+12 2.64652e+12 3.17552e+12 3.46198e+12 3.46198e+12 3.17552e+12 2.64652e+12 1.96046e+12 1.23531e+12 6.02091e+11 1.76739e+11 1.23681e+10 6.44581e+08 3.59744e+07 1.98654e+06 98656 4043.72
276.766 6044.35 111294 1.92271e+06 3.1928e+07 4.65537e+08 4.367e+09 1.41992e+10 2.89293e+10 4.58555e+10 6.18942e+10 7.42739e+10 8.09822e+10 8.09822e+10 7.42739e+10 6.18942e+10 4.58555e+10 2.89293e+10 1.41992e+10 4.367e+09 4.65537e+08 3.1928e+07 1.92271e+06 111294 6044.35 276.766
17.0196 343.564 5891.17 93784.1 1.33968e+06 1.51886e+07 1.07656e+08 3.34027e+08 6.74664e+08 1.06754e+09 1.44049e+09 1.72866e+09 1.88492e+09 1.88492e+09 1.72866e+09 1.44049e+09 1.06754e+09 6.74664e+08 3.34027e+08 1.07656e+08 1.51886e+07 1.33968e+06 93784.1 5891.17 343.564 17.0196
0.88193 16.6827 265.405 3808.35 46562.6 431300 2.51751e+06 7.47952e+06 1.49636e+07 2.36251e+07 3.18627e+07 3.82345e+07 4.16916e+07 4.16916e+07 3.82345e+07 3.18627e+07 2.36251e+07 1.49636e+07 7.47952e+06 2.51751e+06 431300 46562.6 3808.35 265.405 16.6827 0.88193
