0.000421258 0.0079098 0.125401 1.79833 21.9911 203.621 1187.81 3534.8 7103.17 11290.8 15344.7 18535.9 20289.7 20289.7 18535.9 15344.7 11290.8 7103.17 3534.8 1187.81 203.621 21.9911 1.79833 0.125401 0.0079098 0.000421258
0.0080381 0.160386 2.73412 43.4937 622.396 7065.72 50084.2 155629 315695 502955 684028 826533 904854 904854 826533 684028 502955 315695 155629 50084.2 7065.72 622.396 43.4937 2.73412 0.160386 0.00803811
0.129704 2.79099 50.9154 877.417 14621.2 214137 2.01163e+06 6.54974e+06 1.34011e+07 2.1391e+07 2.911e+07 3.51843e+07 3.85231e+07 3.85231e+07 3.51843e+07 2.911e+07 2.1391e+07 1.34011e+07 6.54974e+06 2.01163e+06 214137 14621.2 877.417 50.9154 2.79099 0.129704
1.88768 45.2996 900.564 16184.9 290658 5.6322e+06 8.083e+07 2.75693e+08 5.6802e+08 9.07977e+08 1.23624e+09 1.49457e+09 1.63658e+09 1.63658e+09 1.49457e+09 1.23624e+09 9.07977e+08 5.6802e+08 2.75693e+08 8.083e+07 5.6322e+06 290658 16184.9 900.564 45.2996 1.88768
23.3085 657.622 15354.9 301088 5.01577e+06 1.10997e+08 3.26576e+09 1.16216e+10 2.40633e+10 3.85035e+10 5.24449e+10 6.34185e+10 6.94515e+10 6.94515e+10 6.34185e+10 5.24449e+10 3.85035e+10 2.40633e+10 1.16216e+10 3.26576e+09 1.10997e+08 5.01577e+06 301088 15354.9 657.622 23.3085
216.949 7522 227655 5.97298e+06 1.17059e+08 1.6764e+09 1.60545e+11 5.8492e+11 1.21119e+12 1.93648e+12 2.63624e+12 3.18687e+12 3.48954e+12 3.48954e+12 3.18687e+12 2.63624e+12 1.93648e+12 1.21119e+12 5.8492e+11 1.60545e+11 1.6764e+09 1.17059e+08 5.97298e+06 227655 7522 216.949
1268.64 53491.9 2.1485e+06 8.63313e+07 3.48823e+09 1.69743e+11 1.53134e+13 5.35801e+13 1.09054e+14 1.72685e+14 2.33702e+14 2.81532e+14 3.07768e+14 3.07768e+14 2.81532e+14 2.33702e+14 1.72685e+14 1.09054e+14 5.35801e+13 1.53134e+13 1.69743e+11 3.48823e+09 8.63313e+07 2.1485e+06 53491.9 1268.64
3777.11 166308 6.99962e+06 2.94652e+08 1.24218e+10 6.19338e+11 5.37753e+13 1.87636e+14 3.81457e+14 6.03627e+14 8.16583e+14 9.83469e+14 1.075e+15 1.075e+15 9.83469e+14 8.16583e+14 6.03627e+14 3.81457e+14 1.87636e+14 5.37753e+13 6.19338e+11 1.24218e+10 2.94652e+08 6.99962e+06 166308 3777.11
7588.58 337288 1.43186e+07 6.06955e+08 2.57145e+10 1.28254e+12 1.09582e+14 3.81919e+14 7.7605e+14 1.2277e+15 1.66054e+15 1.99971e+15 2.18573e+15 2.18573e+15 1.99971e+15 1.66054e+15 1.2277e+15 7.7605e+14 3.81919e+14 1.09582e+14 1.28254e+12 2.57145e+10 6.06955e+08 1.43186e+07 337288 7588.58
12056.9 537105 2.28446e+07 9.69733e+08 4.11247e+10 2.04985e+12 1.73598e+14 6.04639e+14 1.22828e+15 1.94281e+15 2.62752e+15 3.16401e+15 3.45824e+15 3.45824e+15 3.16401e+15 2.62752e+15 1.94281e+15 1.22828e+15 6.04639e+14 1.73598e+14 2.04985e+12 4.11247e+10 9.69733e+08 2.28446e+07 537105 12056.9
16377.3 730082 3.10711e+07 1.31957e+09 5.59826e+10 2.78925e+12 2.34964e+14 8.1806e+14 1.66155e+15 2.62788e+15 3.55382e+15 4.2793e+15 4.67716e+15 4.67716e+15 4.2793e+15 3.55382e+15 2.62788e+15 1.66155e+15 8.1806e+14 2.34964e+14 2.78925e+12 5.59826e+10 1.31957e+09 3.10711e+07 730082 16377.3
19774.5 881784 3.75372e+07 1.59456e+09 6.76631e+10 3.37038e+12 2.83044e+14 9.8524e+14 2.00093e+15 3.16445e+15 4.2793e+15 5.15277e+15 5.63178e+15 5.63178e+15 5.15277e+15 4.2793e+15 3.16445e+15 2.00093e+15 9.8524e+14 2.83044e+14 3.37038e+12 6.76631e+10 1.59456e+09 3.75372e+07 881784 19774.5
21640.2 965094 4.10883e+07 1.74559e+09 7.4079e+10 3.68955e+12 3.09409e+14 1.0769e+15 2.18699e+15 3.45862e+15 4.67703e+15 5.63162e+15 6.15512e+15 6.15512e+15 5.63162e+15 4.67703e+15 3.45862e+15 2.18699e+15 1.0769e+15 3.09409e+14 3.68955e+12 7.4079e+10 1.74559e+09 4.10883e+07 965094 21640.2
21640.2 965094 4.10883e+07 1.74559e+09 7.4079e+10 3.68955e+12 3.09409e+14 1.0769e+15 2.18699e+15 3.45862e+15 4.67703e+15 5.63162e+15 6.15512e+15 6.15512e+15 5.63162e+15 4.67703e+15 3.45862e+15 2.18699e+15 1.0769e+15 3.09409e+14 3.68955e+12 7.4079e+10 1.74559e+09 4.10883e+07 965094 21640.2
19774.5 881784 3.75372e+07 1.59456e+09 6.76631e+10 3.37038e+12 2.83044e+14 9.8524e+14 2.00093e+15 3.16445e+15 4.2793e+15 5.15277e+15 5.63178e+15 5.63178e+15 5.15277e+15 4.2793e+15 3.16445e+15 2.00093e+15 9.8524e+14 2.83044e+14 3.37038e+12 6.76631e+10 1.59456e+09 3.75372e+07 881784 19774.5
16377.3 730082 3.10711e+07 1.31957e+09 5.59826e+10 2.78925e+12 2.34964e+14 8.1806e+14 1.66155e+15 2.62788e+15 3.55382e+15 4.2793e+15 4.67716e+15 4.67716e+15 4.2793e+15 3.55382e+15 2.62788e+15 1.66155e+15 8.1806e+14 2.34964e+14 2.78925e+12 5.59826e+10 1.31957e+09 3.10711e+07 730082 16377.3
12056.9 537105 2.28446e+07 9.69733e+08 4.11247e+10 2.04985e+12 1.73598e+14 6.04639e+14 1.22828e+15 1.94281e+15 2.62752e+15 3.16401e+15 3.45824e+15 3.45824e+15 3.16401e+15 2.62752e+15 1.94281e+15 1.22828e+15 6.04639e+14 1.73598e+14 2.04985e+12 4.11247e+10 9.69733e+08 2.28446e+07 537105 12056.9
7588.58 337288 1.43186e+07 6.06955e+08 2.57145e+10 1.28254e+12 1.09582e+14 3.81919e+14 7.7605e+14 1.2277e+15 1.66054e+15 1.99971e+15 2.18573e+15 2.18573e+15 1.99971e+15 1.66054e+15 1.2277e+15 7.7605e+14 3.81919e+14 1.09582e+14 1.28254e+12 2.57145e+10 6.06955e+08 1.43186e+07 337288 7588.58
3777.11 166308 6.99962e+06 2.94652e+08 1.24218e+10 6.19338e+11 5.37753e+13 1.87636e+14 3.81457e+14 6.03627e+14 8.16583e+14 9.83469e+14 1.075e+15 1.075e+15 9.83469e+14 8.16583e+14 6.03627e+14 3.81457e+14 1.87636e+14 5.37753e+13 6.19338e+11 1.24218e+10 2.94652e+08 6.99962e+06 166308 3777.11
1268.64 53491.9 2.1485e+06 8.63313e+07 3.48823e+09 1.69743e+11 1.53134e+13 5.35801e+13 1.09054e+14 1.72685e+14 2.33702e+14 2.81532e+14 3.07768e+14 3.07768e+14 2.81532e+14 2.33702e+14 1.72685e+14 1.09054e+14 5.35801e+13 1.53134e+13 1.69743e+11 3.48823e+09 8.63313e+07 2.1485e+06 53491.9 1268.64
216.949 7522 227655 5.97298e+06 1.17059e+08 1.6764e+09 1.60545e+11 5.8492e+11 1.21119e+12 1.93648e+12 2.63624e+12 3.18687e+12 3.48954e+12 3.48954e+12 3.18687e+12 2.63624e+12 1.93648e+12 1.21119e+12 5.8492e+11 1.60545e+11 1.6764e+09 1.17059e+08 5.97298e+06 227655 7522 216.949
23.3085 657.622 15354.9 301088 5.01577e+06 1.10997e+08 3.26576e+09 1.16216e+10 2.40633e+10 3.85035e+10 5.24449e+10 6.34185e+10 6.94515e+10 6.94515e+10 6.34185e+10 5.24449e+10 3.85035e+10 2.40633e+10 1.16216e+10 3.26576e+09 1.10997e+08 5.01577e+06 301088 15354.9 657.622 23.3085
1.88768 45.2996 900.564 16184.9 290658 5.6322e+06 8.083e+07 2.75693e+08 5.6802e+08 9.07977e+08 1.23624e+09 1.49457e+09 1.63658e+09 1.63658e+09 1.49457e+09 1.23624e+09 9.07977e+08 5.6802e+08 2.75693e+08 8.083e+07 5.6322e+06 290658 16184.9 900.564 45.2996 1.88768
0.129704 2.79099 50.9154 877.417 14621.2 214137 2.01163e+06 6.54974e+06 1.34011e+07 2.1391e+07 2.911e+07 3.51843e+07 3.85231e+07 3.85231e+07 3.51843e+07 2.911e+07 2.1391e+07 1.34011e+07 6.54974e+06 2.01163e+06 214137 14621.2 877.417 50.9154 2.79099 0.129704
0.00803811 0.160386 2.73412 43.4937 622.396 7065.72 50084.2 155629 315695 502955 684028 826533 904854 904854 826533 684028 502955 315695 155629 50084.2 7065.72 622.396 43.4937 2.73412 0.160386 0.00803811
0.000421258 0.0079098 0.125401 1.79833 21.9911 203.621 1187.81 3534.8 7103.17 11290.8 15344.7 18535.9 20289.7 20289.7 18535.9 15344.7 11290.8 7103.17 3534.8 1187.81 203.621 21.9911 1.79833 0.125401 0.0079098 0.000421258
