2.03901e-07 3.83222e-06 6.0934e-05 0.000877442 0.0107701 0.0999437 0.583261 1.73418 3.48119 5.52939 7.51197 9.07339 9.93204 9.93204 9.07339 7.51197 5.52939 3.48119 1.73418 0.583261 0.0999437 0.0107701 0.000877442 6.0934e-05 3.83222e-06 2.03901e-07
3.87439e-06 7.72508e-05 0.00131932 0.0210832 0.303322 3.45627 24.5259 76.1366 154.26 245.554 333.819 403.321 441.544 441.544 403.321 333.819 245.554 154.26 76.1366 24.5259 3.45627 0.303322 0.0210832 0.00131932 7.72508e-05 3.87439e-06
6.23553e-05 0.00133785 0.0243871 0.421741 7.07958 104.367 982.769 3196.49 6531.46 10415.7 14167.8 17122.2 18747.2 18747.2 17122.2 14167.8 10415.7 6531.46 3196.49 982.769 104.367 7.07958 0.421741 0.0243871 0.00133785 6.23553e-05
0.000907382 0.0216768 0.429177 7.7064 139.377 2733.03 39418.3 134294 276281 441179 600386 725763 794736 794736 725763 600386 441179 276281 134294 39418.3 2733.03 139.377 7.7064 0.429177 0.0216768 0.000907382
0.0112231 0.315184 7.31928 142.638 2369.55 53433.9 1.59069e+06 5.65337e+06 1.16867e+07 1.86791e+07 2.54296e+07 3.07472e+07 3.36733e+07 3.36733e+07 3.07472e+07 2.54296e+07 1.86791e+07 1.16867e+07 5.65337e+06 1.59069e+06 53433.9 2369.55 142.638 7.31928 0.315184 0.0112231
0.104691 3.61639 108.996 2844.29 55167.7 780917 7.79736e+07 2.8373e+08 5.86512e+08 9.36637e+08 1.27441e+09 1.54039e+09 1.68672e+09 1.68672e+09 1.54039e+09 1.27441e+09 9.36637e+08 5.86512e+08 2.8373e+08 7.79736e+07 780917 55167.7 2844.29 108.996 3.61639 0.104691
0.613098 25.7811 1033.1 41439.4 1.67243e+06 8.15746e+07 7.42793e+09 2.59531e+10 5.27298e+10 8.33752e+10 1.12725e+11 1.3572e+11 1.48333e+11 1.48333e+11 1.3572e+11 1.12725e+11 8.33752e+10 5.27298e+10 2.59531e+10 7.42793e+09 8.15746e+07 1.67243e+06 41439.4 1033.1 25.7811 0.613098
1.8246 80.1164 3364.04 141354 5.95147e+06 2.97271e+08 2.60335e+10 9.07138e+10 1.84095e+11 2.90892e+11 3.93123e+11 4.73192e+11 5.17101e+11 5.17101e+11 4.73192e+11 3.93123e+11 2.90892e+11 1.84095e+11 9.07138e+10 2.60335e+10 2.97271e+08 5.95147e+06 141354 3364.04 80.1164 1.8246
3.66292 162.334 6874.27 290823 1.23035e+07 6.14593e+08 5.29474e+10 1.84286e+11 3.73817e+11 5.90515e+11 7.97908e+11 9.6032e+11 1.04938e+12 1.04938e+12 9.6032e+11 7.97908e+11 5.90515e+11 3.73817e+11 1.84286e+11 5.29474e+10 6.14593e+08 1.23035e+07 290823 6874.27 162.334 3.66292
5.81649 258.335 10959.3 464266 1.96592e+07 9.81255e+08 8.37528e+10 2.91316e+11 5.90765e+11 9.33081e+11 1.26066e+12 1.51717e+12 1.65782e+12 1.65782e+12 1.51717e+12 1.26066e+12 9.33081e+11 5.90765e+11 2.91316e+11 8.37528e+10 9.81255e+08 1.96592e+07 464266 10959.3 258.335 5.81649
7.8991 351.062 14901.5 631553 2.67531e+07 1.33464e+09 1.1325e+11 3.93754e+11 7.98369e+11 1.26086e+12 1.7034e+12 2.04992e+12 2.23992e+12 2.23992e+12 2.04992e+12 1.7034e+12 1.26086e+12 7.98369e+11 3.93754e+11 1.1325e+11 1.33464e+09 2.67531e+07 631553 14901.5 351.062 7.8991
9.53786 424.012 18002.7 763171 3.23358e+07 1.61267e+09 1.36355e+11 4.73966e+11 9.60908e+11 1.51746e+12 2.05e+12 2.46697e+12 2.69559e+12 2.69559e+12 2.46697e+12 2.05e+12 1.51746e+12 9.60908e+11 4.73966e+11 1.36355e+11 1.61267e+09 3.23358e+07 763171 18002.7 424.012 9.53786
10.4385 464.106 19707.3 835530 3.54057e+07 1.76553e+09 1.49025e+11 5.17944e+11 1.05002e+12 1.65814e+12 2.24e+12 2.69559e+12 2.94539e+12 2.94539e+12 2.69559e+12 2.24e+12 1.65814e+12 1.05002e+12 5.17944e+11 1.49025e+11 1.76553e+09 3.54057e+07 835530 19707.3 464.106 10.4385
10.4385 464.106 19707.3 835530 3.54057e+07 1.76553e+09 1.49025e+11 5.17944e+11 1.05002e+12 1.65814e+12 2.24e+12 2.69559e+12 2.94539e+12 2.94539e+12 2.69559e+12 2.24e+12 1.65814e+12 1.05002e+12 5.17944e+11 1.49025e+11 1.76553e+09 3.54057e+07 835530 19707.3 464.106 10.4385
9.53786 424.012 18002.7 763171 3.23358e+07 1.61267e+09 1.36355e+11 4.73966e+11 9.60908e+11 1.51746e+12 2.05e+12 2.46697e+12 2.69559e+12 2.69559e+12 2.46697e+12 2.05e+12 1.51746e+12 9.60908e+11 4.73966e+11 1.36355e+11 1.61267e+09 3.23358e+07 763171 18002.7 424.012 9.53786
7.8991 351.062 14901.5 631553 2.67531e+07 1.33464e+09 1.1325e+11 3.93754e+11 7.98369e+11 1.26086e+12 1.7034e+12 2.04992e+12 2.23992e+12 2.23992e+12 2.04992e+12 1.7034e+12 1.26086e+12 7.98369e+11 3.93754e+11 1.1325e+11 1.33464e+09 2.67531e+07 631553 14901.5 351.062 7.8991
5.81649 258.335 10959.3 464266 1.96592e+07 9.81255e+08 8.37528e+10 2.91316e+11 5.90765e+11 9.33081e+11 1.26066e+12 1.51717e+12 1.65782e+12 1.65782e+12 1.51717e+12 1.26066e+12 9.33081e+11 5.90765e+11 2.91316e+11 8.37528e+10 9.81255e+08 1.96592e+07 464266 10959.3 258.335 5.81649
3.66292 162.334 6874.27 290823 1.23035e+07 6.14593e+08 5.29474e+10 1.84286e+11 3.73817e+11 5.90515e+11 7.97908e+11 9.6032e+11 1.04938e+12 1.04938e+12 9.6032e+11 7.97908e+11 5.90515e+11 3.73817e+11 1.84286e+11 5.29474e+10 6.14593e+08 1.23035e+07 290823 6874.27 162.334 3.66292
1.8246 80.1164 3364.04 141354 5.95147e+06 2.97271e+08 2.60335e+10 9.07138e+10 1.84095e+11 2.90892e+11 3.93123e+11 4.73192e+11 5.17101e+11 5.17101e+11 4.73192e+11 3.93123e+11 2.90892e+11 1.84095e+11 9.07138e+10 2.60335e+10 2.97271e+08 5.95147e+06 141354 3364.04 80.1164 1.8246
0.613098 25.7811 1033.1 41439.4 1.67243e+06 8.15746e+07 7.42793e+09 2.59531e+10 5.27298e+10 8.33752e+10 1.12725e+11 1.3572e+11 1.48333e+11 1.48333e+11 1.3572e+11 1.12725e+11 8.33752e+10 5.27298e+10 2.59531e+10 7.42793e+09 8.15746e+07 1.67243e+06 41439.4 1033.1 25.7811 0.613098
0.104691 3.61639 108.996 2844.29 55167.7 780917 7.79736e+07 2.8373e+08 5.86512e+08 9.36637e+08 1.27441e+09 1.54039e+09 1.68672e+09 1.68672e+09 1.54039e+09 1.27441e+09 9.36637e+08 5.86512e+08 2.8373e+08 7.79736e+07 780917 55167.7 2844.29 108.996 3.61639 0.104691
0.0112231 0.315184 7.31928 142.638 2369.55 53433.9 1.59069e+06 5.65337e+06 1.16867e+07 1.86791e+07 2.54296e+07 3.07472e+07 3.36733e+07 3.36733e+07 3.07472e+07 2.54296e+07 1.86791e+07 1.16867e+07 5.65337e+06 1.59069e+06 53433.8 2369.55 142.638 7.31928 0.315184 0.0112231
0.000907382 0.0216768 0.429177 7.7064 139.377 2733.03 39418.3 134294 276281 441179 600386 725763 794736 794736 725763 600386 441179 276281 134294 39418.3 2733.03 139.377 7.7064 0.429177 0.0216768 0.000907382
6.23553e-05 0.00133785 0.0243871 0.421741 7.07958 104.367 982.769 3196.49 6531.46 10415.7 14167.8 17122.2 18747.2 18747.2 17122.2 14167.8 10415.7 6531.46 3196.49 982.769 104.367 7.07958 0.421741 0.0243871 0.00133785 6.23553e-05
3.87439e-06 7.72508e-05 0.00131932 0.0210832 0.303322 3.45627 24.5259 76.1366 154.26 245.554 333.819 403.321 441.544 441.544 403.321 333.819 245.554 154.26 76.1366 24.5259 3.45627 0.303322 0.0210832 0.00131932 7.72508e-05 3.87439e-06
2.03901e-07 3.83222e-06 6.0934e-05 0.000877442 0.0107701 0.0999437 0.583261 1.73418 3.48119 5.52939 7.51197 9.07339 9.93204 9.93204 9.07339 7.51197 5.52939 3.48119 1.73418 0.583261 0.0999437 0.0107701 0.000877442 6.0934e-05 3.83222e-06 2.03901e-07
