0.000991724 0.0186802 0.297716 4.29664 52.8494 491.384 2872.9 8557 17205.2 27362.3 37202.5 44953.5 49215.2 49215.2 44953.5 37202.5 27362.3 17205.2 8557 2872.9 491.384 52.8494 4.29664 0.297716 0.0186802 0.000991724
0.0188804 0.377331 6.45992 103.473 1491.92 17034 121098 376648 764493 1.21861e+06 1.65808e+06 2.00419e+06 2.1945e+06 2.1945e+06 2.00419e+06 1.65808e+06 1.21861e+06 764493 376648 121098 17034 1491.92 103.473 6.45992 0.377331 0.0188804
0.304476 6.54821 119.655 2074.13 34895.5 515466 4.86258e+06 1.58482e+07 3.24463e+07 5.182e+07 7.05534e+07 8.53065e+07 9.34194e+07 9.34194e+07 8.53065e+07 7.05534e+07 5.182e+07 3.24463e+07 1.58482e+07 4.86258e+06 515466 34895.5 2074.13 119.655 6.54821 0.304476
4.43938 106.308 2109.68 37965 688140 1.35215e+07 1.95345e+08 6.66988e+08 1.37511e+09 2.19938e+09 2.99605e+09 3.62353e+09 3.96863e+09 3.96863e+09 3.62353e+09 2.99605e+09 2.19938e+09 1.37511e+09 6.66988e+08 1.95345e+08 1.35215e+07 688140 37965 2109.68 106.308 4.43938
55.0147 1548.72 36044.3 703763 1.17119e+07 2.64681e+08 7.89147e+09 2.81136e+10 5.825e+10 9.32626e+10 1.27101e+11 1.53758e+11 1.68422e+11 1.68422e+11 1.53758e+11 1.27101e+11 9.32626e+10 5.825e+10 2.81136e+10 7.89147e+09 2.64681e+08 1.17119e+07 703763 36044.3 1548.72 55.0148
514.14 17803.2 537731 1.40565e+07 2.72967e+08 3.86799e+09 3.8701e+11 1.41186e+12 2.92569e+12 4.68078e+12 6.37593e+12 7.71097e+12 8.44525e+12 8.44525e+12 7.71097e+12 6.37593e+12 4.68078e+12 2.92569e+12 1.41186e+12 3.8701e+11 3.86799e+09 2.72967e+08 1.40565e+07 537731 17803.2 514.14
3016.18 127144 5.10571e+06 2.05133e+08 8.28809e+09 4.04546e+11 3.68758e+13 1.29119e+14 2.62923e+14 4.16505e+14 5.63878e+14 6.79463e+14 7.42889e+14 7.42889e+14 6.79463e+14 5.63878e+14 4.16505e+14 2.62923e+14 1.29119e+14 3.68758e+13 4.04546e+11 8.28809e+09 2.05133e+08 5.10571e+06 127144 3016.18
8990.44 395791 1.66566e+07 7.01142e+08 2.95589e+10 1.47775e+12 1.29503e+14 4.52184e+14 9.19675e+14 1.45589e+15 1.9702e+15 2.37346e+15 2.59471e+15 2.59471e+15 2.37346e+15 1.9702e+15 1.45589e+15 9.19675e+14 4.52184e+14 1.29503e+14 1.47775e+12 2.95589e+10 7.01142e+08 1.66566e+07 395791 8990.44
18072.7 803166 3.40936e+07 1.44517e+09 6.12291e+10 3.06175e+12 2.63926e+14 9.20465e+14 1.87116e+15 2.9613e+15 4.00671e+15 4.82631e+15 5.27597e+15 5.27597e+15 4.82631e+15 4.00671e+15 2.9613e+15 1.87116e+15 9.20465e+14 2.63926e+14 3.06175e+12 6.12291e+10 1.44517e+09 3.40936e+07 803166 18072.7
28724.1 1.27945e+06 5.44155e+07 2.30991e+09 9.79652e+10 4.89545e+12 4.18161e+14 1.45742e+15 2.96188e+15 4.68671e+15 6.34058e+15 7.63714e+15 8.34844e+15 8.34844e+15 7.63714e+15 6.34058e+15 4.68671e+15 2.96188e+15 1.45742e+15 4.18161e+14 4.89545e+12 9.79652e+10 2.30991e+09 5.44155e+07 1.27945e+06 28724.1
39026.2 1.73958e+06 7.40312e+07 3.14417e+09 1.33402e+11 6.66335e+12 5.66051e+14 1.97208e+15 4.00715e+15 6.34005e+15 8.57683e+15 1.03303e+16 1.12922e+16 1.12922e+16 1.03303e+16 8.57683e+15 6.34005e+15 4.00715e+15 1.97208e+15 5.66051e+14 6.66335e+12 1.33402e+11 3.14417e+09 7.40312e+07 1.73958e+06 39026.2
47128.6 2.10139e+06 8.94539e+07 3.80013e+09 1.61271e+11 8.05334e+12 6.81947e+14 2.37531e+15 4.82604e+15 7.63525e+15 1.03286e+16 1.24399e+16 1.35981e+16 1.35981e+16 1.24399e+16 1.03286e+16 7.63525e+15 4.82604e+15 2.37531e+15 6.81947e+14 8.05334e+12 1.61271e+11 3.80013e+09 8.94539e+07 2.10139e+06 47128.6
51578.7 2.30011e+06 9.79252e+07 4.16048e+09 1.76582e+11 8.81693e+12 7.45505e+14 2.59642e+15 5.27505e+15 8.34541e+15 1.12891e+16 1.35966e+16 1.48624e+16 1.48624e+16 1.35966e+16 1.12891e+16 8.34541e+15 5.27505e+15 2.59642e+15 7.45505e+14 8.81693e+12 1.76582e+11 4.16048e+09 9.79252e+07 2.30011e+06 51578.7
51578.7 2.30011e+06 9.79252e+07 4.16048e+09 1.76582e+11 8.81693e+12 7.45505e+14 2.59642e+15 5.27505e+15 8.34541e+15 1.12891e+16 1.35966e+16 1.48624e+16 1.48624e+16 1.35966e+16 1.12891e+16 8.34541e+15 5.27505e+15 2.59642e+15 7.45505e+14 8.81693e+12 1.76582e+11 4.16048e+09 9.79252e+07 2.30011e+06 51578.7
47128.6 2.10139e+06 8.94539e+07 3.80013e+09 1.61271e+11 8.05334e+12 6.81947e+14 2.37531e+15 4.82604e+15 7.63525e+15 1.03286e+16 1.24399e+16 1.35981e+16 1.35981e+16 1.24399e+16 1.03286e+16 7.63525e+15 4.82604e+15 2.37531e+15 6.81947e+14 8.05334e+12 1.61271e+11 3.80013e+09 8.94539e+07 2.10139e+06 47128.6
39026.2 1.73958e+06 7.40312e+07 3.14417e+09 1.33402e+11 6.66335e+12 5.66051e+14 1.97208e+15 4.00715e+15 6.34005e+15 8.57683e+15 1.03303e+16 1.12922e+16 1.12922e+16 1.03303e+16 8.57683e+15 6.34005e+15 4.00715e+15 1.97208e+15 5.66051e+14 6.66335e+12 1.33402e+11 3.14417e+09 7.40312e+07 1.73958e+06 39026.2
28724.1 1.27945e+06 5.44155e+07 2.30991e+09 9.79652e+10 4.89545e+12 4.18161e+14 1.45742e+15 2.96188e+15 4.68671e+15 6.34058e+15 7.63714e+15 8.34844e+15 8.34844e+15 7.63714e+15 6.34058e+15 4.68671e+15 2.96188e+15 1.45742e+15 4.18161e+14 4.89545e+12 9.79652e+10 2.30991e+09 5.44155e+07 1.27945e+06 28724.1
18072.7 803166 3.40936e+07 1.44517e+09 6.12291e+10 3.06175e+12 2.63926e+14 9.20465e+14 1.87116e+15 2.9613e+15 4.00671e+15 4.82631e+15 5.27597e+15 5.27597e+15 4.82631e+15 4.00671e+15 2.9613e+15 1.87116e+15 9.20465e+14 2.63926e+14 3.06175e+12 6.12291e+10 1.44517e+09 3.40936e+07 803166 18072.7
8990.44 395791 1.66566e+07 7.01142e+08 2.95589e+10 1.47775e+12 1.29503e+14 4.52184e+14 9.19675e+14 1.45589e+15 1.9702e+15 2.37346e+15 2.59471e+15 2.59471e+15 2.37346e+15 1.9702e+15 1.45589e+15 9.19675e+14 4.52184e+14 1.29503e+14 1.47775e+12 2.95589e+10 7.01142e+08 1.66566e+07 395791 8990.44
3016.18 127144 5.10571e+06 2.05133e+08 8.28809e+09 4.04546e+11 3.68758e+13 1.29119e+14 2.62923e+14 4.16505e+14 5.63878e+14 6.79463e+14 7.42889e+14 7.42889e+14 6.79463e+14 5.63878e+14 4.16505e+14 2.62923e+14 1.29119e+14 3.68758e+13 4.04546e+11 8.28809e+09 2.05133e+08 5.10571e+06 127144 3016.18
514.14 17803.2 537731 1.40565e+07 2.72967e+08 3.86799e+09 3.8701e+11 1.41186e+12 2.92569e+12 4.68078e+12 6.37593e+12 7.71097e+12 8.44525e+12 8.44525e+12 7.71097e+12 6.37593e+12 4.68078e+12 2.92569e+12 1.41186e+12 3.8701e+11 3.86799e+09 2.72967e+08 1.40565e+07 537731 17803.2 514.14
55.0147 1548.72 36044.3 703763 1.17119e+07 2.64681e+08 7.89147e+09 2.81136e+10 5.825e+10 9.32626e+10 1.27101e+11 1.53758e+11 1.68422e+11 1.68422e+11 1.53758e+11 1.27101e+11 9.32626e+10 5.825e+10 2.81136e+10 7.89147e+09 2.64681e+08 1.17119e+07 703763 36044.3 1548.72 55.0147
4.43938 106.308 2109.68 37965 688140 1.35215e+07 1.95345e+08 6.66988e+08 1.37511e+09 2.19938e+09 2.99605e+09 3.62353e+09 3.96863e+09 3.96863e+09 3.62353e+09 2.99605e+09 2.19938e+09 1.37511e+09 6.66988e+08 1.95345e+08 1.35215e+07 688140 37965 2109.68 106.308 4.43938
0.304476 6.54821 119.655 2074.13 34895.5 515466 4.86258e+06 1.58482e+07 3.24463e+07 5.182e+07 7.05534e+07 8.53065e+07 9.34194e+07 9.34194e+07 8.53065e+07 7.05534e+07 5.182e+07 3.24463e+07 1.58482e+07 4.86258e+06 515466 34895.5 2074.13 119.655 6.54821 0.304476
0.0188804 0.377331 6.45992 103.473 1491.92 17034 121098 376648 764493 1.21861e+06 1.65808e+06 2.00419e+06 2.1945e+06 2.1945e+06 2.00419e+06 1.65808e+06 1.21861e+06 764493 376648 121098 17034 1491.92 103.473 6.45992 0.377331 0.0188804
0.000991724 0.0186802 0.297716 4.29664 52.8494 491.384 2872.9 8557 17205.2 27362.3 37202.5 44953.5 49215.2 49215.2 44953.5 37202.5 27362.3 17205.2 8557 2872.9 491.384 52.8494 4.29664 0.297716 0.0186802 0.000991725
