0.00933854 0.176001 2.80597 40.5015 498.223 4633.13 27093.1 80699.1 162220 257859 350373 423132 463090 463090 423132 350373 257859 162220 80699.1 27093.1 4633.13 498.223 40.5015 2.80597 0.176001 0.00933854
0.17796 3.55951 60.9716 976.781 14083.1 160799 1.14334e+06 3.55633e+06 7.21692e+06 1.14983e+07 1.56352e+07 1.8888e+07 2.06743e+07 2.06743e+07 1.8888e+07 1.56352e+07 1.14983e+07 7.21692e+06 3.55633e+06 1.14334e+06 160799 14083.1 976.781 60.9716 3.55951 0.17796
2.87213 61.8378 1130.94 19610.5 329864 4.87144e+06 4.59563e+07 1.49796e+08 3.0663e+08 4.8949e+08 6.6602e+08 8.04805e+08 8.81027e+08 8.81027e+08 8.04805e+08 6.6602e+08 4.8949e+08 3.0663e+08 1.49796e+08 4.59563e+07 4.87144e+06 329864 19610.5 1130.94 61.8378 2.87213
41.896 1004.56 19960.3 359498 6.51545e+06 1.27924e+08 1.8477e+09 6.30968e+09 1.30067e+10 2.07936e+10 2.83071e+10 3.42142e+10 3.74587e+10 3.74587e+10 3.42142e+10 2.83071e+10 2.07936e+10 1.30067e+10 6.30968e+09 1.8477e+09 1.27924e+08 6.51545e+06 359498 19960.3 1004.56 41.896
519.306 14638.2 341146 6.66994e+06 1.11109e+08 2.50743e+09 7.46871e+10 2.66125e+11 5.51342e+11 8.8233e+11 1.20164e+12 1.45272e+12 1.59064e+12 1.59064e+12 1.45272e+12 1.20164e+12 8.8233e+11 5.51342e+11 2.66125e+11 7.46871e+10 2.50743e+09 1.11109e+08 6.66994e+06 341146 14638.2 519.306
4853.65 168275 5.08873e+06 1.33183e+08 2.59056e+09 3.67794e+10 3.66492e+12 1.33736e+13 2.77122e+13 4.43184e+13 6.03299e+13 7.29168e+13 7.983e+13 7.983e+13 7.29168e+13 6.03299e+13 4.43184e+13 2.77122e+13 1.33736e+13 3.66492e+12 3.67794e+10 2.59056e+09 1.33183e+08 5.08873e+06 168275 4853.65
28474.6 1.20172e+06 4.83068e+07 1.94242e+09 7.85286e+10 3.83351e+12 3.49228e+14 1.22334e+15 2.49181e+15 3.94763e+15 5.34383e+15 6.43806e+15 7.03814e+15 7.03814e+15 6.43806e+15 5.34383e+15 3.94763e+15 2.49181e+15 1.22334e+15 3.49228e+14 3.83351e+12 7.85286e+10 1.94242e+09 4.83068e+07 1.20172e+06 28474.6
84865.6 3.74058e+06 1.57587e+08 6.63915e+09 2.80079e+11 1.40056e+13 1.22694e+15 4.28596e+15 8.7198e+15 1.38053e+16 1.86806e+16 2.25008e+16 2.45956e+16 2.45956e+16 2.25008e+16 1.86806e+16 1.38053e+16 8.7198e+15 4.28596e+15 1.22694e+15 1.40056e+13 2.80079e+11 6.63915e+09 1.57587e+08 3.74058e+06 84865.6
170531 7.58796e+06 3.22453e+08 1.36804e+10 5.80009e+11 2.90133e+13 2.50103e+15 8.72656e+15 1.77456e+16 2.80873e+16 3.80003e+16 4.57672e+16 5.00261e+16 5.00261e+16 4.57672e+16 3.80003e+16 2.80873e+16 1.77456e+16 8.72656e+15 2.50103e+15 2.90133e+13 5.80009e+11 1.36804e+10 3.22453e+08 7.58796e+06 170531
270859 1.20798e+07 5.14324e+08 2.18521e+10 9.27396e+11 4.63625e+13 3.9624e+15 1.38169e+16 2.80895e+16 4.44526e+16 6.01359e+16 7.24233e+16 7.91607e+16 7.91607e+16 7.24233e+16 6.01359e+16 4.44526e+16 2.80895e+16 1.38169e+16 3.9624e+15 4.63625e+13 9.27396e+11 2.18521e+10 5.14324e+08 1.20798e+07 270859
367717 1.64112e+07 6.99162e+08 2.97196e+10 1.26177e+12 6.30539e+13 5.36247e+15 1.86923e+16 3.79953e+16 6.01234e+16 8.13309e+16 9.79458e+16 1.07056e+17 1.07056e+17 9.79458e+16 8.13309e+16 6.01234e+16 3.79953e+16 1.86923e+16 5.36247e+15 6.30539e+13 1.26177e+12 2.97196e+10 6.99162e+08 1.64112e+07 367717
443751 1.98103e+07 8.44193e+08 3.58924e+10 1.52415e+12 7.61485e+13 6.45854e+15 2.25086e+16 4.57489e+16 7.2389e+16 9.79198e+16 1.17921e+17 1.28888e+17 1.28888e+17 1.17921e+17 9.79198e+16 7.2389e+16 4.57488e+16 2.25086e+16 6.45854e+15 7.61485e+13 1.52415e+12 3.58924e+10 8.44193e+08 1.98103e+07 443751
485453 2.16745e+07 9.23735e+08 3.9278e+10 1.66805e+12 8.33301e+13 7.05915e+15 2.45997e+16 4.99972e+16 7.91095e+16 1.07009e+17 1.28866e+17 1.4085e+17 1.4085e+17 1.28866e+17 1.07009e+17 7.91095e+16 4.99972e+16 2.45997e+16 7.05915e+15 8.33301e+13 1.66805e+12 3.9278e+10 9.23735e+08 2.16745e+07 485453
485453 2.16745e+07 9.23735e+08 3.9278e+10 1.66805e+12 8.33301e+13 7.05915e+15 2.45997e+16 4.99972e+16 7.91095e+16 1.07009e+17 1.28866e+17 1.4085e+17 1.4085e+17 1.28866e+17 1.07009e+17 7.91095e+16 4.99972e+16 2.45997e+16 7.05915e+15 8.33301e+13 1.66805e+12 3.9278e+10 9.23735e+08 2.16745e+07 485453
443751 1.98103e+07 8.44193e+08 3.58924e+10 1.52415e+12 7.61485e+13 6.45854e+15 2.25086e+16 4.57488e+16 7.2389e+16 9.79198e+16 1.17921e+17 1.28888e+17 1.28888e+17 1.17921e+17 9.79198e+16 7.2389e+16 4.57489e+16 2.25086e+16 6.45854e+15 7.61485e+13 1.52415e+12 3.58924e+10 8.44193e+08 1.98103e+07 443751
367717 1.64112e+07 6.99162e+08 2.97196e+10 1.26177e+12 6.30539e+13 5.36247e+15 1.86923e+16 3.79953e+16 6.01234e+16 8.13309e+16 9.79458e+16 1.07056e+17 1.07056e+17 9.79458e+16 8.13309e+16 6.01234e+16 3.79953e+16 1.86923e+16 5.36247e+15 6.30539e+13 1.26177e+12 2.97196e+10 6.99162e+08 1.64112e+07 367717
270859 1.20798e+07 5.14324e+08 2.18521e+10 9.27396e+11 4.63625e+13 3.9624e+15 1.38169e+16 2.80895e+16 4.44526e+16 6.01359e+16 7.24233e+16 7.91607e+16 7.91607e+16 7.24233e+16 6.01359e+16 4.44526e+16 2.80895e+16 1.38169e+16 3.9624e+15 4.63625e+13 9.27396e+11 2.18521e+10 5.14324e+08 1.20798e+07 270859
170531 7.58796e+06 3.22453e+08 1.36804e+10 5.80009e+11 2.90133e+13 2.50103e+15 8.72656e+15 1.77456e+16 2.80873e+16 3.80003e+16 4.57672e+16 5.00261e+16 5.00261e+16 4.57672e+16 3.80003e+16 2.80873e+16 1.77456e+16 8.72656e+15 2.50103e+15 2.90133e+13 5.80009e+11 1.36804e+10 3.22453e+08 7.58796e+06 170531
84865.6 3.74058e+06 1.57587e+08 6.63915e+09 2.80079e+11 1.40056e+13 1.22694e+15 4.28596e+15 8.7198e+15 1.38053e+16 1.86806e+16 2.25008e+16 2.45956e+16 2.45956e+16 2.25008e+16 1.86806e+16 1.38053e+16 8.7198e+15 4.28596e+15 1.22694e+15 1.40056e+13 2.80079e+11 6.63915e+09 1.57587e+08 3.74058e+06 84865.6
28474.6 1.20172e+06 4.83068e+07 1.94242e+09 7.85286e+10 3.83351e+12 3.49228e+14 1.22334e+15 2.49181e+15 3.94763e+15 5.34383e+15 6.43806e+15 7.03814e+15 7.03814e+15 6.43806e+15 5.34383e+15 3.94763e+15 2.49181e+15 1.22334e+15 3.49228e+14 3.83351e+12 7.85286e+10 1.94242e+09 4.83068e+07 1.20172e+06 28474.6
4853.65 168275 5.08873e+06 1.33183e+08 2.59056e+09 3.67794e+10 3.66492e+12 1.33736e+13 2.77122e+13 4.43184e+13 6.03299e+13 7.29168e+13 7.983e+13 7.983e+13 7.29168e+13 6.03299e+13 4.43184e+13 2.77122e+13 1.33736e+13 3.66492e+12 3.67794e+10 2.59056e+09 1.33183e+08 5.08873e+06 168275 4853.65
519.306 14638.2 341146 6.66994e+06 1.11109e+08 2.50743e+09 7.46871e+10 2.66125e+11 5.51342e+11 8.8233e+11 1.20164e+12 1.45272e+12 1.59064e+12 1.59064e+12 1.45272e+12 1.20164e+12 8.8233e+11 5.51342e+11 2.66125e+11 7.46871e+10 2.50743e+09 1.11109e+08 6.66994e+06 341146 14638.2 519.306
41.896 1004.56 19960.3 359498 6.51545e+06 1.27924e+08 1.8477e+09 6.30968e+09 1.30067e+10 2.07936e+10 2.83071e+10 3.42142e+10 3.74587e+10 3.74587e+10 3.42142e+10 2.83071e+10 2.07936e+10 1.30067e+10 6.30968e+09 1.8477e+09 1.27924e+08 6.51545e+06 359498 19960.3 1004.56 41.896
2.87213 61.8378 1130.94 19610.5 329864 4.87144e+06 4.59563e+07 1.49796e+08 3.0663e+08 4.8949e+08 6.6602e+08 8.04805e+08 8.81027e+08 8.81027e+08 8.04805e+08 6.6602e+08 4.8949e+08 3.0663e+08 1.49796e+08 4.59563e+07 4.87144e+06 329864 19610.5 1130.94 61.8378 2.87213
0.17796 3.55951 60.9716 976.781 14083.1 160799 1.14334e+06 3.55633e+06 7.21692e+06 1.14983e+07 1.56352e+07 1.8888e+07 2.06743e+07 2.06743e+07 1.8888e+07 1.56352e+07 1.14983e+07 7.21692e+06 3.55633e+06 1.14334e+06 160799 14083.1 976.781 60.9716 3.55951 0.17796
0.00933854 0.176001 2.80597 40.5015 498.223 4633.13 27093.1 80699.1 162220 257859 350373 423132 463090 463090 423132 350373 257859 162220 80699.1 27093.1 4633.13 498.223 40.5015 2.80597 0.176001 0.00933854
