1.46045 27.4139 433.031 6170.86 74980.7 691349 4.02661e+06 1.19751e+07 2.40109e+07 3.80092e+07 5.13907e+07 6.17877e+07 6.74461e+07 6.74461e+07 6.17877e+07 5.13907e+07 3.80092e+07 2.40109e+07 1.19751e+07 4.02661e+06 691349 74980.7 6170.86 433.031 27.4139 1.46045
28.0808 561.622 9557.82 150976 2.13995e+06 2.4116e+07 1.70428e+08 5.29156e+08 1.07085e+09 1.69851e+09 2.29726e+09 2.76193e+09 3.01465e+09 3.01465e+09 2.76193e+09 2.29726e+09 1.69851e+09 1.07085e+09 5.29156e+08 1.70428e+08 2.4116e+07 2.13995e+06 150976 9557.82 561.622 28.0808
455.373 9857.12 180387 3.09446e+06 5.09096e+07 7.36059e+08 6.87602e+09 2.23682e+10 4.56534e+10 7.25298e+10 9.81205e+10 1.17959e+11 1.28741e+11 1.28741e+11 1.17959e+11 9.81205e+10 7.25298e+10 4.56534e+10 2.23682e+10 6.87602e+09 7.36059e+08 5.09096e+07 3.09446e+06 180387 9857.12 455.373
6630.26 160438 3.21849e+06 5.80875e+07 1.0319e+09 1.95471e+10 2.77514e+11 9.45729e+11 1.94364e+12 3.09148e+12 4.18272e+12 5.02784e+12 5.48686e+12 5.48686e+12 5.02784e+12 4.18272e+12 3.09148e+12 1.94364e+12 9.45729e+11 2.77514e+11 1.95471e+10 1.0319e+09 5.80875e+07 3.21849e+06 160437 6630.26
81610.2 2.32099e+06 5.47948e+07 1.0894e+09 1.83152e+10 3.92052e+11 1.12551e+13 4.00257e+13 8.26706e+13 1.31591e+14 1.78045e+14 2.13987e+14 2.33496e+14 2.33496e+14 2.13987e+14 1.78045e+14 1.31591e+14 8.26706e+13 4.00257e+13 1.12551e+13 3.92052e+11 1.83152e+10 1.0894e+09 5.47948e+07 2.32099e+06 81610.2
756212 2.63734e+07 8.04745e+08 2.1362e+10 4.28016e+11 6.30497e+12 5.5716e+14 2.02899e+15 4.19251e+15 6.6701e+15 9.02188e+15 1.08414e+16 1.18291e+16 1.18291e+16 1.08414e+16 9.02188e+15 6.6701e+15 4.19251e+15 2.02899e+15 5.5716e+14 6.30497e+12 4.28016e+11 2.1362e+10 8.04745e+08 2.63734e+07 756212
4.40522e+06 1.86447e+08 7.52217e+09 3.0359e+11 1.23128e+13 5.97513e+14 5.30776e+16 1.86034e+17 3.78941e+17 5.99453e+17 8.09473e+17 9.72822e+17 1.06189e+18 1.06189e+18 9.72822e+17 8.09473e+17 5.99453e+17 3.78941e+17 1.86034e+17 5.30776e+16 5.97513e+14 1.23128e+13 3.0359e+11 7.52217e+09 1.86447e+08 4.40522e+06
1.30925e+07 5.78506e+08 2.44535e+10 1.03387e+12 4.37551e+13 2.17825e+15 1.86779e+17 6.52814e+17 1.3281e+18 2.09954e+18 2.83411e+18 3.40543e+18 3.71696e+18 3.71696e+18 3.40543e+18 2.83411e+18 2.09954e+18 1.3281e+18 6.52814e+17 1.86779e+17 2.17825e+15 4.37551e+13 1.03387e+12 2.44535e+10 5.78506e+08 1.30925e+07
2.62263e+07 1.16958e+09 4.98598e+10 2.12262e+12 9.02793e+13 4.49867e+15 3.80809e+17 1.32936e+18 2.70256e+18 4.27016e+18 5.762e+18 6.92186e+18 7.55414e+18 7.55414e+18 6.92186e+18 5.762e+18 4.27016e+18 2.70256e+18 1.32936e+18 3.80809e+17 4.49867e+15 9.02793e+13 2.12262e+12 4.98598e+10 1.16958e+09 2.62263e+07
4.14709e+07 1.85302e+09 7.91207e+10 3.37212e+12 1.43525e+14 7.1499e+15 6.02337e+17 2.10136e+18 4.26984e+18 6.74348e+18 9.096e+18 1.0924e+19 1.19202e+19 1.19202e+19 1.0924e+19 9.096e+18 6.74348e+18 4.26984e+18 2.10136e+18 6.02337e+17 7.1499e+15 1.43525e+14 3.37212e+12 7.91207e+10 1.85302e+09 4.14709e+07
5.60113e+07 2.50348e+09 1.06915e+11 4.55702e+12 1.93953e+14 9.65971e+15 8.12923e+17 2.83511e+18 5.75871e+18 9.09152e+18 1.22591e+19 1.47192e+19 1.60594e+19 1.60594e+19 1.47192e+19 1.22591e+19 9.09152e+18 5.75871e+18 2.83511e+18 8.12923e+17 9.65971e+15 1.93953e+14 4.55702e+12 1.06915e+11 2.50348e+09 5.60113e+07
6.72859e+07 3.00722e+09 1.28413e+11 5.47255e+12 2.32877e+14 1.15965e+16 9.76393e+17 3.40474e+18 6.9141e+18 1.09127e+19 1.47113e+19 1.76602e+19 1.92662e+19 1.92662e+19 1.76602e+19 1.47113e+19 1.09127e+19 6.9141e+18 3.40474e+18 9.76393e+17 1.15965e+16 2.32877e+14 5.47255e+12 1.28413e+11 3.00722e+09 6.72859e+07
7.34131e+07 3.28077e+09 1.4008e+11 5.969e+12 2.53967e+14 1.26459e+16 1.06539e+18 3.7149e+18 7.54308e+18 1.19038e+19 1.60453e+19 1.92597e+19 2.101e+19 2.101e+19 1.92597e+19 1.60453e+19 1.19038e+19 7.54308e+18 3.7149e+18 1.06539e+18 1.26459e+16 2.53967e+14 5.969e+12 1.4008e+11 3.28077e+09 7.34131e+07
7.34131e+07 3.28077e+09 1.4008e+11 5.969e+12 2.53967e+14 1.26459e+16 1.06539e+18 3.7149e+18 7.54308e+18 1.19038e+19 1.60453e+19 1.92597e+19 2.101e+19 2.101e+19 1.92597e+19 1.60453e+19 1.19038e+19 7.54308e+18 3.7149e+18 1.06539e+18 1.26459e+16 2.53967e+14 5.969e+12 1.4008e+11 3.28077e+09 7.34131e+07
6.72859e+07 3.00722e+09 1.28413e+11 5.47255e+12 2.32877e+14 1.15965e+16 9.76393e+17 3.40474e+18 6.9141e+18 1.09127e+19 1.47113e+19 1.76602e+19 1.92662e+19 1.92662e+19 1.76602e+19 1.47113e+19 1.09127e+19 6.9141e+18 3.40474e+18 9.76393e+17 1.15965e+16 2.32876e+14 5.47255e+12 1.28413e+11 3.00722e+09 6.72859e+07
5.60113e+07 2.50348e+09 1.06915e+11 4.55702e+12 1.93953e+14 9.65971e+15 8.12923e+17 2.83511e+18 5.75871e+18 9.09152e+18 1.22591e+19 1.47192e+19 1.60594e+19 1.60594e+19 1.47192e+19 1.22591e+19 9.09152e+18 5.75871e+18 2.83511e+18 8.12923e+17 9.65971e+15 1.93953e+14 4.55702e+12 1.06915e+11 2.50348e+09 5.60113e+07
4.14709e+07 1.85302e+09 7.91207e+10 3.37212e+12 1.43525e+14 7.1499e+15 6.02337e+17 2.10136e+18 4.26984e+18 6.74348e+18 9.096e+18 1.0924e+19 1.19202e+19 1.19202e+19 1.0924e+19 9.096e+18 6.74348e+18 4.26984e+18 2.10136e+18 6.02337e+17 7.1499e+15 1.43525e+14 3.37212e+12 7.91207e+10 1.85302e+09 4.14709e+07
2.62263e+07 1.16958e+09 4.98598e+10 2.12262e+12 9.02793e+13 4.49867e+15 3.80809e+17 1.32936e+18 2.70256e+18 4.27016e+18 5.762e+18 6.92186e+18 7.55414e+18 7.55414e+18 6.92186e+18 5.762e+18 4.27016e+18 2.70256e+18 1.32936e+18 3.80809e+17 4.49867e+15 9.02793e+13 2.12262e+12 4.98598e+10 1.16958e+09 2.62263e+07
1.30925e+07 5.78506e+08 2.44535e+10 1.03387e+12 4.37551e+13 2.17825e+15 1.86779e+17 6.52814e+17 1.3281e+18 2.09954e+18 2.83411e+18 3.40543e+18 3.71696e+18 3.71696e+18 3.40543e+18 2.83411e+18 2.09954e+18 1.3281e+18 6.52814e+17 1.86779e+17 2.17825e+15 4.37551e+13 1.03387e+12 2.44535e+10 5.78506e+08 1.30925e+07
4.40522e+06 1.86447e+08 7.52217e+09 3.0359e+11 1.23128e+13 5.97513e+14 5.30776e+16 1.86034e+17 3.78941e+17 5.99453e+17 8.09473e+17 9.72822e+17 1.06189e+18 1.06189e+18 9.72822e+17 8.09473e+17 5.99453e+17 3.78941e+17 1.86034e+17 5.30776e+16 5.97513e+14 1.23128e+13 3.0359e+11 7.52217e+09 1.86447e+08 4.40522e+06
756212 2.63734e+07 8.04745e+08 2.1362e+10 4.28016e+11 6.30497e+12 5.5716e+14 2.02899e+15 4.19251e+15 6.6701e+15 9.02188e+15 1.08414e+16 1.18291e+16 1.18291e+16 1.08414e+16 9.02188e+15 6.6701e+15 4.19251e+15 2.02899e+15 5.5716e+14 6.30497e+12 4.28016e+11 2.1362e+10 8.04745e+08 2.63734e+07 756212
81610.2 2.32099e+06 5.47948e+07 1.0894e+09 1.83152e+10 3.92052e+11 1.12551e+13 4.00257e+13 8.26706e+13 1.31591e+14 1.78045e+14 2.13987e+14 2.33496e+14 2.33496e+14 2.13987e+14 1.78045e+14 1.31591e+14 8.26706e+13 4.00257e+13 1.12551e+13 3.92052e+11 1.83152e+10 1.0894e+09 5.47948e+07 2.32099e+06 81610.2
6630.26 160437 3.21849e+06 5.80875e+07 1.0319e+09 1.95471e+10 2.77514e+11 9.45729e+11 1.94364e+12 3.09148e+12 4.18272e+12 5.02784e+12 5.48686e+12 5.48686e+12 5.02784e+12 4.18272e+12 3.09148e+12 1.94364e+12 9.45729e+11 2.77514e+11 1.95471e+10 1.0319e+09 5.80875e+07 3.21849e+06 160438 6630.26
455.373 9857.12 180387 3.09446e+06 5.09096e+07 7.36059e+08 6.87602e+09 2.23682e+10 4.56534e+10 7.25298e+10 9.81205e+10 1.17959e+11 1.28741e+11 1.28741e+11 1.17959e+11 9.81205e+10 7.25298e+10 4.56534e+10 2.23682e+10 6.87602e+09 7.36059e+08 5.09096e+07 3.09446e+06 180387 9857.12 455.373
28.0808 561.622 9557.82 150976 2.13995e+06 2.4116e+07 1.70428e+08 5.29156e+08 1.07085e+09 1.69851e+09 2.29726e+09 2.76193e+09 3.01465e+09 3.01465e+09 2.76193e+09 2.29726e+09 1.69851e+09 1.07085e+09 5.29156e+08 1.70428e+08 2.4116e+07 2.13995e+06 150976 9557.82 561.622 28.0808
1.46045 27.4139 433.031 6170.86 74980.7 691349 4.02661e+06 1.19751e+07 2.40109e+07 3.80092e+07 5.13907e+07 6.17877e+07 6.74461e+07 6.74461e+07 6.17877e+07 5.13907e+07 3.80092e+07 2.40109e+07 1.19751e+07 4.02661e+06 691349 74980.7 6170.86 433.031 27.4139 1.46045
