4.30441e-05 0.000807355 0.0127967 0.183571 2.24497 20.7693 120.898 358.377 716.739 1133.88 1534.71 1848.4 2020.18 2020.18 1848.4 1534.71 1133.88 716.739 358.377 120.898 20.7693 2.24497 0.183571 0.0127967 0.000807355 4.30441e-05
0.000818268 0.0162955 0.27758 4.41821 63.2835 718.43 5084 15733.7 31755.7 50339 68169.1 82117.3 89754.6 89754.6 82117.3 68169.1 50339 31755.7 15733.7 5084 718.43 63.2835 4.41821 0.27758 0.0162955 0.000818268
0.0131627 0.282383 5.14132 88.6173 1479.75 21706.5 203752 660606 1.34446e+06 2.13474e+06 2.89206e+06 3.48434e+06 3.80863e+06 3.80863e+06 3.48434e+06 2.89206e+06 2.13474e+06 1.34446e+06 660606 203752 21706.5 1479.75 88.6173 5.14132 0.282383 0.0131627
0.191201 4.57095 90.5536 1624.57 29238.8 569120 8.17456e+06 2.77586e+07 5.68715e+07 9.04066e+07 1.22517e+08 1.47626e+08 1.61374e+08 1.61374e+08 1.47626e+08 1.22517e+08 9.04066e+07 5.68715e+07 2.77586e+07 8.17456e+06 569120 29238.8 1624.57 90.5536 4.57095 0.191201
2.35844 66.2867 1541.44 30099.2 500265 1.11638e+07 3.30001e+08 1.16886e+09 2.40591e+09 3.82742e+09 5.18799e+09 6.25192e+09 6.83448e+09 6.83448e+09 6.25192e+09 5.18799e+09 3.82742e+09 2.40591e+09 1.16886e+09 3.30001e+08 1.11638e+07 500265 30099.2 1541.44 66.2867 2.35844
21.9317 757.922 22863.1 597683 1.16457e+07 1.658e+08 1.62022e+10 5.87534e+10 1.20934e+11 1.92233e+11 2.60433e+11 3.13751e+11 3.42943e+11 3.42943e+11 3.13751e+11 2.60433e+11 1.92233e+11 1.20934e+11 5.87534e+10 1.62022e+10 1.658e+08 1.16457e+07 597683 22863.1 757.922 21.9317
128.033 5384.25 215796 8.65844e+06 3.49579e+08 1.70358e+10 1.54369e+12 5.38269e+12 1.09078e+13 1.71984e+13 2.31916e+13 2.78662e+13 3.04226e+13 3.04226e+13 2.78662e+13 2.31916e+13 1.71984e+13 1.09078e+13 5.38269e+12 1.54369e+12 1.70358e+10 3.49579e+08 8.65844e+06 215796 5384.25 128.033
379.741 16673.6 700162 2.94249e+07 1.23921e+09 6.18552e+10 5.39976e+12 1.87807e+13 3.80205e+13 5.99155e+13 8.07696e+13 9.70334e+13 1.05927e+14 1.05927e+14 9.70334e+13 8.07696e+13 5.99155e+13 3.80205e+13 1.87807e+13 5.39976e+12 6.18552e+10 1.23921e+09 2.94249e+07 700162 16673.6 379.741
759.27 33643.9 1.42457e+06 6.0268e+07 2.54992e+09 1.27301e+11 1.09518e+13 3.80539e+13 7.70092e+13 1.21333e+14 1.63545e+14 1.96464e+14 2.14465e+14 2.14465e+14 1.96464e+14 1.63545e+14 1.21333e+14 7.70092e+13 3.80539e+13 1.09519e+13 1.27301e+11 2.54992e+09 6.0268e+07 1.42457e+06 33643.9 759.27
1200.48 53300.8 2.26057e+06 9.57457e+07 4.05389e+09 2.02242e+11 1.72707e+13 5.99795e+13 1.21356e+14 1.91185e+14 2.57684e+14 3.09543e+14 3.37899e+14 3.37899e+14 3.09543e+14 2.57684e+14 1.91185e+14 1.21356e+14 5.99795e+13 1.72707e+13 2.02242e+11 4.05389e+09 9.57457e+07 2.26057e+06 53300.8 1200.48
1623.81 72132.6 3.06046e+06 1.29662e+08 5.49101e+09 2.73814e+11 2.32865e+13 8.0849e+13 1.63564e+14 2.57665e+14 3.47277e+14 4.17158e+14 4.55369e+14 4.55369e+14 4.17158e+14 3.47277e+14 2.57665e+14 1.63564e+14 8.0849e+13 2.32865e+13 2.73814e+11 5.49101e+09 1.29662e+08 3.06046e+06 72132.6 1623.81
1954.69 86844.3 3.68515e+06 1.56144e+08 6.61312e+09 3.29688e+11 2.79753e+13 9.71136e+13 1.96458e+14 3.09473e+14 4.17096e+14 5.01022e+14 5.46913e+14 5.46913e+14 5.01022e+14 4.17096e+14 3.09473e+14 1.96458e+14 9.71136e+13 2.79753e+13 3.29688e+11 6.61312e+09 1.56144e+08 3.68515e+06 86844.3 1954.69
2135.7 94892 4.02684e+06 1.7063e+08 7.22689e+09 3.60248e+11 3.05381e+13 1.06003e+14 2.14435e+14 3.37788e+14 4.55255e+14 5.46856e+14 5.96944e+14 5.96944e+14 5.46856e+14 4.55255e+14 3.37788e+14 2.14435e+14 1.06003e+14 3.05381e+13 3.60248e+11 7.2269e+09 1.7063e+08 4.02684e+06 94892 2135.7
2135.7 94892 4.02684e+06 1.7063e+08 7.2269e+09 3.60248e+11 3.05381e+13 1.06003e+14 2.14435e+14 3.37788e+14 4.55255e+14 5.46856e+14 5.96944e+14 5.96944e+14 5.46856e+14 4.55255e+14 3.37788e+14 2.14435e+14 1.06003e+14 3.05381e+13 3.60248e+11 7.22689e+09 1.7063e+08 4.02684e+06 94892 2135.7
1954.69 86844.3 3.68515e+06 1.56144e+08 6.61312e+09 3.29688e+11 2.79753e+13 9.71136e+13 1.96458e+14 3.09473e+14 4.17096e+14 5.01022e+14 5.46913e+14 5.46913e+14 5.01022e+14 4.17096e+14 3.09473e+14 1.96458e+14 9.71136e+13 2.79753e+13 3.29688e+11 6.61312e+09 1.56144e+08 3.68515e+06 86844.3 1954.69
1623.81 72132.6 3.06046e+06 1.29662e+08 5.49101e+09 2.73814e+11 2.32865e+13 8.0849e+13 1.63564e+14 2.57665e+14 3.47277e+14 4.17158e+14 4.55369e+14 4.55369e+14 4.17158e+14 3.47277e+14 2.57665e+14 1.63564e+14 8.0849e+13 2.32865e+13 2.73814e+11 5.49101e+09 1.29662e+08 3.06046e+06 72132.6 1623.81
1200.48 53300.8 2.26057e+06 9.57457e+07 4.05389e+09 2.02242e+11 1.72707e+13 5.99795e+13 1.21356e+14 1.91185e+14 2.57684e+14 3.09543e+14 3.37899e+14 3.37899e+14 3.09543e+14 2.57684e+14 1.91185e+14 1.21356e+14 5.99795e+13 1.72707e+13 2.02242e+11 4.05389e+09 9.57457e+07 2.26057e+06 53300.8 1200.48
759.27 33643.9 1.42457e+06 6.0268e+07 2.54992e+09 1.27301e+11 1.09519e+13 3.80539e+13 7.70092e+13 1.21333e+14 1.63545e+14 1.96464e+14 2.14465e+14 2.14465e+14 1.96464e+14 1.63545e+14 1.21333e+14 7.70092e+13 3.80539e+13 1.09518e+13 1.27301e+11 2.54992e+09 6.0268e+07 1.42457e+06 33643.9 759.27
379.741 16673.6 700162 2.94249e+07 1.23921e+09 6.18552e+10 5.39976e+12 1.87807e+13 3.80205e+13 5.99155e+13 8.07696e+13 9.70334e+13 1.05927e+14 1.05927e+14 9.70334e+13 8.07696e+13 5.99155e+13 3.80205e+13 1.87807e+13 5.39976e+12 6.18552e+10 1.23921e+09 2.94249e+07 700162 16673.6 379.741
128.033 5384.25 215796 8.65844e+06 3.49579e+08 1.70358e+10 1.54369e+12 5.38269e+12 1.09078e+13 1.71984e+13 2.31916e+13 2.78662e+13 3.04226e+13 3.04226e+13 2.78662e+13 2.31916e+13 1.71984e+13 1.09078e+13 5.38269e+12 1.54369e+12 1.70358e+10 3.49579e+08 8.65844e+06 215796 5384.25 128.033
21.9317 757.922 22863.1 597683 1.16457e+07 1.658e+08 1.62022e+10 5.87534e+10 1.20934e+11 1.92233e+11 2.60433e+11 3.13751e+11 3.42943e+11 3.42943e+11 3.13751e+11 2.60433e+11 1.92233e+11 1.20934e+11 5.87534e+10 1.62022e+10 1.658e+08 1.16457e+07 597683 22863.1 757.922 21.9317
2.35844 66.2867 1541.44 30099.2 500265 1.11638e+07 3.30001e+08 1.16886e+09 2.40591e+09 3.82742e+09 5.18799e+09 6.25192e+09 6.83448e+09 6.83448e+09 6.25192e+09 5.18799e+09 3.82742e+09 2.40591e+09 1.16886e+09 3.30001e+08 1.11638e+07 500265 30099.2 1541.44 66.2867 2.35844
0.191201 4.57095 90.5536 1624.57 29238.8 569120 8.17456e+06 2.77586e+07 5.68715e+07 9.04066e+07 1.22517e+08 1.47626e+08 1.61374e+08 1.61374e+08 1.47626e+08 1.22517e+08 9.04066e+07 5.68715e+07 2.77586e+07 8.17456e+06 569120 29238.8 1624.57 90.5536 4.57095 0.191201
0.0131627 0.282383 5.14132 88.6173 1479.75 21706.5 203752 660606 1.34446e+06 2.13474e+06 2.89206e+06 3.48434e+06 3.80863e+06 3.80863e+06 3.48434e+06 2.89206e+06 2.13474e+06 1.34446e+06 660606 203752 21706.5 1479.75 88.6173 5.14132 0.282383 0.0131627
0.000818268 0.0162955 0.27758 4.41821 63.2835 718.43 5084 15733.7 31755.7 50339 68169.1 82117.3 89754.6 89754.6 82117.3 68169.1 50339 31755.7 15733.7 5084 718.43 63.2835 4.41821 0.27758 0.0162955 0.000818268
4.30441e-05 0.000807355 0.0127967 0.183571 2.24497 20.7693 120.898 358.377 716.739 1133.88 1534.71 1848.4 2020.18 2020.18 1848.4 1534.71 1133.88 716.739 358.377 120.898 20.7693 2.24497 0.183571 0.0127967 0.000807355 4.30441e-05
