0.00165061 0.0311417 0.497198 7.18824 88.5704 824.946 4832.23 14428.4 29092.6 46396.2 63231.6 76536.4 83866.8 83866.8 76536.4 63231.6 46396.2 29092.6 14428.4 4832.23 824.946 88.5704 7.18824 0.497198 0.0311417 0.00165061
0.0314707 0.630005 10.805 173.382 2504.29 28642.1 203996 636115 1.295e+06 2.07031e+06 2.82396e+06 3.41954e+06 3.74772e+06 3.74772e+06 3.41954e+06 2.82396e+06 2.07031e+06 1.295e+06 636115 203996 28642.1 2504.29 173.382 10.805 0.630005 0.0314707
0.50833 10.9505 200.441 3480.46 58657.4 867922 8.20138e+06 2.68018e+07 5.50454e+07 8.81847e+07 1.20378e+08 1.45821e+08 1.59843e+08 1.59843e+08 1.45821e+08 1.20378e+08 8.81847e+07 5.50454e+07 2.68018e+07 8.20138e+06 867922 58657.4 3480.46 200.441 10.9505 0.508331
7.4238 178.063 3539.22 63785.9 1.158e+06 2.2791e+07 3.2976e+08 1.1291e+09 2.33559e+09 3.74773e+09 5.11918e+09 6.2033e+09 6.8009e+09 6.8009e+09 6.2033e+09 5.11918e+09 3.74773e+09 2.33559e+09 1.1291e+09 3.2976e+08 2.2791e+07 1.158e+06 63785.9 3539.22 178.063 7.4238
92.1526 2598.34 60560.3 1.18387e+06 1.97241e+07 4.46442e+08 1.33278e+10 4.76217e+10 9.9017e+10 1.59072e+11 2.17402e+11 2.63527e+11 2.88958e+11 2.88958e+11 2.63527e+11 2.17402e+11 1.59072e+11 9.9017e+10 4.76217e+10 1.33278e+10 4.46442e+08 1.97241e+07 1.18387e+06 60560.3 2598.34 92.1526
862.701 29919.6 904917 2.36793e+07 4.60141e+08 6.52299e+09 6.53624e+11 2.3918e+12 4.97407e+12 7.98523e+12 1.0908e+13 1.32185e+13 1.44922e+13 1.44922e+13 1.32185e+13 1.0908e+13 7.98523e+12 4.97407e+12 2.3918e+12 6.53624e+11 6.52299e+09 4.60141e+08 2.36793e+07 904917 29919.6 862.701
5070.72 214073 8.60699e+06 3.46097e+08 1.39899e+10 6.82933e+11 6.22934e+13 2.18595e+14 4.46285e+14 7.08768e+14 9.61595e+14 1.16046e+15 1.26978e+15 1.26978e+15 1.16046e+15 9.61595e+14 7.08768e+14 4.46285e+14 2.18595e+14 6.22934e+13 6.82933e+11 1.39899e+10 3.46097e+08 8.60699e+06 214073 5070.72
15152.4 668140 2.81559e+07 1.18636e+09 5.00458e+10 2.50244e+12 2.19258e+14 7.67143e+14 1.56417e+15 2.48222e+15 3.36602e+15 4.06093e+15 4.44287e+15 4.44287e+15 4.06093e+15 3.36602e+15 2.48222e+15 1.56417e+15 7.67143e+14 2.19258e+14 2.50244e+12 5.00458e+10 1.18636e+09 2.81559e+07 668140 15152.4
30547.1 1.35996e+06 5.78163e+07 2.45359e+09 1.04038e+11 5.20374e+12 4.48049e+14 1.56564e+15 3.19046e+15 5.06133e+15 6.86196e+15 8.27758e+15 9.05555e+15 9.05555e+15 8.27758e+15 6.86196e+15 5.06132e+15 3.19046e+15 1.56564e+15 4.48049e+14 5.20374e+12 1.04038e+11 2.45359e+09 5.78163e+07 1.35996e+06 30547.1
48687.9 2.17288e+06 9.25684e+07 3.93465e+09 1.67033e+11 8.34929e+12 7.11739e+14 2.48521e+15 5.0627e+15 8.02983e+15 1.08851e+16 1.31297e+16 1.43632e+16 1.43632e+16 1.31297e+16 1.08851e+16 8.02983e+15 5.0627e+15 2.48522e+15 7.11739e+14 8.34929e+12 1.67033e+11 3.93465e+09 9.25684e+07 2.17288e+06 48687.9
66309.5 2.9618e+06 1.26271e+08 5.37052e+09 2.28109e+11 1.13973e+13 9.65565e+14 3.36996e+15 6.86365e+15 1.08849e+16 1.47542e+16 1.77957e+16 1.94671e+16 1.94671e+16 1.77957e+16 1.47542e+16 1.08849e+16 6.86365e+15 3.36996e+15 9.65565e+14 1.13973e+13 2.28109e+11 5.37052e+09 1.26271e+08 2.9618e+06 66309.5
80214.9 3.58429e+06 1.52865e+08 6.5037e+09 2.76322e+11 1.38028e+13 1.16506e+15 4.06514e+15 8.27855e+15 1.31278e+16 1.77935e+16 2.14608e+16 2.34761e+16 2.34761e+16 2.14608e+16 1.77935e+16 1.31278e+16 8.27855e+15 4.06514e+15 1.16506e+15 1.38028e+13 2.76322e+11 6.5037e+09 1.52865e+08 3.58429e+06 80214.9
87868.2 3.92692e+06 1.67504e+08 7.12762e+09 3.02873e+11 1.51273e+13 1.27467e+15 4.44702e+15 9.05573e+15 1.43597e+16 1.94628e+16 2.34739e+16 2.56779e+16 2.56779e+16 2.34738e+16 1.94628e+16 1.43597e+16 9.05573e+15 4.44702e+15 1.27467e+15 1.51273e+13 3.02873e+11 7.12762e+09 1.67504e+08 3.92692e+06 87868.2
87868.2 3.92692e+06 1.67504e+08 7.12762e+09 3.02873e+11 1.51273e+13 1.27467e+15 4.44702e+15 9.05573e+15 1.43597e+16 1.94628e+16 2.34738e+16 2.56779e+16 2.56779e+16 2.34739e+16 1.94628e+16 1.43597e+16 9.05573e+15 4.44702e+15 1.27467e+15 1.51273e+13 3.02873e+11 7.12762e+09 1.67504e+08 3.92692e+06 87868.2
80214.9 3.58429e+06 1.52865e+08 6.5037e+09 2.76322e+11 1.38028e+13 1.16506e+15 4.06514e+15 8.27855e+15 1.31278e+16 1.77935e+16 2.14608e+16 2.34761e+16 2.34761e+16 2.14608e+16 1.77935e+16 1.31278e+16 8.27855e+15 4.06514e+15 1.16506e+15 1.38028e+13 2.76322e+11 6.5037e+09 1.52865e+08 3.58429e+06 80214.9
66309.5 2.9618e+06 1.26271e+08 5.37052e+09 2.28109e+11 1.13973e+13 9.65565e+14 3.36996e+15 6.86365e+15 1.08849e+16 1.47542e+16 1.77957e+16 1.94671e+16 1.94671e+16 1.77957e+16 1.47542e+16 1.08849e+16 6.86365e+15 3.36996e+15 9.65565e+14 1.13973e+13 2.28109e+11 5.37052e+09 1.26271e+08 2.9618e+06 66309.5
48687.9 2.17288e+06 9.25684e+07 3.93465e+09 1.67033e+11 8.34929e+12 7.11739e+14 2.48522e+15 5.0627e+15 8.02983e+15 1.08851e+16 1.31297e+16 1.43632e+16 1.43632e+16 1.31297e+16 1.08851e+16 8.02983e+15 5.0627e+15 2.48521e+15 7.11739e+14 8.34929e+12 1.67033e+11 3.93465e+09 9.25684e+07 2.17288e+06 48687.9
30547.1 1.35996e+06 5.78163e+07 2.45359e+09 1.04038e+11 5.20374e+12 4.48049e+14 1.56564e+15 3.19046e+15 5.06132e+15 6.86196e+15 8.27758e+15 9.05555e+15 9.05555e+15 8.27758e+15 6.86196e+15 5.06132e+15 3.19046e+15 1.56564e+15 4.48049e+14 5.20374e+12 1.04038e+11 2.45359e+09 5.78163e+07 1.35996e+06 30547.1
15152.4 668140 2.81559e+07 1.18636e+09 5.00458e+10 2.50244e+12 2.19258e+14 7.67143e+14 1.56417e+15 2.48222e+15 3.36602e+15 4.06093e+15 4.44287e+15 4.44287e+15 4.06093e+15 3.36602e+15 2.48222e+15 1.56417e+15 7.67143e+14 2.19258e+14 2.50244e+12 5.00458e+10 1.18636e+09 2.81559e+07 668140 15152.4
5070.72 214073 8.60699e+06 3.46097e+08 1.39899e+10 6.82933e+11 6.22934e+13 2.18595e+14 4.46285e+14 7.08768e+14 9.61595e+14 1.16046e+15 1.26978e+15 1.26978e+15 1.16046e+15 9.61595e+14 7.08768e+14 4.46285e+14 2.18595e+14 6.22934e+13 6.82933e+11 1.39899e+10 3.46097e+08 8.60699e+06 214073 5070.72
862.701 29919.6 904917 2.36793e+07 4.60141e+08 6.52299e+09 6.53624e+11 2.3918e+12 4.97407e+12 7.98523e+12 1.0908e+13 1.32185e+13 1.44922e+13 1.44922e+13 1.32185e+13 1.0908e+13 7.98523e+12 4.97407e+12 2.3918e+12 6.53624e+11 6.52299e+09 4.60141e+08 2.36793e+07 904917 29919.6 862.701
92.1526 2598.34 60560.3 1.18387e+06 1.97241e+07 4.46442e+08 1.33278e+10 4.76217e+10 9.9017e+10 1.59072e+11 2.17402e+11 2.63527e+11 2.88958e+11 2.88958e+11 2.63527e+11 2.17402e+11 1.59072e+11 9.9017e+10 4.76217e+10 1.33278e+10 4.46442e+08 1.97241e+07 1.18387e+06 60560.3 2598.34 92.1526
7.4238 178.063 3539.22 63785.9 1.158e+06 2.2791e+07 3.2976e+08 1.1291e+09 2.33559e+09 3.74773e+09 5.11918e+09 6.2033e+09 6.8009e+09 6.8009e+09 6.2033e+09 5.11918e+09 3.74773e+09 2.33559e+09 1.1291e+09 3.2976e+08 2.2791e+07 1.158e+06 63785.9 3539.22 178.063 7.4238
0.50833 10.9505 200.441 3480.46 58657.4 867922 8.20138e+06 2.68018e+07 5.50454e+07 8.81847e+07 1.20378e+08 1.45821e+08 1.59843e+08 1.59843e+08 1.45821e+08 1.20378e+08 8.81847e+07 5.50454e+07 2.68018e+07 8.20138e+06 867922 58657.4 3480.46 200.441 10.9505 0.508331
0.0314707 0.630005 10.805 173.382 2504.29 28642.1 203996 636115 1.295e+06 2.07031e+06 2.82396e+06 3.41954e+06 3.74772e+06 3.74772e+06 3.41954e+06 2.82396e+06 2.07031e+06 1.295e+06 636115 203996 28642.1 2504.29 173.382 10.805 0.630005 0.0314707
0.00165061 0.0311417 0.497198 7.18824 88.5704 824.946 4832.23 14428.4 29092.6 46396.2 63231.6 76536.4 83866.8 83866.8 76536.4 63231.6 46396.2 29092.6 14428.4 4832.23 824.946 88.5704 7.18824 0.497198 0.0311417 0.00165061
