7.33495e-06 0.00013739 0.00217261 0.031079 0.379114 3.50136 20.3669 60.3857 120.833 191.279 259.051 312.145 341.238 341.238 312.145 259.051 191.279 120.833 60.3857 20.3669 3.50136 0.379114 0.031079 0.00217261 0.00013739 7.33495e-06
0.000139604 0.00277834 0.0472382 0.749577 10.7004 121.178 856.609 2651.5 5354.56 8493.65 11509.3 13870.8 15164.7 15164.7 13870.8 11509.3 8493.65 5354.56 2651.5 856.609 121.178 10.7004 0.749577 0.0472382 0.00277834 0.000139604
0.00224667 0.0482142 0.877239 15.0808 250.737 3663.98 34334.6 111340 226730 360253 488372 588678 643637 643637 588678 488373 360253 226730 111340 34334.6 3663.98 250.737 15.0808 0.877239 0.0482142 0.00224667
0.0326133 0.780494 15.476 277.497 4973.41 96189.3 1.3776e+06 4.67878e+06 9.59176e+06 1.52587e+07 2.0692e+07 2.49455e+07 2.72761e+07 2.72761e+07 2.49455e+07 2.0692e+07 1.52587e+07 9.59176e+06 4.67878e+06 1.3776e+06 96189.3 4973.41 277.497 15.476 0.780494 0.0326133
0.401685 11.3022 263.236 5150.62 85651.2 1.89287e+06 5.56129e+07 1.97018e+08 4.05792e+08 6.46036e+08 8.76294e+08 1.05656e+09 1.15533e+09 1.15533e+09 1.05656e+09 8.76294e+08 6.46036e+08 4.05792e+08 1.97018e+08 5.56129e+07 1.89287e+06 85651.2 5150.62 263.236 11.3022 0.401685
3.72923 128.958 3893.91 101972 1.99543e+06 2.85473e+07 2.73332e+09 9.91261e+09 2.0416e+10 3.2476e+10 4.40273e+10 5.3068e+10 5.80215e+10 5.80215e+10 5.3068e+10 4.40273e+10 3.2476e+10 2.0416e+10 9.91261e+09 2.73332e+09 2.85473e+07 1.99543e+06 101972 3893.91 128.958 3.72923
21.7454 914.589 36659.1 1.47092e+06 5.93849e+07 2.8895e+09 2.60565e+11 9.08661e+11 1.84212e+12 2.90588e+12 3.92023e+12 4.71201e+12 5.14522e+12 5.14522e+12 4.71201e+12 3.92023e+12 2.90588e+12 1.84212e+12 9.0866e+11 2.60565e+11 2.8895e+09 5.93849e+07 1.47092e+06 36659.1 914.589 21.7454
64.5007 2832.38 118945 4.9988e+06 2.10513e+08 1.04934e+10 9.1184e+11 3.17173e+12 6.4235e+12 1.01273e+13 1.3658e+13 1.64136e+13 1.79211e+13 1.79211e+13 1.64136e+13 1.3658e+13 1.01273e+13 6.4235e+12 3.17173e+12 9.1184e+11 1.04934e+10 2.10513e+08 4.9988e+06 118945 2832.38 64.5007
129.036 5718.44 242155 1.02451e+07 4.33464e+08 2.16115e+10 1.85049e+12 6.4303e+12 1.30178e+13 2.05196e+13 2.76701e+13 3.32504e+13 3.63032e+13 3.63032e+13 3.32504e+13 2.76701e+13 2.05196e+13 1.30178e+13 6.4303e+12 1.85049e+12 2.16115e+10 4.33464e+08 1.02451e+07 242155 5718.44 129.036
204.163 9066.21 384559 1.62891e+07 6.89703e+08 3.43632e+10 2.91999e+12 1.01414e+13 2.05265e+13 3.23518e+13 4.36228e+13 5.24184e+13 5.72301e+13 5.72301e+13 5.24184e+13 4.36228e+13 3.23518e+13 2.05265e+13 1.01414e+13 2.91999e+12 3.43632e+10 6.89703e+08 1.62891e+07 384559 9066.21 204.163
276.349 12278.2 521019 2.20761e+07 9.34948e+08 4.65612e+10 3.93932e+12 1.36775e+13 2.76805e+13 4.36246e+13 5.88208e+13 7.06793e+13 7.71665e+13 7.71665e+13 7.06793e+13 5.88208e+13 4.36246e+13 2.76805e+13 1.36775e+13 3.93932e+12 4.65612e+10 9.34948e+08 2.20761e+07 521019 12278.2 276.349
332.836 14790.5 627727 2.66008e+07 1.1267e+09 5.60965e+10 4.73454e+12 1.64358e+13 3.32607e+13 5.24171e+13 7.06748e+13 8.49221e+13 9.27161e+13 9.27161e+13 8.49221e+13 7.06747e+13 5.24171e+13 3.32607e+13 1.64358e+13 4.73454e+12 5.60965e+10 1.1267e+09 2.66008e+07 627727 14790.5 332.836
363.765 16166 686145 2.90779e+07 1.23168e+09 6.13165e+10 5.16944e+12 1.79442e+13 3.63122e+13 5.72253e+13 7.7157e+13 9.27106e+13 1.01219e+14 1.01219e+14 9.27106e+13 7.7157e+13 5.72253e+13 3.63122e+13 1.79442e+13 5.16944e+12 6.13165e+10 1.23168e+09 2.90779e+07 686145 16166 363.765
363.765 16166 686145 2.90779e+07 1.23168e+09 6.13165e+10 5.16944e+12 1.79442e+13 3.63122e+13 5.72253e+13 7.7157e+13 9.27106e+13 1.01219e+14 1.01219e+14 9.27106e+13 7.7157e+13 5.72253e+13 3.63122e+13 1.79442e+13 5.16944e+12 6.13165e+10 1.23168e+09 2.90779e+07 686145 16166 363.765
332.836 14790.5 627727 2.66008e+07 1.1267e+09 5.60965e+10 4.73454e+12 1.64358e+13 3.32607e+13 5.24171e+13 7.06747e+13 8.49221e+13 9.27161e+13 9.27161e+13 8.49221e+13 7.06748e+13 5.24171e+13 3.32607e+13 1.64358e+13 4.73454e+12 5.60965e+10 1.1267e+09 2.66008e+07 627727 14790.5 332.836
276.349 12278.2 521019 2.20761e+07 9.34948e+08 4.65612e+10 3.93932e+12 1.36775e+13 2.76805e+13 4.36246e+13 5.88208e+13 7.06793e+13 7.71665e+13 7.71665e+13 7.06793e+13 5.88208e+13 4.36246e+13 2.76805e+13 1.36775e+13 3.93932e+12 4.65612e+10 9.34948e+08 2.20761e+07 521019 12278.2 276.349
204.163 9066.21 384559 1.62891e+07 6.89703e+08 3.43632e+10 2.91999e+12 1.01414e+13 2.05265e+13 3.23518e+13 4.36228e+13 5.24184e+13 5.72301e+13 5.72301e+13 5.24184e+13 4.36228e+13 3.23518e+13 2.05265e+13 1.01414e+13 2.91999e+12 3.43632e+10 6.89703e+08 1.62891e+07 384559 9066.21 204.163
129.036 5718.44 242155 1.02451e+07 4.33464e+08 2.16115e+10 1.85049e+12 6.4303e+12 1.30178e+13 2.05196e+13 2.76701e+13 3.32504e+13 3.63032e+13 3.63032e+13 3.32504e+13 2.76701e+13 2.05196e+13 1.30178e+13 6.4303e+12 1.85049e+12 2.16115e+10 4.33464e+08 1.02451e+07 242155 5718.44 129.036
64.5007 2832.38 118945 4.9988e+06 2.10513e+08 1.04934e+10 9.1184e+11 3.17173e+12 6.4235e+12 1.01273e+13 1.3658e+13 1.64136e+13 1.79211e+13 1.79211e+13 1.64136e+13 1.3658e+13 1.01273e+13 6.4235e+12 3.17173e+12 9.1184e+11 1.04934e+10 2.10513e+08 4.9988e+06 118945 2832.38 64.5007
21.7454 914.589 36659.1 1.47092e+06 5.93849e+07 2.8895e+09 2.60565e+11 9.0866e+11 1.84212e+12 2.90588e+12 3.92023e+12 4.71201e+12 5.14522e+12 5.14522e+12 4.71201e+12 3.92023e+12 2.90588e+12 1.84212e+12 9.08661e+11 2.60565e+11 2.8895e+09 5.93849e+07 1.47092e+06 36659.1 914.589 21.7454
3.72923 128.958 3893.91 101972 1.99543e+06 2.85473e+07 2.73332e+09 9.91261e+09 2.0416e+10 3.2476e+10 4.40273e+10 5.3068e+10 5.80215e+10 5.80215e+10 5.3068e+10 4.40273e+10 3.2476e+10 2.0416e+10 9.91261e+09 2.73332e+09 2.85473e+07 1.99543e+06 101972 3893.91 128.958 3.72923
0.401685 11.3022 263.236 5150.62 85651.2 1.89287e+06 5.56129e+07 1.97018e+08 4.05792e+08 6.46036e+08 8.76294e+08 1.05656e+09 1.15533e+09 1.15533e+09 1.05656e+09 8.76294e+08 6.46036e+08 4.05792e+08 1.97018e+08 5.56129e+07 1.89287e+06 85651.2 5150.62 263.236 11.3022 0.401685
0.0326133 0.780494 15.476 277.497 4973.41 96189.3 1.3776e+06 4.67878e+06 9.59176e+06 1.52587e+07 2.0692e+07 2.49455e+07 2.72761e+07 2.72761e+07 2.49455e+07 2.0692e+07 1.52587e+07 9.59176e+06 4.67878e+06 1.3776e+06 96189.3 4973.41 277.497 15.476 0.780494 0.0326133
0.00224667 0.0482142 0.877239 15.0808 250.737 3663.98 34334.6 111340 226730 360253 488373 588678 643637 643637 588678 488372 360253 226730 111340 34334.6 3663.98 250.737 15.0808 0.877239 0.0482142 0.00224667
0.000139604 0.00277834 0.0472382 0.749577 10.7004 121.178 856.609 2651.5 5354.56 8493.65 11509.3 13870.8 15164.7 15164.7 13870.8 11509.3 8493.65 5354.56 2651.5 856.609 121.178 10.7004 0.749577 0.0472382 0.00277834 0.000139604
7.33495e-06 0.00013739 0.00217261 0.031079 0.379114 3.50136 20.3669 60.3857 120.833 191.279 259.051 312.145 341.238 341.238 312.145 259.051 191.279 120.833 60.3857 20.3669 3.50136 0.379114 0.031079 0.00217261 0.00013739 7.33495e-06
