3.01202e-08 5.65274e-07 8.96826e-06 0.000128805 0.00157708 0.014605 0.0850914 0.252526 0.505785 0.801452 1.08643 1.31006 1.43275 1.43275 1.31006 1.08643 0.801452 0.505785 0.252526 0.0850914 0.014605 0.00157708 0.000128805 8.96826e-06 5.65274e-07 3.01202e-08
5.72487e-07 1.14042e-05 0.000194407 0.00309816 0.0444387 0.505104 3.57777 11.0853 22.4075 35.58 48.2591 58.2055 63.6619 63.6619 58.2055 48.2591 35.58 22.4075 11.0853 3.57777 0.505104 0.0444387 0.00309816 0.000194407 1.14042e-05 5.72488e-07
9.21059e-06 0.00019758 0.00359829 0.0620822 1.03839 15.2567 143.363 465.367 948.591 1508.8 2047.45 2469.92 2701.69 2701.69 2469.92 2047.45 1508.8 948.591 465.367 143.363 15.2567 1.03839 0.0620822 0.00359829 0.00019758 9.21059e-06
0.000133872 0.00319929 0.0633599 1.13688 20.4919 399.815 5750.64 19551.6 40121.9 63895.6 86738.1 104654 114484 114484 104654 86738.1 63895.6 40121.9 19551.6 5750.64 399.815 20.4919 1.13688 0.0633599 0.00319929 0.000133872
0.00165281 0.0464366 1.07923 21.0575 349.878 7833.56 232100 823137 1.69712e+06 2.70492e+06 3.67298e+06 4.43234e+06 4.84902e+06 4.84902e+06 4.43234e+06 3.67298e+06 2.70492e+06 1.69712e+06 823137 232100 7833.56 349.878 21.0575 1.07923 0.0464366 0.00165281
0.0153861 0.53158 16.029 418.74 8146.03 115731 1.13889e+07 4.13512e+07 8.52546e+07 1.35767e+08 1.84256e+08 2.2228e+08 2.43142e+08 2.43142e+08 2.2228e+08 1.84256e+08 1.35767e+08 8.52546e+07 4.13512e+07 1.13889e+07 115731 8146.03 418.74 16.029 0.53158 0.0153861
0.0899223 3.78096 151.509 6077.77 245329 1.19577e+07 1.08515e+09 3.78649e+09 7.68056e+09 1.21231e+10 1.63644e+10 1.96788e+10 2.14935e+10 2.14935e+10 1.96788e+10 1.63644e+10 1.21231e+10 7.68056e+09 3.78649e+09 1.08515e+09 1.19577e+07 245329 6077.77 151.509 3.78096 0.0899223
0.267064 11.7247 492.271 20684.6 870954 4.34782e+07 3.79865e+09 1.32204e+10 2.6788e+10 4.22577e+10 5.70215e+10 6.85557e+10 7.48703e+10 7.48703e+10 6.85557e+10 5.70215e+10 4.22577e+10 2.6788e+10 1.32204e+10 3.79865e+09 4.34782e+07 870954 20684.6 492.271 11.7247 0.267064
0.534871 23.6987 1003.37 42443.9 1.79556e+06 8.96455e+07 7.71286e+09 2.6815e+10 5.43119e+10 8.56569e+10 1.15568e+11 1.38933e+11 1.51725e+11 1.51725e+11 1.38933e+11 1.15568e+11 8.56569e+10 5.43119e+10 2.6815e+10 7.71286e+09 8.96455e+07 1.79556e+06 42443.9 1003.37 23.6987 0.534871
0.847237 37.6163 1595.32 67566.7 2.86064e+06 1.42715e+08 1.21781e+10 4.23152e+10 8.56875e+10 1.35124e+11 1.82294e+11 2.19141e+11 2.39313e+11 2.39313e+11 2.19141e+11 1.82294e+11 1.35124e+11 8.56875e+10 4.23152e+10 1.21781e+10 1.42715e+08 2.86064e+06 67566.7 1595.32 37.6163 0.847237
1.14799 50.9979 2163.84 91677.7 3.88252e+06 1.93601e+08 1.64397e+10 5.71035e+10 1.15618e+11 1.8231e+11 2.45941e+11 2.95646e+11 3.22856e+11 3.22856e+11 2.95646e+11 2.45941e+11 1.8231e+11 1.15618e+11 5.71035e+10 1.64397e+10 1.93601e+08 3.88252e+06 91677.7 2163.84 50.9979 1.14799
1.38377 61.4848 2609.29 110568 4.68323e+06 2.33465e+08 1.97685e+10 6.86523e+10 1.38991e+11 2.19155e+11 2.9564e+11 3.55383e+11 3.88088e+11 3.88088e+11 3.55383e+11 2.9564e+11 2.19155e+11 1.38991e+11 6.86523e+10 1.97685e+10 2.33465e+08 4.68323e+06 110568 2609.29 61.4848 1.38377
1.51302 67.2338 2853.49 120925 5.12227e+06 2.55319e+08 2.15905e+10 7.49731e+10 1.51783e+11 2.3932e+11 3.22838e+11 3.88075e+11 4.23787e+11 4.23787e+11 3.88075e+11 3.22838e+11 2.3932e+11 1.51783e+11 7.49731e+10 2.15905e+10 2.55319e+08 5.12227e+06 120925 2853.49 67.2338 1.51302
1.51302 67.2338 2853.49 120925 5.12227e+06 2.55319e+08 2.15905e+10 7.49731e+10 1.51783e+11 2.3932e+11 3.22838e+11 3.88075e+11 4.23787e+11 4.23787e+11 3.88075e+11 3.22838e+11 2.3932e+11 1.51783e+11 7.49731e+10 2.15905e+10 2.55319e+08 5.12227e+06 120925 2853.49 67.2338 1.51302
1.38377 61.4848 2609.29 110568 4.68323e+06 2.33465e+08 1.97685e+10 6.86523e+10 1.38991e+11 2.19155e+11 2.9564e+11 3.55383e+11 3.88088e+11 3.88088e+11 3.55383e+11 2.9564e+11 2.19155e+11 1.38991e+11 6.86523e+10 1.97685e+10 2.33465e+08 4.68323e+06 110568 2609.29 61.4848 1.38377
1.14799 50.9979 2163.84 91677.7 3.88252e+06 1.93601e+08 1.64397e+10 5.71035e+10 1.15618e+11 1.8231e+11 2.45941e+11 2.95646e+11 3.22856e+11 3.22856e+11 2.95646e+11 2.45941e+11 1.8231e+11 1.15618e+11 5.71035e+10 1.64397e+10 1.93601e+08 3.88252e+06 91677.7 2163.84 50.9979 1.14799
0.847236 37.6163 1595.32 67566.7 2.86064e+06 1.42715e+08 1.21781e+10 4.23152e+10 8.56875e+10 1.35124e+11 1.82294e+11 2.19141e+11 2.39313e+11 2.39313e+11 2.19141e+11 1.82294e+11 1.35124e+11 8.56875e+10 4.23152e+10 1.21781e+10 1.42715e+08 2.86064e+06 67566.7 1595.32 37.6163 0.847236
0.534871 23.6987 1003.37 42443.9 1.79556e+06 8.96455e+07 7.71286e+09 2.6815e+10 5.43119e+10 8.56569e+10 1.15568e+11 1.38933e+11 1.51725e+11 1.51725e+11 1.38933e+11 1.15568e+11 8.56569e+10 5.43119e+10 2.6815e+10 7.71286e+09 8.96455e+07 1.79556e+06 42443.9 1003.37 23.6987 0.534871
0.267064 11.7247 492.271 20684.6 870954 4.34782e+07 3.79865e+09 1.32204e+10 2.6788e+10 4.22577e+10 5.70215e+10 6.85557e+10 7.48703e+10 7.48703e+10 6.85557e+10 5.70215e+10 4.22577e+10 2.6788e+10 1.32204e+10 3.79865e+09 4.34782e+07 870954 20684.6 492.271 11.7247 0.267064
0.0899223 3.78096 151.509 6077.77 245329 1.19577e+07 1.08515e+09 3.78649e+09 7.68056e+09 1.21231e+10 1.63644e+10 1.96788e+10 2.14935e+10 2.14935e+10 1.96788e+10 1.63644e+10 1.21231e+10 7.68056e+09 3.78649e+09 1.08515e+09 1.19577e+07 245329 6077.77 151.509 3.78096 0.0899223
0.0153861 0.53158 16.029 418.74 8146.03 115731 1.13889e+07 4.13512e+07 8.52546e+07 1.35767e+08 1.84256e+08 2.2228e+08 2.43142e+08 2.43142e+08 2.2228e+08 1.84256e+08 1.35767e+08 8.52546e+07 4.13512e+07 1.13889e+07 115731 8146.03 418.74 16.029 0.53158 0.0153861
0.00165281 0.0464366 1.07923 21.0575 349.878 7833.56 232100 823137 1.69712e+06 2.70492e+06 3.67298e+06 4.43234e+06 4.84902e+06 4.84902e+06 4.43234e+06 3.67298e+06 2.70492e+06 1.69712e+06 823137 232100 7833.56 349.878 21.0575 1.07923 0.0464366 0.00165281
0.000133872 0.00319929 0.0633599 1.13688 20.4919 399.815 5750.64 19551.6 40121.9 63895.6 86738.1 104654 114484 114484 104654 86738.1 63895.6 40121.9 19551.6 5750.64 399.815 20.4919 1.13688 0.0633599 0.00319929 0.000133872
9.21059e-06 0.00019758 0.00359829 0.0620822 1.03839 15.2567 143.363 465.367 948.591 1508.8 2047.45 2469.92 2701.69 2701.69 2469.92 2047.45 1508.8 948.591 465.367 143.363 15.2567 1.03839 0.0620822 0.00359829 0.00019758 9.21059e-06
5.72488e-07 1.14042e-05 0.000194407 0.00309816 0.0444387 0.505104 3.57777 11.0853 22.4075 35.58 48.2591 58.2055 63.6619 63.6619 58.2055 48.2591 35.58 22.4075 11.0853 3.57777 0.505104 0.0444387 0.00309816 0.000194407 1.14042e-05 5.72487e-07
3.01202e-08 5.65274e-07 8.96826e-06 0.000128805 0.00157708 0.014605 0.0850914 0.252526 0.505785 0.801452 1.08643 1.31006 1.43275 1.43275 1.31006 1.08643 0.801452 0.505785 0.252526 0.0850914 0.014605 0.00157708 0.000128805 8.96826e-06 5.65274e-07 3.01202e-08
