0.00129588 0.0244137 0.389175 5.61787 69.1177 642.823 3759.69 11205.5 22549.1 35893 48841.5 59054.8 64675.5 64675.5 59054.8 48841.5 35893 22549.1 11205.5 3759.69 642.823 69.1177 5.61787 0.389175 0.0244137 0.00129588
0.0246742 0.493204 8.44533 135.306 1951.36 22285.5 158486 493257 1.00204e+06 1.59876e+06 2.1772e+06 2.63341e+06 2.88449e+06 2.88449e+06 2.63341e+06 2.1772e+06 1.59876e+06 1.00204e+06 493257 158486 22285.5 1951.36 135.306 8.44533 0.493204 0.0246742
0.397976 8.56028 156.447 2712.45 45645.2 674422 6.36398e+06 2.07555e+07 4.25315e+07 6.79934e+07 9.26572e+07 1.12109e+08 1.22817e+08 1.22817e+08 1.12109e+08 9.26572e+07 6.79934e+07 4.25315e+07 2.07555e+07 6.36398e+06 674422 45645.2 2712.45 156.447 8.56028 0.397976
5.80377 138.996 2758.74 49652.7 900171 1.76918e+07 2.55657e+08 8.73522e+08 1.8026e+09 2.88608e+09 3.9352e+09 4.76276e+09 5.21838e+09 5.21838e+09 4.76276e+09 3.9352e+09 2.88608e+09 1.8026e+09 8.73522e+08 2.55657e+08 1.76918e+07 900171 49652.7 2758.74 138.996 5.80377
71.9388 2025.35 47141.5 920515 1.53209e+07 3.46317e+08 1.03273e+10 3.6818e+10 7.63601e+10 1.22389e+11 1.66958e+11 2.02125e+11 2.21491e+11 2.21491e+11 2.02125e+11 1.66958e+11 1.22389e+11 7.63601e+10 3.6818e+10 1.03273e+10 3.46317e+08 1.53209e+07 920515 47141.5 2025.35 71.9388
672.485 23288.1 703439 1.83888e+07 3.57101e+08 5.06038e+09 5.0641e+11 1.84878e+12 3.83483e+12 6.1418e+12 8.37419e+12 1.01351e+13 1.11046e+13 1.11046e+13 1.01351e+13 8.37419e+12 6.1418e+12 3.83483e+12 1.84878e+12 5.0641e+11 5.06038e+09 3.57101e+08 1.83888e+07 703439 23288.1 672.485
3946.59 166373 6.68109e+06 2.68421e+08 1.08445e+10 5.29274e+11 4.82506e+13 1.69024e+14 3.44394e+14 5.45935e+14 7.39563e+14 8.91581e+14 9.75055e+14 9.75055e+14 8.91581e+14 7.39563e+14 5.45934e+14 3.44394e+14 1.69024e+14 4.82506e+13 5.29274e+11 1.08445e+10 2.68421e+08 6.68109e+06 166373 3946.59
11771.5 518254 2.18111e+07 9.18117e+08 3.87049e+10 1.93479e+12 1.6953e+14 5.92191e+14 1.20514e+15 1.90902e+15 2.58493e+15 3.11543e+15 3.40667e+15 3.40667e+15 3.11543e+15 2.58493e+15 1.90902e+15 1.20514e+15 5.92191e+14 1.6953e+14 1.93479e+12 3.87049e+10 9.18117e+08 2.18111e+07 518254 11771.5
23683.3 1.05261e+06 4.46856e+07 1.89423e+09 8.02557e+10 4.01275e+12 3.45726e+14 1.20621e+15 2.45344e+15 3.88526e+15 5.25991e+15 6.33867e+15 6.93089e+15 6.93089e+15 6.33867e+15 5.25991e+15 3.88526e+15 2.45344e+15 1.20621e+15 3.45726e+14 4.01275e+12 8.02557e+10 1.89423e+09 4.46856e+07 1.05261e+06 23683.3
37676.4 1.67843e+06 7.1393e+07 3.03086e+09 1.28549e+11 6.42305e+12 5.48156e+14 1.91116e+15 3.88618e+15 6.15306e+15 8.32917e+15 1.00368e+16 1.09742e+16 1.09742e+16 1.00368e+16 8.32917e+15 6.15306e+15 3.88617e+15 1.91116e+15 5.48156e+14 6.42305e+12 1.28549e+11 3.03086e+09 7.1393e+07 1.67843e+06 37676.4
51233 2.2841e+06 9.72192e+07 4.12951e+09 1.75227e+11 8.7514e+12 7.42508e+14 2.58768e+15 5.26088e+15 8.32878e+15 1.12736e+16 1.35843e+16 1.48527e+16 1.48527e+16 1.35843e+16 1.12736e+16 8.32878e+15 5.26088e+15 2.58768e+15 7.42508e+14 8.7514e+12 1.75227e+11 4.12951e+09 9.72192e+07 2.2841e+06 51233
61910 2.76103e+06 1.17556e+08 4.99474e+09 2.11996e+11 1.05851e+13 8.9498e+14 3.11828e+15 6.33897e+15 1.00349e+16 1.35824e+16 1.6366e+16 1.78939e+16 1.78939e+16 1.6366e+16 1.35824e+16 1.00349e+16 6.33897e+15 3.11828e+15 8.9498e+14 1.05851e+13 2.11996e+11 4.99474e+09 1.17556e+08 2.76103e+06 61910
67779.7 3.02324e+06 1.28738e+08 5.47055e+09 2.32219e+11 1.15935e+13 9.78656e+14 3.40944e+15 6.9305e+15 1.09711e+16 1.48492e+16 1.78921e+16 1.95625e+16 1.95625e+16 1.78921e+16 1.48492e+16 1.09711e+16 6.9305e+15 3.40944e+15 9.78656e+14 1.15935e+13 2.32219e+11 5.47055e+09 1.28738e+08 3.02324e+06 67779.7
67779.7 3.02324e+06 1.28738e+08 5.47055e+09 2.32219e+11 1.15935e+13 9.78656e+14 3.40944e+15 6.9305e+15 1.09711e+16 1.48492e+16 1.78921e+16 1.95625e+16 1.95625e+16 1.78921e+16 1.48492e+16 1.09711e+16 6.9305e+15 3.40944e+15 9.78656e+14 1.15935e+13 2.32219e+11 5.47055e+09 1.28738e+08 3.02324e+06 67779.7
61910 2.76103e+06 1.17556e+08 4.99474e+09 2.11996e+11 1.0585e+13 8.9498e+14 3.11828e+15 6.33897e+15 1.00349e+16 1.35824e+16 1.6366e+16 1.78939e+16 1.78939e+16 1.6366e+16 1.35824e+16 1.00349e+16 6.33897e+15 3.11828e+15 8.9498e+14 1.05851e+13 2.11996e+11 4.99474e+09 1.17556e+08 2.76103e+06 61910
51233 2.2841e+06 9.72192e+07 4.12951e+09 1.75227e+11 8.7514e+12 7.42508e+14 2.58768e+15 5.26088e+15 8.32878e+15 1.12736e+16 1.35843e+16 1.48527e+16 1.48527e+16 1.35843e+16 1.12736e+16 8.32878e+15 5.26088e+15 2.58768e+15 7.42508e+14 8.7514e+12 1.75227e+11 4.12951e+09 9.72192e+07 2.2841e+06 51233
37676.4 1.67843e+06 7.1393e+07 3.03086e+09 1.28549e+11 6.42305e+12 5.48156e+14 1.91116e+15 3.88617e+15 6.15306e+15 8.32917e+15 1.00368e+16 1.09742e+16 1.09742e+16 1.00368e+16 8.32917e+15 6.15306e+15 3.88617e+15 1.91116e+15 5.48156e+14 6.42305e+12 1.28549e+11 3.03086e+09 7.1393e+07 1.67843e+06 37676.4
23683.3 1.05261e+06 4.46856e+07 1.89423e+09 8.02557e+10 4.01275e+12 3.45726e+14 1.20621e+15 2.45344e+15 3.88526e+15 5.25991e+15 6.33867e+15 6.93089e+15 6.93089e+15 6.33867e+15 5.25991e+15 3.88526e+15 2.45344e+15 1.20621e+15 3.45726e+14 4.01275e+12 8.02557e+10 1.89423e+09 4.46856e+07 1.05261e+06 23683.3
11771.5 518254 2.18111e+07 9.18117e+08 3.87049e+10 1.93479e+12 1.6953e+14 5.92191e+14 1.20514e+15 1.90902e+15 2.58493e+15 3.11543e+15 3.40667e+15 3.40667e+15 3.11543e+15 2.58493e+15 1.90902e+15 1.20514e+15 5.92191e+14 1.6953e+14 1.93479e+12 3.87049e+10 9.18117e+08 2.18111e+07 518254 11771.5
3946.59 166373 6.68109e+06 2.68421e+08 1.08445e+10 5.29274e+11 4.82506e+13 1.69024e+14 3.44394e+14 5.45934e+14 7.39563e+14 8.91581e+14 9.75055e+14 9.75055e+14 8.91581e+14 7.39563e+14 5.45934e+14 3.44394e+14 1.69024e+14 4.82506e+13 5.29274e+11 1.08445e+10 2.68421e+08 6.68109e+06 166373 3946.59
672.485 23288.1 703439 1.83888e+07 3.57101e+08 5.06038e+09 5.0641e+11 1.84878e+12 3.83483e+12 6.1418e+12 8.37419e+12 1.01351e+13 1.11046e+13 1.11046e+13 1.01351e+13 8.37419e+12 6.1418e+12 3.83483e+12 1.84878e+12 5.0641e+11 5.06038e+09 3.57101e+08 1.83888e+07 703439 23288.1 672.485
71.9388 2025.35 47141.5 920515 1.53209e+07 3.46317e+08 1.03273e+10 3.6818e+10 7.63601e+10 1.22389e+11 1.66958e+11 2.02125e+11 2.21491e+11 2.21491e+11 2.02125e+11 1.66958e+11 1.22389e+11 7.63601e+10 3.6818e+10 1.03273e+10 3.46317e+08 1.53209e+07 920515 47141.5 2025.35 71.9388
5.80376 138.996 2758.74 49652.7 900171 1.76918e+07 2.55657e+08 8.73522e+08 1.8026e+09 2.88608e+09 3.9352e+09 4.76276e+09 5.21838e+09 5.21838e+09 4.76276e+09 3.93519e+09 2.88608e+09 1.8026e+09 8.73522e+08 2.55657e+08 1.76918e+07 900171 49652.7 2758.74 138.996 5.80376
0.397976 8.56028 156.447 2712.45 45645.2 674422 6.36398e+06 2.07555e+07 4.25315e+07 6.79934e+07 9.26572e+07 1.12109e+08 1.22817e+08 1.22817e+08 1.12109e+08 9.26572e+07 6.79934e+07 4.25315e+07 2.07555e+07 6.36398e+06 674422 45645.2 2712.45 156.447 8.56028 0.397976
0.0246742 0.493204 8.44533 135.306 1951.36 22285.5 158486 493257 1.00204e+06 1.59876e+06 2.1772e+06 2.63341e+06 2.88449e+06 2.88449e+06 2.63341e+06 2.1772e+06 1.59876e+06 1.00204e+06 493257 158486 22285.5 1951.36 135.306 8.44533 0.493204 0.0246742
0.00129588 0.0244136 0.389175 5.61787 69.1177 642.823 3759.69 11205.5 22549.1 35893 48841.5 59054.8 64675.5 64675.5 59054.8 48841.5 35893 22549.1 11205.5 3759.69 642.823 69.1177 5.61787 0.389175 0.0244137 0.00129588
