0.0738381 1.40641 22.6265 329.039 4075.88 38176.8 224989 675972 1.37083e+06 2.19589e+06 3.0013e+06 3.63842e+06 3.98937e+06 3.98937e+06 3.63842e+06 3.0013e+06 2.19589e+06 1.37083e+06 675972 224989 38176.8 4075.88 329.039 22.6265 1.40641 0.073838
1.42455 28.8669 499.663 8065.58 117009 1.34435e+06 9.62751e+06 3.02186e+07 6.19032e+07 9.9441e+07 1.36059e+08 1.65023e+08 1.80978e+08 1.80978e+08 1.65023e+08 1.36059e+08 9.9441e+07 6.19032e+07 3.02186e+07 9.62751e+06 1.34435e+06 117009 8065.58 499.663 28.8669 1.42455
23.244 507.908 9400.35 164307 2.77759e+06 4.12021e+07 3.91005e+08 1.28662e+09 2.66026e+09 4.2838e+09 5.86668e+09 7.11863e+09 7.8083e+09 7.8083e+09 7.11863e+09 5.86668e+09 4.2838e+09 2.66026e+09 1.28662e+09 3.91005e+08 4.12021e+07 2.77759e+06 164307 9400.35 507.908 23.244
342.09 8331.51 167729 3.04963e+06 5.55271e+07 1.09186e+09 1.58311e+10 5.4603e+10 1.13765e+11 1.83545e+11 2.51557e+11 3.05351e+11 3.34985e+11 3.34985e+11 3.05351e+11 2.51557e+11 1.83545e+11 1.13765e+11 5.4603e+10 1.58311e+10 1.09186e+09 5.55271e+07 3.04963e+06 167729 8331.51 342.09
4272.51 122305 2.88794e+06 5.70829e+07 9.58495e+08 2.15849e+10 6.42637e+11 2.31432e+12 4.84929e+12 7.83515e+12 1.07454e+13 1.30473e+13 1.43154e+13 1.43154e+13 1.30473e+13 1.07454e+13 7.83515e+12 4.84929e+12 2.31432e+12 6.42637e+11 2.15849e+10 9.58495e+08 5.70829e+07 2.88794e+06 122305 4272.51
40217 1.41487e+06 4.3295e+07 1.14402e+09 2.24695e+10 3.22011e+11 3.16171e+13 1.1666e+14 2.44583e+14 3.94992e+14 5.41509e+14 6.57368e+14 7.21179e+14 7.21179e+14 6.57368e+14 5.41509e+14 3.94992e+14 2.44583e+14 1.1666e+14 3.16171e+13 3.22011e+11 2.24695e+10 1.14402e+09 4.3295e+07 1.41487e+06 40217
237678 1.01706e+07 4.13067e+08 1.67249e+10 6.78967e+11 3.31616e+13 3.01676e+15 1.06594e+16 2.19187e+16 3.50143e+16 4.76984e+16 5.7703e+16 6.32085e+16 6.32085e+16 5.7703e+16 4.76984e+16 3.50143e+16 2.19187e+16 1.06594e+16 3.01676e+15 3.31616e+13 6.78967e+11 1.67249e+10 4.13067e+08 1.01706e+07 237678
714500 3.19445e+07 1.36028e+09 5.7736e+10 2.44744e+12 1.22538e+14 1.06954e+16 3.76659e+16 7.73324e+16 1.23425e+17 1.68046e+17 2.03234e+17 2.22596e+17 2.22596e+17 2.03234e+17 1.68046e+17 1.23425e+17 7.73324e+16 3.76659e+16 1.06954e+16 1.22538e+14 2.44744e+12 5.7736e+10 1.36028e+09 3.19445e+07 714500
1.44856e+06 6.5421e+07 2.8118e+09 1.20261e+11 5.12693e+12 2.56899e+14 2.20169e+16 7.74191e+16 1.58831e+17 2.53382e+17 3.44889e+17 4.17038e+17 4.56736e+17 4.56736e+17 4.17038e+17 3.44889e+17 2.53382e+17 1.58831e+17 7.74191e+16 2.20169e+16 2.56899e+14 5.12693e+12 1.20261e+11 2.8118e+09 6.5421e+07 1.44856e+06
2.31886e+06 1.05021e+08 4.52469e+09 1.9389e+11 8.27778e+12 4.14639e+14 3.51811e+16 1.23601e+17 2.53463e+17 4.04225e+17 5.50099e+17 6.65097e+17 7.28368e+17 7.28368e+17 6.65097e+17 5.50099e+17 4.04225e+17 2.53463e+17 1.23601e+17 3.51811e+16 4.14639e+14 8.27778e+12 1.9389e+11 4.52469e+09 1.05021e+08 2.31886e+06
3.16689e+06 1.43578e+08 6.19144e+09 2.65508e+11 1.13424e+13 5.67989e+14 4.79202e+16 1.68274e+17 3.44976e+17 5.50063e+17 7.48463e+17 9.04853e+17 9.90891e+17 9.90891e+17 9.04853e+17 7.48463e+17 5.50063e+17 3.44976e+17 1.68274e+17 4.79202e+16 5.67989e+14 1.13424e+13 2.65508e+11 6.19144e+09 1.43578e+08 3.16689e+06
3.83655e+06 1.7402e+08 7.50726e+09 3.22043e+11 1.37615e+13 6.8901e+14 5.79574e+16 2.03466e+17 4.17059e+17 6.64924e+17 9.04676e+17 1.09365e+18 1.1976e+18 1.1976e+18 1.09365e+18 9.04676e+17 6.64924e+17 4.17059e+17 2.03466e+17 5.79574e+16 6.8901e+14 1.37615e+13 3.22043e+11 7.50726e+09 1.7402e+08 3.83655e+06
4.20498e+06 1.90769e+08 8.23113e+09 3.53144e+11 1.50922e+13 7.55567e+14 6.34762e+16 2.22816e+17 4.56691e+17 7.2807e+17 9.90552e+17 1.19743e+18 1.31123e+18 1.31123e+18 1.19743e+18 9.90552e+17 7.2807e+17 4.56691e+17 2.22816e+17 6.34762e+16 7.55567e+14 1.50922e+13 3.53144e+11 8.23113e+09 1.90769e+08 4.20498e+06
4.20498e+06 1.90769e+08 8.23113e+09 3.53144e+11 1.50922e+13 7.55567e+14 6.34762e+16 2.22816e+17 4.56691e+17 7.2807e+17 9.90552e+17 1.19743e+18 1.31123e+18 1.31123e+18 1.19743e+18 9.90552e+17 7.2807e+17 4.56691e+17 2.22816e+17 6.34762e+16 7.55567e+14 1.50922e+13 3.53144e+11 8.23113e+09 1.90769e+08 4.20498e+06
3.83655e+06 1.7402e+08 7.50726e+09 3.22043e+11 1.37615e+13 6.8901e+14 5.79574e+16 2.03466e+17 4.17059e+17 6.64924e+17 9.04676e+17 1.09365e+18 1.1976e+18 1.1976e+18 1.09365e+18 9.04676e+17 6.64924e+17 4.17059e+17 2.03466e+17 5.79574e+16 6.8901e+14 1.37615e+13 3.22043e+11 7.50726e+09 1.7402e+08 3.83655e+06
3.16689e+06 1.43578e+08 6.19144e+09 2.65508e+11 1.13424e+13 5.67989e+14 4.79202e+16 1.68274e+17 3.44976e+17 5.50063e+17 7.48463e+17 9.04853e+17 9.90891e+17 9.90891e+17 9.04853e+17 7.48463e+17 5.50063e+17 3.44976e+17 1.68274e+17 4.79202e+16 5.67989e+14 1.13424e+13 2.65508e+11 6.19144e+09 1.43578e+08 3.16689e+06
2.31886e+06 1.05021e+08 4.52469e+09 1.9389e+11 8.27778e+12 4.14639e+14 3.51811e+16 1.23601e+17 2.53463e+17 4.04225e+17 5.50099e+17 6.65097e+17 7.28368e+17 7.28368e+17 6.65097e+17 5.50098e+17 4.04225e+17 2.53463e+17 1.23601e+17 3.51811e+16 4.14639e+14 8.27778e+12 1.9389e+11 4.52469e+09 1.05021e+08 2.31886e+06
1.44856e+06 6.5421e+07 2.8118e+09 1.20261e+11 5.12693e+12 2.56899e+14 2.20169e+16 7.74191e+16 1.58831e+17 2.53382e+17 3.44889e+17 4.17038e+17 4.56736e+17 4.56736e+17 4.17038e+17 3.44889e+17 2.53382e+17 1.58831e+17 7.74191e+16 2.20169e+16 2.56899e+14 5.12693e+12 1.20261e+11 2.8118e+09 6.5421e+07 1.44856e+06
714500 3.19445e+07 1.36028e+09 5.7736e+10 2.44744e+12 1.22538e+14 1.06954e+16 3.76659e+16 7.73324e+16 1.23425e+17 1.68046e+17 2.03234e+17 2.22596e+17 2.22596e+17 2.03234e+17 1.68046e+17 1.23425e+17 7.73324e+16 3.76659e+16 1.06954e+16 1.22538e+14 2.44744e+12 5.7736e+10 1.36028e+09 3.19445e+07 714500
237678 1.01706e+07 4.13067e+08 1.67249e+10 6.78967e+11 3.31616e+13 3.01676e+15 1.06594e+16 2.19187e+16 3.50143e+16 4.76984e+16 5.7703e+16 6.32085e+16 6.32085e+16 5.7703e+16 4.76984e+16 3.50143e+16 2.19187e+16 1.06594e+16 3.01676e+15 3.31616e+13 6.78967e+11 1.67249e+10 4.13067e+08 1.01706e+07 237678
40217 1.41487e+06 4.3295e+07 1.14402e+09 2.24695e+10 3.22011e+11 3.16171e+13 1.1666e+14 2.44583e+14 3.94992e+14 5.41509e+14 6.57368e+14 7.21179e+14 7.21179e+14 6.57368e+14 5.41509e+14 3.94992e+14 2.44583e+14 1.1666e+14 3.16171e+13 3.22011e+11 2.24695e+10 1.14402e+09 4.3295e+07 1.41487e+06 40217
4272.51 122305 2.88794e+06 5.70829e+07 9.58495e+08 2.15849e+10 6.42637e+11 2.31432e+12 4.84929e+12 7.83515e+12 1.07454e+13 1.30473e+13 1.43154e+13 1.43154e+13 1.30473e+13 1.07454e+13 7.83515e+12 4.84929e+12 2.31432e+12 6.42637e+11 2.15849e+10 9.58495e+08 5.70829e+07 2.88794e+06 122305 4272.51
342.09 8331.51 167729 3.04963e+06 5.55271e+07 1.09186e+09 1.58311e+10 5.4603e+10 1.13765e+11 1.83545e+11 2.51557e+11 3.05351e+11 3.34985e+11 3.34985e+11 3.05351e+11 2.51557e+11 1.83545e+11 1.13765e+11 5.4603e+10 1.58311e+10 1.09186e+09 5.55271e+07 3.04963e+06 167729 8331.51 342.09
23.244 507.908 9400.35 164307 2.77759e+06 4.12021e+07 3.91005e+08 1.28662e+09 2.66026e+09 4.2838e+09 5.86668e+09 7.11863e+09 7.8083e+09 7.8083e+09 7.11863e+09 5.86668e+09 4.2838e+09 2.66026e+09 1.28662e+09 3.91005e+08 4.12021e+07 2.77759e+06 164307 9400.35 507.908 23.244
1.42455 28.8669 499.663 8065.58 117009 1.34435e+06 9.62751e+06 3.02186e+07 6.19032e+07 9.9441e+07 1.36059e+08 1.65023e+08 1.80978e+08 1.80978e+08 1.65023e+08 1.36059e+08 9.9441e+07 6.19032e+07 3.02186e+07 9.62751e+06 1.34435e+06 117009 8065.58 499.663 28.8669 1.42455
0.073838 1.40641 22.6265 329.039 4075.88 38176.8 224989 675972 1.37083e+06 2.19589e+06 3.0013e+06 3.63842e+06 3.98937e+06 3.98937e+06 3.63842e+06 3.0013e+06 2.19589e+06 1.37083e+06 675972 224989 38176.8 4075.88 329.039 22.6265 1.40641 0.073838
