1.76941e-06 3.32155e-05 0.000527187 0.00757523 0.0927898 0.859548 5.00831 14.861 29.7569 47.1361 63.8753 77.0028 84.2014 84.2014 77.0028 63.8753 47.1361 29.7569 14.861 5.00831 0.859548 0.0927898 0.00757523 0.000527187 3.32155e-05 1.76941e-06
3.36268e-05 0.000669962 0.0114246 0.182162 2.61432 29.7272 210.597 652.414 1318.41 2092.73 2837.51 3421.38 3741.55 3741.55 3421.38 2837.51 2092.73 1318.41 652.414 210.597 29.7272 2.61432 0.182162 0.0114246 0.000669962 3.36268e-05
0.000541011 0.0116055 0.211388 3.64876 61.0724 897.882 8439.37 27391.1 55817.3 88750 120391 145191 158791 158791 145191 120391 88750 55817.3 27391.1 8439.37 897.882 61.0724 3.64876 0.211388 0.0116055 0.000541011
0.00786466 0.187932 3.72152 66.7837 1204.57 23526.7 338550 1.15088e+06 2.36103e+06 3.75865e+06 5.1005e+06 6.1522e+06 6.72894e+06 6.72894e+06 6.1522e+06 5.1005e+06 3.75865e+06 2.36103e+06 1.15088e+06 338550 23526.7 1204.57 66.7837 3.72152 0.187932 0.00786466
0.0971252 2.72854 63.4023 1236.73 20546.9 460747 1.36651e+07 4.84564e+07 9.9876e+07 1.59125e+08 2.15992e+08 2.60568e+08 2.85015e+08 2.85015e+08 2.60568e+08 2.15992e+08 1.59125e+08 9.9876e+07 4.84564e+07 1.36651e+07 460747 20546.9 1236.73 63.4023 2.72854 0.0971252
0.904394 31.246 942.115 24606.6 478378 6.79059e+06 6.70468e+08 2.43409e+09 5.017e+09 7.98665e+09 1.08351e+10 1.30672e+10 1.42912e+10 1.42912e+10 1.30672e+10 1.08351e+10 7.98665e+09 5.017e+09 2.43409e+09 6.70468e+08 6.79059e+06 478378 24606.6 942.115 31.246 0.904394
5.28636 222.296 8908.62 357401 1.44279e+07 7.03456e+08 6.38844e+10 2.22904e+11 4.52075e+11 7.1342e+11 9.62822e+11 1.15763e+12 1.26427e+12 1.26427e+12 1.15763e+12 9.62822e+11 7.1342e+11 4.52075e+11 2.22904e+11 6.38844e+10 7.03456e+08 1.44279e+07 357401 8908.62 222.296 5.28636
15.6974 689.22 28940.4 1.21616e+06 5.12127e+07 2.55732e+09 2.23603e+11 7.78167e+11 1.57656e+12 2.48655e+12 3.35465e+12 4.0326e+12 4.40366e+12 4.40366e+12 4.0326e+12 3.35465e+12 2.48655e+12 1.57656e+12 7.78167e+11 2.23603e+11 2.55732e+09 5.12127e+07 1.21616e+06 28940.4 689.22 15.6974
31.4275 1392.6 58966.2 2.49457e+06 1.05539e+08 5.2708e+09 4.53905e+11 1.57803e+12 3.19578e+12 5.03926e+12 6.79768e+12 8.17082e+12 8.92234e+12 8.92234e+12 8.17082e+12 6.79768e+12 5.03926e+12 3.19578e+12 1.57803e+12 4.53905e+11 5.2708e+09 1.05539e+08 2.49457e+06 58966.2 1392.6 31.4275
49.7597 2209.46 93711.4 3.96925e+06 1.68061e+08 8.38706e+09 7.16486e+11 2.48953e+12 5.04064e+12 7.94741e+12 1.07199e+13 1.28848e+13 1.40696e+13 1.40696e+13 1.28848e+13 1.07199e+13 7.94741e+12 5.04064e+12 2.48953e+12 7.16486e+11 8.38706e+09 1.68061e+08 3.96925e+06 93711.4 2209.46 49.7597
67.3944 2994.12 127049 5.38312e+06 2.27985e+08 1.13721e+10 9.66937e+11 3.35867e+12 6.79957e+12 1.07199e+13 1.4459e+13 1.73786e+13 1.89764e+13 1.89764e+13 1.73786e+13 1.4459e+13 1.07199e+13 6.79957e+12 3.35867e+12 9.66937e+11 1.13721e+10 2.27985e+08 5.38312e+06 127049 2994.12 67.3944
81.2082 3608.54 153147 6.48987e+06 2.74895e+08 1.37084e+10 1.16246e+12 4.03706e+12 8.17239e+12 1.28838e+13 1.73771e+13 2.08857e+13 2.28059e+13 2.28059e+13 2.08857e+13 1.73771e+13 1.28838e+13 8.17239e+12 4.03706e+12 1.16246e+12 1.37084e+10 2.74895e+08 6.48987e+06 153147 3608.54 81.2082
88.777 3945.16 167445 7.09627e+06 3.00599e+08 1.49884e+10 1.26943e+12 4.40821e+12 8.92344e+12 1.40675e+13 1.89736e+13 2.28043e+13 2.49008e+13 2.49008e+13 2.28043e+13 1.89736e+13 1.40675e+13 8.92344e+12 4.40821e+12 1.26943e+12 1.49884e+10 3.00599e+08 7.09627e+06 167445 3945.16 88.777
88.777 3945.16 167445 7.09627e+06 3.00599e+08 1.49884e+10 1.26943e+12 4.40821e+12 8.92344e+12 1.40675e+13 1.89736e+13 2.28043e+13 2.49008e+13 2.49008e+13 2.28043e+13 1.89736e+13 1.40675e+13 8.92344e+12 4.40821e+12 1.26943e+12 1.49884e+10 3.00599e+08 7.09627e+06 167445 3945.16 88.777
81.2082 3608.54 153147 6.48987e+06 2.74895e+08 1.37084e+10 1.16246e+12 4.03706e+12 8.17239e+12 1.28838e+13 1.73771e+13 2.08857e+13 2.28059e+13 2.28059e+13 2.08857e+13 1.73771e+13 1.28838e+13 8.17239e+12 4.03706e+12 1.16246e+12 1.37084e+10 2.74895e+08 6.48987e+06 153147 3608.54 81.2082
67.3944 2994.12 127049 5.38312e+06 2.27985e+08 1.13721e+10 9.66937e+11 3.35867e+12 6.79957e+12 1.07199e+13 1.4459e+13 1.73786e+13 1.89764e+13 1.89764e+13 1.73786e+13 1.4459e+13 1.07199e+13 6.79957e+12 3.35867e+12 9.66937e+11 1.13721e+10 2.27985e+08 5.38312e+06 127049 2994.12 67.3944
49.7597 2209.46 93711.4 3.96925e+06 1.68061e+08 8.38706e+09 7.16486e+11 2.48953e+12 5.04064e+12 7.94741e+12 1.07199e+13 1.28848e+13 1.40696e+13 1.40696e+13 1.28848e+13 1.07199e+13 7.94741e+12 5.04064e+12 2.48953e+12 7.16486e+11 8.38706e+09 1.68061e+08 3.96925e+06 93711.4 2209.46 49.7597
31.4275 1392.6 58966.2 2.49457e+06 1.05539e+08 5.2708e+09 4.53905e+11 1.57803e+12 3.19578e+12 5.03926e+12 6.79768e+12 8.17082e+12 8.92234e+12 8.92234e+12 8.17082e+12 6.79768e+12 5.03926e+12 3.19578e+12 1.57803e+12 4.53905e+11 5.2708e+09 1.05539e+08 2.49457e+06 58966.2 1392.6 31.4275
15.6974 689.22 28940.4 1.21616e+06 5.12127e+07 2.55732e+09 2.23603e+11 7.78167e+11 1.57656e+12 2.48655e+12 3.35465e+12 4.0326e+12 4.40366e+12 4.40366e+12 4.0326e+12 3.35465e+12 2.48655e+12 1.57656e+12 7.78167e+11 2.23603e+11 2.55732e+09 5.12127e+07 1.21616e+06 28940.4 689.22 15.6974
5.28636 222.296 8908.62 357401 1.44279e+07 7.03456e+08 6.38844e+10 2.22904e+11 4.52075e+11 7.1342e+11 9.62822e+11 1.15763e+12 1.26427e+12 1.26427e+12 1.15763e+12 9.62822e+11 7.1342e+11 4.52075e+11 2.22904e+11 6.38844e+10 7.03456e+08 1.44279e+07 357401 8908.62 222.296 5.28636
0.904394 31.246 942.115 24606.6 478378 6.79059e+06 6.70468e+08 2.43409e+09 5.017e+09 7.98665e+09 1.08351e+10 1.30672e+10 1.42912e+10 1.42912e+10 1.30672e+10 1.08351e+10 7.98665e+09 5.017e+09 2.43409e+09 6.70468e+08 6.79059e+06 478378 24606.6 942.115 31.246 0.904394
0.0971252 2.72854 63.4023 1236.73 20546.9 460747 1.36651e+07 4.84564e+07 9.9876e+07 1.59125e+08 2.15992e+08 2.60568e+08 2.85015e+08 2.85015e+08 2.60568e+08 2.15992e+08 1.59125e+08 9.9876e+07 4.84564e+07 1.36651e+07 460747 20546.9 1236.73 63.4023 2.72854 0.0971252
0.00786466 0.187932 3.72152 66.7837 1204.57 23526.7 338550 1.15088e+06 2.36103e+06 3.75865e+06 5.1005e+06 6.1522e+06 6.72894e+06 6.72894e+06 6.1522e+06 5.1005e+06 3.75865e+06 2.36103e+06 1.15088e+06 338550 23526.7 1204.57 66.7837 3.72152 0.187932 0.00786466
0.000541011 0.0116055 0.211388 3.64876 61.0724 897.882 8439.37 27391.1 55817.3 88750 120391 145191 158791 158791 145191 120391 88750 55817.3 27391.1 8439.37 897.882 61.0724 3.64876 0.211388 0.0116055 0.000541011
3.36268e-05 0.000669962 0.0114246 0.182162 2.61432 29.7272 210.597 652.414 1318.41 2092.73 2837.51 3421.38 3741.55 3741.55 3421.38 2837.51 2092.73 1318.41 652.414 210.597 29.7272 2.61432 0.182162 0.0114246 0.000669962 3.36268e-05
1.76941e-06 3.32155e-05 0.000527187 0.00757523 0.0927898 0.859548 5.00831 14.861 29.7569 47.1361 63.8753 77.0028 84.2014 84.2014 77.0028 63.8753 47.1361 29.7569 14.861 5.00831 0.859548 0.0927898 0.00757523 0.000527187 3.32155e-05 1.76941e-06
