1.26471e-07 2.37799e-06 3.78328e-05 0.000545143 0.00669585 0.0621786 0.363167 1.08122 2.17417 3.45979 4.7084 5.69454 6.23786 6.23786 5.69454 4.7084 3.45979 2.17417 1.08122 0.363167 0.0621786 0.00669585 0.000545143 3.78328e-05 2.37799e-06 1.26471e-07
2.40362e-06 4.7942e-05 0.000819184 0.0130994 0.188594 2.1505 15.2721 47.474 96.3585 153.682 209.298 253.22 277.422 277.422 253.22 209.298 153.682 96.3585 47.474 15.2721 2.1505 0.188594 0.0130994 0.000819184 4.7942e-05 2.40362e-06
3.86971e-05 0.000830449 0.0151431 0.262025 4.4018 64.9409 611.967 1993.22 4080.34 6520.09 8885.37 10753.5 11783.1 11783.1 10753.5 8885.37 6520.09 4080.34 1993.22 611.967 64.9409 4.4018 0.262025 0.0151431 0.000830449 3.86971e-05
0.000563376 0.0134605 0.266544 4.78751 86.6441 1700.53 24544 83739.2 172609 276211 376615 455936 499665 499665 455936 376615 276211 172609 83739.2 24544 1700.53 86.6441 4.78751 0.266544 0.0134605 0.000563376
0.00697229 0.195826 4.54771 88.6238 1472.43 33239.5 990313 3.52488e+06 7.30135e+06 1.16955e+07 1.59544e+07 1.93203e+07 2.11764e+07 2.11764e+07 1.93203e+07 1.59544e+07 1.16955e+07 7.30135e+06 3.52488e+06 990313 33239.5 1472.43 88.6238 4.54771 0.195826 0.00697229
0.0650841 2.24843 67.7678 1768.28 34286.2 485131 4.85287e+07 1.76849e+08 3.66305e+08 5.86246e+08 7.99251e+08 9.6753e+08 1.06031e+09 1.06031e+09 9.6753e+08 7.99251e+08 5.86246e+08 3.66305e+08 1.76849e+08 4.85287e+07 485131 34286.2 1768.28 67.7678 2.24842 0.0650841
0.381488 16.0426 642.855 25784 1.04044e+06 5.07424e+07 4.62274e+09 1.61665e+10 3.28871e+10 5.2071e+10 7.04894e+10 8.495e+10 9.28926e+10 9.28926e+10 8.495e+10 7.04894e+10 5.2071e+10 3.28871e+10 1.61665e+10 4.62274e+09 5.07424e+07 1.04044e+06 25784 642.855 16.0426 0.381488
1.1369 49.9249 2096.39 88085.4 3.70835e+06 1.85202e+08 1.62173e+10 5.65561e+10 1.1491e+11 1.81807e+11 2.45994e+11 2.96367e+11 3.24027e+11 3.24028e+11 2.96367e+11 2.45994e+11 1.81807e+11 1.1491e+11 5.65561e+10 1.62173e+10 1.85202e+08 3.70835e+06 88085.4 2096.39 49.9249 1.1369
2.28648 101.349 4292.22 181596 7.68255e+06 3.83698e+08 3.30269e+10 1.15039e+11 2.33617e+11 3.69505e+11 4.99859e+11 6.02141e+11 6.58299e+11 6.58299e+11 6.02141e+11 4.99859e+11 3.69505e+11 2.33617e+11 1.15039e+11 3.30269e+10 3.83698e+08 7.68255e+06 181596 4292.22 101.349 2.28648
3.63787 161.612 6857.4 290538 1.23038e+07 6.14007e+08 5.23186e+10 1.82105e+11 3.69698e+11 5.84634e+11 7.90786e+11 9.52525e+11 1.04132e+12 1.04132e+12 9.52525e+11 7.90786e+11 5.84634e+11 3.69698e+11 1.82105e+11 5.23186e+10 6.14007e+08 1.23038e+07 290538 6857.4 161.612 3.63787
4.94933 220.034 9342.28 396032 1.67791e+07 8.36885e+08 7.08407e+10 2.46457e+11 5.00245e+11 7.90983e+11 1.06981e+12 1.28856e+12 1.40864e+12 1.40864e+12 1.28856e+12 1.06981e+12 7.90983e+11 5.00244e+11 2.46457e+11 7.08407e+10 8.36885e+08 1.67791e+07 396032 9342.28 220.034 4.94933
5.98436 266.137 11303.4 479310 2.03132e+07 1.01284e+09 8.5381e+10 2.96956e+11 6.02669e+11 9.52865e+11 1.28869e+12 1.55214e+12 1.69677e+12 1.69677e+12 1.55214e+12 1.28869e+12 9.52865e+11 6.02669e+11 2.96956e+11 8.5381e+10 1.01284e+09 2.03132e+07 479310 11303.4 266.137 5.98436
6.55432 291.528 12383.6 525194 2.2261e+07 1.10979e+09 9.33664e+10 3.24682e+11 6.589e+11 1.04173e+12 1.40885e+12 1.69684e+12 1.85494e+12 1.85494e+12 1.69684e+12 1.40885e+12 1.04173e+12 6.589e+11 3.24682e+11 9.33664e+10 1.10979e+09 2.2261e+07 525194 12383.6 291.528 6.55432
6.55432 291.528 12383.6 525194 2.2261e+07 1.10979e+09 9.33664e+10 3.24682e+11 6.589e+11 1.04173e+12 1.40885e+12 1.69684e+12 1.85494e+12 1.85494e+12 1.69684e+12 1.40885e+12 1.04173e+12 6.589e+11 3.24682e+11 9.33664e+10 1.10979e+09 2.2261e+07 525194 12383.6 291.528 6.55432
5.98436 266.137 11303.4 479310 2.03132e+07 1.01284e+09 8.5381e+10 2.96956e+11 6.02669e+11 9.52865e+11 1.28869e+12 1.55214e+12 1.69677e+12 1.69677e+12 1.55214e+12 1.28869e+12 9.52865e+11 6.02669e+11 2.96956e+11 8.5381e+10 1.01284e+09 2.03132e+07 479310 11303.4 266.137 5.98436
4.94933 220.034 9342.28 396032 1.67791e+07 8.36885e+08 7.08407e+10 2.46457e+11 5.00244e+11 7.90983e+11 1.06981e+12 1.28856e+12 1.40864e+12 1.40864e+12 1.28856e+12 1.06981e+12 7.90983e+11 5.00244e+11 2.46457e+11 7.08407e+10 8.36885e+08 1.67791e+07 396032 9342.28 220.034 4.94933
3.63787 161.612 6857.4 290538 1.23038e+07 6.14007e+08 5.23186e+10 1.82105e+11 3.69698e+11 5.84634e+11 7.90786e+11 9.52525e+11 1.04132e+12 1.04132e+12 9.52525e+11 7.90786e+11 5.84634e+11 3.69698e+11 1.82105e+11 5.23186e+10 6.14007e+08 1.23038e+07 290538 6857.4 161.612 3.63787
2.28648 101.349 4292.22 181596 7.68255e+06 3.83698e+08 3.30269e+10 1.15039e+11 2.33617e+11 3.69505e+11 4.99859e+11 6.02141e+11 6.58299e+11 6.58299e+11 6.02141e+11 4.99859e+11 3.69505e+11 2.33617e+11 1.15039e+11 3.30269e+10 3.83698e+08 7.68255e+06 181596 4292.22 101.349 2.28648
1.1369 49.9249 2096.39 88085.4 3.70835e+06 1.85202e+08 1.62173e+10 5.65561e+10 1.1491e+11 1.81807e+11 2.45994e+11 2.96367e+11 3.24028e+11 3.24027e+11 2.96367e+11 2.45994e+11 1.81807e+11 1.1491e+11 5.65561e+10 1.62173e+10 1.85202e+08 3.70835e+06 88085.4 2096.39 49.9249 1.1369
0.381488 16.0426 642.855 25784 1.04044e+06 5.07424e+07 4.62274e+09 1.61665e+10 3.28871e+10 5.2071e+10 7.04894e+10 8.495e+10 9.28926e+10 9.28926e+10 8.495e+10 7.04894e+10 5.2071e+10 3.28871e+10 1.61665e+10 4.62274e+09 5.07424e+07 1.04044e+06 25784 642.855 16.0426 0.381488
0.0650841 2.24842 67.7678 1768.28 34286.2 485131 4.85287e+07 1.76849e+08 3.66305e+08 5.86246e+08 7.99251e+08 9.6753e+08 1.06031e+09 1.06031e+09 9.6753e+08 7.99251e+08 5.86246e+08 3.66305e+08 1.76849e+08 4.85287e+07 485131 34286.2 1768.28 67.7678 2.24842 0.0650841
0.00697229 0.195826 4.54771 88.6238 1472.43 33239.5 990313 3.52488e+06 7.30135e+06 1.16955e+07 1.59544e+07 1.93203e+07 2.11764e+07 2.11764e+07 1.93203e+07 1.59544e+07 1.16955e+07 7.30135e+06 3.52488e+06 990313 33239.5 1472.43 88.6238 4.54771 0.195826 0.00697229
0.000563376 0.0134605 0.266544 4.78751 86.6441 1700.53 24544 83739.2 172609 276211 376615 455936 499665 499665 455936 376615 276211 172609 83739.2 24544 1700.53 86.6441 4.78751 0.266544 0.0134605 0.000563376
3.86971e-05 0.000830449 0.0151431 0.262025 4.4018 64.9409 611.967 1993.22 4080.34 6520.09 8885.37 10753.5 11783.1 11783.1 10753.5 8885.37 6520.09 4080.34 1993.22 611.967 64.9409 4.4018 0.262025 0.0151431 0.000830449 3.86971e-05
2.40362e-06 4.7942e-05 0.000819184 0.0130994 0.188594 2.1505 15.2721 47.474 96.3585 153.682 209.298 253.22 277.422 277.422 253.22 209.298 153.682 96.3585 47.474 15.2721 2.1505 0.188594 0.0130994 0.000819184 4.7942e-05 2.40362e-06
1.26471e-07 2.37799e-06 3.78328e-05 0.000545143 0.00669585 0.0621786 0.363167 1.08122 2.17417 3.45979 4.7084 5.69454 6.23786 6.23786 5.69454 4.7084 3.45979 2.17417 1.08122 0.363167 0.0621786 0.00669585 0.000545143 3.78328e-05 2.37799e-06 1.26471e-07
