0.00306439 0.057853 0.924238 13.3696 164.82 1535.93 9001.53 26890.9 54245.4 86536.7 117958 142789 156469 156469 142789 117958 86536.7 54245.4 26890.9 9001.53 1535.93 164.82 13.3696 0.924238 0.057853 0.00306439
0.0584689 1.17135 20.1033 322.771 4664.38 53373.4 380331 1.18662e+06 2.41689e+06 3.86522e+06 5.27332e+06 6.386e+06 6.99904e+06 6.99904e+06 6.386e+06 5.27332e+06 3.86522e+06 2.41689e+06 1.18662e+06 380331 53373.4 4664.38 322.771 20.1033 1.17135 0.0584689
0.945089 20.3762 373.257 6485.18 109346 1.6186e+06 1.53017e+07 5.00346e+07 1.02816e+08 1.64778e+08 2.2498e+08 2.72556e+08 2.98772e+08 2.98772e+08 2.72556e+08 2.2498e+08 1.64778e+08 1.02816e+08 5.00346e+07 1.53017e+07 1.6186e+06 109346 6485.18 373.257 20.3762 0.945089
13.8108 331.553 6595.54 118950 2.16042e+06 4.25311e+07 6.15589e+08 2.10909e+09 4.36529e+09 7.00749e+09 9.57395e+09 1.16025e+10 1.27205e+10 1.27205e+10 1.16025e+10 9.57395e+09 7.00749e+09 4.36529e+09 2.10909e+09 6.15589e+08 4.25311e+07 2.16042e+06 118950 6595.54 331.553 13.8108
171.529 4840.76 112921 2.20911e+06 3.68271e+07 8.33621e+08 2.48893e+10 8.89922e+10 1.85153e+11 2.9758e+11 4.06794e+11 4.93143e+11 5.40744e+11 5.40744e+11 4.93143e+11 4.06794e+11 2.9758e+11 1.85153e+11 8.89922e+10 2.48893e+10 8.33621e+08 3.68271e+07 2.20911e+06 112921 4840.76 171.529
1606.61 55767.7 1.68803e+06 4.42015e+07 8.59498e+08 1.21918e+10 1.22091e+12 4.47089e+12 9.30407e+12 1.49434e+13 2.04182e+13 2.47454e+13 2.71305e+13 2.71305e+13 2.47454e+13 2.04182e+13 1.49434e+13 9.30407e+12 4.47089e+12 1.22091e+12 1.21918e+10 8.59498e+08 4.42015e+07 1.68803e+06 55767.7 1606.61
9447.74 399201 1.60619e+07 6.46221e+08 2.61312e+10 1.2758e+12 1.16373e+14 4.0862e+14 8.34763e+14 1.3264e+15 1.80016e+15 2.17287e+15 2.37776e+15 2.37776e+15 2.17287e+15 1.80016e+15 1.3264e+15 8.34763e+14 4.0862e+14 1.16373e+14 1.2758e+12 2.61312e+10 6.46221e+08 1.60619e+07 399201 9447.74
28245.4 1.24658e+06 5.25721e+07 2.21646e+09 9.35396e+10 4.67822e+12 4.09862e+14 1.43487e+15 2.92743e+15 4.64793e+15 6.30499e+15 7.60819e+15 8.32449e+15 8.32449e+15 7.60819e+15 6.30499e+15 4.64793e+15 2.92743e+15 1.43487e+15 4.09862e+14 4.67822e+12 9.35396e+10 2.21646e+09 5.25721e+07 1.24658e+06 28245.4
56965.9 2.53851e+06 1.08008e+08 4.58654e+09 1.94572e+11 9.73447e+12 8.38063e+14 2.93016e+15 5.97467e+15 9.48283e+15 1.28608e+16 1.55171e+16 1.6977e+16 1.6977e+16 1.55171e+16 1.28608e+16 9.48283e+15 5.97467e+15 2.93016e+15 8.38063e+14 9.73447e+12 1.94572e+11 4.58654e+09 1.08008e+08 2.53851e+06 56965.9
90821.5 4.0572e+06 1.72989e+08 7.35786e+09 3.12509e+11 1.56255e+13 1.33193e+15 4.65341e+15 9.48521e+15 1.50515e+16 2.04105e+16 2.46242e+16 2.69399e+16 2.69399e+16 2.46242e+16 2.04105e+16 1.50515e+16 9.48521e+15 4.65341e+15 1.33193e+15 1.56255e+13 3.12509e+11 7.35786e+09 1.72989e+08 4.0572e+06 90821.5
123710 5.53114e+06 2.36012e+08 1.00448e+10 4.26859e+11 2.13341e+13 1.8075e+15 6.31202e+15 1.28634e+16 2.04095e+16 2.76738e+16 3.33851e+16 3.65238e+16 3.65238e+16 3.33851e+16 2.76738e+16 2.04095e+16 1.28634e+16 6.31202e+15 1.8075e+15 2.13341e+13 4.26859e+11 1.00448e+10 2.36012e+08 5.53114e+06 123710
149659 6.69396e+06 2.85733e+08 1.21649e+10 5.17107e+11 2.58384e+13 2.18132e+15 7.61545e+15 1.55178e+16 2.46192e+16 3.33802e+16 4.02679e+16 4.4053e+16 4.4053e+16 4.02679e+16 3.33802e+16 2.46192e+16 1.55178e+16 7.61545e+15 2.18132e+15 2.58384e+13 5.17107e+11 1.21649e+10 2.85733e+08 6.69396e+06 149659
163938 7.33389e+06 3.13098e+08 1.33319e+10 5.66793e+11 2.83179e+13 2.3867e+15 8.33145e+15 1.69759e+16 2.69315e+16 3.65144e+16 4.40481e+16 4.81883e+16 4.81883e+16 4.40481e+16 3.65144e+16 2.69315e+16 1.69759e+16 8.33145e+15 2.3867e+15 2.83179e+13 5.66793e+11 1.33319e+10 3.13098e+08 7.33389e+06 163938
163938 7.33389e+06 3.13098e+08 1.33319e+10 5.66793e+11 2.83179e+13 2.3867e+15 8.33145e+15 1.69759e+16 2.69315e+16 3.65144e+16 4.40481e+16 4.81883e+16 4.81883e+16 4.40481e+16 3.65144e+16 2.69315e+16 1.69759e+16 8.33145e+15 2.3867e+15 2.83179e+13 5.66793e+11 1.33319e+10 3.13098e+08 7.33389e+06 163938
149659 6.69396e+06 2.85733e+08 1.21649e+10 5.17107e+11 2.58384e+13 2.18132e+15 7.61545e+15 1.55178e+16 2.46192e+16 3.33802e+16 4.02679e+16 4.4053e+16 4.4053e+16 4.02679e+16 3.33802e+16 2.46192e+16 1.55178e+16 7.61545e+15 2.18132e+15 2.58384e+13 5.17107e+11 1.21649e+10 2.85733e+08 6.69396e+06 149659
123710 5.53114e+06 2.36012e+08 1.00448e+10 4.26859e+11 2.13341e+13 1.8075e+15 6.31202e+15 1.28634e+16 2.04095e+16 2.76738e+16 3.33851e+16 3.65238e+16 3.65238e+16 3.33851e+16 2.76738e+16 2.04095e+16 1.28634e+16 6.31202e+15 1.8075e+15 2.13341e+13 4.26859e+11 1.00448e+10 2.36012e+08 5.53114e+06 123710
90821.5 4.0572e+06 1.72989e+08 7.35786e+09 3.12509e+11 1.56255e+13 1.33193e+15 4.65341e+15 9.48521e+15 1.50515e+16 2.04105e+16 2.46242e+16 2.69399e+16 2.69399e+16 2.46242e+16 2.04105e+16 1.50515e+16 9.48521e+15 4.65341e+15 1.33193e+15 1.56255e+13 3.12509e+11 7.35786e+09 1.72989e+08 4.0572e+06 90821.5
56965.9 2.53851e+06 1.08008e+08 4.58654e+09 1.94572e+11 9.73447e+12 8.38063e+14 2.93016e+15 5.97467e+15 9.48283e+15 1.28608e+16 1.55171e+16 1.6977e+16 1.6977e+16 1.55171e+16 1.28608e+16 9.48283e+15 5.97467e+15 2.93016e+15 8.38063e+14 9.73447e+12 1.94572e+11 4.58654e+09 1.08008e+08 2.53851e+06 56965.9
28245.4 1.24658e+06 5.25721e+07 2.21646e+09 9.35396e+10 4.67822e+12 4.09862e+14 1.43487e+15 2.92743e+15 4.64793e+15 6.30499e+15 7.60819e+15 8.32449e+15 8.32449e+15 7.60819e+15 6.30499e+15 4.64793e+15 2.92743e+15 1.43487e+15 4.09862e+14 4.67822e+12 9.35396e+10 2.21646e+09 5.25721e+07 1.24658e+06 28245.4
9447.74 399201 1.60619e+07 6.46221e+08 2.61312e+10 1.2758e+12 1.16373e+14 4.0862e+14 8.34763e+14 1.3264e+15 1.80016e+15 2.17287e+15 2.37776e+15 2.37776e+15 2.17287e+15 1.80016e+15 1.3264e+15 8.34763e+14 4.0862e+14 1.16373e+14 1.2758e+12 2.61312e+10 6.46221e+08 1.60619e+07 399201 9447.74
1606.61 55767.7 1.68803e+06 4.42015e+07 8.59498e+08 1.21918e+10 1.22091e+12 4.47089e+12 9.30407e+12 1.49434e+13 2.04182e+13 2.47454e+13 2.71305e+13 2.71305e+13 2.47454e+13 2.04182e+13 1.49434e+13 9.30407e+12 4.47089e+12 1.22091e+12 1.21918e+10 8.59498e+08 4.42015e+07 1.68803e+06 55767.7 1606.61
171.529 4840.76 112921 2.20911e+06 3.68271e+07 8.33621e+08 2.48893e+10 8.89922e+10 1.85153e+11 2.9758e+11 4.06794e+11 4.93143e+11 5.40744e+11 5.40744e+11 4.93143e+11 4.06794e+11 2.9758e+11 1.85153e+11 8.89922e+10 2.48893e+10 8.33621e+08 3.68271e+07 2.20911e+06 112921 4840.76 171.529
13.8108 331.553 6595.54 118950 2.16042e+06 4.25311e+07 6.15589e+08 2.10909e+09 4.36529e+09 7.00749e+09 9.57395e+09 1.16025e+10 1.27205e+10 1.27205e+10 1.16025e+10 9.57395e+09 7.00749e+09 4.36529e+09 2.10909e+09 6.15589e+08 4.25311e+07 2.16042e+06 118950 6595.54 331.553 13.8108
0.945089 20.3762 373.257 6485.18 109346 1.6186e+06 1.53017e+07 5.00346e+07 1.02816e+08 1.64778e+08 2.2498e+08 2.72556e+08 2.98772e+08 2.98772e+08 2.72556e+08 2.2498e+08 1.64778e+08 1.02816e+08 5.00346e+07 1.53017e+07 1.6186e+06 109346 6485.18 373.257 20.3762 0.945089
0.0584689 1.17135 20.1033 322.771 4664.38 53373.4 380331 1.18662e+06 2.41689e+06 3.86522e+06 5.27332e+06 6.386e+06 6.99904e+06 6.99904e+06 6.386e+06 5.27332e+06 3.86522e+06 2.41689e+06 1.18662e+06 380331 53373.4 4664.38 322.771 20.1033 1.17135 0.0584689
0.00306439 0.057853 0.924238 13.3696 164.82 1535.93 9001.53 26890.9 54245.4 86536.7 117958 142789 156469 156469 142789 117958 86536.7 54245.4 26890.9 9001.53 1535.93 164.82 13.3696 0.924238 0.057853 0.00306439
