0.000168044 0.00314019 0.0494703 0.704414 8.55422 78.7174 456.638 1350.35 2694.01 4251.26 5741.02 6902.57 7537.02 7537.02 6902.57 5741.02 4251.26 2694.01 1350.35 456.638 78.7174 8.55422 0.704414 0.0494703 0.0031402 0.000168044
0.00319962 0.0635908 1.07793 17.023 241.692 2724.68 19201.5 59275 119332 188673 254898 306503 334685 334685 306503 254898 188673 119332 59275 19201.5 2724.68 241.692 17.023 1.07793 0.0635908 0.00319962
0.0514522 1.10414 20.0635 343.583 5675.89 82429.4 769549 2.48853e+06 5.0513e+06 7.99882e+06 1.08099e+07 1.29994e+07 1.4195e+07 1.4195e+07 1.29994e+07 1.08099e+07 7.99882e+06 5.0513e+06 2.48853e+06 769549 82429.4 5675.89 343.583 20.0635 1.10414 0.0514522
0.745186 17.8494 354.218 6346.1 113087 2.16709e+06 3.08771e+07 1.04566e+08 2.1365e+08 3.38678e+08 4.57797e+08 5.5055e+08 6.01192e+08 6.01192e+08 5.5055e+08 4.57797e+08 3.38678e+08 2.1365e+08 1.04566e+08 3.08771e+07 2.16709e+06 113087 6346.11 354.218 17.8494 0.745186
9.14715 257.606 6009.79 117891 1.96243e+06 4.2823e+07 1.24668e+09 4.40335e+09 9.03794e+09 1.4336e+10 1.93805e+10 2.33079e+10 2.54521e+10 2.54521e+10 2.33079e+10 1.93805e+10 1.4336e+10 9.03794e+09 4.40335e+09 1.24668e+09 4.2823e+07 1.96243e+06 117891 6009.79 257.606 9.14715
84.6074 2926.75 88453.3 2.32124e+06 4.56812e+07 6.58592e+08 6.13743e+10 2.21892e+11 4.55422e+11 7.21813e+11 9.7532e+11 1.17265e+12 1.28038e+12 1.28038e+12 1.17265e+12 9.7532e+11 7.21813e+11 4.55422e+11 2.21892e+11 6.13743e+10 6.58592e+08 4.56812e+07 2.32124e+06 88453.3 2926.75 84.6074
491.649 20673.6 828561 3.32461e+07 1.34242e+09 6.52208e+10 5.84734e+12 2.03539e+13 4.11735e+13 6.48011e+13 8.72397e+13 1.04695e+14 1.14224e+14 1.14224e+14 1.04695e+14 8.72397e+13 6.48011e+13 4.11735e+13 2.03539e+13 5.84734e+12 6.52208e+10 1.34242e+09 3.32461e+07 828561 20673.6 491.649
1453.96 63825.7 2.67972e+06 1.12606e+08 4.74222e+09 2.36083e+11 2.04269e+13 7.09331e+13 1.4336e+14 2.25527e+14 3.03549e+14 3.64242e+14 3.97374e+14 3.97374e+14 3.64242e+14 3.03549e+14 2.25527e+14 1.4336e+14 7.09331e+13 2.04269e+13 2.36083e+11 4.74222e+09 1.12606e+08 2.67972e+06 63825.7 1453.96
2899.25 128427 5.43646e+06 2.29949e+08 9.72784e+09 4.84429e+11 4.13593e+13 1.43494e+14 2.89916e+14 4.56011e+14 6.1372e+14 7.364e+14 8.0337e+14 8.0337e+14 7.364e+14 6.1372e+14 4.56011e+14 2.89916e+14 1.43494e+14 4.13593e+13 4.84429e+11 9.72784e+09 2.29949e+08 5.43646e+06 128427 2899.25
4571.85 202902 8.60214e+06 3.64227e+08 1.54177e+10 7.67288e+11 6.51017e+13 2.25773e+14 4.56083e+14 7.17322e+14 9.65368e+14 1.15832e+15 1.26365e+15 1.26365e+15 1.15832e+15 9.65368e+14 7.17322e+14 4.56083e+14 2.25773e+14 6.51017e+13 7.67288e+11 1.54177e+10 3.64227e+08 8.60214e+06 202902 4571.85
6169.4 273914 1.16161e+07 4.91934e+08 2.08255e+10 1.036e+12 8.76292e+13 3.03836e+14 6.13729e+14 9.65231e+14 1.29898e+15 1.55859e+15 1.70031e+15 1.70032e+15 1.55859e+15 1.29898e+15 9.65231e+14 6.13729e+14 3.03836e+14 8.76292e+13 1.036e+12 2.08255e+10 4.91934e+08 1.16161e+07 273914 6169.4
7413.21 329166 1.39601e+07 5.91216e+08 2.50288e+10 1.24483e+12 1.05138e+14 3.64506e+14 7.36255e+14 1.15791e+15 1.55827e+15 1.86969e+15 2.0397e+15 2.0397e+15 1.86969e+15 1.55827e+15 1.15791e+15 7.36255e+14 3.64506e+14 1.05138e+14 1.24483e+12 2.50288e+10 5.91216e+08 1.39601e+07 329166 7413.21
8091.93 359310 1.52386e+07 6.45364e+08 2.7321e+10 1.35871e+12 1.14689e+14 3.97605e+14 8.03099e+14 1.26303e+15 1.69972e+15 2.03942e+15 2.22486e+15 2.22486e+15 2.03942e+15 1.69972e+15 1.26303e+15 8.03099e+14 3.97605e+14 1.14689e+14 1.35871e+12 2.7321e+10 6.45364e+08 1.52386e+07 359310 8091.93
8091.93 359310 1.52386e+07 6.45364e+08 2.7321e+10 1.35871e+12 1.14689e+14 3.97605e+14 8.03099e+14 1.26303e+15 1.69972e+15 2.03942e+15 2.22486e+15 2.22486e+15 2.03942e+15 1.69972e+15 1.26303e+15 8.03099e+14 3.97605e+14 1.14689e+14 1.35871e+12 2.7321e+10 6.45364e+08 1.52386e+07 359310 8091.93
7413.21 329166 1.39601e+07 5.91216e+08 2.50288e+10 1.24483e+12 1.05138e+14 3.64506e+14 7.36255e+14 1.15791e+15 1.55827e+15 1.86969e+15 2.0397e+15 2.0397e+15 1.86969e+15 1.55827e+15 1.15791e+15 7.36255e+14 3.64506e+14 1.05138e+14 1.24483e+12 2.50288e+10 5.91216e+08 1.39601e+07 329166 7413.21
6169.4 273914 1.16161e+07 4.91934e+08 2.08255e+10 1.036e+12 8.76292e+13 3.03836e+14 6.13729e+14 9.65231e+14 1.29898e+15 1.55859e+15 1.70032e+15 1.70031e+15 1.55859e+15 1.29898e+15 9.65231e+14 6.13729e+14 3.03836e+14 8.76292e+13 1.036e+12 2.08255e+10 4.91934e+08 1.16161e+07 273914 6169.4
4571.85 202902 8.60214e+06 3.64227e+08 1.54177e+10 7.67288e+11 6.51017e+13 2.25773e+14 4.56083e+14 7.17322e+14 9.65368e+14 1.15832e+15 1.26365e+15 1.26365e+15 1.15832e+15 9.65368e+14 7.17322e+14 4.56083e+14 2.25773e+14 6.51017e+13 7.67288e+11 1.54177e+10 3.64227e+08 8.60214e+06 202902 4571.85
2899.25 128427 5.43646e+06 2.29949e+08 9.72784e+09 4.84429e+11 4.13593e+13 1.43494e+14 2.89916e+14 4.56011e+14 6.1372e+14 7.364e+14 8.0337e+14 8.0337e+14 7.364e+14 6.1372e+14 4.56011e+14 2.89916e+14 1.43494e+14 4.13593e+13 4.84429e+11 9.72784e+09 2.29949e+08 5.43646e+06 128427 2899.25
1453.96 63825.7 2.67972e+06 1.12606e+08 4.74222e+09 2.36083e+11 2.04269e+13 7.09331e+13 1.4336e+14 2.25527e+14 3.03549e+14 3.64242e+14 3.97374e+14 3.97374e+14 3.64242e+14 3.03549e+14 2.25527e+14 1.4336e+14 7.09331e+13 2.04269e+13 2.36083e+11 4.74222e+09 1.12606e+08 2.67972e+06 63825.7 1453.96
491.649 20673.6 828561 3.32461e+07 1.34242e+09 6.52208e+10 5.84734e+12 2.03539e+13 4.11735e+13 6.48011e+13 8.72397e+13 1.04695e+14 1.14224e+14 1.14224e+14 1.04695e+14 8.72397e+13 6.48011e+13 4.11735e+13 2.03539e+13 5.84734e+12 6.52208e+10 1.34242e+09 3.32461e+07 828561 20673.6 491.649
84.6074 2926.75 88453.3 2.32124e+06 4.56812e+07 6.58592e+08 6.13743e+10 2.21892e+11 4.55422e+11 7.21813e+11 9.7532e+11 1.17265e+12 1.28038e+12 1.28038e+12 1.17265e+12 9.7532e+11 7.21813e+11 4.55422e+11 2.21892e+11 6.13743e+10 6.58592e+08 4.56812e+07 2.32124e+06 88453.3 2926.75 84.6074
9.14715 257.606 6009.79 117891 1.96243e+06 4.2823e+07 1.24668e+09 4.40335e+09 9.03794e+09 1.4336e+10 1.93805e+10 2.33079e+10 2.54521e+10 2.54521e+10 2.33079e+10 1.93805e+10 1.4336e+10 9.03794e+09 4.40335e+09 1.24668e+09 4.2823e+07 1.96243e+06 117891 6009.79 257.606 9.14715
0.745186 17.8494 354.218 6346.11 113087 2.16709e+06 3.08771e+07 1.04566e+08 2.1365e+08 3.38678e+08 4.57797e+08 5.5055e+08 6.01192e+08 6.01192e+08 5.5055e+08 4.57797e+08 3.38678e+08 2.1365e+08 1.04566e+08 3.08771e+07 2.16709e+06 113087 6346.1 354.218 17.8494 0.745186
0.0514522 1.10414 20.0635 343.583 5675.89 82429.4 769549 2.48853e+06 5.0513e+06 7.99882e+06 1.08099e+07 1.29994e+07 1.4195e+07 1.4195e+07 1.29994e+07 1.08099e+07 7.99882e+06 5.0513e+06 2.48853e+06 769549 82429.4 5675.89 343.583 20.0635 1.10414 0.0514522
0.00319962 0.0635908 1.07793 17.023 241.692 2724.68 19201.5 59275 119332 188673 254898 306503 334685 334685 306503 254898 188673 119332 59275 19201.5 2724.68 241.692 17.023 1.07793 0.0635908 0.00319962
0.000168044 0.0031402 0.0494703 0.704414 8.55422 78.7174 456.638 1350.35 2694.01 4251.26 5741.02 6902.57 7537.02 7537.02 6902.57 5741.02 4251.26 2694.01 1350.35 456.638 78.7174 8.55422 0.704414 0.0494703 0.0031402 0.000168044
