0.0219497 0.418025 6.73259 98.0861 1217.35 11421.3 67418.1 203055 413145 664259 911098 1.10754e+06 1.2162e+06 1.2162e+06 1.10754e+06 911098 664259 413145 203055 67418.1 11421.3 1217.35 98.0861 6.73259 0.418025 0.0219497
0.422836 8.55779 148.2 2396.79 34855.6 401332 2.87922e+06 9.06016e+06 1.86233e+07 3.00315e+07 4.12409e+07 5.01633e+07 5.50994e+07 5.50994e+07 5.01633e+07 4.12409e+07 3.00315e+07 1.86233e+07 9.06016e+06 2.87922e+06 401332 34855.6 2396.79 148.2 8.55779 0.422836
6.89663 150.377 2781.76 48691.2 825578 1.22832e+07 1.16806e+08 3.85365e+08 7.99617e+08 1.29279e+09 1.77725e+09 2.16296e+09 2.3764e+09 2.3764e+09 2.16296e+09 1.77725e+09 1.29279e+09 7.99617e+08 3.85365e+08 1.16806e+08 1.22832e+07 825578 48691.2 2781.76 150.377 6.89663
101.572 2467.25 49590.5 901507 1.64578e+07 3.25079e+08 4.7259e+09 1.63442e+10 3.41786e+10 5.53737e+10 7.61955e+10 9.27781e+10 1.01956e+11 1.01956e+11 9.27781e+10 7.61955e+10 5.53737e+10 3.41786e+10 1.63442e+10 4.7259e+09 3.25079e+08 1.64578e+07 901507 49590.5 2467.25 101.572
1270.39 36272.1 854768 1.6863e+07 2.82905e+08 6.41067e+09 1.91721e+11 6.9237e+11 1.45632e+12 2.36329e+12 3.25459e+12 3.96468e+12 4.35776e+12 4.35776e+12 3.96468e+12 3.25459e+12 2.36329e+12 1.45632e+12 6.9237e+11 1.91721e+11 6.41067e+09 2.82905e+08 1.6863e+07 854768 36272.1 1270.39
11979.2 420487 1.28465e+07 3.38884e+08 6.63395e+09 9.46571e+10 9.4204e+12 3.48559e+13 7.33546e+13 1.18977e+14 1.63784e+14 1.99468e+14 2.19216e+14 2.19216e+14 1.99468e+14 1.63784e+14 1.18977e+14 7.33546e+13 3.48559e+13 9.4204e+12 9.46571e+10 6.63395e+09 3.38884e+08 1.28465e+07 420487 11979.2
70939 3.02955e+06 1.22904e+08 4.97264e+09 2.0174e+11 9.85529e+12 8.9903e+14 3.1816e+15 6.55703e+15 1.0502e+16 1.43423e+16 1.73849e+16 1.90642e+16 1.90642e+16 1.73849e+16 1.43423e+16 1.0502e+16 6.55703e+15 3.1816e+15 8.9903e+14 9.85529e+12 2.0174e+11 4.97264e+09 1.22904e+08 3.02955e+06 70939
213841 9.54242e+06 4.05924e+08 1.72182e+10 7.29484e+11 3.65249e+13 3.19242e+15 1.12586e+16 2.31643e+16 3.70625e+16 5.05827e+16 6.12896e+16 6.71982e+16 6.71982e+16 6.12896e+16 5.05827e+16 3.70625e+16 2.31643e+16 1.12586e+16 3.19242e+15 3.65249e+13 7.29484e+11 1.72182e+10 4.05924e+08 9.54242e+06 213841
435079 1.96144e+07 8.42285e+08 3.60073e+10 1.53445e+12 7.68835e+13 6.58765e+15 2.3194e+16 4.76816e+16 7.62499e+16 1.04031e+17 1.26026e+17 1.38163e+17 1.38163e+17 1.26026e+17 1.04031e+17 7.62499e+16 4.76816e+16 2.3194e+16 6.58765e+15 7.68835e+13 1.53445e+12 3.60073e+10 8.42285e+08 1.96144e+07 435079
699235 3.16166e+07 1.3612e+09 5.83117e+10 2.48902e+12 1.24662e+14 1.05563e+16 3.71297e+16 7.62909e+16 1.21959e+17 1.66355e+17 2.015e+17 2.20891e+17 2.20891e+17 2.015e+17 1.66355e+17 1.21959e+17 7.62909e+16 3.71297e+16 1.05563e+16 1.24662e+14 2.48902e+12 5.83117e+10 1.3612e+09 3.16166e+07 699235
958537 4.33929e+07 1.87021e+09 8.01902e+10 3.42564e+12 1.71516e+14 1.44181e+16 5.06815e+16 1.04102e+17 1.66381e+17 2.26913e+17 2.74826e+17 3.01259e+17 3.01259e+17 2.74826e+17 2.26913e+17 1.66381e+17 1.04102e+17 5.06815e+16 1.44181e+16 1.71516e+14 3.42564e+12 8.01902e+10 1.87021e+09 4.33929e+07 958537
1.16462e+06 5.27534e+07 2.27487e+09 9.75883e+10 4.17067e+12 2.08774e+14 1.74757e+16 6.14072e+16 1.26109e+17 2.01526e+17 2.7482e+17 3.32828e+17 3.6483e+17 3.6483e+17 3.32828e+17 2.7482e+17 2.01526e+17 1.26109e+17 6.14072e+16 1.74757e+16 2.08774e+14 4.17067e+12 9.75883e+10 2.27487e+09 5.27534e+07 1.16462e+06
1.27851e+06 5.79268e+07 2.49856e+09 1.07207e+11 4.58261e+12 2.29371e+14 1.91624e+16 6.7323e+16 1.38246e+17 2.20908e+17 3.01238e+17 3.64812e+17 3.99883e+17 3.99883e+17 3.64812e+17 3.01238e+17 2.20908e+17 1.38246e+17 6.7323e+16 1.91624e+16 2.29371e+14 4.58261e+12 1.07207e+11 2.49856e+09 5.79268e+07 1.27851e+06
1.27851e+06 5.79268e+07 2.49856e+09 1.07207e+11 4.58261e+12 2.29371e+14 1.91624e+16 6.7323e+16 1.38246e+17 2.20908e+17 3.01238e+17 3.64812e+17 3.99883e+17 3.99883e+17 3.64812e+17 3.01238e+17 2.20908e+17 1.38246e+17 6.7323e+16 1.91624e+16 2.29371e+14 4.58261e+12 1.07207e+11 2.49856e+09 5.79268e+07 1.27851e+06
1.16462e+06 5.27534e+07 2.27487e+09 9.75883e+10 4.17067e+12 2.08774e+14 1.74757e+16 6.14072e+16 1.26109e+17 2.01526e+17 2.7482e+17 3.32828e+17 3.6483e+17 3.6483e+17 3.32828e+17 2.7482e+17 2.01526e+17 1.26109e+17 6.14072e+16 1.74757e+16 2.08774e+14 4.17067e+12 9.75883e+10 2.27487e+09 5.27534e+07 1.16462e+06
958537 4.33929e+07 1.87021e+09 8.01902e+10 3.42564e+12 1.71516e+14 1.44181e+16 5.06815e+16 1.04102e+17 1.66381e+17 2.26913e+17 2.74826e+17 3.01259e+17 3.01259e+17 2.74826e+17 2.26913e+17 1.66381e+17 1.04102e+17 5.06815e+16 1.44181e+16 1.71516e+14 3.42564e+12 8.01902e+10 1.87021e+09 4.33929e+07 958537
699235 3.16166e+07 1.3612e+09 5.83117e+10 2.48902e+12 1.24662e+14 1.05563e+16 3.71297e+16 7.62909e+16 1.21959e+17 1.66355e+17 2.015e+17 2.20891e+17 2.20891e+17 2.015e+17 1.66355e+17 1.21959e+17 7.62909e+16 3.71297e+16 1.05563e+16 1.24662e+14 2.48902e+12 5.83117e+10 1.3612e+09 3.16166e+07 699235
435079 1.96144e+07 8.42285e+08 3.60072e+10 1.53445e+12 7.68835e+13 6.58765e+15 2.3194e+16 4.76816e+16 7.62499e+16 1.04031e+17 1.26026e+17 1.38163e+17 1.38163e+17 1.26026e+17 1.04031e+17 7.62499e+16 4.76816e+16 2.3194e+16 6.58765e+15 7.68835e+13 1.53445e+12 3.60072e+10 8.42285e+08 1.96144e+07 435079
213841 9.54242e+06 4.05924e+08 1.72182e+10 7.29484e+11 3.65249e+13 3.19242e+15 1.12586e+16 2.31643e+16 3.70625e+16 5.05827e+16 6.12896e+16 6.71982e+16 6.71982e+16 6.12896e+16 5.05827e+16 3.70625e+16 2.31643e+16 1.12586e+16 3.19242e+15 3.65249e+13 7.29484e+11 1.72182e+10 4.05924e+08 9.54242e+06 213841
70939 3.02955e+06 1.22904e+08 4.97264e+09 2.0174e+11 9.85529e+12 8.9903e+14 3.1816e+15 6.55703e+15 1.0502e+16 1.43423e+16 1.73849e+16 1.90642e+16 1.90642e+16 1.73849e+16 1.43423e+16 1.0502e+16 6.55703e+15 3.1816e+15 8.9903e+14 9.85529e+12 2.0174e+11 4.97264e+09 1.22904e+08 3.02955e+06 70939
11979.2 420487 1.28465e+07 3.38884e+08 6.63395e+09 9.46571e+10 9.4204e+12 3.48559e+13 7.33546e+13 1.18977e+14 1.63784e+14 1.99468e+14 2.19216e+14 2.19216e+14 1.99468e+14 1.63784e+14 1.18977e+14 7.33546e+13 3.48559e+13 9.4204e+12 9.46571e+10 6.63395e+09 3.38884e+08 1.28465e+07 420487 11979.2
1270.39 36272.1 854768 1.6863e+07 2.82905e+08 6.41067e+09 1.91721e+11 6.9237e+11 1.45632e+12 2.36329e+12 3.25459e+12 3.96468e+12 4.35776e+12 4.35776e+12 3.96468e+12 3.25459e+12 2.36329e+12 1.45632e+12 6.9237e+11 1.91721e+11 6.41067e+09 2.82905e+08 1.6863e+07 854768 36272.1 1270.39
101.572 2467.25 49590.5 901507 1.64578e+07 3.25079e+08 4.7259e+09 1.63442e+10 3.41786e+10 5.53737e+10 7.61955e+10 9.27781e+10 1.01956e+11 1.01956e+11 9.27781e+10 7.61955e+10 5.53737e+10 3.41786e+10 1.63442e+10 4.7259e+09 3.25079e+08 1.64578e+07 901507 49590.5 2467.25 101.572
6.89663 150.377 2781.76 48691.2 825578 1.22832e+07 1.16806e+08 3.85365e+08 7.99617e+08 1.29279e+09 1.77725e+09 2.16296e+09 2.3764e+09 2.3764e+09 2.16296e+09 1.77725e+09 1.29279e+09 7.99617e+08 3.85365e+08 1.16806e+08 1.22832e+07 825578 48691.2 2781.76 150.377 6.89663
0.422836 8.55779 148.2 2396.79 34855.6 401332 2.87922e+06 9.06016e+06 1.86233e+07 3.00315e+07 4.12409e+07 5.01633e+07 5.50994e+07 5.50994e+07 5.01633e+07 4.12409e+07 3.00315e+07 1.86233e+07 9.06016e+06 2.87922e+06 401332 34855.6 2396.79 148.2 8.55779 0.422836
0.0219497 0.418025 6.73259 98.0861 1217.35 11421.3 67418.1 203055 413145 664259 911098 1.10754e+06 1.2162e+06 1.2162e+06 1.10754e+06 911098 664259 413145 203055 67418.1 11421.3 1217.35 98.0861 6.73259 0.418025 0.0219497
