19.8973 367.69 5672.46 78544.4 927083 8.33476e+06 4.7508e+07 1.37936e+08 2.68821e+08 4.12998e+08 5.43349e+08 6.39839e+08 6.90647e+08 6.90646e+08 6.39839e+08 5.43349e+08 4.12998e+08 2.68821e+08 1.37936e+08 4.7508e+07 8.33476e+06 927083 78544.4 5672.46 367.69 19.8973
381.887 7558.45 126171 1.93647e+06 2.65492e+07 2.90438e+08 2.00558e+09 6.07479e+09 1.19345e+10 1.83462e+10 2.41141e+10 2.83683e+10 3.06031e+10 3.06031e+10 2.83683e+10 2.41141e+10 1.83462e+10 1.19345e+10 6.07479e+09 2.00558e+09 2.90438e+08 2.65492e+07 1.93647e+06 126171 7558.45 381.887
6142.86 132473 2.39917e+06 4.02066e+07 6.37326e+08 8.87289e+09 8.07465e+10 2.56021e+11 5.06578e+11 7.78794e+11 1.02245e+12 1.20149e+12 1.29531e+12 1.29531e+12 1.20149e+12 1.02245e+12 7.78794e+11 5.06578e+11 2.56021e+11 8.07465e+10 8.87289e+09 6.37326e+08 4.02066e+07 2.39917e+06 132473 6142.86
88054.5 2.13311e+06 4.27969e+07 7.66149e+08 1.31798e+10 2.36984e+11 3.25537e+12 1.08016e+13 2.14888e+13 3.30208e+13 4.32936e+13 5.08138e+13 5.47447e+13 5.47447e+13 5.08138e+13 4.32936e+13 3.30208e+13 2.14888e+13 1.08016e+13 3.25537e+12 2.36984e+11 1.31798e+10 7.66149e+08 4.27969e+07 2.13311e+06 88054.5
1.06093e+06 3.02275e+07 7.17111e+08 1.438e+10 2.41948e+11 4.8495e+12 1.32057e+14 4.56705e+14 9.11624e+14 1.39951e+15 1.83217e+15 2.14772e+15 2.31223e+15 2.31223e+15 2.14772e+15 1.83217e+15 1.39951e+15 9.11624e+14 4.56705e+14 1.32057e+14 4.8495e+12 2.41948e+11 1.438e+10 7.17111e+08 3.02275e+07 1.06093e+06
9.5998e+06 3.34663e+08 1.0233e+10 2.73778e+11 5.62071e+12 8.53809e+13 6.60002e+15 2.33589e+16 4.66403e+16 7.15767e+16 9.37074e+16 1.0987e+17 1.18306e+17 1.18306e+17 1.0987e+17 9.37074e+16 7.15767e+16 4.66403e+16 2.33589e+16 6.60002e+15 8.53809e+13 5.62071e+12 2.73778e+11 1.0233e+10 3.34663e+08 9.5998e+06
5.45932e+07 2.30417e+09 9.27462e+10 3.73827e+12 1.51606e+14 7.29986e+15 6.26743e+17 2.15542e+18 4.28791e+18 6.61715e+18 8.73915e+18 1.03298e+19 1.11762e+19 1.11762e+19 1.03298e+19 8.73915e+18 6.61715e+18 4.28791e+18 2.15542e+18 6.26743e+17 7.29986e+15 1.51606e+14 3.73827e+12 9.27462e+10 2.30417e+09 5.45932e+07
1.58256e+08 6.96722e+09 2.93526e+11 1.23795e+13 5.23231e+14 2.58581e+16 2.1648e+18 7.42726e+18 1.4755e+19 2.27465e+19 3.00176e+19 3.54625e+19 3.8358e+19 3.8358e+19 3.54625e+19 3.00176e+19 2.27465e+19 1.4755e+19 7.42726e+18 2.1648e+18 2.58582e+16 5.23231e+14 1.23795e+13 2.93526e+11 6.96722e+09 1.58256e+08
3.08081e+08 1.36723e+10 5.80113e+11 2.45986e+13 1.04315e+15 5.15852e+16 4.30632e+18 1.47545e+19 2.92613e+19 4.50276e+19 5.93219e+19 6.99936e+19 7.56569e+19 7.56569e+19 6.99936e+19 5.93219e+19 4.50276e+19 2.92613e+19 1.47545e+19 4.30632e+18 5.15852e+16 1.04315e+15 2.45986e+13 5.80113e+11 1.36723e+10 3.08081e+08
4.72898e+08 2.09986e+10 8.91015e+11 3.77634e+13 1.59985e+15 7.90595e+16 6.63588e+18 2.27134e+19 4.4964e+19 6.90469e+19 9.07878e+19 1.06958e+20 1.15517e+20 1.15517e+20 1.06958e+20 9.07878e+19 6.90469e+19 4.4964e+19 2.27134e+19 6.63588e+18 7.90595e+16 1.59985e+15 3.77634e+13 8.91015e+11 2.09986e+10 4.72898e+08
6.21713e+08 2.75803e+10 1.1689e+12 4.94733e+13 2.09279e+15 1.03361e+17 8.74772e+18 2.99197e+19 5.9132e+19 9.06257e+19 1.18939e+20 1.3992e+20 1.50998e+20 1.50998e+20 1.3992e+20 1.18939e+20 9.06257e+19 5.9132e+19 2.99197e+19 8.74772e+18 1.03361e+17 2.09279e+15 4.94733e+13 1.1689e+12 2.75803e+10 6.21713e+08
7.3175e+08 3.24291e+10 1.37285e+12 5.8035e+13 2.45184e+15 1.21054e+17 1.03234e+19 3.52917e+19 6.96618e+19 1.06603e+20 1.39705e+20 1.64164e+20 1.77053e+20 1.77053e+20 1.64164e+20 1.39705e+20 1.06603e+20 6.96618e+19 3.52917e+19 1.03234e+19 1.21054e+17 2.45184e+15 5.8035e+13 1.37285e+12 3.24291e+10 7.3175e+08
7.89647e+08 3.49744e+10 1.47964e+12 6.25066e+13 2.63887e+15 1.30268e+17 1.11592e+19 3.81393e+19 7.52319e+19 1.15032e+20 1.50634e+20 1.76899e+20 1.90724e+20 1.90724e+20 1.76899e+20 1.50634e+20 1.15032e+20 7.52319e+19 3.81393e+19 1.11592e+19 1.30268e+17 2.63887e+15 6.25066e+13 1.47964e+12 3.49744e+10 7.89647e+08
7.89647e+08 3.49744e+10 1.47964e+12 6.25066e+13 2.63887e+15 1.30268e+17 1.11592e+19 3.81393e+19 7.52319e+19 1.15032e+20 1.50634e+20 1.76899e+20 1.90724e+20 1.90724e+20 1.76899e+20 1.50634e+20 1.15032e+20 7.52319e+19 3.81393e+19 1.11592e+19 1.30268e+17 2.63887e+15 6.25066e+13 1.47964e+12 3.49744e+10 7.89647e+08
7.3175e+08 3.24291e+10 1.37285e+12 5.8035e+13 2.45184e+15 1.21054e+17 1.03234e+19 3.52917e+19 6.96618e+19 1.06603e+20 1.39705e+20 1.64164e+20 1.77053e+20 1.77053e+20 1.64164e+20 1.39705e+20 1.06603e+20 6.96618e+19 3.52917e+19 1.03234e+19 1.21054e+17 2.45184e+15 5.8035e+13 1.37285e+12 3.24291e+10 7.3175e+08
6.21713e+08 2.75803e+10 1.1689e+12 4.94733e+13 2.09279e+15 1.03361e+17 8.74772e+18 2.99197e+19 5.9132e+19 9.06257e+19 1.18939e+20 1.3992e+20 1.50998e+20 1.50998e+20 1.3992e+20 1.18939e+20 9.06257e+19 5.9132e+19 2.99197e+19 8.74772e+18 1.03361e+17 2.09279e+15 4.94733e+13 1.1689e+12 2.75803e+10 6.21713e+08
4.72898e+08 2.09986e+10 8.91015e+11 3.77634e+13 1.59985e+15 7.90595e+16 6.63588e+18 2.27134e+19 4.4964e+19 6.90469e+19 9.07878e+19 1.06958e+20 1.15517e+20 1.15517e+20 1.06958e+20 9.07878e+19 6.90469e+19 4.4964e+19 2.27134e+19 6.63588e+18 7.90595e+16 1.59985e+15 3.77634e+13 8.91015e+11 2.09986e+10 4.72898e+08
3.08081e+08 1.36723e+10 5.80113e+11 2.45986e+13 1.04315e+15 5.15852e+16 4.30632e+18 1.47545e+19 2.92613e+19 4.50276e+19 5.93219e+19 6.99936e+19 7.56569e+19 7.56569e+19 6.99936e+19 5.93219e+19 4.50276e+19 2.92613e+19 1.47545e+19 4.30632e+18 5.15852e+16 1.04315e+15 2.45986e+13 5.80113e+11 1.36723e+10 3.08081e+08
1.58256e+08 6.96722e+09 2.93526e+11 1.23795e+13 5.23231e+14 2.58581e+16 2.1648e+18 7.42726e+18 1.4755e+19 2.27465e+19 3.00176e+19 3.54625e+19 3.8358e+19 3.8358e+19 3.54625e+19 3.00176e+19 2.27465e+19 1.4755e+19 7.42726e+18 2.1648e+18 2.58581e+16 5.23231e+14 1.23795e+13 2.93526e+11 6.96722e+09 1.58256e+08
5.45932e+07 2.30417e+09 9.27462e+10 3.73827e+12 1.51606e+14 7.29986e+15 6.26743e+17 2.15542e+18 4.28791e+18 6.61715e+18 8.73915e+18 1.03298e+19 1.11762e+19 1.11762e+19 1.03298e+19 8.73915e+18 6.61715e+18 4.28791e+18 2.15542e+18 6.26743e+17 7.29986e+15 1.51606e+14 3.73827e+12 9.27462e+10 2.30417e+09 5.45932e+07
9.5998e+06 3.34663e+08 1.0233e+10 2.73778e+11 5.62071e+12 8.53809e+13 6.60002e+15 2.33589e+16 4.66403e+16 7.15767e+16 9.37074e+16 1.0987e+17 1.18306e+17 1.18306e+17 1.0987e+17 9.37074e+16 7.15767e+16 4.66403e+16 2.33589e+16 6.60002e+15 8.53809e+13 5.62071e+12 2.73778e+11 1.0233e+10 3.34663e+08 9.5998e+06
1.06093e+06 3.02275e+07 7.17111e+08 1.438e+10 2.41948e+11 4.8495e+12 1.32057e+14 4.56705e+14 9.11624e+14 1.39951e+15 1.83217e+15 2.14772e+15 2.31223e+15 2.31223e+15 2.14772e+15 1.83217e+15 1.39951e+15 9.11624e+14 4.56705e+14 1.32057e+14 4.8495e+12 2.41948e+11 1.438e+10 7.17111e+08 3.02275e+07 1.06093e+06
88054.5 2.13311e+06 4.27969e+07 7.66149e+08 1.31798e+10 2.36984e+11 3.25537e+12 1.08016e+13 2.14888e+13 3.30208e+13 4.32936e+13 5.08138e+13 5.47447e+13 5.47447e+13 5.08138e+13 4.32936e+13 3.30208e+13 2.14888e+13 1.08016e+13 3.25537e+12 2.36984e+11 1.31798e+10 7.66149e+08 4.27969e+07 2.13311e+06 88054.5
6142.86 132473 2.39917e+06 4.02066e+07 6.37326e+08 8.87289e+09 8.07465e+10 2.56021e+11 5.06578e+11 7.78794e+11 1.02245e+12 1.20149e+12 1.29531e+12 1.29531e+12 1.20149e+12 1.02245e+12 7.78794e+11 5.06578e+11 2.56021e+11 8.07465e+10 8.87289e+09 6.37326e+08 4.02066e+07 2.39917e+06 132473 6142.86
381.887 7558.45 126171 1.93647e+06 2.65492e+07 2.90438e+08 2.00558e+09 6.07479e+09 1.19345e+10 1.83462e+10 2.41141e+10 2.83683e+10 3.06031e+10 3.06031e+10 2.83683e+10 2.41141e+10 1.83462e+10 1.19345e+10 6.07479e+09 2.00558e+09 2.90438e+08 2.65492e+07 1.93647e+06 126171 7558.45 381.887
19.8973 367.69 5672.46 78544.4 927083 8.33476e+06 4.7508e+07 1.37936e+08 2.68821e+08 4.12998e+08 5.43349e+08 6.39839e+08 6.90646e+08 6.90646e+08 6.39839e+08 5.43349e+08 4.12998e+08 2.68821e+08 1.37936e+08 4.7508e+07 8.33476e+06 927083 78544.4 5672.46 367.69 19.8973
