2.2899e-06 4.26242e-05 0.000667243 0.00942713 0.113628 1.03967 6.00947 17.7312 35.3006 55.5928 74.9399 89.982 98.1829 98.1829 89.982 74.9399 55.5928 35.3006 17.7312 6.00947 1.03967 0.113628 0.00942713 0.000667243 4.26242e-05 2.2899e-06
4.3665e-05 0.000865932 0.0146037 0.228746 3.21772 36.0042 252.619 778.011 1562.88 2465.81 3325.12 3992.75 4356.64 4356.64 3992.75 3325.12 2465.81 1562.88 778.011 252.619 36.0042 3.21772 0.228746 0.0146037 0.000865932 4.3665e-05
0.000701826 0.015063 0.273134 4.64605 75.8954 1090.53 10122.2 32652.4 66129.1 104486 140932 169232 184654 184654 169232 140932 104486 66129.1 32652.4 10122.2 1090.53 75.8954 4.64605 0.273134 0.015063 0.000701826
0.010133 0.243151 4.83298 86.4577 1525.02 28748.5 406093 1.37172e+06 2.79613e+06 4.42225e+06 5.96554e+06 7.16342e+06 7.81607e+06 7.81607e+06 7.16342e+06 5.96554e+06 4.42225e+06 2.79613e+06 1.37172e+06 406093 28748.5 1525.02 86.4577 4.83298 0.243151 0.010133
0.123756 3.49174 81.714 1610.17 26843 572444 1.63959e+07 5.77574e+07 1.18259e+08 1.87134e+08 2.52451e+08 3.03135e+08 3.30747e+08 3.30747e+08 3.03135e+08 2.52451e+08 1.87134e+08 1.18259e+08 5.77574e+07 1.63959e+07 572444 26843 1610.17 81.714 3.49174 0.123756
1.13837 39.4098 1193.13 31428.9 624698 9.11919e+06 8.09384e+08 2.91782e+09 5.97377e+09 9.44529e+09 1.27358e+10 1.52889e+10 1.66797e+10 1.66797e+10 1.52889e+10 1.27358e+10 9.44529e+09 5.97377e+09 2.91782e+09 8.09384e+08 9.11919e+06 624698 31428.9 1193.13 39.4098 1.13837
6.58403 276.757 11088.9 444862 1.7961e+07 8.69705e+08 7.70976e+10 2.67912e+11 5.41077e+11 8.50241e+11 1.14309e+12 1.37043e+12 1.49436e+12 1.49436e+12 1.37043e+12 1.14309e+12 8.50241e+11 5.41077e+11 2.67912e+11 7.70976e+10 8.69705e+08 1.7961e+07 444862 11088.9 276.757 6.58403
19.4192 852.028 35757 1.50207e+06 6.32434e+07 3.1391e+09 2.68998e+11 9.32626e+11 1.88199e+12 2.9562e+12 3.97369e+12 4.76359e+12 5.19422e+12 5.19422e+12 4.76359e+12 3.97369e+12 2.9562e+12 1.88199e+12 9.32626e+11 2.68998e+11 3.1391e+09 6.32434e+07 1.50207e+06 35757 852.028 19.4192
38.6359 1710.42 72366.8 3.05967e+06 1.29397e+08 6.42522e+09 5.4384e+11 1.88399e+12 3.80069e+12 5.9693e+12 8.02339e+12 9.61804e+12 1.04874e+13 1.04874e+13 9.61804e+12 8.02339e+12 5.9693e+12 3.80069e+12 1.88399e+12 5.4384e+11 6.42522e+09 1.29397e+08 3.05967e+06 72366.8 1710.42 38.6359
60.7994 2696.49 114250 4.83506e+06 2.04585e+08 1.01526e+10 8.54718e+11 2.95988e+12 5.97042e+12 9.37652e+12 1.26027e+13 1.51073e+13 1.64728e+13 1.64728e+13 1.51073e+13 1.26027e+13 9.37652e+12 5.97042e+12 2.95988e+12 8.54718e+11 1.01526e+10 2.04585e+08 4.83506e+06 114250 2696.49 60.7994
81.899 3633.47 153983 6.51722e+06 2.75766e+08 1.36798e+10 1.14891e+12 3.97804e+12 8.02373e+12 1.26009e+13 1.69363e+13 2.03021e+13 2.21371e+13 2.21371e+13 2.03021e+13 1.69363e+13 1.26009e+13 8.02373e+12 3.97804e+12 1.14891e+12 1.36798e+10 2.75766e+08 6.51722e+06 153983 3633.47 81.899
98.2818 4360.45 184791 7.82095e+06 3.30916e+08 1.64123e+10 1.37707e+12 4.76772e+12 9.61632e+12 1.51019e+13 2.02977e+13 2.43314e+13 2.65305e+13 2.65305e+13 2.43314e+13 2.02977e+13 1.51019e+13 9.61632e+12 4.76772e+12 1.37707e+12 1.64123e+10 3.30916e+08 7.82095e+06 184791 4360.45 98.2818
107.206 4756.31 201563 8.53056e+06 3.60928e+08 1.78993e+10 1.50136e+12 5.19794e+12 1.0484e+13 1.64644e+13 2.2129e+13 2.65267e+13 2.89242e+13 2.89242e+13 2.65267e+13 2.2129e+13 1.64644e+13 1.0484e+13 5.19794e+12 1.50136e+12 1.78993e+10 3.60928e+08 8.53056e+06 201563 4756.31 107.206
107.206 4756.31 201563 8.53056e+06 3.60928e+08 1.78993e+10 1.50136e+12 5.19794e+12 1.0484e+13 1.64644e+13 2.2129e+13 2.65267e+13 2.89242e+13 2.89242e+13 2.65267e+13 2.2129e+13 1.64644e+13 1.0484e+13 5.19794e+12 1.50136e+12 1.78993e+10 3.60928e+08 8.53056e+06 201563 4756.31 107.206
98.2818 4360.45 184791 7.82095e+06 3.30916e+08 1.64123e+10 1.37707e+12 4.76772e+12 9.61632e+12 1.51019e+13 2.02977e+13 2.43314e+13 2.65305e+13 2.65305e+13 2.43314e+13 2.02977e+13 1.51019e+13 9.61632e+12 4.76772e+12 1.37707e+12 1.64123e+10 3.30916e+08 7.82095e+06 184791 4360.45 98.2818
81.899 3633.47 153983 6.51722e+06 2.75766e+08 1.36798e+10 1.14891e+12 3.97804e+12 8.02373e+12 1.26009e+13 1.69363e+13 2.03021e+13 2.21371e+13 2.21371e+13 2.03021e+13 1.69363e+13 1.26009e+13 8.02373e+12 3.97804e+12 1.14891e+12 1.36798e+10 2.75766e+08 6.51722e+06 153983 3633.47 81.899
60.7994 2696.49 114250 4.83506e+06 2.04585e+08 1.01526e+10 8.54718e+11 2.95988e+12 5.97042e+12 9.37652e+12 1.26027e+13 1.51073e+13 1.64728e+13 1.64728e+13 1.51073e+13 1.26027e+13 9.37652e+12 5.97042e+12 2.95988e+12 8.54718e+11 1.01526e+10 2.04585e+08 4.83506e+06 114250 2696.49 60.7994
38.6359 1710.42 72366.8 3.05967e+06 1.29397e+08 6.42522e+09 5.4384e+11 1.88399e+12 3.80069e+12 5.9693e+12 8.02339e+12 9.61804e+12 1.04874e+13 1.04874e+13 9.61804e+12 8.02339e+12 5.9693e+12 3.80069e+12 1.88399e+12 5.4384e+11 6.42522e+09 1.29397e+08 3.05967e+06 72366.8 1710.42 38.6359
19.4192 852.028 35757 1.50207e+06 6.32434e+07 3.1391e+09 2.68998e+11 9.32626e+11 1.88199e+12 2.9562e+12 3.97369e+12 4.76359e+12 5.19422e+12 5.19422e+12 4.76359e+12 3.97369e+12 2.9562e+12 1.88199e+12 9.32626e+11 2.68998e+11 3.1391e+09 6.32434e+07 1.50207e+06 35757 852.028 19.4192
6.58403 276.757 11088.9 444862 1.7961e+07 8.69705e+08 7.70976e+10 2.67912e+11 5.41077e+11 8.50241e+11 1.14309e+12 1.37043e+12 1.49436e+12 1.49436e+12 1.37043e+12 1.14309e+12 8.50241e+11 5.41077e+11 2.67912e+11 7.70976e+10 8.69705e+08 1.7961e+07 444862 11088.9 276.757 6.58403
1.13837 39.4098 1193.13 31428.9 624698 9.11919e+06 8.09384e+08 2.91782e+09 5.97377e+09 9.44529e+09 1.27358e+10 1.52889e+10 1.66797e+10 1.66797e+10 1.52889e+10 1.27358e+10 9.44529e+09 5.97377e+09 2.91782e+09 8.09384e+08 9.11919e+06 624698 31428.9 1193.13 39.4098 1.13837
0.123756 3.49174 81.714 1610.17 26843 572444 1.63959e+07 5.77574e+07 1.18259e+08 1.87134e+08 2.52451e+08 3.03135e+08 3.30747e+08 3.30747e+08 3.03135e+08 2.52451e+08 1.87134e+08 1.18259e+08 5.77574e+07 1.63959e+07 572444 26843 1610.17 81.714 3.49174 0.123756
0.010133 0.243151 4.83298 86.4577 1525.02 28748.5 406093 1.37172e+06 2.79613e+06 4.42225e+06 5.96554e+06 7.16342e+06 7.81607e+06 7.81607e+06 7.16342e+06 5.96554e+06 4.42225e+06 2.79613e+06 1.37172e+06 406093 28748.5 1525.02 86.4577 4.83298 0.243151 0.010133
0.000701826 0.015063 0.273134 4.64605 75.8954 1090.53 10122.2 32652.4 66129.1 104486 140932 169232 184654 184654 169232 140932 104486 66129.1 32652.4 10122.2 1090.53 75.8954 4.64605 0.273134 0.015063 0.000701826
4.3665e-05 0.000865932 0.0146037 0.228746 3.21772 36.0042 252.619 778.011 1562.88 2465.81 3325.12 3992.75 4356.64 4356.64 3992.75 3325.12 2465.81 1562.88 778.011 252.619 36.0042 3.21772 0.228746 0.0146037 0.000865932 4.3665e-05
2.2899e-06 4.26242e-05 0.000667243 0.00942713 0.113628 1.03967 6.00947 17.7312 35.3006 55.5928 74.9399 89.982 98.1829 98.1829 89.982 74.9399 55.5928 35.3006 17.7312 6.00947 1.03967 0.113628 0.00942713 0.000667243 4.26242e-05 2.2899e-06
