1.9102e-07 3.57233e-06 5.63493e-05 0.000803614 0.00977373 0.0900512 0.522892 1.54783 3.09168 4.88508 6.60484 7.94847 8.68341 8.68341 7.94847 6.60484 4.88508 3.09168 1.54783 0.522892 0.0900512 0.00977373 0.000803614 5.63493e-05 3.57233e-06 1.9102e-07
3.63642e-06 7.23038e-05 0.00122686 0.0194062 0.276036 3.11665 21.9874 67.9453 136.956 216.827 293.299 353.015 385.674 385.674 353.015 293.299 216.827 136.956 67.9453 21.9874 3.11665 0.276036 0.0194062 0.00122686 7.23038e-05 3.63642e-06
5.84888e-05 0.00125512 0.0228166 0.39124 6.47723 94.2645 881.176 2852.54 5797.58 9193.29 12440.2 14974.7 16360.8 16360.8 14974.7 12440.2 9193.29 5797.58 2852.54 881.176 94.2645 6.47723 0.39124 0.0228166 0.00125512 5.84888e-05
0.000847724 0.0202986 0.402701 7.21671 128.852 2476.91 35353.6 119857 245218 389278 526897 634303 693037 693037 634303 526897 389278 245218 119857 35353.6 2476.91 128.852 7.21671 0.402701 0.0202986 0.000847724
0.0104175 0.293278 6.83786 134.017 2230.15 48874.7 1.42727e+06 5.04691e+06 1.03731e+07 1.64784e+07 2.23078e+07 2.6857e+07 2.93447e+07 2.93447e+07 2.6857e+07 2.23078e+07 1.64784e+07 1.03731e+07 5.04691e+06 1.42727e+06 48874.7 2230.15 134.017 6.83786 0.293278 0.0104175
0.096479 3.33682 100.81 2643.51 51922.9 746692 7.02212e+07 2.54171e+08 5.22384e+08 8.29162e+08 1.1219e+09 1.35031e+09 1.47519e+09 1.47519e+09 1.35031e+09 1.1219e+09 8.29162e+08 5.22384e+08 2.54171e+08 7.02212e+07 746692 51922.9 2643.51 100.81 3.33682 0.096479
0.561319 23.6032 945.934 37952.8 1.5323e+06 7.44799e+07 6.69094e+09 2.33061e+10 4.71847e+10 7.43286e+10 1.0015e+11 1.20265e+11 1.31256e+11 1.31256e+11 1.20265e+11 1.0015e+11 7.43286e+10 4.71847e+10 2.33061e+10 6.69094e+09 7.44799e+07 1.5323e+06 37952.8 945.934 23.6032 0.561319
1.66193 72.9574 3063.12 128713 5.42017e+06 2.69934e+08 2.33894e+10 8.12705e+10 1.64381e+11 2.58819e+11 3.48637e+11 4.186e+11 4.56828e+11 4.56828e+11 4.186e+11 3.48637e+11 2.58819e+11 1.64381e+11 8.12705e+10 2.33894e+10 2.69934e+08 5.42017e+06 128713 3063.12 72.9574 1.66193
3.31838 147.004 6223.15 263229 1.11356e+07 5.54717e+08 4.74008e+10 1.64549e+11 3.32708e+11 5.23756e+11 7.05446e+11 8.4697e+11 9.24297e+11 9.24297e+11 8.4697e+11 7.05446e+11 5.23756e+11 3.32708e+11 1.64549e+11 4.74008e+10 5.54717e+08 1.11356e+07 263229 6223.15 147.004 3.31838
5.24019 232.593 9861.94 417601 1.76778e+07 8.80037e+08 7.46868e+10 2.5915e+11 5.23895e+11 8.24656e+11 1.11067e+12 1.33346e+12 1.45518e+12 1.45518e+12 1.33346e+12 1.11067e+12 8.24656e+11 5.23895e+11 2.5915e+11 7.46868e+10 8.80037e+08 1.76778e+07 417601 9861.94 232.593 5.24019
7.08057 314.424 13336.2 564850 2.39147e+07 1.19002e+09 1.00626e+11 3.49069e+11 7.05609e+11 1.11064e+12 1.4958e+12 1.79581e+12 1.95974e+12 1.95974e+12 1.79581e+12 1.4958e+12 1.11064e+12 7.05609e+11 3.49068e+11 1.00626e+11 1.19002e+09 2.39147e+07 564850 13336.2 314.424 7.08057
8.51669 378.245 16044.7 679617 2.87753e+07 1.43156e+09 1.20819e+11 4.19064e+11 8.47059e+11 1.33325e+12 1.79559e+12 2.15572e+12 2.35249e+12 2.35249e+12 2.15572e+12 1.79559e+12 1.33325e+12 8.47059e+11 4.19064e+11 1.20819e+11 1.43156e+09 2.87753e+07 679617 16044.7 378.245 8.51669
9.30155 413.118 17524.6 742318 3.14307e+07 1.5635e+09 1.31847e+11 4.57291e+11 9.24309e+11 1.45482e+12 1.95932e+12 2.35227e+12 2.56698e+12 2.56698e+12 2.35227e+12 1.95932e+12 1.45482e+12 9.24309e+11 4.57291e+11 1.31847e+11 1.5635e+09 3.14307e+07 742318 17524.6 413.118 9.30155
9.30155 413.118 17524.6 742318 3.14307e+07 1.5635e+09 1.31847e+11 4.57291e+11 9.24309e+11 1.45482e+12 1.95932e+12 2.35227e+12 2.56698e+12 2.56698e+12 2.35227e+12 1.95932e+12 1.45482e+12 9.24309e+11 4.57291e+11 1.31847e+11 1.5635e+09 3.14307e+07 742318 17524.6 413.118 9.30155
8.51669 378.245 16044.7 679617 2.87753e+07 1.43156e+09 1.20819e+11 4.19064e+11 8.47059e+11 1.33325e+12 1.79559e+12 2.15572e+12 2.35249e+12 2.35249e+12 2.15572e+12 1.79559e+12 1.33325e+12 8.47059e+11 4.19064e+11 1.20819e+11 1.43156e+09 2.87753e+07 679617 16044.7 378.245 8.51669
7.08057 314.424 13336.2 564850 2.39147e+07 1.19002e+09 1.00626e+11 3.49068e+11 7.05609e+11 1.11064e+12 1.4958e+12 1.79581e+12 1.95974e+12 1.95974e+12 1.79581e+12 1.4958e+12 1.11064e+12 7.05609e+11 3.49069e+11 1.00626e+11 1.19002e+09 2.39147e+07 564850 13336.2 314.424 7.08057
5.24019 232.593 9861.94 417601 1.76778e+07 8.80037e+08 7.46868e+10 2.5915e+11 5.23895e+11 8.24656e+11 1.11067e+12 1.33346e+12 1.45518e+12 1.45518e+12 1.33346e+12 1.11067e+12 8.24656e+11 5.23895e+11 2.5915e+11 7.46868e+10 8.80037e+08 1.76778e+07 417601 9861.94 232.593 5.24019
3.31838 147.004 6223.15 263229 1.11356e+07 5.54717e+08 4.74008e+10 1.64549e+11 3.32708e+11 5.23756e+11 7.05446e+11 8.4697e+11 9.24297e+11 9.24297e+11 8.4697e+11 7.05446e+11 5.23756e+11 3.32708e+11 1.64549e+11 4.74008e+10 5.54717e+08 1.11356e+07 263229 6223.15 147.004 3.31838
1.66193 72.9574 3063.12 128713 5.42017e+06 2.69934e+08 2.33894e+10 8.12705e+10 1.64381e+11 2.58819e+11 3.48637e+11 4.186e+11 4.56828e+11 4.56828e+11 4.186e+11 3.48637e+11 2.58819e+11 1.64381e+11 8.12705e+10 2.33894e+10 2.69934e+08 5.42017e+06 128713 3063.12 72.9574 1.66193
0.561319 23.6032 945.934 37952.8 1.5323e+06 7.44799e+07 6.69094e+09 2.33061e+10 4.71847e+10 7.43286e+10 1.0015e+11 1.20265e+11 1.31256e+11 1.31256e+11 1.20265e+11 1.0015e+11 7.43286e+10 4.71847e+10 2.33061e+10 6.69094e+09 7.44799e+07 1.5323e+06 37952.8 945.934 23.6032 0.561319
0.096479 3.33682 100.81 2643.51 51922.9 746692 7.02212e+07 2.54171e+08 5.22384e+08 8.29162e+08 1.1219e+09 1.35031e+09 1.47519e+09 1.47519e+09 1.35031e+09 1.1219e+09 8.29162e+08 5.22384e+08 2.54171e+08 7.02212e+07 746692 51922.9 2643.51 100.81 3.33682 0.096479
0.0104175 0.293278 6.83786 134.017 2230.15 48874.7 1.42727e+06 5.04691e+06 1.03731e+07 1.64784e+07 2.23078e+07 2.6857e+07 2.93447e+07 2.93447e+07 2.6857e+07 2.23078e+07 1.64784e+07 1.03731e+07 5.04691e+06 1.42727e+06 48874.7 2230.15 134.017 6.83786 0.293278 0.0104175
0.000847724 0.0202986 0.402701 7.21671 128.852 2476.91 35353.6 119857 245218 389278 526897 634303 693037 693037 634303 526897 389278 245218 119857 35353.6 2476.91 128.852 7.21671 0.402701 0.0202986 0.000847724
5.84888e-05 0.00125512 0.0228166 0.39124 6.47723 94.2645 881.176 2852.54 5797.58 9193.29 12440.2 14974.7 16360.8 16360.8 14974.7 12440.2 9193.29 5797.58 2852.54 881.175 94.2645 6.47723 0.39124 0.0228166 0.00125512 5.84888e-05
3.63642e-06 7.23038e-05 0.00122686 0.0194062 0.276036 3.11665 21.9874 67.9453 136.956 216.827 293.299 353.015 385.674 385.674 353.015 293.299 216.827 136.956 67.9453 21.9874 3.11665 0.276036 0.0194062 0.00122686 7.23038e-05 3.63642e-06
1.9102e-07 3.57233e-06 5.63493e-05 0.000803614 0.00977373 0.0900512 0.522892 1.54783 3.09168 4.88508 6.60484 7.94847 8.68341 8.68341 7.94847 6.60484 4.88508 3.09168 1.54783 0.522892 0.0900512 0.00977373 0.000803614 5.63493e-05 3.57233e-06 1.9102e-07
