0.0166809 0.310003 4.82799 67.6888 809.82 7376.46 42627.9 126308 252867 400391 542150 653002 713647 713647 653002 542150 400391 252867 126308 42627.9 7376.46 809.82 67.6888 4.82799 0.310003 0.0166809
0.32027 6.35846 106.9 1660.46 23109.1 256540 1.79631e+06 5.55528e+06 1.12234e+07 1.78057e+07 2.41199e+07 2.90538e+07 3.17522e+07 3.17522e+07 2.90538e+07 2.41199e+07 1.78057e+07 1.12234e+07 5.55528e+06 1.79631e+06 256540 23109.1 1660.46 106.9 6.35846 0.32027
5.16948 111.471 2024.47 34231.5 551407 7.81431e+06 7.21582e+07 2.33738e+08 4.76172e+08 7.56644e+08 1.02528e+09 1.23507e+09 1.34978e+09 1.34978e+09 1.23507e+09 1.02528e+09 7.56644e+08 4.76172e+08 2.33738e+08 7.21582e+07 7.81431e+06 551407 34231.5 2024.47 111.471 5.16948
74.6365 1803.76 36114 647591 1.12843e+07 2.07684e+08 2.90128e+09 9.8417e+09 2.01848e+10 3.21102e+10 4.35197e+10 5.2426e+10 5.72947e+10 5.72947e+10 5.2426e+10 4.35197e+10 3.21102e+10 2.01848e+10 9.8417e+09 2.90128e+09 2.07684e+08 1.12843e+07 647591 36114 1803.76 74.6365
908.59 25813.2 609751 1.21558e+07 2.04037e+08 4.20336e+09 1.17318e+11 4.15128e+11 8.5546e+11 1.36185e+12 1.846e+12 2.22381e+12 2.43031e+12 2.43031e+12 2.22381e+12 1.846e+12 1.36185e+12 8.55459e+11 4.15128e+11 1.17318e+11 4.20336e+09 2.04037e+08 1.21558e+07 609751 25813.2 908.59
8324.08 289545 8.82321e+06 2.34695e+08 4.75761e+09 7.11169e+10 5.82183e+12 2.10771e+13 4.34273e+13 6.90715e+13 9.35709e+13 1.12683e+14 1.23128e+14 1.23128e+14 1.12683e+14 9.35709e+13 6.90715e+13 4.34273e+13 2.10771e+13 5.82183e+12 7.11169e+10 4.75761e+09 2.34695e+08 8.82321e+06 289545 8324.08
48046.7 2.02435e+06 8.13068e+07 3.26864e+09 1.32153e+11 6.36475e+12 5.54165e+14 1.93269e+15 3.92217e+15 6.19105e+15 8.35338e+15 1.00392e+16 1.09605e+16 1.09605e+16 1.00392e+16 8.35338e+15 6.19105e+15 3.92217e+15 1.93269e+15 5.54165e+14 6.36475e+12 1.32153e+11 3.26864e+09 8.13068e+07 2.02435e+06 48046.7
142207 6.25317e+06 2.63041e+08 1.1073e+10 4.66962e+11 2.30738e+13 1.94251e+15 6.75695e+15 1.36968e+16 2.16061e+16 2.91414e+16 3.5015e+16 3.82248e+16 3.82248e+16 3.5015e+16 2.91414e+16 2.16061e+16 1.36968e+16 6.75695e+15 1.94251e+15 2.30738e+13 4.66962e+11 1.1073e+10 2.63041e+08 6.25317e+06 142207
284439 1.26216e+07 5.3536e+08 2.26882e+10 9.61327e+11 4.75358e+13 3.94833e+15 1.37187e+16 2.77934e+16 4.38275e+16 5.90989e+16 7.10007e+16 7.75041e+16 7.75041e+16 7.10007e+16 5.90989e+16 4.38275e+16 2.77934e+16 1.37187e+16 3.94833e+15 4.75358e+13 9.61327e+11 2.26882e+10 5.3536e+08 1.26216e+07 284439
450012 2.00072e+07 8.49963e+08 3.60608e+10 1.52901e+12 7.55691e+13 6.23563e+15 2.16526e+16 4.38519e+16 6.91333e+16 9.32062e+16 1.11964e+17 1.22213e+17 1.22213e+17 1.11964e+17 9.32062e+16 6.91333e+16 4.38519e+16 2.16526e+16 6.23563e+15 7.55691e+13 1.52901e+12 3.60608e+10 8.49963e+08 2.00072e+07 450012
608906 2.70821e+07 1.15086e+09 4.88361e+10 2.07091e+12 1.02314e+14 8.41419e+15 2.92071e+16 5.91383e+16 9.32166e+16 1.2566e+17 1.50937e+17 1.64747e+17 1.64747e+17 1.50937e+17 1.2566e+17 9.32166e+16 5.91383e+16 2.92071e+16 8.41419e+15 1.02314e+14 2.07091e+12 4.88361e+10 1.15086e+09 2.70821e+07 608906
733014 3.2604e+07 1.38556e+09 5.87959e+10 2.49325e+12 1.23151e+14 1.01114e+16 3.50916e+16 7.10436e+16 1.1197e+17 1.50928e+17 1.81278e+17 1.97859e+17 1.97859e+17 1.81278e+17 1.50928e+17 1.1197e+17 7.10436e+16 3.50916e+16 1.01114e+16 1.23151e+14 2.49325e+12 5.87959e+10 1.38556e+09 3.2604e+07 733014
800859 3.56216e+07 1.51378e+09 6.42357e+10 2.72387e+12 1.34527e+14 1.10384e+16 3.83056e+16 7.75456e+16 1.22212e+17 1.64726e+17 1.97845e+17 2.15938e+17 2.15938e+17 1.97845e+17 1.64726e+17 1.22212e+17 7.75456e+16 3.83056e+16 1.10384e+16 1.34527e+14 2.72387e+12 6.42357e+10 1.51378e+09 3.56216e+07 800859
800859 3.56216e+07 1.51378e+09 6.42357e+10 2.72387e+12 1.34527e+14 1.10384e+16 3.83056e+16 7.75456e+16 1.22212e+17 1.64726e+17 1.97845e+17 2.15938e+17 2.15938e+17 1.97845e+17 1.64726e+17 1.22212e+17 7.75456e+16 3.83056e+16 1.10384e+16 1.34527e+14 2.72387e+12 6.42357e+10 1.51378e+09 3.56216e+07 800859
733014 3.2604e+07 1.38556e+09 5.87959e+10 2.49325e+12 1.23151e+14 1.01114e+16 3.50916e+16 7.10436e+16 1.1197e+17 1.50928e+17 1.81278e+17 1.97859e+17 1.97859e+17 1.81278e+17 1.50928e+17 1.1197e+17 7.10436e+16 3.50916e+16 1.01114e+16 1.23151e+14 2.49325e+12 5.87959e+10 1.38556e+09 3.2604e+07 733014
608906 2.70821e+07 1.15086e+09 4.88361e+10 2.07091e+12 1.02314e+14 8.41419e+15 2.92071e+16 5.91383e+16 9.32166e+16 1.2566e+17 1.50937e+17 1.64747e+17 1.64747e+17 1.50937e+17 1.2566e+17 9.32166e+16 5.91383e+16 2.92071e+16 8.41419e+15 1.02314e+14 2.07091e+12 4.88361e+10 1.15086e+09 2.70821e+07 608906
450012 2.00072e+07 8.49963e+08 3.60608e+10 1.52901e+12 7.55691e+13 6.23563e+15 2.16526e+16 4.38519e+16 6.91333e+16 9.32062e+16 1.11964e+17 1.22213e+17 1.22213e+17 1.11964e+17 9.32062e+16 6.91333e+16 4.38519e+16 2.16526e+16 6.23563e+15 7.55691e+13 1.52901e+12 3.60608e+10 8.49963e+08 2.00072e+07 450012
284439 1.26216e+07 5.3536e+08 2.26882e+10 9.61327e+11 4.75358e+13 3.94833e+15 1.37187e+16 2.77934e+16 4.38275e+16 5.90989e+16 7.10007e+16 7.75041e+16 7.75041e+16 7.10007e+16 5.90989e+16 4.38275e+16 2.77934e+16 1.37187e+16 3.94833e+15 4.75358e+13 9.61327e+11 2.26882e+10 5.3536e+08 1.26216e+07 284439
142207 6.25317e+06 2.63041e+08 1.1073e+10 4.66962e+11 2.30738e+13 1.94251e+15 6.75695e+15 1.36968e+16 2.16061e+16 2.91414e+16 3.5015e+16 3.82248e+16 3.82248e+16 3.5015e+16 2.91414e+16 2.16061e+16 1.36968e+16 6.75695e+15 1.94251e+15 2.30738e+13 4.66962e+11 1.1073e+10 2.63041e+08 6.25317e+06 142207
48046.7 2.02435e+06 8.13068e+07 3.26864e+09 1.32153e+11 6.36475e+12 5.54165e+14 1.93269e+15 3.92217e+15 6.19105e+15 8.35338e+15 1.00392e+16 1.09605e+16 1.09605e+16 1.00392e+16 8.35338e+15 6.19105e+15 3.92217e+15 1.93269e+15 5.54165e+14 6.36475e+12 1.32153e+11 3.26864e+09 8.13068e+07 2.02435e+06 48046.7
8324.08 289545 8.82321e+06 2.34695e+08 4.75761e+09 7.11169e+10 5.82183e+12 2.10771e+13 4.34273e+13 6.90715e+13 9.35709e+13 1.12683e+14 1.23128e+14 1.23128e+14 1.12683e+14 9.35709e+13 6.90715e+13 4.34273e+13 2.10771e+13 5.82183e+12 7.11169e+10 4.75761e+09 2.34695e+08 8.82321e+06 289545 8324.08
908.59 25813.2 609751 1.21558e+07 2.04037e+08 4.20336e+09 1.17318e+11 4.15128e+11 8.55459e+11 1.36185e+12 1.846e+12 2.22381e+12 2.43031e+12 2.43031e+12 2.22381e+12 1.846e+12 1.36185e+12 8.55459e+11 4.15128e+11 1.17318e+11 4.20336e+09 2.04037e+08 1.21558e+07 609751 25813.2 908.59
74.6365 1803.76 36114 647591 1.12843e+07 2.07684e+08 2.90128e+09 9.8417e+09 2.01848e+10 3.21102e+10 4.35197e+10 5.2426e+10 5.72947e+10 5.72947e+10 5.2426e+10 4.35197e+10 3.21102e+10 2.01848e+10 9.8417e+09 2.90128e+09 2.07684e+08 1.12843e+07 647591 36114 1803.76 74.6365
5.16948 111.471 2024.47 34231.5 551407 7.81431e+06 7.21582e+07 2.33738e+08 4.76172e+08 7.56644e+08 1.02528e+09 1.23507e+09 1.34978e+09 1.34978e+09 1.23507e+09 1.02528e+09 7.56644e+08 4.76172e+08 2.33738e+08 7.21582e+07 7.81431e+06 551407 34231.5 2024.47 111.471 5.16948
0.32027 6.35846 106.9 1660.46 23109.1 256540 1.79631e+06 5.55528e+06 1.12234e+07 1.78057e+07 2.41199e+07 2.90538e+07 3.17522e+07 3.17522e+07 2.90538e+07 2.41199e+07 1.78057e+07 1.12234e+07 5.55528e+06 1.79631e+06 256540 23109.1 1660.46 106.9 6.35846 0.32027
0.0166809 0.310003 4.82799 67.6888 809.82 7376.46 42627.9 126308 252867 400391 542150 653002 713647 713647 653002 542150 400391 252867 126308 42627.9 7376.46 809.82 67.6888 4.82799 0.310003 0.0166809
