0.0288119 0.534299 8.30089 116.089 1385.39 12586.8 72531.8 214113 426863 673195 908511 1.0917e+06 1.19165e+06 1.19165e+06 1.0917e+06 908511 673195 426863 214113 72531.8 12586.8 1385.39 116.089 8.30089 0.534299 0.0288119
0.551982 10.9359 183.427 2842.32 39462.5 437018 3.0518e+06 9.40183e+06 1.89119e+07 2.98788e+07 4.0335e+07 4.84684e+07 5.29044e+07 5.29044e+07 4.84684e+07 4.0335e+07 2.98788e+07 1.89119e+07 9.40183e+06 3.0518e+06 437018 39462.5 2842.32 183.427 10.9359 0.551982
8.88771 191.267 3466 58475.2 939826 1.32891e+07 1.22413e+08 3.9495e+08 8.00926e+08 1.26717e+09 1.71094e+09 2.05589e+09 2.24397e+09 2.24397e+09 2.05589e+09 1.71094e+09 1.26717e+09 8.00926e+08 3.9495e+08 1.22413e+08 1.32891e+07 939826 58475.2 3466 191.267 8.88771
128 3087.52 61689.3 1.10394e+06 1.91977e+07 3.5264e+08 4.91607e+09 1.66069e+10 3.38967e+10 5.36794e+10 7.24842e+10 8.7094e+10 9.50579e+10 9.50579e+10 8.7094e+10 7.24842e+10 5.36794e+10 3.38967e+10 1.66069e+10 4.91607e+09 3.5264e+08 1.91977e+07 1.10394e+06 61689.3 3087.52 128
1554.34 44079.1 1.03923e+06 2.06795e+07 3.46506e+08 7.12744e+09 1.98636e+11 6.99776e+11 1.43475e+12 2.27329e+12 3.06969e+12 3.68819e+12 4.02526e+12 4.02526e+12 3.68819e+12 3.06969e+12 2.27329e+12 1.43475e+12 6.99776e+11 1.98636e+11 7.12744e+09 3.46506e+08 2.06795e+07 1.03923e+06 44079.1 1554.34
14204.1 493247 1.50048e+07 3.98489e+08 8.06648e+09 1.20435e+11 9.85459e+12 3.55161e+13 7.28034e+13 1.15248e+14 1.55534e+14 1.86814e+14 2.0386e+14 2.0386e+14 1.86814e+14 1.55534e+14 1.15248e+14 7.28034e+13 3.55161e+13 9.85459e+12 1.20435e+11 8.06648e+09 3.98489e+08 1.50048e+07 493247 14204.1
81755.8 3.43939e+06 1.37939e+08 5.53879e+09 2.23762e+11 1.07747e+13 9.37592e+14 3.2592e+15 6.58906e+15 1.03637e+16 1.39431e+16 1.67234e+16 1.82396e+16 1.82396e+16 1.67234e+16 1.39431e+16 1.03637e+16 6.58906e+15 3.2592e+15 9.37592e+14 1.07747e+13 2.23762e+11 5.53879e+09 1.37939e+08 3.43939e+06 81755.8
241079 1.05836e+07 4.4449e+08 1.86858e+10 7.87197e+11 3.88826e+13 3.27522e+15 1.13578e+16 2.29396e+16 3.60627e+16 4.85043e+16 5.81679e+16 6.34376e+16 6.34376e+16 5.81679e+16 4.85043e+16 3.60627e+16 2.29396e+16 1.13578e+16 3.27522e+15 3.88826e+13 7.87197e+11 1.86858e+10 4.4449e+08 1.05836e+07 241079
480188 2.12693e+07 9.00536e+08 3.8103e+10 1.61241e+12 7.96895e+13 6.63071e+15 2.2972e+16 4.63772e+16 7.28899e+16 9.80215e+16 1.1754e+17 1.28183e+17 1.28183e+17 1.1754e+17 9.80215e+16 7.28899e+16 4.63772e+16 2.2972e+16 6.63071e+15 7.96895e+13 1.61241e+12 3.8103e+10 9.00536e+08 2.12693e+07 480188
756673 3.3575e+07 1.42354e+09 6.02873e+10 2.55246e+12 1.26079e+14 1.0433e+16 3.61275e+16 7.29182e+16 1.14585e+17 1.54076e+17 1.84743e+17 2.01464e+17 2.01464e+17 1.84743e+17 1.54076e+17 1.14585e+17 7.29182e+16 3.61275e+16 1.0433e+16 1.26079e+14 2.55246e+12 6.02873e+10 1.42354e+09 3.3575e+07 756673
1.02044e+06 4.52914e+07 1.92061e+09 8.13436e+10 3.44389e+12 1.70043e+14 1.40355e+16 4.85901e+16 9.80574e+16 1.54072e+17 2.07156e+17 2.48376e+17 2.7085e+17 2.7085e+17 2.48376e+17 2.07156e+17 1.54072e+17 9.80574e+16 4.85901e+16 1.40355e+16 1.70043e+14 3.44389e+12 8.13436e+10 1.92061e+09 4.52914e+07 1.02044e+06
1.22554e+06 5.43941e+07 2.30652e+09 9.76814e+10 4.13527e+12 2.04133e+14 1.68314e+16 5.82618e+16 1.17565e+17 1.84712e+17 2.4834e+17 2.97745e+17 3.24681e+17 3.24681e+17 2.97745e+17 2.4834e+17 1.84712e+17 1.17565e+17 5.82618e+16 1.68314e+16 2.04133e+14 4.13527e+12 9.76814e+10 2.30652e+09 5.43941e+07 1.22554e+06
1.33735e+06 5.93546e+07 2.51675e+09 1.06579e+11 4.51172e+12 2.22692e+14 1.8355e+16 6.35325e+16 1.28196e+17 2.01408e+17 2.7078e+17 3.24645e+17 3.54011e+17 3.54011e+17 3.24645e+17 2.7078e+17 2.01408e+17 1.28196e+17 6.35325e+16 1.8355e+16 2.22692e+14 4.51172e+12 1.06579e+11 2.51675e+09 5.93546e+07 1.33735e+06
1.33735e+06 5.93546e+07 2.51675e+09 1.06579e+11 4.51172e+12 2.22692e+14 1.8355e+16 6.35325e+16 1.28196e+17 2.01408e+17 2.7078e+17 3.24645e+17 3.54011e+17 3.54011e+17 3.24645e+17 2.7078e+17 2.01408e+17 1.28196e+17 6.35325e+16 1.8355e+16 2.22692e+14 4.51172e+12 1.06579e+11 2.51675e+09 5.93546e+07 1.33735e+06
1.22554e+06 5.43941e+07 2.30652e+09 9.76814e+10 4.13527e+12 2.04133e+14 1.68314e+16 5.82618e+16 1.17565e+17 1.84712e+17 2.4834e+17 2.97745e+17 3.24681e+17 3.24681e+17 2.97745e+17 2.4834e+17 1.84712e+17 1.17565e+17 5.82618e+16 1.68314e+16 2.04133e+14 4.13527e+12 9.76814e+10 2.30652e+09 5.43941e+07 1.22554e+06
1.02044e+06 4.52914e+07 1.92061e+09 8.13436e+10 3.44389e+12 1.70043e+14 1.40355e+16 4.85901e+16 9.80574e+16 1.54072e+17 2.07156e+17 2.48376e+17 2.7085e+17 2.7085e+17 2.48376e+17 2.07156e+17 1.54072e+17 9.80574e+16 4.85901e+16 1.40355e+16 1.70043e+14 3.44389e+12 8.13436e+10 1.92061e+09 4.52914e+07 1.02044e+06
756673 3.3575e+07 1.42354e+09 6.02873e+10 2.55246e+12 1.26079e+14 1.0433e+16 3.61275e+16 7.29182e+16 1.14585e+17 1.54076e+17 1.84743e+17 2.01464e+17 2.01464e+17 1.84743e+17 1.54076e+17 1.14585e+17 7.29182e+16 3.61275e+16 1.0433e+16 1.26079e+14 2.55246e+12 6.02873e+10 1.42354e+09 3.3575e+07 756673
480188 2.12693e+07 9.00536e+08 3.8103e+10 1.61241e+12 7.96895e+13 6.63071e+15 2.2972e+16 4.63772e+16 7.28899e+16 9.80215e+16 1.1754e+17 1.28183e+17 1.28183e+17 1.1754e+17 9.80215e+16 7.28899e+16 4.63772e+16 2.2972e+16 6.63071e+15 7.96895e+13 1.61241e+12 3.8103e+10 9.00536e+08 2.12693e+07 480188
241079 1.05836e+07 4.4449e+08 1.86858e+10 7.87197e+11 3.88826e+13 3.27522e+15 1.13578e+16 2.29396e+16 3.60627e+16 4.85043e+16 5.81679e+16 6.34376e+16 6.34376e+16 5.81679e+16 4.85043e+16 3.60627e+16 2.29396e+16 1.13578e+16 3.27522e+15 3.88826e+13 7.87197e+11 1.86858e+10 4.4449e+08 1.05836e+07 241079
81755.8 3.43939e+06 1.37939e+08 5.53879e+09 2.23762e+11 1.07747e+13 9.37592e+14 3.2592e+15 6.58906e+15 1.03637e+16 1.39431e+16 1.67234e+16 1.82396e+16 1.82396e+16 1.67234e+16 1.39431e+16 1.03637e+16 6.58906e+15 3.2592e+15 9.37592e+14 1.07747e+13 2.23762e+11 5.53879e+09 1.37939e+08 3.43939e+06 81755.8
14204.1 493247 1.50048e+07 3.98489e+08 8.06648e+09 1.20435e+11 9.85459e+12 3.55161e+13 7.28034e+13 1.15248e+14 1.55534e+14 1.86814e+14 2.0386e+14 2.0386e+14 1.86814e+14 1.55534e+14 1.15248e+14 7.28034e+13 3.55161e+13 9.85459e+12 1.20435e+11 8.06648e+09 3.98489e+08 1.50048e+07 493247 14204.1
1554.34 44079.1 1.03923e+06 2.06795e+07 3.46506e+08 7.12744e+09 1.98636e+11 6.99776e+11 1.43475e+12 2.27329e+12 3.06969e+12 3.68819e+12 4.02526e+12 4.02526e+12 3.68819e+12 3.06969e+12 2.27329e+12 1.43475e+12 6.99776e+11 1.98636e+11 7.12744e+09 3.46506e+08 2.06795e+07 1.03923e+06 44079.1 1554.34
128 3087.52 61689.3 1.10394e+06 1.91977e+07 3.5264e+08 4.91607e+09 1.66069e+10 3.38967e+10 5.36794e+10 7.24842e+10 8.7094e+10 9.50579e+10 9.50579e+10 8.7094e+10 7.24842e+10 5.36794e+10 3.38967e+10 1.66069e+10 4.91607e+09 3.5264e+08 1.91977e+07 1.10394e+06 61689.3 3087.52 128
8.88771 191.267 3466 58475.2 939826 1.32891e+07 1.22413e+08 3.9495e+08 8.00926e+08 1.26717e+09 1.71094e+09 2.05589e+09 2.24397e+09 2.24397e+09 2.05589e+09 1.71094e+09 1.26717e+09 8.00926e+08 3.9495e+08 1.22413e+08 1.32891e+07 939826 58475.2 3466 191.267 8.88771
0.551982 10.9359 183.427 2842.32 39462.5 437018 3.0518e+06 9.40183e+06 1.89119e+07 2.98788e+07 4.0335e+07 4.84684e+07 5.29044e+07 5.29044e+07 4.84684e+07 4.0335e+07 2.98788e+07 1.89119e+07 9.40183e+06 3.0518e+06 437018 39462.5 2842.32 183.427 10.9359 0.551982
0.0288119 0.534299 8.30089 116.089 1385.39 12586.8 72531.8 214113 426863 673195 908511 1.0917e+06 1.19165e+06 1.19165e+06 1.0917e+06 908511 673195 426863 214113 72531.8 12586.8 1385.39 116.089 8.30089 0.534299 0.0288119
