9.05887e-06 0.000169663 0.00268264 0.0383691 0.467935 4.32034 25.1199 74.4267 148.801 235.338 318.459 383.49 419.094 419.094 383.49 318.459 235.338 148.801 74.4267 25.1199 4.32034 0.467935 0.0383691 0.00268264 0.000169663 9.05887e-06
0.00017234 0.00342946 0.0583041 0.925088 13.2038 149.488 1056.31 3267.33 6592.26 10447 14144.1 17035.2 18618 18618 17035.2 14144.1 10447 6592.26 3267.33 1056.31 149.488 13.2038 0.925088 0.0583041 0.00342946 0.00017234
0.00277219 0.0594838 1.08221 18.6044 309.307 4519.05 42332.8 137177 279082 442996 600007 722758 789953 789953 722758 600007 442996 279082 137177 42332.8 4519.05 309.307 18.6044 1.08221 0.0594838 0.00277219
0.040224 0.962451 19.0817 342.159 6133.1 118618 1.69837e+06 5.7639e+06 1.18047e+07 1.87598e+07 2.54163e+07 3.06196e+07 3.3468e+07 3.3468e+07 3.06196e+07 2.54163e+07 1.87598e+07 1.18047e+07 5.7639e+06 1.69837e+06 118618 6133.1 342.159 19.0817 0.962451 0.040224
0.495221 13.931 324.404 6346.99 105564 2.3339e+06 6.85616e+07 2.427e+08 4.9937e+08 7.94164e+08 1.07619e+09 1.29664e+09 1.41732e+09 1.41732e+09 1.29664e+09 1.07619e+09 7.94164e+08 4.9937e+08 2.427e+08 6.85616e+07 2.3339e+06 105564 6346.99 324.404 13.931 0.495221
4.59577 158.889 4796.79 125599 2.45753e+06 3.51747e+07 3.36962e+09 1.22107e+10 2.51236e+10 3.99221e+10 5.40708e+10 6.5128e+10 7.11805e+10 7.11805e+10 6.5128e+10 5.40708e+10 3.99221e+10 2.51236e+10 1.22107e+10 3.36962e+09 3.51747e+07 2.45753e+06 125599 4796.79 158.889 4.59577
26.7855 1126.36 45141.5 1.81115e+06 7.31211e+07 3.55845e+09 3.21036e+11 1.11899e+12 2.26701e+12 3.57362e+12 4.81804e+12 5.78845e+12 6.31905e+12 6.31905e+12 5.78845e+12 4.81804e+12 3.57362e+12 2.26701e+12 1.11899e+12 3.21036e+11 3.55845e+09 7.31211e+07 1.81115e+06 45141.5 1126.36 26.7855
79.3914 3485.55 146352 6.15004e+06 2.58986e+08 1.29116e+10 1.12277e+12 3.90368e+12 7.90085e+12 1.24481e+13 1.67779e+13 2.01538e+13 2.19995e+13 2.19995e+13 2.01538e+13 1.67779e+13 1.24481e+13 7.90085e+12 3.90368e+12 1.12277e+12 1.29116e+10 2.58986e+08 6.15004e+06 146352 3485.55 79.3914
158.676 7030.28 297648 1.25911e+07 5.32682e+08 2.65622e+10 2.27681e+12 7.90843e+12 1.60003e+13 2.52043e+13 3.39673e+13 4.07995e+13 4.45348e+13 4.45348e+13 4.07995e+13 3.39673e+13 2.52043e+13 1.60003e+13 7.90843e+12 2.27681e+12 2.65622e+10 5.32682e+08 1.25911e+07 297648 7030.28 158.676
250.811 11134.5 472175 1.99967e+07 8.46584e+08 4.21861e+10 3.58984e+12 1.2463e+13 2.52104e+13 3.97084e+13 5.35112e+13 6.42725e+13 7.0156e+13 7.0156e+13 6.42725e+13 5.35112e+13 3.97084e+13 2.52104e+13 1.2463e+13 3.58984e+12 4.21861e+10 8.46584e+08 1.99967e+07 472175 11134.5 250.811
339.182 15065 639102 2.70735e+07 1.14641e+09 5.71014e+10 4.83957e+12 1.67971e+13 3.3974e+13 5.35089e+13 7.21065e+13 8.6606e+13 9.45331e+13 9.45331e+13 8.6606e+13 7.21065e+13 5.35089e+13 3.3974e+13 1.67971e+13 4.83957e+12 5.71014e+10 1.14641e+09 2.70735e+07 639102 15065 339.182
408.234 18134.8 769427 3.25976e+07 1.38044e+09 6.87417e+10 5.81343e+12 2.01742e+13 4.08023e+13 6.42616e+13 8.6595e+13 1.04007e+14 1.13526e+14 1.13526e+14 1.04007e+14 8.6595e+13 6.42616e+13 4.08023e+13 2.01742e+13 5.81343e+12 6.87417e+10 1.38044e+09 3.25976e+07 769427 18134.8 408.234
446.006 19813.7 840701 3.56186e+07 1.50842e+09 7.51071e+10 6.34564e+12 2.20197e+13 4.45338e+13 7.01376e+13 9.45125e+13 1.13516e+14 1.23905e+14 1.23905e+14 1.13516e+14 9.45125e+13 7.01376e+13 4.45338e+13 2.20197e+13 6.34564e+12 7.51071e+10 1.50842e+09 3.56186e+07 840701 19813.7 446.006
446.006 19813.7 840701 3.56186e+07 1.50842e+09 7.51071e+10 6.34564e+12 2.20197e+13 4.45338e+13 7.01376e+13 9.45125e+13 1.13516e+14 1.23905e+14 1.23905e+14 1.13516e+14 9.45125e+13 7.01376e+13 4.45338e+13 2.20197e+13 6.34564e+12 7.51071e+10 1.50842e+09 3.56186e+07 840701 19813.7 446.006
408.234 18134.8 769427 3.25976e+07 1.38044e+09 6.87417e+10 5.81343e+12 2.01742e+13 4.08023e+13 6.42616e+13 8.6595e+13 1.04007e+14 1.13526e+14 1.13526e+14 1.04007e+14 8.6595e+13 6.42616e+13 4.08023e+13 2.01742e+13 5.81343e+12 6.87417e+10 1.38044e+09 3.25976e+07 769427 18134.8 408.234
339.182 15065 639102 2.70735e+07 1.14641e+09 5.71014e+10 4.83957e+12 1.67971e+13 3.3974e+13 5.35089e+13 7.21065e+13 8.6606e+13 9.45331e+13 9.45331e+13 8.6606e+13 7.21065e+13 5.35089e+13 3.3974e+13 1.67971e+13 4.83957e+12 5.71014e+10 1.14641e+09 2.70735e+07 639102 15065 339.182
250.811 11134.5 472175 1.99967e+07 8.46584e+08 4.21861e+10 3.58984e+12 1.2463e+13 2.52104e+13 3.97084e+13 5.35112e+13 6.42725e+13 7.0156e+13 7.0156e+13 6.42725e+13 5.35112e+13 3.97084e+13 2.52104e+13 1.2463e+13 3.58984e+12 4.21861e+10 8.46584e+08 1.99967e+07 472175 11134.5 250.811
158.676 7030.28 297648 1.25911e+07 5.32682e+08 2.65622e+10 2.27681e+12 7.90843e+12 1.60003e+13 2.52043e+13 3.39673e+13 4.07995e+13 4.45348e+13 4.45348e+13 4.07995e+13 3.39673e+13 2.52043e+13 1.60003e+13 7.90843e+12 2.27681e+12 2.65622e+10 5.32682e+08 1.25911e+07 297648 7030.28 158.676
79.3914 3485.55 146352 6.15004e+06 2.58986e+08 1.29116e+10 1.12277e+12 3.90368e+12 7.90085e+12 1.24481e+13 1.67779e+13 2.01538e+13 2.19995e+13 2.19995e+13 2.01538e+13 1.67779e+13 1.24481e+13 7.90085e+12 3.90368e+12 1.12277e+12 1.29116e+10 2.58986e+08 6.15004e+06 146352 3485.55 79.3914
26.7855 1126.36 45141.5 1.81115e+06 7.31211e+07 3.55845e+09 3.21036e+11 1.11899e+12 2.26701e+12 3.57362e+12 4.81804e+12 5.78845e+12 6.31905e+12 6.31905e+12 5.78845e+12 4.81804e+12 3.57362e+12 2.26701e+12 1.11899e+12 3.21036e+11 3.55845e+09 7.31211e+07 1.81115e+06 45141.5 1126.36 26.7855
4.59577 158.889 4796.79 125599 2.45753e+06 3.51747e+07 3.36962e+09 1.22107e+10 2.51236e+10 3.99221e+10 5.40708e+10 6.5128e+10 7.11805e+10 7.11805e+10 6.5128e+10 5.40708e+10 3.99221e+10 2.51236e+10 1.22107e+10 3.36962e+09 3.51747e+07 2.45753e+06 125599 4796.79 158.889 4.59577
0.495221 13.931 324.404 6346.99 105564 2.3339e+06 6.85616e+07 2.427e+08 4.9937e+08 7.94164e+08 1.07619e+09 1.29664e+09 1.41732e+09 1.41732e+09 1.29664e+09 1.07619e+09 7.94164e+08 4.9937e+08 2.427e+08 6.85616e+07 2.3339e+06 105564 6346.99 324.404 13.931 0.495221
0.040224 0.962451 19.0817 342.159 6133.1 118618 1.69837e+06 5.7639e+06 1.18047e+07 1.87598e+07 2.54163e+07 3.06196e+07 3.3468e+07 3.3468e+07 3.06196e+07 2.54163e+07 1.87598e+07 1.18047e+07 5.7639e+06 1.69837e+06 118618 6133.1 342.159 19.0817 0.962451 0.040224
0.00277219 0.0594838 1.08221 18.6044 309.307 4519.05 42332.8 137177 279082 442996 600007 722758 789953 789953 722758 600007 442996 279082 137177 42332.8 4519.05 309.307 18.6044 1.08221 0.0594838 0.00277219
0.00017234 0.00342946 0.0583041 0.925088 13.2038 149.488 1056.31 3267.33 6592.26 10447 14144.1 17035.2 18618 18618 17035.2 14144.1 10447 6592.26 3267.33 1056.31 149.488 13.2038 0.925088 0.0583041 0.00342946 0.00017234
9.05887e-06 0.000169663 0.00268264 0.0383691 0.467935 4.32034 25.1199 74.4267 148.801 235.338 318.459 383.49 419.094 419.094 383.49 318.459 235.338 148.801 74.4267 25.1199 4.32034 0.467935 0.0383691 0.00268264 0.000169663 9.05887e-06
