0.00867831 0.1633 2.59862 37.4346 459.601 4265.86 24893.9 73935.4 148104 234568 317695 382742 418346 418346 382742 317695 234568 148104 73935.4 24893.9 4265.86 459.601 37.4346 2.59862 0.1633 0.00867831
0.165215 3.29974 56.4206 902.049 12978.8 147900 1.0495e+06 3.25473e+06 6.58068e+06 1.04449e+07 1.41547e+07 1.70563e+07 1.86444e+07 1.86444e+07 1.70563e+07 1.41547e+07 1.04449e+07 6.58068e+06 3.25473e+06 1.0495e+06 147900 12978.8 902.049 56.4206 3.29974 0.165215
2.66315 57.2657 1045.74 18099.2 303779 4.47688e+06 4.21528e+07 1.36975e+08 2.79307e+08 4.44097e+08 6.02122e+08 7.25681e+08 7.93301e+08 7.93301e+08 7.25681e+08 6.02122e+08 4.44097e+08 2.79307e+08 1.36975e+08 4.21528e+07 4.47688e+06 303779 18099.2 1045.74 57.2657 2.66315
38.7904 929.086 18440.2 331676 5.99893e+06 1.175e+08 1.69401e+09 5.76623e+09 1.18385e+10 1.88473e+10 2.55629e+10 3.08129e+10 3.36859e+10 3.36859e+10 3.08129e+10 2.55629e+10 1.88473e+10 1.18385e+10 5.76623e+09 1.69401e+09 1.175e+08 5.99893e+06 331676 18440.2 929.086 38.7904
479.999 13516.5 314737 6.14969e+06 1.02348e+08 2.30315e+09 6.84643e+10 2.4313e+11 5.01571e+11 7.99188e+11 1.08424e+12 1.30706e+12 1.429e+12 1.429e+12 1.30706e+12 1.08424e+12 7.99188e+11 5.01571e+11 2.4313e+11 6.84643e+10 2.30315e+09 1.02348e+08 6.14969e+06 314737 13516.5 479.999
4477.92 155093 4.68639e+06 1.22598e+08 2.38511e+09 3.3872e+10 3.36094e+12 1.22223e+13 2.52187e+13 4.01554e+13 5.44539e+13 6.56293e+13 7.17442e+13 7.17442e+13 6.56293e+13 5.44539e+13 4.01554e+13 2.52187e+13 1.22223e+13 3.36094e+12 3.3872e+10 2.38511e+09 1.22598e+08 4.68639e+06 155093 4477.92
26213.7 1.10523e+06 4.43955e+07 1.78437e+09 7.21295e+10 3.52087e+12 3.20299e+14 1.1194e+15 2.27348e+15 3.59105e+15 4.84843e+15 5.82997e+15 6.36688e+15 6.36688e+15 5.82997e+15 4.84843e+15 3.59105e+15 2.27348e+15 1.1194e+15 3.20299e+14 3.52087e+12 7.21295e+10 1.78437e+09 4.43955e+07 1.10523e+06 26213.7
77895.1 3.42966e+06 1.44365e+08 6.0786e+09 2.56356e+11 1.28182e+13 1.12267e+15 3.91329e+15 7.93945e+15 1.25338e+16 1.69173e+16 2.03389e+16 2.22105e+16 2.22105e+16 2.03389e+16 1.69173e+16 1.25338e+16 7.93945e+15 3.91329e+15 1.12267e+15 1.28182e+13 2.56356e+11 6.0786e+09 1.44365e+08 3.42966e+06 77895.1
155962 6.93102e+06 2.9423e+08 1.24734e+10 5.2857e+11 2.64375e+13 2.28158e+15 7.94472e+15 1.6112e+16 2.54299e+16 3.43193e+16 4.12578e+16 4.50531e+16 4.50531e+16 4.12578e+16 3.43193e+16 2.54299e+16 1.6112e+16 7.94472e+15 2.28158e+15 2.64375e+13 5.2857e+11 1.24734e+10 2.9423e+08 6.93102e+06 155962
246797 1.0991e+07 4.67389e+08 1.98389e+10 8.41371e+11 4.20576e+13 3.60352e+15 1.25414e+16 2.54286e+16 4.01297e+16 5.41538e+16 6.50997e+16 7.10868e+16 7.10868e+16 6.50996e+16 5.41538e+16 4.01297e+16 2.54286e+16 1.25414e+16 3.60352e+15 4.20576e+13 8.41371e+11 1.98389e+10 4.67389e+08 1.0991e+07 246797
333938 1.48801e+07 6.33054e+08 2.68794e+10 1.14022e+12 5.69746e+13 4.86346e+15 1.69219e+16 3.43065e+16 5.41363e+16 7.30521e+16 8.78154e+16 9.58905e+16 9.58905e+16 8.78154e+16 7.30521e+16 5.41363e+16 3.43064e+16 1.69219e+16 4.86346e+15 5.69746e+13 1.14022e+12 2.68794e+10 6.33054e+08 1.48801e+07 333938
401989 1.79156e+07 7.62311e+08 3.23713e+10 1.3733e+12 6.86073e+13 5.84575e+15 2.0337e+16 4.12276e+16 6.50556e+16 8.77845e+16 1.05523e+17 1.15226e+17 1.15226e+17 1.05523e+17 8.77845e+16 6.50556e+16 4.12276e+16 2.0337e+16 5.84575e+15 6.86073e+13 1.3733e+12 3.23713e+10 7.62311e+08 1.79156e+07 401989
439186 1.95746e+07 8.32943e+08 3.5372e+10 1.50064e+12 7.49625e+13 6.38257e+15 2.22034e+16 4.50101e+16 7.10232e+16 9.58358e+16 1.15201e+17 1.25793e+17 1.25793e+17 1.15201e+17 9.58358e+16 7.10232e+16 4.50101e+16 2.22034e+16 6.38257e+15 7.49625e+13 1.50064e+12 3.5372e+10 8.32943e+08 1.95746e+07 439186
439186 1.95746e+07 8.32943e+08 3.5372e+10 1.50064e+12 7.49625e+13 6.38257e+15 2.22034e+16 4.50101e+16 7.10232e+16 9.58358e+16 1.15201e+17 1.25793e+17 1.25793e+17 1.15201e+17 9.58358e+16 7.10232e+16 4.50101e+16 2.22034e+16 6.38257e+15 7.49625e+13 1.50064e+12 3.5372e+10 8.32943e+08 1.95746e+07 439186
401989 1.79156e+07 7.62311e+08 3.23713e+10 1.3733e+12 6.86073e+13 5.84575e+15 2.0337e+16 4.12276e+16 6.50556e+16 8.77845e+16 1.05523e+17 1.15226e+17 1.15226e+17 1.05523e+17 8.77845e+16 6.50556e+16 4.12276e+16 2.0337e+16 5.84575e+15 6.86073e+13 1.3733e+12 3.23713e+10 7.62311e+08 1.79156e+07 401989
333938 1.48801e+07 6.33054e+08 2.68794e+10 1.14022e+12 5.69746e+13 4.86346e+15 1.69219e+16 3.43064e+16 5.41363e+16 7.30521e+16 8.78154e+16 9.58905e+16 9.58905e+16 8.78154e+16 7.30521e+16 5.41363e+16 3.43065e+16 1.69219e+16 4.86346e+15 5.69746e+13 1.14022e+12 2.68794e+10 6.33054e+08 1.48801e+07 333938
246797 1.0991e+07 4.67389e+08 1.98389e+10 8.41371e+11 4.20576e+13 3.60352e+15 1.25414e+16 2.54286e+16 4.01297e+16 5.41538e+16 6.50996e+16 7.10868e+16 7.10868e+16 6.50997e+16 5.41538e+16 4.01297e+16 2.54286e+16 1.25414e+16 3.60352e+15 4.20576e+13 8.41371e+11 1.98389e+10 4.67389e+08 1.0991e+07 246797
155962 6.93102e+06 2.9423e+08 1.24734e+10 5.2857e+11 2.64375e+13 2.28158e+15 7.94472e+15 1.6112e+16 2.54299e+16 3.43193e+16 4.12578e+16 4.50531e+16 4.50531e+16 4.12578e+16 3.43193e+16 2.54299e+16 1.6112e+16 7.94472e+15 2.28158e+15 2.64375e+13 5.2857e+11 1.24734e+10 2.9423e+08 6.93102e+06 155962
77895.1 3.42966e+06 1.44365e+08 6.0786e+09 2.56356e+11 1.28182e+13 1.12267e+15 3.91329e+15 7.93945e+15 1.25338e+16 1.69173e+16 2.03389e+16 2.22105e+16 2.22105e+16 2.03389e+16 1.69173e+16 1.25338e+16 7.93945e+15 3.91329e+15 1.12267e+15 1.28182e+13 2.56356e+11 6.0786e+09 1.44365e+08 3.42966e+06 77895.1
26213.7 1.10523e+06 4.43955e+07 1.78437e+09 7.21295e+10 3.52087e+12 3.20299e+14 1.1194e+15 2.27348e+15 3.59105e+15 4.84843e+15 5.82997e+15 6.36688e+15 6.36688e+15 5.82997e+15 4.84843e+15 3.59105e+15 2.27348e+15 1.1194e+15 3.20299e+14 3.52087e+12 7.21295e+10 1.78437e+09 4.43955e+07 1.10523e+06 26213.7
4477.92 155093 4.68639e+06 1.22598e+08 2.38511e+09 3.3872e+10 3.36094e+12 1.22223e+13 2.52187e+13 4.01554e+13 5.44539e+13 6.56293e+13 7.17442e+13 7.17442e+13 6.56293e+13 5.44539e+13 4.01554e+13 2.52187e+13 1.22223e+13 3.36094e+12 3.3872e+10 2.38511e+09 1.22598e+08 4.68639e+06 155093 4477.92
479.999 13516.5 314737 6.14969e+06 1.02348e+08 2.30315e+09 6.84643e+10 2.4313e+11 5.01571e+11 7.99188e+11 1.08424e+12 1.30706e+12 1.429e+12 1.429e+12 1.30706e+12 1.08424e+12 7.99188e+11 5.01571e+11 2.4313e+11 6.84643e+10 2.30315e+09 1.02348e+08 6.14969e+06 314737 13516.5 479.999
38.7904 929.086 18440.2 331676 5.99893e+06 1.175e+08 1.69401e+09 5.76623e+09 1.18385e+10 1.88473e+10 2.55629e+10 3.08129e+10 3.36859e+10 3.36859e+10 3.08129e+10 2.55629e+10 1.88473e+10 1.18385e+10 5.76623e+09 1.69401e+09 1.175e+08 5.99893e+06 331676 18440.2 929.086 38.7904
2.66315 57.2657 1045.74 18099.2 303779 4.47688e+06 4.21528e+07 1.36975e+08 2.79307e+08 4.44097e+08 6.02122e+08 7.25681e+08 7.93301e+08 7.93301e+08 7.25681e+08 6.02122e+08 4.44097e+08 2.79307e+08 1.36975e+08 4.21528e+07 4.47688e+06 303779 18099.2 1045.74 57.2657 2.66315
0.165215 3.29974 56.4206 902.049 12978.8 147900 1.0495e+06 3.25473e+06 6.58068e+06 1.04449e+07 1.41547e+07 1.70563e+07 1.86444e+07 1.86444e+07 1.70563e+07 1.41547e+07 1.04449e+07 6.58068e+06 3.25473e+06 1.0495e+06 147900 12978.8 902.049 56.4206 3.29974 0.165215
0.00867831 0.1633 2.59862 37.4346 459.601 4265.86 24893.9 73935.4 148104 234568 317695 382742 418346 418346 382742 317695 234568 148104 73935.4 24893.9 4265.86 459.601 37.4346 2.59862 0.1633 0.00867831
