3.1803 59.4139 931.726 13161.7 158547 1.4513e+06 8.40414e+06 2.4848e+07 4.94872e+07 7.77892e+07 1.04505e+08 1.25038e+08 1.36131e+08 1.36131e+08 1.25038e+08 1.04505e+08 7.77892e+07 4.94872e+07 2.4848e+07 8.40414e+06 1.4513e+06 158547 13161.7 931.726 59.4139 3.1803
61.1455 1219.18 20625.8 322920 4.53091e+06 5.06159e+07 3.55441e+08 1.09696e+09 2.2044e+09 3.4709e+09 4.6632e+09 5.57806e+09 6.07184e+09 6.07184e+09 5.57806e+09 4.6632e+09 3.4709e+09 2.2044e+09 1.09696e+09 3.55441e+08 5.06159e+07 4.53091e+06 322920 20625.8 1219.18 61.1455
989.531 21401 390456 6.64961e+06 1.08136e+08 1.54559e+09 1.43316e+10 4.63313e+10 9.38729e+10 1.47996e+11 1.9882e+11 2.37754e+11 2.58746e+11 2.58746e+11 2.37754e+11 1.9882e+11 1.47996e+11 9.38729e+10 4.63313e+10 1.43316e+10 1.54559e+09 1.08136e+08 6.64961e+06 390456 21401 989.531
14343.1 347321 6.97054e+06 1.25517e+08 2.20709e+09 4.11282e+10 5.78236e+11 1.95779e+12 3.99296e+12 6.30026e+12 8.46213e+12 1.01157e+13 1.10064e+13 1.10064e+13 1.01157e+13 8.46213e+12 6.30026e+12 3.99296e+12 1.95779e+12 5.78236e+11 4.11282e+10 2.20709e+09 1.25517e+08 6.97054e+06 347321 14343.1
175436 4.99384e+06 1.18127e+08 2.35619e+09 3.9639e+10 8.30465e+11 2.34525e+13 8.28392e+13 1.69737e+14 2.6792e+14 3.59744e+14 4.29875e+14 4.67609e+14 4.67609e+14 4.29875e+14 3.59744e+14 2.6792e+14 1.69737e+14 8.28392e+13 2.34525e+13 8.30465e+11 3.9639e+10 2.35619e+09 1.18127e+08 4.99384e+06 175436
1.61437e+06 5.63065e+07 1.71968e+09 4.57799e+10 9.25074e+11 1.37748e+13 1.16439e+15 4.21084e+15 8.63131e+15 1.36177e+16 1.82805e+16 2.18424e+16 2.37593e+16 2.37593e+16 2.18424e+16 1.82805e+16 1.36177e+16 8.63131e+15 4.21084e+15 1.16439e+15 1.37748e+13 9.25074e+11 4.57799e+10 1.71968e+09 5.63065e+07 1.61437e+06
9.34133e+06 3.95051e+08 1.59278e+10 6.42602e+11 2.60618e+13 1.26135e+15 1.10844e+17 3.86769e+17 7.83602e+17 1.23267e+18 1.6562e+18 1.98293e+18 2.16012e+18 2.16012e+18 1.98293e+18 1.6562e+18 1.23267e+18 7.83602e+17 3.86769e+17 1.10844e+17 1.26135e+15 2.60618e+13 6.42602e+11 1.59278e+10 3.95051e+08 9.34133e+06
2.75892e+07 1.21782e+09 5.14302e+10 2.173e+12 9.1936e+13 4.56582e+15 3.88404e+17 1.35176e+18 2.73557e+18 4.30066e+18 5.77641e+18 6.9149e+18 7.53234e+18 7.53234e+18 6.9149e+18 5.77641e+18 4.30066e+18 2.73557e+18 1.35176e+18 3.88404e+17 4.56581e+15 9.1936e+13 2.173e+12 5.14302e+10 1.21782e+09 2.75892e+07
5.48845e+07 2.44446e+09 1.0408e+11 4.42649e+12 1.8814e+14 9.3527e+15 7.87501e+17 2.73769e+18 5.53602e+18 8.69775e+18 1.16764e+19 1.39727e+19 1.52175e+19 1.52175e+19 1.39727e+19 1.16764e+19 8.69775e+18 5.53602e+18 2.73769e+18 7.87501e+17 9.3527e+15 1.8814e+14 4.42649e+12 1.0408e+11 2.44446e+09 5.48845e+07
8.61727e+07 3.84424e+09 1.63884e+11 6.97534e+12 2.96575e+14 1.47386e+16 1.2383e+18 4.30238e+18 8.6946e+18 1.36515e+19 1.83163e+19 2.19091e+19 2.38556e+19 2.38556e+19 2.19091e+19 1.83163e+19 1.36515e+19 8.6946e+18 4.30238e+18 1.2383e+18 1.47386e+16 2.96575e+14 6.97534e+12 1.63884e+11 3.84424e+09 8.61727e+07
1.15642e+08 5.15899e+09 2.19908e+11 9.35753e+12 3.9772e+14 1.97599e+16 1.66237e+18 5.7741e+18 1.16629e+19 1.83019e+19 2.45427e+19 2.93452e+19 3.19454e+19 3.19454e+19 2.93452e+19 2.45427e+19 1.83019e+19 1.16629e+19 5.7741e+18 1.66237e+18 1.97599e+16 3.9772e+14 9.35753e+12 2.19908e+11 5.15899e+09 1.15642e+08
1.38246e+08 6.1657e+09 2.62731e+11 1.11755e+13 4.74786e+14 2.3585e+16 1.98868e+18 6.90666e+18 1.39457e+19 2.1875e+19 2.93225e+19 3.50492e+19 3.81484e+19 3.81484e+19 3.50492e+19 2.93225e+19 2.1875e+19 1.39457e+19 6.90666e+18 1.98868e+18 2.3585e+16 4.74786e+14 1.11755e+13 2.62731e+11 6.1657e+09 1.38246e+08
1.50441e+08 6.70825e+09 2.85785e+11 1.21531e+13 5.16181e+14 2.56393e+16 2.16532e+18 7.51978e+18 1.5181e+19 2.38073e+19 3.19058e+19 3.81306e+19 4.14984e+19 4.14984e+19 3.81306e+19 3.19058e+19 2.38073e+19 1.5181e+19 7.51978e+18 2.16532e+18 2.56393e+16 5.16181e+14 1.21531e+13 2.85785e+11 6.70825e+09 1.50441e+08
1.50441e+08 6.70825e+09 2.85785e+11 1.21531e+13 5.16181e+14 2.56393e+16 2.16532e+18 7.51978e+18 1.5181e+19 2.38073e+19 3.19058e+19 3.81306e+19 4.14984e+19 4.14984e+19 3.81306e+19 3.19058e+19 2.38073e+19 1.5181e+19 7.51978e+18 2.16532e+18 2.56393e+16 5.16181e+14 1.21531e+13 2.85785e+11 6.70825e+09 1.50441e+08
1.38246e+08 6.1657e+09 2.62731e+11 1.11755e+13 4.74786e+14 2.3585e+16 1.98868e+18 6.90666e+18 1.39457e+19 2.1875e+19 2.93225e+19 3.50492e+19 3.81484e+19 3.81484e+19 3.50492e+19 2.93225e+19 2.1875e+19 1.39457e+19 6.90666e+18 1.98868e+18 2.3585e+16 4.74786e+14 1.11755e+13 2.62731e+11 6.1657e+09 1.38246e+08
1.15642e+08 5.15899e+09 2.19908e+11 9.35753e+12 3.9772e+14 1.97599e+16 1.66237e+18 5.7741e+18 1.16629e+19 1.83019e+19 2.45427e+19 2.93452e+19 3.19454e+19 3.19454e+19 2.93452e+19 2.45427e+19 1.83019e+19 1.16629e+19 5.7741e+18 1.66237e+18 1.97599e+16 3.9772e+14 9.35753e+12 2.19908e+11 5.15899e+09 1.15642e+08
8.61727e+07 3.84424e+09 1.63884e+11 6.97534e+12 2.96575e+14 1.47386e+16 1.2383e+18 4.30238e+18 8.6946e+18 1.36515e+19 1.83163e+19 2.19091e+19 2.38556e+19 2.38556e+19 2.19091e+19 1.83163e+19 1.36515e+19 8.6946e+18 4.30238e+18 1.2383e+18 1.47386e+16 2.96575e+14 6.97534e+12 1.63884e+11 3.84424e+09 8.61727e+07
5.48845e+07 2.44446e+09 1.0408e+11 4.42649e+12 1.8814e+14 9.3527e+15 7.87501e+17 2.73769e+18 5.53602e+18 8.69775e+18 1.16764e+19 1.39727e+19 1.52175e+19 1.52175e+19 1.39727e+19 1.16764e+19 8.69775e+18 5.53602e+18 2.73769e+18 7.87501e+17 9.3527e+15 1.8814e+14 4.42649e+12 1.0408e+11 2.44446e+09 5.48845e+07
2.75892e+07 1.21782e+09 5.14302e+10 2.173e+12 9.1936e+13 4.56581e+15 3.88404e+17 1.35176e+18 2.73557e+18 4.30066e+18 5.77641e+18 6.9149e+18 7.53234e+18 7.53234e+18 6.9149e+18 5.77641e+18 4.30066e+18 2.73557e+18 1.35176e+18 3.88404e+17 4.56581e+15 9.1936e+13 2.173e+12 5.14302e+10 1.21782e+09 2.75892e+07
9.34133e+06 3.95051e+08 1.59278e+10 6.42602e+11 2.60618e+13 1.26135e+15 1.10844e+17 3.86769e+17 7.83602e+17 1.23267e+18 1.6562e+18 1.98293e+18 2.16012e+18 2.16012e+18 1.98293e+18 1.6562e+18 1.23267e+18 7.83602e+17 3.86769e+17 1.10844e+17 1.26135e+15 2.60618e+13 6.42602e+11 1.59278e+10 3.95051e+08 9.34133e+06
1.61437e+06 5.63065e+07 1.71968e+09 4.57799e+10 9.25074e+11 1.37748e+13 1.16439e+15 4.21084e+15 8.63131e+15 1.36177e+16 1.82805e+16 2.18424e+16 2.37593e+16 2.37593e+16 2.18424e+16 1.82805e+16 1.36177e+16 8.63131e+15 4.21084e+15 1.16439e+15 1.37748e+13 9.25074e+11 4.57799e+10 1.71968e+09 5.63065e+07 1.61437e+06
175436 4.99384e+06 1.18127e+08 2.35619e+09 3.9639e+10 8.30465e+11 2.34525e+13 8.28392e+13 1.69737e+14 2.6792e+14 3.59744e+14 4.29875e+14 4.67609e+14 4.67609e+14 4.29875e+14 3.59744e+14 2.6792e+14 1.69737e+14 8.28392e+13 2.34525e+13 8.30465e+11 3.9639e+10 2.35619e+09 1.18127e+08 4.99384e+06 175436
14343.1 347321 6.97054e+06 1.25517e+08 2.20709e+09 4.11282e+10 5.78236e+11 1.95779e+12 3.99296e+12 6.30026e+12 8.46213e+12 1.01157e+13 1.10064e+13 1.10064e+13 1.01157e+13 8.46213e+12 6.30026e+12 3.99296e+12 1.95779e+12 5.78236e+11 4.11282e+10 2.20709e+09 1.25517e+08 6.97054e+06 347321 14343.1
989.531 21401 390456 6.64961e+06 1.08136e+08 1.54559e+09 1.43316e+10 4.63313e+10 9.38729e+10 1.47996e+11 1.9882e+11 2.37754e+11 2.58746e+11 2.58746e+11 2.37754e+11 1.9882e+11 1.47996e+11 9.38729e+10 4.63313e+10 1.43316e+10 1.54559e+09 1.08136e+08 6.64961e+06 390456 21401 989.531
61.1455 1219.18 20625.8 322920 4.53091e+06 5.06159e+07 3.55441e+08 1.09696e+09 2.2044e+09 3.4709e+09 4.6632e+09 5.57806e+09 6.07184e+09 6.07184e+09 5.57806e+09 4.6632e+09 3.4709e+09 2.2044e+09 1.09696e+09 3.55441e+08 5.06159e+07 4.53091e+06 322920 20625.8 1219.18 61.1455
3.1803 59.4139 931.726 13161.7 158547 1.4513e+06 8.40414e+06 2.4848e+07 4.94872e+07 7.77892e+07 1.04505e+08 1.25038e+08 1.36131e+08 1.36131e+08 1.25038e+08 1.04505e+08 7.77892e+07 4.94872e+07 2.4848e+07 8.40414e+06 1.4513e+06 158547 13161.7 931.726 59.4139 3.1803
