0.0361747 0.682675 10.8939 157.327 1936.14 18013.1 105375 313793 630201 1.00025e+06 1.35678e+06 1.63605e+06 1.78897e+06 1.78897e+06 1.63605e+06 1.35678e+06 1.00025e+06 630201 313793 105375 18013.1 1936.14 157.327 10.8939 0.682675 0.0361747
0.690831 13.8429 237.423 3805.76 54882.5 626805 4.45836e+06 1.38652e+07 2.81123e+07 4.47229e+07 6.07057e+07 7.32199e+07 8.00714e+07 8.00714e+07 7.32199e+07 6.07057e+07 4.47229e+07 2.81123e+07 1.38652e+07 4.45836e+06 626805 54882.5 3805.76 237.423 13.8429 0.690831
11.1694 241.046 4416.72 76650.7 1.28921e+06 1.9035e+07 1.79604e+08 5.85359e+08 1.19722e+09 1.90828e+09 2.59172e+09 3.12666e+09 3.41951e+09 3.41951e+09 3.12666e+09 2.59172e+09 1.90828e+09 1.19722e+09 5.85359e+08 1.79604e+08 1.9035e+07 1.28921e+06 76650.7 4416.72 241.046 11.1694
163.123 3921.91 78122.9 1.4094e+06 2.55436e+07 5.00957e+08 7.23387e+09 2.47014e+10 5.08781e+10 8.12116e+10 1.10345e+11 1.33143e+11 1.45623e+11 1.45623e+11 1.33143e+11 1.10345e+11 8.12116e+10 5.08781e+10 2.47014e+10 7.23387e+09 5.00957e+08 2.55436e+07 1.4094e+06 78122.9 3921.91 163.123
2023.36 57193.3 1.33657e+06 2.61994e+07 4.37185e+08 9.84362e+09 2.92784e+11 1.04327e+12 2.1597e+12 3.45068e+12 4.69009e+12 5.65986e+12 6.19064e+12 6.19064e+12 5.65986e+12 4.69009e+12 3.45068e+12 2.1597e+12 1.04327e+12 2.92784e+11 9.84362e+09 4.37185e+08 2.61994e+07 1.33657e+06 57193.3 2023.36
18919.1 657680 1.99387e+07 5.23087e+08 1.02044e+10 1.45312e+11 1.43845e+13 5.24983e+13 1.08714e+14 1.73598e+14 2.35861e+14 2.8457e+14 3.11227e+14 3.11227e+14 2.8457e+14 2.35861e+14 1.73598e+14 1.08714e+14 5.24983e+13 1.43845e+13 1.45312e+11 1.02044e+10 5.23087e+08 1.99387e+07 657680 18919.1
111009 4.69711e+06 1.8924e+08 7.62291e+09 3.08584e+11 1.50699e+13 1.37128e+15 4.80629e+15 9.79149e+15 1.55064e+16 2.09758e+16 2.52523e+16 2.75935e+16 2.75935e+16 2.52523e+16 2.09758e+16 1.55064e+16 9.79149e+15 4.80629e+15 1.37128e+15 1.50699e+13 3.08584e+11 7.62291e+09 1.8924e+08 4.69711e+06 111009
330718 1.46156e+07 6.17162e+08 2.60488e+10 1.10042e+12 5.50616e+13 4.82053e+15 1.68488e+16 3.4285e+16 5.42624e+16 7.33771e+16 8.83222e+16 9.65037e+16 9.65037e+16 8.83222e+16 7.33771e+16 5.42624e+16 3.4285e+16 1.68488e+16 4.82053e+15 5.50616e+13 1.10042e+12 2.60488e+10 6.17162e+08 1.46156e+07 330718
663828 2.96175e+07 1.26155e+09 5.36222e+10 2.27662e+12 1.13971e+14 9.82686e+15 3.43081e+16 6.97776e+16 1.10405e+17 1.49271e+17 1.79657e+17 1.96291e+17 1.96291e+17 1.79657e+17 1.49271e+17 1.10405e+17 6.97776e+16 3.43081e+16 9.82686e+15 1.13971e+14 2.27662e+12 5.36222e+10 1.26155e+09 2.96175e+07 663828
1.05261e+06 4.70704e+07 2.00875e+09 8.55011e+10 3.63353e+12 1.8181e+14 1.55604e+16 5.4294e+16 1.10395e+17 1.74641e+17 2.36093e+17 2.84132e+17 3.10429e+17 3.10429e+17 2.84132e+17 2.36093e+17 1.74641e+17 1.10395e+17 5.4294e+16 1.55604e+16 1.8181e+14 3.63353e+12 8.55011e+10 2.00875e+09 4.70704e+07 1.05261e+06
1.42628e+06 6.38222e+07 2.72509e+09 1.16037e+11 4.93266e+12 2.46735e+14 2.10396e+16 7.33906e+16 1.49201e+17 2.36002e+17 3.1902e+17 3.83913e+17 4.19434e+17 4.19434e+17 3.83913e+17 3.1902e+17 2.36002e+17 1.49201e+17 7.33906e+16 2.10396e+16 2.46735e+14 4.93266e+12 1.16037e+11 2.72509e+09 6.38222e+07 1.42628e+06
1.71833e+06 7.69084e+07 3.28445e+09 1.39875e+11 5.94654e+12 2.97399e+14 2.53176e+16 8.83004e+16 1.79497e+17 2.83905e+17 3.83754e+17 4.61798e+17 5.04516e+17 5.04516e+17 4.61798e+17 3.83754e+17 2.83905e+17 1.79497e+17 8.83004e+16 2.53176e+16 2.97399e+14 5.94654e+12 1.39875e+11 3.28445e+09 7.69084e+07 1.71833e+06
1.878e+06 8.40615e+07 3.59015e+09 1.529e+11 6.50045e+12 3.25076e+14 2.76569e+16 9.64541e+16 1.96065e+17 3.10101e+17 4.19152e+17 5.04386e+17 5.51038e+17 5.51038e+17 5.04386e+17 4.19152e+17 3.10101e+17 1.96065e+17 9.64541e+16 2.76569e+16 3.25076e+14 6.50045e+12 1.529e+11 3.59015e+09 8.40615e+07 1.878e+06
1.878e+06 8.40615e+07 3.59015e+09 1.529e+11 6.50045e+12 3.25076e+14 2.76569e+16 9.64541e+16 1.96065e+17 3.10101e+17 4.19152e+17 5.04386e+17 5.51038e+17 5.51038e+17 5.04386e+17 4.19152e+17 3.10101e+17 1.96065e+17 9.64541e+16 2.76569e+16 3.25076e+14 6.50045e+12 1.529e+11 3.59015e+09 8.40615e+07 1.878e+06
1.71833e+06 7.69084e+07 3.28445e+09 1.39875e+11 5.94654e+12 2.97399e+14 2.53176e+16 8.83004e+16 1.79497e+17 2.83905e+17 3.83754e+17 4.61798e+17 5.04516e+17 5.04516e+17 4.61798e+17 3.83754e+17 2.83905e+17 1.79497e+17 8.83004e+16 2.53176e+16 2.97399e+14 5.94654e+12 1.39875e+11 3.28445e+09 7.69084e+07 1.71833e+06
1.42628e+06 6.38222e+07 2.72509e+09 1.16037e+11 4.93266e+12 2.46735e+14 2.10396e+16 7.33906e+16 1.49201e+17 2.36002e+17 3.1902e+17 3.83913e+17 4.19434e+17 4.19434e+17 3.83913e+17 3.1902e+17 2.36002e+17 1.49201e+17 7.33906e+16 2.10396e+16 2.46735e+14 4.93266e+12 1.16037e+11 2.72509e+09 6.38222e+07 1.42628e+06
1.05261e+06 4.70704e+07 2.00875e+09 8.55011e+10 3.63353e+12 1.8181e+14 1.55604e+16 5.4294e+16 1.10395e+17 1.74641e+17 2.36093e+17 2.84132e+17 3.10429e+17 3.10429e+17 2.84132e+17 2.36093e+17 1.74641e+17 1.10395e+17 5.4294e+16 1.55604e+16 1.8181e+14 3.63353e+12 8.55011e+10 2.00875e+09 4.70704e+07 1.05261e+06
663828 2.96175e+07 1.26155e+09 5.36222e+10 2.27662e+12 1.13971e+14 9.82686e+15 3.43081e+16 6.97776e+16 1.10405e+17 1.49271e+17 1.79657e+17 1.96291e+17 1.96291e+17 1.79657e+17 1.49271e+17 1.10405e+17 6.97776e+16 3.43081e+16 9.82686e+15 1.13971e+14 2.27662e+12 5.36222e+10 1.26155e+09 2.96175e+07 663828
330718 1.46156e+07 6.17162e+08 2.60488e+10 1.10042e+12 5.50616e+13 4.82053e+15 1.68488e+16 3.4285e+16 5.42624e+16 7.33771e+16 8.83222e+16 9.65037e+16 9.65037e+16 8.83222e+16 7.33771e+16 5.42624e+16 3.4285e+16 1.68488e+16 4.82053e+15 5.50616e+13 1.10042e+12 2.60488e+10 6.17162e+08 1.46156e+07 330718
111009 4.69711e+06 1.8924e+08 7.62291e+09 3.08584e+11 1.50699e+13 1.37128e+15 4.80629e+15 9.79149e+15 1.55064e+16 2.09758e+16 2.52523e+16 2.75935e+16 2.75935e+16 2.52523e+16 2.09758e+16 1.55064e+16 9.79149e+15 4.80629e+15 1.37128e+15 1.50699e+13 3.08584e+11 7.62291e+09 1.8924e+08 4.69711e+06 111009
18919.1 657680 1.99387e+07 5.23087e+08 1.02044e+10 1.45312e+11 1.43845e+13 5.24983e+13 1.08714e+14 1.73598e+14 2.35861e+14 2.8457e+14 3.11227e+14 3.11227e+14 2.8457e+14 2.35861e+14 1.73598e+14 1.08714e+14 5.24983e+13 1.43845e+13 1.45312e+11 1.02044e+10 5.23087e+08 1.99387e+07 657680 18919.1
2023.36 57193.3 1.33657e+06 2.61994e+07 4.37185e+08 9.84362e+09 2.92784e+11 1.04327e+12 2.1597e+12 3.45068e+12 4.69009e+12 5.65986e+12 6.19064e+12 6.19064e+12 5.65986e+12 4.69009e+12 3.45068e+12 2.1597e+12 1.04327e+12 2.92784e+11 9.84362e+09 4.37185e+08 2.61994e+07 1.33657e+06 57193.3 2023.36
163.123 3921.91 78122.9 1.4094e+06 2.55436e+07 5.00957e+08 7.23387e+09 2.47014e+10 5.08781e+10 8.12116e+10 1.10345e+11 1.33143e+11 1.45623e+11 1.45623e+11 1.33143e+11 1.10345e+11 8.12116e+10 5.08781e+10 2.47014e+10 7.23387e+09 5.00957e+08 2.55436e+07 1.4094e+06 78122.9 3921.91 163.123
11.1694 241.046 4416.72 76650.7 1.28921e+06 1.9035e+07 1.79604e+08 5.85359e+08 1.19722e+09 1.90828e+09 2.59172e+09 3.12666e+09 3.41951e+09 3.41951e+09 3.12666e+09 2.59172e+09 1.90828e+09 1.19722e+09 5.85359e+08 1.79604e+08 1.9035e+07 1.28921e+06 76650.7 4416.72 241.046 11.1694
0.690831 13.8429 237.423 3805.76 54882.5 626805 4.45836e+06 1.38652e+07 2.81123e+07 4.47229e+07 6.07057e+07 7.32199e+07 8.00714e+07 8.00714e+07 7.32199e+07 6.07057e+07 4.47229e+07 2.81123e+07 1.38652e+07 4.45836e+06 626805 54882.5 3805.76 237.423 13.8429 0.690831
0.0361746 0.682675 10.8939 157.327 1936.14 18013.1 105375 313793 630201 1.00025e+06 1.35678e+06 1.63605e+06 1.78897e+06 1.78897e+06 1.63605e+06 1.35678e+06 1.00025e+06 630201 313793 105375 18013.1 1936.14 157.327 10.8939 0.682675 0.0361746
