10.1358 187.907 2912.24 40548.8 481390 4.35178e+06 2.49428e+07 7.2956e+07 1.4349e+08 2.22617e+08 2.95527e+08 3.50407e+08 3.79639e+08 3.79639e+08 3.50407e+08 2.95527e+08 2.22617e+08 1.4349e+08 7.2956e+07 2.49428e+07 4.35178e+06 481390 40548.8 2912.24 187.907 10.1358
194.787 3864.48 64757 999265 1.37865e+07 1.51733e+08 1.05367e+09 3.21584e+09 6.37861e+09 9.90666e+09 1.31448e+10 1.55756e+10 1.68681e+10 1.68681e+10 1.55756e+10 1.31448e+10 9.90666e+09 6.37861e+09 3.21584e+09 1.05367e+09 1.51733e+08 1.37865e+07 999265 64757 3864.48 194.787
3140.78 67822.3 1.23128e+06 2.07254e+07 3.30715e+08 4.63679e+09 4.2443e+10 1.35637e+11 2.71089e+11 4.21292e+11 5.58619e+11 6.61423e+11 7.15991e+11 7.15991e+11 6.61423e+11 5.58619e+11 4.21292e+11 2.71089e+11 1.35637e+11 4.2443e+10 4.63679e+09 3.30715e+08 2.07254e+07 1.23128e+06 67822.3 3140.78
45183.9 1.09517e+06 2.19898e+07 3.94454e+08 6.82375e+09 1.23787e+11 1.71153e+12 5.72575e+12 1.15119e+13 1.78923e+13 2.37048e+13 2.80444e+13 3.03436e+13 3.03436e+13 2.80444e+13 2.37048e+13 1.78923e+13 1.15119e+13 5.72575e+12 1.71153e+12 1.23787e+11 6.82375e+09 3.94454e+08 2.19898e+07 1.09517e+06 45183.9
546897 1.55873e+07 3.69778e+08 7.41109e+09 1.24772e+11 2.52658e+12 6.94203e+13 2.42153e+14 4.88775e+14 7.59401e+14 1.00514e+15 1.18812e+15 1.28489e+15 1.28489e+15 1.18812e+15 1.00514e+15 7.59401e+14 4.88775e+14 2.42153e+14 6.94203e+13 2.52658e+12 1.24772e+11 7.41109e+09 3.69778e+08 1.55873e+07 546897
4.97424e+06 1.73501e+08 5.30609e+09 1.41867e+11 2.90392e+12 4.39433e+13 3.46347e+15 1.2365e+16 2.49664e+16 3.87748e+16 5.13181e+16 6.06654e+16 6.56122e+16 6.56122e+16 6.06654e+16 5.13181e+16 3.87748e+16 2.49664e+16 1.2365e+16 3.46347e+15 4.39433e+13 2.90392e+12 1.41867e+11 5.30609e+09 1.73501e+08 4.97424e+06
2.84531e+07 1.20174e+09 4.83988e+10 1.95134e+12 7.91311e+13 3.8132e+15 3.29177e+17 1.1389e+18 2.2836e+18 3.55367e+18 4.7287e+18 5.62088e+18 6.09967e+18 6.09967e+18 5.62088e+18 4.7287e+18 3.55367e+18 2.2836e+18 1.1389e+18 3.29177e+17 3.8132e+15 7.91311e+13 1.95134e+12 4.83988e+10 1.20174e+09 2.84531e+07
8.30981e+07 3.66182e+09 1.54401e+11 6.51592e+12 2.7549e+14 1.36264e+16 1.14405e+18 3.94886e+18 7.90858e+18 1.2298e+19 1.63565e+19 1.94369e+19 2.10897e+19 2.10897e+19 1.94369e+19 1.63565e+19 1.2298e+19 7.90858e+18 3.94886e+18 1.14405e+18 1.36264e+16 2.7549e+14 6.51592e+12 1.54401e+11 3.66182e+09 8.30981e+07
1.63252e+08 7.25475e+09 3.08222e+11 1.30845e+13 5.55365e+14 2.74929e+16 2.29482e+18 7.91184e+18 1.5827e+19 2.45826e+19 3.26614e+19 3.87825e+19 4.20629e+19 4.20629e+19 3.87825e+19 3.26614e+19 2.45826e+19 1.5827e+19 7.91184e+18 2.29482e+18 2.74929e+16 5.55365e+14 1.30845e+13 3.08222e+11 7.25475e+09 1.63252e+08
2.5303e+08 1.12561e+10 4.78503e+11 2.03147e+13 8.61911e+14 4.26471e+16 3.56776e+18 1.22919e+19 2.45606e+19 3.80979e+19 5.05567e+19 5.99752e+19 6.50152e+19 6.50152e+19 5.99752e+19 5.05567e+19 3.80979e+19 2.45606e+19 1.22919e+19 3.56776e+18 4.26471e+16 8.61911e+14 2.03147e+13 4.78503e+11 1.12561e+10 2.5303e+08
3.35626e+08 1.49226e+10 6.33922e+11 2.68897e+13 1.13975e+15 5.63714e+16 4.74098e+18 1.63267e+19 3.25892e+19 5.04904e+19 6.6924e+19 7.93203e+19 8.59437e+19 8.59437e+19 7.93203e+19 6.6924e+19 5.04904e+19 3.25892e+19 1.63267e+19 4.74098e+18 5.63714e+16 1.13975e+15 2.68897e+13 6.33922e+11 1.49226e+10 3.35626e+08
3.97711e+08 1.76711e+10 7.50097e+11 3.1791e+13 1.34629e+15 6.65701e+16 5.62856e+18 1.93782e+19 3.86507e+19 5.98257e+19 7.92266e+19 9.3836e+19 1.01633e+20 1.01633e+20 9.3836e+19 7.92266e+19 5.98257e+19 3.86507e+19 1.93782e+19 5.62856e+18 6.65701e+16 1.34629e+15 3.1791e+13 7.50097e+11 1.76711e+10 3.97711e+08
4.30751e+08 1.91312e+10 8.117e+11 3.4385e+13 1.4554e+15 7.19566e+16 6.10364e+18 2.10113e+19 4.1891e+19 6.48085e+19 8.57834e+19 1.01563e+20 1.09979e+20 1.09979e+20 1.01563e+20 8.57834e+19 6.48085e+19 4.1891e+19 2.10113e+19 6.10364e+18 7.19566e+16 1.4554e+15 3.4385e+13 8.117e+11 1.91312e+10 4.30751e+08
4.30751e+08 1.91312e+10 8.117e+11 3.4385e+13 1.4554e+15 7.19566e+16 6.10364e+18 2.10113e+19 4.1891e+19 6.48085e+19 8.57834e+19 1.01563e+20 1.09979e+20 1.09979e+20 1.01563e+20 8.57834e+19 6.48085e+19 4.1891e+19 2.10113e+19 6.10364e+18 7.19566e+16 1.4554e+15 3.4385e+13 8.117e+11 1.91312e+10 4.30751e+08
3.97711e+08 1.76711e+10 7.50097e+11 3.1791e+13 1.34629e+15 6.65701e+16 5.62856e+18 1.93782e+19 3.86507e+19 5.98257e+19 7.92266e+19 9.3836e+19 1.01633e+20 1.01633e+20 9.3836e+19 7.92266e+19 5.98257e+19 3.86507e+19 1.93782e+19 5.62856e+18 6.65701e+16 1.34629e+15 3.1791e+13 7.50097e+11 1.76711e+10 3.97711e+08
3.35626e+08 1.49226e+10 6.33922e+11 2.68897e+13 1.13975e+15 5.63714e+16 4.74098e+18 1.63267e+19 3.25892e+19 5.04904e+19 6.6924e+19 7.93203e+19 8.59437e+19 8.59437e+19 7.93203e+19 6.6924e+19 5.04904e+19 3.25892e+19 1.63267e+19 4.74098e+18 5.63714e+16 1.13975e+15 2.68897e+13 6.33922e+11 1.49226e+10 3.35626e+08
2.5303e+08 1.12561e+10 4.78503e+11 2.03147e+13 8.61911e+14 4.26471e+16 3.56776e+18 1.22919e+19 2.45606e+19 3.80979e+19 5.05567e+19 5.99752e+19 6.50152e+19 6.50152e+19 5.99752e+19 5.05567e+19 3.80979e+19 2.45606e+19 1.22919e+19 3.56776e+18 4.26471e+16 8.61911e+14 2.03147e+13 4.78503e+11 1.12561e+10 2.5303e+08
1.63252e+08 7.25475e+09 3.08222e+11 1.30845e+13 5.55365e+14 2.74929e+16 2.29482e+18 7.91184e+18 1.5827e+19 2.45826e+19 3.26614e+19 3.87825e+19 4.20629e+19 4.20629e+19 3.87825e+19 3.26614e+19 2.45826e+19 1.5827e+19 7.91184e+18 2.29482e+18 2.74929e+16 5.55365e+14 1.30845e+13 3.08222e+11 7.25475e+09 1.63252e+08
8.30981e+07 3.66182e+09 1.54401e+11 6.51592e+12 2.7549e+14 1.36264e+16 1.14405e+18 3.94886e+18 7.90858e+18 1.2298e+19 1.63565e+19 1.94369e+19 2.10897e+19 2.10897e+19 1.94369e+19 1.63565e+19 1.2298e+19 7.90858e+18 3.94886e+18 1.14405e+18 1.36264e+16 2.7549e+14 6.51592e+12 1.54401e+11 3.66182e+09 8.30981e+07
2.84531e+07 1.20174e+09 4.83988e+10 1.95134e+12 7.91311e+13 3.8132e+15 3.29177e+17 1.1389e+18 2.2836e+18 3.55367e+18 4.7287e+18 5.62088e+18 6.09967e+18 6.09967e+18 5.62088e+18 4.7287e+18 3.55367e+18 2.2836e+18 1.1389e+18 3.29177e+17 3.8132e+15 7.91311e+13 1.95134e+12 4.83988e+10 1.20174e+09 2.84531e+07
4.97424e+06 1.73501e+08 5.30609e+09 1.41867e+11 2.90392e+12 4.39433e+13 3.46347e+15 1.2365e+16 2.49664e+16 3.87748e+16 5.13181e+16 6.06654e+16 6.56122e+16 6.56122e+16 6.06654e+16 5.13181e+16 3.87748e+16 2.49664e+16 1.2365e+16 3.46347e+15 4.39433e+13 2.90392e+12 1.41867e+11 5.30609e+09 1.73501e+08 4.97424e+06
546897 1.55873e+07 3.69778e+08 7.41109e+09 1.24772e+11 2.52658e+12 6.94203e+13 2.42153e+14 4.88775e+14 7.59401e+14 1.00514e+15 1.18812e+15 1.28489e+15 1.28489e+15 1.18812e+15 1.00514e+15 7.59401e+14 4.88775e+14 2.42153e+14 6.94203e+13 2.52658e+12 1.24772e+11 7.41109e+09 3.69778e+08 1.55873e+07 546897
45183.9 1.09517e+06 2.19898e+07 3.94454e+08 6.82375e+09 1.23787e+11 1.71153e+12 5.72575e+12 1.15119e+13 1.78923e+13 2.37048e+13 2.80444e+13 3.03436e+13 3.03436e+13 2.80444e+13 2.37048e+13 1.78923e+13 1.15119e+13 5.72575e+12 1.71153e+12 1.23787e+11 6.82375e+09 3.94454e+08 2.19898e+07 1.09517e+06 45183.9
3140.78 67822.3 1.23128e+06 2.07254e+07 3.30715e+08 4.63679e+09 4.2443e+10 1.35637e+11 2.71089e+11 4.21292e+11 5.58619e+11 6.61423e+11 7.15991e+11 7.15991e+11 6.61423e+11 5.58619e+11 4.21292e+11 2.71089e+11 1.35637e+11 4.2443e+10 4.63679e+09 3.30715e+08 2.07254e+07 1.23128e+06 67822.3 3140.78
194.787 3864.48 64757 999265 1.37865e+07 1.51733e+08 1.05367e+09 3.21584e+09 6.37861e+09 9.90666e+09 1.31448e+10 1.55756e+10 1.68681e+10 1.68681e+10 1.55756e+10 1.31448e+10 9.90666e+09 6.37861e+09 3.21584e+09 1.05367e+09 1.51733e+08 1.37865e+07 999265 64757 3864.48 194.787
10.1358 187.907 2912.24 40548.8 481390 4.35178e+06 2.49428e+07 7.2956e+07 1.4349e+08 2.22617e+08 2.95527e+08 3.50407e+08 3.79639e+08 3.79639e+08 3.50407e+08 2.95527e+08 2.22617e+08 1.4349e+08 7.2956e+07 2.49428e+07 4.35178e+06 481390 40548.8 2912.24 187.907 10.1358
