0.92957 17.522 278.303 3989.74 48747.6 451407 2.63641e+06 7.85186e+06 1.57592e+07 2.49651e+07 3.37706e+07 4.06141e+07 4.4339e+07 4.4339e+07 4.06141e+07 3.37706e+07 2.49651e+07 1.57592e+07 7.85187e+06 2.63641e+06 451407 48747.6 3989.74 278.303 17.522 0.929569
17.8947 359.098 6141.06 97611.6 1.39272e+06 1.57795e+07 1.11882e+08 3.47927e+08 7.04906e+08 1.11902e+09 1.51436e+09 1.82129e+09 1.98824e+09 1.98824e+09 1.82129e+09 1.51436e+09 1.11902e+09 7.04906e+08 3.47927e+08 1.11882e+08 1.57795e+07 1.39272e+06 97611.6 6141.06 359.098 17.8947
290.834 6308.96 115831 1.99775e+06 3.31194e+07 4.82301e+08 4.52419e+09 1.4743e+10 3.01292e+10 4.79131e+10 6.48612e+10 7.80056e+10 8.5151e+10 8.5151e+10 7.80056e+10 6.48612e+10 4.79131e+10 3.01292e+10 1.4743e+10 4.52419e+09 4.82301e+08 3.31194e+07 1.99775e+06 115831 6308.96 290.834
4248.85 102942 2.06749e+06 3.74011e+07 6.69033e+08 1.28066e+10 1.82876e+11 6.24387e+11 1.28506e+12 2.04618e+12 2.77049e+12 3.33172e+12 3.63662e+12 3.63662e+12 3.33172e+12 2.77049e+12 2.04618e+12 1.28506e+12 6.24387e+11 1.82876e+11 1.28066e+10 6.69033e+08 3.74011e+07 2.06749e+06 102942 4248.85
52517.5 1.49549e+06 3.53162e+07 7.01316e+08 1.179e+10 2.55935e+11 7.4235e+12 2.64531e+13 5.47222e+13 8.7207e+13 1.18087e+14 1.41993e+14 1.54972e+14 1.54972e+14 1.41993e+14 1.18087e+14 8.7207e+13 5.47222e+13 2.64531e+13 7.4235e+12 2.55935e+11 1.179e+10 7.01316e+08 3.53162e+07 1.49549e+06 52517.5
488697 1.70766e+07 5.21636e+08 1.38365e+10 2.75857e+11 4.03465e+12 3.67058e+14 1.33972e+15 2.7729e+15 4.41708e+15 5.97952e+15 7.18908e+15 7.84577e+15 7.84577e+15 7.18908e+15 5.97952e+15 4.41708e+15 2.7729e+15 1.33972e+15 3.67058e+14 4.03465e+12 2.75857e+11 1.38365e+10 5.21636e+08 1.70766e+07 488697
2.8566e+06 1.21228e+08 4.90217e+09 1.98161e+11 8.04444e+12 3.91321e+14 3.49938e+16 1.22835e+17 2.50526e+17 3.96717e+17 5.361e+17 6.44583e+17 7.03751e+17 7.03751e+17 6.44583e+17 5.361e+17 3.96717e+17 2.50526e+17 1.22835e+17 3.49938e+16 3.91321e+14 8.04444e+12 1.98161e+11 4.90217e+09 1.21228e+08 2.8566e+06
8.50395e+06 3.76832e+08 1.59684e+10 6.76313e+11 2.86546e+13 1.42978e+15 1.23295e+17 4.31556e+17 8.79102e+17 1.39122e+18 1.87943e+18 2.25946e+18 2.46675e+18 2.46675e+18 2.25946e+18 1.87943e+18 1.39122e+18 8.79102e+17 4.31556e+17 1.23295e+17 1.42978e+15 2.86546e+13 6.76313e+11 1.59684e+10 3.76832e+08 8.50395e+06
1.70522e+07 7.62747e+08 3.26019e+10 1.39055e+12 5.92164e+13 2.95764e+15 2.5167e+17 8.79842e+17 1.79112e+18 2.83327e+18 3.8264e+18 4.59924e+18 5.02077e+18 5.02077e+18 4.59924e+18 3.8264e+18 2.83327e+18 1.79112e+18 8.79842e+17 2.5167e+17 2.95764e+15 5.92164e+13 1.39055e+12 3.26019e+10 7.62747e+08 1.70522e+07
2.6982e+07 1.20939e+09 5.17815e+10 2.21134e+12 9.42453e+13 4.70607e+15 3.98446e+17 1.39215e+18 2.83282e+18 4.47945e+18 6.04786e+18 7.26792e+18 7.93321e+18 7.93321e+18 7.26792e+18 6.04786e+18 4.47945e+18 2.83282e+18 1.39215e+18 3.98446e+17 4.70607e+15 9.42453e+13 2.21134e+12 5.17815e+10 1.20939e+09 2.6982e+07
3.64562e+07 1.63469e+09 7.001e+10 2.99023e+12 1.27445e+14 6.36259e+15 5.38103e+17 1.87961e+18 3.82363e+18 6.04445e+18 8.15879e+18 9.80288e+18 1.06992e+19 1.06992e+19 9.80288e+18 8.15879e+18 6.04445e+18 3.82363e+18 1.87961e+18 5.38103e+17 6.36259e+15 1.27445e+14 2.99023e+12 7.001e+10 1.63469e+09 3.64562e+07
4.38024e+07 1.96406e+09 8.41117e+10 3.59216e+12 1.53077e+14 7.6413e+15 6.4657e+17 2.25827e+18 4.59313e+18 7.25947e+18 9.79702e+18 1.17696e+19 1.28447e+19 1.28447e+19 1.17696e+19 9.79702e+18 7.25947e+18 4.59313e+18 2.25827e+18 6.4657e+17 7.6413e+15 1.53077e+14 3.59216e+12 8.41117e+10 1.96406e+09 4.38024e+07
4.77942e+07 2.14292e+09 9.17638e+10 3.91854e+12 1.66965e+14 8.33409e+15 7.05638e+17 2.46452e+18 5.01222e+18 7.92104e+18 1.06888e+19 1.284e+19 1.40123e+19 1.40123e+19 1.284e+19 1.06888e+19 7.92104e+18 5.01222e+18 2.46452e+18 7.05638e+17 8.33409e+15 1.66965e+14 3.91854e+12 9.17638e+10 2.14292e+09 4.77942e+07
4.77942e+07 2.14292e+09 9.17638e+10 3.91854e+12 1.66965e+14 8.33409e+15 7.05638e+17 2.46452e+18 5.01222e+18 7.92104e+18 1.06888e+19 1.284e+19 1.40123e+19 1.40123e+19 1.284e+19 1.06888e+19 7.92104e+18 5.01222e+18 2.46452e+18 7.05638e+17 8.33409e+15 1.66965e+14 3.91854e+12 9.17638e+10 2.14292e+09 4.77942e+07
4.38024e+07 1.96406e+09 8.41117e+10 3.59216e+12 1.53077e+14 7.6413e+15 6.4657e+17 2.25827e+18 4.59313e+18 7.25947e+18 9.79702e+18 1.17696e+19 1.28447e+19 1.28447e+19 1.17696e+19 9.79702e+18 7.25947e+18 4.59313e+18 2.25827e+18 6.4657e+17 7.6413e+15 1.53077e+14 3.59216e+12 8.41117e+10 1.96406e+09 4.38024e+07
3.64562e+07 1.63469e+09 7.001e+10 2.99023e+12 1.27445e+14 6.36259e+15 5.38103e+17 1.87961e+18 3.82363e+18 6.04445e+18 8.15879e+18 9.80288e+18 1.06992e+19 1.06992e+19 9.80288e+18 8.15879e+18 6.04445e+18 3.82363e+18 1.87961e+18 5.38103e+17 6.36259e+15 1.27445e+14 2.99023e+12 7.001e+10 1.63469e+09 3.64562e+07
2.6982e+07 1.20939e+09 5.17815e+10 2.21134e+12 9.42453e+13 4.70607e+15 3.98446e+17 1.39215e+18 2.83282e+18 4.47945e+18 6.04786e+18 7.26792e+18 7.93321e+18 7.93321e+18 7.26792e+18 6.04786e+18 4.47945e+18 2.83282e+18 1.39215e+18 3.98446e+17 4.70607e+15 9.42453e+13 2.21134e+12 5.17815e+10 1.20939e+09 2.6982e+07
1.70522e+07 7.62747e+08 3.26019e+10 1.39055e+12 5.92164e+13 2.95764e+15 2.5167e+17 8.79842e+17 1.79112e+18 2.83327e+18 3.8264e+18 4.59924e+18 5.02077e+18 5.02077e+18 4.59924e+18 3.8264e+18 2.83327e+18 1.79112e+18 8.79842e+17 2.5167e+17 2.95764e+15 5.92164e+13 1.39055e+12 3.26019e+10 7.62747e+08 1.70522e+07
8.50395e+06 3.76832e+08 1.59684e+10 6.76313e+11 2.86546e+13 1.42978e+15 1.23295e+17 4.31556e+17 8.79102e+17 1.39122e+18 1.87943e+18 2.25946e+18 2.46675e+18 2.46675e+18 2.25946e+18 1.87943e+18 1.39122e+18 8.79102e+17 4.31556e+17 1.23295e+17 1.42978e+15 2.86546e+13 6.76313e+11 1.59684e+10 3.76832e+08 8.50395e+06
2.8566e+06 1.21228e+08 4.90217e+09 1.98161e+11 8.04444e+12 3.91321e+14 3.49938e+16 1.22835e+17 2.50526e+17 3.96717e+17 5.361e+17 6.44583e+17 7.03751e+17 7.03751e+17 6.44583e+17 5.361e+17 3.96717e+17 2.50526e+17 1.22835e+17 3.49938e+16 3.91321e+14 8.04444e+12 1.98161e+11 4.90217e+09 1.21228e+08 2.8566e+06
488697 1.70766e+07 5.21636e+08 1.38365e+10 2.75857e+11 4.03465e+12 3.67058e+14 1.33972e+15 2.7729e+15 4.41708e+15 5.97952e+15 7.18908e+15 7.84577e+15 7.84577e+15 7.18908e+15 5.97952e+15 4.41708e+15 2.7729e+15 1.33972e+15 3.67058e+14 4.03465e+12 2.75857e+11 1.38365e+10 5.21636e+08 1.70766e+07 488697
52517.5 1.49549e+06 3.53162e+07 7.01316e+08 1.179e+10 2.55935e+11 7.4235e+12 2.64531e+13 5.47222e+13 8.7207e+13 1.18087e+14 1.41993e+14 1.54972e+14 1.54972e+14 1.41993e+14 1.18087e+14 8.7207e+13 5.47222e+13 2.64531e+13 7.4235e+12 2.55935e+11 1.179e+10 7.01316e+08 3.53162e+07 1.49549e+06 52517.5
4248.85 102942 2.06749e+06 3.74011e+07 6.69033e+08 1.28066e+10 1.82876e+11 6.24387e+11 1.28506e+12 2.04618e+12 2.77049e+12 3.33172e+12 3.63662e+12 3.63662e+12 3.33172e+12 2.77049e+12 2.04618e+12 1.28506e+12 6.24387e+11 1.82876e+11 1.28066e+10 6.69033e+08 3.74011e+07 2.06749e+06 102942 4248.85
290.834 6308.96 115831 1.99775e+06 3.31194e+07 4.82301e+08 4.52419e+09 1.4743e+10 3.01292e+10 4.79131e+10 6.48612e+10 7.80056e+10 8.5151e+10 8.5151e+10 7.80056e+10 6.48612e+10 4.79131e+10 3.01292e+10 1.4743e+10 4.52419e+09 4.82301e+08 3.31194e+07 1.99775e+06 115831 6308.96 290.834
17.8947 359.098 6141.06 97611.6 1.39272e+06 1.57795e+07 1.11882e+08 3.47927e+08 7.04906e+08 1.11902e+09 1.51436e+09 1.82129e+09 1.98824e+09 1.98824e+09 1.82129e+09 1.51436e+09 1.11902e+09 7.04906e+08 3.47927e+08 1.11882e+08 1.57795e+07 1.39272e+06 97611.6 6141.06 359.098 17.8947
0.92957 17.522 278.303 3989.74 48747.6 451407 2.63641e+06 7.85187e+06 1.57592e+07 2.49651e+07 3.37706e+07 4.06141e+07 4.4339e+07 4.4339e+07 4.06141e+07 3.37706e+07 2.49651e+07 1.57592e+07 7.85186e+06 2.63641e+06 451407 48747.6 3989.74 278.303 17.522 0.92957
