5.31295 98.7379 1535.83 21481.6 256314 2.32961e+06 1.34416e+07 3.97507e+07 7.93347e+07 1.25105e+08 1.68656e+08 2.02387e+08 2.20714e+08 2.20714e+08 2.02387e+08 1.68656e+08 1.25105e+08 7.93347e+07 3.97507e+07 1.34416e+07 2.32961e+06 256314 21481.6 1535.83 98.7378 5.31295
102.204 2031.14 34135.6 529007 7.33668e+06 8.11918e+07 5.6739e+08 1.7512e+09 3.52656e+09 5.57068e+09 7.51101e+09 9.0118e+09 9.82654e+09 9.82654e+09 9.0118e+09 7.51101e+09 5.57068e+09 3.52656e+09 1.7512e+09 5.6739e+08 8.11918e+07 7.33668e+06 529007 34135.6 2031.14 102.204
1651.16 35683.5 648916 1.09597e+07 1.75807e+08 2.47951e+09 2.28328e+10 7.38085e+10 1.49858e+11 2.3704e+11 3.19609e+11 3.8339e+11 4.17988e+11 4.17988e+11 3.8339e+11 3.19609e+11 2.3704e+11 1.49858e+11 7.38085e+10 2.28328e+10 2.47951e+09 1.75807e+08 1.09597e+07 648916 35683.5 1651.16
23826.1 577535 1.15997e+07 2.08369e+08 3.62009e+09 6.61213e+10 9.19602e+11 3.11292e+12 6.36215e+12 1.00722e+13 1.35793e+13 1.62851e+13 1.77517e+13 1.77517e+13 1.62851e+13 1.35793e+13 1.00722e+13 6.36215e+12 3.11292e+12 9.19602e+11 6.61213e+10 3.62009e+09 2.08369e+08 1.15997e+07 577535 23826.1
289557 8.25041e+06 1.95622e+08 3.91788e+09 6.59903e+10 1.3463e+12 3.7242e+13 1.31503e+14 2.7001e+14 4.27657e+14 5.76454e+14 6.91128e+14 7.53236e+14 7.53236e+14 6.91128e+14 5.76454e+14 4.27657e+14 2.7001e+14 1.31503e+14 3.7242e+13 1.3463e+12 6.59903e+10 3.91788e+09 1.95622e+08 8.25041e+06 289557
2.64696e+06 9.22843e+07 2.82028e+09 7.53138e+10 1.53762e+12 2.32034e+13 1.85291e+15 6.69506e+15 1.37472e+16 2.17569e+16 2.93126e+16 3.51344e+16 3.82873e+16 3.82873e+16 3.51344e+16 2.93126e+16 2.17569e+16 1.37472e+16 6.69506e+15 1.85291e+15 2.32034e+13 1.53762e+12 7.53138e+10 2.82028e+09 9.22843e+07 2.64696e+06
1.52439e+07 6.43366e+08 2.58863e+10 1.04242e+12 4.22087e+13 2.03186e+15 1.76096e+17 6.13879e+17 1.24408e+18 1.95914e+18 2.63606e+18 3.16027e+18 3.44536e+18 3.44536e+18 3.16027e+18 2.63606e+18 1.95914e+18 1.24408e+18 6.13879e+17 1.76096e+17 2.03186e+15 4.22087e+13 1.04242e+12 2.58863e+10 6.43366e+08 1.52439e+07
4.50141e+07 1.98257e+09 8.3538e+10 3.52235e+12 1.48761e+14 7.34984e+15 6.16914e+17 2.14476e+18 4.34067e+18 6.82961e+18 9.184e+18 1.10063e+19 1.19971e+19 1.19971e+19 1.10063e+19 9.18399e+18 6.82961e+18 4.34067e+18 2.14476e+18 6.16914e+17 7.34984e+15 1.48761e+14 3.52235e+12 8.3538e+10 1.98257e+09 4.50141e+07
8.9735e+07 3.98773e+09 1.69406e+11 7.18994e+12 3.05056e+14 1.50853e+16 1.25176e+18 4.3461e+18 8.78719e+18 1.38138e+19 1.85624e+19 2.22339e+19 2.42287e+19 2.42287e+19 2.22339e+19 1.85624e+19 1.38138e+19 8.78719e+18 4.3461e+18 1.25176e+18 1.50853e+16 3.05056e+14 7.18994e+12 1.69406e+11 3.98773e+09 8.9735e+07
1.41359e+08 6.29249e+09 2.67667e+11 1.137e+13 4.82608e+14 2.38547e+16 1.97135e+18 6.83873e+18 1.3815e+19 2.16989e+19 2.91356e+19 3.48782e+19 3.79956e+19 3.79956e+19 3.48782e+19 2.91356e+19 2.16989e+19 1.3815e+19 6.83873e+18 1.97135e+18 2.38547e+16 4.82608e+14 1.137e+13 2.67667e+11 6.29249e+09 1.41359e+08
1.90399e+08 8.47645e+09 3.60563e+11 1.5314e+13 6.49869e+14 3.21095e+16 2.6514e+18 9.19274e+18 1.85571e+19 2.91248e+19 3.90788e+19 4.67561e+19 5.09202e+19 5.09202e+19 4.67561e+19 3.90788e+19 2.91248e+19 1.85571e+19 9.19274e+18 2.6514e+18 3.21095e+16 6.49869e+14 1.5314e+13 3.60563e+11 8.47645e+09 1.90399e+08
2.28328e+08 1.01632e+10 4.3221e+11 1.8352e+13 7.78554e+14 3.84575e+16 3.17711e+18 1.10117e+19 2.22175e+19 3.48496e+19 4.6735e+19 5.58933e+19 6.08575e+19 6.08575e+19 5.58933e+19 4.6735e+19 3.48496e+19 2.22175e+19 1.10117e+19 3.17711e+18 3.84575e+16 7.78554e+14 1.8352e+13 4.3221e+11 1.01632e+10 2.28328e+08
2.48914e+08 1.10779e+10 4.71033e+11 1.99968e+13 8.48171e+14 4.18906e+16 3.46264e+18 1.19994e+19 2.42037e+19 3.79533e+19 5.08825e+19 6.084e+19 6.62355e+19 6.62355e+19 6.084e+19 5.08825e+19 3.79533e+19 2.42037e+19 1.19994e+19 3.46264e+18 4.18906e+16 8.48171e+14 1.99968e+13 4.71033e+11 1.10779e+10 2.48914e+08
2.48914e+08 1.10779e+10 4.71033e+11 1.99968e+13 8.48171e+14 4.18906e+16 3.46264e+18 1.19994e+19 2.42037e+19 3.79533e+19 5.08825e+19 6.084e+19 6.62355e+19 6.62355e+19 6.084e+19 5.08825e+19 3.79533e+19 2.42037e+19 1.19994e+19 3.46264e+18 4.18906e+16 8.48171e+14 1.99968e+13 4.71033e+11 1.10779e+10 2.48914e+08
2.28328e+08 1.01632e+10 4.3221e+11 1.8352e+13 7.78554e+14 3.84575e+16 3.17711e+18 1.10117e+19 2.22175e+19 3.48496e+19 4.6735e+19 5.58933e+19 6.08575e+19 6.08575e+19 5.58933e+19 4.6735e+19 3.48496e+19 2.22175e+19 1.10117e+19 3.17711e+18 3.84575e+16 7.78554e+14 1.8352e+13 4.3221e+11 1.01632e+10 2.28328e+08
1.90399e+08 8.47645e+09 3.60563e+11 1.5314e+13 6.49869e+14 3.21095e+16 2.6514e+18 9.19274e+18 1.85571e+19 2.91248e+19 3.90788e+19 4.67561e+19 5.09202e+19 5.09202e+19 4.67561e+19 3.90788e+19 2.91248e+19 1.85571e+19 9.19274e+18 2.6514e+18 3.21095e+16 6.49869e+14 1.5314e+13 3.60563e+11 8.47645e+09 1.90399e+08
1.41359e+08 6.29249e+09 2.67667e+11 1.137e+13 4.82608e+14 2.38547e+16 1.97135e+18 6.83873e+18 1.3815e+19 2.16989e+19 2.91356e+19 3.48782e+19 3.79956e+19 3.79956e+19 3.48782e+19 2.91356e+19 2.16989e+19 1.3815e+19 6.83873e+18 1.97135e+18 2.38547e+16 4.82608e+14 1.137e+13 2.67667e+11 6.29249e+09 1.41359e+08
8.9735e+07 3.98773e+09 1.69406e+11 7.18994e+12 3.05056e+14 1.50853e+16 1.25176e+18 4.3461e+18 8.78719e+18 1.38138e+19 1.85624e+19 2.22339e+19 2.42287e+19 2.42287e+19 2.22339e+19 1.85624e+19 1.38138e+19 8.78719e+18 4.3461e+18 1.25176e+18 1.50853e+16 3.05056e+14 7.18994e+12 1.69406e+11 3.98773e+09 8.9735e+07
4.50141e+07 1.98257e+09 8.3538e+10 3.52235e+12 1.48761e+14 7.34984e+15 6.16914e+17 2.14476e+18 4.34067e+18 6.82961e+18 9.18399e+18 1.10063e+19 1.19971e+19 1.19971e+19 1.10063e+19 9.18399e+18 6.82961e+18 4.34067e+18 2.14476e+18 6.16914e+17 7.34984e+15 1.48761e+14 3.52235e+12 8.3538e+10 1.98257e+09 4.50141e+07
1.52439e+07 6.43366e+08 2.58863e+10 1.04242e+12 4.22087e+13 2.03186e+15 1.76096e+17 6.13879e+17 1.24408e+18 1.95914e+18 2.63606e+18 3.16027e+18 3.44536e+18 3.44536e+18 3.16027e+18 2.63606e+18 1.95914e+18 1.24408e+18 6.13879e+17 1.76096e+17 2.03186e+15 4.22087e+13 1.04242e+12 2.58863e+10 6.43366e+08 1.52439e+07
2.64696e+06 9.22843e+07 2.82028e+09 7.53138e+10 1.53762e+12 2.32034e+13 1.85291e+15 6.69506e+15 1.37472e+16 2.17569e+16 2.93126e+16 3.51344e+16 3.82873e+16 3.82873e+16 3.51344e+16 2.93126e+16 2.17569e+16 1.37472e+16 6.69506e+15 1.85291e+15 2.32034e+13 1.53762e+12 7.53138e+10 2.82028e+09 9.22843e+07 2.64696e+06
289557 8.25041e+06 1.95622e+08 3.91788e+09 6.59903e+10 1.3463e+12 3.7242e+13 1.31503e+14 2.7001e+14 4.27657e+14 5.76454e+14 6.91128e+14 7.53236e+14 7.53236e+14 6.91128e+14 5.76454e+14 4.27657e+14 2.7001e+14 1.31503e+14 3.7242e+13 1.3463e+12 6.59903e+10 3.91788e+09 1.95622e+08 8.25041e+06 289557
23826.1 577535 1.15997e+07 2.08369e+08 3.62009e+09 6.61213e+10 9.19602e+11 3.11292e+12 6.36215e+12 1.00722e+13 1.35793e+13 1.62851e+13 1.77517e+13 1.77517e+13 1.62851e+13 1.35793e+13 1.00722e+13 6.36215e+12 3.11292e+12 9.19602e+11 6.61213e+10 3.62009e+09 2.08369e+08 1.15997e+07 577535 23826.1
1651.16 35683.5 648916 1.09597e+07 1.75807e+08 2.47951e+09 2.28328e+10 7.38085e+10 1.49858e+11 2.3704e+11 3.19609e+11 3.8339e+11 4.17988e+11 4.17988e+11 3.8339e+11 3.19609e+11 2.3704e+11 1.49858e+11 7.38085e+10 2.28328e+10 2.47951e+09 1.75807e+08 1.09597e+07 648916 35683.5 1651.16
102.204 2031.14 34135.6 529007 7.33668e+06 8.11918e+07 5.6739e+08 1.7512e+09 3.52656e+09 5.57068e+09 7.51101e+09 9.0118e+09 9.82654e+09 9.82654e+09 9.0118e+09 7.51101e+09 5.57068e+09 3.52656e+09 1.7512e+09 5.6739e+08 8.11918e+07 7.33668e+06 529007 34135.6 2031.14 102.204
5.31295 98.7379 1535.83 21481.6 256314 2.32961e+06 1.34416e+07 3.97507e+07 7.93347e+07 1.25105e+08 1.68656e+08 2.02387e+08 2.20714e+08 2.20714e+08 2.02387e+08 1.68655e+08 1.25105e+08 7.93347e+07 3.97507e+07 1.34416e+07 2.32961e+06 256314 21481.6 1535.83 98.7379 5.31295
