0.000199471 0.00376074 0.0600078 0.867188 10.6813 99.4558 582.486 1739.76 3510.56 5604.51 7647.07 9265.29 10158.5 10158.5 9265.29 7647.07 5604.51 3510.56 1739.76 582.486 99.4558 10.6813 0.867188 0.0600078 0.00376074 0.000199471
0.00379964 0.0759974 1.30247 20.8901 301.634 3448.9 24559.4 76603.6 156061 249761 341089 413447 453392 453392 413447 341089 249761 156061 76603.6 24559.4 3448.9 301.634 20.8901 1.30247 0.0759974 0.00379964
0.061324 1.31964 24.1328 418.802 7056.38 104392 986282 3.2239e+06 6.62588e+06 1.06265e+07 1.45237e+07 1.7612e+07 1.93174e+07 1.93174e+07 1.7612e+07 1.45237e+07 1.06265e+07 6.62588e+06 3.2239e+06 986282 104392 7056.38 418.802 24.1328 1.31964 0.061324
0.895055 21.4426 425.719 7666.16 139134 2.73853e+06 3.96204e+07 1.35688e+08 2.80871e+08 4.51193e+08 6.17087e+08 7.48595e+08 8.21235e+08 8.21235e+08 7.48595e+08 6.17087e+08 4.51193e+08 2.80871e+08 1.35688e+08 3.96204e+07 2.73853e+06 139134 7666.16 425.719 21.4426 0.895055
11.1057 312.749 7280.56 142169 2.36677e+06 5.35904e+07 1.60021e+09 5.71869e+09 1.18987e+10 1.91373e+10 2.61893e+10 3.17822e+10 3.48725e+10 3.48725e+10 3.17822e+10 2.61893e+10 1.91373e+10 1.18987e+10 5.71869e+09 1.60021e+09 5.35904e+07 2.36677e+06 142169 7280.56 312.749 11.1057
103.94 3600.28 108764 2.84305e+06 5.51848e+07 7.81465e+08 7.84316e+10 2.87026e+11 5.97269e+11 9.59869e+11 1.31287e+12 1.59274e+12 1.74734e+12 1.74734e+12 1.59274e+12 1.31287e+12 9.59869e+11 5.97269e+11 2.87026e+11 7.84316e+10 7.81465e+08 5.51848e+07 2.84305e+06 108764 3600.28 103.94
610.892 25757.7 1.03444e+06 4.15575e+07 1.67864e+09 8.19124e+10 7.47306e+12 2.62179e+13 5.35283e+13 8.50391e+13 1.15432e+14 1.39371e+14 1.52545e+14 1.52545e+14 1.39371e+14 1.15432e+14 8.50391e+13 5.35283e+13 2.62179e+13 7.47306e+12 8.19124e+10 1.67864e+09 4.15575e+07 1.03444e+06 25757.7 610.892
1826.26 80423.5 3.38517e+06 1.42499e+08 6.0067e+09 3.00201e+11 2.62986e+13 9.19903e+13 1.87563e+14 2.97732e+14 4.0392e+14 4.87524e+14 5.33519e+14 5.33519e+14 4.87524e+14 4.0392e+14 2.97732e+14 1.87563e+14 9.19903e+13 2.62986e+13 3.00201e+11 6.0067e+09 1.42499e+08 3.38517e+06 80423.5 1826.26
3685.03 163841 6.95728e+06 2.94966e+08 1.24978e+10 6.24733e+11 5.37487e+13 1.87761e+14 3.82609e+14 6.07122e+14 8.23463e+14 9.9376e+14 1.08744e+15 1.08744e+15 9.9376e+14 8.23463e+14 6.07122e+14 3.82609e+14 1.87761e+14 5.37487e+13 6.24733e+11 1.24978e+10 2.94966e+08 6.95728e+06 163841 3685.03
5880.75 262108 1.11534e+07 4.73638e+08 2.00923e+10 1.00365e+12 8.54226e+13 2.98169e+14 6.07378e+14 9.63574e+14 1.30674e+15 1.57684e+15 1.72541e+15 1.72541e+15 1.57684e+15 1.30674e+15 9.63574e+14 6.07378e+14 2.98169e+14 8.54226e+13 1.00365e+12 2.00923e+10 4.73638e+08 1.11534e+07 262108 5880.75
8019.93 357765 1.52358e+07 6.47435e+08 2.74811e+10 1.37207e+12 1.15963e+14 4.04561e+14 8.23913e+14 1.30691e+15 1.77218e+15 2.13836e+15 2.33977e+15 2.33977e+15 2.13836e+15 1.77218e+15 1.30691e+15 8.23913e+14 4.04561e+14 1.15963e+14 1.37207e+12 2.74811e+10 6.47435e+08 1.52358e+07 357765 8019.93
9712.73 433463 1.8467e+07 7.85034e+08 3.33335e+10 1.66379e+12 1.40009e+14 4.88294e+14 9.94301e+14 1.57704e+15 2.13836e+15 2.58011e+15 2.82307e+15 2.82307e+15 2.58011e+15 2.13836e+15 1.57704e+15 9.94301e+14 4.88294e+14 1.40009e+14 1.66379e+12 3.33335e+10 7.85034e+08 1.8467e+07 433463 9712.73
10646.3 475217 2.02496e+07 8.60969e+08 3.65642e+10 1.8248e+12 1.53237e+14 5.34345e+14 1.088e+15 1.72559e+15 2.33971e+15 2.823e+15 3.08882e+15 3.08882e+15 2.823e+15 2.33971e+15 1.72559e+15 1.088e+15 5.34345e+14 1.53237e+14 1.8248e+12 3.65642e+10 8.60969e+08 2.02496e+07 475217 10646.3
10646.3 475217 2.02496e+07 8.60969e+08 3.65642e+10 1.8248e+12 1.53237e+14 5.34345e+14 1.088e+15 1.72559e+15 2.33971e+15 2.823e+15 3.08882e+15 3.08881e+15 2.823e+15 2.33971e+15 1.72559e+15 1.088e+15 5.34345e+14 1.53237e+14 1.8248e+12 3.65642e+10 8.60969e+08 2.02496e+07 475217 10646.3
9712.73 433463 1.8467e+07 7.85034e+08 3.33335e+10 1.66379e+12 1.40009e+14 4.88294e+14 9.94301e+14 1.57704e+15 2.13836e+15 2.58011e+15 2.82307e+15 2.82307e+15 2.58011e+15 2.13836e+15 1.57704e+15 9.94301e+14 4.88294e+14 1.40009e+14 1.66379e+12 3.33335e+10 7.85034e+08 1.8467e+07 433463 9712.73
8019.93 357765 1.52358e+07 6.47435e+08 2.74811e+10 1.37207e+12 1.15963e+14 4.04561e+14 8.23913e+14 1.30691e+15 1.77218e+15 2.13836e+15 2.33977e+15 2.33977e+15 2.13836e+15 1.77218e+15 1.30691e+15 8.23913e+14 4.04561e+14 1.15963e+14 1.37207e+12 2.74811e+10 6.47435e+08 1.52358e+07 357765 8019.93
5880.75 262108 1.11534e+07 4.73638e+08 2.00923e+10 1.00365e+12 8.54226e+13 2.98169e+14 6.07378e+14 9.63574e+14 1.30674e+15 1.57684e+15 1.72541e+15 1.72541e+15 1.57684e+15 1.30674e+15 9.63574e+14 6.07378e+14 2.98169e+14 8.54226e+13 1.00365e+12 2.00923e+10 4.73638e+08 1.11534e+07 262108 5880.75
3685.03 163841 6.95728e+06 2.94966e+08 1.24978e+10 6.24733e+11 5.37487e+13 1.87761e+14 3.82609e+14 6.07122e+14 8.23463e+14 9.9376e+14 1.08744e+15 1.08744e+15 9.9376e+14 8.23463e+14 6.07122e+14 3.82609e+14 1.87761e+14 5.37487e+13 6.24733e+11 1.24978e+10 2.94966e+08 6.95728e+06 163841 3685.03
1826.26 80423.5 3.38517e+06 1.42499e+08 6.0067e+09 3.00201e+11 2.62986e+13 9.19903e+13 1.87563e+14 2.97732e+14 4.0392e+14 4.87524e+14 5.33519e+14 5.33519e+14 4.87524e+14 4.0392e+14 2.97732e+14 1.87563e+14 9.19903e+13 2.62986e+13 3.00201e+11 6.0067e+09 1.42499e+08 3.38517e+06 80423.5 1826.26
610.892 25757.7 1.03444e+06 4.15575e+07 1.67864e+09 8.19124e+10 7.47306e+12 2.62179e+13 5.35283e+13 8.50391e+13 1.15432e+14 1.39371e+14 1.52545e+14 1.52545e+14 1.39371e+14 1.15432e+14 8.50391e+13 5.35283e+13 2.62179e+13 7.47306e+12 8.19124e+10 1.67864e+09 4.15575e+07 1.03444e+06 25757.7 610.892
103.94 3600.28 108764 2.84305e+06 5.51848e+07 7.81465e+08 7.84316e+10 2.87026e+11 5.97269e+11 9.59869e+11 1.31287e+12 1.59274e+12 1.74734e+12 1.74734e+12 1.59274e+12 1.31287e+12 9.59869e+11 5.97269e+11 2.87026e+11 7.84316e+10 7.81465e+08 5.51848e+07 2.84305e+06 108764 3600.28 103.94
11.1057 312.749 7280.56 142169 2.36677e+06 5.35904e+07 1.60021e+09 5.71869e+09 1.18987e+10 1.91373e+10 2.61893e+10 3.17822e+10 3.48725e+10 3.48725e+10 3.17822e+10 2.61893e+10 1.91373e+10 1.18987e+10 5.71869e+09 1.60021e+09 5.35904e+07 2.36677e+06 142169 7280.56 312.749 11.1057
0.895055 21.4426 425.719 7666.16 139134 2.73853e+06 3.96204e+07 1.35688e+08 2.80871e+08 4.51193e+08 6.17087e+08 7.48595e+08 8.21235e+08 8.21235e+08 7.48595e+08 6.17087e+08 4.51193e+08 2.80871e+08 1.35688e+08 3.96204e+07 2.73853e+06 139134 7666.16 425.719 21.4426 0.895054
0.061324 1.31964 24.1328 418.802 7056.38 104392 986282 3.2239e+06 6.62588e+06 1.06265e+07 1.45237e+07 1.7612e+07 1.93174e+07 1.93174e+07 1.7612e+07 1.45237e+07 1.06265e+07 6.62588e+06 3.2239e+06 986282 104392 7056.38 418.802 24.1328 1.31964 0.061324
0.00379964 0.0759974 1.30247 20.8901 301.634 3448.9 24559.4 76603.6 156061 249761 341089 413447 453392 453392 413447 341089 249761 156061 76603.6 24559.4 3448.9 301.634 20.8901 1.30247 0.0759974 0.00379964
0.000199471 0.00376074 0.0600078 0.867188 10.6813 99.4558 582.486 1739.76 3510.56 5604.51 7647.07 9265.29 10158.5 10158.5 9265.29 7647.07 5604.51 3510.56 1739.76 582.486 99.4558 10.6813 0.867188 0.0600078 0.00376074 0.000199471
