0.353043 6.67538 106.488 1534.74 18846.5 175137 1.02444e+06 3.05015e+06 6.11969e+06 9.69491e+06 1.31196e+07 1.57863e+07 1.72399e+07 1.72399e+07 1.57863e+07 1.31196e+07 9.69491e+06 6.11969e+06 3.05015e+06 1.02444e+06 175137 18846.5 1534.74 106.488 6.67538 0.353043
6.78312 136.484 2343.62 37485.5 538642 6.13596e+06 4.36135e+07 1.35624e+08 2.7474e+08 4.3626e+08 5.90747e+08 7.1095e+08 7.76451e+08 7.76451e+08 7.1095e+08 5.90747e+08 4.3626e+08 2.7474e+08 1.35624e+08 4.36135e+07 6.13596e+06 538642 37485.5 2343.62 136.484 6.78312
110.123 2392.14 44003.2 762957 1.27649e+07 1.87485e+08 1.76562e+09 5.75431e+09 1.17597e+10 1.87091e+10 2.53466e+10 3.05076e+10 3.33189e+10 3.33189e+10 3.05076e+10 2.53466e+10 1.87091e+10 1.17597e+10 5.75431e+09 1.76562e+09 1.87485e+08 1.27649e+07 762957 44003.2 2392.14 110.123
1610.5 39034 783016 1.41736e+07 2.55678e+08 4.96393e+09 7.13663e+10 2.43709e+11 5.01614e+11 7.99153e+11 1.08302e+12 1.30361e+12 1.42372e+12 1.42372e+12 1.30361e+12 1.08302e+12 7.99153e+11 5.01614e+11 2.43709e+11 7.13663e+10 4.96393e+09 2.55678e+08 1.41736e+07 783016 39034 1610.5
19964.9 568904 1.34026e+07 2.64846e+08 4.44049e+09 9.84042e+10 2.89546e+12 1.03194e+13 2.1349e+13 3.4044e+13 4.61462e+13 5.55452e+13 6.06605e+13 6.06605e+13 5.55452e+13 4.61462e+13 3.4044e+13 2.1349e+13 1.03194e+13 2.89546e+12 9.84042e+10 4.44049e+09 2.64846e+08 1.34026e+07 568904 19964.9
186435 6.52728e+06 1.9921e+08 5.26309e+09 1.03829e+11 1.49819e+12 1.42739e+14 5.21112e+14 1.07865e+15 1.71932e+15 2.32988e+15 2.80404e+15 3.0621e+15 3.0621e+15 2.80404e+15 2.32988e+15 1.71932e+15 1.07865e+15 5.21112e+14 1.42739e+14 1.49819e+12 1.03829e+11 5.26309e+09 1.9921e+08 6.52728e+06 186435
1.09266e+06 4.65209e+07 1.88346e+09 7.61372e+10 3.08944e+12 1.50694e+14 1.36098e+16 4.77548e+16 9.73559e+16 1.54156e+17 2.08367e+17 2.50618e+17 2.73687e+17 2.73687e+17 2.50618e+17 2.08367e+17 1.54156e+17 9.73559e+16 4.77548e+16 1.36098e+16 1.50694e+14 3.08944e+12 7.61372e+10 1.88346e+09 4.65209e+07 1.09266e+06
3.25317e+06 1.44669e+08 6.13894e+09 2.60038e+11 1.10126e+13 5.50717e+14 4.79106e+16 1.67641e+17 3.41372e+17 5.40233e+17 7.30026e+17 8.77965e+17 9.58755e+17 9.58755e+17 8.77965e+17 7.30026e+17 5.40233e+17 3.41372e+17 1.67641e+17 4.79106e+16 5.50717e+14 1.10126e+13 2.60038e+11 6.13894e+09 1.44669e+08 3.25317e+06
6.52156e+06 2.92814e+08 1.25349e+10 5.34748e+11 2.27623e+13 1.13922e+15 9.77349e+16 3.41597e+17 6.95233e+17 1.09988e+18 1.48602e+18 1.78697e+18 1.95132e+18 1.95132e+18 1.78697e+18 1.48602e+18 1.09988e+18 6.95233e+17 3.41597e+17 9.77349e+16 1.13922e+15 2.27623e+13 5.34748e+11 1.25349e+10 2.92814e+08 6.52156e+06
1.03192e+07 4.64386e+08 1.9917e+10 8.50823e+11 3.62486e+13 1.81366e+15 1.54712e+17 5.40458e+17 1.09963e+18 1.73927e+18 2.34949e+18 2.82502e+18 3.08469e+18 3.08469e+18 2.82502e+18 2.34949e+18 1.73927e+18 1.09963e+18 5.40458e+17 1.54712e+17 1.81366e+15 3.62486e+13 8.50823e+11 1.9917e+10 4.64386e+08 1.03192e+07
1.39468e+07 6.28015e+08 2.69467e+10 1.15144e+12 4.90636e+13 2.45435e+15 2.08983e+17 7.29888e+17 1.48479e+18 2.34811e+18 3.17153e+18 3.81311e+18 4.16339e+18 4.16339e+18 3.81311e+18 3.17153e+18 2.34811e+18 1.48479e+18 7.29888e+17 2.08983e+17 2.45435e+15 4.90636e+13 1.15144e+12 2.69467e+10 6.28015e+08 1.39468e+07
1.67642e+07 7.5499e+08 3.23974e+10 1.38436e+12 5.89859e+13 2.95038e+15 2.51194e+17 8.77256e+17 1.78442e+18 2.82167e+18 3.81082e+18 4.58141e+18 5.0021e+18 5.0021e+18 4.58141e+18 3.81082e+18 2.82167e+18 1.78442e+18 8.77256e+17 2.51194e+17 2.95038e+15 5.89859e+13 1.38436e+12 3.23974e+10 7.5499e+08 1.67642e+07
1.82972e+07 8.24048e+08 3.53604e+10 1.51092e+12 6.43742e+13 3.21974e+15 2.74208e+17 9.57619e+17 1.94781e+18 3.07989e+18 4.15938e+18 5.00027e+18 5.45932e+18 5.45932e+18 5.00027e+18 4.15938e+18 3.07989e+18 1.94781e+18 9.57619e+17 2.74208e+17 3.21974e+15 6.43742e+13 1.51092e+12 3.53604e+10 8.24048e+08 1.82972e+07
1.82972e+07 8.24048e+08 3.53604e+10 1.51092e+12 6.43742e+13 3.21974e+15 2.74208e+17 9.57619e+17 1.94781e+18 3.07989e+18 4.15938e+18 5.00027e+18 5.45932e+18 5.45932e+18 5.00027e+18 4.15938e+18 3.07989e+18 1.94781e+18 9.57619e+17 2.74208e+17 3.21974e+15 6.43742e+13 1.51092e+12 3.53604e+10 8.24048e+08 1.82972e+07
1.67642e+07 7.5499e+08 3.23974e+10 1.38436e+12 5.89859e+13 2.95038e+15 2.51194e+17 8.77256e+17 1.78442e+18 2.82167e+18 3.81082e+18 4.58141e+18 5.0021e+18 5.0021e+18 4.58141e+18 3.81082e+18 2.82167e+18 1.78442e+18 8.77256e+17 2.51194e+17 2.95038e+15 5.89859e+13 1.38436e+12 3.23974e+10 7.5499e+08 1.67642e+07
1.39468e+07 6.28015e+08 2.69467e+10 1.15144e+12 4.90636e+13 2.45435e+15 2.08983e+17 7.29888e+17 1.48479e+18 2.34811e+18 3.17153e+18 3.81311e+18 4.16339e+18 4.16339e+18 3.81311e+18 3.17153e+18 2.34811e+18 1.48479e+18 7.29888e+17 2.08983e+17 2.45435e+15 4.90636e+13 1.15144e+12 2.69467e+10 6.28015e+08 1.39468e+07
1.03192e+07 4.64386e+08 1.9917e+10 8.50823e+11 3.62486e+13 1.81366e+15 1.54712e+17 5.40458e+17 1.09963e+18 1.73927e+18 2.34949e+18 2.82502e+18 3.08469e+18 3.08469e+18 2.82502e+18 2.34949e+18 1.73927e+18 1.09963e+18 5.40458e+17 1.54712e+17 1.81366e+15 3.62486e+13 8.50823e+11 1.9917e+10 4.64386e+08 1.03192e+07
6.52156e+06 2.92814e+08 1.25349e+10 5.34748e+11 2.27623e+13 1.13922e+15 9.77349e+16 3.41597e+17 6.95233e+17 1.09988e+18 1.48602e+18 1.78697e+18 1.95132e+18 1.95132e+18 1.78697e+18 1.48602e+18 1.09988e+18 6.95233e+17 3.41597e+17 9.77349e+16 1.13922e+15 2.27623e+13 5.34748e+11 1.25349e+10 2.92814e+08 6.52156e+06
3.25317e+06 1.44669e+08 6.13894e+09 2.60038e+11 1.10126e+13 5.50717e+14 4.79106e+16 1.67641e+17 3.41372e+17 5.40233e+17 7.30026e+17 8.77965e+17 9.58755e+17 9.58755e+17 8.77965e+17 7.30026e+17 5.40233e+17 3.41372e+17 1.67641e+17 4.79106e+16 5.50717e+14 1.10126e+13 2.60038e+11 6.13894e+09 1.44669e+08 3.25317e+06
1.09266e+06 4.65209e+07 1.88346e+09 7.61372e+10 3.08944e+12 1.50694e+14 1.36098e+16 4.77548e+16 9.73559e+16 1.54156e+17 2.08367e+17 2.50618e+17 2.73687e+17 2.73687e+17 2.50618e+17 2.08367e+17 1.54156e+17 9.73559e+16 4.77548e+16 1.36098e+16 1.50694e+14 3.08944e+12 7.61372e+10 1.88346e+09 4.65209e+07 1.09266e+06
186435 6.52728e+06 1.9921e+08 5.26309e+09 1.03829e+11 1.49819e+12 1.42739e+14 5.21112e+14 1.07865e+15 1.71932e+15 2.32988e+15 2.80404e+15 3.0621e+15 3.0621e+15 2.80404e+15 2.32988e+15 1.71932e+15 1.07865e+15 5.21112e+14 1.42739e+14 1.49819e+12 1.03829e+11 5.26309e+09 1.9921e+08 6.52728e+06 186435
19964.9 568904 1.34026e+07 2.64846e+08 4.44049e+09 9.84042e+10 2.89546e+12 1.03194e+13 2.1349e+13 3.4044e+13 4.61462e+13 5.55452e+13 6.06605e+13 6.06605e+13 5.55452e+13 4.61462e+13 3.4044e+13 2.1349e+13 1.03194e+13 2.89546e+12 9.84042e+10 4.44049e+09 2.64846e+08 1.34026e+07 568904 19964.9
1610.5 39034 783016 1.41736e+07 2.55678e+08 4.96393e+09 7.13663e+10 2.43709e+11 5.01614e+11 7.99153e+11 1.08302e+12 1.30361e+12 1.42372e+12 1.42372e+12 1.30361e+12 1.08302e+12 7.99153e+11 5.01614e+11 2.43709e+11 7.13663e+10 4.96393e+09 2.55678e+08 1.41736e+07 783016 39034 1610.5
110.123 2392.14 44003.2 762957 1.27649e+07 1.87485e+08 1.76562e+09 5.75431e+09 1.17597e+10 1.87091e+10 2.53466e+10 3.05076e+10 3.33189e+10 3.33189e+10 3.05076e+10 2.53466e+10 1.87091e+10 1.17597e+10 5.75431e+09 1.76562e+09 1.87485e+08 1.27649e+07 762957 44003.2 2392.14 110.123
6.78312 136.484 2343.62 37485.5 538641 6.13596e+06 4.36135e+07 1.35624e+08 2.7474e+08 4.3626e+08 5.90747e+08 7.1095e+08 7.76451e+08 7.76451e+08 7.1095e+08 5.90747e+08 4.3626e+08 2.7474e+08 1.35624e+08 4.36135e+07 6.13596e+06 538642 37485.5 2343.62 136.484 6.78312
0.353043 6.67538 106.488 1534.74 18846.5 175137 1.02444e+06 3.05015e+06 6.11969e+06 9.69491e+06 1.31196e+07 1.57863e+07 1.72399e+07 1.72399e+07 1.57863e+07 1.31196e+07 9.69491e+06 6.11969e+06 3.05015e+06 1.02444e+06 175137 18846.5 1534.74 106.488 6.67538 0.353043
