0.00586579 0.110671 1.76662 25.5322 314.472 2927.79 17140.4 51121.6 102913 163816 222849 269349 294910 294910 269349 222849 163816 102913 51121.6 17140.4 2927.79 314.472 25.5322 1.76662 0.110671 0.00586579
0.111876 2.24009 38.4177 616.272 8897.13 101711 724028 2.25519e+06 4.58354e+06 7.31346e+06 9.95689e+06 1.20387e+07 1.31831e+07 1.31831e+07 1.20387e+07 9.95689e+06 7.31346e+06 4.58354e+06 2.25519e+06 724028 101711 8897.13 616.272 38.4177 2.24009 0.111876
1.80737 38.9513 713.139 12380.9 208544 3.08383e+06 2.91251e+07 9.50718e+07 1.94927e+08 3.11654e+08 4.24592e+08 5.13528e+08 5.62422e+08 5.62422e+08 5.13528e+08 4.24592e+08 3.11654e+08 1.94927e+08 9.50718e+07 2.91251e+07 3.08383e+06 208544 12380.9 713.139 38.9513 1.80737
26.3931 633.418 12596.7 227080 4.1207e+06 8.10263e+07 1.17165e+09 4.00713e+09 8.27444e+09 1.32497e+10 1.80613e+10 2.18505e+10 2.39339e+10 2.39339e+10 2.18505e+10 1.80613e+10 1.32497e+10 8.27444e+09 4.00713e+09 1.17165e+09 8.10263e+07 4.1207e+06 227080 12596.7 633.418 26.3931
327.525 9240.66 215518 4.21598e+06 7.02688e+07 1.58845e+09 4.73755e+10 1.69079e+11 3.50923e+11 5.62546e+11 7.67188e+11 9.28377e+11 1.01701e+12 1.01701e+12 9.28377e+11 7.67188e+11 5.62546e+11 3.50923e+11 1.69079e+11 4.73755e+10 1.58845e+09 7.02688e+07 4.21598e+06 215518 9240.66 327.525
3064.82 106356 3.21875e+06 8.42827e+07 1.63942e+09 2.32675e+10 2.32467e+12 8.49702e+12 1.76398e+13 2.82585e+13 3.8521e+13 4.66023e+13 5.10454e+13 5.10454e+13 4.66023e+13 3.8521e+13 2.82585e+13 1.76398e+13 8.49702e+12 2.32467e+12 2.32675e+10 1.63942e+09 8.42827e+07 3.21875e+06 106356 3064.82
18002.1 760475 3.05934e+07 1.23084e+09 4.97765e+10 2.43046e+12 2.21567e+14 7.77069e+14 1.58498e+15 2.51424e+15 3.40709e+15 4.10778e+15 4.49236e+15 4.49236e+15 4.10778e+15 3.40709e+15 2.51424e+15 1.58498e+15 7.77069e+14 2.21567e+14 2.43046e+12 4.97765e+10 1.23084e+09 3.05934e+07 760475 18002.1
53727.8 2.37056e+06 9.99539e+07 4.21371e+09 1.77832e+11 8.89492e+12 7.79386e+14 2.72558e+15 5.55247e+15 8.80168e+15 1.19222e+16 1.43706e+16 1.57143e+16 1.57143e+16 1.43706e+16 1.19222e+16 8.80168e+15 5.55248e+15 2.72558e+15 7.79386e+14 8.89492e+12 1.77832e+11 4.21371e+09 9.99539e+07 2.37056e+06 53727.8
108126 4.8165e+06 2.04871e+08 8.69815e+09 3.68962e+11 1.84616e+13 1.59099e+15 5.55708e+15 1.13148e+16 1.79305e+16 2.4283e+16 2.92668e+16 3.20017e+16 3.20017e+16 2.92668e+16 2.4283e+16 1.79305e+16 1.13148e+16 5.55708e+15 1.59099e+15 1.84616e+13 3.68962e+11 8.69815e+09 2.04871e+08 4.8165e+06 108126
171988 7.67946e+06 3.27303e+08 1.39172e+10 5.90985e+11 2.95535e+13 2.52401e+15 8.81008e+15 1.79328e+16 2.8413e+16 3.84751e+16 4.63684e+16 5.06999e+16 5.06999e+16 4.63684e+16 3.84751e+16 2.8413e+16 1.79328e+16 8.81008e+15 2.52401e+15 2.95535e+13 5.90985e+11 1.39172e+10 3.27303e+08 7.67946e+06 171988
233773 1.04463e+07 4.4552e+08 1.8954e+10 8.05222e+11 4.0251e+13 3.41961e+15 1.19315e+16 2.42822e+16 3.84688e+16 5.20882e+16 6.27716e+16 6.86339e+16 6.86339e+16 6.27716e+16 5.20882e+16 3.84688e+16 2.42822e+16 1.19315e+16 3.41961e+15 4.0251e+13 8.05222e+11 1.8954e+10 4.4552e+08 1.04463e+07 233773
282354 1.26212e+07 5.38437e+08 2.29129e+10 9.73626e+11 4.86583e+13 4.12175e+15 1.43782e+16 2.92588e+16 4.63499e+16 6.27568e+16 7.56263e+16 8.26881e+16 8.26881e+16 7.56263e+16 6.27568e+16 4.63499e+16 2.92588e+16 1.43782e+16 4.12175e+15 4.86583e+13 9.73626e+11 2.29129e+10 5.38437e+08 1.26212e+07 282354
309026 1.38153e+07 5.89451e+08 2.50866e+10 1.06609e+12 5.32741e+13 4.50682e+15 1.572e+16 3.19878e+16 5.06716e+16 6.8607e+16 8.26751e+16 9.03945e+16 9.03945e+16 8.26751e+16 6.8607e+16 5.06716e+16 3.19878e+16 1.572e+16 4.50682e+15 5.32741e+13 1.06609e+12 2.50866e+10 5.89451e+08 1.38153e+07 309026
309026 1.38153e+07 5.89451e+08 2.50866e+10 1.06609e+12 5.32741e+13 4.50682e+15 1.572e+16 3.19878e+16 5.06716e+16 6.8607e+16 8.26751e+16 9.03945e+16 9.03945e+16 8.26751e+16 6.8607e+16 5.06716e+16 3.19878e+16 1.572e+16 4.50682e+15 5.32741e+13 1.06609e+12 2.50866e+10 5.89451e+08 1.38153e+07 309026
282354 1.26212e+07 5.38437e+08 2.29129e+10 9.73626e+11 4.86583e+13 4.12175e+15 1.43782e+16 2.92588e+16 4.63499e+16 6.27568e+16 7.56263e+16 8.26881e+16 8.26881e+16 7.56263e+16 6.27568e+16 4.63499e+16 2.92588e+16 1.43782e+16 4.12175e+15 4.86583e+13 9.73626e+11 2.29129e+10 5.38437e+08 1.26212e+07 282354
233773 1.04463e+07 4.4552e+08 1.8954e+10 8.05222e+11 4.0251e+13 3.41961e+15 1.19315e+16 2.42822e+16 3.84688e+16 5.20882e+16 6.27716e+16 6.86339e+16 6.86339e+16 6.27716e+16 5.20882e+16 3.84688e+16 2.42822e+16 1.19315e+16 3.41961e+15 4.0251e+13 8.05222e+11 1.8954e+10 4.4552e+08 1.04463e+07 233773
171988 7.67946e+06 3.27303e+08 1.39172e+10 5.90985e+11 2.95535e+13 2.52401e+15 8.81008e+15 1.79328e+16 2.8413e+16 3.84751e+16 4.63684e+16 5.06999e+16 5.06999e+16 4.63684e+16 3.84751e+16 2.8413e+16 1.79328e+16 8.81008e+15 2.52401e+15 2.95535e+13 5.90985e+11 1.39172e+10 3.27303e+08 7.67946e+06 171988
108126 4.8165e+06 2.04871e+08 8.69815e+09 3.68962e+11 1.84616e+13 1.59099e+15 5.55708e+15 1.13148e+16 1.79305e+16 2.4283e+16 2.92668e+16 3.20017e+16 3.20017e+16 2.92668e+16 2.4283e+16 1.79305e+16 1.13148e+16 5.55708e+15 1.59099e+15 1.84616e+13 3.68962e+11 8.69815e+09 2.04871e+08 4.8165e+06 108126
53727.8 2.37056e+06 9.99539e+07 4.21371e+09 1.77832e+11 8.89492e+12 7.79386e+14 2.72558e+15 5.55248e+15 8.80168e+15 1.19222e+16 1.43706e+16 1.57143e+16 1.57143e+16 1.43706e+16 1.19222e+16 8.80168e+15 5.55247e+15 2.72558e+15 7.79386e+14 8.89492e+12 1.77832e+11 4.21371e+09 9.99539e+07 2.37056e+06 53727.8
18002.1 760475 3.05934e+07 1.23084e+09 4.97765e+10 2.43046e+12 2.21567e+14 7.77069e+14 1.58498e+15 2.51424e+15 3.40709e+15 4.10778e+15 4.49236e+15 4.49236e+15 4.10778e+15 3.40709e+15 2.51424e+15 1.58498e+15 7.77069e+14 2.21567e+14 2.43046e+12 4.97765e+10 1.23084e+09 3.05934e+07 760475 18002.1
3064.82 106356 3.21875e+06 8.42827e+07 1.63942e+09 2.32675e+10 2.32467e+12 8.49702e+12 1.76398e+13 2.82585e+13 3.8521e+13 4.66023e+13 5.10454e+13 5.10454e+13 4.66023e+13 3.8521e+13 2.82585e+13 1.76398e+13 8.49702e+12 2.32467e+12 2.32675e+10 1.63942e+09 8.42827e+07 3.21875e+06 106356 3064.82
327.525 9240.66 215518 4.21598e+06 7.02688e+07 1.58845e+09 4.73755e+10 1.69079e+11 3.50923e+11 5.62546e+11 7.67188e+11 9.28377e+11 1.01701e+12 1.01701e+12 9.28377e+11 7.67188e+11 5.62546e+11 3.50923e+11 1.69079e+11 4.73755e+10 1.58845e+09 7.02688e+07 4.21598e+06 215518 9240.66 327.525
26.3931 633.418 12596.7 227080 4.1207e+06 8.10263e+07 1.17165e+09 4.00713e+09 8.27444e+09 1.32497e+10 1.80613e+10 2.18505e+10 2.39339e+10 2.39339e+10 2.18505e+10 1.80613e+10 1.32497e+10 8.27444e+09 4.00713e+09 1.17165e+09 8.10263e+07 4.1207e+06 227080 12596.7 633.418 26.3931
1.80737 38.9513 713.139 12380.9 208544 3.08383e+06 2.91251e+07 9.50718e+07 1.94927e+08 3.11654e+08 4.24592e+08 5.13528e+08 5.62422e+08 5.62422e+08 5.13528e+08 4.24592e+08 3.11654e+08 1.94927e+08 9.50718e+07 2.91251e+07 3.08383e+06 208544 12380.9 713.139 38.9513 1.80737
0.111876 2.24009 38.4177 616.272 8897.13 101711 724028 2.25519e+06 4.58354e+06 7.31346e+06 9.95689e+06 1.20387e+07 1.31831e+07 1.31831e+07 1.20387e+07 9.95689e+06 7.31346e+06 4.58354e+06 2.25519e+06 724028 101711 8897.13 616.272 38.4177 2.24009 0.111876
0.00586579 0.110671 1.76662 25.5322 314.472 2927.79 17140.4 51121.6 102913 163816 222849 269349 294910 294910 269349 222849 163816 102913 51121.6 17140.4 2927.79 314.472 25.5322 1.76662 0.110671 0.00586579
