1.01542e-05 0.000189909 0.0029963 0.0427454 0.520025 4.79174 27.8182 82.2949 164.239 259.268 350.241 421.215 460 460 421.215 350.241 259.268 164.239 82.2949 27.8182 4.79174 0.520025 0.0427454 0.0029963 0.000189909 1.01542e-05
0.000193232 0.00384177 0.0651967 1.03166 14.681 165.803 1169.6 3612.01 7274.21 11505.3 15549.1 18702.2 20424.9 20424.9 18702.2 15549.1 11505.3 7274.21 3612.01 1169.6 165.803 14.681 1.03166 0.0651967 0.00384177 0.000193232
0.00310723 0.0666609 1.21171 20.7833 344.301 5013.5 46869.2 151627 307886 487724 659364 793141 866222 866222 793141 659364 487724 307886 151627 46869.2 5013.5 344.301 20.7833 1.21171 0.0666609 0.00310723
0.0450339 1.07791 21.3765 383.041 6843.19 131690 1.88037e+06 6.37069e+06 1.30213e+07 2.06492e+07 2.79221e+07 3.35892e+07 3.66849e+07 3.66849e+07 3.35892e+07 2.79221e+07 2.06492e+07 1.30213e+07 6.37069e+06 1.88037e+06 131690 6843.19 383.041 21.3765 1.07791 0.0450339
0.553468 15.5757 362.982 7110.13 118281 2.59666e+06 7.59149e+07 2.68254e+08 5.50795e+08 8.74012e+08 1.18201e+09 1.42197e+09 1.55305e+09 1.55305e+09 1.42197e+09 1.18201e+09 8.74012e+08 5.50795e+08 2.68254e+08 7.59149e+07 2.59666e+06 118281 7110.13 362.982 15.5757 0.553468
5.12627 177.252 5353.4 140319 2.7535e+06 3.95507e+07 3.73453e+09 1.35083e+10 2.77352e+10 4.39754e+10 5.94421e+10 7.14901e+10 7.80705e+10 7.80705e+10 7.14901e+10 5.94421e+10 4.39754e+10 2.77352e+10 1.35083e+10 3.73453e+09 3.95507e+07 2.7535e+06 140319 5353.4 177.252 5.12627
29.8216 1253.84 50245.9 2.01593e+06 8.13942e+07 3.95782e+09 3.55849e+11 1.23895e+12 2.50671e+12 3.94596e+12 5.31336e+12 6.37747e+12 6.95852e+12 6.95852e+12 6.37747e+12 5.31336e+12 3.94596e+12 2.50671e+12 1.23895e+12 3.55849e+11 3.95782e+09 8.13942e+07 2.01593e+06 50245.9 1253.84 29.8216
88.2406 3873.2 162603 6.83236e+06 2.87718e+08 1.43339e+10 1.24328e+12 4.31819e+12 8.72877e+12 1.37342e+13 1.8489e+13 2.21891e+13 2.42094e+13 2.42094e+13 2.21891e+13 1.8489e+13 1.37342e+13 8.72877e+12 4.31819e+12 1.24328e+12 1.43339e+10 2.87718e+08 6.83236e+06 162603 3873.2 88.2406
176.033 7796.97 330030 1.39586e+07 5.90481e+08 2.94248e+10 2.51778e+12 8.73698e+12 1.7655e+13 2.77746e+13 3.7387e+13 4.48669e+13 4.89511e+13 4.89511e+13 4.48669e+13 3.7387e+13 2.77746e+13 1.7655e+13 8.73698e+12 2.51778e+12 2.94248e+10 5.90481e+08 1.39586e+07 330030 7796.97 176.033
277.708 12323.9 522444 2.212e+07 9.36301e+08 4.6627e+10 3.96402e+12 1.37496e+13 2.77798e+13 4.36994e+13 5.88206e+13 7.05872e+13 7.70121e+13 7.70121e+13 7.05872e+13 5.88206e+13 4.36994e+13 2.77798e+13 1.37496e+13 3.96402e+12 4.6627e+10 9.36301e+08 2.212e+07 522444 12323.9 277.708
374.898 16643.9 705796 2.98887e+07 1.26528e+09 6.29836e+10 5.33694e+12 1.85077e+13 3.739e+13 5.88145e+13 7.91643e+13 9.49994e+13 1.03646e+14 1.03646e+14 9.49994e+13 7.91643e+13 5.88145e+13 3.739e+13 1.85077e+13 5.33694e+12 6.29836e+10 1.26528e+09 2.98887e+07 705796 16643.9 374.898
450.621 20007.6 848496 3.59333e+07 1.5212e+09 7.57058e+10 6.40448e+12 2.22073e+13 4.48624e+13 7.05673e+13 9.49826e+13 1.13981e+14 1.24355e+14 1.24355e+14 1.13981e+14 9.49826e+13 7.05673e+13 4.48624e+13 2.22073e+13 6.40448e+12 7.57058e+10 1.5212e+09 3.59333e+07 848496 20007.6 450.621
491.962 21843.7 926376 3.92317e+07 1.66084e+09 8.26475e+10 6.98705e+12 2.42263e+13 4.89403e+13 7.69811e+13 1.03615e+14 1.2434e+14 1.35657e+14 1.35657e+14 1.2434e+14 1.03615e+14 7.69811e+13 4.89403e+13 2.42263e+13 6.98704e+12 8.26475e+10 1.66084e+09 3.92317e+07 926376 21843.7 491.962
491.962 21843.7 926376 3.92317e+07 1.66084e+09 8.26475e+10 6.98704e+12 2.42263e+13 4.89403e+13 7.69811e+13 1.03615e+14 1.2434e+14 1.35657e+14 1.35657e+14 1.2434e+14 1.03615e+14 7.69811e+13 4.89403e+13 2.42263e+13 6.98705e+12 8.26475e+10 1.66084e+09 3.92317e+07 926376 21843.7 491.962
450.621 20007.6 848496 3.59333e+07 1.5212e+09 7.57058e+10 6.40448e+12 2.22073e+13 4.48624e+13 7.05673e+13 9.49826e+13 1.13981e+14 1.24355e+14 1.24355e+14 1.13981e+14 9.49826e+13 7.05673e+13 4.48624e+13 2.22073e+13 6.40448e+12 7.57058e+10 1.5212e+09 3.59333e+07 848496 20007.6 450.621
374.898 16643.9 705796 2.98887e+07 1.26528e+09 6.29836e+10 5.33694e+12 1.85077e+13 3.739e+13 5.88145e+13 7.91643e+13 9.49994e+13 1.03646e+14 1.03646e+14 9.49994e+13 7.91643e+13 5.88145e+13 3.739e+13 1.85077e+13 5.33694e+12 6.29836e+10 1.26528e+09 2.98887e+07 705796 16643.9 374.898
277.708 12323.9 522444 2.212e+07 9.36301e+08 4.6627e+10 3.96402e+12 1.37496e+13 2.77798e+13 4.36994e+13 5.88206e+13 7.05872e+13 7.70121e+13 7.70121e+13 7.05872e+13 5.88206e+13 4.36994e+13 2.77798e+13 1.37496e+13 3.96402e+12 4.6627e+10 9.36301e+08 2.212e+07 522444 12323.9 277.708
176.033 7796.97 330030 1.39586e+07 5.90481e+08 2.94248e+10 2.51778e+12 8.73698e+12 1.7655e+13 2.77746e+13 3.7387e+13 4.48669e+13 4.89511e+13 4.89511e+13 4.48669e+13 3.7387e+13 2.77746e+13 1.7655e+13 8.73698e+12 2.51778e+12 2.94248e+10 5.90481e+08 1.39586e+07 330030 7796.97 176.033
88.2405 3873.2 162603 6.83236e+06 2.87718e+08 1.43339e+10 1.24328e+12 4.31819e+12 8.72877e+12 1.37342e+13 1.8489e+13 2.21891e+13 2.42094e+13 2.42094e+13 2.21891e+13 1.8489e+13 1.37342e+13 8.72877e+12 4.31819e+12 1.24328e+12 1.43339e+10 2.87718e+08 6.83236e+06 162603 3873.2 88.2405
29.8216 1253.84 50245.9 2.01593e+06 8.13942e+07 3.95782e+09 3.55849e+11 1.23895e+12 2.50671e+12 3.94596e+12 5.31336e+12 6.37747e+12 6.95852e+12 6.95852e+12 6.37747e+12 5.31336e+12 3.94596e+12 2.50671e+12 1.23895e+12 3.55849e+11 3.95782e+09 8.13942e+07 2.01593e+06 50245.9 1253.84 29.8216
5.12627 177.252 5353.4 140319 2.7535e+06 3.95507e+07 3.73453e+09 1.35083e+10 2.77352e+10 4.39754e+10 5.94421e+10 7.14901e+10 7.80705e+10 7.80705e+10 7.14901e+10 5.94421e+10 4.39754e+10 2.77352e+10 1.35083e+10 3.73453e+09 3.95507e+07 2.7535e+06 140319 5353.4 177.252 5.12627
0.553468 15.5757 362.982 7110.13 118281 2.59666e+06 7.59149e+07 2.68254e+08 5.50795e+08 8.74012e+08 1.18201e+09 1.42197e+09 1.55305e+09 1.55305e+09 1.42197e+09 1.18201e+09 8.74012e+08 5.50795e+08 2.68254e+08 7.59149e+07 2.59666e+06 118281 7110.13 362.982 15.5757 0.553468
0.0450339 1.07791 21.3765 383.041 6843.19 131690 1.88037e+06 6.37069e+06 1.30213e+07 2.06492e+07 2.79221e+07 3.35892e+07 3.66849e+07 3.66849e+07 3.35892e+07 2.79221e+07 2.06492e+07 1.30213e+07 6.37069e+06 1.88037e+06 131690 6843.19 383.041 21.3765 1.07791 0.0450339
0.00310723 0.0666609 1.21171 20.7833 344.301 5013.5 46869.2 151627 307886 487724 659364 793141 866222 866222 793141 659364 487724 307886 151627 46869.2 5013.5 344.301 20.7833 1.21171 0.0666609 0.00310723
0.000193232 0.00384177 0.0651967 1.03166 14.681 165.803 1169.6 3612.01 7274.21 11505.3 15549.1 18702.2 20424.9 20424.9 18702.2 15549.1 11505.3 7274.21 3612.01 1169.6 165.803 14.681 1.03166 0.0651967 0.00384177 0.000193232
1.01542e-05 0.000189909 0.0029963 0.0427454 0.520025 4.79174 27.8182 82.2949 164.239 259.268 350.241 421.215 460 460 421.215 350.241 259.268 164.239 82.2949 27.8182 4.79174 0.520025 0.0427454 0.0029963 0.000189909 1.01542e-05
