0.016127 0.304095 4.85022 70.0311 861.737 8016.19 46892.9 139720 280932 446611 606846 732821 801983 801983 732821 606846 446611 280932 139720 46892.9 8016.19 861.737 70.0311 4.85022 0.304095 0.016127
0.307537 6.15517 105.487 1690.51 24379.5 278437 1.98045e+06 6.16236e+06 1.25089e+07 1.99326e+07 2.71043e+07 3.27411e+07 3.58358e+07 3.58358e+07 3.27411e+07 2.71043e+07 1.99326e+07 1.25089e+07 6.16236e+06 1.98045e+06 278437 24379.5 1690.51 105.487 6.15517 0.307537
4.96648 107.012 1958.4 33972.3 571533 8.44154e+06 7.96569e+07 2.59747e+08 5.31867e+08 8.49185e+08 1.15546e+09 1.39615e+09 1.5283e+09 1.5283e+09 1.39615e+09 1.15546e+09 8.49185e+08 5.31867e+08 2.59747e+08 7.96569e+07 8.44154e+06 571533 33972.3 1958.4 107.012 4.96648
72.4808 1739.39 34589 623341 1.12992e+07 2.21821e+08 3.20431e+09 1.0947e+10 2.25741e+10 3.60954e+10 4.9139e+10 5.93896e+10 6.50177e+10 6.50177e+10 5.93896e+10 4.9139e+10 3.60954e+10 2.25741e+10 1.0947e+10 3.20431e+09 2.21821e+08 1.12992e+07 623341 34589 1739.39 72.4808
898.734 25355.3 591412 1.15723e+07 1.92885e+08 4.35102e+09 1.2957e+11 4.619e+11 9.57312e+11 1.53232e+12 2.08691e+12 2.52279e+12 2.76213e+12 2.76213e+12 2.52279e+12 2.08691e+12 1.53232e+12 9.57312e+11 4.619e+11 1.2957e+11 4.35102e+09 1.92885e+08 1.15723e+07 591412 25355.3 898.734
8402.54 291554 8.82352e+06 2.31095e+08 4.49884e+09 6.39283e+10 6.35984e+12 2.32195e+13 4.81354e+13 7.69973e+13 1.04819e+14 1.26681e+14 1.38684e+14 1.38684e+14 1.26681e+14 1.04819e+14 7.69973e+13 4.81354e+13 2.32195e+13 6.35984e+12 6.39283e+10 4.49884e+09 2.31095e+08 8.82352e+06 291554 8402.54
49309.1 2.08264e+06 8.37742e+07 3.37032e+09 1.36304e+11 6.65446e+12 6.06087e+14 2.12412e+15 4.32863e+15 6.85995e+15 9.28803e+15 1.11909e+16 1.22344e+16 1.22344e+16 1.11909e+16 9.28803e+15 6.85995e+15 4.32863e+15 2.12412e+15 6.06087e+14 6.65446e+12 1.36304e+11 3.37032e+09 8.37742e+07 2.08264e+06 49309.1
147003 6.48467e+06 2.73385e+08 1.15241e+10 4.86348e+11 2.4324e+13 2.1304e+15 7.44538e+15 1.51546e+16 2.4001e+16 3.24838e+16 3.91307e+16 4.27753e+16 4.27753e+16 3.91307e+16 3.24838e+16 2.4001e+16 1.51546e+16 7.44538e+15 2.1304e+15 2.4324e+13 4.86348e+11 1.15241e+10 2.73385e+08 6.48467e+06 147003
295451 1.31576e+07 5.5955e+08 2.37535e+10 1.00752e+12 5.04082e+13 4.34462e+15 1.51661e+16 3.08544e+16 4.88521e+16 6.61074e+16 7.96272e+16 8.70401e+16 8.70401e+16 7.96272e+16 6.61074e+16 4.88521e+16 3.08544e+16 1.51661e+16 4.34462e+15 5.04082e+13 1.00752e+12 2.37535e+10 5.5955e+08 1.31576e+07 295451
469303 2.09484e+07 8.92601e+08 3.79469e+10 1.61118e+12 8.05651e+13 6.88532e+15 2.40202e+16 4.88544e+16 7.73397e+16 1.04647e+17 1.26042e+17 1.37773e+17 1.37773e+17 1.26042e+17 1.04647e+17 7.73397e+16 4.88544e+16 2.40202e+16 6.88533e+15 8.05651e+13 1.61118e+12 3.79469e+10 8.92601e+08 2.09484e+07 469303
637090 2.84585e+07 1.21334e+09 5.16072e+10 2.19202e+12 1.09569e+14 9.31966e+15 3.25013e+16 6.60941e+16 1.04622e+17 1.41554e+17 1.70488e+17 1.86353e+17 1.86353e+17 1.70488e+17 1.41554e+17 1.04622e+17 6.60941e+16 3.25013e+16 9.31966e+15 1.09569e+14 2.19202e+12 5.16072e+10 1.21334e+09 2.84585e+07 637090
768747 3.43495e+07 1.46488e+09 6.23195e+10 2.64752e+12 1.32309e+14 1.12252e+16 3.91396e+16 7.95871e+16 1.25974e+17 1.70437e+17 2.05272e+17 2.24371e+17 2.24371e+17 2.05272e+17 1.70437e+17 1.25974e+17 7.95871e+16 3.91396e+16 1.12252e+16 1.32309e+14 2.64752e+12 6.23195e+10 1.46488e+09 3.43495e+07 768747
840930 3.75791e+07 1.60278e+09 6.81921e+10 2.89723e+12 1.44775e+14 1.22692e+16 4.27764e+16 8.69794e+16 1.37671e+17 1.86261e+17 2.24328e+17 2.45198e+17 2.45198e+17 2.24328e+17 1.86261e+17 1.37671e+17 8.69793e+16 4.27764e+16 1.22692e+16 1.44775e+14 2.89723e+12 6.81921e+10 1.60278e+09 3.75791e+07 840930
840930 3.75791e+07 1.60278e+09 6.81921e+10 2.89723e+12 1.44775e+14 1.22692e+16 4.27764e+16 8.69793e+16 1.37671e+17 1.86261e+17 2.24328e+17 2.45198e+17 2.45198e+17 2.24328e+17 1.86261e+17 1.37671e+17 8.69794e+16 4.27764e+16 1.22692e+16 1.44775e+14 2.89723e+12 6.81921e+10 1.60278e+09 3.75791e+07 840930
768747 3.43495e+07 1.46488e+09 6.23195e+10 2.64752e+12 1.32309e+14 1.12252e+16 3.91396e+16 7.95871e+16 1.25974e+17 1.70437e+17 2.05272e+17 2.24371e+17 2.24371e+17 2.05272e+17 1.70437e+17 1.25974e+17 7.95871e+16 3.91396e+16 1.12252e+16 1.32309e+14 2.64752e+12 6.23195e+10 1.46488e+09 3.43495e+07 768747
637090 2.84585e+07 1.21334e+09 5.16072e+10 2.19202e+12 1.09569e+14 9.31966e+15 3.25013e+16 6.60941e+16 1.04622e+17 1.41554e+17 1.70488e+17 1.86353e+17 1.86353e+17 1.70488e+17 1.41554e+17 1.04622e+17 6.60941e+16 3.25013e+16 9.31966e+15 1.09569e+14 2.19202e+12 5.16072e+10 1.21334e+09 2.84585e+07 637090
469303 2.09484e+07 8.92601e+08 3.79469e+10 1.61118e+12 8.05651e+13 6.88532e+15 2.40202e+16 4.88544e+16 7.73397e+16 1.04647e+17 1.26042e+17 1.37773e+17 1.37773e+17 1.26042e+17 1.04647e+17 7.73397e+16 4.88544e+16 2.40202e+16 6.88532e+15 8.05651e+13 1.61118e+12 3.79469e+10 8.92601e+08 2.09484e+07 469303
295451 1.31576e+07 5.5955e+08 2.37535e+10 1.00752e+12 5.04082e+13 4.34462e+15 1.51661e+16 3.08544e+16 4.88521e+16 6.61074e+16 7.96272e+16 8.70401e+16 8.70401e+16 7.96272e+16 6.61074e+16 4.88521e+16 3.08544e+16 1.51661e+16 4.34462e+15 5.04082e+13 1.00752e+12 2.37535e+10 5.5955e+08 1.31576e+07 295451
147003 6.48467e+06 2.73385e+08 1.15241e+10 4.86348e+11 2.4324e+13 2.1304e+15 7.44538e+15 1.51546e+16 2.4001e+16 3.24838e+16 3.91307e+16 4.27753e+16 4.27753e+16 3.91307e+16 3.24838e+16 2.4001e+16 1.51546e+16 7.44538e+15 2.1304e+15 2.4324e+13 4.86348e+11 1.15241e+10 2.73385e+08 6.48467e+06 147003
49309.1 2.08264e+06 8.37742e+07 3.37032e+09 1.36304e+11 6.65446e+12 6.06087e+14 2.12412e+15 4.32863e+15 6.85995e+15 9.28803e+15 1.11909e+16 1.22344e+16 1.22344e+16 1.11909e+16 9.28803e+15 6.85995e+15 4.32863e+15 2.12412e+15 6.06087e+14 6.65446e+12 1.36304e+11 3.37032e+09 8.37742e+07 2.08264e+06 49309.1
8402.54 291554 8.82352e+06 2.31095e+08 4.49884e+09 6.39283e+10 6.35984e+12 2.32195e+13 4.81354e+13 7.69973e+13 1.04819e+14 1.26681e+14 1.38684e+14 1.38684e+14 1.26681e+14 1.04819e+14 7.69973e+13 4.81354e+13 2.32195e+13 6.35984e+12 6.39283e+10 4.49884e+09 2.31095e+08 8.82352e+06 291554 8402.54
898.734 25355.3 591412 1.15723e+07 1.92885e+08 4.35102e+09 1.2957e+11 4.619e+11 9.57312e+11 1.53232e+12 2.08691e+12 2.52279e+12 2.76213e+12 2.76213e+12 2.52279e+12 2.08691e+12 1.53232e+12 9.57312e+11 4.619e+11 1.2957e+11 4.35102e+09 1.92885e+08 1.15723e+07 591412 25355.3 898.734
72.4808 1739.39 34589 623341 1.12992e+07 2.21821e+08 3.20431e+09 1.0947e+10 2.25741e+10 3.60954e+10 4.9139e+10 5.93896e+10 6.50177e+10 6.50177e+10 5.93896e+10 4.9139e+10 3.60954e+10 2.25741e+10 1.0947e+10 3.20431e+09 2.21821e+08 1.12992e+07 623341 34589 1739.39 72.4808
4.96648 107.012 1958.4 33972.3 571533 8.44154e+06 7.96569e+07 2.59747e+08 5.31867e+08 8.49185e+08 1.15546e+09 1.39615e+09 1.5283e+09 1.5283e+09 1.39615e+09 1.15546e+09 8.49185e+08 5.31867e+08 2.59747e+08 7.96569e+07 8.44154e+06 571533 33972.3 1958.4 107.012 4.96648
0.307537 6.15517 105.487 1690.51 24379.5 278437 1.98045e+06 6.16236e+06 1.25089e+07 1.99326e+07 2.71043e+07 3.27411e+07 3.58358e+07 3.58358e+07 3.27411e+07 2.71043e+07 1.99326e+07 1.25089e+07 6.16236e+06 1.98045e+06 278437 24379.5 1690.51 105.487 6.15517 0.307537
0.016127 0.304095 4.85022 70.0311 861.737 8016.19 46892.9 139720 280932 446611 606846 732821 801983 801983 732821 606846 446611 280932 139720 46892.9 8016.19 861.737 70.0311 4.85022 0.304095 0.016127
