1.07069 20.2105 320.77 4591.35 55997.3 517448 3.01268e+06 8.91976e+06 1.777e+07 2.79337e+07 3.75263e+07 4.4899e+07 4.88825e+07 4.88825e+07 4.4899e+07 3.75263e+07 2.79337e+07 1.777e+07 8.91976e+06 3.01268e+06 517448 55997.3 4591.35 320.77 20.2105 1.07069
20.6335 415.637 7110.83 112916 1.60877e+06 1.81942e+07 1.28639e+08 3.97704e+08 7.99732e+08 1.25962e+09 1.69269e+09 2.0251e+09 2.20455e+09 2.20455e+09 2.0251e+09 1.69269e+09 1.25962e+09 7.99732e+08 3.97704e+08 1.28639e+08 1.81942e+07 1.60877e+06 112916 7110.83 415.637 20.6335
335 7302.44 134205 2.31328e+06 3.83091e+07 5.57089e+08 5.21321e+09 1.68877e+10 3.42467e+10 5.40214e+10 7.26017e+10 8.68434e+10 9.45253e+10 9.45253e+10 8.68434e+10 7.26017e+10 5.40214e+10 3.42467e+10 1.68877e+10 5.21321e+09 5.57089e+08 3.83091e+07 2.31328e+06 134205 7302.44 335
4885.49 118998 2.39291e+06 4.32671e+07 7.73336e+08 1.47925e+10 2.10876e+11 7.15594e+11 1.461e+12 2.30683e+12 3.10002e+12 3.70718e+12 4.03439e+12 4.03439e+12 3.70718e+12 3.10002e+12 2.30683e+12 1.461e+12 7.15594e+11 2.10876e+11 1.47925e+10 7.73336e+08 4.32671e+07 2.39291e+06 118998 4885.49
60274.7 1.72598e+06 4.08161e+07 8.10117e+08 1.3603e+10 2.9534e+11 8.56313e+12 3.03199e+13 6.21972e+13 9.82539e+13 1.3201e+14 1.57816e+14 1.7171e+14 1.7171e+14 1.57816e+14 1.3201e+14 9.82539e+13 6.21972e+13 3.03199e+13 8.56313e+12 2.9534e+11 1.3603e+10 8.10117e+08 4.08161e+07 1.72598e+06 60274.7
559727 1.96731e+07 6.01986e+08 1.59662e+10 3.17928e+11 4.64172e+12 4.23559e+14 1.53606e+15 3.15264e+15 4.97828e+15 6.68722e+15 7.99389e+15 8.69755e+15 8.69755e+15 7.99389e+15 6.68722e+15 4.97828e+15 3.15264e+15 1.53606e+15 4.23559e+14 4.64172e+12 3.17928e+11 1.59662e+10 6.01986e+08 1.96731e+07 559727
3.26183e+06 1.39283e+08 5.64489e+09 2.28355e+11 9.27387e+12 4.51507e+14 4.03756e+16 1.41091e+17 2.86071e+17 4.5024e+17 6.05153e+17 7.24718e+17 7.8958e+17 7.8958e+17 7.24718e+17 6.05153e+17 4.5024e+17 2.86071e+17 1.41091e+17 4.03756e+16 4.51507e+14 9.27387e+12 2.28355e+11 5.64489e+09 1.39283e+08 3.26183e+06
9.6524e+06 4.30396e+08 1.82772e+10 7.74541e+11 3.28206e+13 1.63882e+15 1.41583e+17 4.93458e+17 9.99431e+17 1.57216e+18 2.1126e+18 2.5298e+18 2.75618e+18 2.75618e+18 2.5298e+18 2.1126e+18 1.57216e+18 9.99431e+17 4.93458e+17 1.41583e+17 1.63882e+15 3.28206e+13 7.74541e+11 1.82772e+10 4.30396e+08 9.6524e+06
1.92085e+07 8.64501e+08 3.70219e+10 1.57948e+12 6.72451e+13 3.36071e+15 2.87195e+17 9.99908e+17 2.02387e+18 3.1821e+18 4.27444e+18 5.11738e+18 5.57465e+18 5.57465e+18 5.11738e+18 4.27444e+18 3.1821e+18 2.02387e+18 9.99909e+17 2.87195e+17 3.36071e+15 6.72451e+13 1.57948e+12 3.70219e+10 8.64501e+08 1.92085e+07
3.01537e+07 1.35972e+09 5.8314e+10 2.49015e+12 1.06063e+14 5.29919e+15 4.51741e+17 1.57204e+18 3.18039e+18 4.99821e+18 6.71138e+18 8.03265e+18 8.74913e+18 8.74913e+18 8.03265e+18 6.71138e+18 4.99821e+18 3.18039e+18 1.57204e+18 4.51741e+17 5.29919e+15 1.06063e+14 2.49015e+12 5.8314e+10 1.35972e+09 3.01537e+07
4.0453e+07 1.82461e+09 7.82553e+10 3.34125e+12 1.42276e+14 7.10708e+15 6.06582e+17 2.11049e+18 4.26826e+18 6.70532e+18 9.00049e+18 1.07696e+19 1.17286e+19 1.17286e+19 1.07696e+19 9.00049e+18 6.70532e+18 4.26826e+18 2.11049e+18 6.06582e+17 7.10708e+15 1.42276e+14 3.34125e+12 7.82553e+10 1.82461e+09 4.0453e+07
4.83471e+07 2.1804e+09 9.34941e+10 3.99069e+12 1.69869e+14 8.48459e+15 7.2577e+17 2.52508e+18 5.10559e+18 8.01855e+18 1.07604e+19 1.28729e+19 1.40177e+19 1.40177e+19 1.28729e+19 1.07604e+19 8.01855e+18 5.10559e+18 2.52508e+18 7.2577e+17 8.48459e+15 1.69869e+14 3.99069e+12 9.34941e+10 2.1804e+09 4.83471e+07
5.26038e+07 2.37209e+09 1.01696e+11 4.3399e+12 1.8469e+14 9.22454e+15 7.90301e+17 2.74961e+18 5.55898e+18 8.72937e+18 1.17127e+19 1.40106e+19 1.52557e+19 1.52557e+19 1.40106e+19 1.17127e+19 8.72937e+18 5.55898e+18 2.74961e+18 7.90301e+17 9.22454e+15 1.8469e+14 4.3399e+12 1.01696e+11 2.37209e+09 5.26038e+07
5.26038e+07 2.37209e+09 1.01696e+11 4.3399e+12 1.8469e+14 9.22454e+15 7.90301e+17 2.74961e+18 5.55898e+18 8.72937e+18 1.17127e+19 1.40106e+19 1.52557e+19 1.52557e+19 1.40106e+19 1.17127e+19 8.72937e+18 5.55898e+18 2.74961e+18 7.90301e+17 9.22454e+15 1.8469e+14 4.3399e+12 1.01696e+11 2.37209e+09 5.26038e+07
4.83471e+07 2.1804e+09 9.34941e+10 3.99069e+12 1.69869e+14 8.48459e+15 7.2577e+17 2.52508e+18 5.10559e+18 8.01855e+18 1.07604e+19 1.28729e+19 1.40177e+19 1.40177e+19 1.28729e+19 1.07604e+19 8.01855e+18 5.10559e+18 2.52508e+18 7.2577e+17 8.48459e+15 1.69869e+14 3.99069e+12 9.34941e+10 2.1804e+09 4.83471e+07
4.0453e+07 1.82461e+09 7.82553e+10 3.34125e+12 1.42276e+14 7.10708e+15 6.06582e+17 2.11049e+18 4.26826e+18 6.70532e+18 9.00049e+18 1.07696e+19 1.17286e+19 1.17286e+19 1.07696e+19 9.00049e+18 6.70532e+18 4.26826e+18 2.11049e+18 6.06582e+17 7.10708e+15 1.42276e+14 3.34125e+12 7.82553e+10 1.82461e+09 4.0453e+07
3.01537e+07 1.35972e+09 5.8314e+10 2.49015e+12 1.06063e+14 5.29919e+15 4.51741e+17 1.57204e+18 3.18039e+18 4.99821e+18 6.71138e+18 8.03265e+18 8.74913e+18 8.74913e+18 8.03265e+18 6.71138e+18 4.99821e+18 3.18039e+18 1.57204e+18 4.51741e+17 5.29919e+15 1.06063e+14 2.49015e+12 5.8314e+10 1.35972e+09 3.01537e+07
1.92085e+07 8.64501e+08 3.70219e+10 1.57948e+12 6.72451e+13 3.36071e+15 2.87195e+17 9.99909e+17 2.02387e+18 3.1821e+18 4.27444e+18 5.11738e+18 5.57465e+18 5.57465e+18 5.11738e+18 4.27444e+18 3.1821e+18 2.02387e+18 9.99908e+17 2.87195e+17 3.36071e+15 6.72451e+13 1.57948e+12 3.70219e+10 8.64501e+08 1.92085e+07
9.6524e+06 4.30396e+08 1.82772e+10 7.74541e+11 3.28206e+13 1.63882e+15 1.41583e+17 4.93458e+17 9.99431e+17 1.57216e+18 2.1126e+18 2.5298e+18 2.75618e+18 2.75618e+18 2.5298e+18 2.1126e+18 1.57216e+18 9.99431e+17 4.93458e+17 1.41583e+17 1.63882e+15 3.28206e+13 7.74541e+11 1.82772e+10 4.30396e+08 9.6524e+06
3.26183e+06 1.39283e+08 5.64489e+09 2.28355e+11 9.27387e+12 4.51507e+14 4.03756e+16 1.41091e+17 2.86071e+17 4.5024e+17 6.05153e+17 7.24718e+17 7.8958e+17 7.8958e+17 7.24718e+17 6.05153e+17 4.5024e+17 2.86071e+17 1.41091e+17 4.03756e+16 4.51507e+14 9.27387e+12 2.28355e+11 5.64489e+09 1.39283e+08 3.26183e+06
559727 1.96731e+07 6.01986e+08 1.59662e+10 3.17928e+11 4.64172e+12 4.23559e+14 1.53606e+15 3.15264e+15 4.97828e+15 6.68722e+15 7.99389e+15 8.69755e+15 8.69755e+15 7.99389e+15 6.68722e+15 4.97828e+15 3.15264e+15 1.53606e+15 4.23559e+14 4.64172e+12 3.17928e+11 1.59662e+10 6.01986e+08 1.96731e+07 559727
60274.7 1.72598e+06 4.08161e+07 8.10117e+08 1.3603e+10 2.9534e+11 8.56313e+12 3.03199e+13 6.21972e+13 9.82539e+13 1.3201e+14 1.57816e+14 1.7171e+14 1.7171e+14 1.57816e+14 1.3201e+14 9.82539e+13 6.21972e+13 3.03199e+13 8.56313e+12 2.9534e+11 1.3603e+10 8.10117e+08 4.08161e+07 1.72598e+06 60274.7
4885.49 118998 2.39291e+06 4.32671e+07 7.73336e+08 1.47925e+10 2.10876e+11 7.15594e+11 1.461e+12 2.30683e+12 3.10002e+12 3.70718e+12 4.03439e+12 4.03439e+12 3.70718e+12 3.10002e+12 2.30683e+12 1.461e+12 7.15594e+11 2.10876e+11 1.47925e+10 7.73336e+08 4.32671e+07 2.39291e+06 118998 4885.49
335 7302.44 134205 2.31328e+06 3.83091e+07 5.57089e+08 5.21321e+09 1.68877e+10 3.42467e+10 5.40214e+10 7.26017e+10 8.68434e+10 9.45253e+10 9.45253e+10 8.68434e+10 7.26017e+10 5.40214e+10 3.42467e+10 1.68877e+10 5.21321e+09 5.57089e+08 3.83091e+07 2.31328e+06 134205 7302.44 335
20.6335 415.637 7110.83 112916 1.60877e+06 1.81942e+07 1.28639e+08 3.97704e+08 7.99732e+08 1.25962e+09 1.69269e+09 2.0251e+09 2.20455e+09 2.20455e+09 2.0251e+09 1.69269e+09 1.25962e+09 7.99732e+08 3.97704e+08 1.28639e+08 1.81942e+07 1.60877e+06 112916 7110.83 415.637 20.6335
1.07069 20.2105 320.77 4591.35 55997.3 517448 3.01268e+06 8.91976e+06 1.777e+07 2.79337e+07 3.75263e+07 4.4899e+07 4.88825e+07 4.88825e+07 4.4899e+07 3.75263e+07 2.79337e+07 1.777e+07 8.91976e+06 3.01268e+06 517448 55997.3 4591.35 320.77 20.2105 1.07069
