4.58751e-07 8.59442e-06 0.000135969 0.00194619 0.0237517 0.219401 1.27593 3.78021 7.55677 11.9498 16.1683 19.4682 21.2746 21.2746 19.4682 16.1683 11.9498 7.55677 3.78021 1.27593 0.219401 0.0237517 0.00194619 0.000135969 8.59442e-06 4.5875e-07
8.72491e-06 0.000173633 0.00295316 0.0468937 0.66993 7.58998 53.6488 165.936 334.749 530.407 718.01 864.694 944.984 944.984 864.694 718.01 530.407 334.749 165.936 53.6488 7.58998 0.66993 0.0468937 0.00295316 0.000173633 8.72491e-06
0.000140337 0.00301063 0.0547763 0.942244 15.6834 229.387 2149.87 6966.16 14170.2 22489.1 30455.5 36682.3 40090.5 40090.5 36682.3 30455.5 22489.1 14170.2 6966.16 2149.87 229.387 15.6834 0.942244 0.0547763 0.00301063 0.000140337
0.00203681 0.0487157 0.96547 17.3117 310.63 6018.53 86247.5 292688 599338 952279 1.28998e+06 1.5539e+06 1.69835e+06 1.69835e+06 1.5539e+06 1.28998e+06 952279 599338 292688 86247.5 6018.53 310.63 17.3117 0.96547 0.0487157 0.00203681
0.0250886 0.705488 16.4194 321.014 5337.05 118303 3.48163e+06 1.23238e+07 2.53523e+07 4.03108e+07 5.4617e+07 6.57975e+07 7.19172e+07 7.19172e+07 6.57975e+07 5.4617e+07 4.03108e+07 2.53523e+07 1.23238e+07 3.48163e+06 118303 5337.05 321.014 16.4194 0.705488 0.0250886
0.23295 8.05181 242.997 6358.95 124255 1.77524e+06 1.71064e+08 6.19867e+08 1.27515e+09 2.02586e+09 2.74339e+09 3.30402e+09 3.61085e+09 3.61085e+09 3.30402e+09 2.74339e+09 2.02586e+09 1.27515e+09 6.19867e+08 1.71064e+08 1.77524e+06 124255 6358.95 242.997 8.05181 0.23295
1.35821 57.1093 2288.61 91818.1 3.70685e+06 1.80465e+08 1.63002e+10 5.68115e+10 1.15081e+11 1.81381e+11 2.44512e+11 2.93734e+11 3.20645e+11 3.20645e+11 2.93734e+11 2.44512e+11 1.81381e+11 1.15081e+11 5.68115e+10 1.63002e+10 1.80465e+08 3.70685e+06 91818.1 2288.61 57.1093 1.35821
4.02588 176.734 7420.22 311799 1.31299e+07 6.548e+08 5.70019e+10 1.98172e+11 4.01035e+11 6.31756e+11 8.51393e+11 1.02262e+12 1.11622e+12 1.11622e+12 1.02262e+12 8.51393e+11 6.31757e+11 4.01035e+11 1.98172e+11 5.70019e+10 6.548e+08 1.31299e+07 311799 7420.22 176.734 4.02588
8.04586 356.443 15089.9 638293 2.70026e+07 1.34691e+09 1.15576e+11 4.01423e+11 8.1205e+11 1.27899e+12 1.72346e+12 2.06994e+12 2.25935e+12 2.25935e+12 2.06994e+12 1.72346e+12 1.27899e+12 8.1205e+11 4.01423e+11 1.15576e+11 1.34691e+09 2.70026e+07 638293 15089.9 356.443 8.04586
12.7166 564.479 23935.4 1.01359e+06 4.29095e+07 2.13886e+09 1.82205e+11 6.32531e+11 1.27933e+12 2.01476e+12 2.71477e+12 3.26044e+12 3.55874e+12 3.55874e+12 3.26044e+12 2.71477e+12 2.01476e+12 1.27933e+12 6.32531e+11 1.82205e+11 2.13886e+09 4.29095e+07 1.01359e+06 23935.4 564.479 12.7166
17.1959 763.681 32394.3 1.37217e+06 5.81003e+07 2.89477e+09 2.45611e+11 8.52414e+11 1.72387e+12 2.71472e+12 3.65781e+12 4.39296e+12 4.79484e+12 4.79484e+12 4.39296e+12 3.65781e+12 2.71472e+12 1.72387e+12 8.52414e+11 2.45611e+11 2.89477e+09 5.81003e+07 1.37217e+06 32394.3 763.681 17.1959
20.6957 919.244 38997.9 1.65205e+06 6.99563e+07 3.48462e+09 2.95016e+11 1.02373e+12 2.07021e+12 3.26003e+12 4.39249e+12 5.27525e+12 5.75783e+12 5.75782e+12 5.27525e+12 4.39249e+12 3.26003e+12 2.07021e+12 1.02373e+12 2.95016e+11 3.48462e+09 6.99563e+07 1.65205e+06 38997.9 919.244 20.6957
22.61 1004.32 42609.1 1.8051e+06 7.64397e+07 3.80716e+09 3.22013e+11 1.11734e+12 2.25946e+12 3.558e+12 4.79394e+12 5.75736e+12 6.28403e+12 6.28403e+12 5.75736e+12 4.79395e+12 3.558e+12 2.25946e+12 1.11734e+12 3.22013e+11 3.80716e+09 7.64398e+07 1.8051e+06 42609.1 1004.32 22.61
22.61 1004.32 42609.1 1.8051e+06 7.64398e+07 3.80716e+09 3.22013e+11 1.11734e+12 2.25946e+12 3.558e+12 4.79395e+12 5.75736e+12 6.28403e+12 6.28403e+12 5.75736e+12 4.79394e+12 3.558e+12 2.25946e+12 1.11734e+12 3.22013e+11 3.80716e+09 7.64397e+07 1.8051e+06 42609.1 1004.32 22.61
20.6957 919.244 38997.9 1.65205e+06 6.99563e+07 3.48462e+09 2.95016e+11 1.02373e+12 2.07021e+12 3.26003e+12 4.39249e+12 5.27525e+12 5.75782e+12 5.75783e+12 5.27525e+12 4.39249e+12 3.26003e+12 2.07021e+12 1.02373e+12 2.95016e+11 3.48462e+09 6.99563e+07 1.65205e+06 38997.9 919.244 20.6957
17.1959 763.681 32394.3 1.37217e+06 5.81003e+07 2.89477e+09 2.45611e+11 8.52414e+11 1.72387e+12 2.71472e+12 3.65781e+12 4.39296e+12 4.79484e+12 4.79484e+12 4.39296e+12 3.65781e+12 2.71472e+12 1.72387e+12 8.52414e+11 2.45611e+11 2.89477e+09 5.81003e+07 1.37217e+06 32394.3 763.681 17.1959
12.7166 564.479 23935.4 1.01359e+06 4.29095e+07 2.13886e+09 1.82205e+11 6.32531e+11 1.27933e+12 2.01476e+12 2.71477e+12 3.26044e+12 3.55874e+12 3.55874e+12 3.26044e+12 2.71477e+12 2.01476e+12 1.27933e+12 6.32531e+11 1.82205e+11 2.13886e+09 4.29095e+07 1.01359e+06 23935.4 564.479 12.7166
8.04586 356.443 15089.9 638293 2.70026e+07 1.34691e+09 1.15576e+11 4.01423e+11 8.1205e+11 1.27899e+12 1.72346e+12 2.06994e+12 2.25935e+12 2.25935e+12 2.06994e+12 1.72346e+12 1.27899e+12 8.1205e+11 4.01423e+11 1.15576e+11 1.34691e+09 2.70026e+07 638293 15089.9 356.443 8.04586
4.02588 176.734 7420.22 311799 1.31299e+07 6.548e+08 5.70019e+10 1.98172e+11 4.01035e+11 6.31757e+11 8.51393e+11 1.02262e+12 1.11622e+12 1.11622e+12 1.02262e+12 8.51393e+11 6.31756e+11 4.01035e+11 1.98172e+11 5.70019e+10 6.548e+08 1.31299e+07 311799 7420.22 176.734 4.02588
1.35821 57.1093 2288.61 91818.1 3.70685e+06 1.80465e+08 1.63002e+10 5.68115e+10 1.15081e+11 1.81381e+11 2.44512e+11 2.93734e+11 3.20645e+11 3.20645e+11 2.93734e+11 2.44512e+11 1.81381e+11 1.15081e+11 5.68115e+10 1.63002e+10 1.80465e+08 3.70685e+06 91818.1 2288.61 57.1093 1.35821
0.23295 8.05181 242.997 6358.95 124255 1.77524e+06 1.71064e+08 6.19867e+08 1.27515e+09 2.02586e+09 2.74339e+09 3.30402e+09 3.61085e+09 3.61085e+09 3.30402e+09 2.74339e+09 2.02586e+09 1.27515e+09 6.19867e+08 1.71064e+08 1.77524e+06 124255 6358.95 242.997 8.05181 0.23295
0.0250886 0.705488 16.4194 321.014 5337.05 118303 3.48163e+06 1.23238e+07 2.53523e+07 4.03108e+07 5.4617e+07 6.57975e+07 7.19172e+07 7.19172e+07 6.57975e+07 5.46169e+07 4.03108e+07 2.53523e+07 1.23238e+07 3.48163e+06 118303 5337.05 321.014 16.4194 0.705488 0.0250886
0.00203681 0.0487157 0.96547 17.3117 310.63 6018.53 86247.5 292688 599338 952279 1.28998e+06 1.5539e+06 1.69835e+06 1.69835e+06 1.5539e+06 1.28998e+06 952279 599338 292688 86247.5 6018.53 310.63 17.3117 0.96547 0.0487157 0.00203681
0.000140337 0.00301063 0.0547763 0.942244 15.6834 229.387 2149.87 6966.16 14170.2 22489.1 30455.5 36682.3 40090.5 40090.5 36682.3 30455.5 22489.1 14170.2 6966.16 2149.87 229.387 15.6834 0.942244 0.0547763 0.00301063 0.000140337
8.72491e-06 0.000173633 0.00295316 0.0468937 0.66993 7.58998 53.6488 165.936 334.749 530.407 718.01 864.694 944.984 944.984 864.694 718.01 530.407 334.749 165.936 53.6488 7.58998 0.66993 0.0468937 0.00295316 0.000173633 8.7249e-06
4.58751e-07 8.59442e-06 0.000135969 0.00194619 0.0237517 0.219401 1.27593 3.78021 7.55677 11.9498 16.1683 19.4682 21.2746 21.2746 19.4682 16.1683 11.9498 7.55677 3.78021 1.27593 0.219401 0.0237517 0.00194619 0.000135969 8.59442e-06 4.5875e-07
