20.7628 383.883 5927 82151.4 970697 8.73603e+06 4.98516e+07 1.44988e+08 2.83199e+08 4.36176e+08 5.75204e+08 6.78607e+08 7.33238e+08 7.33238e+08 6.78607e+08 5.75204e+08 4.36176e+08 2.83199e+08 1.44988e+08 4.98516e+07 8.73603e+06 970697 82151.4 5927 383.883 20.7628
398.52 7890.33 131795 2.02476e+06 2.77922e+07 3.04383e+08 2.10424e+09 6.38466e+09 1.25723e+10 1.93766e+10 2.55311e+10 3.0093e+10 3.24979e+10 3.24979e+10 3.0093e+10 2.55311e+10 1.93766e+10 1.25723e+10 6.38466e+09 2.10424e+09 3.04383e+08 2.77922e+07 2.02476e+06 131795 7890.33 398.52
6412.12 138295 2.50546e+06 4.20203e+07 6.6691e+08 9.29722e+09 8.47042e+10 2.69045e+11 5.33619e+11 8.22568e+11 1.08267e+12 1.27479e+12 1.37584e+12 1.37584e+12 1.27479e+12 1.08267e+12 8.22568e+11 5.33619e+11 2.69045e+11 8.47042e+10 9.29722e+09 6.6691e+08 4.20203e+07 2.50546e+06 138295 6412.12
91962.8 2.22763e+06 4.46928e+07 8.00313e+08 1.37821e+10 2.48239e+11 3.41424e+12 1.13493e+13 2.26342e+13 3.48777e+13 4.58492e+13 5.39247e+13 5.81622e+13 5.81622e+13 5.39247e+13 4.58492e+13 3.48777e+13 2.26342e+13 1.13493e+13 3.41424e+12 2.48239e+11 1.37821e+10 8.00313e+08 4.46928e+07 2.22763e+06 91962.8
1.10886e+06 3.1589e+07 7.49256e+08 1.50205e+10 2.52737e+11 5.07616e+12 1.38468e+14 4.79769e+14 9.60121e+14 1.47822e+15 1.94053e+15 2.27963e+15 2.45713e+15 2.45713e+15 2.27963e+15 1.94053e+15 1.47822e+15 9.60121e+14 4.79769e+14 1.38468e+14 5.07616e+12 2.52737e+11 1.50205e+10 7.49256e+08 3.1589e+07 1.10886e+06
1.00429e+07 3.50067e+08 1.07019e+10 2.86228e+11 5.87187e+12 8.91275e+13 6.91651e+15 2.45239e+16 4.90885e+16 7.55443e+16 9.9163e+16 1.16505e+17 1.25591e+17 1.25591e+17 1.16505e+17 9.9163e+16 7.55443e+16 4.90885e+16 2.45239e+16 6.91651e+15 8.91275e+13 5.87187e+12 2.86228e+11 1.07019e+10 3.50067e+08 1.00429e+07
5.71787e+07 2.41301e+09 9.71132e+10 3.91358e+12 1.58681e+14 7.64051e+15 6.56736e+17 2.26107e+18 4.50488e+18 6.96354e+18 9.21073e+18 1.08999e+19 1.18004e+19 1.18004e+19 1.08999e+19 9.21073e+18 6.96354e+18 4.50488e+18 2.26107e+18 6.56736e+17 7.64051e+15 1.58681e+14 3.91358e+12 9.71132e+10 2.41301e+09 5.71787e+07
1.66028e+08 7.30876e+09 3.07881e+11 1.29832e+13 5.48654e+14 2.71137e+16 2.27095e+18 7.79942e+18 1.55168e+19 2.39593e+19 3.16648e+19 3.74506e+19 4.0533e+19 4.0533e+19 3.74506e+19 3.16648e+19 2.39593e+19 1.55168e+19 7.79942e+18 2.27095e+18 2.71137e+16 5.48654e+14 1.29832e+13 3.07881e+11 7.30876e+09 1.66028e+08
3.23913e+08 1.43747e+10 6.09891e+11 2.58599e+13 1.09656e+15 5.42238e+16 4.52471e+18 1.55177e+19 3.08189e+19 4.74999e+19 6.26714e+19 7.40287e+19 8.00669e+19 8.00669e+19 7.40287e+19 6.26714e+19 4.74999e+19 3.08189e+19 1.55177e+19 4.52471e+18 5.42238e+16 1.09656e+15 2.58599e+13 6.09891e+11 1.43747e+10 3.23913e+08
4.98395e+08 2.21321e+10 9.39169e+11 3.98061e+13 1.68644e+15 8.33334e+16 6.98482e+18 2.39294e+19 4.74384e+19 7.29629e+19 9.60792e+19 1.1332e+20 1.22463e+20 1.22463e+20 1.1332e+20 9.60792e+19 7.29629e+19 4.74384e+19 2.39294e+19 6.98482e+18 8.33334e+16 1.68644e+15 3.98061e+13 9.39169e+11 2.21321e+10 4.98395e+08
6.56723e+08 2.91376e+10 1.23509e+12 5.22817e+13 2.21186e+15 1.09234e+17 9.22289e+18 3.15718e+19 6.24853e+19 9.59186e+19 1.26074e+20 1.48483e+20 1.60338e+20 1.60338e+20 1.48483e+20 1.26074e+20 9.59186e+19 6.24853e+19 3.15718e+19 9.22289e+18 1.09234e+17 2.21186e+15 5.22817e+13 1.23509e+12 2.91376e+10 6.56723e+08
7.74325e+08 3.43231e+10 1.45335e+12 6.14507e+13 2.59665e+15 1.28191e+17 1.08979e+19 3.72857e+19 7.37014e+19 1.12966e+20 1.48268e+20 1.74428e+20 1.8824e+20 1.8824e+20 1.74428e+20 1.48268e+20 1.12966e+20 7.37014e+19 3.72857e+19 1.08979e+19 1.28191e+17 2.59665e+15 6.14507e+13 1.45335e+12 3.43231e+10 7.74325e+08
8.36402e+08 3.70542e+10 1.56803e+12 6.62571e+13 2.79787e+15 1.38101e+17 1.17881e+19 4.03205e+19 7.96465e+19 1.2198e+20 1.59973e+20 1.88085e+20 2.02911e+20 2.02911e+20 1.88085e+20 1.59973e+20 1.2198e+20 7.96465e+19 4.03205e+19 1.17881e+19 1.38101e+17 2.79787e+15 6.62571e+13 1.56803e+12 3.70542e+10 8.36402e+08
8.36402e+08 3.70542e+10 1.56803e+12 6.62571e+13 2.79787e+15 1.38101e+17 1.17881e+19 4.03205e+19 7.96465e+19 1.2198e+20 1.59973e+20 1.88085e+20 2.02911e+20 2.02911e+20 1.88085e+20 1.59973e+20 1.2198e+20 7.96465e+19 4.03205e+19 1.17881e+19 1.38101e+17 2.79787e+15 6.62571e+13 1.56803e+12 3.70542e+10 8.36402e+08
7.74325e+08 3.43231e+10 1.45335e+12 6.14507e+13 2.59665e+15 1.28191e+17 1.08979e+19 3.72857e+19 7.37014e+19 1.12966e+20 1.48268e+20 1.74428e+20 1.8824e+20 1.8824e+20 1.74428e+20 1.48268e+20 1.12966e+20 7.37014e+19 3.72857e+19 1.08979e+19 1.28191e+17 2.59665e+15 6.14507e+13 1.45335e+12 3.43231e+10 7.74325e+08
6.56723e+08 2.91376e+10 1.23509e+12 5.22817e+13 2.21186e+15 1.09234e+17 9.22289e+18 3.15718e+19 6.24853e+19 9.59186e+19 1.26074e+20 1.48483e+20 1.60338e+20 1.60338e+20 1.48483e+20 1.26074e+20 9.59186e+19 6.24853e+19 3.15718e+19 9.22289e+18 1.09234e+17 2.21186e+15 5.22817e+13 1.23509e+12 2.91376e+10 6.56723e+08
4.98395e+08 2.21321e+10 9.39169e+11 3.98061e+13 1.68644e+15 8.33334e+16 6.98482e+18 2.39294e+19 4.74384e+19 7.29629e+19 9.60792e+19 1.1332e+20 1.22463e+20 1.22463e+20 1.1332e+20 9.60792e+19 7.29629e+19 4.74384e+19 2.39294e+19 6.98482e+18 8.33334e+16 1.68644e+15 3.98061e+13 9.39169e+11 2.21321e+10 4.98395e+08
3.23913e+08 1.43747e+10 6.09891e+11 2.58599e+13 1.09656e+15 5.42238e+16 4.52471e+18 1.55177e+19 3.08189e+19 4.74999e+19 6.26714e+19 7.40287e+19 8.00669e+19 8.00669e+19 7.40287e+19 6.26714e+19 4.74999e+19 3.08189e+19 1.55177e+19 4.52471e+18 5.42238e+16 1.09656e+15 2.58599e+13 6.09891e+11 1.43747e+10 3.23913e+08
1.66028e+08 7.30876e+09 3.07881e+11 1.29832e+13 5.48654e+14 2.71137e+16 2.27095e+18 7.79942e+18 1.55168e+19 2.39593e+19 3.16648e+19 3.74506e+19 4.0533e+19 4.0533e+19 3.74506e+19 3.16648e+19 2.39593e+19 1.55168e+19 7.79942e+18 2.27095e+18 2.71137e+16 5.48654e+14 1.29832e+13 3.07881e+11 7.30876e+09 1.66028e+08
5.71787e+07 2.41301e+09 9.71132e+10 3.91358e+12 1.58681e+14 7.64051e+15 6.56736e+17 2.26107e+18 4.50488e+18 6.96354e+18 9.21073e+18 1.08999e+19 1.18004e+19 1.18004e+19 1.08999e+19 9.21073e+18 6.96354e+18 4.50488e+18 2.26107e+18 6.56736e+17 7.64051e+15 1.58681e+14 3.91358e+12 9.71132e+10 2.41301e+09 5.71787e+07
1.00429e+07 3.50067e+08 1.07019e+10 2.86228e+11 5.87187e+12 8.91275e+13 6.91651e+15 2.45239e+16 4.90885e+16 7.55443e+16 9.9163e+16 1.16505e+17 1.25591e+17 1.25591e+17 1.16505e+17 9.9163e+16 7.55443e+16 4.90885e+16 2.45239e+16 6.91651e+15 8.91275e+13 5.87187e+12 2.86228e+11 1.07019e+10 3.50067e+08 1.00429e+07
1.10886e+06 3.1589e+07 7.49256e+08 1.50205e+10 2.52737e+11 5.07616e+12 1.38468e+14 4.79769e+14 9.60121e+14 1.47822e+15 1.94053e+15 2.27963e+15 2.45713e+15 2.45713e+15 2.27963e+15 1.94053e+15 1.47822e+15 9.60121e+14 4.79769e+14 1.38468e+14 5.07616e+12 2.52737e+11 1.50205e+10 7.49256e+08 3.1589e+07 1.10886e+06
91962.8 2.22763e+06 4.46928e+07 8.00313e+08 1.37821e+10 2.48239e+11 3.41424e+12 1.13493e+13 2.26342e+13 3.48777e+13 4.58492e+13 5.39247e+13 5.81622e+13 5.81622e+13 5.39247e+13 4.58492e+13 3.48777e+13 2.26342e+13 1.13493e+13 3.41424e+12 2.48239e+11 1.37821e+10 8.00313e+08 4.46928e+07 2.22763e+06 91962.8
6412.12 138295 2.50546e+06 4.20203e+07 6.6691e+08 9.29722e+09 8.47042e+10 2.69045e+11 5.33619e+11 8.22568e+11 1.08267e+12 1.27479e+12 1.37584e+12 1.37584e+12 1.27479e+12 1.08267e+12 8.22568e+11 5.33619e+11 2.69045e+11 8.47042e+10 9.29722e+09 6.6691e+08 4.20203e+07 2.50546e+06 138295 6412.12
398.52 7890.33 131795 2.02476e+06 2.77922e+07 3.04383e+08 2.10424e+09 6.38466e+09 1.25723e+10 1.93766e+10 2.55311e+10 3.0093e+10 3.24979e+10 3.24979e+10 3.0093e+10 2.55311e+10 1.93766e+10 1.25723e+10 6.38466e+09 2.10424e+09 3.04383e+08 2.77922e+07 2.02476e+06 131795 7890.33 398.52
20.7628 383.883 5927 82151.4 970697 8.73603e+06 4.98516e+07 1.44988e+08 2.83199e+08 4.36176e+08 5.75204e+08 6.78607e+08 7.33238e+08 7.33238e+08 6.78607e+08 5.75204e+08 4.36176e+08 2.83199e+08 1.44988e+08 4.98516e+07 8.73603e+06 970697 82151.4 5927 383.883 20.7628
