0.745381 14.035 222.683 3190.02 38940 359900 2.09414e+06 6.1937e+06 1.23272e+07 1.93652e+07 2.60073e+07 3.11144e+07 3.38752e+07 3.38752e+07 3.11144e+07 2.60073e+07 1.93652e+07 1.23272e+07 6.1937e+06 2.09414e+06 359900 38940 3190.02 222.683 14.035 0.745381
14.2965 286.651 4898.19 77861.4 1.11138e+06 1.25842e+07 8.89698e+07 2.74767e+08 5.51938e+08 8.68717e+08 1.167e+09 1.39607e+09 1.5198e+09 1.5198e+09 1.39607e+09 1.167e+09 8.68717e+08 5.51938e+08 2.74767e+08 8.89698e+07 1.25842e+07 1.11138e+06 77861.4 4898.19 286.651 14.2965
231.462 5015.43 91940 1.58554e+06 2.63331e+07 3.8402e+08 3.59643e+09 1.16376e+10 2.35737e+10 3.71584e+10 4.99228e+10 5.97125e+10 6.49964e+10 6.49964e+10 5.97125e+10 4.99228e+10 3.71584e+10 2.35737e+10 1.16376e+10 3.59643e+09 3.8402e+08 2.63331e+07 1.58554e+06 91940 5015.43 231.462
3371.66 81581.9 1.63389e+06 2.94934e+07 5.28513e+08 1.01658e+10 1.45249e+11 4.92332e+11 1.00398e+12 1.58404e+12 2.12806e+12 2.54479e+12 2.76955e+12 2.76955e+12 2.54479e+12 2.12806e+12 1.58404e+12 1.00398e+12 4.92332e+11 1.45249e+11 1.01658e+10 5.28513e+08 2.94934e+07 1.63389e+06 81581.9 3371.66
41592.4 1.18336e+06 2.78586e+07 5.50653e+08 9.22368e+09 2.01999e+11 5.89201e+12 2.0836e+13 4.26878e+13 6.73828e+13 9.05078e+13 1.08202e+14 1.17736e+14 1.17736e+14 1.08202e+14 9.05078e+13 6.73828e+13 4.26878e+13 2.0836e+13 5.89201e+12 2.01999e+11 9.22368e+09 5.50653e+08 2.78586e+07 1.18336e+06 41592.4
386306 1.35004e+07 4.11608e+08 1.08782e+10 2.15338e+11 3.12225e+12 2.90933e+14 1.05372e+15 2.15981e+15 3.40781e+15 4.57632e+15 5.47054e+15 5.95252e+15 5.95252e+15 5.47054e+15 4.57632e+15 3.40781e+15 2.15981e+15 1.05372e+15 2.90933e+14 3.12225e+12 2.15338e+11 1.08782e+10 4.11608e+08 1.35004e+07 386306
2.25099e+06 9.56406e+07 3.86644e+09 1.56172e+11 6.33606e+12 3.08764e+14 2.773e+16 9.67848e+16 1.95995e+17 3.08199e+17 4.14028e+17 4.95713e+17 5.40035e+17 5.40035e+17 4.95713e+17 4.14028e+17 3.08199e+17 1.95995e+17 9.67848e+16 2.773e+16 3.08764e+14 6.33606e+12 1.56172e+11 3.86644e+09 9.56406e+07 2.25099e+06
6.65522e+06 2.95274e+08 1.25078e+10 5.29218e+11 2.24004e+13 1.1192e+15 9.7097e+16 3.38034e+17 6.83854e+17 1.07485e+18 1.44366e+18 1.7284e+18 1.88292e+18 1.88292e+18 1.7284e+18 1.44366e+18 1.07485e+18 6.83854e+17 3.38034e+17 9.7097e+16 1.1192e+15 2.24004e+13 5.29218e+11 1.25078e+10 2.95274e+08 6.65522e+06
1.32314e+07 5.92473e+08 2.53075e+10 1.07794e+12 4.58373e+13 2.29195e+15 1.96694e+17 6.84106e+17 1.3832e+18 2.17318e+18 2.91802e+18 3.49289e+18 3.80482e+18 3.80482e+18 3.49289e+18 2.91802e+18 2.17318e+18 1.3832e+18 6.84106e+17 1.96694e+17 2.29195e+15 4.58373e+13 1.07794e+12 2.53075e+10 5.92473e+08 1.32314e+07
2.07563e+07 9.31156e+08 3.98311e+10 1.69807e+12 7.22377e+13 3.61086e+15 3.09098e+17 1.07461e+18 2.1719e+18 3.41109e+18 4.57878e+18 5.47961e+18 5.96827e+18 5.96827e+18 5.47961e+18 4.57878e+18 3.41109e+18 2.1719e+18 1.07461e+18 3.09098e+17 3.61086e+15 7.22377e+13 1.69807e+12 3.98311e+10 9.31156e+08 2.07563e+07
2.78354e+07 1.24902e+09 5.34311e+10 2.2776e+12 9.68679e+13 4.84105e+15 4.14828e+17 1.44198e+18 2.91361e+18 4.57457e+18 6.13884e+18 7.34505e+18 7.99918e+18 7.99918e+18 7.34505e+18 6.13884e+18 4.57457e+18 2.91361e+18 1.44198e+18 4.14828e+17 4.84105e+15 9.68679e+13 2.2776e+12 5.34311e+10 1.24902e+09 2.78354e+07
3.32627e+07 1.49238e+09 6.38285e+10 2.72007e+12 1.15648e+14 5.77911e+15 4.96219e+17 1.72488e+18 3.48463e+18 5.46992e+18 7.33882e+18 8.77941e+18 9.56044e+18 9.56045e+18 8.77941e+18 7.33882e+18 5.46992e+18 3.48463e+18 1.72488e+18 4.96219e+17 5.77911e+15 1.15648e+14 2.72007e+12 6.38285e+10 1.49238e+09 3.32627e+07
3.61903e+07 1.62354e+09 6.94277e+10 2.95813e+12 1.25743e+14 6.2834e+15 5.40298e+17 1.87813e+18 3.79391e+18 5.95473e+18 7.98839e+18 9.55567e+18 1.04053e+19 1.04053e+19 9.55567e+18 7.98839e+18 5.95473e+18 3.79391e+18 1.87813e+18 5.40298e+17 6.2834e+15 1.25743e+14 2.95813e+12 6.94277e+10 1.62354e+09 3.61903e+07
3.61903e+07 1.62354e+09 6.94277e+10 2.95813e+12 1.25743e+14 6.2834e+15 5.40298e+17 1.87813e+18 3.79391e+18 5.95473e+18 7.98839e+18 9.55567e+18 1.04053e+19 1.04053e+19 9.55567e+18 7.98839e+18 5.95473e+18 3.79391e+18 1.87813e+18 5.40298e+17 6.2834e+15 1.25743e+14 2.95813e+12 6.94277e+10 1.62354e+09 3.61903e+07
3.32627e+07 1.49238e+09 6.38285e+10 2.72007e+12 1.15648e+14 5.77911e+15 4.96219e+17 1.72488e+18 3.48463e+18 5.46992e+18 7.33882e+18 8.77941e+18 9.56045e+18 9.56044e+18 8.77941e+18 7.33882e+18 5.46992e+18 3.48463e+18 1.72488e+18 4.96219e+17 5.77911e+15 1.15648e+14 2.72007e+12 6.38285e+10 1.49238e+09 3.32627e+07
2.78354e+07 1.24902e+09 5.34311e+10 2.2776e+12 9.68679e+13 4.84105e+15 4.14828e+17 1.44198e+18 2.91361e+18 4.57457e+18 6.13884e+18 7.34505e+18 7.99918e+18 7.99918e+18 7.34505e+18 6.13884e+18 4.57457e+18 2.91361e+18 1.44198e+18 4.14828e+17 4.84105e+15 9.68679e+13 2.2776e+12 5.34311e+10 1.24902e+09 2.78354e+07
2.07563e+07 9.31156e+08 3.98311e+10 1.69807e+12 7.22377e+13 3.61086e+15 3.09098e+17 1.07461e+18 2.1719e+18 3.41109e+18 4.57878e+18 5.47961e+18 5.96827e+18 5.96827e+18 5.47961e+18 4.57878e+18 3.41109e+18 2.1719e+18 1.07461e+18 3.09098e+17 3.61086e+15 7.22377e+13 1.69807e+12 3.98311e+10 9.31156e+08 2.07563e+07
1.32314e+07 5.92473e+08 2.53075e+10 1.07794e+12 4.58373e+13 2.29195e+15 1.96694e+17 6.84106e+17 1.3832e+18 2.17318e+18 2.91802e+18 3.49289e+18 3.80482e+18 3.80482e+18 3.49289e+18 2.91802e+18 2.17318e+18 1.3832e+18 6.84106e+17 1.96694e+17 2.29195e+15 4.58373e+13 1.07794e+12 2.53075e+10 5.92473e+08 1.32314e+07
6.65522e+06 2.95274e+08 1.25078e+10 5.29218e+11 2.24004e+13 1.1192e+15 9.7097e+16 3.38034e+17 6.83854e+17 1.07485e+18 1.44366e+18 1.7284e+18 1.88292e+18 1.88292e+18 1.7284e+18 1.44366e+18 1.07485e+18 6.83854e+17 3.38034e+17 9.7097e+16 1.1192e+15 2.24004e+13 5.29218e+11 1.25078e+10 2.95274e+08 6.65522e+06
2.25099e+06 9.56406e+07 3.86644e+09 1.56172e+11 6.33606e+12 3.08764e+14 2.773e+16 9.67848e+16 1.95995e+17 3.08199e+17 4.14028e+17 4.95713e+17 5.40035e+17 5.40035e+17 4.95713e+17 4.14028e+17 3.08199e+17 1.95995e+17 9.67848e+16 2.773e+16 3.08764e+14 6.33606e+12 1.56172e+11 3.86644e+09 9.56406e+07 2.25099e+06
386306 1.35004e+07 4.11608e+08 1.08782e+10 2.15338e+11 3.12225e+12 2.90933e+14 1.05372e+15 2.15981e+15 3.40781e+15 4.57632e+15 5.47054e+15 5.95252e+15 5.95252e+15 5.47054e+15 4.57632e+15 3.40781e+15 2.15981e+15 1.05372e+15 2.90933e+14 3.12225e+12 2.15338e+11 1.08782e+10 4.11608e+08 1.35004e+07 386306
41592.4 1.18336e+06 2.78586e+07 5.50653e+08 9.22368e+09 2.01999e+11 5.89201e+12 2.0836e+13 4.26878e+13 6.73828e+13 9.05078e+13 1.08202e+14 1.17736e+14 1.17736e+14 1.08202e+14 9.05078e+13 6.73828e+13 4.26878e+13 2.0836e+13 5.89201e+12 2.01999e+11 9.22368e+09 5.50653e+08 2.78586e+07 1.18336e+06 41592.4
3371.66 81581.9 1.63389e+06 2.94934e+07 5.28513e+08 1.01658e+10 1.45249e+11 4.92332e+11 1.00398e+12 1.58404e+12 2.12806e+12 2.54479e+12 2.76955e+12 2.76955e+12 2.54479e+12 2.12806e+12 1.58404e+12 1.00398e+12 4.92332e+11 1.45249e+11 1.01658e+10 5.28513e+08 2.94934e+07 1.63389e+06 81581.9 3371.66
231.462 5015.43 91940 1.58554e+06 2.63331e+07 3.8402e+08 3.59643e+09 1.16376e+10 2.35737e+10 3.71584e+10 4.99228e+10 5.97125e+10 6.49964e+10 6.49964e+10 5.97125e+10 4.99228e+10 3.71584e+10 2.35737e+10 1.16376e+10 3.59643e+09 3.8402e+08 2.63331e+07 1.58554e+06 91940 5015.43 231.462
14.2965 286.651 4898.19 77861.4 1.11138e+06 1.25842e+07 8.89698e+07 2.74767e+08 5.51938e+08 8.68717e+08 1.167e+09 1.39607e+09 1.5198e+09 1.5198e+09 1.39607e+09 1.167e+09 8.68717e+08 5.51938e+08 2.74767e+08 8.89698e+07 1.25842e+07 1.11138e+06 77861.4 4898.19 286.651 14.2965
0.745381 14.035 222.683 3190.02 38940 359900 2.09414e+06 6.1937e+06 1.23272e+07 1.93652e+07 2.60073e+07 3.11144e+07 3.38752e+07 3.38752e+07 3.11144e+07 2.60073e+07 1.93652e+07 1.23272e+07 6.1937e+06 2.09414e+06 359900 38940 3190.02 222.683 14.035 0.745381
