0.000345228 0.00645055 0.101619 1.44702 17.5723 161.687 937.68 2771.22 5524.38 8710.44 11753.9 14123.9 15417.3 15417.3 14123.9 11753.9 8710.44 5524.38 2771.22 937.68 161.687 17.5723 1.44702 0.101619 0.00645055 0.000345228
0.00657132 0.130578 2.21327 34.9546 496.331 5595.29 39422.7 121624 244652 386475 521717 626964 684393 684393 626964 521717 386475 244652 121624 39422.7 5595.29 496.331 34.9546 2.21327 0.130578 0.00657132
0.105646 2.2665 41.1772 705.154 11651.2 169235 1.57978e+06 5.10541e+06 1.03542e+07 1.63811e+07 2.21197e+07 2.65834e+07 2.90186e+07 2.90186e+07 2.65834e+07 2.21197e+07 1.63811e+07 1.03542e+07 5.10541e+06 1.57978e+06 169235 11651.2 705.154 41.1772 2.2665 0.105646
1.52989 36.6331 726.741 13017.6 232014 4.44809e+06 6.33827e+07 2.14507e+08 4.37888e+08 6.93477e+08 9.36574e+08 1.1256e+09 1.22871e+09 1.22871e+09 1.1256e+09 9.36574e+08 6.93477e+08 4.37888e+08 2.14507e+08 6.33827e+07 4.44809e+06 232014 13017.6 726.741 36.6331 1.52989
18.7781 528.671 12329.1 241755 4.02314e+06 8.78588e+07 2.5591e+09 9.03273e+09 1.85223e+10 2.93508e+10 3.96432e+10 4.76446e+10 5.20088e+10 5.20088e+10 4.76446e+10 3.96432e+10 2.93508e+10 1.85223e+10 9.03273e+09 2.5591e+09 8.78588e+07 4.02314e+06 241755 12329.1 528.671 18.7781
173.674 6006.32 181479 4.76098e+06 9.36419e+07 1.34907e+09 1.2598e+11 4.55158e+11 9.33313e+11 1.47778e+12 1.99501e+12 2.39706e+12 2.61634e+12 2.61634e+12 2.39706e+12 1.99501e+12 1.47778e+12 9.33313e+11 4.55158e+11 1.2598e+11 1.34907e+09 9.36419e+07 4.76098e+06 181479 6006.32 173.674
1008.98 42420.6 1.69995e+06 6.82067e+07 2.75408e+09 1.33834e+11 1.20032e+13 4.17626e+13 8.44283e+13 1.32791e+14 1.78667e+14 2.14322e+14 2.33774e+14 2.33774e+14 2.14322e+14 1.78667e+14 1.32791e+14 8.44283e+13 4.17626e+13 1.20032e+13 1.33834e+11 2.75408e+09 6.82067e+07 1.69995e+06 42420.6 1008.98
2982.15 130887 5.49457e+06 2.30872e+08 9.72256e+09 4.84112e+11 4.19107e+13 1.45475e+14 2.93837e+14 4.61961e+14 6.21428e+14 7.45365e+14 8.12981e+14 8.12982e+14 7.45365e+14 6.21428e+14 4.61961e+14 2.93837e+14 1.45475e+14 4.19107e+13 4.84112e+11 9.72256e+09 2.30872e+08 5.49457e+06 130887 2982.15
5941.84 263147 1.11375e+07 4.71031e+08 1.99252e+10 9.92418e+11 8.48022e+13 2.94102e+14 5.93859e+14 9.33508e+14 1.25566e+15 1.50603e+15 1.64263e+15 1.64263e+15 1.50603e+15 1.25566e+15 9.33508e+14 5.93859e+14 2.94102e+14 8.48022e+13 9.92418e+11 1.99252e+10 4.71031e+08 1.11375e+07 263147 5941.84
9361.8 415380 1.76065e+07 7.45364e+08 3.15476e+10 1.5703e+12 1.3339e+14 4.62428e+14 9.33616e+14 1.46749e+15 1.97385e+15 2.36739e+15 2.5821e+15 2.5821e+15 2.36739e+15 1.97385e+15 1.46749e+15 9.33616e+14 4.62428e+14 1.3339e+14 1.5703e+12 3.15476e+10 7.45364e+08 1.76065e+07 415380 9361.8
12623.4 560302 2.37554e+07 1.00582e+09 4.25739e+10 2.11829e+12 1.79436e+14 6.2194e+14 1.25558e+15 1.9735e+15 2.65442e+15 3.18362e+15 3.47235e+15 3.47235e+15 3.18362e+15 2.65442e+15 1.9735e+15 1.25558e+15 6.2194e+14 1.79436e+14 2.11829e+12 4.25739e+10 1.00582e+09 2.37554e+07 560302 12623.4
15159.5 672914 2.85308e+07 1.20802e+09 5.11317e+10 2.54355e+12 2.15188e+14 7.45796e+14 1.50558e+15 2.36641e+15 3.18287e+15 3.81742e+15 4.16362e+15 4.16362e+15 3.81742e+15 3.18287e+15 2.36641e+15 1.50558e+15 7.45796e+14 2.15188e+14 2.54355e+12 5.11317e+10 1.20802e+09 2.85308e+07 672914 15159.5
16542.3 734297 3.11332e+07 1.31819e+09 5.5794e+10 2.77523e+12 2.34679e+14 8.13323e+14 1.64188e+15 2.58063e+15 3.471e+15 4.16299e+15 4.54052e+15 4.54052e+15 4.16299e+15 3.471e+15 2.58063e+15 1.64188e+15 8.13323e+14 2.34679e+14 2.77523e+12 5.5794e+10 1.31819e+09 3.11332e+07 734297 16542.3
16542.3 734297 3.11332e+07 1.31819e+09 5.5794e+10 2.77523e+12 2.34679e+14 8.13323e+14 1.64188e+15 2.58063e+15 3.471e+15 4.16299e+15 4.54052e+15 4.54052e+15 4.16299e+15 3.471e+15 2.58063e+15 1.64188e+15 8.13323e+14 2.34679e+14 2.77523e+12 5.5794e+10 1.31819e+09 3.11332e+07 734297 16542.3
15159.5 672914 2.85308e+07 1.20802e+09 5.11317e+10 2.54355e+12 2.15188e+14 7.45796e+14 1.50558e+15 2.36641e+15 3.18287e+15 3.81742e+15 4.16362e+15 4.16362e+15 3.81742e+15 3.18287e+15 2.36641e+15 1.50558e+15 7.45796e+14 2.15188e+14 2.54355e+12 5.11317e+10 1.20802e+09 2.85308e+07 672914 15159.5
12623.4 560302 2.37554e+07 1.00582e+09 4.25739e+10 2.11829e+12 1.79436e+14 6.2194e+14 1.25558e+15 1.9735e+15 2.65442e+15 3.18362e+15 3.47235e+15 3.47235e+15 3.18362e+15 2.65442e+15 1.9735e+15 1.25558e+15 6.2194e+14 1.79436e+14 2.11829e+12 4.25739e+10 1.00582e+09 2.37554e+07 560302 12623.4
9361.8 415380 1.76065e+07 7.45364e+08 3.15476e+10 1.5703e+12 1.3339e+14 4.62428e+14 9.33616e+14 1.46749e+15 1.97385e+15 2.36739e+15 2.5821e+15 2.5821e+15 2.36739e+15 1.97385e+15 1.46749e+15 9.33616e+14 4.62428e+14 1.3339e+14 1.5703e+12 3.15476e+10 7.45364e+08 1.76065e+07 415380 9361.8
5941.84 263147 1.11375e+07 4.71031e+08 1.99252e+10 9.92418e+11 8.48022e+13 2.94102e+14 5.93859e+14 9.33508e+14 1.25566e+15 1.50603e+15 1.64263e+15 1.64263e+15 1.50603e+15 1.25566e+15 9.33508e+14 5.93859e+14 2.94102e+14 8.48022e+13 9.92418e+11 1.99252e+10 4.71031e+08 1.11375e+07 263147 5941.84
2982.15 130887 5.49457e+06 2.30872e+08 9.72256e+09 4.84112e+11 4.19107e+13 1.45475e+14 2.93837e+14 4.61961e+14 6.21428e+14 7.45365e+14 8.12982e+14 8.12981e+14 7.45365e+14 6.21428e+14 4.61961e+14 2.93837e+14 1.45475e+14 4.19107e+13 4.84112e+11 9.72256e+09 2.30872e+08 5.49457e+06 130887 2982.15
1008.98 42420.6 1.69995e+06 6.82067e+07 2.75408e+09 1.33834e+11 1.20032e+13 4.17626e+13 8.44283e+13 1.32791e+14 1.78667e+14 2.14322e+14 2.33774e+14 2.33774e+14 2.14322e+14 1.78667e+14 1.32791e+14 8.44283e+13 4.17626e+13 1.20032e+13 1.33834e+11 2.75408e+09 6.82067e+07 1.69995e+06 42420.6 1008.98
173.674 6006.32 181479 4.76098e+06 9.36419e+07 1.34907e+09 1.2598e+11 4.55158e+11 9.33313e+11 1.47778e+12 1.99501e+12 2.39706e+12 2.61634e+12 2.61634e+12 2.39706e+12 1.99501e+12 1.47778e+12 9.33313e+11 4.55158e+11 1.2598e+11 1.34907e+09 9.36419e+07 4.76098e+06 181479 6006.32 173.674
18.7781 528.671 12329.1 241755 4.02314e+06 8.78588e+07 2.5591e+09 9.03273e+09 1.85223e+10 2.93508e+10 3.96432e+10 4.76446e+10 5.20088e+10 5.20088e+10 4.76446e+10 3.96432e+10 2.93508e+10 1.85223e+10 9.03273e+09 2.5591e+09 8.78588e+07 4.02314e+06 241755 12329.1 528.671 18.7781
1.52989 36.6331 726.741 13017.6 232014 4.44809e+06 6.33827e+07 2.14507e+08 4.37888e+08 6.93477e+08 9.36574e+08 1.1256e+09 1.22871e+09 1.22871e+09 1.1256e+09 9.36574e+08 6.93477e+08 4.37888e+08 2.14507e+08 6.33827e+07 4.44809e+06 232014 13017.6 726.741 36.6331 1.52989
0.105646 2.2665 41.1772 705.154 11651.2 169235 1.57978e+06 5.10541e+06 1.03542e+07 1.63811e+07 2.21197e+07 2.65834e+07 2.90186e+07 2.90186e+07 2.65834e+07 2.21197e+07 1.63811e+07 1.03542e+07 5.10541e+06 1.57978e+06 169235 11651.2 705.154 41.1772 2.2665 0.105646
0.00657132 0.130578 2.21327 34.9546 496.331 5595.29 39422.7 121624 244652 386475 521717 626964 684393 684393 626964 521717 386475 244652 121624 39422.7 5595.29 496.331 34.9546 2.21327 0.130578 0.00657132
0.000345228 0.00645055 0.101619 1.44702 17.5723 161.687 937.68 2771.22 5524.38 8710.44 11753.9 14123.9 15417.3 15417.3 14123.9 11753.9 8710.44 5524.38 2771.22 937.68 161.687 17.5723 1.44702 0.101619 0.00645055 0.000345228
