7.52839e-06 0.000140672 0.00221609 0.0315561 0.383222 3.52649 20.4561 60.486 120.659 190.386 257.085 309.087 337.491 337.491 309.087 257.085 190.386 120.659 60.486 20.4561 3.52649 0.383222 0.0315561 0.00221609 0.000140672 7.52839e-06
0.000143325 0.00284817 0.0482764 0.762417 10.8255 122.045 860.058 2654.72 5343.79 8448.05 11412.5 13722.4 14983.8 14983.8 13722.4 11412.5 8448.05 5343.79 2654.71 860.058 122.045 10.8255 0.762417 0.0482764 0.00284817 0.000143325
0.00230458 0.0494463 0.898378 15.3842 254.168 3691.64 34465.2 111439 226172 358105 483916 581903 635407 635407 581903 483916 358105 226172 111439 34465.2 3691.64 254.168 15.3842 0.898378 0.0494463 0.00230458
0.0333768 0.799306 15.8587 284.08 5062.57 97037.7 1.38275e+06 4.68214e+06 9.56514e+06 1.51607e+07 2.04912e+07 2.46416e+07 2.69076e+07 2.69076e+07 2.46416e+07 2.04912e+07 1.51607e+07 9.56514e+06 4.68214e+06 1.38275e+06 97037.7 5062.57 284.08 15.8587 0.799306 0.0333768
0.40971 11.5361 269.07 5276.82 87819.6 1.91702e+06 5.58262e+07 1.97155e+08 4.04597e+08 6.41685e+08 8.674e+08 1.04312e+09 1.13905e+09 1.13905e+09 1.04312e+09 8.674e+08 6.41685e+08 4.04597e+08 1.97155e+08 5.58262e+07 1.91702e+06 87819.6 5276.82 269.07 11.5361 0.40971
3.78977 131.074 3960.67 103917 2.04435e+06 2.94587e+07 2.74814e+09 9.9342e+09 2.0386e+10 3.23058e+10 4.36475e+10 5.24754e+10 5.72947e+10 5.72947e+10 5.24754e+10 4.36475e+10 3.23058e+10 2.0386e+10 9.9342e+09 2.74814e+09 2.94587e+07 2.04435e+06 103917 3960.67 131.074 3.78977
22.0223 925.9 37103.9 1.48866e+06 6.01058e+07 2.92032e+09 2.61852e+11 9.11361e+11 1.84331e+12 2.90072e+12 3.90476e+12 4.68575e+12 5.11207e+12 5.11207e+12 4.68575e+12 3.90476e+12 2.90072e+12 1.84331e+12 9.11361e+11 2.61852e+11 2.92032e+09 6.01058e+07 1.48866e+06 37103.9 925.9 22.0223
65.1234 2858.35 119993 5.04179e+06 2.12311e+08 1.05697e+10 9.14647e+11 3.17575e+12 6.41745e+12 1.00944e+13 1.35852e+13 1.63005e+13 1.77827e+13 1.77827e+13 1.63005e+13 1.35852e+13 1.00944e+13 6.41745e+12 3.17575e+12 9.14647e+11 1.05697e+10 2.12311e+08 5.04179e+06 119993 2858.35 65.1234
129.851 5751.03 243415 1.02947e+07 4.35475e+08 2.16859e+10 1.85171e+12 6.42367e+12 1.29765e+13 2.04083e+13 2.74638e+13 3.29516e+13 3.59472e+13 3.59472e+13 3.29516e+13 2.74638e+13 2.04083e+13 1.29765e+13 6.42367e+12 1.85171e+12 2.16859e+10 4.35475e+08 1.02947e+07 243415 5751.03 129.851
204.754 9085.64 385135 1.63053e+07 6.90137e+08 3.43455e+10 2.91442e+12 1.0106e+13 2.04122e+13 3.21001e+13 4.3196e+13 5.18264e+13 5.65375e+13 5.65375e+13 5.18264e+13 4.3196e+13 3.21001e+13 2.04122e+13 1.0106e+13 2.91442e+12 3.43455e+10 6.90137e+08 1.63053e+07 385135 9085.64 204.754
276.298 12265.2 520065 2.20216e+07 9.32172e+08 4.63717e+10 3.92267e+12 1.35994e+13 2.74661e+13 4.31913e+13 5.812e+13 6.97315e+13 7.60699e+13 7.60699e+13 6.97315e+13 5.812e+13 4.31913e+13 2.74661e+13 1.35994e+13 3.92267e+12 4.63717e+10 9.32172e+08 2.20216e+07 520065 12265.2 276.298
332.003 14739.3 625004 2.64659e+07 1.12031e+09 5.57186e+10 4.70626e+12 1.63144e+13 3.29483e+13 5.18114e+13 6.97189e+13 8.36473e+13 9.12505e+13 9.12505e+13 8.36473e+13 6.97189e+13 5.18114e+13 3.29483e+13 1.63144e+13 4.70626e+12 5.57186e+10 1.12031e+09 2.64659e+07 625004 14739.3 332.003
362.401 16089.1 682247 2.88899e+07 1.22291e+09 6.08159e+10 5.13373e+12 1.77955e+13 3.59391e+13 5.65141e+13 7.60467e+13 9.12393e+13 9.95324e+13 9.95324e+13 9.12393e+13 7.60467e+13 5.65141e+13 3.59391e+13 1.77955e+13 5.13373e+12 6.08159e+10 1.22291e+09 2.88899e+07 682247 16089.1 362.401
362.401 16089.1 682247 2.88899e+07 1.22291e+09 6.08159e+10 5.13373e+12 1.77955e+13 3.59391e+13 5.65141e+13 7.60467e+13 9.12393e+13 9.95324e+13 9.95324e+13 9.12393e+13 7.60467e+13 5.65141e+13 3.59391e+13 1.77955e+13 5.13373e+12 6.08159e+10 1.22291e+09 2.88899e+07 682247 16089.1 362.401
332.003 14739.3 625004 2.64659e+07 1.12031e+09 5.57186e+10 4.70626e+12 1.63144e+13 3.29483e+13 5.18114e+13 6.97189e+13 8.36473e+13 9.12505e+13 9.12505e+13 8.36473e+13 6.97189e+13 5.18114e+13 3.29483e+13 1.63144e+13 4.70626e+12 5.57186e+10 1.12031e+09 2.64659e+07 625004 14739.3 332.003
276.298 12265.2 520065 2.20216e+07 9.32172e+08 4.63717e+10 3.92267e+12 1.35994e+13 2.74661e+13 4.31913e+13 5.812e+13 6.97315e+13 7.60699e+13 7.60699e+13 6.97315e+13 5.812e+13 4.31913e+13 2.74661e+13 1.35994e+13 3.92267e+12 4.63717e+10 9.32172e+08 2.20216e+07 520065 12265.2 276.298
204.754 9085.64 385135 1.63053e+07 6.90137e+08 3.43455e+10 2.91442e+12 1.0106e+13 2.04122e+13 3.21001e+13 4.3196e+13 5.18264e+13 5.65375e+13 5.65375e+13 5.18264e+13 4.3196e+13 3.21001e+13 2.04122e+13 1.0106e+13 2.91442e+12 3.43455e+10 6.90137e+08 1.63053e+07 385135 9085.64 204.754
129.851 5751.03 243415 1.02947e+07 4.35475e+08 2.16859e+10 1.85171e+12 6.42367e+12 1.29765e+13 2.04083e+13 2.74638e+13 3.29516e+13 3.59472e+13 3.59472e+13 3.29516e+13 2.74638e+13 2.04083e+13 1.29765e+13 6.42367e+12 1.85171e+12 2.16859e+10 4.35475e+08 1.02947e+07 243415 5751.03 129.851
65.1234 2858.35 119993 5.04179e+06 2.12311e+08 1.05697e+10 9.14647e+11 3.17575e+12 6.41745e+12 1.00944e+13 1.35852e+13 1.63005e+13 1.77827e+13 1.77827e+13 1.63005e+13 1.35852e+13 1.00944e+13 6.41745e+12 3.17575e+12 9.14647e+11 1.05697e+10 2.12311e+08 5.04179e+06 119993 2858.35 65.1234
22.0223 925.9 37103.9 1.48866e+06 6.01058e+07 2.92032e+09 2.61852e+11 9.11361e+11 1.84331e+12 2.90072e+12 3.90476e+12 4.68575e+12 5.11207e+12 5.11207e+12 4.68575e+12 3.90476e+12 2.90072e+12 1.84331e+12 9.11361e+11 2.61852e+11 2.92032e+09 6.01058e+07 1.48866e+06 37103.9 925.9 22.0223
3.78977 131.074 3960.67 103917 2.04435e+06 2.94587e+07 2.74814e+09 9.9342e+09 2.0386e+10 3.23058e+10 4.36475e+10 5.24754e+10 5.72947e+10 5.72947e+10 5.24754e+10 4.36475e+10 3.23058e+10 2.0386e+10 9.9342e+09 2.74814e+09 2.94587e+07 2.04435e+06 103917 3960.67 131.074 3.78977
0.40971 11.5361 269.07 5276.82 87819.6 1.91702e+06 5.58262e+07 1.97155e+08 4.04597e+08 6.41685e+08 8.674e+08 1.04312e+09 1.13905e+09 1.13905e+09 1.04312e+09 8.674e+08 6.41685e+08 4.04597e+08 1.97155e+08 5.58262e+07 1.91702e+06 87819.6 5276.82 269.07 11.5361 0.40971
0.0333768 0.799306 15.8587 284.08 5062.57 97037.7 1.38275e+06 4.68214e+06 9.56514e+06 1.51607e+07 2.04912e+07 2.46416e+07 2.69076e+07 2.69076e+07 2.46416e+07 2.04912e+07 1.51607e+07 9.56514e+06 4.68214e+06 1.38275e+06 97037.7 5062.57 284.08 15.8587 0.799306 0.0333768
0.00230458 0.0494463 0.898378 15.3842 254.168 3691.64 34465.2 111439 226172 358105 483916 581903 635407 635407 581903 483916 358105 226172 111439 34465.2 3691.64 254.168 15.3842 0.898378 0.0494463 0.00230458
0.000143325 0.00284817 0.0482764 0.762417 10.8255 122.045 860.058 2654.71 5343.79 8448.05 11412.5 13722.4 14983.8 14983.8 13722.4 11412.5 8448.05 5343.79 2654.71 860.058 122.045 10.8255 0.762417 0.0482764 0.00284817 0.000143325
7.52838e-06 0.000140672 0.00221609 0.0315561 0.383222 3.52649 20.4561 60.486 120.659 190.386 257.085 309.087 337.491 337.491 309.087 257.085 190.386 120.659 60.486 20.4561 3.52649 0.383222 0.0315561 0.00221609 0.000140672 7.52838e-06
