18.0273 333.233 5142.82 71241.7 841325 7.56913e+06 4.31949e+07 1.25713e+08 2.45833e+08 3.79193e+08 5.00848e+08 5.91671e+08 6.39791e+08 6.39791e+08 5.91671e+08 5.00848e+08 3.79193e+08 2.45833e+08 1.25713e+08 4.31949e+07 7.56913e+06 841325 71241.7 5142.81 333.233 18.0273
346.044 6850.86 114399 1.7565e+06 2.40931e+07 2.63729e+08 1.82304e+09 5.53525e+09 1.0913e+10 1.6846e+10 2.22341e+10 2.62442e+10 2.83648e+10 2.83648e+10 2.62442e+10 2.22341e+10 1.6846e+10 1.0913e+10 5.53525e+09 1.82304e+09 2.63729e+08 2.40931e+07 1.7565e+06 114399 6850.86 346.044
5567.36 120088 2.17552e+06 3.64721e+07 5.78372e+08 8.05603e+09 7.33747e+10 2.33222e+11 4.63161e+11 7.15165e+11 9.4301e+11 1.11205e+12 1.20125e+12 1.20125e+12 1.11205e+12 9.4301e+11 7.15165e+11 4.63161e+11 2.33222e+11 7.33747e+10 8.05603e+09 5.78372e+08 3.64721e+07 2.17552e+06 120088 5567.36
79825.7 1.93404e+06 3.88116e+07 6.95028e+08 1.19611e+10 2.15147e+11 2.95712e+12 9.83677e+12 1.96442e+13 3.03248e+13 3.99412e+13 4.70533e+13 5.07988e+13 5.07988e+13 4.70533e+13 3.99412e+13 3.03248e+13 1.96442e+13 9.83677e+12 2.95712e+12 2.15147e+11 1.19611e+10 6.95028e+08 3.88116e+07 1.93404e+06 79825.7
962148 2.74142e+07 6.50434e+08 1.30456e+10 2.19585e+11 4.40264e+12 1.19909e+14 4.15769e+14 8.33222e+14 1.28529e+15 1.69076e+15 1.98972e+15 2.14683e+15 2.14683e+15 1.98972e+15 1.69076e+15 1.28529e+15 8.33222e+14 4.15769e+14 1.19909e+14 4.40264e+12 2.19585e+11 1.30456e+10 6.50434e+08 2.74142e+07 962148
8.71115e+06 3.03658e+08 9.28424e+09 2.4839e+11 5.10019e+12 7.75195e+13 5.98983e+15 2.12526e+16 4.25997e+16 6.56831e+16 8.63968e+16 1.01685e+17 1.09727e+17 1.09727e+17 1.01685e+17 8.63968e+16 6.56831e+16 4.25997e+16 2.12526e+16 5.98983e+15 7.75195e+13 5.10019e+12 2.4839e+11 9.28424e+09 3.03658e+08 8.71115e+06
4.9594e+07 2.09266e+09 8.42077e+10 3.39294e+12 1.37546e+14 6.61957e+15 5.68508e+17 1.95825e+18 3.90512e+18 6.04383e+18 8.00467e+18 9.48305e+18 1.02729e+19 1.02729e+19 9.48305e+18 8.00467e+18 6.04383e+18 3.90512e+18 1.95825e+18 5.68508e+17 6.61957e+15 1.37546e+14 3.39294e+12 8.42077e+10 2.09266e+09 4.9594e+07
1.44098e+08 6.3426e+09 2.67144e+11 1.12635e+13 4.75907e+14 2.35073e+16 1.96693e+18 6.75898e+18 1.34607e+19 2.08131e+19 2.75471e+19 3.26205e+19 3.53299e+19 3.53299e+19 3.26205e+19 2.75471e+19 2.08131e+19 1.34607e+19 6.75898e+18 1.96693e+18 2.35073e+16 4.75907e+14 1.12635e+13 2.67144e+11 6.3426e+09 1.44098e+08
2.81459e+08 1.24898e+10 5.29879e+11 2.24654e+13 9.52528e+14 4.70795e+16 3.92293e+18 1.34628e+19 2.67715e+19 4.13307e+19 5.46281e+19 6.46228e+19 6.99523e+19 6.99523e+19 6.46228e+19 5.46281e+19 4.13307e+19 2.67715e+19 1.34628e+19 3.92293e+18 4.70795e+16 9.52528e+14 2.24654e+13 5.29879e+11 1.24898e+10 2.81459e+08
4.33731e+08 1.92612e+10 8.17362e+11 3.46441e+13 1.46777e+15 7.24963e+16 6.06398e+18 2.07916e+19 4.12821e+19 6.36239e+19 8.39611e+19 9.92037e+19 1.07316e+20 1.07316e+20 9.92037e+19 8.39611e+19 6.36239e+19 4.12821e+19 2.07916e+19 6.06398e+18 7.24963e+16 1.46777e+15 3.46441e+13 8.17362e+11 1.92612e+10 4.33731e+08
5.72435e+08 2.54014e+10 1.07687e+12 4.55911e+13 1.9291e+15 9.52311e+16 8.01845e+18 2.74754e+19 5.44789e+19 8.3831e+19 1.10465e+20 1.30372e+20 1.40947e+20 1.40947e+20 1.30372e+20 1.10465e+20 8.3831e+19 5.44789e+19 2.74754e+19 8.01845e+18 9.52311e+16 1.9291e+15 4.55911e+13 1.07687e+12 2.54014e+10 5.72435e+08
6.75855e+08 2.99652e+10 1.26914e+12 5.36759e+13 2.26874e+15 1.11961e+17 9.48607e+18 3.2491e+19 6.4359e+19 9.89162e+19 1.30196e+20 1.53526e+20 1.65902e+20 1.65902e+20 1.53526e+20 1.30196e+20 9.89162e+19 6.4359e+19 3.2491e+19 9.48607e+18 1.11961e+17 2.26874e+15 5.36759e+13 1.26914e+12 2.99652e+10 6.75855e+08
7.30602e+08 3.23763e+10 1.3705e+12 5.79294e+13 2.44705e+15 1.20743e+17 1.0268e+19 3.51622e+19 6.96126e+19 1.06922e+20 1.40649e+20 1.65774e+20 1.79092e+20 1.79092e+20 1.65774e+20 1.40649e+20 1.06922e+20 6.96126e+19 3.51622e+19 1.0268e+19 1.20743e+17 2.44705e+15 5.79294e+13 1.3705e+12 3.23763e+10 7.30602e+08
7.30602e+08 3.23763e+10 1.3705e+12 5.79294e+13 2.44705e+15 1.20743e+17 1.0268e+19 3.51622e+19 6.96126e+19 1.06922e+20 1.40649e+20 1.65774e+20 1.79092e+20 1.79092e+20 1.65774e+20 1.40649e+20 1.06922e+20 6.96126e+19 3.51622e+19 1.0268e+19 1.20743e+17 2.44705e+15 5.79294e+13 1.3705e+12 3.23763e+10 7.30602e+08
6.75855e+08 2.99652e+10 1.26914e+12 5.36759e+13 2.26874e+15 1.11961e+17 9.48607e+18 3.2491e+19 6.4359e+19 9.89162e+19 1.30196e+20 1.53526e+20 1.65902e+20 1.65902e+20 1.53526e+20 1.30196e+20 9.89162e+19 6.4359e+19 3.2491e+19 9.48607e+18 1.11961e+17 2.26874e+15 5.36759e+13 1.26914e+12 2.99652e+10 6.75855e+08
5.72435e+08 2.54014e+10 1.07687e+12 4.55911e+13 1.9291e+15 9.52311e+16 8.01845e+18 2.74754e+19 5.44789e+19 8.3831e+19 1.10465e+20 1.30372e+20 1.40947e+20 1.40947e+20 1.30372e+20 1.10465e+20 8.3831e+19 5.44789e+19 2.74754e+19 8.01845e+18 9.52311e+16 1.9291e+15 4.55911e+13 1.07687e+12 2.54014e+10 5.72435e+08
4.33731e+08 1.92612e+10 8.17362e+11 3.46441e+13 1.46777e+15 7.24963e+16 6.06398e+18 2.07916e+19 4.12821e+19 6.36239e+19 8.39611e+19 9.92037e+19 1.07316e+20 1.07316e+20 9.92037e+19 8.39611e+19 6.36239e+19 4.12821e+19 2.07916e+19 6.06398e+18 7.24963e+16 1.46777e+15 3.46441e+13 8.17362e+11 1.92612e+10 4.33731e+08
2.81459e+08 1.24898e+10 5.29879e+11 2.24654e+13 9.52527e+14 4.70795e+16 3.92293e+18 1.34628e+19 2.67715e+19 4.13307e+19 5.46281e+19 6.46228e+19 6.99523e+19 6.99523e+19 6.46228e+19 5.46281e+19 4.13307e+19 2.67715e+19 1.34628e+19 3.92293e+18 4.70795e+16 9.52528e+14 2.24654e+13 5.29879e+11 1.24898e+10 2.81459e+08
1.44098e+08 6.3426e+09 2.67144e+11 1.12635e+13 4.75907e+14 2.35073e+16 1.96693e+18 6.75898e+18 1.34607e+19 2.08131e+19 2.75471e+19 3.26205e+19 3.53299e+19 3.53299e+19 3.26205e+19 2.75471e+19 2.08131e+19 1.34607e+19 6.75898e+18 1.96693e+18 2.35073e+16 4.75907e+14 1.12635e+13 2.67144e+11 6.3426e+09 1.44098e+08
4.9594e+07 2.09266e+09 8.42077e+10 3.39294e+12 1.37546e+14 6.61957e+15 5.68508e+17 1.95825e+18 3.90512e+18 6.04383e+18 8.00467e+18 9.48305e+18 1.02729e+19 1.02729e+19 9.48305e+18 8.00467e+18 6.04383e+18 3.90512e+18 1.95825e+18 5.68508e+17 6.61957e+15 1.37546e+14 3.39294e+12 8.42077e+10 2.09266e+09 4.9594e+07
8.71115e+06 3.03658e+08 9.28424e+09 2.4839e+11 5.10019e+12 7.75195e+13 5.98983e+15 2.12526e+16 4.25997e+16 6.56831e+16 8.63968e+16 1.01685e+17 1.09727e+17 1.09727e+17 1.01685e+17 8.63968e+16 6.56831e+16 4.25997e+16 2.12526e+16 5.98983e+15 7.75195e+13 5.10019e+12 2.4839e+11 9.28424e+09 3.03658e+08 8.71115e+06
962148 2.74142e+07 6.50434e+08 1.30456e+10 2.19585e+11 4.40264e+12 1.19909e+14 4.15769e+14 8.33222e+14 1.28529e+15 1.69076e+15 1.98972e+15 2.14683e+15 2.14683e+15 1.98972e+15 1.69076e+15 1.28529e+15 8.33222e+14 4.15769e+14 1.19909e+14 4.40264e+12 2.19585e+11 1.30456e+10 6.50434e+08 2.74142e+07 962148
79825.7 1.93404e+06 3.88116e+07 6.95028e+08 1.19611e+10 2.15147e+11 2.95712e+12 9.83677e+12 1.96442e+13 3.03248e+13 3.99412e+13 4.70533e+13 5.07988e+13 5.07988e+13 4.70533e+13 3.99412e+13 3.03248e+13 1.96442e+13 9.83677e+12 2.95712e+12 2.15147e+11 1.19611e+10 6.95028e+08 3.88116e+07 1.93404e+06 79825.7
5567.36 120088 2.17552e+06 3.64721e+07 5.78372e+08 8.05603e+09 7.33747e+10 2.33222e+11 4.63161e+11 7.15165e+11 9.4301e+11 1.11205e+12 1.20125e+12 1.20125e+12 1.11205e+12 9.4301e+11 7.15165e+11 4.63161e+11 2.33222e+11 7.33747e+10 8.05603e+09 5.78372e+08 3.64721e+07 2.17552e+06 120088 5567.36
346.044 6850.86 114399 1.7565e+06 2.40931e+07 2.63729e+08 1.82304e+09 5.53525e+09 1.0913e+10 1.6846e+10 2.22341e+10 2.62442e+10 2.83648e+10 2.83648e+10 2.62442e+10 2.22341e+10 1.6846e+10 1.0913e+10 5.53525e+09 1.82304e+09 2.63729e+08 2.40931e+07 1.7565e+06 114399 6850.86 346.044
18.0273 333.233 5142.81 71241.7 841325 7.56913e+06 4.31949e+07 1.25713e+08 2.45833e+08 3.79193e+08 5.00848e+08 5.91671e+08 6.39791e+08 6.39791e+08 5.91671e+08 5.00848e+08 3.79193e+08 2.45833e+08 1.25713e+08 4.31949e+07 7.56913e+06 841325 71241.7 5142.82 333.233 18.0273
