0.000133657 0.00250782 0.0397449 0.569941 6.96895 64.4994 375.902 1116.89 2240.27 3554.75 4824.02 5821.3 6368.78 6368.78 5821.3 4824.02 3554.75 2240.27 1116.89 375.902 64.4994 6.96895 0.569941 0.0397449 0.00250782 0.000133657
0.00254601 0.0507434 0.86449 13.7523 196.845 2234.5 15827.2 49099.9 99404.9 158073 214652 259095 283492 283492 259095 214652 158073 99404.9 49099.9 15827.2 2234.5 196.845 13.7523 0.86449 0.0507434 0.00254601
0.0410255 0.881361 16.0594 276.691 4613.92 67614.2 634945 2.06379e+06 4.21384e+06 6.71291e+06 9.12058e+06 1.10115e+07 1.20496e+07 1.20496e+07 1.10115e+07 9.12058e+06 6.71291e+06 4.21384e+06 2.06379e+06 634945 67614.2 4613.92 276.691 16.0594 0.881361 0.0410255
0.596566 14.2882 283.528 5089.92 91466.6 1.77559e+06 2.54913e+07 8.67878e+07 1.78418e+08 2.84607e+08 3.8685e+08 4.67149e+08 5.11236e+08 5.11236e+08 4.67149e+08 3.8685e+08 2.84607e+08 1.78418e+08 8.67878e+07 2.54913e+07 1.77559e+06 91466.6 5089.92 283.528 14.2882 0.596566
7.36274 207.329 4831.03 94529.4 1.57257e+06 3.49157e+07 1.0294e+09 3.65618e+09 7.5527e+09 1.20587e+10 1.63962e+10 1.98032e+10 2.16741e+10 2.16741e+10 1.98032e+10 1.63962e+10 1.20587e+10 7.5527e+09 3.65618e+09 1.0294e+09 3.49157e+07 1.57257e+06 94529.4 4831.03 207.329 7.36274
68.5024 2371.08 71640.9 1.87627e+06 3.66707e+07 5.23532e+08 5.0574e+10 1.83898e+11 3.79889e+11 6.0604e+11 8.23593e+11 9.94425e+11 1.08822e+12 1.08822e+12 9.94425e+11 8.23593e+11 6.0604e+11 3.79889e+11 1.83898e+11 5.0574e+10 5.23532e+08 3.66707e+07 1.87627e+06 71640.9 2371.08 68.5024
400.297 16854.4 676163 2.71471e+07 1.09635e+09 5.33759e+10 4.82313e+12 1.68503e+13 3.42336e+13 5.41149e+13 7.31337e+13 8.80158e+13 9.61708e+13 9.61708e+13 8.80158e+13 7.31337e+13 5.41149e+13 3.42336e+13 1.68503e+13 4.82313e+12 5.33759e+10 1.09635e+09 2.71471e+07 676163 16854.4 400.297
1190.02 52319.1 2.1993e+06 9.24952e+07 3.89702e+09 1.94364e+11 1.69093e+13 5.89175e+13 1.19567e+14 1.88889e+14 2.55179e+14 3.07039e+14 3.35453e+14 3.35453e+14 3.07039e+14 2.55179e+14 1.88889e+14 1.19567e+14 5.89175e+13 1.69093e+13 1.94364e+11 3.89702e+09 9.24952e+07 2.1993e+06 52319.1 1190.02
2386.55 105904 4.48971e+06 1.90115e+08 8.04859e+09 4.01524e+11 3.43913e+13 1.197e+14 2.42812e+14 3.83495e+14 5.18005e+14 6.23225e+14 6.80873e+14 6.80873e+14 6.23225e+14 5.18005e+14 3.83495e+14 2.42812e+14 1.197e+14 3.43913e+13 4.01524e+11 8.04859e+09 1.90115e+08 4.48971e+06 105904 2386.55
3785.15 168330 7.14898e+06 3.03118e+08 1.28439e+10 6.40318e+11 5.43847e+13 1.89176e+14 3.8365e+14 6.05851e+14 8.18284e+14 9.84452e+14 1.07549e+15 1.07549e+15 9.84452e+14 8.18284e+14 6.05851e+14 3.8365e+14 1.89176e+14 5.43847e+13 6.40318e+11 1.28439e+10 3.03118e+08 7.14898e+06 168330 3785.15
5134.04 228459 9.70775e+06 4.11778e+08 1.74538e+10 8.69748e+11 7.35033e+13 2.55589e+14 5.18262e+14 8.18362e+14 1.10525e+15 1.32966e+15 1.4526e+15 1.4526e+15 1.32966e+15 1.10525e+15 8.18362e+14 5.18262e+14 2.55589e+14 7.35033e+13 8.69748e+11 1.74538e+10 4.11778e+08 9.70775e+06 228459 5134.04
6192.71 275636 1.1715e+07 4.97016e+08 2.10703e+10 1.0497e+12 8.84562e+13 3.07522e+14 6.23517e+14 9.8452e+14 1.32962e+15 1.59956e+15 1.74744e+15 1.74744e+15 1.59956e+15 1.32962e+15 9.8452e+14 6.23517e+14 3.07522e+14 8.84562e+13 1.0497e+12 2.10703e+10 4.97016e+08 1.1715e+07 275636 6192.71
6773.46 301515 1.28161e+07 5.43776e+08 2.30545e+10 1.14841e+12 9.66468e+13 3.35965e+14 6.81164e+14 1.07552e+15 1.45251e+15 1.74737e+15 1.90891e+15 1.90891e+15 1.74737e+15 1.45251e+15 1.07552e+15 6.81164e+14 3.35965e+14 9.66468e+13 1.14841e+12 2.30545e+10 5.43776e+08 1.28161e+07 301515 6773.46
6773.46 301515 1.28161e+07 5.43776e+08 2.30545e+10 1.14841e+12 9.66468e+13 3.35965e+14 6.81164e+14 1.07552e+15 1.45251e+15 1.74737e+15 1.90891e+15 1.90891e+15 1.74737e+15 1.45251e+15 1.07552e+15 6.81164e+14 3.35965e+14 9.66468e+13 1.14841e+12 2.30545e+10 5.43776e+08 1.28161e+07 301515 6773.46
6192.71 275636 1.1715e+07 4.97016e+08 2.10703e+10 1.0497e+12 8.84562e+13 3.07522e+14 6.23517e+14 9.8452e+14 1.32962e+15 1.59956e+15 1.74744e+15 1.74744e+15 1.59956e+15 1.32962e+15 9.8452e+14 6.23517e+14 3.07522e+14 8.84562e+13 1.0497e+12 2.10703e+10 4.97016e+08 1.1715e+07 275636 6192.71
5134.04 228459 9.70775e+06 4.11778e+08 1.74538e+10 8.69748e+11 7.35033e+13 2.55589e+14 5.18262e+14 8.18362e+14 1.10525e+15 1.32966e+15 1.4526e+15 1.4526e+15 1.32966e+15 1.10525e+15 8.18362e+14 5.18262e+14 2.55589e+14 7.35033e+13 8.69748e+11 1.74538e+10 4.11778e+08 9.70775e+06 228459 5134.04
3785.15 168330 7.14898e+06 3.03118e+08 1.28439e+10 6.40318e+11 5.43847e+13 1.89176e+14 3.8365e+14 6.05851e+14 8.18284e+14 9.84452e+14 1.07549e+15 1.07549e+15 9.84452e+14 8.18284e+14 6.05851e+14 3.8365e+14 1.89176e+14 5.43847e+13 6.40318e+11 1.28439e+10 3.03118e+08 7.14898e+06 168330 3785.15
2386.55 105904 4.48971e+06 1.90115e+08 8.04859e+09 4.01524e+11 3.43913e+13 1.197e+14 2.42812e+14 3.83495e+14 5.18005e+14 6.23225e+14 6.80873e+14 6.80873e+14 6.23225e+14 5.18005e+14 3.83495e+14 2.42812e+14 1.197e+14 3.43913e+13 4.01524e+11 8.04859e+09 1.90115e+08 4.48971e+06 105904 2386.55
1190.02 52319.1 2.1993e+06 9.24952e+07 3.89702e+09 1.94364e+11 1.69093e+13 5.89175e+13 1.19567e+14 1.88889e+14 2.55179e+14 3.07039e+14 3.35453e+14 3.35453e+14 3.07039e+14 2.55179e+14 1.88889e+14 1.19567e+14 5.89175e+13 1.69093e+13 1.94364e+11 3.89702e+09 9.24952e+07 2.1993e+06 52319.1 1190.02
400.297 16854.4 676163 2.71471e+07 1.09635e+09 5.33759e+10 4.82313e+12 1.68503e+13 3.42336e+13 5.41149e+13 7.31337e+13 8.80158e+13 9.61708e+13 9.61708e+13 8.80158e+13 7.31337e+13 5.41149e+13 3.42336e+13 1.68503e+13 4.82313e+12 5.33759e+10 1.09635e+09 2.71471e+07 676163 16854.4 400.297
68.5024 2371.08 71640.9 1.87627e+06 3.66707e+07 5.23532e+08 5.0574e+10 1.83898e+11 3.79889e+11 6.0604e+11 8.23593e+11 9.94425e+11 1.08822e+12 1.08822e+12 9.94425e+11 8.23593e+11 6.0604e+11 3.79889e+11 1.83898e+11 5.0574e+10 5.23532e+08 3.66707e+07 1.87627e+06 71640.9 2371.08 68.5024
7.36274 207.329 4831.03 94529.4 1.57257e+06 3.49157e+07 1.0294e+09 3.65618e+09 7.5527e+09 1.20587e+10 1.63962e+10 1.98032e+10 2.16741e+10 2.16741e+10 1.98032e+10 1.63962e+10 1.20587e+10 7.5527e+09 3.65618e+09 1.0294e+09 3.49157e+07 1.57257e+06 94529.4 4831.03 207.329 7.36274
0.596566 14.2882 283.528 5089.92 91466.6 1.77559e+06 2.54913e+07 8.67878e+07 1.78418e+08 2.84607e+08 3.8685e+08 4.67149e+08 5.11236e+08 5.11236e+08 4.67149e+08 3.8685e+08 2.84607e+08 1.78418e+08 8.67878e+07 2.54913e+07 1.77559e+06 91466.6 5089.92 283.528 14.2882 0.596566
0.0410255 0.881361 16.0594 276.691 4613.92 67614.2 634945 2.06379e+06 4.21384e+06 6.71291e+06 9.12058e+06 1.10115e+07 1.20496e+07 1.20496e+07 1.10115e+07 9.12058e+06 6.71291e+06 4.21384e+06 2.06379e+06 634945 67614.2 4613.92 276.691 16.0594 0.881361 0.0410255
0.00254601 0.0507434 0.86449 13.7523 196.845 2234.5 15827.2 49099.9 99404.9 158073 214652 259095 283492 283492 259095 214652 158073 99404.9 49099.9 15827.2 2234.5 196.845 13.7523 0.86449 0.0507434 0.00254601
0.000133657 0.00250782 0.0397449 0.569941 6.96895 64.4994 375.902 1116.89 2240.27 3554.75 4824.02 5821.3 6368.78 6368.78 5821.3 4824.02 3554.75 2240.27 1116.89 375.902 64.4994 6.96895 0.569941 0.0397449 0.00250782 0.000133657
