2.53413 47.4187 745.565 10565.7 127659 1.17109e+06 6.78824e+06 2.00668e+07 3.99407e+07 6.27371e+07 8.42268e+07 1.00726e+08 1.09634e+08 1.09634e+08 1.00726e+08 8.42268e+07 6.27371e+07 3.99407e+07 2.00668e+07 6.78824e+06 1.17109e+06 127659 10565.7 745.565 47.4187 2.53413
48.6912 971.736 16474.1 258787 3.6449e+06 4.08397e+07 2.87195e+08 8.86201e+08 1.77975e+09 2.80015e+09 3.75944e+09 4.49473e+09 4.89133e+09 4.89133e+09 4.49473e+09 3.75944e+09 2.80015e+09 1.77975e+09 8.86201e+08 2.87195e+08 4.08397e+07 3.6449e+06 258787 16474.1 971.736 48.6912
788.082 17043.8 311236 5.31496e+06 8.68315e+07 1.24658e+09 1.15837e+10 3.74426e+10 7.58131e+10 1.19429e+11 1.60328e+11 1.91625e+11 2.08488e+11 2.08488e+11 1.91625e+11 1.60328e+11 1.19429e+11 7.58131e+10 3.74426e+10 1.15837e+10 1.24658e+09 8.68315e+07 5.31496e+06 311236 17043.8 788.082
11436.2 276740 5.55066e+06 1.00008e+08 1.76586e+09 3.31342e+10 4.67483e+11 1.58259e+12 3.22549e+12 5.08507e+12 6.82488e+12 8.15416e+12 8.86966e+12 8.86966e+12 8.15416e+12 6.82488e+12 5.08507e+12 3.22549e+12 1.58259e+12 4.67483e+11 3.31342e+10 1.76586e+09 1.00008e+08 5.55066e+06 276740 11436.2
140144 3.98648e+06 9.41839e+07 1.87515e+09 3.15248e+10 6.66818e+11 1.89641e+13 6.69756e+13 1.3713e+14 2.16261e+14 2.90154e+14 3.46527e+14 3.76839e+14 3.76839e+14 3.46527e+14 2.90154e+14 2.16261e+14 1.3713e+14 6.69756e+13 1.89641e+13 6.66818e+11 3.15248e+10 1.87515e+09 9.41839e+07 3.98648e+06 140144
1.29217e+06 4.506e+07 1.37538e+09 3.65588e+10 7.35691e+11 1.08991e+13 9.40554e+14 3.40118e+15 6.96649e+15 1.09813e+16 1.47298e+16 1.75901e+16 1.91283e+16 1.91283e+16 1.75901e+16 1.47298e+16 1.09813e+16 6.96649e+15 3.40118e+15 9.40554e+14 1.08991e+13 7.35691e+11 3.65588e+10 1.37538e+09 4.506e+07 1.29217e+06
7.48755e+06 3.16769e+08 1.27762e+10 5.156e+11 2.09159e+13 1.01399e+15 8.95444e+16 3.1239e+17 6.32526e+17 9.94313e+17 1.33509e+18 1.59775e+18 1.74011e+18 1.74011e+18 1.59775e+18 1.33509e+18 9.94313e+17 6.32526e+17 3.1239e+17 8.95444e+16 1.01399e+15 2.09159e+13 5.156e+11 1.27762e+10 3.16769e+08 7.48755e+06
2.21132e+07 9.76505e+08 4.12553e+10 1.74364e+12 7.37877e+13 3.67001e+15 3.13628e+17 1.09127e+18 2.20702e+18 3.46717e+18 4.65388e+18 5.56853e+18 6.0643e+18 6.0643e+18 5.56853e+18 4.65388e+18 3.46717e+18 2.20702e+18 1.09127e+18 3.13628e+17 3.67001e+15 7.37877e+13 1.74364e+12 4.12553e+10 9.76505e+08 2.21132e+07
4.3964e+07 1.95883e+09 8.34333e+10 3.54937e+12 1.50887e+14 7.51155e+15 6.35425e+17 2.20845e+18 4.4628e+18 7.0062e+18 9.39922e+18 1.12424e+19 1.2241e+19 1.2241e+19 1.12424e+19 9.39922e+18 7.0062e+18 4.4628e+18 2.20845e+18 6.35425e+17 7.51155e+15 1.50887e+14 3.54937e+12 8.34333e+10 1.95883e+09 4.3964e+07
6.89718e+07 3.07799e+09 1.31261e+11 5.58811e+12 2.37624e+14 1.18255e+16 9.98372e+17 3.46781e+18 7.00305e+18 1.09869e+19 1.47311e+19 1.76123e+19 1.91725e+19 1.91725e+19 1.76123e+19 1.47311e+19 1.09869e+19 7.00305e+18 3.46781e+18 9.98372e+17 1.18255e+16 2.37624e+14 5.58811e+12 1.31261e+11 3.07799e+09 6.89718e+07
9.24887e+07 4.12747e+09 1.75991e+11 7.49025e+12 3.18386e+14 1.58404e+16 1.33933e+18 4.65072e+18 9.38701e+18 1.47186e+19 1.97243e+19 2.35729e+19 2.56558e+19 2.56558e+19 2.35729e+19 1.97243e+19 1.47186e+19 9.38701e+18 4.65072e+18 1.33933e+18 1.58404e+16 3.18386e+14 7.49025e+12 1.75991e+11 4.12747e+09 9.24887e+07
1.10505e+08 4.93002e+09 2.10136e+11 8.93989e+12 3.79836e+14 1.88947e+16 1.60144e+18 5.56012e+18 1.12186e+19 1.75831e+19 2.35538e+19 2.81414e+19 3.06231e+19 3.06231e+19 2.81414e+19 2.35538e+19 1.75831e+19 1.12186e+19 5.56012e+18 1.60144e+18 1.88947e+16 3.79836e+14 8.93989e+12 2.10136e+11 4.93002e+09 1.10505e+08
1.20216e+08 5.36219e+09 2.28503e+11 9.71878e+12 4.12816e+14 2.05338e+16 1.74323e+18 6.05215e+18 1.22091e+19 1.91315e+19 2.56226e+19 3.06083e+19 3.33047e+19 3.33047e+19 3.06083e+19 2.56226e+19 1.91315e+19 1.22091e+19 6.05215e+18 1.74323e+18 2.05338e+16 4.12816e+14 9.71878e+12 2.28503e+11 5.36219e+09 1.20216e+08
1.20216e+08 5.36219e+09 2.28503e+11 9.71878e+12 4.12816e+14 2.05338e+16 1.74323e+18 6.05215e+18 1.22091e+19 1.91315e+19 2.56226e+19 3.06083e+19 3.33047e+19 3.33047e+19 3.06083e+19 2.56226e+19 1.91315e+19 1.22091e+19 6.05215e+18 1.74323e+18 2.05338e+16 4.12816e+14 9.71878e+12 2.28503e+11 5.36219e+09 1.20216e+08
1.10505e+08 4.93002e+09 2.10136e+11 8.93989e+12 3.79836e+14 1.88947e+16 1.60144e+18 5.56012e+18 1.12186e+19 1.75831e+19 2.35538e+19 2.81414e+19 3.06231e+19 3.06231e+19 2.81414e+19 2.35538e+19 1.75831e+19 1.12186e+19 5.56012e+18 1.60144e+18 1.88947e+16 3.79836e+14 8.93989e+12 2.10136e+11 4.93002e+09 1.10505e+08
9.24887e+07 4.12747e+09 1.75991e+11 7.49025e+12 3.18386e+14 1.58404e+16 1.33933e+18 4.65072e+18 9.38701e+18 1.47186e+19 1.97243e+19 2.35729e+19 2.56558e+19 2.56558e+19 2.35729e+19 1.97243e+19 1.47186e+19 9.38701e+18 4.65072e+18 1.33933e+18 1.58404e+16 3.18386e+14 7.49025e+12 1.75991e+11 4.12747e+09 9.24887e+07
6.89718e+07 3.07799e+09 1.31261e+11 5.58811e+12 2.37624e+14 1.18255e+16 9.98372e+17 3.46781e+18 7.00305e+18 1.09869e+19 1.47311e+19 1.76123e+19 1.91725e+19 1.91725e+19 1.76123e+19 1.47311e+19 1.09869e+19 7.00305e+18 3.46781e+18 9.98372e+17 1.18255e+16 2.37624e+14 5.58811e+12 1.31261e+11 3.07799e+09 6.89718e+07
4.3964e+07 1.95883e+09 8.34333e+10 3.54937e+12 1.50887e+14 7.51155e+15 6.35425e+17 2.20845e+18 4.4628e+18 7.0062e+18 9.39922e+18 1.12424e+19 1.2241e+19 1.2241e+19 1.12424e+19 9.39922e+18 7.0062e+18 4.4628e+18 2.20845e+18 6.35425e+17 7.51155e+15 1.50887e+14 3.54937e+12 8.34333e+10 1.95883e+09 4.3964e+07
2.21132e+07 9.76505e+08 4.12553e+10 1.74364e+12 7.37877e+13 3.67001e+15 3.13628e+17 1.09127e+18 2.20702e+18 3.46717e+18 4.65388e+18 5.56853e+18 6.0643e+18 6.0643e+18 5.56853e+18 4.65388e+18 3.46717e+18 2.20702e+18 1.09127e+18 3.13628e+17 3.67001e+15 7.37877e+13 1.74364e+12 4.12553e+10 9.76505e+08 2.21132e+07
7.48755e+06 3.16769e+08 1.27762e+10 5.156e+11 2.09159e+13 1.01399e+15 8.95444e+16 3.1239e+17 6.32526e+17 9.94313e+17 1.33509e+18 1.59775e+18 1.74011e+18 1.74011e+18 1.59775e+18 1.33509e+18 9.94313e+17 6.32526e+17 3.1239e+17 8.95444e+16 1.01399e+15 2.09159e+13 5.156e+11 1.27762e+10 3.16769e+08 7.48755e+06
1.29217e+06 4.506e+07 1.37538e+09 3.65588e+10 7.35691e+11 1.08991e+13 9.40554e+14 3.40118e+15 6.96649e+15 1.09813e+16 1.47298e+16 1.75901e+16 1.91283e+16 1.91283e+16 1.75901e+16 1.47298e+16 1.09813e+16 6.96649e+15 3.40118e+15 9.40554e+14 1.08991e+13 7.35691e+11 3.65588e+10 1.37538e+09 4.506e+07 1.29217e+06
140144 3.98648e+06 9.41839e+07 1.87515e+09 3.15248e+10 6.66818e+11 1.89641e+13 6.69756e+13 1.3713e+14 2.16261e+14 2.90154e+14 3.46527e+14 3.76839e+14 3.76839e+14 3.46527e+14 2.90154e+14 2.16261e+14 1.3713e+14 6.69756e+13 1.89641e+13 6.66818e+11 3.15248e+10 1.87515e+09 9.41839e+07 3.98648e+06 140144
11436.2 276740 5.55066e+06 1.00008e+08 1.76586e+09 3.31342e+10 4.67483e+11 1.58259e+12 3.22549e+12 5.08507e+12 6.82488e+12 8.15416e+12 8.86966e+12 8.86966e+12 8.15416e+12 6.82488e+12 5.08507e+12 3.22549e+12 1.58259e+12 4.67483e+11 3.31342e+10 1.76586e+09 1.00008e+08 5.55066e+06 276740 11436.2
788.082 17043.8 311236 5.31496e+06 8.68315e+07 1.24658e+09 1.15837e+10 3.74426e+10 7.58131e+10 1.19429e+11 1.60328e+11 1.91625e+11 2.08488e+11 2.08488e+11 1.91625e+11 1.60328e+11 1.19429e+11 7.58131e+10 3.74426e+10 1.15837e+10 1.24658e+09 8.68315e+07 5.31496e+06 311236 17043.8 788.082
48.6912 971.736 16474.1 258787 3.6449e+06 4.08397e+07 2.87195e+08 8.86201e+08 1.77975e+09 2.80015e+09 3.75944e+09 4.49473e+09 4.89133e+09 4.89133e+09 4.49473e+09 3.75944e+09 2.80015e+09 1.77975e+09 8.86201e+08 2.87195e+08 4.08397e+07 3.6449e+06 258787 16474.1 971.736 48.6912
2.53413 47.4187 745.565 10565.7 127659 1.17109e+06 6.78824e+06 2.00668e+07 3.99407e+07 6.27371e+07 8.42268e+07 1.00726e+08 1.09634e+08 1.09634e+08 1.00726e+08 8.42268e+07 6.27371e+07 3.99407e+07 2.00668e+07 6.78824e+06 1.17109e+06 127659 10565.7 745.565 47.4187 2.53413
