0.00325983 0.0614677 0.980666 14.1665 174.408 1623.07 9497.88 28316.2 56984.7 90689.1 123361 149102 163255 163255 149102 123361 90689.1 56984.7 28316.2 9497.88 1623.07 174.408 14.1665 0.980666 0.0614677 0.00325983
0.0621302 1.24317 21.3073 341.632 4930.16 56338.4 400875 1.24808e+06 2.53572e+06 4.04505e+06 5.50664e+06 6.65795e+06 7.29101e+06 7.29101e+06 6.65795e+06 5.50664e+06 4.04505e+06 2.53572e+06 1.24808e+06 400875 56338.4 4930.16 341.632 21.3073 1.24317 0.0621302
1.00306 21.6002 395.183 6857.25 115463 1.70688e+06 1.61146e+07 5.25771e+07 1.07755e+08 1.72238e+08 2.34631e+08 2.83777e+08 3.10802e+08 3.10802e+08 2.83777e+08 2.34631e+08 1.72238e+08 1.07755e+08 5.25771e+07 1.61146e+07 1.70688e+06 115463 6857.25 395.183 21.6002 1.00306
14.6396 351.043 6975.47 125666 2.27962e+06 4.48186e+07 6.47917e+08 2.21478e+09 4.57131e+09 7.31794e+09 9.97436e+09 1.2067e+10 1.32179e+10 1.32179e+10 1.2067e+10 9.97436e+09 7.31794e+09 4.57131e+09 2.21478e+09 6.47917e+08 4.48186e+07 2.27962e+06 125666 6975.47 351.043 14.6396
181.586 5118.78 119286 2.33172e+06 3.88408e+07 8.78085e+08 2.61889e+10 9.34137e+10 1.93785e+11 3.10554e+11 4.23481e+11 5.12457e+11 5.61399e+11 5.61399e+11 5.12457e+11 4.23481e+11 3.10554e+11 1.93785e+11 9.34137e+10 2.61889e+10 8.78085e+08 3.88408e+07 2.33172e+06 119286 5118.78 181.586
1698.48 58891.9 1.78092e+06 4.66018e+07 9.05836e+08 1.28473e+10 1.28475e+12 4.69308e+12 9.73764e+12 1.55944e+13 2.12551e+13 2.5714e+13 2.81663e+13 2.81663e+13 2.5714e+13 2.12551e+13 1.55944e+13 9.73764e+12 4.69308e+12 1.28475e+12 1.28473e+10 9.05836e+08 4.66018e+07 1.78092e+06 58891.9 1698.48
9972.58 420934 1.69221e+07 6.80454e+08 2.75082e+10 1.34299e+12 1.22437e+14 4.29173e+14 8.74915e+14 1.38731e+15 1.87949e+15 2.26572e+15 2.47771e+15 2.47771e+15 2.26572e+15 1.87949e+15 1.38731e+15 8.74915e+14 4.29173e+14 1.22437e+14 1.34299e+12 2.75082e+10 6.80454e+08 1.69221e+07 420934 9972.58
29752.2 1.3116e+06 5.52628e+07 2.32836e+09 9.82236e+10 4.9121e+12 4.30451e+14 1.50455e+15 3.06343e+15 4.85415e+15 6.57344e+15 7.92229e+15 8.66254e+15 8.66254e+15 7.92229e+15 6.57344e+15 4.85415e+15 3.06343e+15 1.50455e+15 4.3045e+14 4.9121e+12 9.82236e+10 2.32836e+09 5.52628e+07 1.3116e+06 29752.2
59857.9 2.66401e+06 1.13227e+08 4.80432e+09 2.037e+11 1.019e+13 8.78237e+14 3.06601e+15 6.23953e+15 9.88386e+15 1.33822e+16 1.61265e+16 1.76325e+16 1.76325e+16 1.61265e+16 1.33822e+16 9.88386e+15 6.23953e+15 3.06601e+15 8.78237e+14 1.019e+13 2.037e+11 4.80432e+09 1.13227e+08 2.66401e+06 59857.9
95196.6 4.24673e+06 1.80854e+08 7.68525e+09 3.26195e+11 1.63077e+13 1.39275e+15 4.85897e+15 9.88542e+15 1.56565e+16 2.11957e+16 2.55407e+16 2.7925e+16 2.7925e+16 2.55407e+16 2.11957e+16 1.56565e+16 9.88542e+15 4.85897e+15 1.39275e+15 1.63077e+13 3.26195e+11 7.68525e+09 1.80854e+08 4.24673e+06 95196.6
129391 5.77652e+06 2.46163e+08 1.0466e+10 4.44417e+11 2.22089e+13 1.88653e+15 6.57902e+15 1.33825e+16 2.11929e+16 2.86889e+16 3.45685e+16 3.77949e+16 3.77949e+16 3.45685e+16 2.86889e+16 2.11929e+16 1.33825e+16 6.57902e+15 1.88653e+15 2.22089e+13 4.44417e+11 1.0466e+10 2.46163e+08 5.77652e+06 129391
156286 6.97946e+06 2.97513e+08 1.26525e+10 5.37387e+11 2.68486e+13 2.27365e+15 7.92728e+15 1.61235e+16 2.5532e+16 3.45614e+16 4.16434e+16 4.55296e+16 4.55296e+16 4.16434e+16 3.45614e+16 2.5532e+16 1.61235e+16 7.92729e+15 2.27365e+15 2.68486e+13 5.37387e+11 1.26525e+10 2.97513e+08 6.97946e+06 156286
171056 7.6401e+06 3.25715e+08 1.38535e+10 5.88455e+11 2.93969e+13 2.48597e+15 8.66672e+15 1.76266e+16 2.79116e+16 3.77818e+16 4.55232e+16 4.97711e+16 4.97711e+16 4.55232e+16 3.77818e+16 2.79116e+16 1.76266e+16 8.66672e+15 2.48597e+15 2.93969e+13 5.88455e+11 1.38535e+10 3.25715e+08 7.6401e+06 171056
171056 7.6401e+06 3.25715e+08 1.38535e+10 5.88455e+11 2.93969e+13 2.48597e+15 8.66672e+15 1.76266e+16 2.79116e+16 3.77818e+16 4.55232e+16 4.97711e+16 4.97711e+16 4.55232e+16 3.77818e+16 2.79116e+16 1.76266e+16 8.66672e+15 2.48597e+15 2.93969e+13 5.88455e+11 1.38535e+10 3.25715e+08 7.6401e+06 171056
156286 6.97946e+06 2.97513e+08 1.26525e+10 5.37387e+11 2.68486e+13 2.27365e+15 7.92729e+15 1.61235e+16 2.5532e+16 3.45614e+16 4.16434e+16 4.55296e+16 4.55296e+16 4.16434e+16 3.45614e+16 2.5532e+16 1.61235e+16 7.92728e+15 2.27365e+15 2.68486e+13 5.37387e+11 1.26525e+10 2.97513e+08 6.97946e+06 156286
129391 5.77652e+06 2.46163e+08 1.0466e+10 4.44417e+11 2.22089e+13 1.88653e+15 6.57902e+15 1.33825e+16 2.11929e+16 2.86889e+16 3.45685e+16 3.77949e+16 3.77949e+16 3.45685e+16 2.86889e+16 2.11929e+16 1.33825e+16 6.57902e+15 1.88653e+15 2.22089e+13 4.44417e+11 1.0466e+10 2.46163e+08 5.77652e+06 129391
95196.6 4.24673e+06 1.80854e+08 7.68525e+09 3.26195e+11 1.63077e+13 1.39275e+15 4.85897e+15 9.88542e+15 1.56565e+16 2.11957e+16 2.55407e+16 2.7925e+16 2.7925e+16 2.55407e+16 2.11957e+16 1.56565e+16 9.88542e+15 4.85897e+15 1.39275e+15 1.63077e+13 3.26195e+11 7.68525e+09 1.80854e+08 4.24673e+06 95196.6
59857.9 2.66401e+06 1.13227e+08 4.80432e+09 2.037e+11 1.019e+13 8.78237e+14 3.06601e+15 6.23953e+15 9.88386e+15 1.33822e+16 1.61265e+16 1.76325e+16 1.76325e+16 1.61265e+16 1.33822e+16 9.88386e+15 6.23953e+15 3.06601e+15 8.78237e+14 1.019e+13 2.037e+11 4.80432e+09 1.13227e+08 2.66401e+06 59857.9
29752.2 1.3116e+06 5.52628e+07 2.32836e+09 9.82236e+10 4.9121e+12 4.3045e+14 1.50455e+15 3.06343e+15 4.85415e+15 6.57344e+15 7.92229e+15 8.66254e+15 8.66254e+15 7.92229e+15 6.57344e+15 4.85415e+15 3.06343e+15 1.50455e+15 4.30451e+14 4.9121e+12 9.82236e+10 2.32836e+09 5.52628e+07 1.3116e+06 29752.2
9972.57 420934 1.69221e+07 6.80454e+08 2.75082e+10 1.34299e+12 1.22437e+14 4.29173e+14 8.74915e+14 1.38731e+15 1.87949e+15 2.26572e+15 2.47771e+15 2.47771e+15 2.26572e+15 1.87949e+15 1.38731e+15 8.74915e+14 4.29173e+14 1.22437e+14 1.34299e+12 2.75082e+10 6.80454e+08 1.69221e+07 420934 9972.57
1698.48 58891.9 1.78092e+06 4.66018e+07 9.05836e+08 1.28473e+10 1.28475e+12 4.69308e+12 9.73764e+12 1.55944e+13 2.12551e+13 2.5714e+13 2.81663e+13 2.81663e+13 2.5714e+13 2.12551e+13 1.55944e+13 9.73764e+12 4.69308e+12 1.28475e+12 1.28473e+10 9.05836e+08 4.66018e+07 1.78092e+06 58891.9 1698.48
181.586 5118.78 119286 2.33172e+06 3.88408e+07 8.78085e+08 2.61889e+10 9.34137e+10 1.93785e+11 3.10554e+11 4.23481e+11 5.12457e+11 5.61399e+11 5.61399e+11 5.12457e+11 4.23481e+11 3.10554e+11 1.93785e+11 9.34137e+10 2.61889e+10 8.78085e+08 3.88408e+07 2.33172e+06 119286 5118.78 181.586
14.6396 351.043 6975.47 125666 2.27962e+06 4.48186e+07 6.47917e+08 2.21478e+09 4.57131e+09 7.31794e+09 9.97436e+09 1.2067e+10 1.32179e+10 1.32179e+10 1.2067e+10 9.97436e+09 7.31794e+09 4.57131e+09 2.21478e+09 6.47917e+08 4.48186e+07 2.27962e+06 125666 6975.47 351.043 14.6396
1.00306 21.6002 395.183 6857.25 115463 1.70688e+06 1.61146e+07 5.25771e+07 1.07755e+08 1.72238e+08 2.34631e+08 2.83777e+08 3.10802e+08 3.10802e+08 2.83777e+08 2.34631e+08 1.72238e+08 1.07755e+08 5.25771e+07 1.61146e+07 1.70688e+06 115463 6857.25 395.183 21.6002 1.00306
0.0621302 1.24317 21.3073 341.632 4930.16 56338.4 400875 1.24808e+06 2.53572e+06 4.04505e+06 5.50664e+06 6.65795e+06 7.29101e+06 7.29101e+06 6.65795e+06 5.50664e+06 4.04505e+06 2.53572e+06 1.24808e+06 400875 56338.4 4930.16 341.632 21.3073 1.24317 0.0621302
0.00325983 0.0614677 0.980666 14.1665 174.408 1623.07 9497.88 28316.2 56984.7 90689.1 123361 149102 163255 163255 149102 123361 90689.1 56984.7 28316.2 9497.88 1623.07 174.408 14.1665 0.980666 0.0614677 0.00325983
