1.85892e-06 3.49367e-05 0.000555433 0.00799648 0.0981328 0.910526 5.31339 15.797 31.7072 50.3541 68.396 82.5994 90.4077 90.4077 82.5994 68.396 50.3541 31.7072 15.797 5.31339 0.910526 0.0981328 0.00799648 0.000555433 3.49367e-05 1.85893e-06
3.53305e-05 0.000704499 0.0120309 0.192215 2.7646 31.4953 223.473 693.692 1405.33 2236.66 3040.07 3672.42 4020.07 4020.07 3672.42 3040.07 2236.66 1405.33 693.692 223.473 31.4953 2.7646 0.192215 0.0120309 0.000704499 3.53305e-05
0.000568698 0.012204 0.22248 3.84687 64.5512 951.281 8956.36 29129.3 59514.3 94892.1 129050 155935 170717 170717 155935 129050 94892.1 59514.3 29129.3 8956.36 951.281 64.5512 3.84687 0.22248 0.012204 0.000568698
0.00827557 0.197755 3.9164 70.3303 1271.54 24917.9 359289 1.224e+06 2.51787e+06 4.01999e+06 5.4696e+06 6.61065e+06 7.23816e+06 7.23816e+06 6.61065e+06 5.4696e+06 4.01999e+06 2.51787e+06 1.224e+06 359289 24917.9 1271.54 70.3303 3.9164 0.197755 0.00827557
0.102346 2.87511 66.7896 1302.1 21635.3 487401 1.45004e+07 5.15331e+07 1.06519e+08 1.70224e+08 2.31695e+08 2.80095e+08 3.06717e+08 3.06717e+08 2.80095e+08 2.31695e+08 1.70224e+08 1.06519e+08 5.15331e+07 1.45004e+07 487400 21635.3 1302.1 66.7896 2.87511 0.102346
0.954562 32.9824 994.348 25956.9 503767 7.13609e+06 7.10934e+08 2.58685e+09 5.34699e+09 8.53762e+09 1.16142e+10 1.40358e+10 1.53676e+10 1.53676e+10 1.40358e+10 1.16142e+10 8.53762e+09 5.34699e+09 2.58685e+09 7.10934e+08 7.13609e+06 503767 25956.9 994.348 32.9824 0.954562
5.58933 235.085 9422.14 377999 1.52574e+07 7.44148e+08 6.77287e+10 2.36651e+11 4.8082e+11 7.6024e+11 1.0278e+12 1.23738e+12 1.35232e+12 1.35232e+12 1.23738e+12 1.0278e+12 7.6024e+11 4.8082e+11 2.36651e+11 6.77286e+10 7.44148e+08 1.52574e+07 377999 9422.14 235.085 5.58933
16.6317 730.441 30676.9 1.28922e+06 5.42877e+07 2.71157e+09 2.37383e+11 8.27197e+11 1.67876e+12 2.65258e+12 3.58461e+12 4.31447e+12 4.71465e+12 4.71465e+12 4.31447e+12 3.58461e+12 2.65258e+12 1.67876e+12 8.27197e+11 2.37383e+11 2.71157e+09 5.42877e+07 1.28922e+06 30676.9 730.441 16.6317
33.3818 1479.75 62674.7 2.65196e+06 1.12209e+08 5.60512e+09 4.8278e+11 1.68043e+12 3.40878e+12 5.38473e+12 7.27554e+12 8.75599e+12 9.56768e+12 9.56768e+12 8.75599e+12 7.27554e+12 5.38473e+12 3.40878e+12 1.68043e+12 4.8278e+11 5.60512e+09 1.12209e+08 2.65196e+06 62674.7 1479.75 33.3818
52.9945 2354.24 99893.4 4.23243e+06 1.79244e+08 8.94684e+09 7.63601e+11 2.65618e+12 5.38671e+12 8.50791e+12 1.14943e+13 1.38324e+13 1.51143e+13 1.51143e+13 1.38324e+13 1.14943e+13 8.50791e+12 5.38671e+12 2.65618e+12 7.63601e+11 8.94684e+09 1.79244e+08 4.23243e+06 99893.4 2354.24 52.9945
71.9499 3198.39 135787 5.75582e+06 2.4385e+08 1.21655e+10 1.03241e+12 3.58981e+12 7.27892e+12 1.14954e+13 1.55296e+13 1.86878e+13 2.04193e+13 2.04193e+13 1.86878e+13 1.55296e+13 1.14954e+13 7.27892e+12 3.58981e+12 1.03241e+12 1.21655e+10 2.4385e+08 5.75582e+06 135787 3198.39 71.9499
86.857 3862.11 164007 6.95362e+06 2.94659e+08 1.4696e+10 1.2429e+12 4.32065e+12 8.75996e+12 1.38336e+13 1.86877e+13 2.24877e+13 2.4571e+13 2.4571e+13 2.24877e+13 1.86877e+13 1.38336e+13 8.75996e+12 4.32065e+12 1.2429e+12 1.4696e+10 2.9466e+08 6.95362e+06 164007 3862.11 86.857
95.0463 4226.74 179512 7.61182e+06 3.22585e+08 1.60867e+10 1.35829e+12 4.72125e+12 9.57173e+12 1.51152e+13 2.04185e+13 2.45703e+13 2.68463e+13 2.68463e+13 2.45703e+13 2.04185e+13 1.51152e+13 9.57173e+12 4.72125e+12 1.35829e+12 1.60867e+10 3.22585e+08 7.61182e+06 179512 4226.74 95.0463
95.0463 4226.74 179512 7.61182e+06 3.22585e+08 1.60867e+10 1.35829e+12 4.72125e+12 9.57173e+12 1.51152e+13 2.04185e+13 2.45703e+13 2.68463e+13 2.68463e+13 2.45703e+13 2.04185e+13 1.51152e+13 9.57173e+12 4.72125e+12 1.35829e+12 1.60867e+10 3.22585e+08 7.61182e+06 179512 4226.74 95.0463
86.857 3862.11 164007 6.95362e+06 2.9466e+08 1.4696e+10 1.2429e+12 4.32065e+12 8.75996e+12 1.38336e+13 1.86877e+13 2.24877e+13 2.4571e+13 2.4571e+13 2.24877e+13 1.86877e+13 1.38336e+13 8.75996e+12 4.32065e+12 1.2429e+12 1.4696e+10 2.94659e+08 6.95362e+06 164007 3862.11 86.857
71.9499 3198.39 135787 5.75582e+06 2.4385e+08 1.21655e+10 1.03241e+12 3.58981e+12 7.27892e+12 1.14954e+13 1.55296e+13 1.86878e+13 2.04193e+13 2.04193e+13 1.86878e+13 1.55296e+13 1.14954e+13 7.27892e+12 3.58981e+12 1.03241e+12 1.21655e+10 2.4385e+08 5.75582e+06 135787 3198.39 71.9499
52.9945 2354.24 99893.4 4.23243e+06 1.79244e+08 8.94684e+09 7.63601e+11 2.65618e+12 5.38671e+12 8.50791e+12 1.14943e+13 1.38324e+13 1.51143e+13 1.51143e+13 1.38324e+13 1.14943e+13 8.50791e+12 5.38671e+12 2.65618e+12 7.63601e+11 8.94684e+09 1.79244e+08 4.23243e+06 99893.4 2354.24 52.9945
33.3818 1479.75 62674.7 2.65196e+06 1.12209e+08 5.60512e+09 4.8278e+11 1.68043e+12 3.40878e+12 5.38473e+12 7.27554e+12 8.75599e+12 9.56768e+12 9.56768e+12 8.75599e+12 7.27554e+12 5.38473e+12 3.40878e+12 1.68043e+12 4.8278e+11 5.60512e+09 1.12209e+08 2.65196e+06 62674.7 1479.75 33.3818
16.6317 730.441 30676.9 1.28922e+06 5.42877e+07 2.71157e+09 2.37383e+11 8.27197e+11 1.67876e+12 2.65258e+12 3.58461e+12 4.31447e+12 4.71465e+12 4.71465e+12 4.31447e+12 3.58461e+12 2.65258e+12 1.67876e+12 8.27197e+11 2.37383e+11 2.71157e+09 5.42877e+07 1.28922e+06 30676.9 730.441 16.6317
5.58933 235.085 9422.14 377999 1.52574e+07 7.44148e+08 6.77286e+10 2.36651e+11 4.8082e+11 7.6024e+11 1.0278e+12 1.23738e+12 1.35232e+12 1.35232e+12 1.23738e+12 1.0278e+12 7.6024e+11 4.8082e+11 2.36651e+11 6.77287e+10 7.44148e+08 1.52574e+07 377999 9422.14 235.085 5.58933
0.954562 32.9823 994.348 25956.8 503767 7.13609e+06 7.10934e+08 2.58685e+09 5.34699e+09 8.53762e+09 1.16142e+10 1.40358e+10 1.53676e+10 1.53676e+10 1.40358e+10 1.16142e+10 8.53762e+09 5.34699e+09 2.58685e+09 7.10934e+08 7.13609e+06 503767 25956.9 994.348 32.9824 0.954562
0.102346 2.87511 66.7896 1302.1 21635.3 487400 1.45004e+07 5.15331e+07 1.06519e+08 1.70224e+08 2.31695e+08 2.80095e+08 3.06717e+08 3.06717e+08 2.80095e+08 2.31695e+08 1.70224e+08 1.06519e+08 5.15331e+07 1.45004e+07 487401 21635.3 1302.1 66.7896 2.87511 0.102346
0.00827556 0.197755 3.9164 70.3303 1271.54 24917.9 359289 1.224e+06 2.51787e+06 4.01999e+06 5.4696e+06 6.61065e+06 7.23816e+06 7.23816e+06 6.61065e+06 5.4696e+06 4.01999e+06 2.51787e+06 1.224e+06 359289 24917.9 1271.54 70.3303 3.9164 0.197755 0.00827556
0.000568698 0.012204 0.22248 3.84687 64.5512 951.281 8956.36 29129.3 59514.3 94892.1 129050 155935 170717 170717 155935 129050 94892.1 59514.3 29129.3 8956.36 951.281 64.5512 3.84687 0.22248 0.012204 0.000568698
3.53305e-05 0.000704499 0.0120309 0.192215 2.7646 31.4953 223.473 693.692 1405.33 2236.66 3040.07 3672.42 4020.07 4020.07 3672.42 3040.07 2236.66 1405.33 693.692 223.473 31.4953 2.7646 0.192215 0.0120309 0.000704499 3.53305e-05
1.85893e-06 3.49367e-05 0.000555433 0.00799648 0.0981328 0.910526 5.31339 15.797 31.7072 50.3541 68.396 82.5994 90.4077 90.4077 82.5994 68.396 50.3541 31.7072 15.797 5.31339 0.910526 0.0981328 0.00799648 0.000555433 3.49367e-05 1.85892e-06
