0.170198 3.24031 52.0069 753.923 9310.13 86970.5 511270 1.53087e+06 3.09108e+06 4.92816e+06 6.70616e+06 8.10229e+06 8.86754e+06 8.86754e+06 8.10229e+06 6.70616e+06 4.92816e+06 3.09108e+06 1.53087e+06 511270 86970.5 9310.13 753.923 52.0069 3.24031 0.170198
3.28817 66.7124 1152.63 18543.4 267984 3.06872e+06 2.19162e+07 6.85475e+07 1.39786e+08 2.23446e+08 3.04327e+08 3.6781e+08 4.026e+08 4.026e+08 3.6781e+08 3.04327e+08 2.23446e+08 1.39786e+08 6.85475e+07 2.19162e+07 3.06872e+06 267984 18543.4 1152.63 66.7124 3.28817
53.6323 1174.47 21720 378547 6.37051e+06 9.40885e+07 8.90164e+08 2.91838e+09 6.0055e+09 9.62058e+09 1.3112e+10 1.58513e+10 1.73521e+10 1.73521e+10 1.58513e+10 1.3112e+10 9.62058e+09 6.0055e+09 2.91838e+09 8.90164e+08 9.40885e+07 6.37051e+06 378547 21720 1174.47 53.6323
788.065 19244.5 387636 7.04124e+06 1.27682e+08 2.4952e+09 3.60435e+10 1.23843e+11 2.56742e+11 4.11971e+11 5.61776e+11 6.79267e+11 7.43622e+11 7.43622e+11 6.79267e+11 5.61776e+11 4.11971e+11 2.56742e+11 1.23843e+11 3.60435e+10 2.4952e+09 1.27682e+08 7.04124e+06 387636 19244.5 788.065
9819.15 281811 6.66143e+06 1.31842e+08 2.21442e+09 4.94529e+10 1.46362e+12 5.25e+12 1.09433e+13 1.75808e+13 2.39835e+13 2.90034e+13 3.17523e+13 3.17523e+13 2.90034e+13 2.39835e+13 1.75808e+13 1.09433e+13 5.25e+12 1.46362e+12 4.94529e+10 2.21442e+09 1.31842e+08 6.66143e+06 281811 9819.15
92176.4 3.2498e+06 9.95073e+07 2.63246e+09 5.1886e+10 7.47124e+11 7.21146e+13 2.65016e+14 5.52724e+14 8.87554e+14 1.21037e+15 1.46341e+15 1.60196e+15 1.60196e+15 1.46341e+15 1.21037e+15 8.87554e+14 5.52724e+14 2.65016e+14 7.21146e+13 7.47124e+11 5.1886e+10 2.63246e+09 9.95073e+07 3.2498e+06 92176.4
543139 2.32829e+07 9.45707e+08 3.82945e+10 1.55516e+12 7.5919e+13 6.87991e+15 2.42485e+16 4.96939e+16 7.90906e+16 1.07372e+17 1.29552e+17 1.41711e+17 1.41711e+17 1.29552e+17 1.07372e+17 7.90906e+16 4.96939e+16 2.42485e+16 6.87991e+15 7.5919e+13 1.55516e+12 3.82945e+10 9.45707e+08 2.32829e+07 543139
1.62676e+06 7.28486e+07 3.10186e+09 1.31645e+11 5.58151e+12 2.79361e+14 2.43311e+16 8.54859e+16 1.74942e+17 2.78206e+17 3.77519e+17 4.55398e+17 4.98092e+17 4.98092e+17 4.55398e+17 3.77519e+17 2.78206e+17 1.74942e+17 8.54859e+16 2.43311e+16 2.79361e+14 5.58151e+12 1.31645e+11 3.10186e+09 7.28486e+07 1.62676e+06
3.28301e+06 1.48482e+08 6.3798e+09 2.72777e+11 1.16282e+13 5.82496e+14 4.99101e+16 1.75111e+17 3.58094e+17 5.69204e+17 7.72162e+17 9.31286e+17 1.01851e+18 1.01851e+18 9.31286e+17 7.72162e+17 5.69204e+17 3.58094e+17 1.75111e+17 4.99101e+16 5.82496e+14 1.16282e+13 2.72777e+11 6.3798e+09 1.48482e+08 3.28301e+06
5.22958e+06 2.37133e+08 1.02108e+10 4.37287e+11 1.86631e+13 9.34596e+14 7.94398e+16 2.78504e+17 5.69267e+17 9.04566e+17 1.2268e+18 1.47938e+18 1.61781e+18 1.61781e+18 1.47938e+18 1.2268e+18 9.04566e+17 5.69267e+17 2.78504e+17 7.94398e+16 9.34596e+14 1.86631e+13 4.37287e+11 1.02108e+10 2.37133e+08 5.22958e+06
7.10947e+06 3.22647e+08 1.39021e+10 5.95665e+11 2.5432e+13 1.27323e+15 1.07811e+17 3.77813e+17 7.72034e+17 1.22647e+18 1.66305e+18 2.00518e+18 2.19267e+18 2.19267e+18 2.00518e+18 1.66305e+18 1.22647e+18 7.72034e+17 3.77813e+17 1.07811e+17 1.27323e+15 2.5432e+13 5.95665e+11 1.39021e+10 3.22647e+08 7.10947e+06
8.5826e+06 3.89624e+08 1.67918e+10 7.19593e+11 3.07262e+13 1.53804e+15 1.30029e+17 4.55581e+17 9.3079e+17 1.47844e+18 2.00446e+18 2.4166e+18 2.64243e+18 2.64243e+18 2.4166e+18 2.00446e+18 1.47844e+18 9.3079e+17 4.55581e+17 1.30029e+17 1.53804e+15 3.07262e+13 7.19593e+11 1.67918e+10 3.89624e+08 8.5826e+06
9.38889e+06 4.26273e+08 1.83726e+10 7.87361e+11 3.36203e+13 1.68277e+15 1.42195e+17 4.98169e+17 1.01772e+18 1.6164e+18 2.19136e+18 2.6418e+18 2.8886e+18 2.8886e+18 2.6418e+18 2.19136e+18 1.6164e+18 1.01772e+18 4.98169e+17 1.42195e+17 1.68277e+15 3.36203e+13 7.87361e+11 1.83726e+10 4.26273e+08 9.38889e+06
9.38889e+06 4.26273e+08 1.83726e+10 7.87361e+11 3.36203e+13 1.68277e+15 1.42195e+17 4.98169e+17 1.01772e+18 1.6164e+18 2.19136e+18 2.6418e+18 2.8886e+18 2.8886e+18 2.6418e+18 2.19136e+18 1.6164e+18 1.01772e+18 4.98169e+17 1.42195e+17 1.68277e+15 3.36203e+13 7.87361e+11 1.83726e+10 4.26273e+08 9.38889e+06
8.5826e+06 3.89624e+08 1.67918e+10 7.19593e+11 3.07262e+13 1.53804e+15 1.30029e+17 4.55581e+17 9.3079e+17 1.47844e+18 2.00446e+18 2.4166e+18 2.64243e+18 2.64243e+18 2.4166e+18 2.00446e+18 1.47844e+18 9.3079e+17 4.55581e+17 1.30029e+17 1.53804e+15 3.07262e+13 7.19593e+11 1.67918e+10 3.89624e+08 8.5826e+06
7.10947e+06 3.22647e+08 1.39021e+10 5.95665e+11 2.5432e+13 1.27323e+15 1.07811e+17 3.77813e+17 7.72034e+17 1.22647e+18 1.66305e+18 2.00518e+18 2.19267e+18 2.19267e+18 2.00518e+18 1.66305e+18 1.22647e+18 7.72034e+17 3.77813e+17 1.07811e+17 1.27323e+15 2.5432e+13 5.95665e+11 1.39021e+10 3.22647e+08 7.10947e+06
5.22958e+06 2.37133e+08 1.02108e+10 4.37287e+11 1.86631e+13 9.34596e+14 7.94398e+16 2.78504e+17 5.69267e+17 9.04566e+17 1.2268e+18 1.47938e+18 1.61781e+18 1.61781e+18 1.47938e+18 1.2268e+18 9.04566e+17 5.69267e+17 2.78504e+17 7.94398e+16 9.34596e+14 1.86631e+13 4.37287e+11 1.02108e+10 2.37133e+08 5.22958e+06
3.28301e+06 1.48482e+08 6.3798e+09 2.72777e+11 1.16282e+13 5.82496e+14 4.99101e+16 1.75111e+17 3.58094e+17 5.69204e+17 7.72162e+17 9.31286e+17 1.01851e+18 1.01851e+18 9.31286e+17 7.72162e+17 5.69204e+17 3.58094e+17 1.75111e+17 4.99101e+16 5.82496e+14 1.16282e+13 2.72777e+11 6.3798e+09 1.48482e+08 3.28301e+06
1.62676e+06 7.28486e+07 3.10186e+09 1.31645e+11 5.58151e+12 2.79361e+14 2.43311e+16 8.54859e+16 1.74942e+17 2.78206e+17 3.77519e+17 4.55398e+17 4.98092e+17 4.98092e+17 4.55398e+17 3.77519e+17 2.78206e+17 1.74942e+17 8.54859e+16 2.43311e+16 2.79361e+14 5.58151e+12 1.31645e+11 3.10186e+09 7.28486e+07 1.62676e+06
543139 2.32829e+07 9.45707e+08 3.82945e+10 1.55516e+12 7.5919e+13 6.87991e+15 2.42485e+16 4.96939e+16 7.90906e+16 1.07372e+17 1.29552e+17 1.41711e+17 1.41711e+17 1.29552e+17 1.07372e+17 7.90906e+16 4.96939e+16 2.42485e+16 6.87991e+15 7.5919e+13 1.55516e+12 3.82945e+10 9.45707e+08 2.32829e+07 543139
92176.4 3.2498e+06 9.95073e+07 2.63246e+09 5.1886e+10 7.47124e+11 7.21146e+13 2.65016e+14 5.52724e+14 8.87554e+14 1.21037e+15 1.46341e+15 1.60196e+15 1.60196e+15 1.46341e+15 1.21037e+15 8.87554e+14 5.52724e+14 2.65016e+14 7.21146e+13 7.47124e+11 5.1886e+10 2.63246e+09 9.95073e+07 3.2498e+06 92176.4
9819.15 281811 6.66143e+06 1.31842e+08 2.21442e+09 4.94529e+10 1.46362e+12 5.25e+12 1.09433e+13 1.75808e+13 2.39835e+13 2.90034e+13 3.17523e+13 3.17523e+13 2.90034e+13 2.39835e+13 1.75808e+13 1.09433e+13 5.25e+12 1.46362e+12 4.94529e+10 2.21442e+09 1.31842e+08 6.66143e+06 281811 9819.15
788.065 19244.5 387636 7.04124e+06 1.27682e+08 2.4952e+09 3.60435e+10 1.23843e+11 2.56742e+11 4.11971e+11 5.61776e+11 6.79267e+11 7.43622e+11 7.43622e+11 6.79267e+11 5.61776e+11 4.11971e+11 2.56742e+11 1.23843e+11 3.60435e+10 2.4952e+09 1.27682e+08 7.04124e+06 387636 19244.5 788.065
53.6323 1174.47 21720 378547 6.37051e+06 9.40885e+07 8.90164e+08 2.91838e+09 6.0055e+09 9.62058e+09 1.3112e+10 1.58513e+10 1.73521e+10 1.73521e+10 1.58513e+10 1.3112e+10 9.62058e+09 6.0055e+09 2.91838e+09 8.90164e+08 9.40885e+07 6.37051e+06 378547 21720 1174.47 53.6323
3.28817 66.7124 1152.63 18543.4 267984 3.06872e+06 2.19162e+07 6.85475e+07 1.39786e+08 2.23446e+08 3.04327e+08 3.6781e+08 4.026e+08 4.026e+08 3.6781e+08 3.04327e+08 2.23446e+08 1.39786e+08 6.85475e+07 2.19162e+07 3.06872e+06 267984 18543.4 1152.63 66.7124 3.28817
0.170198 3.24031 52.0069 753.923 9310.13 86970.5 511270 1.53087e+06 3.09108e+06 4.92816e+06 6.70616e+06 8.10229e+06 8.86754e+06 8.86754e+06 8.10229e+06 6.70616e+06 4.92816e+06 3.09108e+06 1.53087e+06 511270 86970.5 9310.13 753.923 52.0069 3.24031 0.170198
