17.3068 320.242 4949.35 68679.4 812586 7.32502e+06 4.18996e+07 1.22386e+08 2.40434e+08 3.7269e+08 4.94458e+08 5.86088e+08 6.34895e+08 6.34895e+08 5.86088e+08 4.94458e+08 3.7269e+08 2.40434e+08 1.22386e+08 4.18996e+07 7.32502e+06 812586 68679.4 4949.35 320.242 17.3068
332.427 6586.42 110113 1.69342e+06 2.32722e+07 2.55252e+08 1.76838e+09 5.38921e+09 1.06759e+10 1.65641e+10 2.19631e+10 2.60144e+10 2.81685e+10 2.81685e+10 2.60144e+10 2.19631e+10 1.65641e+10 1.06759e+10 5.38921e+09 1.76838e+09 2.55252e+08 2.32722e+07 1.69342e+06 110113 6586.42 332.427
5353.51 115532 2.09462e+06 3.51611e+07 5.58633e+08 7.79746e+09 7.11704e+10 2.27077e+11 4.53203e+11 7.035e+11 9.3207e+11 1.10309e+12 1.19385e+12 1.19385e+12 1.10309e+12 9.3207e+11 7.035e+11 4.53203e+11 2.27077e+11 7.11704e+10 7.79746e+09 5.58633e+08 3.51611e+07 2.09462e+06 115532 5353.51
76860.1 1.86268e+06 3.73924e+07 6.70051e+08 1.15488e+10 2.08218e+11 2.86779e+12 9.5772e+12 1.92251e+13 2.98416e+13 3.94997e+13 4.67055e+13 5.05225e+13 5.05225e+13 4.67055e+13 3.94997e+13 2.98416e+13 1.92251e+13 9.5772e+12 2.86779e+12 2.08218e+11 1.15488e+10 6.70051e+08 3.73924e+07 1.86268e+06 76860.1
927891 2.64423e+07 6.27432e+08 1.25843e+10 2.1188e+11 4.25842e+12 1.1625e+14 4.04737e+14 8.15517e+14 1.26521e+15 1.67289e+15 1.9762e+15 2.13656e+15 2.13656e+15 1.9762e+15 1.67289e+15 1.26521e+15 8.15517e+14 4.04737e+14 1.1625e+14 4.25842e+12 2.1188e+11 1.25843e+10 6.27432e+08 2.64423e+07 927891
8.41683e+06 2.9343e+08 8.97181e+09 2.39995e+11 4.92475e+12 7.47903e+13 5.80277e+15 2.06729e+16 4.16597e+16 6.45944e+16 8.53874e+16 1.00865e+17 1.09053e+17 1.09053e+17 1.00865e+17 8.53874e+16 6.45944e+16 4.16597e+16 2.06729e+16 5.80277e+15 7.47903e+13 4.92475e+12 2.39995e+11 8.97181e+09 2.9343e+08 8.41683e+06
4.80327e+07 2.02682e+09 8.15545e+10 3.28552e+12 1.33152e+14 6.40664e+15 5.50884e+17 1.90253e+18 3.80718e+18 5.91343e+18 7.85648e+18 9.32861e+18 1.01176e+19 1.01176e+19 9.32861e+18 7.85648e+18 5.91343e+18 3.80718e+18 1.90253e+18 5.50884e+17 6.40664e+15 1.33152e+14 3.28552e+12 8.15545e+10 2.02682e+09 4.80327e+07
1.4007e+08 6.16591e+09 2.59715e+11 1.09501e+13 4.62601e+14 2.28455e+16 1.91128e+18 6.58409e+18 1.31564e+19 2.04132e+19 2.70989e+19 3.21593e+19 3.48697e+19 3.48697e+19 3.21593e+19 2.70989e+19 2.04132e+19 1.31564e+19 6.58409e+18 1.91128e+18 2.28455e+16 4.62601e+14 1.09501e+13 2.59715e+11 6.16591e+09 1.4007e+08
2.74851e+08 1.21998e+10 5.17701e+11 2.19532e+13 9.30905e+14 4.60038e+16 3.82624e+18 1.31621e+19 2.62595e+19 4.06779e+19 5.39222e+19 6.39211e+19 6.92674e+19 6.92674e+19 6.39211e+19 5.39222e+19 4.06779e+19 2.62595e+19 1.31621e+19 3.82624e+18 4.60038e+16 9.30905e+14 2.19532e+13 5.17701e+11 1.21998e+10 2.74851e+08
4.25622e+08 1.89094e+10 8.0279e+11 3.404e+13 1.44265e+15 7.12456e+16 5.93755e+18 2.04037e+19 4.06421e+19 6.28443e+19 8.31656e+19 9.84598e+19 1.0662e+20 1.0662e+20 9.84598e+19 8.31656e+19 6.28443e+19 4.06421e+19 2.04037e+19 5.93755e+18 7.12456e+16 1.44265e+15 3.404e+13 8.0279e+11 1.89094e+10 4.25622e+08
5.64226e+08 2.50519e+10 1.06271e+12 4.50171e+13 1.90577e+15 9.40633e+16 7.87797e+18 2.70511e+19 5.38052e+19 8.30587e+19 1.09742e+20 1.29764e+20 1.40425e+20 1.40425e+20 1.29764e+20 1.09742e+20 8.30587e+19 5.38052e+19 2.70511e+19 7.87797e+18 9.40633e+16 1.90577e+15 4.50171e+13 1.06271e+12 2.50519e+10 5.64226e+08
6.68389e+08 2.96549e+10 1.2569e+12 5.31949e+13 2.2498e+15 1.11003e+17 9.34289e+18 3.20649e+19 6.37083e+19 9.82196e+19 1.29614e+20 1.53116e+20 1.6561e+20 1.6561e+20 1.53116e+20 1.29614e+20 9.82196e+19 6.37083e+19 3.20649e+19 9.34289e+18 1.11003e+17 2.2498e+15 5.31949e+13 1.2569e+12 2.96549e+10 6.68389e+08
7.23823e+08 3.21001e+10 1.35987e+12 5.75225e+13 2.4315e+15 1.19946e+17 1.0126e+19 3.47436e+19 6.89903e+19 1.06289e+20 1.40169e+20 1.655e+20 1.78953e+20 1.78953e+20 1.655e+20 1.40169e+20 1.06289e+20 6.89903e+19 3.47436e+19 1.0126e+19 1.19946e+17 2.4315e+15 5.75225e+13 1.35987e+12 3.21001e+10 7.23823e+08
7.23823e+08 3.21001e+10 1.35987e+12 5.75225e+13 2.4315e+15 1.19946e+17 1.0126e+19 3.47436e+19 6.89903e+19 1.06289e+20 1.40169e+20 1.655e+20 1.78953e+20 1.78953e+20 1.655e+20 1.40169e+20 1.06289e+20 6.89903e+19 3.47436e+19 1.0126e+19 1.19946e+17 2.4315e+15 5.75225e+13 1.35987e+12 3.21001e+10 7.23823e+08
6.68389e+08 2.96549e+10 1.2569e+12 5.31949e+13 2.2498e+15 1.11003e+17 9.34289e+18 3.20649e+19 6.37083e+19 9.82196e+19 1.29614e+20 1.53116e+20 1.6561e+20 1.6561e+20 1.53116e+20 1.29614e+20 9.82196e+19 6.37083e+19 3.20649e+19 9.34289e+18 1.11003e+17 2.2498e+15 5.31949e+13 1.2569e+12 2.96549e+10 6.68389e+08
5.64226e+08 2.50519e+10 1.06271e+12 4.50171e+13 1.90577e+15 9.40633e+16 7.87797e+18 2.70511e+19 5.38052e+19 8.30587e+19 1.09742e+20 1.29764e+20 1.40425e+20 1.40425e+20 1.29764e+20 1.09742e+20 8.30587e+19 5.38052e+19 2.70511e+19 7.87797e+18 9.40633e+16 1.90577e+15 4.50171e+13 1.06271e+12 2.50519e+10 5.64226e+08
4.25622e+08 1.89094e+10 8.0279e+11 3.404e+13 1.44265e+15 7.12456e+16 5.93755e+18 2.04037e+19 4.06421e+19 6.28443e+19 8.31656e+19 9.84598e+19 1.0662e+20 1.0662e+20 9.84598e+19 8.31656e+19 6.28443e+19 4.06421e+19 2.04037e+19 5.93755e+18 7.12456e+16 1.44265e+15 3.404e+13 8.0279e+11 1.89094e+10 4.25622e+08
2.74851e+08 1.21998e+10 5.17701e+11 2.19532e+13 9.30905e+14 4.60038e+16 3.82624e+18 1.31621e+19 2.62595e+19 4.06779e+19 5.39222e+19 6.39211e+19 6.92674e+19 6.92674e+19 6.39211e+19 5.39222e+19 4.06779e+19 2.62595e+19 1.31621e+19 3.82624e+18 4.60038e+16 9.30905e+14 2.19532e+13 5.17701e+11 1.21998e+10 2.74851e+08
1.4007e+08 6.16591e+09 2.59715e+11 1.09501e+13 4.62601e+14 2.28455e+16 1.91128e+18 6.58409e+18 1.31564e+19 2.04132e+19 2.70989e+19 3.21593e+19 3.48697e+19 3.48697e+19 3.21593e+19 2.70989e+19 2.04132e+19 1.31564e+19 6.58409e+18 1.91128e+18 2.28455e+16 4.62601e+14 1.09501e+13 2.59715e+11 6.16591e+09 1.4007e+08
4.80327e+07 2.02682e+09 8.15545e+10 3.28552e+12 1.33152e+14 6.40664e+15 5.50884e+17 1.90253e+18 3.80718e+18 5.91343e+18 7.85648e+18 9.32861e+18 1.01176e+19 1.01176e+19 9.32861e+18 7.85648e+18 5.91343e+18 3.80718e+18 1.90253e+18 5.50884e+17 6.40664e+15 1.33152e+14 3.28552e+12 8.15545e+10 2.02682e+09 4.80327e+07
8.41683e+06 2.9343e+08 8.97181e+09 2.39995e+11 4.92475e+12 7.47903e+13 5.80277e+15 2.06729e+16 4.16597e+16 6.45944e+16 8.53874e+16 1.00865e+17 1.09053e+17 1.09053e+17 1.00865e+17 8.53874e+16 6.45944e+16 4.16597e+16 2.06729e+16 5.80277e+15 7.47903e+13 4.92475e+12 2.39995e+11 8.97181e+09 2.9343e+08 8.41683e+06
927891 2.64423e+07 6.27432e+08 1.25843e+10 2.1188e+11 4.25842e+12 1.1625e+14 4.04737e+14 8.15517e+14 1.26521e+15 1.67289e+15 1.9762e+15 2.13656e+15 2.13656e+15 1.9762e+15 1.67289e+15 1.26521e+15 8.15517e+14 4.04737e+14 1.1625e+14 4.25842e+12 2.1188e+11 1.25843e+10 6.27432e+08 2.64423e+07 927891
76860.1 1.86268e+06 3.73924e+07 6.70051e+08 1.15488e+10 2.08218e+11 2.86779e+12 9.5772e+12 1.92251e+13 2.98416e+13 3.94997e+13 4.67055e+13 5.05225e+13 5.05225e+13 4.67055e+13 3.94997e+13 2.98416e+13 1.92251e+13 9.5772e+12 2.86779e+12 2.08218e+11 1.15488e+10 6.70051e+08 3.73924e+07 1.86268e+06 76860.1
5353.51 115532 2.09462e+06 3.51611e+07 5.58633e+08 7.79746e+09 7.11704e+10 2.27077e+11 4.53203e+11 7.035e+11 9.3207e+11 1.10309e+12 1.19385e+12 1.19385e+12 1.10309e+12 9.3207e+11 7.035e+11 4.53203e+11 2.27077e+11 7.11704e+10 7.79746e+09 5.58633e+08 3.51611e+07 2.09462e+06 115532 5353.51
332.427 6586.42 110113 1.69342e+06 2.32722e+07 2.55252e+08 1.76838e+09 5.38921e+09 1.06759e+10 1.65641e+10 2.19631e+10 2.60144e+10 2.81685e+10 2.81685e+10 2.60144e+10 2.19631e+10 1.65641e+10 1.06759e+10 5.38921e+09 1.76838e+09 2.55252e+08 2.32722e+07 1.69342e+06 110113 6586.42 332.427
17.3068 320.242 4949.35 68679.4 812586 7.32502e+06 4.18996e+07 1.22386e+08 2.40434e+08 3.7269e+08 4.94458e+08 5.86088e+08 6.34895e+08 6.34895e+08 5.86088e+08 4.94458e+08 3.7269e+08 2.40434e+08 1.22386e+08 4.18996e+07 7.32502e+06 812586 68679.4 4949.35 320.242 17.3068
