0.000138057 0.00257672 0.0405131 0.575474 6.97228 64.0475 371.133 1096.76 2186.73 3448.66 4654.68 5594.21 6107.11 6107.11 5594.21 4654.68 3448.66 2186.73 1096.76 371.133 64.0475 6.97228 0.575474 0.0405131 0.00257672 0.000138057
0.00262995 0.052234 0.884013 13.925 197.138 2217.29 15604.8 48138.3 96849 153029 206629 248358 271134 271134 248358 206629 153029 96849 48138.3 15604.8 2217.29 197.138 13.925 0.884013 0.052234 0.00262995
0.0422859 0.907495 16.4796 281.618 4635.99 67105.2 625371 2.02081e+06 4.09915e+06 6.48682e+06 8.76146e+06 1.05315e+07 1.14974e+07 1.14974e+07 1.05315e+07 8.76146e+06 6.48682e+06 4.09915e+06 2.02081e+06 625371 67105.2 4635.99 281.618 16.4796 0.907495 0.0422859
0.611842 14.6641 291.159 5213.98 92615.4 1.76573e+06 2.50916e+07 8.49083e+07 1.73364e+08 2.74629e+08 3.70996e+08 4.45962e+08 4.86867e+08 4.86867e+08 4.45962e+08 3.70996e+08 2.74629e+08 1.73364e+08 8.49083e+07 2.50916e+07 1.76573e+06 92615.4 5213.98 291.159 14.6641 0.611842
7.49855 211.306 4934.58 96938.8 1.61445e+06 3.49756e+07 1.01309e+09 3.57545e+09 7.33335e+09 1.16239e+10 1.57043e+10 1.88778e+10 2.06093e+10 2.06093e+10 1.88778e+10 1.57043e+10 1.16239e+10 7.33335e+09 3.57545e+09 1.01309e+09 3.49756e+07 1.61445e+06 96938.8 4934.58 211.306 7.49855
69.2394 2395.78 72447.1 1.90348e+06 3.75787e+07 5.43938e+08 4.9917e+10 1.80314e+11 3.6981e+11 5.85705e+11 7.90915e+11 9.50497e+11 1.03756e+12 1.03756e+12 9.50497e+11 7.90915e+11 5.85705e+11 3.6981e+11 1.80314e+11 4.9917e+10 5.43938e+08 3.75787e+07 1.90348e+06 72447.1 2395.78 69.2394
401.763 16892.4 676971 2.71623e+07 1.09674e+09 5.32291e+10 4.75551e+12 1.6545e+13 3.34527e+13 5.26252e+13 7.08191e+13 8.49635e+13 9.26817e+13 9.26817e+13 8.49635e+13 7.08191e+13 5.26252e+13 3.34527e+13 1.6545e+13 4.75551e+12 5.32291e+10 1.09674e+09 2.71623e+07 676971 16892.4 401.763
1187.18 52107.5 2.18747e+06 9.19131e+07 3.87054e+09 1.9251e+11 1.66068e+13 5.76405e+13 1.16442e+14 1.831e+14 2.46349e+14 2.9552e+14 3.22352e+14 3.22352e+14 2.9552e+14 2.46349e+14 1.831e+14 1.16442e+14 5.76405e+13 1.66068e+13 1.9251e+11 3.87054e+09 9.19131e+07 2.18747e+06 52107.5 1187.18
2365.7 104775 4.43462e+06 1.87553e+08 7.9336e+09 3.94727e+11 3.36099e+13 1.16556e+14 2.35386e+14 3.7008e+14 4.97881e+14 5.97236e+14 6.51453e+14 6.51453e+14 5.97236e+14 4.97881e+14 3.7008e+14 2.35386e+14 1.16556e+14 3.36099e+13 3.94727e+11 7.9336e+09 1.87553e+08 4.43462e+06 104775 2365.7
3728.18 165428 7.01224e+06 2.96867e+08 1.25649e+10 6.24765e+11 5.288e+13 1.8331e+14 3.70143e+14 5.81907e+14 7.82832e+14 9.39036e+14 1.02427e+15 1.02427e+15 9.39035e+14 7.82832e+14 5.81907e+14 3.70143e+14 1.8331e+14 5.28801e+13 6.24765e+11 1.25649e+10 2.96867e+08 7.01224e+06 165428 3728.18
5028.25 223201 9.46371e+06 4.00714e+08 1.69615e+10 8.43042e+11 7.11499e+13 2.46595e+14 4.97895e+14 7.82723e+14 1.05297e+15 1.26307e+15 1.37771e+15 1.37771e+15 1.26307e+15 1.05297e+15 7.82723e+14 4.97895e+14 2.46595e+14 7.11499e+13 8.43042e+11 1.69615e+10 4.00714e+08 9.46371e+06 223201 5028.25
6039.63 268115 1.13685e+07 4.81373e+08 2.03755e+10 1.01252e+12 8.53402e+13 2.95751e+14 5.97127e+14 9.38707e+14 1.2628e+15 1.51476e+15 1.65225e+15 1.65225e+15 1.51476e+15 1.2628e+15 9.38707e+14 5.97127e+14 2.95751e+14 8.53402e+13 1.01252e+12 2.03755e+10 4.81373e+08 1.13685e+07 268115 6039.63
6591.22 292604 1.24069e+07 5.25338e+08 2.22361e+10 1.10488e+12 9.30782e+13 3.22557e+14 6.51242e+14 1.02377e+15 1.37723e+15 1.65202e+15 1.80197e+15 1.80197e+15 1.65202e+15 1.37723e+15 1.02377e+15 6.51242e+14 3.22557e+14 9.30782e+13 1.10488e+12 2.22361e+10 5.25338e+08 1.24069e+07 292604 6591.22
6591.22 292604 1.24069e+07 5.25338e+08 2.22361e+10 1.10488e+12 9.30782e+13 3.22557e+14 6.51242e+14 1.02377e+15 1.37723e+15 1.65202e+15 1.80197e+15 1.80197e+15 1.65202e+15 1.37723e+15 1.02377e+15 6.51242e+14 3.22557e+14 9.30782e+13 1.10488e+12 2.22361e+10 5.25338e+08 1.24069e+07 292604 6591.22
6039.63 268115 1.13685e+07 4.81373e+08 2.03755e+10 1.01252e+12 8.53402e+13 2.95751e+14 5.97127e+14 9.38707e+14 1.2628e+15 1.51476e+15 1.65225e+15 1.65225e+15 1.51476e+15 1.2628e+15 9.38707e+14 5.97127e+14 2.95751e+14 8.53402e+13 1.01252e+12 2.03755e+10 4.81373e+08 1.13685e+07 268115 6039.63
5028.25 223201 9.46371e+06 4.00714e+08 1.69615e+10 8.43042e+11 7.11499e+13 2.46595e+14 4.97895e+14 7.82723e+14 1.05297e+15 1.26307e+15 1.37771e+15 1.37771e+15 1.26307e+15 1.05297e+15 7.82723e+14 4.97895e+14 2.46595e+14 7.11499e+13 8.43042e+11 1.69615e+10 4.00714e+08 9.46371e+06 223201 5028.25
3728.18 165428 7.01224e+06 2.96867e+08 1.25649e+10 6.24765e+11 5.28801e+13 1.8331e+14 3.70143e+14 5.81907e+14 7.82832e+14 9.39035e+14 1.02427e+15 1.02427e+15 9.39036e+14 7.82832e+14 5.81907e+14 3.70143e+14 1.8331e+14 5.288e+13 6.24765e+11 1.25649e+10 2.96867e+08 7.01224e+06 165428 3728.18
2365.7 104775 4.43462e+06 1.87553e+08 7.9336e+09 3.94727e+11 3.36099e+13 1.16556e+14 2.35386e+14 3.7008e+14 4.97881e+14 5.97236e+14 6.51453e+14 6.51453e+14 5.97236e+14 4.97881e+14 3.7008e+14 2.35386e+14 1.16556e+14 3.36099e+13 3.94727e+11 7.9336e+09 1.87553e+08 4.43462e+06 104775 2365.7
1187.18 52107.5 2.18747e+06 9.19131e+07 3.87054e+09 1.9251e+11 1.66068e+13 5.76405e+13 1.16442e+14 1.831e+14 2.46349e+14 2.9552e+14 3.22352e+14 3.22352e+14 2.9552e+14 2.46349e+14 1.831e+14 1.16442e+14 5.76405e+13 1.66068e+13 1.9251e+11 3.87054e+09 9.19131e+07 2.18747e+06 52107.5 1187.18
401.763 16892.4 676971 2.71623e+07 1.09674e+09 5.32291e+10 4.75551e+12 1.6545e+13 3.34527e+13 5.26252e+13 7.08191e+13 8.49635e+13 9.26817e+13 9.26817e+13 8.49635e+13 7.08191e+13 5.26252e+13 3.34527e+13 1.6545e+13 4.75551e+12 5.32291e+10 1.09674e+09 2.71623e+07 676971 16892.4 401.763
69.2394 2395.78 72447.1 1.90348e+06 3.75787e+07 5.43938e+08 4.9917e+10 1.80314e+11 3.6981e+11 5.85705e+11 7.90915e+11 9.50497e+11 1.03756e+12 1.03756e+12 9.50497e+11 7.90915e+11 5.85705e+11 3.6981e+11 1.80314e+11 4.9917e+10 5.43938e+08 3.75787e+07 1.90348e+06 72447.1 2395.78 69.2394
7.49855 211.306 4934.58 96938.8 1.61445e+06 3.49756e+07 1.01309e+09 3.57545e+09 7.33335e+09 1.16239e+10 1.57043e+10 1.88778e+10 2.06093e+10 2.06093e+10 1.88778e+10 1.57043e+10 1.16239e+10 7.33335e+09 3.57545e+09 1.01309e+09 3.49756e+07 1.61445e+06 96938.8 4934.58 211.306 7.49855
0.611842 14.6641 291.159 5213.98 92615.4 1.76573e+06 2.50916e+07 8.49083e+07 1.73364e+08 2.74629e+08 3.70996e+08 4.45962e+08 4.86867e+08 4.86867e+08 4.45962e+08 3.70996e+08 2.74629e+08 1.73364e+08 8.49083e+07 2.50916e+07 1.76573e+06 92615.4 5213.98 291.159 14.6641 0.611842
0.0422859 0.907495 16.4796 281.618 4635.99 67105.2 625371 2.02081e+06 4.09915e+06 6.48682e+06 8.76146e+06 1.05315e+07 1.14974e+07 1.14974e+07 1.05315e+07 8.76146e+06 6.48682e+06 4.09915e+06 2.02081e+06 625371 67105.2 4635.99 281.618 16.4796 0.907495 0.0422859
0.00262995 0.052234 0.884013 13.925 197.138 2217.29 15604.8 48138.3 96849 153029 206629 248358 271134 271134 248358 206629 153029 96849 48138.3 15604.8 2217.29 197.138 13.925 0.884013 0.052234 0.00262995
0.000138057 0.00257672 0.0405131 0.575474 6.97228 64.0475 371.133 1096.76 2186.73 3448.66 4654.68 5594.21 6107.11 6107.11 5594.21 4654.68 3448.66 2186.73 1096.76 371.133 64.0475 6.97228 0.575474 0.0405131 0.00257672 0.000138057
