6.64372e-05 0.00124871 0.0198516 0.285764 3.50636 32.5289 189.787 564.019 1131.38 1795.39 2436.84 2941.09 3218.01 3218.01 2941.09 2436.84 1795.39 1131.38 564.019 189.787 32.5289 3.50636 0.285764 0.0198516 0.00124871 6.64372e-05
0.00126298 0.0251886 0.430173 6.87199 98.8192 1125.57 7984.98 24776.7 50163.1 79775.9 108347 130801 143133 143133 130801 108347 79775.9 50163.1 24776.7 7984.98 1125.57 98.8192 6.87199 0.430173 0.0251886 0.00126298
0.0203323 0.436451 7.95811 137.6 2308.37 34008.6 320128 1.04076e+06 2.12504e+06 3.38559e+06 4.60061e+06 5.55541e+06 6.07984e+06 6.07984e+06 5.55541e+06 4.60061e+06 3.38559e+06 2.12504e+06 1.04076e+06 320128 34008.6 2308.37 137.6 7.95811 0.436451 0.0203323
0.295868 7.07282 140.123 2516.86 45495.7 891141 1.28458e+07 4.37449e+07 8.99293e+07 1.43463e+08 1.95034e+08 2.35563e+08 2.57826e+08 2.57826e+08 2.35563e+08 1.95034e+08 1.43463e+08 8.99293e+07 4.37449e+07 1.28458e+07 891141 45495.7 2516.86 140.123 7.07282 0.295868
3.65865 102.819 2389.54 46606.6 774648 1.74395e+07 5.18565e+08 1.84221e+09 3.80537e+09 6.07612e+09 8.26325e+09 9.98237e+09 1.09269e+10 1.09269e+10 9.98237e+09 8.26325e+09 6.07612e+09 3.80537e+09 1.84221e+09 5.18565e+08 1.74395e+07 774648 46606.6 2389.54 102.819 3.65865
34.1171 1179.27 35566 928820 1.80376e+07 2.55714e+08 2.54317e+10 9.25038e+10 1.91086e+11 3.04864e+11 4.14379e+11 5.00436e+11 5.47709e+11 5.47709e+11 5.00436e+11 4.14379e+11 3.04864e+11 1.91086e+11 9.25038e+10 2.54317e+10 2.55714e+08 1.80376e+07 928820 35566 1179.27 34.1171
199.714 8402.97 336905 1.35201e+07 5.45862e+08 2.66263e+10 2.42276e+12 8.46433e+12 1.7193e+13 2.7174e+13 3.67223e+13 4.41952e+13 4.82908e+13 4.82908e+13 4.41952e+13 3.67223e+13 2.7174e+13 1.7193e+13 8.46433e+12 2.42276e+12 2.66263e+10 5.45862e+08 1.35201e+07 336905 8402.97 199.714
593.969 26096 1.09635e+06 4.60892e+07 1.94127e+09 9.69786e+10 8.49009e+12 2.95822e+13 6.00215e+13 9.48059e+13 1.28069e+14 1.54094e+14 1.68356e+14 1.68356e+14 1.54094e+14 1.28069e+14 9.48059e+13 6.00215e+13 2.95822e+13 8.49009e+12 9.69786e+10 1.94127e+09 4.60892e+07 1.09635e+06 26096 593.969
1191.28 52826.4 2.23821e+06 9.4733e+07 4.00928e+09 2.00315e+11 1.72606e+13 6.00758e+13 1.21838e+14 1.92399e+14 2.59863e+14 3.12644e+14 3.41565e+14 3.41565e+14 3.12644e+14 2.59863e+14 1.92399e+14 1.21838e+14 6.00758e+13 1.72606e+13 2.00315e+11 4.00928e+09 9.4733e+07 2.23821e+06 52826.4 1191.28
1889.51 83968.5 3.564e+06 1.51044e+08 6.39811e+09 3.19435e+11 2.72871e+13 9.49158e+13 1.92449e+14 3.03862e+14 4.10376e+14 4.93702e+14 5.39359e+14 5.39359e+14 4.93701e+14 4.10376e+14 3.03862e+14 1.92449e+14 9.49158e+13 2.72871e+13 3.19435e+11 6.39811e+09 1.51044e+08 3.564e+06 83968.5 1889.51
2563.07 113972 4.84004e+06 2.05209e+08 8.69541e+09 4.33923e+11 3.68737e+13 1.28215e+14 2.59928e+14 4.10372e+14 5.54192e+14 6.66699e+14 7.28345e+14 7.28345e+14 6.66699e+14 5.54192e+14 4.10372e+14 2.59928e+14 1.28215e+14 3.68737e+13 4.33923e+11 8.69541e+09 2.05209e+08 4.84004e+06 113972 2563.07
3091.89 137522 5.84144e+06 2.47717e+08 1.04986e+10 5.23764e+11 4.43719e+13 1.54254e+14 3.1269e+14 4.93649e+14 6.66635e+14 8.01955e+14 8.761e+14 8.761e+14 8.01955e+14 6.66635e+14 4.93649e+14 3.1269e+14 1.54254e+14 4.43719e+13 5.23764e+11 1.04986e+10 2.47717e+08 5.84144e+06 137522 3091.89
3382.06 150443 6.39094e+06 2.71045e+08 1.14882e+10 5.73068e+11 4.84795e+13 1.68517e+14 3.41589e+14 5.39261e+14 7.2822e+14 8.76034e+14 9.57024e+14 9.57024e+14 8.76034e+14 7.2822e+14 5.39261e+14 3.41589e+14 1.68517e+14 4.84795e+13 5.73068e+11 1.14882e+10 2.71045e+08 6.39094e+06 150443 3382.06
3382.06 150443 6.39094e+06 2.71045e+08 1.14882e+10 5.73068e+11 4.84795e+13 1.68517e+14 3.41589e+14 5.39261e+14 7.2822e+14 8.76034e+14 9.57024e+14 9.57024e+14 8.76034e+14 7.2822e+14 5.39261e+14 3.41589e+14 1.68517e+14 4.84795e+13 5.73068e+11 1.14882e+10 2.71045e+08 6.39094e+06 150443 3382.06
3091.89 137522 5.84144e+06 2.47717e+08 1.04986e+10 5.23764e+11 4.43719e+13 1.54254e+14 3.1269e+14 4.93649e+14 6.66635e+14 8.01955e+14 8.761e+14 8.761e+14 8.01955e+14 6.66635e+14 4.93649e+14 3.1269e+14 1.54254e+14 4.43719e+13 5.23764e+11 1.04986e+10 2.47717e+08 5.84144e+06 137522 3091.89
2563.07 113972 4.84004e+06 2.05209e+08 8.69541e+09 4.33923e+11 3.68737e+13 1.28215e+14 2.59928e+14 4.10372e+14 5.54192e+14 6.66699e+14 7.28345e+14 7.28345e+14 6.66699e+14 5.54192e+14 4.10372e+14 2.59928e+14 1.28215e+14 3.68737e+13 4.33923e+11 8.69541e+09 2.05209e+08 4.84004e+06 113972 2563.07
1889.51 83968.5 3.564e+06 1.51044e+08 6.39811e+09 3.19435e+11 2.72871e+13 9.49158e+13 1.92449e+14 3.03862e+14 4.10376e+14 4.93701e+14 5.39359e+14 5.39359e+14 4.93702e+14 4.10376e+14 3.03862e+14 1.92449e+14 9.49158e+13 2.72871e+13 3.19435e+11 6.39811e+09 1.51044e+08 3.564e+06 83968.5 1889.51
1191.28 52826.4 2.23821e+06 9.4733e+07 4.00928e+09 2.00315e+11 1.72606e+13 6.00758e+13 1.21838e+14 1.92399e+14 2.59863e+14 3.12644e+14 3.41565e+14 3.41565e+14 3.12644e+14 2.59863e+14 1.92399e+14 1.21838e+14 6.00758e+13 1.72606e+13 2.00315e+11 4.00928e+09 9.4733e+07 2.23821e+06 52826.4 1191.28
593.969 26096 1.09635e+06 4.60892e+07 1.94127e+09 9.69786e+10 8.49009e+12 2.95822e+13 6.00215e+13 9.48059e+13 1.28069e+14 1.54094e+14 1.68356e+14 1.68356e+14 1.54094e+14 1.28069e+14 9.48059e+13 6.00215e+13 2.95822e+13 8.49009e+12 9.69786e+10 1.94127e+09 4.60892e+07 1.09635e+06 26096 593.969
199.714 8402.97 336905 1.35201e+07 5.45862e+08 2.66263e+10 2.42276e+12 8.46433e+12 1.7193e+13 2.7174e+13 3.67223e+13 4.41952e+13 4.82908e+13 4.82908e+13 4.41952e+13 3.67223e+13 2.7174e+13 1.7193e+13 8.46433e+12 2.42276e+12 2.66263e+10 5.45862e+08 1.35201e+07 336905 8402.97 199.714
34.1171 1179.27 35566 928820 1.80376e+07 2.55714e+08 2.54317e+10 9.25038e+10 1.91086e+11 3.04864e+11 4.14379e+11 5.00436e+11 5.47709e+11 5.47709e+11 5.00436e+11 4.14379e+11 3.04864e+11 1.91086e+11 9.25038e+10 2.54317e+10 2.55714e+08 1.80376e+07 928820 35566 1179.27 34.1171
3.65865 102.819 2389.54 46606.6 774648 1.74395e+07 5.18565e+08 1.84221e+09 3.80537e+09 6.07612e+09 8.26325e+09 9.98237e+09 1.09269e+10 1.09269e+10 9.98237e+09 8.26325e+09 6.07612e+09 3.80537e+09 1.84221e+09 5.18565e+08 1.74395e+07 774648 46606.6 2389.54 102.819 3.65865
0.295868 7.07282 140.123 2516.86 45495.7 891141 1.28458e+07 4.37449e+07 8.99293e+07 1.43463e+08 1.95034e+08 2.35563e+08 2.57826e+08 2.57826e+08 2.35563e+08 1.95034e+08 1.43463e+08 8.99293e+07 4.37449e+07 1.28458e+07 891141 45495.7 2516.86 140.123 7.07282 0.295868
0.0203323 0.436451 7.95811 137.6 2308.37 34008.6 320128 1.04076e+06 2.12504e+06 3.38559e+06 4.60061e+06 5.55541e+06 6.07984e+06 6.07984e+06 5.55541e+06 4.60061e+06 3.38559e+06 2.12504e+06 1.04076e+06 320128 34008.6 2308.37 137.6 7.95811 0.436451 0.0203323
0.00126298 0.0251886 0.430173 6.87199 98.8192 1125.57 7984.98 24776.7 50163.1 79775.9 108347 130801 143133 143133 130801 108347 79775.9 50163.1 24776.7 7984.98 1125.57 98.8192 6.87199 0.430173 0.0251886 0.00126298
6.64372e-05 0.00124871 0.0198516 0.285764 3.50636 32.5289 189.787 564.019 1131.38 1795.39 2436.84 2941.09 3218.01 3218.01 2941.09 2436.84 1795.39 1131.38 564.019 189.787 32.5289 3.50636 0.285764 0.0198516 0.00124871 6.64371e-05
