0.000114202 0.00215423 0.0343955 0.497401 6.13099 57.1314 334.938 1002.04 2026.27 3242.32 4433.31 5380.09 5903.83 5903.83 5380.09 4433.31 3242.32 2026.27 1002.04 334.938 57.1314 6.13099 0.497401 0.0343955 0.00215423 0.000114202
0.00217615 0.0435461 0.746744 11.9851 173.18 1981.64 14124.3 44129.8 90103.4 144547 197837 240206 263651 263651 240206 197837 144547 90103.4 44129.8 14124.3 1981.64 173.18 11.9851 0.746744 0.0435461 0.00217615
0.0351376 0.756428 13.8397 240.321 4052.1 59991.3 567262 1.85746e+06 3.82635e+06 6.15196e+06 8.42743e+06 1.02372e+07 1.1239e+07 1.1239e+07 1.02372e+07 8.42743e+06 6.15196e+06 3.82635e+06 1.85746e+06 567262 59991.3 4052.1 240.321 13.8397 0.756428 0.0351376
0.513132 12.2968 244.222 4399.71 79902.4 1.5739e+06 2.27872e+07 7.81797e+07 1.62221e+08 2.61271e+08 3.58188e+08 4.35308e+08 4.78013e+08 4.78013e+08 4.35308e+08 3.58188e+08 2.61271e+08 1.62221e+08 7.81797e+07 2.27872e+07 1.5739e+06 79902.4 4399.71 244.222 12.2968 0.513132
6.37101 179.462 4178.68 81613.4 1.35908e+06 3.07985e+07 9.2022e+08 3.29475e+09 6.87254e+09 1.10835e+10 1.52054e+10 1.84874e+10 2.03055e+10 2.03055e+10 1.84874e+10 1.52054e+10 1.10835e+10 6.87254e+09 3.29475e+09 9.2022e+08 3.07985e+07 1.35908e+06 81613.4 4178.68 179.462 6.37101
59.6729 2067.41 62465.8 1.63295e+06 3.16941e+07 4.48802e+08 4.50889e+10 1.65314e+11 3.44862e+11 5.55721e+11 7.61967e+11 9.26119e+11 1.01703e+12 1.01703e+12 9.26119e+11 7.61967e+11 5.55721e+11 3.44862e+11 1.65314e+11 4.50889e+10 4.48802e+08 3.16941e+07 1.63295e+06 62465.8 2067.41 59.6729
351.086 14805.4 594624 2.38872e+07 9.64726e+08 4.70656e+10 4.29565e+12 1.50882e+13 3.08543e+13 4.91021e+13 6.67565e+13 8.06983e+13 8.83836e+13 8.83836e+13 8.06983e+13 6.67565e+13 4.91021e+13 3.08543e+13 1.50882e+13 4.29565e+12 4.70656e+10 9.64726e+08 2.38872e+07 594624 14805.4 351.086
1051.39 46309 1.94944e+06 8.20628e+07 3.45889e+09 1.72828e+11 1.51355e+13 5.29993e+13 1.08225e+14 1.72075e+14 2.338e+14 2.82516e+14 3.09362e+14 3.09362e+14 2.82516e+14 2.338e+14 1.72075e+14 1.08225e+14 5.29993e+13 1.51355e+13 1.72828e+11 3.45889e+09 8.20628e+07 1.94944e+06 46309 1051.39
2126.25 94562.5 4.01628e+06 1.70298e+08 7.21581e+09 3.60611e+11 3.09865e+13 1.08351e+14 2.21111e+14 3.51418e+14 4.77341e+14 5.76704e+14 6.3145e+14 6.3145e+14 5.76704e+14 4.77341e+14 3.51418e+14 2.21111e+14 1.08351e+14 3.09865e+13 3.60611e+11 7.21581e+09 1.70298e+08 4.01628e+06 94562.5 2126.25
3401.4 151660 6.45558e+06 2.74205e+08 1.16339e+10 5.80981e+11 4.93382e+13 1.72369e+14 3.5161e+14 5.58678e+14 7.58736e+14 9.16571e+14 1.00353e+15 1.00353e+15 9.16571e+14 7.58736e+14 5.58678e+14 3.5161e+14 1.72369e+14 4.93382e+13 5.80981e+11 1.16339e+10 2.74205e+08 6.45558e+06 151660 3401.4
4649.02 207489 8.83981e+06 3.75766e+08 1.59539e+10 7.96314e+11 6.70922e+13 2.34255e+14 4.77721e+14 7.58926e+14 1.03057e+15 1.24486e+15 1.3629e+15 1.3629e+15 1.24486e+15 1.03057e+15 7.58926e+14 4.77721e+14 2.34255e+14 6.70922e+13 7.96314e+11 1.59539e+10 3.75766e+08 8.83981e+06 207489 4649.02
5639.87 251835 1.07342e+07 4.56499e+08 1.93899e+10 9.67526e+11 8.11097e+13 2.83091e+14 5.77216e+14 9.16886e+14 1.24497e+15 1.50377e+15 1.64633e+15 1.64633e+15 1.50377e+15 1.24497e+15 9.16886e+14 5.77216e+14 2.83091e+14 8.11097e+13 9.67526e+11 1.93899e+10 4.56499e+08 1.07342e+07 251835 5639.87
6187.62 276355 1.17821e+07 5.01171e+08 2.12919e+10 1.06228e+12 8.8835e+13 3.09997e+14 6.32025e+14 1.0039e+15 1.36307e+15 1.64637e+15 1.80243e+15 1.80243e+15 1.64637e+15 1.36307e+15 1.0039e+15 6.32025e+14 3.09998e+14 8.8835e+13 1.06228e+12 2.12919e+10 5.01171e+08 1.17821e+07 276355 6187.62
6187.62 276355 1.17821e+07 5.01171e+08 2.12919e+10 1.06228e+12 8.8835e+13 3.09998e+14 6.32025e+14 1.0039e+15 1.36307e+15 1.64637e+15 1.80243e+15 1.80243e+15 1.64637e+15 1.36307e+15 1.0039e+15 6.32025e+14 3.09997e+14 8.8835e+13 1.06228e+12 2.12919e+10 5.01171e+08 1.17821e+07 276355 6187.62
5639.87 251835 1.07342e+07 4.56499e+08 1.93899e+10 9.67526e+11 8.11097e+13 2.83091e+14 5.77216e+14 9.16886e+14 1.24497e+15 1.50377e+15 1.64633e+15 1.64633e+15 1.50377e+15 1.24497e+15 9.16886e+14 5.77216e+14 2.83091e+14 8.11097e+13 9.67526e+11 1.93899e+10 4.56499e+08 1.07342e+07 251835 5639.87
4649.02 207489 8.83981e+06 3.75766e+08 1.59539e+10 7.96314e+11 6.70922e+13 2.34255e+14 4.77721e+14 7.58926e+14 1.03057e+15 1.24486e+15 1.3629e+15 1.3629e+15 1.24486e+15 1.03057e+15 7.58926e+14 4.77721e+14 2.34255e+14 6.70922e+13 7.96314e+11 1.59539e+10 3.75766e+08 8.83981e+06 207489 4649.02
3401.4 151660 6.45558e+06 2.74205e+08 1.16339e+10 5.80981e+11 4.93382e+13 1.72369e+14 3.5161e+14 5.58678e+14 7.58736e+14 9.16571e+14 1.00353e+15 1.00353e+15 9.16571e+14 7.58736e+14 5.58678e+14 3.5161e+14 1.72369e+14 4.93382e+13 5.80981e+11 1.16339e+10 2.74205e+08 6.45558e+06 151660 3401.4
2126.25 94562.5 4.01628e+06 1.70298e+08 7.21581e+09 3.60611e+11 3.09865e+13 1.08351e+14 2.21111e+14 3.51418e+14 4.77341e+14 5.76704e+14 6.3145e+14 6.3145e+14 5.76704e+14 4.77341e+14 3.51418e+14 2.21111e+14 1.08351e+14 3.09865e+13 3.60611e+11 7.21581e+09 1.70298e+08 4.01628e+06 94562.5 2126.25
1051.39 46309 1.94944e+06 8.20628e+07 3.45889e+09 1.72828e+11 1.51355e+13 5.29993e+13 1.08225e+14 1.72075e+14 2.338e+14 2.82516e+14 3.09362e+14 3.09362e+14 2.82516e+14 2.338e+14 1.72075e+14 1.08225e+14 5.29993e+13 1.51355e+13 1.72828e+11 3.45889e+09 8.20628e+07 1.94944e+06 46309 1051.39
351.086 14805.4 594624 2.38872e+07 9.64726e+08 4.70656e+10 4.29565e+12 1.50882e+13 3.08543e+13 4.91021e+13 6.67565e+13 8.06983e+13 8.83836e+13 8.83836e+13 8.06983e+13 6.67565e+13 4.91021e+13 3.08543e+13 1.50882e+13 4.29565e+12 4.70656e+10 9.64726e+08 2.38872e+07 594624 14805.4 351.086
59.6729 2067.41 62465.8 1.63295e+06 3.16941e+07 4.48802e+08 4.50889e+10 1.65314e+11 3.44862e+11 5.55721e+11 7.61967e+11 9.26119e+11 1.01703e+12 1.01703e+12 9.26119e+11 7.61967e+11 5.55721e+11 3.44862e+11 1.65314e+11 4.50889e+10 4.48802e+08 3.16941e+07 1.63295e+06 62465.8 2067.41 59.6729
6.37101 179.462 4178.68 81613.4 1.35908e+06 3.07985e+07 9.2022e+08 3.29475e+09 6.87254e+09 1.10835e+10 1.52054e+10 1.84874e+10 2.03055e+10 2.03055e+10 1.84874e+10 1.52054e+10 1.10835e+10 6.87254e+09 3.29475e+09 9.2022e+08 3.07985e+07 1.35908e+06 81613.4 4178.68 179.462 6.37101
0.513132 12.2968 244.222 4399.71 79902.4 1.5739e+06 2.27872e+07 7.81797e+07 1.62221e+08 2.61271e+08 3.58188e+08 4.35308e+08 4.78013e+08 4.78013e+08 4.35308e+08 3.58188e+08 2.61271e+08 1.62221e+08 7.81797e+07 2.27872e+07 1.5739e+06 79902.4 4399.71 244.222 12.2968 0.513132
0.0351376 0.756428 13.8397 240.321 4052.1 59991.3 567262 1.85746e+06 3.82635e+06 6.15196e+06 8.42743e+06 1.02372e+07 1.1239e+07 1.1239e+07 1.02372e+07 8.42743e+06 6.15196e+06 3.82635e+06 1.85746e+06 567262 59991.3 4052.1 240.321 13.8397 0.756428 0.0351376
0.00217615 0.0435461 0.746744 11.9851 173.18 1981.64 14124.3 44129.8 90103.4 144547 197837 240206 263651 263651 240206 197837 144547 90103.4 44129.8 14124.3 1981.64 173.18 11.9851 0.746744 0.0435461 0.00217615
0.000114202 0.00215423 0.0343955 0.497401 6.13099 57.1314 334.938 1002.04 2026.27 3242.32 4433.31 5380.09 5903.83 5903.83 5380.09 4433.31 3242.32 2026.27 1002.04 334.938 57.1314 6.13099 0.497401 0.0343955 0.00215423 0.000114202
