8.7361 162.076 2515.11 35077.5 417146 3.77649e+06 2.16716e+07 6.34799e+07 1.25095e+08 1.94525e+08 2.58833e+08 3.07482e+08 3.3349e+08 3.3349e+08 3.07482e+08 2.58833e+08 1.94525e+08 1.25095e+08 6.34799e+07 2.16716e+07 3.77649e+06 417146 35077.5 2515.11 162.076 8.7361
167.817 3330.59 55865.1 863508 1.19379e+07 1.31623e+08 9.15229e+08 2.79743e+09 5.55977e+09 8.65554e+09 1.15126e+10 1.36687e+10 1.48197e+10 1.48197e+10 1.36687e+10 1.15126e+10 8.65554e+09 5.55977e+09 2.79743e+09 9.15229e+08 1.31623e+08 1.19379e+07 863508 55865.1 3330.59 167.817
2705.82 58422.3 1.06099e+06 1.78828e+07 2.86031e+08 4.02008e+09 3.68556e+10 1.17957e+11 2.36237e+11 3.68042e+11 4.89249e+11 5.80501e+11 6.29139e+11 6.29139e+11 5.80501e+11 4.89249e+11 3.68042e+11 2.36237e+11 1.17957e+11 3.68556e+10 4.02008e+09 2.86031e+08 1.78828e+07 1.06099e+06 58422.3 2705.82
38947.1 943538 1.89372e+07 3.39782e+08 5.89012e+09 1.07231e+11 1.48575e+12 4.97798e+12 1.00296e+13 1.56288e+13 2.0761e+13 2.46158e+13 2.66673e+13 2.66673e+13 2.46158e+13 2.0761e+13 1.56288e+13 1.00296e+13 4.97798e+12 1.48575e+12 1.07231e+11 5.89012e+09 3.39782e+08 1.89372e+07 943538 38947.1
471877 1.34416e+07 3.18624e+08 6.37967e+09 1.07379e+11 2.1846e+12 6.0244e+13 2.10467e+14 4.25742e+14 6.63249e+14 8.80322e+14 1.04299e+15 1.12943e+15 1.12943e+15 1.04299e+15 8.80322e+14 6.63249e+14 4.25742e+14 2.10467e+14 6.0244e+13 2.1846e+12 1.07379e+11 6.37967e+09 3.18624e+08 1.34416e+07 471877
4.29723e+06 1.49825e+08 4.57925e+09 1.22316e+11 2.49861e+12 3.77297e+13 3.00276e+15 1.07363e+16 2.17233e+16 3.38258e+16 4.48891e+16 5.31849e+16 5.75956e+16 5.75956e+16 5.31849e+16 4.48891e+16 3.38258e+16 2.17233e+16 1.07363e+16 3.00276e+15 3.77297e+13 2.49861e+12 1.22316e+11 4.57925e+09 1.49825e+08 4.29723e+06
2.46132e+07 1.0393e+09 4.1845e+10 1.68662e+12 6.83769e+13 3.29642e+15 2.85317e+17 9.87968e+17 1.98332e+18 3.09093e+18 4.11922e+18 4.90257e+18 5.32397e+18 5.32397e+18 4.90257e+18 4.11922e+18 3.09093e+18 1.98332e+18 9.87968e+17 2.85317e+17 3.29642e+15 6.83769e+13 1.68662e+12 4.1845e+10 1.0393e+09 2.46132e+07
7.19891e+07 3.17158e+09 1.33697e+11 5.64074e+12 2.38426e+14 1.17969e+16 9.92356e+17 3.42793e+18 6.87334e+18 1.0704e+19 1.42584e+19 1.69653e+19 1.84213e+19 1.84213e+19 1.69653e+19 1.42584e+19 1.0704e+19 6.87334e+18 3.42793e+18 9.92356e+17 1.17969e+16 2.38426e+14 5.64074e+12 1.33697e+11 3.17158e+09 7.19891e+07
1.41695e+08 6.29571e+09 2.67426e+11 1.13504e+13 4.81668e+14 2.3851e+16 1.99302e+18 6.87659e+18 1.37731e+19 2.14265e+19 2.85157e+19 3.39071e+19 3.68042e+19 3.68042e+19 3.39071e+19 2.85157e+19 2.14265e+19 1.37731e+19 6.87659e+18 1.99302e+18 2.3851e+16 4.81668e+14 1.13504e+13 2.67426e+11 6.29571e+09 1.41695e+08
2.20106e+08 9.79061e+09 4.16165e+11 1.76665e+13 7.4948e+14 3.70934e+16 3.1035e+18 1.07006e+19 2.14098e+19 3.32692e+19 4.42313e+19 5.25534e+19 5.70203e+19 5.70203e+19 5.25534e+19 4.42313e+19 3.32692e+19 2.14098e+19 1.07006e+19 3.1035e+18 3.70934e+16 7.4948e+14 1.76665e+13 4.16165e+11 9.79061e+09 2.20106e+08
2.92605e+08 1.301e+10 5.52683e+11 2.34442e+13 9.93736e+14 4.91622e+16 4.13088e+18 1.42369e+19 2.84598e+19 4.41793e+19 5.86806e+19 6.96712e+19 7.55638e+19 7.55638e+19 6.96712e+19 5.86806e+19 4.41793e+19 2.84598e+19 1.42369e+19 4.13088e+18 4.91622e+16 9.93736e+14 2.34442e+13 5.52683e+11 1.301e+10 2.92605e+08
3.47364e+08 1.54357e+10 6.55286e+11 2.77761e+13 1.17644e+15 5.81867e+16 4.91097e+18 1.69214e+19 3.38043e+19 5.24356e+19 6.95969e+19 8.25867e+19 8.95452e+19 8.95452e+19 8.25867e+19 6.95969e+19 5.24356e+19 3.38043e+19 1.69214e+19 4.91097e+18 5.81867e+16 1.17644e+15 2.77761e+13 6.55286e+11 1.54357e+10 3.47364e+08
3.76608e+08 1.67292e+10 7.0991e+11 3.00787e+13 1.27339e+15 6.29751e+16 5.32963e+18 1.83619e+19 3.66698e+19 5.68571e+19 7.54364e+19 8.94897e+19 9.70143e+19 9.70143e+19 8.94897e+19 7.54364e+19 5.68571e+19 3.66698e+19 1.83619e+19 5.32963e+18 6.29751e+16 1.27339e+15 3.00787e+13 7.0991e+11 1.67292e+10 3.76608e+08
3.76608e+08 1.67292e+10 7.0991e+11 3.00787e+13 1.27339e+15 6.29751e+16 5.32963e+18 1.83619e+19 3.66698e+19 5.68571e+19 7.54364e+19 8.94897e+19 9.70143e+19 9.70143e+19 8.94897e+19 7.54364e+19 5.68571e+19 3.66698e+19 1.83619e+19 5.32963e+18 6.29751e+16 1.27339e+15 3.00787e+13 7.0991e+11 1.67292e+10 3.76608e+08
3.47364e+08 1.54357e+10 6.55286e+11 2.77761e+13 1.17644e+15 5.81867e+16 4.91097e+18 1.69214e+19 3.38043e+19 5.24356e+19 6.95969e+19 8.25867e+19 8.95452e+19 8.95452e+19 8.25867e+19 6.95969e+19 5.24356e+19 3.38043e+19 1.69214e+19 4.91097e+18 5.81867e+16 1.17644e+15 2.77761e+13 6.55286e+11 1.54357e+10 3.47364e+08
2.92605e+08 1.301e+10 5.52683e+11 2.34442e+13 9.93736e+14 4.91622e+16 4.13088e+18 1.42369e+19 2.84598e+19 4.41793e+19 5.86806e+19 6.96712e+19 7.55638e+19 7.55638e+19 6.96712e+19 5.86806e+19 4.41793e+19 2.84598e+19 1.42369e+19 4.13088e+18 4.91622e+16 9.93736e+14 2.34442e+13 5.52683e+11 1.301e+10 2.92605e+08
2.20106e+08 9.79061e+09 4.16165e+11 1.76665e+13 7.4948e+14 3.70934e+16 3.1035e+18 1.07006e+19 2.14098e+19 3.32692e+19 4.42313e+19 5.25534e+19 5.70203e+19 5.70203e+19 5.25534e+19 4.42313e+19 3.32692e+19 2.14098e+19 1.07006e+19 3.1035e+18 3.70934e+16 7.4948e+14 1.76665e+13 4.16165e+11 9.79061e+09 2.20106e+08
1.41695e+08 6.29571e+09 2.67426e+11 1.13504e+13 4.81668e+14 2.3851e+16 1.99302e+18 6.87659e+18 1.37731e+19 2.14265e+19 2.85157e+19 3.39071e+19 3.68042e+19 3.68042e+19 3.39071e+19 2.85157e+19 2.14265e+19 1.37731e+19 6.87659e+18 1.99302e+18 2.3851e+16 4.81668e+14 1.13504e+13 2.67426e+11 6.29571e+09 1.41695e+08
7.19891e+07 3.17158e+09 1.33697e+11 5.64074e+12 2.38426e+14 1.17969e+16 9.92356e+17 3.42793e+18 6.87334e+18 1.0704e+19 1.42584e+19 1.69653e+19 1.84213e+19 1.84213e+19 1.69653e+19 1.42584e+19 1.0704e+19 6.87334e+18 3.42793e+18 9.92356e+17 1.17969e+16 2.38426e+14 5.64074e+12 1.33697e+11 3.17158e+09 7.19891e+07
2.46132e+07 1.0393e+09 4.1845e+10 1.68662e+12 6.83769e+13 3.29642e+15 2.85317e+17 9.87968e+17 1.98332e+18 3.09093e+18 4.11922e+18 4.90257e+18 5.32397e+18 5.32397e+18 4.90257e+18 4.11922e+18 3.09093e+18 1.98332e+18 9.87968e+17 2.85317e+17 3.29642e+15 6.83769e+13 1.68662e+12 4.1845e+10 1.0393e+09 2.46132e+07
4.29723e+06 1.49825e+08 4.57925e+09 1.22316e+11 2.49861e+12 3.77297e+13 3.00276e+15 1.07363e+16 2.17233e+16 3.38258e+16 4.48891e+16 5.31849e+16 5.75956e+16 5.75956e+16 5.31849e+16 4.48891e+16 3.38258e+16 2.17233e+16 1.07363e+16 3.00276e+15 3.77297e+13 2.49861e+12 1.22316e+11 4.57925e+09 1.49825e+08 4.29723e+06
471877 1.34416e+07 3.18624e+08 6.37967e+09 1.07379e+11 2.1846e+12 6.0244e+13 2.10467e+14 4.25742e+14 6.63249e+14 8.80322e+14 1.04299e+15 1.12943e+15 1.12943e+15 1.04299e+15 8.80322e+14 6.63249e+14 4.25742e+14 2.10467e+14 6.0244e+13 2.1846e+12 1.07379e+11 6.37967e+09 3.18624e+08 1.34416e+07 471877
38947.1 943538 1.89372e+07 3.39782e+08 5.89012e+09 1.07231e+11 1.48575e+12 4.97798e+12 1.00296e+13 1.56288e+13 2.0761e+13 2.46158e+13 2.66673e+13 2.66673e+13 2.46158e+13 2.0761e+13 1.56288e+13 1.00296e+13 4.97798e+12 1.48575e+12 1.07231e+11 5.89012e+09 3.39782e+08 1.89372e+07 943538 38947.1
2705.82 58422.3 1.06099e+06 1.78828e+07 2.86031e+08 4.02008e+09 3.68556e+10 1.17957e+11 2.36237e+11 3.68042e+11 4.89249e+11 5.80501e+11 6.29139e+11 6.29139e+11 5.80501e+11 4.89249e+11 3.68042e+11 2.36237e+11 1.17957e+11 3.68556e+10 4.02008e+09 2.86031e+08 1.78828e+07 1.06099e+06 58422.3 2705.82
167.816 3330.59 55865.1 863508 1.19379e+07 1.31623e+08 9.15229e+08 2.79743e+09 5.55977e+09 8.65554e+09 1.15126e+10 1.36687e+10 1.48197e+10 1.48197e+10 1.36687e+10 1.15126e+10 8.65554e+09 5.55977e+09 2.79743e+09 9.15229e+08 1.31623e+08 1.19379e+07 863508 55865.1 3330.59 167.816
8.7361 162.076 2515.11 35077.5 417146 3.77649e+06 2.16716e+07 6.34799e+07 1.25095e+08 1.94525e+08 2.58833e+08 3.07482e+08 3.3349e+08 3.3349e+08 3.07482e+08 2.58833e+08 1.94525e+08 1.25095e+08 6.34799e+07 2.16716e+07 3.77649e+06 417146 35077.5 2515.11 162.076 8.7361
