6.69958 124.58 1940.19 27178.4 324595 2.94819e+06 1.69477e+07 4.96474e+07 9.7768e+07 1.51855e+08 2.01792e+08 2.39447e+08 2.5953e+08 2.5953e+08 2.39447e+08 2.01792e+08 1.51855e+08 9.7768e+07 4.96474e+07 1.69477e+07 2.94819e+06 324595 27178.4 1940.19 124.58 6.69959
128.69 2557.75 43026.1 668038 9.28342e+06 1.02794e+08 7.16407e+08 2.1901e+09 4.34983e+09 6.76405e+09 8.98478e+09 1.06552e+10 1.15447e+10 1.15447e+10 1.06552e+10 8.98478e+09 6.76405e+09 4.34983e+09 2.1901e+09 7.16407e+08 1.02794e+08 9.28342e+06 668038 43026.1 2557.75 128.69
2076.93 44859.4 815827 1.38e+07 2.22056e+08 3.13963e+09 2.88763e+10 9.24425e+10 1.85021e+11 2.87918e+11 3.82224e+11 4.52979e+11 4.90595e+11 4.90595e+11 4.52979e+11 3.82224e+11 2.87918e+11 1.85021e+11 9.24425e+10 2.88763e+10 3.13963e+09 2.22056e+08 1.38e+07 815827 44859.4 2076.93
29959.4 725515 1.45566e+07 2.61441e+08 4.55551e+09 8.36702e+10 1.16504e+12 3.90477e+12 7.86256e+12 1.22378e+13 1.62343e+13 1.92254e+13 2.0813e+13 2.0813e+13 1.92254e+13 1.62343e+13 1.22378e+13 7.86256e+12 3.90477e+12 1.16504e+12 8.36702e+10 4.55551e+09 2.61441e+08 1.45566e+07 725515 29959.4
364069 1.03669e+07 2.45498e+08 4.90664e+09 8.25298e+10 1.69835e+12 4.72717e+13 1.65215e+14 3.34011e+14 5.19743e+14 6.88887e+14 8.15174e+14 8.82091e+14 8.82091e+14 8.15174e+14 6.88887e+14 5.19743e+14 3.34011e+14 1.65215e+14 4.72717e+13 1.69835e+12 8.25298e+10 4.90664e+09 2.45498e+08 1.03669e+07 364069
3.32557e+06 1.15978e+08 3.54404e+09 9.4539e+10 1.92248e+12 2.88523e+13 2.35402e+15 8.42207e+15 1.70333e+16 2.64957e+16 3.51163e+16 4.15579e+16 4.49737e+16 4.49737e+16 4.15579e+16 3.51163e+16 2.64957e+16 1.70333e+16 8.42207e+15 2.35402e+15 2.88523e+13 1.92248e+12 9.4539e+10 3.54404e+09 1.15978e+08 3.32557e+06
1.90903e+07 8.06888e+08 3.25198e+10 1.31191e+12 5.32252e+13 2.57196e+15 2.23926e+17 7.75816e+17 1.55756e+18 2.42682e+18 3.23283e+18 3.84605e+18 4.17559e+18 4.17559e+18 3.84605e+18 3.23283e+18 2.42682e+18 1.55756e+18 7.75816e+17 2.23926e+17 2.57196e+15 5.32252e+13 1.31191e+12 3.25198e+10 8.06888e+08 1.90903e+07
5.5849e+07 2.46319e+09 1.03949e+11 4.38997e+12 1.8571e+14 9.20938e+15 7.79064e+17 2.69279e+18 5.40032e+18 8.40907e+18 1.11982e+19 1.33201e+19 1.44604e+19 1.44604e+19 1.33201e+19 1.11982e+19 8.40907e+18 5.40032e+18 2.69279e+18 7.79064e+17 9.20938e+15 1.8571e+14 4.38997e+12 1.03949e+11 2.46319e+09 5.5849e+07
1.09847e+08 4.88613e+09 2.07784e+11 8.82791e+12 3.74938e+14 1.86092e+16 1.56451e+18 5.40196e+18 1.08228e+19 1.6837e+19 2.24038e+19 2.66337e+19 2.89052e+19 2.89052e+19 2.66337e+19 2.24038e+19 1.6837e+19 1.08228e+19 5.40196e+18 1.56451e+18 1.86092e+16 3.74938e+14 8.82791e+12 2.07784e+11 4.88613e+09 1.09847e+08
1.70419e+08 7.58893e+09 3.22941e+11 1.37227e+13 5.82656e+14 2.89066e+16 2.43523e+18 8.40359e+18 1.68211e+19 2.61422e+19 3.47539e+19 4.12872e+19 4.4792e+19 4.4792e+19 4.12872e+19 3.47539e+19 2.61422e+19 1.68211e+19 8.40359e+18 2.43523e+18 2.89066e+16 5.82656e+14 1.37227e+13 3.22941e+11 7.58893e+09 1.70419e+08
2.26225e+08 1.00696e+10 4.28239e+11 1.81831e+13 7.71346e+14 3.82556e+16 3.23952e+18 1.11758e+19 2.23528e+19 3.47076e+19 4.61017e+19 5.4733e+19 5.93586e+19 5.93586e+19 5.4733e+19 4.61017e+19 3.47076e+19 2.23528e+19 1.11758e+19 3.23952e+18 3.82556e+16 7.71346e+14 1.81831e+13 4.28239e+11 1.00696e+10 2.26225e+08
2.68228e+08 1.19319e+10 5.07078e+11 2.15141e+13 9.11907e+14 4.52188e+16 3.84922e+18 1.32773e+19 2.65413e+19 4.11832e+19 5.4668e+19 6.4871e+19 7.03346e+19 7.03346e+19 6.4871e+19 5.4668e+19 4.11832e+19 2.65413e+19 1.32773e+19 3.84922e+18 4.52188e+16 9.11907e+14 2.15141e+13 5.07078e+11 1.19319e+10 2.68228e+08
2.90599e+08 1.29221e+10 5.48932e+11 2.32794e+13 9.86268e+14 4.89026e+16 4.17603e+18 1.44039e+19 2.87849e+19 4.46484e+19 5.92473e+19 7.02863e+19 7.61951e+19 7.61951e+19 7.02863e+19 5.92473e+19 4.46484e+19 2.87849e+19 1.44039e+19 4.17603e+18 4.89026e+16 9.86268e+14 2.32794e+13 5.48932e+11 1.29221e+10 2.90599e+08
2.90599e+08 1.29221e+10 5.48932e+11 2.32794e+13 9.86268e+14 4.89026e+16 4.17603e+18 1.44039e+19 2.87849e+19 4.46484e+19 5.92473e+19 7.02863e+19 7.61951e+19 7.61951e+19 7.02863e+19 5.92473e+19 4.46484e+19 2.87849e+19 1.44039e+19 4.17603e+18 4.89026e+16 9.86268e+14 2.32794e+13 5.48932e+11 1.29221e+10 2.90599e+08
2.68228e+08 1.19319e+10 5.07078e+11 2.15141e+13 9.11907e+14 4.52188e+16 3.84922e+18 1.32773e+19 2.65413e+19 4.11832e+19 5.4668e+19 6.4871e+19 7.03346e+19 7.03346e+19 6.4871e+19 5.4668e+19 4.11832e+19 2.65413e+19 1.32773e+19 3.84922e+18 4.52188e+16 9.11907e+14 2.15141e+13 5.07078e+11 1.19319e+10 2.68228e+08
2.26225e+08 1.00696e+10 4.28239e+11 1.81831e+13 7.71346e+14 3.82556e+16 3.23952e+18 1.11758e+19 2.23528e+19 3.47076e+19 4.61017e+19 5.4733e+19 5.93586e+19 5.93586e+19 5.4733e+19 4.61017e+19 3.47076e+19 2.23528e+19 1.11758e+19 3.23952e+18 3.82556e+16 7.71346e+14 1.81831e+13 4.28239e+11 1.00696e+10 2.26225e+08
1.70419e+08 7.58893e+09 3.22941e+11 1.37227e+13 5.82656e+14 2.89066e+16 2.43523e+18 8.40359e+18 1.68211e+19 2.61422e+19 3.47539e+19 4.12872e+19 4.4792e+19 4.4792e+19 4.12872e+19 3.47539e+19 2.61422e+19 1.68211e+19 8.40359e+18 2.43523e+18 2.89066e+16 5.82656e+14 1.37227e+13 3.22941e+11 7.58893e+09 1.70419e+08
1.09847e+08 4.88613e+09 2.07784e+11 8.82791e+12 3.74938e+14 1.86092e+16 1.56451e+18 5.40196e+18 1.08228e+19 1.6837e+19 2.24038e+19 2.66337e+19 2.89052e+19 2.89052e+19 2.66337e+19 2.24038e+19 1.6837e+19 1.08228e+19 5.40196e+18 1.56451e+18 1.86092e+16 3.74938e+14 8.82791e+12 2.07784e+11 4.88613e+09 1.09847e+08
5.5849e+07 2.46319e+09 1.03949e+11 4.38997e+12 1.8571e+14 9.20938e+15 7.79064e+17 2.69279e+18 5.40032e+18 8.40907e+18 1.11982e+19 1.33201e+19 1.44604e+19 1.44604e+19 1.33201e+19 1.11982e+19 8.40907e+18 5.40032e+18 2.69279e+18 7.79064e+17 9.20938e+15 1.8571e+14 4.38997e+12 1.03949e+11 2.46319e+09 5.5849e+07
1.90903e+07 8.06888e+08 3.25198e+10 1.31191e+12 5.32252e+13 2.57196e+15 2.23926e+17 7.75816e+17 1.55756e+18 2.42682e+18 3.23283e+18 3.84605e+18 4.17559e+18 4.17559e+18 3.84605e+18 3.23283e+18 2.42682e+18 1.55756e+18 7.75816e+17 2.23926e+17 2.57196e+15 5.32252e+13 1.31191e+12 3.25198e+10 8.06888e+08 1.90903e+07
3.32557e+06 1.15978e+08 3.54404e+09 9.4539e+10 1.92248e+12 2.88523e+13 2.35402e+15 8.42207e+15 1.70333e+16 2.64957e+16 3.51163e+16 4.15579e+16 4.49737e+16 4.49737e+16 4.15579e+16 3.51163e+16 2.64957e+16 1.70333e+16 8.42207e+15 2.35402e+15 2.88523e+13 1.92248e+12 9.4539e+10 3.54404e+09 1.15978e+08 3.32557e+06
364069 1.03669e+07 2.45498e+08 4.90664e+09 8.25298e+10 1.69835e+12 4.72717e+13 1.65215e+14 3.34011e+14 5.19743e+14 6.88887e+14 8.15174e+14 8.82091e+14 8.82091e+14 8.15174e+14 6.88887e+14 5.19743e+14 3.34011e+14 1.65215e+14 4.72717e+13 1.69835e+12 8.25298e+10 4.90664e+09 2.45498e+08 1.03669e+07 364069
29959.4 725515 1.45566e+07 2.61441e+08 4.55551e+09 8.36702e+10 1.16504e+12 3.90477e+12 7.86256e+12 1.22378e+13 1.62343e+13 1.92254e+13 2.0813e+13 2.0813e+13 1.92254e+13 1.62343e+13 1.22378e+13 7.86256e+12 3.90477e+12 1.16504e+12 8.36702e+10 4.55551e+09 2.61441e+08 1.45566e+07 725515 29959.4
2076.93 44859.4 815827 1.38e+07 2.22056e+08 3.13963e+09 2.88763e+10 9.24425e+10 1.85021e+11 2.87918e+11 3.82224e+11 4.52979e+11 4.90595e+11 4.90595e+11 4.52979e+11 3.82224e+11 2.87918e+11 1.85021e+11 9.24425e+10 2.88763e+10 3.13963e+09 2.22056e+08 1.38e+07 815827 44859.4 2076.93
128.69 2557.75 43026.1 668038 9.28342e+06 1.02794e+08 7.16407e+08 2.1901e+09 4.34983e+09 6.76405e+09 8.98478e+09 1.06552e+10 1.15447e+10 1.15447e+10 1.06552e+10 8.98478e+09 6.76405e+09 4.34983e+09 2.1901e+09 7.16407e+08 1.02794e+08 9.28342e+06 668038 43026.1 2557.75 128.69
6.69958 124.58 1940.19 27178.4 324595 2.94819e+06 1.69477e+07 4.96474e+07 9.7768e+07 1.51855e+08 2.01792e+08 2.39447e+08 2.5953e+08 2.5953e+08 2.39447e+08 2.01792e+08 1.51855e+08 9.7768e+07 4.96474e+07 1.69477e+07 2.94819e+06 324595 27178.4 1940.19 124.58 6.69958
