5.66519e-05 0.00106803 0.0170424 0.24631 3.03429 28.2588 165.568 494.954 1000.03 1598.93 2184.83 2650.22 2907.54 2907.54 2650.22 2184.83 1598.93 1000.03 494.954 165.568 28.2588 3.03429 0.24631 0.0170424 0.00106803 5.6652e-05
0.00107892 0.0215767 0.369775 5.93125 85.6553 979.576 6977.83 21784 44438.6 71230.1 97423 118231 129739 129739 118231 97423 71230.1 44438.6 21784 6977.83 979.576 85.6553 5.93125 0.369775 0.0215767 0.00107892
0.0174109 0.374579 6.84908 118.862 2003.04 29639.2 280106 916417 1.88602e+06 3.02963e+06 4.14722e+06 5.03534e+06 5.52668e+06 5.52668e+06 5.03534e+06 4.14722e+06 3.02963e+06 1.88602e+06 916417 280106 29639.2 2003.04 118.862 6.84908 0.374579 0.0174109
0.254115 6.08585 120.795 2174.93 39478.2 777259 1.1248e+07 3.85562e+07 7.99224e+07 1.28601e+08 1.76172e+08 2.13993e+08 2.34924e+08 2.34924e+08 2.13993e+08 1.76172e+08 1.28601e+08 7.99224e+07 3.85562e+07 1.1248e+07 777259 39478.2 2174.93 120.795 6.08585 0.254115
3.15331 88.7686 2065.73 40325.4 671226 1.52045e+07 4.54131e+08 1.62444e+09 3.38482e+09 5.4534e+09 7.47563e+09 9.0843e+09 9.97498e+09 9.97498e+09 9.0843e+09 7.47563e+09 5.4534e+09 3.38482e+09 1.62444e+09 4.54131e+08 1.52045e+07 671226 40325.4 2065.73 88.7686 3.15331
29.5183 1022.06 30864.3 806485 1.56478e+07 2.21518e+08 2.225e+10 8.14982e+10 1.69827e+11 2.7339e+11 3.74556e+11 4.55001e+11 4.99532e+11 4.99532e+11 4.55001e+11 3.74556e+11 2.7339e+11 1.69827e+11 8.14982e+10 2.225e+10 2.21518e+08 1.56478e+07 806485 30864.3 1022.06 29.5183
173.565 7314.96 293644 1.17921e+07 4.76141e+08 2.32277e+10 2.11959e+12 7.43951e+12 1.52004e+13 2.4171e+13 3.28402e+13 3.96809e+13 4.345e+13 4.345e+13 3.96809e+13 3.28402e+13 2.4171e+13 1.52004e+13 7.43951e+12 2.11959e+12 2.32277e+10 4.76141e+08 1.17921e+07 293644 7314.96 173.565
519.38 22861.9 961891 4.04751e+07 1.70554e+09 8.521e+10 7.46276e+12 2.61141e+13 5.32819e+13 8.46513e+13 1.14944e+14 1.38833e+14 1.51991e+14 1.51991e+14 1.38833e+14 1.14944e+14 8.46514e+13 5.32819e+13 2.61141e+13 7.46276e+12 8.521e+10 1.70554e+09 4.04751e+07 961891 22861.9 519.38
1049.49 46642.6 1.97985e+06 8.39104e+07 3.55424e+09 1.77599e+11 1.52652e+13 5.33434e+13 1.08771e+14 1.72741e+14 2.34493e+14 2.83182e+14 3.09996e+14 3.09996e+14 2.83182e+14 2.34493e+14 1.72741e+14 1.08771e+14 5.33433e+13 1.52652e+13 1.77599e+11 3.55424e+09 8.39104e+07 1.97985e+06 46642.6 1049.49
1677.57 74743.6 3.17952e+06 1.34983e+08 5.72486e+09 2.85847e+11 2.42867e+13 8.47948e+13 1.72835e+14 2.74415e+14 3.72451e+14 4.49737e+14 4.92295e+14 4.92295e+14 4.49737e+14 3.72451e+14 2.74415e+14 1.72835e+14 8.47948e+13 2.42867e+13 2.85847e+11 5.72486e+09 1.34983e+08 3.17952e+06 74743.6 1677.57
2291.44 102190 4.35073e+06 1.84842e+08 7.84462e+09 3.91486e+11 3.30048e+13 1.15166e+14 2.3468e+14 3.72545e+14 5.05582e+14 6.10448e+14 6.68191e+14 6.68191e+14 6.10448e+14 5.05582e+14 3.72545e+14 2.3468e+14 1.15166e+14 3.30048e+13 3.91486e+11 7.84462e+09 1.84842e+08 4.35073e+06 102190 2291.44
2778.6 123973 5.28055e+06 2.24443e+08 9.52918e+09 4.75408e+11 3.98827e+13 1.39115e+14 2.83434e+14 4.49894e+14 6.10508e+14 7.37104e+14 8.06809e+14 8.06808e+14 7.37104e+14 6.10508e+14 4.49894e+14 2.83434e+14 1.39115e+14 3.98827e+13 4.75408e+11 9.52918e+09 2.24443e+08 5.28055e+06 123973 2778.6
3047.77 136012 5.79462e+06 2.46344e+08 1.04612e+10 5.21831e+11 4.36715e+13 1.52303e+14 3.1028e+14 4.92481e+14 6.68276e+14 8.06832e+14 8.8312e+14 8.8312e+14 8.06831e+14 6.68276e+14 4.92481e+14 3.1028e+14 1.52303e+14 4.36715e+13 5.21831e+11 1.04612e+10 2.46344e+08 5.79462e+06 136012 3047.77
3047.77 136012 5.79462e+06 2.46344e+08 1.04612e+10 5.21831e+11 4.36715e+13 1.52303e+14 3.1028e+14 4.92481e+14 6.68276e+14 8.06831e+14 8.8312e+14 8.8312e+14 8.06832e+14 6.68276e+14 4.92481e+14 3.1028e+14 1.52303e+14 4.36715e+13 5.21831e+11 1.04612e+10 2.46344e+08 5.79462e+06 136012 3047.77
2778.6 123973 5.28055e+06 2.24443e+08 9.52918e+09 4.75408e+11 3.98827e+13 1.39115e+14 2.83434e+14 4.49894e+14 6.10508e+14 7.37104e+14 8.06808e+14 8.06809e+14 7.37104e+14 6.10508e+14 4.49894e+14 2.83434e+14 1.39115e+14 3.98827e+13 4.75408e+11 9.52918e+09 2.24443e+08 5.28055e+06 123973 2778.6
2291.44 102190 4.35073e+06 1.84842e+08 7.84462e+09 3.91486e+11 3.30048e+13 1.15166e+14 2.3468e+14 3.72545e+14 5.05582e+14 6.10448e+14 6.68191e+14 6.68191e+14 6.10448e+14 5.05582e+14 3.72545e+14 2.3468e+14 1.15166e+14 3.30048e+13 3.91486e+11 7.84462e+09 1.84842e+08 4.35073e+06 102190 2291.44
1677.57 74743.6 3.17952e+06 1.34983e+08 5.72486e+09 2.85847e+11 2.42867e+13 8.47948e+13 1.72835e+14 2.74415e+14 3.72451e+14 4.49737e+14 4.92295e+14 4.92295e+14 4.49737e+14 3.72451e+14 2.74415e+14 1.72835e+14 8.47948e+13 2.42867e+13 2.85847e+11 5.72486e+09 1.34983e+08 3.17952e+06 74743.6 1677.57
1049.49 46642.6 1.97985e+06 8.39104e+07 3.55424e+09 1.77599e+11 1.52652e+13 5.33433e+13 1.08771e+14 1.72741e+14 2.34493e+14 2.83182e+14 3.09996e+14 3.09996e+14 2.83182e+14 2.34493e+14 1.72741e+14 1.08771e+14 5.33434e+13 1.52652e+13 1.77599e+11 3.55424e+09 8.39104e+07 1.97984e+06 46642.6 1049.49
519.38 22861.9 961891 4.04751e+07 1.70554e+09 8.521e+10 7.46276e+12 2.61141e+13 5.32819e+13 8.46514e+13 1.14944e+14 1.38833e+14 1.51991e+14 1.51991e+14 1.38833e+14 1.14944e+14 8.46513e+13 5.32819e+13 2.61141e+13 7.46276e+12 8.521e+10 1.70554e+09 4.04751e+07 961891 22861.9 519.38
173.565 7314.96 293644 1.17921e+07 4.76141e+08 2.32277e+10 2.11959e+12 7.43951e+12 1.52004e+13 2.4171e+13 3.28402e+13 3.96809e+13 4.345e+13 4.345e+13 3.96809e+13 3.28402e+13 2.4171e+13 1.52004e+13 7.43951e+12 2.11959e+12 2.32277e+10 4.76141e+08 1.17921e+07 293644 7314.96 173.565
29.5183 1022.06 30864.3 806485 1.56478e+07 2.21518e+08 2.225e+10 8.14982e+10 1.69827e+11 2.7339e+11 3.74556e+11 4.55001e+11 4.99532e+11 4.99532e+11 4.55001e+11 3.74556e+11 2.7339e+11 1.69827e+11 8.14982e+10 2.225e+10 2.21518e+08 1.56478e+07 806485 30864.3 1022.06 29.5183
3.15331 88.7686 2065.73 40325.4 671226 1.52045e+07 4.54131e+08 1.62444e+09 3.38482e+09 5.4534e+09 7.47563e+09 9.0843e+09 9.97498e+09 9.97498e+09 9.0843e+09 7.47563e+09 5.4534e+09 3.38482e+09 1.62444e+09 4.54131e+08 1.52045e+07 671226 40325.4 2065.73 88.7686 3.15331
0.254115 6.08585 120.795 2174.93 39478.2 777259 1.1248e+07 3.85562e+07 7.99224e+07 1.28601e+08 1.76172e+08 2.13993e+08 2.34924e+08 2.34924e+08 2.13993e+08 1.76172e+08 1.28601e+08 7.99224e+07 3.85562e+07 1.1248e+07 777259 39478.2 2174.93 120.795 6.08585 0.254115
0.0174109 0.374579 6.84908 118.862 2003.04 29639.2 280106 916417 1.88602e+06 3.02963e+06 4.14722e+06 5.03534e+06 5.52668e+06 5.52668e+06 5.03534e+06 4.14722e+06 3.02963e+06 1.88602e+06 916417 280106 29639.2 2003.04 118.862 6.84908 0.374579 0.0174109
0.00107892 0.0215767 0.369775 5.93125 85.6553 979.576 6977.83 21784 44438.6 71230.1 97423 118231 129739 129739 118231 97423 71230.1 44438.6 21784 6977.83 979.576 85.6553 5.93125 0.369775 0.0215767 0.00107892
5.66519e-05 0.00106803 0.0170424 0.24631 3.03429 28.2588 165.568 494.954 1000.03 1598.93 2184.83 2650.22 2907.54 2907.54 2650.22 2184.83 1598.93 1000.03 494.954 165.568 28.2588 3.03429 0.24631 0.0170424 0.00106803 5.6652e-05
