23.5431 434.801 6702.98 92738.5 1.0936e+06 9.82085e+06 5.58946e+07 1.61891e+08 3.1455e+08 4.81746e+08 6.32057e+08 7.42805e+08 8.00942e+08 8.00942e+08 7.42805e+08 6.32057e+08 4.81746e+08 3.1455e+08 1.61891e+08 5.58946e+07 9.82085e+06 1.0936e+06 92738.5 6702.98 434.801 23.5431
451.478 8930.89 148986 2.28503e+06 3.13026e+07 3.42097e+08 2.35906e+09 7.12757e+09 1.39586e+10 2.13879e+10 2.80323e+10 3.29093e+10 3.54634e+10 3.54634e+10 3.29093e+10 2.80323e+10 2.13879e+10 1.39586e+10 7.12757e+09 2.35906e+09 3.42097e+08 3.13026e+07 2.28503e+06 148986 8930.89 451.478
7255.11 156379 2.83057e+06 4.74094e+07 7.51018e+08 1.04471e+10 9.49592e+10 3.00307e+11 5.92237e+11 9.07392e+11 1.18776e+12 1.39276e+12 1.49984e+12 1.49984e+12 1.39276e+12 1.18776e+12 9.07392e+11 5.92237e+11 3.00307e+11 9.49592e+10 1.04471e+10 7.51018e+08 4.74094e+07 2.83057e+06 156379 7255.11
103890 2.5155e+06 5.04436e+07 9.0263e+08 1.55211e+10 2.78931e+11 3.82801e+12 1.26675e+13 2.5113e+13 3.84528e+13 5.02609e+13 5.8861e+13 6.33417e+13 6.33417e+13 5.8861e+13 5.02609e+13 3.84528e+13 2.5113e+13 1.26675e+13 3.82801e+12 2.78931e+11 1.55211e+10 9.0263e+08 5.04436e+07 2.5155e+06 103890
1.25039e+06 3.56094e+07 8.44398e+08 1.69252e+10 2.84688e+11 5.70579e+12 1.55293e+14 5.35539e+14 1.06506e+15 1.62898e+15 2.12579e+15 2.48625e+15 2.67354e+15 2.67354e+15 2.48625e+15 2.12579e+15 1.62898e+15 1.06506e+15 5.35539e+14 1.55293e+14 5.70579e+12 2.84688e+11 1.69252e+10 8.44398e+08 3.56094e+07 1.25039e+06
1.13007e+07 3.93816e+08 1.20372e+10 3.21941e+11 6.60729e+12 1.00369e+14 7.76224e+15 2.73938e+16 5.44956e+16 8.33239e+16 1.08747e+17 1.27223e+17 1.36837e+17 1.36837e+17 1.27223e+17 1.08747e+17 8.33239e+16 5.44956e+16 2.73938e+16 7.76224e+15 1.00369e+14 6.60729e+12 3.21941e+11 1.20372e+10 3.93816e+08 1.13007e+07
6.41677e+07 2.70763e+09 1.08966e+11 4.39163e+12 1.78112e+14 8.57883e+15 7.36683e+17 2.5285e+18 5.0172e+18 7.72282e+18 1.01776e+19 1.20119e+19 1.29862e+19 1.29862e+19 1.20119e+19 1.01776e+19 7.72282e+18 5.0172e+18 2.5285e+18 7.36683e+17 8.57883e+15 1.78112e+14 4.39163e+12 1.08966e+11 2.70763e+09 6.41677e+07
1.8555e+08 8.1664e+09 3.43953e+11 1.45034e+13 6.12942e+14 3.02984e+16 2.53899e+18 8.69422e+18 1.72278e+19 2.64912e+19 3.48852e+19 4.1152e+19 4.44786e+19 4.44786e+19 4.1152e+19 3.48852e+19 2.64912e+19 1.72278e+19 8.69422e+18 2.53899e+18 3.02984e+16 6.12942e+14 1.45034e+13 3.43953e+11 8.1664e+09 1.8555e+08
3.60103e+08 1.59741e+10 6.77489e+11 2.8717e+13 1.21745e+15 6.0213e+16 5.0366e+18 1.72235e+19 3.40695e+19 5.22922e+19 6.87466e+19 8.09946e+19 8.74831e+19 8.74831e+19 8.09946e+19 6.87466e+19 5.22922e+19 3.40695e+19 1.72235e+19 5.0366e+18 6.0213e+16 1.21745e+15 2.8717e+13 6.77489e+11 1.59741e+10 3.60103e+08
5.50992e+08 2.44524e+10 1.03698e+12 4.39263e+13 1.8601e+15 9.19291e+16 7.73971e+18 2.64412e+19 5.22073e+19 7.99641e+19 1.04922e+20 1.23431e+20 1.33212e+20 1.33212e+20 1.23431e+20 1.04922e+20 7.99641e+19 5.22073e+19 2.64412e+19 7.73971e+18 9.19291e+16 1.8601e+15 4.39263e+13 1.03698e+12 2.44524e+10 5.50992e+08
7.22351e+08 3.20233e+10 1.35628e+12 5.73668e+13 2.4253e+15 1.19796e+17 1.01792e+19 3.47502e+19 6.85001e+19 1.04716e+20 1.37148e+20 1.61115e+20 1.7375e+20 1.7375e+20 1.61115e+20 1.37148e+20 1.04716e+20 6.85001e+19 3.47502e+19 1.01792e+19 1.19796e+17 2.4253e+15 5.73668e+13 1.35628e+12 3.20233e+10 7.22351e+08
8.48447e+08 3.75732e+10 1.58942e+12 6.71421e+13 2.83476e+15 1.39978e+17 1.19931e+19 4.09238e+19 8.05695e+19 1.22984e+20 1.60848e+20 1.88753e+20 2.03435e+20 2.03435e+20 1.88753e+20 1.60848e+20 1.22984e+20 8.05695e+19 4.09238e+19 1.19931e+19 1.39978e+17 2.83476e+15 6.71421e+13 1.58942e+12 3.75732e+10 8.48447e+08
9.14584e+08 4.04771e+10 1.71109e+12 7.22301e+13 3.04731e+15 1.50454e+17 1.29533e+19 4.41898e+19 8.69418e+19 1.32605e+20 1.73299e+20 2.03245e+20 2.18985e+20 2.18985e+20 2.03245e+20 1.73299e+20 1.32605e+20 8.69418e+19 4.41898e+19 1.29533e+19 1.50454e+17 3.04731e+15 7.22301e+13 1.71109e+12 4.04771e+10 9.14584e+08
9.14584e+08 4.04771e+10 1.71109e+12 7.22301e+13 3.04731e+15 1.50454e+17 1.29533e+19 4.41898e+19 8.69418e+19 1.32605e+20 1.73299e+20 2.03245e+20 2.18985e+20 2.18985e+20 2.03245e+20 1.73299e+20 1.32605e+20 8.69418e+19 4.41898e+19 1.29533e+19 1.50454e+17 3.04731e+15 7.22301e+13 1.71109e+12 4.04771e+10 9.14584e+08
8.48447e+08 3.75732e+10 1.58942e+12 6.71421e+13 2.83476e+15 1.39978e+17 1.19931e+19 4.09238e+19 8.05695e+19 1.22984e+20 1.60848e+20 1.88753e+20 2.03435e+20 2.03435e+20 1.88753e+20 1.60848e+20 1.22984e+20 8.05695e+19 4.09238e+19 1.19931e+19 1.39978e+17 2.83476e+15 6.71421e+13 1.58942e+12 3.75732e+10 8.48447e+08
7.22351e+08 3.20233e+10 1.35628e+12 5.73668e+13 2.4253e+15 1.19796e+17 1.01792e+19 3.47502e+19 6.85001e+19 1.04716e+20 1.37148e+20 1.61115e+20 1.7375e+20 1.7375e+20 1.61115e+20 1.37148e+20 1.04716e+20 6.85001e+19 3.47502e+19 1.01792e+19 1.19796e+17 2.4253e+15 5.73668e+13 1.35628e+12 3.20233e+10 7.22351e+08
5.50992e+08 2.44524e+10 1.03698e+12 4.39263e+13 1.8601e+15 9.19291e+16 7.73971e+18 2.64412e+19 5.22073e+19 7.99641e+19 1.04922e+20 1.23431e+20 1.33212e+20 1.33212e+20 1.23431e+20 1.04922e+20 7.99641e+19 5.22073e+19 2.64412e+19 7.73971e+18 9.19291e+16 1.8601e+15 4.39263e+13 1.03698e+12 2.44524e+10 5.50992e+08
3.60103e+08 1.59741e+10 6.77489e+11 2.8717e+13 1.21745e+15 6.0213e+16 5.0366e+18 1.72235e+19 3.40695e+19 5.22922e+19 6.87466e+19 8.09946e+19 8.74831e+19 8.74831e+19 8.09946e+19 6.87466e+19 5.22922e+19 3.40695e+19 1.72235e+19 5.0366e+18 6.0213e+16 1.21745e+15 2.8717e+13 6.77489e+11 1.59741e+10 3.60103e+08
1.8555e+08 8.1664e+09 3.43953e+11 1.45034e+13 6.12942e+14 3.02984e+16 2.53899e+18 8.69422e+18 1.72278e+19 2.64912e+19 3.48852e+19 4.1152e+19 4.44786e+19 4.44786e+19 4.1152e+19 3.48852e+19 2.64912e+19 1.72278e+19 8.69422e+18 2.53899e+18 3.02984e+16 6.12942e+14 1.45034e+13 3.43953e+11 8.1664e+09 1.8555e+08
6.41677e+07 2.70763e+09 1.08966e+11 4.39163e+12 1.78112e+14 8.57883e+15 7.36683e+17 2.5285e+18 5.0172e+18 7.72282e+18 1.01776e+19 1.20119e+19 1.29862e+19 1.29862e+19 1.20119e+19 1.01776e+19 7.72282e+18 5.0172e+18 2.5285e+18 7.36683e+17 8.57883e+15 1.78112e+14 4.39163e+12 1.08966e+11 2.70763e+09 6.41677e+07
1.13007e+07 3.93816e+08 1.20372e+10 3.21941e+11 6.60729e+12 1.00369e+14 7.76224e+15 2.73938e+16 5.44956e+16 8.33239e+16 1.08747e+17 1.27223e+17 1.36837e+17 1.36837e+17 1.27223e+17 1.08747e+17 8.33239e+16 5.44956e+16 2.73938e+16 7.76224e+15 1.00369e+14 6.60729e+12 3.21941e+11 1.20372e+10 3.93816e+08 1.13007e+07
1.25039e+06 3.56094e+07 8.44398e+08 1.69252e+10 2.84688e+11 5.70579e+12 1.55293e+14 5.35539e+14 1.06506e+15 1.62898e+15 2.12579e+15 2.48625e+15 2.67354e+15 2.67354e+15 2.48625e+15 2.12579e+15 1.62898e+15 1.06506e+15 5.35539e+14 1.55293e+14 5.70579e+12 2.84688e+11 1.69252e+10 8.44398e+08 3.56094e+07 1.25039e+06
103890 2.5155e+06 5.04436e+07 9.0263e+08 1.55211e+10 2.78931e+11 3.82801e+12 1.26675e+13 2.5113e+13 3.84528e+13 5.02609e+13 5.8861e+13 6.33417e+13 6.33417e+13 5.8861e+13 5.02609e+13 3.84528e+13 2.5113e+13 1.26675e+13 3.82801e+12 2.78931e+11 1.55211e+10 9.0263e+08 5.04436e+07 2.5155e+06 103890
7255.11 156379 2.83057e+06 4.74094e+07 7.51018e+08 1.04471e+10 9.49592e+10 3.00307e+11 5.92237e+11 9.07392e+11 1.18776e+12 1.39276e+12 1.49984e+12 1.49984e+12 1.39276e+12 1.18776e+12 9.07392e+11 5.92237e+11 3.00307e+11 9.49592e+10 1.04471e+10 7.51018e+08 4.74094e+07 2.83057e+06 156379 7255.11
451.478 8930.89 148986 2.28503e+06 3.13026e+07 3.42097e+08 2.35906e+09 7.12757e+09 1.39586e+10 2.13879e+10 2.80323e+10 3.29093e+10 3.54634e+10 3.54634e+10 3.29093e+10 2.80323e+10 2.13879e+10 1.39586e+10 7.12757e+09 2.35906e+09 3.42097e+08 3.13026e+07 2.28503e+06 148986 8930.89 451.478
23.5431 434.801 6702.98 92738.5 1.0936e+06 9.82085e+06 5.58946e+07 1.61891e+08 3.1455e+08 4.81746e+08 6.32057e+08 7.42805e+08 8.00942e+08 8.00942e+08 7.42805e+08 6.32057e+08 4.81746e+08 3.1455e+08 1.61891e+08 5.58946e+07 9.82085e+06 1.0936e+06 92738.5 6702.98 434.801 23.5431
