1.97272e-05 0.000370967 0.00590205 0.085038 1.04435 9.69578 56.6044 168.339 337.964 536.804 729.199 880.649 963.901 963.901 880.649 729.199 536.804 337.964 168.339 56.6044 9.69578 1.04435 0.085038 0.00590205 0.000370967 1.97272e-05
0.000375003 0.00748131 0.127847 2.0443 29.4283 335.496 2381.65 7395.42 14986.1 23855.5 32427.3 39173.5 42882.1 42882.1 39173.5 32427.3 23855.5 14986.1 7395.42 2381.65 335.496 29.4283 2.0443 0.127847 0.00748131 0.000375003
0.00603815 0.129622 2.3642 40.9107 687.178 10136 95485 310662 634900 1.01251e+06 1.37713e+06 1.66407e+06 1.82183e+06 1.82183e+06 1.66407e+06 1.37713e+06 1.01251e+06 634900 310662 95485 10136 687.178 40.9107 2.3642 0.129622 0.00603815
0.0879071 2.10119 41.6232 747.788 13532.8 265533 3.83146e+06 1.30577e+07 2.68694e+07 4.29085e+07 5.83877e+07 7.05711e+07 7.72704e+07 7.72704e+07 7.05711e+07 5.83877e+07 4.29085e+07 2.68694e+07 1.30577e+07 3.83145e+06 265533 13532.8 747.788 41.6232 2.10119 0.0879071
1.0878 30.5663 710.169 13845.3 230092 5.19262e+06 1.54661e+08 5.49881e+08 1.137e+09 1.81741e+09 2.474e+09 2.99092e+09 3.27522e+09 3.27522e+09 2.99092e+09 2.474e+09 1.81741e+09 1.137e+09 5.49881e+08 1.54661e+08 5.19262e+06 230092 13845.3 710.169 30.5663 1.0878
10.1516 350.877 10580.7 276214 5.3584e+06 7.58563e+07 7.58237e+09 2.76025e+10 5.70754e+10 9.11564e+10 1.24022e+11 1.49888e+11 1.64112e+11 1.64112e+11 1.49888e+11 1.24022e+11 9.11564e+10 5.70754e+10 2.76025e+10 7.58237e+09 7.58562e+07 5.3584e+06 276213 10580.7 350.877 10.1516
59.4706 2502.34 100329 4.02615e+06 1.62543e+08 7.93036e+09 7.22376e+11 2.52501e+12 5.13206e+12 8.11678e+12 1.09755e+13 1.32151e+13 1.44434e+13 1.44434e+13 1.32151e+13 1.09755e+13 8.11678e+12 5.13206e+12 2.52501e+12 7.22376e+11 7.93036e+09 1.62543e+08 4.02615e+06 100329 2502.34 59.4706
177.012 7777.57 326767 1.3737e+07 5.78585e+08 2.89091e+10 2.53266e+12 8.82862e+12 1.79236e+13 2.83289e+13 3.82904e+13 4.6092e+13 5.03699e+13 5.03699e+13 4.6092e+13 3.82904e+13 2.83289e+13 1.79236e+13 8.82862e+12 2.53266e+12 2.89091e+10 5.78585e+08 1.3737e+07 326767 7777.57 177.012
355.348 15759.3 667760 2.82645e+07 1.19623e+09 5.97766e+10 5.15235e+12 1.79404e+13 3.64051e+13 5.75243e+13 7.77391e+13 9.3569e+13 1.02248e+14 1.02248e+14 9.3569e+13 7.77391e+13 5.75243e+13 3.64051e+13 1.79404e+13 5.15235e+12 5.97766e+10 1.19623e+09 2.82645e+07 667760 15759.3 355.348
564.17 25075 1.06442e+06 4.5115e+07 1.91115e+09 9.54305e+10 8.15113e+12 2.83639e+13 5.75418e+13 9.09091e+13 1.22844e+14 1.4785e+14 1.61561e+14 1.61561e+14 1.4785e+14 1.22844e+14 9.09091e+13 5.75418e+13 2.83639e+13 8.15113e+12 9.54305e+10 1.91115e+09 4.5115e+07 1.06442e+06 25075 564.17
765.964 34066.3 1.44692e+06 6.13547e+07 2.60006e+09 1.29767e+11 1.1022e+13 3.83389e+13 7.77655e+13 1.22849e+14 1.65994e+14 1.99777e+14 2.18298e+14 2.18298e+14 1.99777e+14 1.65994e+14 1.22849e+14 7.77655e+13 3.83389e+13 1.1022e+13 1.29767e+11 2.60006e+09 6.13547e+07 1.44692e+06 34066.3 765.964
924.626 41134.1 1.74756e+06 7.41202e+07 3.14171e+09 1.56756e+11 1.327e+13 4.61472e+13 9.35949e+13 1.47847e+14 1.99765e+14 2.40415e+14 2.62702e+14 2.62702e+14 2.40415e+14 1.99765e+14 1.47847e+14 9.35949e+13 4.61472e+13 1.327e+13 1.56756e+11 3.14171e+09 7.41202e+07 1.74756e+06 41134.1 924.626
1011.77 45016.2 1.91271e+06 8.11334e+07 3.43934e+09 1.71584e+11 1.45023e+13 5.04271e+13 1.02271e+14 1.61548e+14 2.18273e+14 2.62688e+14 2.87038e+14 2.87038e+14 2.62688e+14 2.18273e+14 1.61548e+14 1.02271e+14 5.04271e+13 1.45023e+13 1.71584e+11 3.43934e+09 8.11334e+07 1.91271e+06 45016.2 1011.77
1011.77 45016.2 1.91271e+06 8.11334e+07 3.43934e+09 1.71584e+11 1.45023e+13 5.04271e+13 1.02271e+14 1.61548e+14 2.18273e+14 2.62688e+14 2.87038e+14 2.87038e+14 2.62687e+14 2.18273e+14 1.61548e+14 1.02271e+14 5.04271e+13 1.45023e+13 1.71584e+11 3.43934e+09 8.11334e+07 1.91271e+06 45016.2 1011.77
924.626 41134.1 1.74756e+06 7.41202e+07 3.14171e+09 1.56756e+11 1.327e+13 4.61472e+13 9.35949e+13 1.47847e+14 1.99765e+14 2.40415e+14 2.62702e+14 2.62702e+14 2.40415e+14 1.99765e+14 1.47847e+14 9.35949e+13 4.61472e+13 1.327e+13 1.56756e+11 3.14171e+09 7.41202e+07 1.74756e+06 41134.1 924.626
765.964 34066.3 1.44692e+06 6.13547e+07 2.60006e+09 1.29767e+11 1.1022e+13 3.83389e+13 7.77655e+13 1.22849e+14 1.65994e+14 1.99777e+14 2.18298e+14 2.18298e+14 1.99777e+14 1.65994e+14 1.22849e+14 7.77655e+13 3.83389e+13 1.1022e+13 1.29767e+11 2.60006e+09 6.13547e+07 1.44692e+06 34066.3 765.964
564.17 25075 1.06442e+06 4.5115e+07 1.91115e+09 9.54305e+10 8.15113e+12 2.83639e+13 5.75418e+13 9.09091e+13 1.22844e+14 1.4785e+14 1.61561e+14 1.61561e+14 1.4785e+14 1.22844e+14 9.09091e+13 5.75418e+13 2.83639e+13 8.15113e+12 9.54305e+10 1.91115e+09 4.5115e+07 1.06442e+06 25075 564.17
355.348 15759.3 667760 2.82645e+07 1.19623e+09 5.97766e+10 5.15235e+12 1.79404e+13 3.64051e+13 5.75243e+13 7.77391e+13 9.3569e+13 1.02248e+14 1.02248e+14 9.3569e+13 7.77391e+13 5.75243e+13 3.64051e+13 1.79404e+13 5.15235e+12 5.97766e+10 1.19623e+09 2.82645e+07 667760 15759.3 355.348
177.012 7777.57 326767 1.3737e+07 5.78585e+08 2.89091e+10 2.53266e+12 8.82862e+12 1.79236e+13 2.83289e+13 3.82904e+13 4.6092e+13 5.03699e+13 5.03699e+13 4.6092e+13 3.82904e+13 2.83289e+13 1.79236e+13 8.82862e+12 2.53266e+12 2.89091e+10 5.78585e+08 1.3737e+07 326767 7777.57 177.012
59.4706 2502.34 100329 4.02615e+06 1.62543e+08 7.93036e+09 7.22376e+11 2.52501e+12 5.13206e+12 8.11678e+12 1.09755e+13 1.32151e+13 1.44434e+13 1.44434e+13 1.32151e+13 1.09755e+13 8.11678e+12 5.13206e+12 2.52501e+12 7.22376e+11 7.93036e+09 1.62543e+08 4.02615e+06 100329 2502.34 59.4706
10.1516 350.877 10580.7 276213 5.3584e+06 7.58562e+07 7.58237e+09 2.76025e+10 5.70754e+10 9.11564e+10 1.24022e+11 1.49888e+11 1.64112e+11 1.64112e+11 1.49888e+11 1.24022e+11 9.11564e+10 5.70754e+10 2.76025e+10 7.58237e+09 7.58562e+07 5.3584e+06 276214 10580.7 350.877 10.1516
1.0878 30.5663 710.169 13845.3 230092 5.19262e+06 1.54661e+08 5.49881e+08 1.137e+09 1.81741e+09 2.474e+09 2.99092e+09 3.27522e+09 3.27522e+09 2.99092e+09 2.474e+09 1.81741e+09 1.137e+09 5.49881e+08 1.54661e+08 5.19262e+06 230092 13845.3 710.169 30.5663 1.0878
0.0879071 2.10119 41.6232 747.788 13532.8 265533 3.83145e+06 1.30577e+07 2.68694e+07 4.29085e+07 5.83877e+07 7.05711e+07 7.72704e+07 7.72704e+07 7.05711e+07 5.83877e+07 4.29085e+07 2.68694e+07 1.30577e+07 3.83145e+06 265533 13532.8 747.788 41.6232 2.10119 0.0879071
0.00603815 0.129622 2.3642 40.9107 687.178 10136 95485 310662 634900 1.01251e+06 1.37713e+06 1.66407e+06 1.82183e+06 1.82183e+06 1.66407e+06 1.37713e+06 1.01251e+06 634900 310662 95485 10136 687.178 40.9107 2.3642 0.129622 0.00603815
0.000375003 0.00748131 0.127847 2.0443 29.4283 335.496 2381.65 7395.42 14986.1 23855.5 32427.3 39173.5 42882.1 42882.1 39173.5 32427.3 23855.5 14986.1 7395.42 2381.65 335.496 29.4283 2.0443 0.127847 0.00748131 0.000375003
1.97272e-05 0.000370967 0.00590205 0.085038 1.04435 9.69578 56.6044 168.339 337.964 536.804 729.199 880.649 963.901 963.901 880.649 729.199 536.804 337.964 168.339 56.6044 9.69578 1.04435 0.085038 0.00590205 0.000370967 1.97272e-05
