0.226243 4.28706 68.6295 993.144 12247.2 114319 672359 2.0192e+06 4.09386e+06 6.55557e+06 8.95622e+06 1.08533e+07 1.18974e+07 1.18974e+07 1.08533e+07 8.95622e+06 6.55557e+06 4.09386e+06 2.0192e+06 672359 114319 12247.2 993.144 68.6295 4.28706 0.226243
4.35697 87.734 1510.11 24233.1 349484 3.99681e+06 2.85486e+07 8.95395e+07 1.83316e+08 2.94285e+08 4.02381e+08 4.87766e+08 5.34757e+08 5.34757e+08 4.87766e+08 4.02381e+08 2.94285e+08 1.83316e+08 8.95395e+07 2.85486e+07 3.99681e+06 349484 24233.1 1510.11 87.734 4.35697
70.9941 1541.67 28400.2 493675 8.2851e+06 1.22102e+08 1.15479e+09 3.79624e+09 7.84283e+09 1.26182e+10 1.72659e+10 2.09361e+10 2.29557e+10 2.29557e+10 2.09361e+10 1.72659e+10 1.26182e+10 7.84283e+09 3.79624e+09 1.15479e+09 1.22102e+08 8.2851e+06 493675 28400.2 1541.67 70.9941
1042.58 25242.7 506767 9.1905e+06 1.66198e+08 3.23548e+09 4.66756e+10 1.60812e+11 3.34728e+11 5.39487e+11 7.38663e+11 8.9592e+11 9.82441e+11 9.82441e+11 8.9592e+11 7.38663e+11 5.39487e+11 3.34728e+11 1.60812e+11 4.66756e+10 3.23548e+09 1.66198e+08 9.1905e+06 506767 25242.7 1042.58
12979.6 369269 8.70229e+06 1.72209e+08 2.89297e+09 6.4223e+10 1.89374e+12 6.81188e+12 1.42581e+13 2.30111e+13 3.15238e+13 3.82441e+13 4.1941e+13 4.1941e+13 3.82441e+13 3.15238e+13 2.30111e+13 1.42581e+13 6.81188e+12 1.89374e+12 6.4223e+10 2.89297e+09 1.72209e+08 8.70229e+06 369269 12979.6
121747 4.25346e+06 1.29789e+08 3.43191e+09 6.78002e+10 9.79781e+11 9.33187e+13 3.43871e+14 7.20137e+14 1.16162e+15 1.59073e+15 1.92938e+15 2.11564e+15 2.11564e+15 1.92938e+15 1.59073e+15 1.16162e+15 7.20137e+14 3.43871e+14 9.33187e+13 9.79781e+11 6.78002e+10 3.43191e+09 1.29789e+08 4.25346e+06 121747
717503 3.0465e+07 1.2323e+09 4.98088e+10 2.02093e+12 9.85047e+13 8.90264e+15 3.14368e+16 6.46061e+16 1.03142e+17 1.40422e+17 1.69795e+17 1.85947e+17 1.85947e+17 1.69795e+17 1.40422e+17 1.03142e+17 6.46061e+16 3.14368e+16 8.90264e+15 9.85047e+13 2.02093e+12 4.98088e+10 1.2323e+09 3.0465e+07 717503
2.15534e+06 9.55817e+07 4.05268e+09 1.71687e+11 7.27308e+12 3.63502e+14 3.15526e+16 1.11052e+17 2.27872e+17 3.63462e+17 4.94567e+17 5.97839e+17 6.54623e+17 6.54623e+17 5.97839e+17 4.94566e+17 3.63462e+17 2.27872e+17 1.11052e+17 3.15526e+16 3.63502e+14 7.27308e+12 1.71687e+11 4.05268e+09 9.55817e+07 2.15534e+06
4.36814e+06 1.9561e+08 8.36936e+09 3.57226e+11 1.52176e+13 7.61223e+14 6.49228e+16 2.28154e+17 4.6779e+17 7.4576e+17 1.01443e+18 1.22602e+18 1.34234e+18 1.34234e+18 1.22602e+18 1.01443e+18 7.4576e+17 4.6779e+17 2.28154e+17 6.49228e+16 7.61223e+14 1.52176e+13 3.57226e+11 8.36936e+09 1.9561e+08 4.36814e+06
6.98993e+06 3.13798e+08 1.34556e+10 5.7532e+11 2.4541e+13 1.22721e+15 1.03684e+17 3.64049e+17 7.46046e+17 1.18894e+18 1.61687e+18 1.9538e+18 2.13902e+18 2.13902e+18 1.9538e+18 1.61687e+18 1.18894e+18 7.46046e+17 3.64049e+17 1.03683e+17 1.22721e+15 2.4541e+13 5.7532e+11 1.34556e+10 3.13798e+08 6.98993e+06
9.54227e+06 4.2872e+08 1.83966e+10 7.87059e+11 3.35903e+13 1.67927e+15 1.41149e+17 4.95344e+17 1.01479e+18 1.61683e+18 2.19836e+18 2.65615e+18 2.90777e+18 2.90777e+18 2.65615e+18 2.19836e+18 1.61683e+18 1.01479e+18 4.95344e+17 1.41149e+17 1.67927e+15 3.35903e+13 7.87059e+11 1.83966e+10 4.2872e+08 9.54227e+06
1.15559e+07 5.19343e+08 2.22915e+10 9.53926e+11 4.07204e+13 2.03536e+15 1.70637e+17 5.98666e+17 1.22623e+18 1.95341e+18 2.65569e+18 3.20845e+18 3.51224e+18 3.51224e+18 3.20845e+18 2.65569e+18 1.95341e+18 1.22623e+18 5.98666e+17 1.70637e+17 2.03536e+15 4.07204e+13 9.53926e+11 2.22915e+10 5.19343e+08 1.15559e+07
1.26629e+07 5.69156e+08 2.4432e+10 1.04561e+12 4.46374e+13 2.23095e+15 1.86839e+17 6.55433e+17 1.34239e+18 2.1383e+18 2.90687e+18 3.51176e+18 3.8442e+18 3.8442e+18 3.51176e+18 2.90687e+18 2.1383e+18 1.34239e+18 6.55433e+17 1.86839e+17 2.23095e+15 4.46374e+13 1.04561e+12 2.4432e+10 5.69156e+08 1.26629e+07
1.26629e+07 5.69156e+08 2.4432e+10 1.04561e+12 4.46374e+13 2.23095e+15 1.86839e+17 6.55433e+17 1.34239e+18 2.1383e+18 2.90687e+18 3.51176e+18 3.8442e+18 3.8442e+18 3.51176e+18 2.90687e+18 2.1383e+18 1.34239e+18 6.55433e+17 1.86839e+17 2.23095e+15 4.46374e+13 1.04561e+12 2.4432e+10 5.69156e+08 1.26629e+07
1.15559e+07 5.19343e+08 2.22915e+10 9.53926e+11 4.07204e+13 2.03536e+15 1.70637e+17 5.98666e+17 1.22623e+18 1.95341e+18 2.65569e+18 3.20845e+18 3.51224e+18 3.51224e+18 3.20845e+18 2.65569e+18 1.95341e+18 1.22623e+18 5.98666e+17 1.70637e+17 2.03536e+15 4.07204e+13 9.53926e+11 2.22915e+10 5.19343e+08 1.15559e+07
9.54227e+06 4.2872e+08 1.83966e+10 7.87059e+11 3.35903e+13 1.67927e+15 1.41149e+17 4.95344e+17 1.01479e+18 1.61683e+18 2.19836e+18 2.65615e+18 2.90777e+18 2.90777e+18 2.65615e+18 2.19836e+18 1.61683e+18 1.01479e+18 4.95344e+17 1.41149e+17 1.67927e+15 3.35903e+13 7.87059e+11 1.83966e+10 4.2872e+08 9.54227e+06
6.98993e+06 3.13798e+08 1.34556e+10 5.7532e+11 2.4541e+13 1.22721e+15 1.03683e+17 3.64049e+17 7.46046e+17 1.18894e+18 1.61687e+18 1.9538e+18 2.13902e+18 2.13902e+18 1.9538e+18 1.61687e+18 1.18894e+18 7.46046e+17 3.64049e+17 1.03684e+17 1.22721e+15 2.4541e+13 5.7532e+11 1.34556e+10 3.13798e+08 6.98993e+06
4.36814e+06 1.9561e+08 8.36936e+09 3.57225e+11 1.52176e+13 7.61223e+14 6.49228e+16 2.28154e+17 4.6779e+17 7.4576e+17 1.01443e+18 1.22602e+18 1.34234e+18 1.34234e+18 1.22602e+18 1.01443e+18 7.4576e+17 4.6779e+17 2.28154e+17 6.49228e+16 7.61223e+14 1.52176e+13 3.57225e+11 8.36936e+09 1.9561e+08 4.36814e+06
2.15534e+06 9.55817e+07 4.05268e+09 1.71687e+11 7.27308e+12 3.63502e+14 3.15526e+16 1.11052e+17 2.27872e+17 3.63462e+17 4.94566e+17 5.97839e+17 6.54623e+17 6.54623e+17 5.97839e+17 4.94566e+17 3.63462e+17 2.27872e+17 1.11052e+17 3.15526e+16 3.63502e+14 7.27308e+12 1.71687e+11 4.05268e+09 9.55817e+07 2.15534e+06
717503 3.0465e+07 1.2323e+09 4.98088e+10 2.02093e+12 9.85047e+13 8.90264e+15 3.14368e+16 6.46061e+16 1.03142e+17 1.40422e+17 1.69795e+17 1.85947e+17 1.85947e+17 1.69795e+17 1.40422e+17 1.03142e+17 6.46061e+16 3.14368e+16 8.90264e+15 9.85047e+13 2.02093e+12 4.98088e+10 1.2323e+09 3.0465e+07 717503
121747 4.25346e+06 1.29789e+08 3.43191e+09 6.78002e+10 9.79781e+11 9.33187e+13 3.43871e+14 7.20137e+14 1.16162e+15 1.59073e+15 1.92938e+15 2.11564e+15 2.11564e+15 1.92938e+15 1.59073e+15 1.16162e+15 7.20137e+14 3.43871e+14 9.33187e+13 9.79781e+11 6.78002e+10 3.43191e+09 1.29789e+08 4.25346e+06 121747
12979.6 369269 8.70229e+06 1.72209e+08 2.89297e+09 6.4223e+10 1.89374e+12 6.81188e+12 1.42581e+13 2.30111e+13 3.15238e+13 3.82441e+13 4.1941e+13 4.1941e+13 3.82441e+13 3.15238e+13 2.30111e+13 1.42581e+13 6.81188e+12 1.89374e+12 6.4223e+10 2.89297e+09 1.72209e+08 8.70229e+06 369269 12979.6
1042.58 25242.7 506767 9.1905e+06 1.66198e+08 3.23548e+09 4.66756e+10 1.60812e+11 3.34728e+11 5.39487e+11 7.38663e+11 8.9592e+11 9.82441e+11 9.82441e+11 8.9592e+11 7.38663e+11 5.39487e+11 3.34728e+11 1.60812e+11 4.66756e+10 3.23548e+09 1.66198e+08 9.1905e+06 506767 25242.7 1042.58
70.9941 1541.67 28400.2 493675 8.2851e+06 1.22102e+08 1.15479e+09 3.79624e+09 7.84283e+09 1.26182e+10 1.72659e+10 2.09361e+10 2.29557e+10 2.29557e+10 2.09361e+10 1.72659e+10 1.26182e+10 7.84283e+09 3.79624e+09 1.15479e+09 1.22102e+08 8.2851e+06 493675 28400.2 1541.67 70.9941
4.35697 87.734 1510.11 24233.1 349484 3.99681e+06 2.85486e+07 8.95395e+07 1.83316e+08 2.94285e+08 4.02381e+08 4.87766e+08 5.34757e+08 5.34757e+08 4.87766e+08 4.02381e+08 2.94285e+08 1.83316e+08 8.95395e+07 2.85486e+07 3.99681e+06 349484 24233.1 1510.11 87.734 4.35697
0.226243 4.28706 68.6295 993.144 12247.2 114319 672359 2.0192e+06 4.09386e+06 6.55557e+06 8.95622e+06 1.08533e+07 1.18974e+07 1.18974e+07 1.08533e+07 8.95622e+06 6.55557e+06 4.09386e+06 2.0192e+06 672359 114319 12247.2 993.144 68.6295 4.28706 0.226243
