5.06864e-06 9.46116e-05 0.00148776 0.0211365 0.256127 2.35322 13.639 40.319 80.4224 126.892 171.341 205.993 224.92 224.92 205.993 171.341 126.892 80.4224 40.319 13.639 2.35322 0.256127 0.0211365 0.00148776 9.46116e-05 5.06864e-06
9.65641e-05 0.00191805 0.0324651 0.51147 7.24221 81.4707 573.492 1769.73 3562.09 5631.1 7606.82 9146.17 9986.78 9986.78 9146.17 7606.82 5631.1 3562.09 1769.73 573.492 81.4707 7.24221 0.51147 0.0324651 0.00191805 9.65641e-05
0.0015528 0.0333265 0.605241 10.3442 170.315 2465.75 22983.5 74294.3 150773 238715 322571 387876 423533 423533 387876 322571 238715 150773 74294.3 22983.5 2465.75 170.315 10.3442 0.605241 0.0333265 0.0015528
0.0224709 0.538586 10.6942 191.521 3402.43 64881.7 922161 3.12165e+06 6.37677e+06 1.01068e+07 1.36599e+07 1.64261e+07 1.79364e+07 1.79364e+07 1.64261e+07 1.36599e+07 1.01068e+07 6.37677e+06 3.12165e+06 922161 64881.7 3402.43 191.521 10.6942 0.538586 0.0224709
0.275443 7.76218 181.273 3561.07 59307.7 1.28512e+06 3.7232e+07 1.3145e+08 2.69742e+08 4.27792e+08 5.7825e+08 6.95371e+08 7.59308e+08 7.59308e+08 6.95371e+08 5.7825e+08 4.27792e+08 2.69742e+08 1.3145e+08 3.7232e+07 1.28512e+06 59307.7 3561.07 181.273 7.76218 0.275443
2.54385 88.0243 2661.86 69937.7 1.38062e+06 1.99813e+07 1.83439e+09 6.62874e+09 1.36018e+10 2.15539e+10 2.91199e+10 3.50085e+10 3.82229e+10 3.82229e+10 3.50085e+10 2.91199e+10 2.15539e+10 1.36018e+10 6.62874e+09 1.83439e+09 1.99813e+07 1.38062e+06 69937.7 2661.86 88.0243 2.54385
14.7643 620.795 24878.9 998218 4.03042e+07 1.95605e+09 1.74767e+11 6.08178e+11 1.23007e+12 1.9357e+12 2.60573e+12 3.12691e+12 3.41139e+12 3.41139e+12 3.12691e+12 2.60573e+12 1.9357e+12 1.23007e+12 6.08178e+11 1.74767e+11 1.95605e+09 4.03042e+07 998218 24878.9 620.795 14.7643
43.6435 1915.67 80421.6 3.37916e+06 1.42297e+08 7.07719e+09 6.10469e+11 2.11932e+12 4.2826e+12 6.73638e+12 9.06606e+12 1.08781e+13 1.18672e+13 1.18672e+13 1.08781e+13 9.06606e+12 6.73638e+12 4.2826e+12 2.11932e+12 6.10469e+11 7.07719e+09 1.42297e+08 3.37916e+06 80421.6 1915.67 43.6435
87.0097 3853.82 163121 6.89899e+06 2.91834e+08 1.45192e+10 1.23595e+12 4.287e+12 8.66013e+12 1.362e+13 1.83288e+13 2.19913e+13 2.39905e+13 2.39905e+13 2.19913e+13 1.83288e+13 1.362e+13 8.66013e+12 4.287e+12 1.23595e+12 1.45192e+10 2.91834e+08 6.89899e+06 163121 3853.82 87.0097
137.192 6088.02 258078 1.09264e+07 4.62473e+08 2.29944e+10 1.94534e+12 6.74478e+12 1.3623e+13 2.14236e+13 2.88293e+13 3.45894e+13 3.77337e+13 3.77337e+13 3.45894e+13 2.88293e+13 2.14236e+13 1.3623e+13 6.74478e+12 1.94534e+12 2.29944e+10 4.62473e+08 1.09264e+07 258078 6088.02 137.192
185.123 8218.27 348483 1.47565e+07 6.24644e+08 3.10452e+10 2.61839e+12 9.07648e+12 1.83312e+13 2.88267e+13 3.87907e+13 4.65407e+13 5.07712e+13 5.07712e+13 4.65407e+13 3.87907e+13 2.88267e+13 1.83312e+13 9.07648e+12 2.61839e+12 3.10452e+10 6.24644e+08 1.47565e+07 348483 8218.27 185.123
222.44 9875.79 418790 1.77342e+07 7.50696e+08 3.73021e+10 3.14148e+12 1.08887e+13 2.19904e+13 3.45804e+13 4.65327e+13 5.58293e+13 6.0904e+13 6.0904e+13 5.58293e+13 4.65327e+13 3.45804e+13 2.19904e+13 1.08887e+13 3.14148e+12 3.73021e+10 7.50696e+08 1.77342e+07 418790 9875.79 222.44
242.804 10780.1 457141 1.93582e+07 8.19438e+08 4.07141e+10 3.42683e+12 1.18773e+13 2.39867e+13 3.77193e+13 5.07565e+13 6.08968e+13 6.64321e+13 6.64321e+13 6.08968e+13 5.07565e+13 3.77193e+13 2.39867e+13 1.18773e+13 3.42683e+12 4.07141e+10 8.19438e+08 1.93582e+07 457141 10780.1 242.804
242.804 10780.1 457141 1.93582e+07 8.19438e+08 4.07141e+10 3.42683e+12 1.18773e+13 2.39867e+13 3.77193e+13 5.07565e+13 6.08968e+13 6.64321e+13 6.64321e+13 6.08968e+13 5.07565e+13 3.77193e+13 2.39867e+13 1.18773e+13 3.42683e+12 4.07141e+10 8.19438e+08 1.93582e+07 457141 10780.1 242.804
222.44 9875.79 418790 1.77342e+07 7.50696e+08 3.73021e+10 3.14148e+12 1.08887e+13 2.19904e+13 3.45804e+13 4.65327e+13 5.58293e+13 6.0904e+13 6.0904e+13 5.58293e+13 4.65327e+13 3.45804e+13 2.19904e+13 1.08887e+13 3.14148e+12 3.73021e+10 7.50696e+08 1.77342e+07 418790 9875.79 222.44
185.123 8218.27 348483 1.47565e+07 6.24644e+08 3.10452e+10 2.61839e+12 9.07648e+12 1.83312e+13 2.88267e+13 3.87907e+13 4.65407e+13 5.07712e+13 5.07712e+13 4.65407e+13 3.87907e+13 2.88267e+13 1.83312e+13 9.07648e+12 2.61839e+12 3.10452e+10 6.24644e+08 1.47565e+07 348483 8218.27 185.123
137.192 6088.02 258078 1.09264e+07 4.62473e+08 2.29944e+10 1.94534e+12 6.74478e+12 1.3623e+13 2.14236e+13 2.88293e+13 3.45894e+13 3.77337e+13 3.77337e+13 3.45894e+13 2.88293e+13 2.14236e+13 1.3623e+13 6.74478e+12 1.94534e+12 2.29944e+10 4.62473e+08 1.09264e+07 258078 6088.02 137.192
87.0097 3853.82 163121 6.89899e+06 2.91834e+08 1.45192e+10 1.23595e+12 4.287e+12 8.66013e+12 1.362e+13 1.83288e+13 2.19913e+13 2.39905e+13 2.39905e+13 2.19913e+13 1.83288e+13 1.362e+13 8.66013e+12 4.287e+12 1.23595e+12 1.45192e+10 2.91834e+08 6.89899e+06 163121 3853.82 87.0097
43.6435 1915.67 80421.6 3.37916e+06 1.42297e+08 7.07719e+09 6.10469e+11 2.11932e+12 4.2826e+12 6.73638e+12 9.06606e+12 1.08781e+13 1.18672e+13 1.18672e+13 1.08781e+13 9.06606e+12 6.73638e+12 4.2826e+12 2.11932e+12 6.10469e+11 7.07719e+09 1.42297e+08 3.37916e+06 80421.6 1915.67 43.6435
14.7643 620.795 24878.9 998218 4.03042e+07 1.95605e+09 1.74767e+11 6.08178e+11 1.23007e+12 1.9357e+12 2.60573e+12 3.12691e+12 3.41139e+12 3.41139e+12 3.12691e+12 2.60573e+12 1.9357e+12 1.23007e+12 6.08178e+11 1.74767e+11 1.95605e+09 4.03042e+07 998218 24878.9 620.795 14.7643
2.54385 88.0243 2661.86 69937.7 1.38062e+06 1.99813e+07 1.83439e+09 6.62874e+09 1.36018e+10 2.15539e+10 2.91199e+10 3.50085e+10 3.82229e+10 3.82229e+10 3.50085e+10 2.91199e+10 2.15539e+10 1.36018e+10 6.62874e+09 1.83439e+09 1.99813e+07 1.38062e+06 69937.7 2661.86 88.0243 2.54385
0.275443 7.76218 181.273 3561.07 59307.7 1.28512e+06 3.7232e+07 1.3145e+08 2.69742e+08 4.27792e+08 5.7825e+08 6.95371e+08 7.59308e+08 7.59308e+08 6.95371e+08 5.7825e+08 4.27792e+08 2.69742e+08 1.3145e+08 3.7232e+07 1.28512e+06 59307.7 3561.07 181.273 7.76218 0.275443
0.0224709 0.538586 10.6942 191.521 3402.43 64881.7 922161 3.12165e+06 6.37677e+06 1.01068e+07 1.36599e+07 1.64261e+07 1.79364e+07 1.79364e+07 1.64261e+07 1.36599e+07 1.01068e+07 6.37677e+06 3.12165e+06 922161 64881.7 3402.43 191.521 10.6942 0.538586 0.0224709
0.0015528 0.0333265 0.605241 10.3442 170.315 2465.75 22983.5 74294.3 150773 238715 322571 387876 423533 423533 387876 322571 238715 150773 74294.3 22983.5 2465.75 170.315 10.3442 0.605241 0.0333265 0.0015528
9.65641e-05 0.00191805 0.0324651 0.51147 7.24221 81.4707 573.492 1769.73 3562.09 5631.1 7606.82 9146.17 9986.78 9986.78 9146.17 7606.82 5631.1 3562.09 1769.73 573.492 81.4707 7.24221 0.51147 0.0324651 0.00191805 9.65641e-05
5.06864e-06 9.46116e-05 0.00148776 0.0211365 0.256127 2.35322 13.639 40.319 80.4224 126.892 171.341 205.993 224.92 224.92 205.993 171.341 126.892 80.4224 40.319 13.639 2.35322 0.256127 0.0211365 0.00148776 9.46116e-05 5.06864e-06
