1.21411e-06 2.27826e-05 0.000361379 0.00518892 0.0635158 0.58806 3.42521 10.1607 20.3397 32.21 43.6379 52.5968 57.5083 57.5083 52.5968 43.6379 32.21 20.3397 10.1607 3.42521 0.58806 0.0635158 0.00518892 0.000361379 2.27826e-05 1.21411e-06
2.30761e-05 0.000459651 0.00783434 0.12482 1.78983 20.3382 144.021 446.041 901.105 1429.92 1938.32 2336.73 2555.14 2555.14 2336.73 1938.32 1429.92 901.105 446.041 144.021 20.3382 1.78983 0.12482 0.00783434 0.000459651 2.30761e-05
0.000371235 0.00796345 0.145018 2.50153 41.8268 614.344 5771.24 18725.8 38147.6 60636.8 82233 99153.3 108429 108429 99153.3 82233 60636.8 38147.6 18725.8 5771.24 614.344 41.8268 2.50153 0.145018 0.00796345 0.000371235
0.00539486 0.128933 2.55352 45.8162 825.589 16100.8 231512 786766 1.61354e+06 2.56788e+06 3.48364e+06 4.2011e+06 4.59443e+06 4.59443e+06 4.2011e+06 3.48364e+06 2.56788e+06 1.61354e+06 786766 231512 16100.8 825.589 45.8162 2.55352 0.128933 0.00539486
0.0665908 1.87101 43.4877 848.62 14100.8 315526 9.34466e+06 3.31253e+07 6.82538e+07 1.08708e+08 1.47515e+08 1.7792e+08 1.94592e+08 1.94592e+08 1.7792e+08 1.47515e+08 1.08708e+08 6.82538e+07 3.31253e+07 9.34466e+06 315526 14100.8 848.62 43.4877 1.87101 0.0665908
0.619733 21.4122 645.7 16870.2 328279 4.66565e+06 4.58596e+08 1.66433e+09 3.42926e+09 5.45729e+09 7.40148e+09 8.92436e+09 9.75923e+09 9.75923e+09 8.92436e+09 7.40148e+09 5.45729e+09 3.42926e+09 1.66433e+09 4.58596e+08 4.66565e+06 328279 16870.2 645.7 21.4122 0.619733
3.62076 152.248 6101.16 244764 9.88071e+06 4.81613e+08 4.36951e+10 1.52428e+11 3.09073e+11 4.87641e+11 6.57988e+11 7.91009e+11 8.6381e+11 8.6381e+11 7.91009e+11 6.57988e+11 4.87641e+11 3.09073e+11 1.52428e+11 4.36951e+10 4.81613e+08 9.88071e+06 244764 6101.16 152.248 3.62076
10.7482 471.885 19813.3 832576 3.50592e+07 1.75024e+09 1.52912e+11 5.32051e+11 1.0777e+12 1.69939e+12 2.29227e+12 2.75514e+12 3.00843e+12 3.00843e+12 2.75514e+12 2.29227e+12 1.69939e+12 1.0777e+12 5.32051e+11 1.52912e+11 1.75024e+09 3.50592e+07 832576 19813.3 471.885 10.7482
21.5127 953.18 40357.2 1.70722e+06 7.22256e+07 3.60617e+09 3.10342e+11 1.07872e+12 2.18415e+12 3.44338e+12 4.64408e+12 5.58144e+12 6.09437e+12 6.09437e+12 5.58144e+12 4.64408e+12 3.44338e+12 2.18415e+12 1.07872e+12 3.10342e+11 3.60617e+09 7.22256e+07 1.70722e+06 40357.2 953.18 21.5127
34.0521 1511.85 64118 2.7156e+06 1.14975e+08 5.73641e+09 4.89771e+11 1.70148e+12 3.44435e+12 5.42949e+12 7.32226e+12 8.79984e+12 9.60837e+12 9.60837e+12 8.79984e+12 7.32226e+12 5.42949e+12 3.44435e+12 1.70148e+12 4.89771e+11 5.73641e+09 1.14975e+08 2.7156e+06 64118 1511.85 34.0521
46.1092 2048.27 86905.4 3.68193e+06 1.55926e+08 7.7759e+09 6.60851e+11 2.29508e+12 4.64545e+12 7.32235e+12 9.8746e+12 1.1867e+13 1.29572e+13 1.29572e+13 1.1867e+13 9.8746e+12 7.32235e+12 4.64545e+12 2.29508e+12 6.60851e+11 7.7759e+09 1.55926e+08 3.68193e+06 86905.4 2048.27 46.1092
55.5506 2468.14 104738 4.43805e+06 1.87971e+08 9.37149e+09 7.94371e+11 2.75829e+12 5.58264e+12 8.79927e+12 1.1866e+13 1.426e+13 1.557e+13 1.557e+13 1.426e+13 1.1866e+13 8.79927e+12 5.58264e+12 2.75829e+12 7.94371e+11 9.37149e+09 1.87971e+08 4.43805e+06 104738 2468.14 55.5506
60.7225 2698.13 114505 4.85223e+06 2.05525e+08 1.02455e+10 8.67413e+11 3.01167e+12 6.09528e+12 9.60712e+12 1.29553e+13 1.5569e+13 1.69991e+13 1.69991e+13 1.5569e+13 1.29553e+13 9.60712e+12 6.09528e+12 3.01167e+12 8.67413e+11 1.02455e+10 2.05525e+08 4.85223e+06 114505 2698.13 60.7225
60.7225 2698.13 114505 4.85223e+06 2.05525e+08 1.02455e+10 8.67413e+11 3.01167e+12 6.09528e+12 9.60712e+12 1.29553e+13 1.5569e+13 1.69991e+13 1.69991e+13 1.5569e+13 1.29553e+13 9.60712e+12 6.09528e+12 3.01167e+12 8.67413e+11 1.02455e+10 2.05525e+08 4.85223e+06 114505 2698.13 60.7225
55.5506 2468.14 104738 4.43805e+06 1.87971e+08 9.37149e+09 7.94371e+11 2.75829e+12 5.58264e+12 8.79927e+12 1.1866e+13 1.426e+13 1.557e+13 1.557e+13 1.426e+13 1.1866e+13 8.79927e+12 5.58264e+12 2.75829e+12 7.94371e+11 9.37149e+09 1.87971e+08 4.43805e+06 104738 2468.14 55.5506
46.1092 2048.27 86905.4 3.68193e+06 1.55926e+08 7.7759e+09 6.60851e+11 2.29508e+12 4.64545e+12 7.32235e+12 9.8746e+12 1.1867e+13 1.29572e+13 1.29572e+13 1.1867e+13 9.8746e+12 7.32235e+12 4.64545e+12 2.29508e+12 6.60851e+11 7.7759e+09 1.55926e+08 3.68193e+06 86905.4 2048.27 46.1092
34.0521 1511.85 64118 2.7156e+06 1.14975e+08 5.73641e+09 4.89771e+11 1.70148e+12 3.44435e+12 5.42949e+12 7.32226e+12 8.79984e+12 9.60837e+12 9.60837e+12 8.79984e+12 7.32226e+12 5.42949e+12 3.44435e+12 1.70148e+12 4.89771e+11 5.73641e+09 1.14975e+08 2.7156e+06 64118 1511.85 34.0521
21.5127 953.18 40357.2 1.70722e+06 7.22256e+07 3.60617e+09 3.10342e+11 1.07872e+12 2.18415e+12 3.44338e+12 4.64408e+12 5.58144e+12 6.09437e+12 6.09437e+12 5.58144e+12 4.64408e+12 3.44338e+12 2.18415e+12 1.07872e+12 3.10342e+11 3.60617e+09 7.22256e+07 1.70722e+06 40357.2 953.18 21.5127
10.7482 471.885 19813.3 832576 3.50592e+07 1.75024e+09 1.52912e+11 5.32051e+11 1.0777e+12 1.69939e+12 2.29227e+12 2.75514e+12 3.00843e+12 3.00843e+12 2.75514e+12 2.29227e+12 1.69939e+12 1.0777e+12 5.32051e+11 1.52912e+11 1.75024e+09 3.50592e+07 832576 19813.3 471.885 10.7482
3.62076 152.248 6101.16 244764 9.88071e+06 4.81613e+08 4.36951e+10 1.52428e+11 3.09073e+11 4.87641e+11 6.57988e+11 7.91009e+11 8.6381e+11 8.6381e+11 7.91009e+11 6.57988e+11 4.87641e+11 3.09073e+11 1.52428e+11 4.36951e+10 4.81613e+08 9.88071e+06 244764 6101.16 152.248 3.62076
0.619733 21.4122 645.7 16870.2 328279 4.66565e+06 4.58596e+08 1.66433e+09 3.42926e+09 5.45729e+09 7.40148e+09 8.92436e+09 9.75923e+09 9.75923e+09 8.92436e+09 7.40148e+09 5.45729e+09 3.42926e+09 1.66433e+09 4.58596e+08 4.66565e+06 328279 16870.2 645.7 21.4122 0.619733
0.0665908 1.87101 43.4877 848.62 14100.8 315526 9.34466e+06 3.31253e+07 6.82538e+07 1.08708e+08 1.47515e+08 1.7792e+08 1.94592e+08 1.94592e+08 1.7792e+08 1.47515e+08 1.08708e+08 6.82538e+07 3.31253e+07 9.34466e+06 315526 14100.8 848.62 43.4877 1.87101 0.0665908
0.00539486 0.128933 2.55352 45.8162 825.589 16100.8 231512 786766 1.61354e+06 2.56788e+06 3.48364e+06 4.2011e+06 4.59443e+06 4.59443e+06 4.2011e+06 3.48364e+06 2.56788e+06 1.61354e+06 786766 231512 16100.8 825.589 45.8162 2.55352 0.128933 0.00539486
0.000371235 0.00796345 0.145018 2.50153 41.8268 614.344 5771.24 18725.8 38147.6 60636.8 82233 99153.3 108429 108429 99153.3 82233 60636.8 38147.6 18725.8 5771.24 614.344 41.8268 2.50153 0.145018 0.00796345 0.000371235
2.30761e-05 0.000459651 0.00783434 0.12482 1.78983 20.3382 144.021 446.041 901.105 1429.92 1938.32 2336.73 2555.14 2555.14 2336.73 1938.32 1429.92 901.105 446.041 144.021 20.3382 1.78983 0.12482 0.00783434 0.000459651 2.30761e-05
1.21411e-06 2.27826e-05 0.000361379 0.00518892 0.0635158 0.58806 3.42521 10.1607 20.3397 32.21 43.6379 52.5968 57.5083 57.5083 52.5968 43.6379 32.21 20.3397 10.1607 3.42521 0.58806 0.0635158 0.00518892 0.000361379 2.27826e-05 1.21411e-06
