2.43811 45.6912 719.671 10216.2 123609 1.13479e+06 6.57612e+06 1.94027e+07 3.85076e+07 6.02872e+07 8.06837e+07 9.62524e+07 1.04624e+08 1.04624e+08 9.62524e+07 8.06837e+07 6.02872e+07 3.85076e+07 1.94027e+07 6.57612e+06 1.13479e+06 123609 10216.2 719.671 45.6912 2.43811
46.8746 936.759 15907.7 250359 3.53266e+06 3.96311e+07 2.78721e+08 8.58452e+08 1.71903e+09 2.69557e+09 3.60744e+09 4.30217e+09 4.67533e+09 4.67533e+09 4.30217e+09 3.60744e+09 2.69557e+09 1.71903e+09 8.58452e+08 2.78721e+08 3.96311e+07 3.53266e+06 250359 15907.7 936.759 46.8746
759.259 16438.5 300562 5.1413e+06 8.41844e+07 1.21098e+09 1.12594e+10 3.63278e+10 7.33403e+10 1.15139e+11 1.54061e+11 1.8366e+11 1.9954e+11 1.9954e+11 1.8366e+11 1.54061e+11 1.15139e+11 7.33403e+10 3.63278e+10 1.12594e+10 1.21098e+09 8.41844e+07 5.1413e+06 300562 16438.5 759.259
11028.1 267108 5.36118e+06 9.66674e+07 1.71038e+09 3.21971e+10 4.54901e+11 1.53719e+12 3.12358e+12 4.90715e+12 6.56382e+12 7.82143e+12 8.49532e+12 8.49532e+12 7.82143e+12 6.56382e+12 4.90715e+12 3.12358e+12 1.53719e+12 4.54901e+11 3.21971e+10 1.71038e+09 9.66674e+07 5.36118e+06 267108 11028.1
135277 3.85198e+06 9.10539e+07 1.81231e+09 3.04604e+10 6.47203e+11 1.84679e+13 6.51031e+13 1.32886e+14 2.0881e+14 2.79179e+14 3.32505e+14 3.61045e+14 3.61045e+14 3.32505e+14 2.79179e+14 2.0881e+14 1.32886e+14 6.51031e+13 1.84679e+13 6.47203e+11 3.04604e+10 1.81231e+09 9.10539e+07 3.85198e+06 135277
1.24825e+06 4.35889e+07 1.33174e+09 3.54007e+10 7.11188e+11 1.05064e+13 9.15992e+14 3.30667e+15 6.75267e+15 1.06067e+16 1.41789e+16 1.68869e+16 1.83368e+16 1.83368e+16 1.68869e+16 1.41789e+16 1.06067e+16 6.75267e+15 3.30667e+15 9.15992e+14 1.05064e+13 7.11188e+11 3.54007e+10 1.33174e+09 4.35889e+07 1.24825e+06
7.23291e+06 3.06555e+08 1.23838e+10 5.00337e+11 2.03131e+13 9.86065e+14 8.72555e+16 3.04064e+17 6.14507e+17 9.63855e+17 1.29147e+18 1.54301e+18 1.67899e+18 1.67899e+18 1.54301e+18 1.29147e+18 9.63855e+17 6.14507e+17 3.04064e+17 8.72555e+16 9.86065e+14 2.03131e+13 5.00337e+11 1.23838e+10 3.06555e+08 7.23291e+06
2.13212e+07 9.43301e+08 3.99174e+10 1.68906e+12 7.15341e+13 3.56253e+15 3.05217e+17 1.06092e+18 2.14179e+18 3.35759e+18 4.49769e+18 5.3732e+18 5.84658e+18 5.84658e+18 5.3732e+18 4.49769e+18 3.35759e+18 2.14179e+18 1.06092e+18 3.05217e+17 3.56253e+15 7.15341e+13 1.68906e+12 3.99174e+10 9.43301e+08 2.13212e+07
4.22647e+07 1.88662e+09 8.04854e+10 3.42771e+12 1.45818e+14 7.26873e+15 6.17092e+17 2.14274e+18 4.32251e+18 6.77192e+18 9.06688e+18 1.08281e+19 1.178e+19 1.178e+19 1.08281e+19 9.06688e+18 6.77192e+18 4.32251e+18 2.14274e+18 6.17091e+17 7.26873e+15 1.45818e+14 3.42771e+12 8.04854e+10 1.88662e+09 4.22647e+07
6.60805e+07 2.95427e+09 1.26176e+11 5.37697e+12 2.2878e+14 1.14008e+16 9.67205e+17 3.35677e+18 6.76737e+18 1.05954e+19 1.41782e+19 1.69253e+19 1.84092e+19 1.84092e+19 1.69253e+19 1.41782e+19 1.05954e+19 6.76737e+18 3.35677e+18 9.67205e+17 1.14008e+16 2.2878e+14 5.37697e+12 1.26176e+11 2.95427e+09 6.60805e+07
8.83227e+07 3.94836e+09 1.68594e+11 7.18187e+12 3.0542e+14 1.52165e+16 1.2945e+18 4.49176e+18 9.05118e+18 1.41633e+19 1.89427e+19 2.26042e+19 2.45809e+19 2.45809e+19 2.26042e+19 1.89427e+19 1.41633e+19 9.05118e+18 4.49176e+18 1.2945e+18 1.52165e+16 3.0542e+14 7.18187e+12 1.68594e+11 3.94836e+09 8.83227e+07
1.05257e+08 4.70374e+09 2.00763e+11 8.54805e+12 3.63323e+14 1.80992e+16 1.54504e+18 5.36078e+18 1.07987e+19 1.68909e+19 2.25822e+19 2.69391e+19 2.92902e+19 2.92902e+19 2.69391e+19 2.25822e+19 1.68909e+19 1.07987e+19 5.36078e+18 1.54504e+18 1.80992e+16 3.63323e+14 8.54805e+12 2.00763e+11 4.70374e+09 1.05257e+08
1.14347e+08 5.10872e+09 2.17987e+11 9.27862e+12 3.94246e+14 1.96388e+16 1.68019e+18 5.82966e+18 1.17413e+19 1.83613e+19 2.45429e+19 2.92735e+19 3.18255e+19 3.18255e+19 2.92735e+19 2.45429e+19 1.83613e+19 1.17413e+19 5.82966e+18 1.68019e+18 1.96388e+16 3.94246e+14 9.27862e+12 2.17987e+11 5.10872e+09 1.14347e+08
1.14347e+08 5.10872e+09 2.17987e+11 9.27862e+12 3.94246e+14 1.96388e+16 1.68019e+18 5.82966e+18 1.17413e+19 1.83613e+19 2.45429e+19 2.92735e+19 3.18255e+19 3.18255e+19 2.92735e+19 2.45429e+19 1.83613e+19 1.17413e+19 5.82966e+18 1.68019e+18 1.96388e+16 3.94246e+14 9.27862e+12 2.17987e+11 5.10872e+09 1.14347e+08
1.05257e+08 4.70374e+09 2.00763e+11 8.54805e+12 3.63323e+14 1.80992e+16 1.54504e+18 5.36078e+18 1.07987e+19 1.68909e+19 2.25822e+19 2.69391e+19 2.92902e+19 2.92902e+19 2.69391e+19 2.25822e+19 1.68909e+19 1.07987e+19 5.36078e+18 1.54504e+18 1.80992e+16 3.63323e+14 8.54805e+12 2.00763e+11 4.70374e+09 1.05257e+08
8.83227e+07 3.94836e+09 1.68594e+11 7.18187e+12 3.0542e+14 1.52165e+16 1.2945e+18 4.49176e+18 9.05118e+18 1.41633e+19 1.89427e+19 2.26042e+19 2.45809e+19 2.45809e+19 2.26042e+19 1.89427e+19 1.41633e+19 9.05118e+18 4.49176e+18 1.2945e+18 1.52165e+16 3.0542e+14 7.18187e+12 1.68594e+11 3.94836e+09 8.83227e+07
6.60805e+07 2.95427e+09 1.26176e+11 5.37697e+12 2.2878e+14 1.14008e+16 9.67205e+17 3.35677e+18 6.76737e+18 1.05954e+19 1.41782e+19 1.69253e+19 1.84092e+19 1.84092e+19 1.69253e+19 1.41782e+19 1.05954e+19 6.76737e+18 3.35677e+18 9.67205e+17 1.14008e+16 2.2878e+14 5.37697e+12 1.26176e+11 2.95427e+09 6.60805e+07
4.22647e+07 1.88662e+09 8.04854e+10 3.42771e+12 1.45818e+14 7.26873e+15 6.17091e+17 2.14274e+18 4.32251e+18 6.77192e+18 9.06688e+18 1.08281e+19 1.178e+19 1.178e+19 1.08281e+19 9.06688e+18 6.77192e+18 4.32251e+18 2.14274e+18 6.17092e+17 7.26873e+15 1.45818e+14 3.42771e+12 8.04854e+10 1.88662e+09 4.22647e+07
2.13212e+07 9.43301e+08 3.99174e+10 1.68906e+12 7.15341e+13 3.56253e+15 3.05217e+17 1.06092e+18 2.14179e+18 3.35759e+18 4.49769e+18 5.3732e+18 5.84658e+18 5.84658e+18 5.3732e+18 4.49769e+18 3.35759e+18 2.14179e+18 1.06092e+18 3.05217e+17 3.56253e+15 7.15341e+13 1.68906e+12 3.99174e+10 9.43301e+08 2.13212e+07
7.23291e+06 3.06555e+08 1.23838e+10 5.00337e+11 2.03131e+13 9.86065e+14 8.72555e+16 3.04064e+17 6.14507e+17 9.63855e+17 1.29147e+18 1.54301e+18 1.67899e+18 1.67899e+18 1.54301e+18 1.29147e+18 9.63855e+17 6.14507e+17 3.04064e+17 8.72555e+16 9.86065e+14 2.03131e+13 5.00337e+11 1.23838e+10 3.06555e+08 7.23291e+06
1.24825e+06 4.35889e+07 1.33174e+09 3.54007e+10 7.11188e+11 1.05064e+13 9.15992e+14 3.30667e+15 6.75267e+15 1.06067e+16 1.41789e+16 1.68869e+16 1.83368e+16 1.83368e+16 1.68869e+16 1.41789e+16 1.06067e+16 6.75267e+15 3.30667e+15 9.15992e+14 1.05064e+13 7.11188e+11 3.54007e+10 1.33174e+09 4.35889e+07 1.24825e+06
135277 3.85198e+06 9.10539e+07 1.81231e+09 3.04604e+10 6.47203e+11 1.84679e+13 6.51031e+13 1.32886e+14 2.0881e+14 2.79179e+14 3.32505e+14 3.61045e+14 3.61045e+14 3.32505e+14 2.79179e+14 2.0881e+14 1.32886e+14 6.51031e+13 1.84679e+13 6.47203e+11 3.04604e+10 1.81231e+09 9.10539e+07 3.85198e+06 135277
11028.1 267108 5.36118e+06 9.66674e+07 1.71038e+09 3.21971e+10 4.54901e+11 1.53719e+12 3.12358e+12 4.90715e+12 6.56382e+12 7.82143e+12 8.49532e+12 8.49532e+12 7.82143e+12 6.56382e+12 4.90715e+12 3.12358e+12 1.53719e+12 4.54901e+11 3.21971e+10 1.71038e+09 9.66674e+07 5.36118e+06 267108 11028.1
759.259 16438.5 300562 5.1413e+06 8.41844e+07 1.21098e+09 1.12594e+10 3.63278e+10 7.33403e+10 1.15139e+11 1.54061e+11 1.8366e+11 1.9954e+11 1.9954e+11 1.8366e+11 1.54061e+11 1.15139e+11 7.33403e+10 3.63278e+10 1.12594e+10 1.21098e+09 8.41844e+07 5.1413e+06 300562 16438.5 759.259
46.8746 936.759 15907.7 250359 3.53266e+06 3.96311e+07 2.78721e+08 8.58452e+08 1.71903e+09 2.69557e+09 3.60744e+09 4.30217e+09 4.67533e+09 4.67533e+09 4.30217e+09 3.60744e+09 2.69557e+09 1.71903e+09 8.58452e+08 2.78721e+08 3.96311e+07 3.53266e+06 250359 15907.7 936.759 46.8746
2.43811 45.6912 719.671 10216.2 123609 1.13479e+06 6.57612e+06 1.94027e+07 3.85076e+07 6.02872e+07 8.06837e+07 9.62524e+07 1.04624e+08 1.04624e+08 9.62524e+07 8.06837e+07 6.02872e+07 3.85076e+07 1.94027e+07 6.57612e+06 1.13479e+06 123609 10216.2 719.671 45.6912 2.43811
