0.100461 1.9058 30.5438 442.589 5463.52 50998.8 299444 895354 1.80544e+06 2.87535e+06 3.90986e+06 4.72183e+06 5.16683e+06 5.16683e+06 4.72183e+06 3.90986e+06 2.87535e+06 1.80544e+06 895354 299444 50998.8 5463.52 442.589 30.5438 1.9058 0.100461
1.93122 38.953 671.553 10801.4 156163 1.78832e+06 1.27626e+07 3.98614e+07 8.11717e+07 1.29603e+08 1.7638e+08 2.13079e+08 2.33189e+08 2.33189e+08 2.13079e+08 1.7638e+08 1.29603e+08 8.11717e+07 3.98614e+07 1.27626e+07 1.78832e+06 156163 10801.4 671.553 38.953 1.93122
31.4055 683.013 12593.2 219378 3.69631e+06 5.46572e+07 5.17059e+08 1.69276e+09 3.47824e+09 5.56546e+09 7.57938e+09 9.15889e+09 1.00242e+10 1.00242e+10 9.15889e+09 7.57938e+09 5.56546e+09 3.47824e+09 1.69276e+09 5.17059e+08 5.46572e+07 3.69631e+06 219378 12593.2 683.013 31.4055
460.719 11169.6 224107 4.06353e+06 7.37692e+07 1.44597e+09 2.09067e+10 7.17285e+10 1.48472e+11 2.37955e+11 3.24234e+11 3.91882e+11 4.28938e+11 4.28938e+11 3.91882e+11 3.24234e+11 2.37955e+11 1.48472e+11 7.17285e+10 2.09067e+10 1.44597e+09 7.37692e+07 4.06353e+06 224107 11169.6 460.719
5735.25 163461 3.84821e+06 7.59124e+07 1.2724e+09 2.85624e+10 8.48196e+11 3.03768e+12 6.32151e+12 1.01433e+13 1.38267e+13 1.67142e+13 1.82954e+13 1.82954e+13 1.67142e+13 1.38267e+13 1.01433e+13 6.32151e+12 3.03768e+12 8.48196e+11 2.85624e+10 1.2724e+09 7.59124e+07 3.84821e+06 163461 5735.25
53800.9 1.88488e+06 5.75209e+07 1.51747e+09 2.97844e+10 4.26746e+11 4.17425e+13 1.53152e+14 3.18881e+14 5.11419e+14 6.96901e+14 8.42267e+14 9.21868e+14 9.21868e+14 8.42267e+14 6.96901e+14 5.11419e+14 3.18881e+14 1.53152e+14 4.17425e+13 4.26746e+11 2.97844e+10 1.51747e+09 5.75209e+07 1.88488e+06 53800.9
316744 1.35006e+07 5.46991e+08 2.21188e+10 8.97477e+11 4.38329e+13 3.98194e+15 1.40153e+16 2.86811e+16 4.5595e+16 6.18499e+16 7.45911e+16 8.15745e+16 8.15745e+16 7.45911e+16 6.18499e+16 4.5595e+16 2.86811e+16 1.40153e+16 3.98194e+15 4.38329e+13 8.97477e+11 2.21188e+10 5.46991e+08 1.35006e+07 316744
947439 4.21861e+07 1.79176e+09 7.59359e+10 3.21641e+12 1.61022e+14 1.40604e+16 4.93375e+16 1.00829e+17 1.60172e+17 2.17185e+17 2.61871e+17 2.86364e+17 2.86364e+17 2.61871e+17 2.17185e+17 1.60172e+17 1.00829e+17 4.93375e+16 1.40604e+16 1.61022e+14 3.21641e+12 7.59359e+10 1.79176e+09 4.21861e+07 947439
1.90947e+06 8.58608e+07 3.67972e+09 1.57097e+11 6.68983e+12 3.35158e+14 2.87971e+16 1.00915e+17 2.06102e+17 3.27271e+17 4.43652e+17 5.34856e+17 5.84842e+17 5.84842e+17 5.34856e+17 4.43652e+17 3.27271e+17 2.06102e+17 1.00915e+17 2.87971e+16 3.35158e+14 6.68983e+12 1.57097e+11 3.67972e+09 8.58608e+07 1.90947e+06
3.03823e+06 1.36961e+08 5.88213e+09 2.51527e+11 1.07232e+13 5.37038e+14 4.57786e+16 1.60311e+17 3.2728e+17 5.19546e+17 7.04164e+17 8.48817e+17 9.28089e+17 9.28089e+17 8.48817e+17 7.04164e+17 5.19546e+17 3.2728e+17 1.60311e+17 4.57786e+16 5.37038e+14 1.07232e+13 2.51527e+11 5.88213e+09 1.36961e+08 3.03823e+06
4.12712e+06 1.86196e+08 8.00192e+09 3.42341e+11 1.46003e+13 7.31014e+14 6.20751e+16 2.17299e+17 4.43517e+17 7.03932e+17 9.5393e+17 1.14978e+18 1.25709e+18 1.25709e+18 1.14978e+18 9.5393e+17 7.03932e+17 4.43517e+17 2.17299e+17 6.20751e+16 7.31014e+14 1.46003e+13 3.42341e+11 8.00192e+09 1.86196e+08 4.12712e+06
4.97992e+06 2.24738e+08 9.66057e+09 4.13372e+11 1.76318e+13 8.82655e+14 7.48296e+16 2.61901e+17 5.34479e+17 8.48203e+17 1.14932e+18 1.38519e+18 1.51443e+18 1.51443e+18 1.38519e+18 1.14932e+18 8.48203e+17 5.34479e+17 2.619e+17 7.48296e+16 8.82655e+14 1.76318e+13 4.13372e+11 9.66057e+09 2.24738e+08 4.97992e+06
5.44658e+06 2.45823e+08 1.05678e+10 4.52212e+11 1.92889e+13 9.6554e+14 8.18123e+16 2.8632e+17 5.8428e+17 9.27181e+17 1.25628e+18 1.51404e+18 1.65527e+18 1.65527e+18 1.51404e+18 1.25628e+18 9.27181e+17 5.8428e+17 2.8632e+17 8.18123e+16 9.6554e+14 1.92889e+13 4.52212e+11 1.05678e+10 2.45823e+08 5.44658e+06
5.44658e+06 2.45823e+08 1.05678e+10 4.52212e+11 1.92889e+13 9.6554e+14 8.18123e+16 2.8632e+17 5.8428e+17 9.27181e+17 1.25628e+18 1.51404e+18 1.65527e+18 1.65527e+18 1.51404e+18 1.25628e+18 9.27181e+17 5.8428e+17 2.8632e+17 8.18123e+16 9.6554e+14 1.92889e+13 4.52212e+11 1.05678e+10 2.45823e+08 5.44658e+06
4.97992e+06 2.24738e+08 9.66057e+09 4.13372e+11 1.76318e+13 8.82655e+14 7.48296e+16 2.619e+17 5.34479e+17 8.48203e+17 1.14932e+18 1.38519e+18 1.51443e+18 1.51443e+18 1.38519e+18 1.14932e+18 8.48203e+17 5.34479e+17 2.61901e+17 7.48296e+16 8.82655e+14 1.76318e+13 4.13372e+11 9.66057e+09 2.24738e+08 4.97992e+06
4.12712e+06 1.86196e+08 8.00192e+09 3.42341e+11 1.46003e+13 7.31014e+14 6.20751e+16 2.17299e+17 4.43517e+17 7.03932e+17 9.5393e+17 1.14978e+18 1.25709e+18 1.25709e+18 1.14978e+18 9.5393e+17 7.03932e+17 4.43517e+17 2.17299e+17 6.20751e+16 7.31014e+14 1.46003e+13 3.42341e+11 8.00192e+09 1.86196e+08 4.12712e+06
3.03823e+06 1.36961e+08 5.88213e+09 2.51527e+11 1.07232e+13 5.37038e+14 4.57786e+16 1.60311e+17 3.2728e+17 5.19546e+17 7.04164e+17 8.48817e+17 9.28089e+17 9.28089e+17 8.48817e+17 7.04164e+17 5.19546e+17 3.2728e+17 1.60311e+17 4.57786e+16 5.37038e+14 1.07232e+13 2.51527e+11 5.88213e+09 1.36961e+08 3.03823e+06
1.90947e+06 8.58608e+07 3.67972e+09 1.57097e+11 6.68983e+12 3.35158e+14 2.87971e+16 1.00915e+17 2.06102e+17 3.27271e+17 4.43652e+17 5.34856e+17 5.84842e+17 5.84842e+17 5.34856e+17 4.43652e+17 3.27271e+17 2.06102e+17 1.00915e+17 2.87971e+16 3.35158e+14 6.68983e+12 1.57097e+11 3.67972e+09 8.58608e+07 1.90947e+06
947439 4.21861e+07 1.79176e+09 7.59359e+10 3.21641e+12 1.61022e+14 1.40604e+16 4.93375e+16 1.00829e+17 1.60172e+17 2.17185e+17 2.61871e+17 2.86364e+17 2.86364e+17 2.61871e+17 2.17185e+17 1.60172e+17 1.00829e+17 4.93375e+16 1.40604e+16 1.61022e+14 3.21641e+12 7.59359e+10 1.79176e+09 4.21861e+07 947439
316744 1.35006e+07 5.46991e+08 2.21188e+10 8.97477e+11 4.38329e+13 3.98194e+15 1.40153e+16 2.86811e+16 4.5595e+16 6.18499e+16 7.45911e+16 8.15745e+16 8.15745e+16 7.45911e+16 6.18499e+16 4.5595e+16 2.86811e+16 1.40153e+16 3.98194e+15 4.38329e+13 8.97477e+11 2.21188e+10 5.46991e+08 1.35006e+07 316744
53800.9 1.88488e+06 5.75209e+07 1.51747e+09 2.97844e+10 4.26746e+11 4.17425e+13 1.53152e+14 3.18881e+14 5.11419e+14 6.96901e+14 8.42267e+14 9.21868e+14 9.21868e+14 8.42267e+14 6.96901e+14 5.11419e+14 3.18881e+14 1.53152e+14 4.17425e+13 4.26746e+11 2.97844e+10 1.51747e+09 5.75209e+07 1.88488e+06 53800.9
5735.25 163461 3.84821e+06 7.59124e+07 1.2724e+09 2.85624e+10 8.48196e+11 3.03768e+12 6.32151e+12 1.01433e+13 1.38267e+13 1.67142e+13 1.82954e+13 1.82954e+13 1.67142e+13 1.38267e+13 1.01433e+13 6.32151e+12 3.03768e+12 8.48196e+11 2.85624e+10 1.2724e+09 7.59124e+07 3.84821e+06 163461 5735.25
460.719 11169.6 224107 4.06353e+06 7.37692e+07 1.44597e+09 2.09067e+10 7.17285e+10 1.48472e+11 2.37955e+11 3.24234e+11 3.91882e+11 4.28938e+11 4.28938e+11 3.91882e+11 3.24234e+11 2.37955e+11 1.48472e+11 7.17285e+10 2.09067e+10 1.44597e+09 7.37692e+07 4.06353e+06 224107 11169.6 460.719
31.4055 683.013 12593.2 219378 3.69631e+06 5.46572e+07 5.17059e+08 1.69276e+09 3.47824e+09 5.56546e+09 7.57938e+09 9.15889e+09 1.00242e+10 1.00242e+10 9.15889e+09 7.57938e+09 5.56546e+09 3.47824e+09 1.69276e+09 5.17059e+08 5.46572e+07 3.69631e+06 219378 12593.2 683.013 31.4055
1.93122 38.953 671.553 10801.4 156163 1.78832e+06 1.27626e+07 3.98614e+07 8.11717e+07 1.29603e+08 1.7638e+08 2.13079e+08 2.33189e+08 2.33189e+08 2.13079e+08 1.7638e+08 1.29603e+08 8.11717e+07 3.98614e+07 1.27626e+07 1.78832e+06 156163 10801.4 671.553 38.953 1.93122
0.100461 1.9058 30.5438 442.589 5463.52 50998.8 299444 895354 1.80544e+06 2.87535e+06 3.90986e+06 4.72183e+06 5.16683e+06 5.16683e+06 4.72183e+06 3.90986e+06 2.87535e+06 1.80544e+06 895354 299444 50998.8 5463.52 442.589 30.5438 1.9058 0.100461
