0.000228977 0.00432204 0.0690535 0.999232 12.3242 114.913 674.119 2018.3 4084.61 6540.82 8948.76 10864.2 11924.2 11924.2 10864.2 8948.76 6540.82 4084.61 2018.3 674.119 114.913 12.3242 0.999232 0.0690535 0.00432204 0.000228977
0.00436599 0.087426 1.50025 24.0943 348.369 3988.66 28447.3 88951.7 181777 291846 399689 485493 532990 532990 485493 399689 291846 181777 88951.7 28447.3 3988.67 348.369 24.0943 1.50025 0.087426 0.00436599
0.0705426 1.5197 27.8242 483.468 8156.67 120827 1.14317e+06 3.74638e+06 7.72467e+06 1.24301e+07 1.7039e+07 2.07073e+07 2.27386e+07 2.27386e+07 2.07073e+07 1.7039e+07 1.24301e+07 7.72467e+06 3.74638e+06 1.14317e+06 120827 8156.67 483.468 27.8242 1.5197 0.0705426
1.03081 24.7207 491.31 8856.57 160932 3.17158e+06 4.59414e+07 1.57759e+08 3.27668e+08 5.28208e+08 7.24644e+08 8.8107e+08 9.67724e+08 9.67724e+08 8.8107e+08 7.24644e+08 5.28208e+08 3.27668e+08 1.57759e+08 4.59414e+07 3.17158e+06 160932 8856.57 491.31 24.7207 1.03081
12.8063 360.996 8411.28 164376 2.73867e+06 6.20873e+07 1.85576e+09 6.65064e+09 1.38872e+10 2.2417e+10 3.0776e+10 3.74365e+10 4.11277e+10 4.11277e+10 3.74365e+10 3.0776e+10 2.2417e+10 1.38872e+10 6.65064e+09 1.85576e+09 6.20873e+07 2.73867e+06 164376 8411.28 360.996 12.8063
120.02 4161.13 125806 3.29047e+06 6.38917e+07 9.05041e+08 9.09376e+10 3.33745e+11 6.96979e+11 1.12421e+12 1.54257e+12 1.87579e+12 2.06042e+12 2.06042e+12 1.87579e+12 1.54257e+12 1.12421e+12 6.96979e+11 3.33745e+11 9.09376e+10 9.05041e+08 6.38917e+07 3.29047e+06 125806 4161.13 120.02
706.584 29817.5 1.19825e+06 4.81567e+07 1.9454e+09 9.49184e+10 8.66464e+12 3.04571e+13 6.23363e+13 9.92815e+13 1.35063e+14 1.6334e+14 1.78933e+14 1.78933e+14 1.6334e+14 1.35063e+14 9.92815e+13 6.23363e+13 3.04571e+13 8.66464e+12 9.49184e+10 1.9454e+09 4.81567e+07 1.19825e+06 29817.5 706.584
2117.58 93339 3.93169e+06 1.65586e+08 6.9816e+09 3.48894e+11 3.05529e+13 1.07063e+14 2.18805e+14 3.48162e+14 4.73341e+14 5.72211e+14 6.26717e+14 6.26717e+14 5.72211e+14 4.73341e+14 3.48162e+14 2.18805e+14 1.07063e+14 3.05529e+13 3.48894e+11 6.9816e+09 1.65586e+08 3.93169e+06 93339 2117.58
4285.87 190761 8.10759e+06 3.43961e+08 1.45799e+10 7.28763e+11 6.26045e+13 2.19061e+14 4.47399e+14 7.116e+14 9.67175e+14 1.16899e+15 1.28022e+15 1.28022e+15 1.16899e+15 9.67175e+14 7.116e+14 4.47399e+14 2.19061e+14 6.26045e+13 7.28763e+11 1.45799e+10 3.43961e+08 8.10759e+06 190761 4285.87
6861.16 306180 1.30425e+07 5.54312e+08 2.35284e+10 1.17522e+12 9.97606e+13 3.48759e+14 7.1199e+14 1.13213e+15 1.53847e+15 1.85927e+15 2.03608e+15 2.03608e+15 1.85927e+15 1.53847e+15 1.13213e+15 7.1199e+14 3.48759e+14 9.97606e+13 1.17522e+12 2.35284e+10 5.54312e+08 1.30425e+07 306180 6861.16
9383.2 419146 1.78709e+07 7.60129e+08 3.22876e+10 1.61194e+12 1.35743e+14 4.74264e+14 9.67938e+14 1.53884e+15 2.09088e+15 2.52668e+15 2.76685e+15 2.76685e+15 2.52668e+15 2.09088e+15 1.53884e+15 9.67938e+14 4.74264e+14 1.35743e+14 1.61194e+12 3.22876e+10 7.60129e+08 1.78709e+07 419146 9383.2
11387.4 508934 2.17099e+07 9.23849e+08 3.92594e+10 1.95942e+12 1.64172e+14 5.73371e+14 1.17001e+15 1.85988e+15 2.52689e+15 3.05341e+15 3.34357e+15 3.34357e+15 3.05341e+15 2.52689e+15 1.85988e+15 1.17001e+15 5.73371e+14 1.64172e+14 1.95942e+12 3.92594e+10 9.23849e+08 2.17099e+07 508934 11387.4
12495.8 558601 2.38341e+07 1.01447e+09 4.312e+10 2.1518e+12 1.79846e+14 6.27995e+14 1.28136e+15 2.03679e+15 2.76714e+15 3.34364e+15 3.66133e+15 3.66133e+15 3.34364e+15 2.76714e+15 2.03679e+15 1.28136e+15 6.27995e+14 1.79846e+14 2.1518e+12 4.312e+10 1.01447e+09 2.38341e+07 558601 12495.8
12495.8 558601 2.38341e+07 1.01447e+09 4.312e+10 2.1518e+12 1.79846e+14 6.27995e+14 1.28136e+15 2.03679e+15 2.76714e+15 3.34364e+15 3.66133e+15 3.66133e+15 3.34364e+15 2.76714e+15 2.03679e+15 1.28136e+15 6.27995e+14 1.79846e+14 2.1518e+12 4.312e+10 1.01447e+09 2.38341e+07 558601 12495.8
11387.4 508934 2.17099e+07 9.23849e+08 3.92594e+10 1.95942e+12 1.64172e+14 5.73371e+14 1.17001e+15 1.85988e+15 2.52689e+15 3.05341e+15 3.34357e+15 3.34357e+15 3.05341e+15 2.52689e+15 1.85988e+15 1.17001e+15 5.73371e+14 1.64172e+14 1.95942e+12 3.92594e+10 9.23849e+08 2.17099e+07 508934 11387.4
9383.2 419146 1.78709e+07 7.60129e+08 3.22876e+10 1.61194e+12 1.35743e+14 4.74264e+14 9.67938e+14 1.53884e+15 2.09088e+15 2.52668e+15 2.76685e+15 2.76685e+15 2.52668e+15 2.09088e+15 1.53884e+15 9.67938e+14 4.74264e+14 1.35743e+14 1.61194e+12 3.22876e+10 7.60129e+08 1.78709e+07 419146 9383.2
6861.16 306180 1.30425e+07 5.54312e+08 2.35284e+10 1.17522e+12 9.97606e+13 3.48759e+14 7.1199e+14 1.13213e+15 1.53847e+15 1.85927e+15 2.03608e+15 2.03608e+15 1.85927e+15 1.53847e+15 1.13213e+15 7.1199e+14 3.48759e+14 9.97606e+13 1.17522e+12 2.35284e+10 5.54312e+08 1.30425e+07 306180 6861.16
4285.87 190761 8.10759e+06 3.43961e+08 1.45799e+10 7.28763e+11 6.26045e+13 2.19061e+14 4.47399e+14 7.116e+14 9.67175e+14 1.16899e+15 1.28022e+15 1.28022e+15 1.16899e+15 9.67175e+14 7.116e+14 4.47399e+14 2.19061e+14 6.26045e+13 7.28763e+11 1.45799e+10 3.43961e+08 8.10759e+06 190761 4285.87
2117.58 93339 3.93169e+06 1.65586e+08 6.9816e+09 3.48894e+11 3.05529e+13 1.07063e+14 2.18805e+14 3.48162e+14 4.73341e+14 5.72211e+14 6.26717e+14 6.26717e+14 5.72211e+14 4.73341e+14 3.48162e+14 2.18805e+14 1.07063e+14 3.05529e+13 3.48894e+11 6.9816e+09 1.65586e+08 3.93169e+06 93339 2117.58
706.584 29817.5 1.19825e+06 4.81567e+07 1.9454e+09 9.49184e+10 8.66464e+12 3.04571e+13 6.23363e+13 9.92815e+13 1.35063e+14 1.6334e+14 1.78933e+14 1.78933e+14 1.6334e+14 1.35063e+14 9.92815e+13 6.23363e+13 3.04571e+13 8.66464e+12 9.49184e+10 1.9454e+09 4.81567e+07 1.19825e+06 29817.5 706.584
120.02 4161.13 125806 3.29047e+06 6.38917e+07 9.05041e+08 9.09376e+10 3.33745e+11 6.96979e+11 1.12421e+12 1.54257e+12 1.87579e+12 2.06042e+12 2.06042e+12 1.87579e+12 1.54257e+12 1.12421e+12 6.96979e+11 3.33745e+11 9.09376e+10 9.05041e+08 6.38917e+07 3.29047e+06 125806 4161.13 120.02
12.8063 360.996 8411.28 164376 2.73867e+06 6.20873e+07 1.85576e+09 6.65064e+09 1.38872e+10 2.2417e+10 3.0776e+10 3.74365e+10 4.11277e+10 4.11277e+10 3.74365e+10 3.0776e+10 2.2417e+10 1.38872e+10 6.65064e+09 1.85576e+09 6.20873e+07 2.73867e+06 164376 8411.28 360.996 12.8063
1.03081 24.7207 491.31 8856.57 160932 3.17158e+06 4.59414e+07 1.57759e+08 3.27668e+08 5.28208e+08 7.24644e+08 8.8107e+08 9.67724e+08 9.67724e+08 8.8107e+08 7.24644e+08 5.28208e+08 3.27668e+08 1.57759e+08 4.59414e+07 3.17158e+06 160932 8856.57 491.31 24.7207 1.03081
0.0705426 1.5197 27.8242 483.468 8156.67 120827 1.14317e+06 3.74638e+06 7.72467e+06 1.24301e+07 1.7039e+07 2.07073e+07 2.27386e+07 2.27386e+07 2.07073e+07 1.7039e+07 1.24301e+07 7.72467e+06 3.74638e+06 1.14317e+06 120827 8156.67 483.468 27.8242 1.5197 0.0705426
0.004366 0.087426 1.50025 24.0943 348.369 3988.67 28447.3 88951.7 181777 291846 399689 485493 532990 532990 485493 399689 291846 181777 88951.7 28447.3 3988.66 348.369 24.0943 1.50025 0.087426 0.004366
0.000228977 0.00432204 0.0690535 0.999232 12.3242 114.913 674.119 2018.3 4084.61 6540.82 8948.76 10864.2 11924.2 11924.2 10864.2 8948.76 6540.82 4084.61 2018.3 674.119 114.913 12.3242 0.999232 0.0690535 0.00432204 0.000228977
