0.000586185 0.0110487 0.176237 2.54583 31.3445 291.729 1707.69 5096.31 10272.6 16381.1 22327.5 27030.3 29623 29623 27030.3 22327.5 16381.1 10272.6 5096.31 1707.69 291.729 31.3445 2.54583 0.176237 0.0110487 0.000586184
0.0111642 0.223249 3.82493 61.3237 885.077 10115.6 71997 224378 456613 729892 995684 1.20589e+06 1.3218e+06 1.3218e+06 1.20589e+06 995684 729892 456613 224378 71997 10115.6 885.077 61.3237 3.82493 0.223249 0.0111642
0.180141 3.87589 70.8648 1229.39 20704.7 306165 2.89127e+06 9.44263e+06 1.93846e+07 3.10501e+07 4.23889e+07 5.13576e+07 5.63039e+07 5.63039e+07 5.13576e+07 4.23889e+07 3.10501e+07 1.93846e+07 9.44263e+06 2.89127e+06 306165 20704.7 1229.39 70.8648 3.87589 0.180141
2.62841 62.9617 1249.91 22504 408272 8.03167e+06 1.16149e+08 3.97423e+08 8.21677e+08 1.31824e+09 1.80078e+09 2.18256e+09 2.39317e+09 2.39317e+09 2.18256e+09 1.80078e+09 1.31824e+09 8.21677e+08 3.97423e+08 1.16149e+08 8.03167e+06 408272 22504 1249.91 62.9617 2.62841
32.6004 917.987 21369.1 417281 6.94629e+06 1.57191e+08 4.69146e+09 1.67504e+10 3.48088e+10 5.59095e+10 7.64175e+10 9.26497e+10 1.01607e+11 1.01607e+11 9.26497e+10 7.64175e+10 5.59095e+10 3.48088e+10 1.67504e+10 4.69146e+09 1.57191e+08 6.94629e+06 417281 21369.1 917.987 32.6004
304.974 10563 319095 8.34134e+06 1.61938e+08 2.29385e+09 2.29985e+11 8.40873e+11 1.74761e+12 2.80484e+12 3.83167e+12 4.64414e+12 5.09238e+12 5.09238e+12 4.64414e+12 3.83167e+12 2.80484e+12 1.74761e+12 8.40873e+11 2.29985e+11 2.29385e+09 1.61938e+08 8.34134e+06 319095 10563 304.974
1791.43 75530.1 3.0333e+06 1.21864e+08 4.92292e+09 2.40245e+11 2.19127e+13 7.68333e+13 1.56747e+14 2.48811e+14 3.37473e+14 4.07222e+14 4.45572e+14 4.45572e+14 4.07222e+14 3.37473e+14 2.48811e+14 1.56747e+14 7.68333e+13 2.19127e+13 2.40245e+11 4.92292e+09 1.21864e+08 3.0333e+06 75530.1 1791.43
5350.68 235612 9.91703e+06 4.17462e+08 1.75981e+10 8.79605e+11 7.70663e+13 2.69433e+14 5.48959e+14 8.70706e+14 1.18038e+15 1.42389e+15 1.55776e+15 1.55776e+15 1.42389e+15 1.18038e+15 8.70706e+14 5.48959e+14 2.69433e+14 7.70663e+13 8.79605e+11 1.75981e+10 4.17462e+08 9.91703e+06 235612 5350.68
10784.2 479425 2.03564e+07 8.63013e+08 3.65662e+10 1.82807e+12 1.57373e+14 5.49496e+14 1.11895e+15 1.77418e+15 2.40467e+15 2.90037e+15 3.17285e+15 3.17285e+15 2.90037e+15 2.40467e+15 1.77418e+15 1.11895e+15 5.49496e+14 1.57373e+14 1.82807e+12 3.65662e+10 8.63013e+08 2.03564e+07 479425 10784.2
17188.4 765973 3.259e+07 1.38383e+09 5.87006e+10 2.93261e+12 2.4988e+14 8.71842e+14 1.77477e+15 2.81347e+15 3.81279e+15 4.59841e+15 5.03021e+15 5.03021e+15 4.59841e+15 3.81279e+15 2.81347e+15 1.77477e+15 8.71842e+14 2.4988e+14 2.93261e+12 5.87006e+10 1.38383e+09 3.259e+07 765973 17188.4
23413.8 1.04426e+06 4.44632e+07 1.88916e+09 8.01793e+10 4.00378e+12 3.38926e+14 1.18196e+15 2.40557e+15 3.81296e+15 5.16685e+15 6.23116e+15 6.81611e+15 6.81611e+15 6.23116e+15 5.16685e+15 3.81296e+15 2.40557e+15 1.18196e+15 3.38926e+14 4.00378e+12 8.01793e+10 1.88916e+09 4.44632e+07 1.04426e+06 23413.8
28330.9 1.26406e+06 5.38413e+07 2.2884e+09 9.71545e+10 4.85012e+12 4.08936e+14 1.4257e+15 2.90127e+15 4.59832e+15 6.23076e+15 7.51398e+15 8.21923e+15 8.21923e+15 7.51398e+15 6.23076e+15 4.59832e+15 2.90127e+15 1.4257e+15 4.08936e+14 4.85012e+12 9.71545e+10 2.2884e+09 5.38413e+07 1.26406e+06 28330.9
31039.1 1.38513e+06 5.90083e+07 2.50841e+09 1.06511e+11 5.31656e+12 4.47412e+14 1.55962e+15 3.17362e+15 5.0298e+15 6.81526e+15 8.21873e+15 8.99007e+15 8.99007e+15 8.21873e+15 6.81526e+15 5.0298e+15 3.17362e+15 1.55962e+15 4.47412e+14 5.31656e+12 1.06511e+11 2.50841e+09 5.90083e+07 1.38513e+06 31039.1
31039.1 1.38513e+06 5.90083e+07 2.50841e+09 1.06511e+11 5.31656e+12 4.47412e+14 1.55962e+15 3.17362e+15 5.0298e+15 6.81526e+15 8.21873e+15 8.99007e+15 8.99007e+15 8.21873e+15 6.81526e+15 5.0298e+15 3.17362e+15 1.55962e+15 4.47412e+14 5.31656e+12 1.06511e+11 2.50841e+09 5.90083e+07 1.38513e+06 31039.1
28330.9 1.26406e+06 5.38413e+07 2.2884e+09 9.71545e+10 4.85012e+12 4.08936e+14 1.4257e+15 2.90127e+15 4.59832e+15 6.23076e+15 7.51398e+15 8.21923e+15 8.21923e+15 7.51398e+15 6.23076e+15 4.59832e+15 2.90127e+15 1.4257e+15 4.08936e+14 4.85012e+12 9.71545e+10 2.2884e+09 5.38413e+07 1.26406e+06 28330.9
23413.8 1.04426e+06 4.44632e+07 1.88916e+09 8.01793e+10 4.00378e+12 3.38926e+14 1.18196e+15 2.40557e+15 3.81296e+15 5.16685e+15 6.23116e+15 6.81611e+15 6.81611e+15 6.23116e+15 5.16685e+15 3.81296e+15 2.40557e+15 1.18196e+15 3.38926e+14 4.00378e+12 8.01793e+10 1.88916e+09 4.44632e+07 1.04426e+06 23413.8
17188.4 765973 3.259e+07 1.38383e+09 5.87006e+10 2.93261e+12 2.4988e+14 8.71842e+14 1.77477e+15 2.81347e+15 3.81279e+15 4.59841e+15 5.03021e+15 5.03021e+15 4.59841e+15 3.81279e+15 2.81347e+15 1.77477e+15 8.71842e+14 2.4988e+14 2.93261e+12 5.87006e+10 1.38383e+09 3.259e+07 765973 17188.4
10784.2 479425 2.03564e+07 8.63013e+08 3.65662e+10 1.82807e+12 1.57373e+14 5.49496e+14 1.11895e+15 1.77418e+15 2.40467e+15 2.90037e+15 3.17285e+15 3.17285e+15 2.90037e+15 2.40467e+15 1.77418e+15 1.11895e+15 5.49496e+14 1.57373e+14 1.82807e+12 3.65662e+10 8.63013e+08 2.03564e+07 479425 10784.2
5350.68 235612 9.91703e+06 4.17462e+08 1.75981e+10 8.79605e+11 7.70663e+13 2.69433e+14 5.48959e+14 8.70706e+14 1.18038e+15 1.42389e+15 1.55776e+15 1.55776e+15 1.42389e+15 1.18038e+15 8.70706e+14 5.48959e+14 2.69433e+14 7.70663e+13 8.79605e+11 1.75981e+10 4.17462e+08 9.91703e+06 235612 5350.68
1791.43 75530.1 3.0333e+06 1.21864e+08 4.92292e+09 2.40245e+11 2.19127e+13 7.68333e+13 1.56747e+14 2.48811e+14 3.37473e+14 4.07222e+14 4.45572e+14 4.45572e+14 4.07222e+14 3.37473e+14 2.48811e+14 1.56747e+14 7.68333e+13 2.19127e+13 2.40245e+11 4.92292e+09 1.21864e+08 3.0333e+06 75530.1 1791.43
304.974 10563 319095 8.34134e+06 1.61938e+08 2.29385e+09 2.29985e+11 8.40873e+11 1.74761e+12 2.80484e+12 3.83167e+12 4.64414e+12 5.09238e+12 5.09238e+12 4.64414e+12 3.83167e+12 2.80484e+12 1.74761e+12 8.40873e+11 2.29985e+11 2.29385e+09 1.61938e+08 8.34134e+06 319095 10563 304.974
32.6004 917.987 21369.1 417281 6.94629e+06 1.57191e+08 4.69146e+09 1.67504e+10 3.48088e+10 5.59095e+10 7.64175e+10 9.26497e+10 1.01607e+11 1.01607e+11 9.26497e+10 7.64175e+10 5.59095e+10 3.48088e+10 1.67504e+10 4.69146e+09 1.57191e+08 6.94629e+06 417281 21369.1 917.987 32.6004
2.62841 62.9617 1249.91 22504 408272 8.03167e+06 1.16149e+08 3.97423e+08 8.21677e+08 1.31824e+09 1.80078e+09 2.18256e+09 2.39317e+09 2.39317e+09 2.18256e+09 1.80078e+09 1.31824e+09 8.21677e+08 3.97423e+08 1.16149e+08 8.03167e+06 408272 22504 1249.91 62.9617 2.62841
0.180141 3.87589 70.8648 1229.39 20704.7 306165 2.89127e+06 9.44263e+06 1.93846e+07 3.10501e+07 4.23889e+07 5.13576e+07 5.63039e+07 5.63039e+07 5.13576e+07 4.23889e+07 3.10501e+07 1.93846e+07 9.44263e+06 2.89127e+06 306165 20704.7 1229.39 70.8648 3.87589 0.180141
0.0111642 0.223249 3.82493 61.3237 885.077 10115.6 71997 224378 456613 729892 995684 1.20589e+06 1.3218e+06 1.3218e+06 1.20589e+06 995684 729892 456613 224378 71997 10115.6 885.077 61.3237 3.82493 0.223249 0.0111642
0.000586184 0.0110487 0.176237 2.54583 31.3445 291.729 1707.69 5096.31 10272.6 16381.1 22327.5 27030.3 29623 29623 27030.3 22327.5 16381.1 10272.6 5096.31 1707.69 291.729 31.3445 2.54583 0.176237 0.0110487 0.000586184
