0.0793712 1.49895 23.9293 345.621 4253.85 39589.4 231745 690786 1.38881e+06 2.2064e+06 2.99498e+06 3.61313e+06 3.95172e+06 3.95172e+06 3.61313e+06 2.99498e+06 2.2064e+06 1.38881e+06 690786 231745 39589.4 4253.85 345.621 23.9293 1.49895 0.0793712
1.51794 30.4499 522.595 8377.66 120796 1.37968e+06 9.8185e+06 3.05667e+07 6.20466e+07 9.88082e+07 1.34223e+08 1.61971e+08 1.77169e+08 1.77169e+08 1.61971e+08 1.34223e+08 9.88082e+07 6.20466e+07 3.05667e+07 9.8185e+06 1.37968e+06 120796 8377.66 522.595 30.4499 1.51794
24.5704 531.056 9741.59 169113 2.84301e+06 4.19578e+07 3.95983e+08 1.29199e+09 2.64574e+09 4.22172e+09 5.73837e+09 6.92639e+09 7.57698e+09 7.57698e+09 6.92639e+09 5.73837e+09 4.22172e+09 2.64574e+09 1.29199e+09 3.95983e+08 4.19578e+07 2.84301e+06 169113 9741.59 531.056 24.5704
359.081 8648.66 172565 3.11647e+06 5.64593e+07 1.10574e+09 1.5962e+10 5.45687e+10 1.12546e+11 1.79854e+11 2.44582e+11 2.95275e+11 3.23032e+11 3.23032e+11 2.95275e+11 2.44582e+11 1.79854e+11 1.12546e+11 5.45687e+10 1.5962e+10 1.10574e+09 5.64593e+07 3.11647e+06 172565 8648.66 359.081
4455.6 126167 2.9538e+06 5.80069e+07 9.69171e+08 2.1767e+10 6.46378e+11 2.30611e+12 4.78072e+12 7.64781e+12 1.0404e+13 1.25623e+13 1.37439e+13 1.37439e+13 1.25623e+13 1.0404e+13 7.64781e+12 4.78072e+12 2.30611e+12 6.46378e+11 2.1767e+10 9.69171e+08 5.80069e+07 2.9538e+06 126167 4455.6
41673.2 1.45095e+06 4.40546e+07 1.15757e+09 2.26339e+10 3.23189e+11 3.17743e+13 1.16115e+14 2.40808e+14 3.85014e+14 5.23582e+14 6.3207e+14 6.91464e+14 6.91464e+14 6.3207e+14 5.23582e+14 3.85014e+14 2.40808e+14 1.16115e+14 3.17743e+13 3.23189e+11 2.26339e+10 1.15757e+09 4.40546e+07 1.45095e+06 41673.2
244629 1.03651e+07 4.18064e+08 1.6854e+10 6.82611e+11 3.3327e+13 3.02911e+15 1.06283e+16 2.16789e+16 3.43699e+16 4.65323e+16 5.60507e+16 6.12639e+16 6.12639e+16 5.60506e+16 4.65323e+16 3.43699e+16 2.16789e+16 1.06283e+16 3.02911e+15 3.3327e+13 6.82611e+11 1.6854e+10 4.18064e+08 1.03651e+07 244629
729451 3.22829e+07 1.36478e+09 5.76543e+10 2.437e+12 1.21925e+14 1.06605e+16 3.7299e+16 7.59899e+16 1.204e+17 1.62951e+17 1.9625e+17 2.14489e+17 2.14489e+17 1.9625e+17 1.62951e+17 1.204e+17 7.59899e+16 3.7299e+16 1.06605e+16 1.21925e+14 2.437e+12 5.76543e+10 1.36478e+09 3.22829e+07 729451
1.46567e+06 6.54909e+07 2.79309e+09 1.18835e+11 5.04879e+12 2.52739e+14 2.17594e+16 7.60434e+16 1.54846e+17 2.45271e+17 3.31899e+17 3.99689e+17 4.36819e+17 4.36819e+17 3.99689e+17 3.31899e+17 2.45271e+17 1.54846e+17 7.60434e+16 2.17594e+16 2.52739e+14 5.04879e+12 1.18835e+11 2.79309e+09 6.54909e+07 1.46567e+06
2.32616e+06 1.04185e+08 4.45208e+09 1.89695e+11 8.06752e+12 4.03677e+14 3.44932e+16 1.20474e+17 2.45253e+17 3.88405e+17 5.25531e+17 6.32831e+17 6.91599e+17 6.91599e+17 6.32831e+17 5.25531e+17 3.88405e+17 2.45253e+17 1.20474e+17 3.44932e+16 4.03677e+14 8.06752e+12 1.89695e+11 4.45208e+09 1.04185e+08 2.32616e+06
3.15408e+06 1.41366e+08 6.04442e+09 2.57655e+11 1.09613e+13 5.48314e+14 4.66783e+16 1.62985e+17 3.31742e+17 5.25325e+17 7.10739e+17 8.55816e+17 9.35271e+17 9.35271e+17 8.55816e+17 7.10739e+17 5.25325e+17 3.31742e+17 1.62985e+17 4.66783e+16 5.48314e+14 1.09613e+13 2.57655e+11 6.04442e+09 1.41366e+08 3.15408e+06
3.80158e+06 1.70431e+08 7.28866e+09 3.10741e+11 1.32213e+13 6.61259e+14 5.61997e+16 1.96204e+17 3.99327e+17 6.32311e+17 8.55449e+17 1.03003e+18 1.12565e+18 1.12565e+18 1.03003e+18 8.55449e+17 6.32311e+17 3.99327e+17 1.96204e+17 5.61997e+16 6.61259e+14 1.32213e+13 3.10741e+11 7.28866e+09 1.70431e+08 3.80158e+06
4.15569e+06 1.86323e+08 7.96885e+09 3.39757e+11 1.44563e+13 7.22977e+14 6.14087e+16 2.14379e+17 4.36305e+17 6.90845e+17 9.34621e+17 1.12535e+18 1.2298e+18 1.2298e+18 1.12535e+18 9.34621e+17 6.90845e+17 4.36305e+17 2.14379e+17 6.14087e+16 7.22977e+14 1.44563e+13 3.39757e+11 7.96885e+09 1.86323e+08 4.15569e+06
4.15569e+06 1.86323e+08 7.96885e+09 3.39757e+11 1.44563e+13 7.22977e+14 6.14087e+16 2.14379e+17 4.36305e+17 6.90845e+17 9.34621e+17 1.12535e+18 1.2298e+18 1.2298e+18 1.12535e+18 9.34621e+17 6.90845e+17 4.36305e+17 2.14379e+17 6.14087e+16 7.22977e+14 1.44563e+13 3.39757e+11 7.96885e+09 1.86323e+08 4.15569e+06
3.80158e+06 1.70431e+08 7.28866e+09 3.10741e+11 1.32213e+13 6.61259e+14 5.61997e+16 1.96204e+17 3.99327e+17 6.32311e+17 8.55449e+17 1.03003e+18 1.12565e+18 1.12565e+18 1.03003e+18 8.55449e+17 6.32311e+17 3.99327e+17 1.96204e+17 5.61997e+16 6.61259e+14 1.32213e+13 3.10741e+11 7.28866e+09 1.70431e+08 3.80158e+06
3.15408e+06 1.41366e+08 6.04442e+09 2.57655e+11 1.09613e+13 5.48314e+14 4.66783e+16 1.62985e+17 3.31742e+17 5.25325e+17 7.10739e+17 8.55816e+17 9.35271e+17 9.35271e+17 8.55816e+17 7.10739e+17 5.25325e+17 3.31742e+17 1.62985e+17 4.66783e+16 5.48314e+14 1.09613e+13 2.57655e+11 6.04442e+09 1.41366e+08 3.15408e+06
2.32616e+06 1.04185e+08 4.45208e+09 1.89695e+11 8.06752e+12 4.03677e+14 3.44932e+16 1.20474e+17 2.45253e+17 3.88405e+17 5.25531e+17 6.32831e+17 6.91599e+17 6.91599e+17 6.32831e+17 5.25531e+17 3.88405e+17 2.45253e+17 1.20474e+17 3.44932e+16 4.03677e+14 8.06752e+12 1.89695e+11 4.45208e+09 1.04185e+08 2.32616e+06
1.46567e+06 6.54909e+07 2.79309e+09 1.18835e+11 5.04879e+12 2.52739e+14 2.17594e+16 7.60434e+16 1.54846e+17 2.45271e+17 3.31899e+17 3.99689e+17 4.36819e+17 4.36819e+17 3.99689e+17 3.31899e+17 2.45271e+17 1.54846e+17 7.60434e+16 2.17594e+16 2.52739e+14 5.04879e+12 1.18835e+11 2.79309e+09 6.54909e+07 1.46567e+06
729451 3.22829e+07 1.36478e+09 5.76543e+10 2.437e+12 1.21925e+14 1.06605e+16 3.7299e+16 7.59899e+16 1.204e+17 1.62951e+17 1.9625e+17 2.14489e+17 2.14489e+17 1.9625e+17 1.62951e+17 1.204e+17 7.59899e+16 3.7299e+16 1.06605e+16 1.21925e+14 2.437e+12 5.76543e+10 1.36478e+09 3.22829e+07 729451
244629 1.03651e+07 4.18064e+08 1.6854e+10 6.82611e+11 3.3327e+13 3.02911e+15 1.06283e+16 2.16789e+16 3.43699e+16 4.65323e+16 5.60506e+16 6.12639e+16 6.12639e+16 5.60507e+16 4.65323e+16 3.43699e+16 2.16789e+16 1.06283e+16 3.02911e+15 3.3327e+13 6.82611e+11 1.6854e+10 4.18064e+08 1.03651e+07 244629
41673.2 1.45095e+06 4.40546e+07 1.15757e+09 2.26339e+10 3.23189e+11 3.17743e+13 1.16115e+14 2.40808e+14 3.85014e+14 5.23582e+14 6.3207e+14 6.91464e+14 6.91464e+14 6.3207e+14 5.23582e+14 3.85014e+14 2.40808e+14 1.16115e+14 3.17743e+13 3.23189e+11 2.26339e+10 1.15757e+09 4.40546e+07 1.45095e+06 41673.2
4455.6 126167 2.9538e+06 5.80069e+07 9.69171e+08 2.1767e+10 6.46378e+11 2.30611e+12 4.78072e+12 7.64781e+12 1.0404e+13 1.25623e+13 1.37439e+13 1.37439e+13 1.25623e+13 1.0404e+13 7.64781e+12 4.78072e+12 2.30611e+12 6.46378e+11 2.1767e+10 9.69171e+08 5.80069e+07 2.9538e+06 126167 4455.6
359.081 8648.66 172565 3.11647e+06 5.64593e+07 1.10574e+09 1.5962e+10 5.45687e+10 1.12546e+11 1.79854e+11 2.44582e+11 2.95275e+11 3.23032e+11 3.23032e+11 2.95275e+11 2.44582e+11 1.79854e+11 1.12546e+11 5.45687e+10 1.5962e+10 1.10574e+09 5.64593e+07 3.11647e+06 172565 8648.66 359.081
24.5704 531.056 9741.59 169113 2.84301e+06 4.19578e+07 3.95983e+08 1.29199e+09 2.64574e+09 4.22172e+09 5.73837e+09 6.92639e+09 7.57698e+09 7.57698e+09 6.92639e+09 5.73837e+09 4.22172e+09 2.64574e+09 1.29199e+09 3.95983e+08 4.19578e+07 2.84301e+06 169113 9741.59 531.056 24.5704
1.51794 30.4499 522.595 8377.66 120796 1.37968e+06 9.8185e+06 3.05667e+07 6.20466e+07 9.88082e+07 1.34223e+08 1.61971e+08 1.77169e+08 1.77169e+08 1.61971e+08 1.34223e+08 9.88082e+07 6.20466e+07 3.05667e+07 9.8185e+06 1.37968e+06 120796 8377.66 522.595 30.4499 1.51794
0.0793712 1.49895 23.9293 345.621 4253.85 39589.4 231745 690786 1.38881e+06 2.2064e+06 2.99498e+06 3.61313e+06 3.95172e+06 3.95172e+06 3.61313e+06 2.99498e+06 2.2064e+06 1.38881e+06 690786 231745 39589.4 4253.85 345.621 23.9293 1.49895 0.0793712
