0.314441 5.92046 94.086 1351.55 16544.6 153228 892729 2.6441e+06 5.27324e+06 8.30492e+06 1.11825e+07 1.34072e+07 1.46144e+07 1.46144e+07 1.34072e+07 1.11825e+07 8.30492e+06 5.27324e+06 2.6441e+06 892729 153228 16544.6 1351.55 94.086 5.92046 0.314441
6.01285 120.381 2058.26 32812.3 470155 5.33995e+06 3.78176e+07 1.16961e+08 2.35433e+08 3.71528e+08 5.00452e+08 6.00022e+08 6.54027e+08 6.54027e+08 6.00022e+08 5.00452e+08 3.71528e+08 2.35433e+08 1.16961e+08 3.78176e+07 5.33995e+06 470155 32812.3 2058.26 120.381 6.01285
97.1911 2099.44 38435.6 664142 1.10853e+07 1.62457e+08 1.52528e+09 4.9429e+09 1.00338e+10 1.58591e+10 2.13673e+10 2.56174e+10 2.79213e+10 2.79213e+10 2.56174e+10 2.13673e+10 1.58591e+10 1.00338e+10 4.9429e+09 1.52528e+09 1.62457e+08 1.10853e+07 664142 38435.6 2099.44 97.1911
1416.11 34122.5 680997 1.22791e+07 2.21016e+08 4.28656e+09 6.15019e+10 2.08779e+11 4.26679e+11 6.75107e+11 9.09666e+11 1.09049e+12 1.18846e+12 1.18846e+12 1.09049e+12 9.09666e+11 6.75107e+11 4.26679e+11 2.08779e+11 6.15019e+10 4.28656e+09 2.21016e+08 1.22791e+07 680997 34122.5 1416.11
17496.7 495731 1.16203e+07 2.28647e+08 3.82088e+09 8.4703e+10 2.49196e+12 8.82569e+12 1.81222e+13 2.86909e+13 3.86578e+13 4.63353e+13 5.04925e+13 5.04925e+13 4.63353e+13 3.86578e+13 2.86909e+13 1.81222e+13 8.82569e+12 2.49196e+12 8.4703e+10 3.82088e+09 2.28647e+08 1.16203e+07 495731 17496.7
162846 5.67101e+06 1.72313e+08 4.53606e+09 8.91572e+10 1.28167e+12 1.22774e+14 4.45346e+14 9.14816e+14 1.44762e+15 1.94996e+15 2.33694e+15 2.54651e+15 2.54651e+15 2.33694e+15 1.94996e+15 1.44762e+15 9.14816e+14 4.45346e+14 1.22774e+14 1.28167e+12 8.91572e+10 4.53606e+09 1.72313e+08 5.67101e+06 162846
950786 4.02808e+07 1.62481e+09 6.55245e+10 2.65545e+12 1.29551e+14 1.17031e+16 4.08716e+16 8.2855e+16 1.30486e+17 1.75582e+17 2.10515e+17 2.29518e+17 2.29518e+17 2.10515e+17 1.75582e+17 1.30486e+17 8.2855e+16 4.08716e+16 1.17031e+16 1.29551e+14 2.65545e+12 6.55245e+10 1.62481e+09 4.02808e+07 950786
2.81587e+06 1.24579e+08 5.26577e+09 2.22459e+11 9.40588e+12 4.70331e+14 4.09955e+16 1.42807e+17 2.89211e+17 4.55262e+17 6.12481e+17 7.34291e+17 8.00565e+17 8.00565e+17 7.34291e+17 6.12481e+17 4.55262e+17 2.89211e+17 1.42806e+17 4.09955e+16 4.70331e+14 9.40588e+12 2.22459e+11 5.26577e+09 1.24579e+08 2.81587e+06
5.6105e+06 2.50525e+08 1.06786e+10 4.54171e+11 1.92931e+13 9.65343e+14 8.31372e+16 2.89328e+17 5.85666e+17 9.21642e+17 1.23967e+18 1.48603e+18 1.62006e+18 1.62006e+18 1.48603e+18 1.23967e+18 9.21642e+17 5.85666e+17 2.89328e+17 8.31372e+16 9.65343e+14 1.92931e+13 4.54171e+11 1.06786e+10 2.50525e+08 5.6105e+06
8.82429e+06 3.948e+08 1.68542e+10 7.1755e+11 3.04981e+13 1.52541e+15 1.30862e+17 4.55227e+17 9.2121e+17 1.44931e+18 1.94903e+18 2.33603e+18 2.54654e+18 2.54654e+18 2.33603e+18 1.94903e+18 1.44931e+18 9.2121e+17 4.55227e+17 1.30862e+17 1.52541e+15 3.04981e+13 7.1755e+11 1.68542e+10 3.948e+08 8.82429e+06
1.18654e+07 5.3104e+08 2.26745e+10 9.65371e+11 4.10275e+13 2.05159e+15 1.7594e+17 6.11947e+17 1.23812e+18 1.94751e+18 2.61855e+18 3.13809e+18 3.42064e+18 3.42064e+18 3.13809e+18 2.61855e+18 1.94751e+18 1.23812e+18 6.11947e+17 1.7594e+17 2.05159e+15 4.10275e+13 9.65371e+11 2.26745e+10 5.3104e+08 1.18654e+07
1.42098e+07 6.35949e+08 2.71516e+10 1.15581e+12 4.91113e+13 2.45556e+15 2.10779e+17 7.33103e+17 1.48308e+18 2.33252e+18 3.1358e+18 3.75761e+18 4.09572e+18 4.09572e+18 3.75761e+18 3.1358e+18 2.33252e+18 1.48308e+18 7.33103e+17 2.10779e+17 2.45556e+15 4.91113e+13 1.15581e+12 2.71516e+10 6.35949e+08 1.42098e+07
1.54795e+07 6.92731e+08 2.95732e+10 1.25875e+12 5.34781e+13 2.6738e+15 2.297e+17 7.98917e+17 1.61614e+18 2.54161e+18 3.41668e+18 4.09396e+18 4.46222e+18 4.46222e+18 4.09396e+18 3.41668e+18 2.54161e+18 1.61614e+18 7.98917e+17 2.297e+17 2.6738e+15 5.34781e+13 1.25875e+12 2.95732e+10 6.92731e+08 1.54795e+07
1.54795e+07 6.92731e+08 2.95732e+10 1.25875e+12 5.34781e+13 2.6738e+15 2.297e+17 7.98917e+17 1.61614e+18 2.54161e+18 3.41668e+18 4.09396e+18 4.46222e+18 4.46222e+18 4.09396e+18 3.41668e+18 2.54161e+18 1.61614e+18 7.98917e+17 2.297e+17 2.6738e+15 5.34781e+13 1.25875e+12 2.95732e+10 6.92731e+08 1.54795e+07
1.42098e+07 6.35949e+08 2.71516e+10 1.15581e+12 4.91113e+13 2.45556e+15 2.10779e+17 7.33103e+17 1.48308e+18 2.33252e+18 3.1358e+18 3.75761e+18 4.09572e+18 4.09572e+18 3.75761e+18 3.1358e+18 2.33252e+18 1.48308e+18 7.33103e+17 2.10779e+17 2.45556e+15 4.91113e+13 1.15581e+12 2.71516e+10 6.35949e+08 1.42098e+07
1.18654e+07 5.3104e+08 2.26745e+10 9.65371e+11 4.10275e+13 2.05159e+15 1.7594e+17 6.11947e+17 1.23812e+18 1.94751e+18 2.61855e+18 3.13809e+18 3.42064e+18 3.42064e+18 3.13809e+18 2.61855e+18 1.94751e+18 1.23812e+18 6.11947e+17 1.7594e+17 2.05159e+15 4.10275e+13 9.65371e+11 2.26745e+10 5.3104e+08 1.18654e+07
8.82429e+06 3.948e+08 1.68542e+10 7.1755e+11 3.04981e+13 1.52541e+15 1.30862e+17 4.55227e+17 9.2121e+17 1.44931e+18 1.94903e+18 2.33603e+18 2.54654e+18 2.54654e+18 2.33603e+18 1.94903e+18 1.44931e+18 9.2121e+17 4.55227e+17 1.30862e+17 1.52541e+15 3.04981e+13 7.1755e+11 1.68542e+10 3.948e+08 8.82429e+06
5.6105e+06 2.50525e+08 1.06786e+10 4.54171e+11 1.92931e+13 9.65343e+14 8.31372e+16 2.89328e+17 5.85666e+17 9.21642e+17 1.23967e+18 1.48603e+18 1.62006e+18 1.62006e+18 1.48603e+18 1.23967e+18 9.21642e+17 5.85666e+17 2.89328e+17 8.31372e+16 9.65343e+14 1.92931e+13 4.54171e+11 1.06786e+10 2.50525e+08 5.6105e+06
2.81587e+06 1.24579e+08 5.26577e+09 2.22459e+11 9.40588e+12 4.70331e+14 4.09955e+16 1.42806e+17 2.89211e+17 4.55262e+17 6.12481e+17 7.34291e+17 8.00565e+17 8.00565e+17 7.34291e+17 6.12481e+17 4.55262e+17 2.89211e+17 1.42806e+17 4.09955e+16 4.70331e+14 9.40588e+12 2.22459e+11 5.26577e+09 1.24579e+08 2.81587e+06
950786 4.02808e+07 1.62481e+09 6.55245e+10 2.65545e+12 1.29551e+14 1.17031e+16 4.08716e+16 8.2855e+16 1.30486e+17 1.75582e+17 2.10515e+17 2.29518e+17 2.29518e+17 2.10515e+17 1.75582e+17 1.30486e+17 8.2855e+16 4.08716e+16 1.17031e+16 1.29551e+14 2.65545e+12 6.55245e+10 1.62481e+09 4.02808e+07 950786
162846 5.67101e+06 1.72313e+08 4.53606e+09 8.91572e+10 1.28167e+12 1.22774e+14 4.45346e+14 9.14816e+14 1.44762e+15 1.94996e+15 2.33694e+15 2.54651e+15 2.54651e+15 2.33694e+15 1.94996e+15 1.44762e+15 9.14816e+14 4.45346e+14 1.22774e+14 1.28167e+12 8.91572e+10 4.53606e+09 1.72313e+08 5.67101e+06 162846
17496.7 495731 1.16203e+07 2.28647e+08 3.82088e+09 8.4703e+10 2.49196e+12 8.82569e+12 1.81222e+13 2.86909e+13 3.86578e+13 4.63353e+13 5.04925e+13 5.04925e+13 4.63353e+13 3.86578e+13 2.86909e+13 1.81222e+13 8.82569e+12 2.49196e+12 8.4703e+10 3.82088e+09 2.28647e+08 1.16203e+07 495731 17496.7
1416.11 34122.5 680997 1.22791e+07 2.21016e+08 4.28656e+09 6.15019e+10 2.08779e+11 4.26679e+11 6.75107e+11 9.09666e+11 1.09049e+12 1.18846e+12 1.18846e+12 1.09049e+12 9.09666e+11 6.75107e+11 4.26679e+11 2.08779e+11 6.15019e+10 4.28656e+09 2.21016e+08 1.22791e+07 680997 34122.5 1416.11
97.1911 2099.44 38435.6 664142 1.10853e+07 1.62457e+08 1.52528e+09 4.9429e+09 1.00338e+10 1.58591e+10 2.13673e+10 2.56174e+10 2.79213e+10 2.79213e+10 2.56174e+10 2.13673e+10 1.58591e+10 1.00338e+10 4.9429e+09 1.52528e+09 1.62457e+08 1.10853e+07 664142 38435.6 2099.44 97.1911
6.01285 120.381 2058.26 32812.3 470155 5.33995e+06 3.78176e+07 1.16961e+08 2.35433e+08 3.71528e+08 5.00452e+08 6.00022e+08 6.54027e+08 6.54027e+08 6.00022e+08 5.00452e+08 3.71528e+08 2.35433e+08 1.16961e+08 3.78176e+07 5.33995e+06 470155 32812.3 2058.26 120.381 6.01285
0.314441 5.92046 94.086 1351.55 16544.6 153228 892729 2.6441e+06 5.27324e+06 8.30492e+06 1.11825e+07 1.34072e+07 1.46144e+07 1.46144e+07 1.34072e+07 1.11825e+07 8.30492e+06 5.27324e+06 2.6441e+06 892729 153228 16544.6 1351.55 94.086 5.92046 0.314441
