2.65524e-06 4.94176e-05 0.000773448 0.0109255 0.131662 1.20445 6.96057 20.5323 40.8647 64.3349 86.6998 104.08 113.553 113.553 104.08 86.6998 64.3349 40.8647 20.5323 6.96057 1.20445 0.131662 0.0109255 0.000773448 4.94176e-05 2.65524e-06
5.06272e-05 0.00100387 0.0169273 0.265088 3.72813 41.707 292.576 900.831 1809.03 2853.21 3846.39 4617.66 5037.92 5037.92 4617.66 3846.39 2853.21 1809.03 900.831 292.576 41.707 3.72813 0.265088 0.0169273 0.00100388 5.06272e-05
0.000813638 0.017461 0.316576 5.38405 87.9309 1263.17 11722.4 37804.3 76537.2 120889 163006 195694 213501 213501 195694 163006 120889 76537.2 37804.3 11722.4 1263.17 87.9309 5.38405 0.316576 0.017461 0.000813638
0.0117457 0.281826 5.60124 100.19 1766.89 33298.9 470275 1.58807e+06 3.236e+06 5.11607e+06 6.89926e+06 8.28264e+06 9.03611e+06 9.03611e+06 8.28264e+06 6.89926e+06 5.11607e+06 3.236e+06 1.58807e+06 470275 33298.9 1766.89 100.19 5.60124 0.281826 0.0117457
0.143428 4.04646 94.6904 1865.81 31103 663076 1.8987e+07 6.68651e+07 1.36857e+08 2.16481e+08 2.91943e+08 3.50469e+08 3.82341e+08 3.82341e+08 3.50469e+08 2.91943e+08 2.16481e+08 1.36857e+08 6.68651e+07 1.8987e+07 663076 31103 1865.81 94.6905 4.04646 0.143428
1.31908 45.6622 1382.33 36412.2 723789 1.05667e+07 9.37333e+08 3.37806e+09 6.91348e+09 1.0927e+10 1.47288e+10 1.7677e+10 1.92826e+10 1.92826e+10 1.7677e+10 1.47288e+10 1.0927e+10 6.91348e+09 3.37806e+09 9.37333e+08 1.05667e+07 723789 36412.2 1382.33 45.6622 1.31908
7.62766 320.598 12844.6 515279 2.08037e+07 1.00733e+09 8.92843e+10 3.10197e+11 6.26321e+11 9.83939e+11 1.32254e+12 1.5853e+12 1.72852e+12 1.72852e+12 1.5853e+12 1.32254e+12 9.83939e+11 6.26321e+11 3.10197e+11 8.92843e+10 1.00733e+09 2.08037e+07 515279 12844.6 320.598 7.62766
22.4915 986.733 41407 1.73933e+06 7.32308e+07 3.63474e+09 3.11454e+11 1.07962e+12 2.17808e+12 3.42046e+12 4.59675e+12 5.50961e+12 6.00718e+12 6.00718e+12 5.50961e+12 4.59675e+12 3.42046e+12 2.17808e+12 1.07962e+12 3.11454e+11 3.63474e+09 7.32308e+07 1.73933e+06 41407 986.733 22.4915
44.7346 1980.2 83773.1 3.54169e+06 1.49776e+08 7.43692e+09 6.29508e+11 2.18037e+12 4.39758e+12 6.90509e+12 9.27919e+12 1.11217e+13 1.21259e+13 1.21259e+13 1.11217e+13 9.27919e+12 6.90509e+12 4.39758e+12 2.18037e+12 6.29508e+11 7.43692e+09 1.49776e+08 3.54169e+06 83773.1 1980.2 44.7346
70.3741 3120.75 132211 5.59472e+06 2.36714e+08 1.17467e+10 9.89091e+11 3.42463e+12 6.90629e+12 1.08437e+13 1.45716e+13 1.74647e+13 1.90417e+13 1.90417e+13 1.74647e+13 1.45716e+13 1.08437e+13 6.90629e+12 3.42463e+12 9.89091e+11 1.17467e+10 2.36714e+08 5.59472e+06 132211 3120.75 70.3741
94.7694 4203.9 178135 7.53872e+06 3.18965e+08 1.58224e+10 1.32922e+12 4.6016e+12 9.27935e+12 1.45693e+13 1.95778e+13 2.34648e+13 2.55836e+13 2.55836e+13 2.34648e+13 1.95778e+13 1.45693e+13 9.27935e+12 4.6016e+12 1.32922e+12 1.58224e+10 3.18965e+08 7.53872e+06 178135 4203.9 94.7694
113.702 5043.88 213726 9.04461e+06 3.82658e+08 1.89781e+10 1.5929e+12 5.51413e+12 1.11193e+13 1.7458e+13 2.34595e+13 2.81171e+13 3.06559e+13 3.06559e+13 2.81171e+13 2.34595e+13 1.7458e+13 1.11193e+13 5.51413e+12 1.5929e+12 1.89781e+10 3.82658e+08 9.04461e+06 213726 5043.88 113.702
124.012 5501.14 233096 9.86398e+06 4.17308e+08 2.06948e+10 1.73651e+12 6.01117e+12 1.21215e+13 1.90315e+13 2.55739e+13 3.06513e+13 3.34189e+13 3.34189e+13 3.06513e+13 2.55739e+13 1.90315e+13 1.21215e+13 6.01117e+12 1.73652e+12 2.06948e+10 4.17308e+08 9.86398e+06 233096 5501.14 124.012
124.012 5501.14 233096 9.86398e+06 4.17308e+08 2.06948e+10 1.73652e+12 6.01117e+12 1.21215e+13 1.90315e+13 2.55739e+13 3.06513e+13 3.34189e+13 3.34189e+13 3.06513e+13 2.55739e+13 1.90315e+13 1.21215e+13 6.01117e+12 1.73651e+12 2.06948e+10 4.17308e+08 9.86398e+06 233096 5501.14 124.012
113.702 5043.88 213726 9.04461e+06 3.82658e+08 1.89781e+10 1.5929e+12 5.51413e+12 1.11193e+13 1.7458e+13 2.34595e+13 2.81171e+13 3.06559e+13 3.06559e+13 2.81171e+13 2.34595e+13 1.7458e+13 1.11193e+13 5.51413e+12 1.5929e+12 1.89781e+10 3.82658e+08 9.04461e+06 213726 5043.88 113.702
94.7694 4203.9 178135 7.53872e+06 3.18965e+08 1.58224e+10 1.32922e+12 4.6016e+12 9.27935e+12 1.45693e+13 1.95778e+13 2.34648e+13 2.55836e+13 2.55836e+13 2.34648e+13 1.95778e+13 1.45693e+13 9.27935e+12 4.6016e+12 1.32922e+12 1.58224e+10 3.18965e+08 7.53872e+06 178135 4203.9 94.7694
70.3741 3120.75 132211 5.59472e+06 2.36714e+08 1.17467e+10 9.89091e+11 3.42463e+12 6.90629e+12 1.08437e+13 1.45716e+13 1.74647e+13 1.90417e+13 1.90417e+13 1.74647e+13 1.45716e+13 1.08437e+13 6.90629e+12 3.42463e+12 9.89091e+11 1.17467e+10 2.36714e+08 5.59472e+06 132211 3120.75 70.3741
44.7346 1980.2 83773.1 3.54169e+06 1.49776e+08 7.43692e+09 6.29508e+11 2.18037e+12 4.39758e+12 6.90509e+12 9.27919e+12 1.11217e+13 1.21259e+13 1.21259e+13 1.11217e+13 9.27919e+12 6.90509e+12 4.39758e+12 2.18037e+12 6.29508e+11 7.43692e+09 1.49776e+08 3.54169e+06 83773.1 1980.2 44.7346
22.4915 986.733 41407 1.73933e+06 7.32308e+07 3.63474e+09 3.11454e+11 1.07962e+12 2.17808e+12 3.42046e+12 4.59675e+12 5.50961e+12 6.00718e+12 6.00718e+12 5.50961e+12 4.59675e+12 3.42046e+12 2.17808e+12 1.07962e+12 3.11454e+11 3.63474e+09 7.32308e+07 1.73933e+06 41407 986.733 22.4915
7.62766 320.598 12844.6 515279 2.08037e+07 1.00733e+09 8.92843e+10 3.10197e+11 6.26321e+11 9.83939e+11 1.32254e+12 1.5853e+12 1.72852e+12 1.72852e+12 1.5853e+12 1.32254e+12 9.83939e+11 6.26321e+11 3.10197e+11 8.92843e+10 1.00733e+09 2.08037e+07 515279 12844.6 320.598 7.62766
1.31908 45.6622 1382.33 36412.2 723789 1.05667e+07 9.37333e+08 3.37806e+09 6.91348e+09 1.0927e+10 1.47288e+10 1.7677e+10 1.92826e+10 1.92826e+10 1.7677e+10 1.47288e+10 1.0927e+10 6.91348e+09 3.37806e+09 9.37333e+08 1.05667e+07 723789 36412.2 1382.33 45.6622 1.31908
0.143428 4.04646 94.6905 1865.81 31103 663076 1.8987e+07 6.68651e+07 1.36857e+08 2.16481e+08 2.91943e+08 3.50469e+08 3.82341e+08 3.82341e+08 3.50469e+08 2.91943e+08 2.16481e+08 1.36857e+08 6.68651e+07 1.8987e+07 663076 31103 1865.81 94.6904 4.04646 0.143428
0.0117457 0.281826 5.60124 100.19 1766.89 33298.9 470275 1.58807e+06 3.236e+06 5.11607e+06 6.89926e+06 8.28264e+06 9.03611e+06 9.03611e+06 8.28264e+06 6.89926e+06 5.11607e+06 3.236e+06 1.58807e+06 470275 33298.9 1766.89 100.19 5.60124 0.281826 0.0117457
0.000813638 0.017461 0.316576 5.38405 87.9309 1263.17 11722.4 37804.3 76537.2 120889 163006 195694 213501 213501 195694 163006 120889 76537.2 37804.3 11722.4 1263.17 87.9309 5.38405 0.316576 0.017461 0.000813638
5.06272e-05 0.00100388 0.0169273 0.265088 3.72813 41.707 292.576 900.831 1809.03 2853.21 3846.39 4617.66 5037.92 5037.92 4617.66 3846.39 2853.21 1809.03 900.831 292.576 41.707 3.72813 0.265088 0.0169273 0.00100387 5.06272e-05
2.65524e-06 4.94176e-05 0.000773448 0.0109255 0.131662 1.20445 6.96057 20.5323 40.8647 64.3349 86.6998 104.08 113.553 113.553 104.08 86.6998 64.3349 40.8647 20.5323 6.96057 1.20445 0.131662 0.0109255 0.000773448 4.94176e-05 2.65524e-06
