0.0109051 0.203193 3.17582 44.7069 537.008 4908.32 28444.6 84508.3 169651 269311 365420 440771 482059 482059 440771 365420 269311 169651 84508.3 28444.6 4908.32 537.008 44.7069 3.17582 0.203193 0.0109051
0.209591 4.16957 70.3162 1096.69 15331.7 170877 1.20012e+06 3.7219e+06 7.54117e+06 1.1996e+07 1.62853e+07 1.9646e+07 2.1487e+07 2.1487e+07 1.9646e+07 1.62853e+07 1.1996e+07 7.54117e+06 3.7219e+06 1.20012e+06 170877 15331.7 1096.69 70.3162 4.16957 0.209591
3.38906 73.1734 1331.7 22596 365784 5.20915e+06 4.82656e+07 1.56803e+08 3.20421e+08 5.10592e+08 6.93445e+08 8.36641e+08 9.15066e+08 9.15066e+08 8.36641e+08 6.93445e+08 5.10592e+08 3.20421e+08 1.56803e+08 4.82656e+07 5.20915e+06 365784 22596 1331.7 73.1734 3.38906
49.0571 1186.46 23775.7 427084 7.47444e+06 1.38464e+08 1.94241e+09 6.60949e+09 1.35998e+10 2.1699e+10 2.94789e+10 3.55694e+10 3.89044e+10 3.89044e+10 3.55694e+10 2.94789e+10 2.1699e+10 1.35998e+10 6.60949e+09 1.94241e+09 1.38464e+08 7.47444e+06 427084 23775.7 1186.46 49.0571
599.068 17031.1 402442 8.02149e+06 1.34718e+08 2.79776e+09 7.85909e+10 2.7901e+11 5.76939e+11 9.21329e+11 1.25195e+12 1.51072e+12 1.65239e+12 1.65239e+12 1.51072e+12 1.25195e+12 9.21329e+11 5.76939e+11 2.7901e+11 7.85909e+10 2.79776e+09 1.34718e+08 8.02149e+06 402442 17031.1 599.068
5506.39 191716 5.84596e+06 1.55484e+08 3.1451e+09 4.68687e+10 3.89731e+12 1.41587e+13 2.92759e+13 4.67111e+13 6.34368e+13 7.65225e+13 8.36854e+13 8.36854e+13 7.65225e+13 6.34368e+13 4.67111e+13 2.92759e+13 1.41587e+13 3.89731e+12 4.68687e+10 3.1451e+09 1.55484e+08 5.84596e+06 191716 5506.39
31881.9 1.34497e+06 5.40839e+07 2.17628e+09 8.80416e+10 4.24576e+12 3.71182e+14 1.29771e+15 2.64055e+15 4.17823e+15 5.6486e+15 6.79768e+15 7.42657e+15 7.42657e+15 6.79768e+15 5.6486e+15 4.17823e+15 2.64055e+15 1.29771e+15 3.71182e+14 4.24576e+12 8.80416e+10 2.17628e+09 5.40839e+07 1.34497e+06 31881.9
94629 4.16683e+06 1.75513e+08 7.3967e+09 3.12181e+11 1.5446e+13 1.30423e+15 4.54727e+15 9.2414e+15 1.46127e+16 1.97468e+16 2.37583e+16 2.59535e+16 2.59535e+16 2.37583e+16 1.97468e+16 1.46127e+16 9.2414e+15 4.54727e+15 1.30423e+15 1.5446e+13 3.12181e+11 7.3967e+09 1.75513e+08 4.16683e+06 94629
189808 8.43539e+06 3.58338e+08 1.52058e+10 6.44939e+11 3.19355e+13 2.65817e+15 9.25673e+15 1.88012e+16 2.97174e+16 4.01484e+16 4.8297e+16 5.27557e+16 5.27557e+16 4.8297e+16 4.01484e+16 2.97174e+16 1.88012e+16 9.25673e+15 2.65817e+15 3.19355e+13 6.44939e+11 1.52058e+10 3.58338e+08 8.43539e+06 189808
301073 1.34077e+07 5.7054e+08 2.42409e+10 1.02902e+12 5.09317e+13 4.20862e+15 1.46461e+16 2.97361e+16 4.69888e+16 6.34702e+16 7.63429e+16 8.3386e+16 8.3386e+16 7.63429e+16 6.34702e+16 4.69888e+16 2.97361e+16 1.46461e+16 4.20862e+15 5.09317e+13 1.02902e+12 2.42409e+10 5.7054e+08 1.34077e+07 301073
408231 1.81887e+07 7.7429e+08 3.29073e+10 1.3972e+12 6.91303e+13 5.69047e+15 1.97951e+16 4.01804e+16 6.3481e+16 8.57352e+16 1.03114e+17 1.12622e+17 1.12622e+17 1.03114e+17 8.57352e+16 6.3481e+16 4.01804e+16 1.97951e+16 5.69047e+15 6.91303e+13 1.3972e+12 3.29073e+10 7.7429e+08 1.81887e+07 408231
492150 2.19302e+07 9.33656e+08 3.9683e+10 1.68497e+12 8.33504e+13 6.84775e+15 2.38157e+16 4.83344e+16 7.63545e+16 1.03112e+17 1.24006e+17 1.35437e+17 1.35437e+17 1.24006e+17 1.03112e+17 7.63545e+16 4.83344e+16 2.38157e+16 6.84775e+15 8.33504e+13 1.68497e+12 3.9683e+10 9.33656e+08 2.19302e+07 492150
538097 2.39782e+07 1.02086e+09 4.339e+10 1.84238e+12 9.11274e+13 7.48078e+15 2.60148e+16 5.27939e+16 8.33945e+16 1.12615e+17 1.3543e+17 1.47911e+17 1.47911e+17 1.3543e+17 1.12615e+17 8.33945e+16 5.27939e+16 2.60148e+16 7.48078e+15 9.11274e+13 1.84238e+12 4.339e+10 1.02086e+09 2.39782e+07 538097
538097 2.39782e+07 1.02086e+09 4.339e+10 1.84238e+12 9.11274e+13 7.48078e+15 2.60148e+16 5.27939e+16 8.33945e+16 1.12615e+17 1.3543e+17 1.47911e+17 1.47911e+17 1.3543e+17 1.12615e+17 8.33945e+16 5.27939e+16 2.60148e+16 7.48078e+15 9.11274e+13 1.84238e+12 4.339e+10 1.02086e+09 2.39782e+07 538097
492150 2.19302e+07 9.33656e+08 3.9683e+10 1.68497e+12 8.33504e+13 6.84775e+15 2.38157e+16 4.83344e+16 7.63545e+16 1.03112e+17 1.24006e+17 1.35437e+17 1.35437e+17 1.24006e+17 1.03112e+17 7.63545e+16 4.83344e+16 2.38157e+16 6.84775e+15 8.33504e+13 1.68497e+12 3.9683e+10 9.33656e+08 2.19302e+07 492150
408231 1.81887e+07 7.7429e+08 3.29073e+10 1.3972e+12 6.91303e+13 5.69047e+15 1.97951e+16 4.01804e+16 6.3481e+16 8.57352e+16 1.03114e+17 1.12622e+17 1.12622e+17 1.03114e+17 8.57352e+16 6.3481e+16 4.01804e+16 1.97951e+16 5.69047e+15 6.91303e+13 1.3972e+12 3.29073e+10 7.7429e+08 1.81887e+07 408231
301073 1.34077e+07 5.7054e+08 2.42409e+10 1.02902e+12 5.09317e+13 4.20862e+15 1.46461e+16 2.97361e+16 4.69888e+16 6.34702e+16 7.63429e+16 8.3386e+16 8.3386e+16 7.63429e+16 6.34702e+16 4.69888e+16 2.97361e+16 1.46461e+16 4.20862e+15 5.09317e+13 1.02902e+12 2.42409e+10 5.7054e+08 1.34077e+07 301073
189808 8.43539e+06 3.58338e+08 1.52058e+10 6.44939e+11 3.19355e+13 2.65817e+15 9.25673e+15 1.88012e+16 2.97174e+16 4.01484e+16 4.8297e+16 5.27557e+16 5.27557e+16 4.8297e+16 4.01484e+16 2.97174e+16 1.88012e+16 9.25673e+15 2.65817e+15 3.19355e+13 6.44939e+11 1.52058e+10 3.58338e+08 8.43539e+06 189808
94629 4.16683e+06 1.75513e+08 7.3967e+09 3.12181e+11 1.5446e+13 1.30423e+15 4.54727e+15 9.2414e+15 1.46127e+16 1.97468e+16 2.37583e+16 2.59535e+16 2.59535e+16 2.37583e+16 1.97468e+16 1.46127e+16 9.2414e+15 4.54727e+15 1.30423e+15 1.5446e+13 3.12181e+11 7.3967e+09 1.75513e+08 4.16683e+06 94629
31881.9 1.34497e+06 5.40839e+07 2.17628e+09 8.80416e+10 4.24576e+12 3.71182e+14 1.29771e+15 2.64055e+15 4.17823e+15 5.6486e+15 6.79768e+15 7.42657e+15 7.42657e+15 6.79768e+15 5.6486e+15 4.17823e+15 2.64055e+15 1.29771e+15 3.71182e+14 4.24576e+12 8.80416e+10 2.17628e+09 5.40839e+07 1.34497e+06 31881.9
5506.39 191716 5.84596e+06 1.55484e+08 3.1451e+09 4.68687e+10 3.89731e+12 1.41587e+13 2.92759e+13 4.67111e+13 6.34368e+13 7.65225e+13 8.36854e+13 8.36854e+13 7.65225e+13 6.34368e+13 4.67111e+13 2.92759e+13 1.41587e+13 3.89731e+12 4.68687e+10 3.1451e+09 1.55484e+08 5.84596e+06 191716 5506.39
599.068 17031.1 402442 8.02149e+06 1.34718e+08 2.79776e+09 7.85909e+10 2.7901e+11 5.76939e+11 9.21329e+11 1.25195e+12 1.51072e+12 1.65239e+12 1.65239e+12 1.51072e+12 1.25195e+12 9.21329e+11 5.76939e+11 2.7901e+11 7.85909e+10 2.79776e+09 1.34718e+08 8.02149e+06 402442 17031.1 599.068
49.0571 1186.46 23775.7 427084 7.47444e+06 1.38464e+08 1.94241e+09 6.60949e+09 1.35998e+10 2.1699e+10 2.94789e+10 3.55694e+10 3.89044e+10 3.89044e+10 3.55694e+10 2.94789e+10 2.1699e+10 1.35998e+10 6.60949e+09 1.94241e+09 1.38464e+08 7.47444e+06 427084 23775.7 1186.46 49.0571
3.38906 73.1734 1331.7 22596 365784 5.20915e+06 4.82656e+07 1.56803e+08 3.20421e+08 5.10592e+08 6.93445e+08 8.36641e+08 9.15066e+08 9.15066e+08 8.36641e+08 6.93445e+08 5.10592e+08 3.20421e+08 1.56803e+08 4.82656e+07 5.20915e+06 365784 22596 1331.7 73.1734 3.38906
0.209591 4.16957 70.3162 1096.69 15331.7 170877 1.20012e+06 3.7219e+06 7.54117e+06 1.1996e+07 1.62853e+07 1.9646e+07 2.1487e+07 2.1487e+07 1.9646e+07 1.62853e+07 1.1996e+07 7.54117e+06 3.7219e+06 1.20012e+06 170877 15331.7 1096.69 70.3162 4.16957 0.209591
0.0109051 0.203193 3.17582 44.7069 537.008 4908.32 28444.6 84508.3 169651 269311 365420 440771 482059 482059 440771 365420 269311 169651 84508.3 28444.6 4908.32 537.008 44.7069 3.17582 0.203193 0.0109051
