1.10591 20.8419 330.701 4733.6 57733.1 533553 3.10813e+06 9.21649e+06 1.83964e+07 2.89738e+07 3.89881e+07 4.67042e+07 5.088e+07 5.088e+07 4.67042e+07 3.89881e+07 2.89738e+07 1.83964e+07 9.21649e+06 3.10813e+06 533553 57733.1 4733.6 330.701 20.8419 1.10591
21.2875 427.357 7304.42 115952 1.6516e+06 1.86776e+07 1.32114e+08 4.09039e+08 8.24039e+08 1.30032e+09 1.7502e+09 2.09637e+09 2.28355e+09 2.28355e+09 2.09637e+09 1.7502e+09 1.30032e+09 8.24039e+08 4.09039e+08 1.32114e+08 1.86776e+07 1.6516e+06 115952 7304.42 427.357 21.2875
345.677 7505.27 137787 2.37413e+06 3.92982e+07 5.71256e+08 5.34705e+09 1.73463e+10 3.5242e+10 5.56959e+10 7.49742e+10 8.9788e+10 9.77914e+10 9.77914e+10 8.9788e+10 7.49742e+10 5.56959e+10 3.5242e+10 1.73463e+10 5.34705e+09 5.71256e+08 3.92982e+07 2.37413e+06 137787 7505.27 345.677
5042.92 122323 2.45753e+06 4.44355e+07 7.93882e+08 1.51705e+10 2.16226e+11 7.34837e+11 1.50316e+12 2.37798e+12 3.20096e+12 3.83254e+12 4.17347e+12 4.17347e+12 3.83254e+12 3.20096e+12 2.37798e+12 1.50316e+12 7.34837e+11 2.16226e+11 1.51705e+10 7.93882e+08 4.44355e+07 2.45753e+06 122323 5042.92
62226.3 1.77428e+06 4.19223e+07 8.32448e+08 1.3987e+10 3.03175e+11 8.78006e+12 3.11362e+13 6.39989e+13 1.01302e+14 1.36339e+14 1.63194e+14 1.77678e+14 1.77678e+14 1.63194e+14 1.36339e+14 1.01302e+14 6.39989e+13 3.11362e+13 8.78007e+12 3.03175e+11 1.3987e+10 8.32448e+08 4.19223e+07 1.77428e+06 62226.3
577898 2.02227e+07 6.18157e+08 1.63991e+10 3.26956e+11 4.7823e+12 4.34364e+14 1.57769e+15 3.24455e+15 5.13356e+15 6.90747e+15 8.26729e+15 9.00077e+15 9.00077e+15 8.26729e+15 6.90747e+15 5.13356e+15 3.24455e+15 1.57769e+15 4.34364e+14 4.7823e+12 3.26956e+11 1.63991e+10 6.18157e+08 2.02227e+07 577898
3.36912e+06 1.43212e+08 5.79645e+09 2.34413e+11 9.51936e+12 4.63271e+14 4.13984e+16 1.4483e+17 2.94071e+17 4.63486e+17 6.23706e+17 7.47582e+17 8.14857e+17 8.14857e+17 7.47582e+17 6.23706e+17 4.63486e+17 2.94071e+17 1.4483e+17 4.13984e+16 4.63271e+14 9.51936e+12 2.34413e+11 5.79645e+09 1.43212e+08 3.36912e+06
9.98505e+06 4.43168e+08 1.87946e+10 7.96245e+11 3.37406e+13 1.6842e+15 1.45346e+17 5.07112e+17 1.02849e+18 1.62007e+18 2.17951e+18 2.61212e+18 2.84709e+18 2.84709e+18 2.61212e+18 2.17951e+18 1.62007e+18 1.02849e+18 5.07112e+17 1.45346e+17 1.6842e+15 3.37406e+13 7.96245e+11 1.87946e+10 4.43168e+08 9.98505e+06
1.99093e+07 8.91823e+08 3.8142e+10 1.62691e+12 6.92707e+13 3.46091e+15 2.95279e+17 1.02908e+18 2.08567e+18 3.28365e+18 4.41588e+18 5.29104e+18 5.76629e+18 5.76629e+18 5.29104e+18 4.41588e+18 3.28365e+18 2.08567e+18 1.02908e+18 2.95279e+17 3.46091e+15 6.92707e+13 1.62691e+12 3.8142e+10 8.91823e+08 1.99093e+07
3.13154e+07 1.40538e+09 6.01947e+10 2.57003e+12 1.09483e+14 5.46846e+15 4.65157e+17 1.62026e+18 3.28218e+18 5.16495e+18 6.94307e+18 8.31669e+18 9.06234e+18 9.06234e+18 8.31669e+18 6.94307e+18 5.16495e+18 3.28218e+18 1.62026e+18 4.65157e+17 5.46846e+15 1.09483e+14 2.57003e+12 6.01947e+10 1.40538e+09 3.13154e+07
4.20836e+07 1.88904e+09 8.09159e+10 3.45442e+12 1.47126e+14 7.3471e+15 6.254e+17 2.17792e+18 4.41024e+18 6.93735e+18 9.32231e+18 1.11637e+19 1.21628e+19 1.21628e+19 1.11637e+19 9.32231e+18 6.93735e+18 4.41024e+18 2.17792e+18 6.254e+17 7.3471e+15 1.47126e+14 3.45442e+12 8.09159e+10 1.88904e+09 4.20836e+07
5.03589e+07 2.26017e+09 9.67929e+10 4.13109e+12 1.75888e+14 8.78241e+15 7.48976e+17 2.60809e+18 5.28007e+18 8.30324e+18 1.11548e+19 1.33554e+19 1.45492e+19 1.45492e+19 1.33554e+19 1.11548e+19 8.30324e+18 5.28007e+18 2.60809e+18 7.48976e+17 8.78241e+15 1.75888e+14 4.13109e+12 9.67929e+10 2.26017e+09 5.03589e+07
5.48289e+07 2.46046e+09 1.05353e+11 4.49559e+12 1.91366e+14 9.55477e+15 8.15963e+17 2.84132e+18 5.75158e+18 9.04339e+18 1.21474e+19 1.45423e+19 1.58412e+19 1.58412e+19 1.45423e+19 1.21474e+19 9.04339e+18 5.75158e+18 2.84132e+18 8.15963e+17 9.55477e+15 1.91366e+14 4.49559e+12 1.05353e+11 2.46046e+09 5.48289e+07
5.48289e+07 2.46046e+09 1.05353e+11 4.49559e+12 1.91366e+14 9.55477e+15 8.15963e+17 2.84132e+18 5.75158e+18 9.04339e+18 1.21474e+19 1.45423e+19 1.58412e+19 1.58412e+19 1.45423e+19 1.21474e+19 9.04339e+18 5.75158e+18 2.84132e+18 8.15963e+17 9.55477e+15 1.91366e+14 4.49559e+12 1.05353e+11 2.46046e+09 5.48289e+07
5.03589e+07 2.26017e+09 9.67929e+10 4.13109e+12 1.75888e+14 8.78241e+15 7.48976e+17 2.60809e+18 5.28007e+18 8.30324e+18 1.11548e+19 1.33554e+19 1.45492e+19 1.45492e+19 1.33554e+19 1.11548e+19 8.30324e+18 5.28007e+18 2.60809e+18 7.48976e+17 8.78241e+15 1.75888e+14 4.13109e+12 9.67929e+10 2.26017e+09 5.03589e+07
4.20836e+07 1.88904e+09 8.09159e+10 3.45442e+12 1.47126e+14 7.3471e+15 6.254e+17 2.17792e+18 4.41024e+18 6.93735e+18 9.32231e+18 1.11637e+19 1.21628e+19 1.21628e+19 1.11637e+19 9.32231e+18 6.93735e+18 4.41024e+18 2.17792e+18 6.254e+17 7.3471e+15 1.47126e+14 3.45442e+12 8.09159e+10 1.88904e+09 4.20836e+07
3.13154e+07 1.40538e+09 6.01947e+10 2.57003e+12 1.09483e+14 5.46846e+15 4.65157e+17 1.62026e+18 3.28218e+18 5.16495e+18 6.94307e+18 8.31669e+18 9.06234e+18 9.06234e+18 8.31669e+18 6.94307e+18 5.16495e+18 3.28218e+18 1.62026e+18 4.65157e+17 5.46846e+15 1.09483e+14 2.57003e+12 6.01947e+10 1.40538e+09 3.13154e+07
1.99093e+07 8.91823e+08 3.8142e+10 1.62691e+12 6.92707e+13 3.46091e+15 2.95279e+17 1.02908e+18 2.08567e+18 3.28365e+18 4.41588e+18 5.29104e+18 5.76629e+18 5.76629e+18 5.29104e+18 4.41588e+18 3.28365e+18 2.08567e+18 1.02908e+18 2.95279e+17 3.46091e+15 6.92707e+13 1.62691e+12 3.8142e+10 8.91823e+08 1.99093e+07
9.98505e+06 4.43168e+08 1.87946e+10 7.96245e+11 3.37406e+13 1.6842e+15 1.45346e+17 5.07112e+17 1.02849e+18 1.62007e+18 2.17951e+18 2.61212e+18 2.84709e+18 2.84709e+18 2.61212e+18 2.17951e+18 1.62007e+18 1.02849e+18 5.07112e+17 1.45346e+17 1.6842e+15 3.37406e+13 7.96245e+11 1.87946e+10 4.43168e+08 9.98505e+06
3.36912e+06 1.43212e+08 5.79645e+09 2.34413e+11 9.51936e+12 4.63271e+14 4.13984e+16 1.4483e+17 2.94071e+17 4.63486e+17 6.23706e+17 7.47582e+17 8.14857e+17 8.14857e+17 7.47582e+17 6.23706e+17 4.63486e+17 2.94071e+17 1.4483e+17 4.13984e+16 4.63271e+14 9.51936e+12 2.34413e+11 5.79645e+09 1.43212e+08 3.36912e+06
577898 2.02227e+07 6.18157e+08 1.63991e+10 3.26956e+11 4.7823e+12 4.34364e+14 1.57769e+15 3.24455e+15 5.13356e+15 6.90747e+15 8.26729e+15 9.00077e+15 9.00077e+15 8.26729e+15 6.90747e+15 5.13356e+15 3.24455e+15 1.57769e+15 4.34364e+14 4.7823e+12 3.26956e+11 1.63991e+10 6.18157e+08 2.02227e+07 577898
62226.3 1.77428e+06 4.19223e+07 8.32448e+08 1.3987e+10 3.03175e+11 8.78006e+12 3.11362e+13 6.39989e+13 1.01302e+14 1.36339e+14 1.63194e+14 1.77678e+14 1.77678e+14 1.63194e+14 1.36339e+14 1.01302e+14 6.39989e+13 3.11362e+13 8.78006e+12 3.03175e+11 1.3987e+10 8.32448e+08 4.19223e+07 1.77428e+06 62226.3
5042.92 122323 2.45753e+06 4.44355e+07 7.93882e+08 1.51705e+10 2.16226e+11 7.34837e+11 1.50316e+12 2.37798e+12 3.20096e+12 3.83254e+12 4.17347e+12 4.17347e+12 3.83254e+12 3.20096e+12 2.37798e+12 1.50316e+12 7.34837e+11 2.16226e+11 1.51705e+10 7.93882e+08 4.44355e+07 2.45753e+06 122323 5042.92
345.677 7505.27 137787 2.37413e+06 3.92982e+07 5.71256e+08 5.34705e+09 1.73463e+10 3.5242e+10 5.56959e+10 7.49742e+10 8.9788e+10 9.77914e+10 9.77914e+10 8.9788e+10 7.49742e+10 5.56959e+10 3.5242e+10 1.73463e+10 5.34705e+09 5.71256e+08 3.92982e+07 2.37413e+06 137787 7505.27 345.677
21.2875 427.357 7304.42 115952 1.6516e+06 1.86776e+07 1.32114e+08 4.09039e+08 8.24039e+08 1.30032e+09 1.7502e+09 2.09637e+09 2.28355e+09 2.28355e+09 2.09637e+09 1.7502e+09 1.30032e+09 8.24039e+08 4.09039e+08 1.32114e+08 1.86776e+07 1.6516e+06 115952 7304.42 427.357 21.2875
1.10591 20.8419 330.701 4733.6 57733.1 533553 3.10813e+06 9.21649e+06 1.83964e+07 2.89738e+07 3.89881e+07 4.67042e+07 5.088e+07 5.088e+07 4.67042e+07 3.89881e+07 2.89738e+07 1.83964e+07 9.21649e+06 3.10813e+06 533553 57733.1 4733.6 330.701 20.8419 1.10591
