4.65338e-05 0.000878044 0.0140245 0.202898 2.50213 23.3287 136.867 409.974 830.371 1331.04 1822.92 2214.95 2432.19 2432.19 2214.95 1822.92 1331.04 830.371 409.974 136.867 23.3287 2.50213 0.202898 0.0140245 0.000878044 4.65338e-05
0.000886978 0.0177535 0.304543 4.88979 70.6882 809.281 5772.11 18057.2 36930.8 59354 81372.3 98926 108657 108657 98926 81372.3 59354 36930.8 18057.2 5772.11 809.281 70.6882 4.88979 0.304543 0.0177535 0.000886978
0.0143271 0.308492 5.64562 98.0654 1654.19 24502.1 231824 760078 1.5685e+06 2.52661e+06 3.46721e+06 4.21742e+06 4.63345e+06 4.63345e+06 4.21742e+06 3.46721e+06 2.52661e+06 1.5685e+06 760078 231824 24502.1 1654.19 98.0654 5.64562 0.308492 0.0143271
0.209316 5.01699 99.6567 1795.67 32621.1 642850 9.312e+06 3.19911e+07 6.65014e+07 1.07319e+08 1.47396e+08 1.7938e+08 1.97125e+08 1.97125e+08 1.7938e+08 1.47396e+08 1.07319e+08 6.65014e+07 3.19911e+07 9.312e+06 642850 32621.1 1795.67 99.6567 5.01699 0.209316
2.60013 73.2529 1705.86 33319.3 554894 1.2579e+07 3.76001e+08 1.34811e+09 2.81737e+09 4.553e+09 6.25809e+09 7.6198e+09 8.37564e+09 8.37564e+09 7.6198e+09 6.25808e+09 4.553e+09 2.81737e+09 1.34811e+09 3.76001e+08 1.2579e+07 554894 33319.3 1705.86 73.2529 2.60013
24.3676 844.332 25513.1 666963 1.29442e+07 1.83253e+08 1.84192e+10 6.76258e+10 1.4134e+11 2.28224e+11 3.13513e+11 3.81598e+11 4.1938e+11 4.1938e+11 3.81598e+11 3.13513e+11 2.28224e+11 1.4134e+11 6.76258e+10 1.84192e+10 1.83253e+08 1.29442e+07 666963 25513.1 844.332 24.3676
143.478 6050.87 243019 9.76186e+06 3.94191e+08 1.9227e+10 1.75499e+12 6.16953e+12 1.26311e+13 2.01274e+13 2.73968e+13 3.31488e+13 3.63236e+13 3.63236e+13 3.31488e+13 2.73968e+13 2.01274e+13 1.26311e+13 6.16953e+12 1.75499e+12 1.9227e+10 3.94191e+08 9.76186e+06 243019 6050.87 143.478
430.238 18951.8 797830 3.35841e+07 1.41542e+09 7.07066e+10 6.18935e+12 2.16897e+13 4.43396e+13 7.05852e+13 9.60134e+13 1.1612e+14 1.27214e+14 1.27214e+14 1.1612e+14 9.60134e+13 7.05852e+13 4.43396e+13 2.16897e+13 6.18935e+12 7.07066e+10 1.41542e+09 3.35841e+07 797830 18951.8 430.238
871.586 38768.8 1.64677e+06 6.98297e+07 2.95877e+09 1.47828e+11 1.26877e+13 4.43961e+13 9.06948e+13 1.44314e+14 1.96242e+14 2.37292e+14 2.59936e+14 2.59936e+14 2.37292e+14 1.96242e+14 1.44314e+14 9.06948e+13 4.43961e+13 1.26877e+13 1.47828e+11 2.95877e+09 6.98297e+07 1.64677e+06 38768.8 871.586
1396.9 62298.8 2.65232e+06 1.12674e+08 4.78087e+09 2.38687e+11 2.02305e+13 7.07221e+13 1.44411e+14 2.29719e+14 3.12315e+14 3.77596e+14 4.13604e+14 4.13604e+14 3.77596e+14 3.12315e+14 2.29719e+14 1.44411e+14 7.07221e+13 2.02305e+13 2.38687e+11 4.78087e+09 1.12674e+08 2.65232e+06 62298.8 1396.9
1912.59 85385.7 3.6387e+06 1.54708e+08 6.56944e+09 3.2781e+11 2.75465e+13 9.62339e+13 1.96444e+14 3.12429e+14 4.24704e+14 5.13429e+14 5.62365e+14 5.62365e+14 5.13429e+14 4.24704e+14 3.12429e+14 1.96444e+14 9.62339e+13 2.75465e+13 3.2781e+11 6.56944e+09 1.54708e+08 3.6387e+06 85385.7 1912.59
2323.29 103777 4.42481e+06 1.88226e+08 7.99664e+09 3.98901e+11 3.33351e+13 1.16407e+14 2.37579e+14 3.77802e+14 5.13523e+14 6.20767e+14 6.79913e+14 6.79913e+14 6.20767e+14 5.13523e+14 3.77802e+14 2.37579e+14 1.16407e+14 3.33351e+13 3.98901e+11 7.99664e+09 1.88226e+08 4.42481e+06 103777 2323.29
2550.75 113966 4.86049e+06 2.06811e+08 8.78836e+09 4.38329e+11 3.653e+13 1.27537e+14 2.6027e+14 4.13859e+14 5.62508e+14 6.79963e+14 7.44738e+14 7.44738e+14 6.79963e+14 5.62508e+14 4.13859e+14 2.6027e+14 1.27537e+14 3.653e+13 4.38329e+11 8.78836e+09 2.06811e+08 4.86049e+06 113966 2550.75
2550.75 113966 4.86049e+06 2.06811e+08 8.78836e+09 4.38329e+11 3.653e+13 1.27537e+14 2.6027e+14 4.13859e+14 5.62508e+14 6.79963e+14 7.44738e+14 7.44738e+14 6.79963e+14 5.62508e+14 4.13859e+14 2.6027e+14 1.27537e+14 3.653e+13 4.38329e+11 8.78836e+09 2.06811e+08 4.86049e+06 113966 2550.75
2323.29 103777 4.42481e+06 1.88226e+08 7.99664e+09 3.98901e+11 3.33351e+13 1.16407e+14 2.37579e+14 3.77802e+14 5.13523e+14 6.20767e+14 6.79913e+14 6.79913e+14 6.20767e+14 5.13523e+14 3.77802e+14 2.37579e+14 1.16407e+14 3.33351e+13 3.98901e+11 7.99664e+09 1.88226e+08 4.42481e+06 103777 2323.29
1912.59 85385.7 3.6387e+06 1.54708e+08 6.56944e+09 3.2781e+11 2.75465e+13 9.62339e+13 1.96444e+14 3.12429e+14 4.24704e+14 5.13429e+14 5.62365e+14 5.62365e+14 5.13429e+14 4.24704e+14 3.12429e+14 1.96444e+14 9.62339e+13 2.75465e+13 3.2781e+11 6.56944e+09 1.54708e+08 3.6387e+06 85385.7 1912.59
1396.9 62298.8 2.65232e+06 1.12674e+08 4.78087e+09 2.38687e+11 2.02305e+13 7.07221e+13 1.44411e+14 2.29719e+14 3.12315e+14 3.77596e+14 4.13604e+14 4.13604e+14 3.77596e+14 3.12315e+14 2.29719e+14 1.44411e+14 7.07221e+13 2.02305e+13 2.38687e+11 4.78087e+09 1.12674e+08 2.65232e+06 62298.8 1396.9
871.586 38768.8 1.64677e+06 6.98297e+07 2.95877e+09 1.47828e+11 1.26877e+13 4.43961e+13 9.06948e+13 1.44314e+14 1.96242e+14 2.37292e+14 2.59936e+14 2.59936e+14 2.37292e+14 1.96242e+14 1.44314e+14 9.06948e+13 4.43961e+13 1.26877e+13 1.47828e+11 2.95877e+09 6.98297e+07 1.64677e+06 38768.8 871.586
430.238 18951.8 797830 3.35841e+07 1.41542e+09 7.07066e+10 6.18935e+12 2.16897e+13 4.43396e+13 7.05852e+13 9.60134e+13 1.1612e+14 1.27214e+14 1.27214e+14 1.1612e+14 9.60134e+13 7.05852e+13 4.43396e+13 2.16897e+13 6.18935e+12 7.07066e+10 1.41542e+09 3.35841e+07 797830 18951.8 430.238
143.478 6050.87 243019 9.76186e+06 3.94191e+08 1.9227e+10 1.75499e+12 6.16953e+12 1.26311e+13 2.01274e+13 2.73968e+13 3.31488e+13 3.63236e+13 3.63236e+13 3.31488e+13 2.73968e+13 2.01274e+13 1.26311e+13 6.16953e+12 1.75499e+12 1.9227e+10 3.94191e+08 9.76186e+06 243019 6050.87 143.478
24.3676 844.332 25513.1 666963 1.29442e+07 1.83253e+08 1.84192e+10 6.76258e+10 1.4134e+11 2.28224e+11 3.13513e+11 3.81598e+11 4.1938e+11 4.1938e+11 3.81598e+11 3.13513e+11 2.28224e+11 1.4134e+11 6.76258e+10 1.84192e+10 1.83253e+08 1.29442e+07 666963 25513.1 844.332 24.3676
2.60013 73.2529 1705.86 33319.3 554894 1.2579e+07 3.76001e+08 1.34811e+09 2.81737e+09 4.553e+09 6.25808e+09 7.6198e+09 8.37564e+09 8.37564e+09 7.6198e+09 6.25808e+09 4.553e+09 2.81737e+09 1.34811e+09 3.76001e+08 1.2579e+07 554894 33319.3 1705.86 73.2529 2.60013
0.209316 5.01699 99.6567 1795.67 32621.1 642850 9.312e+06 3.19911e+07 6.65014e+07 1.07319e+08 1.47396e+08 1.7938e+08 1.97125e+08 1.97125e+08 1.7938e+08 1.47396e+08 1.07319e+08 6.65014e+07 3.19911e+07 9.312e+06 642850 32621.1 1795.67 99.6567 5.01699 0.209316
0.0143271 0.308492 5.64562 98.0654 1654.19 24502.1 231824 760078 1.5685e+06 2.52661e+06 3.46721e+06 4.21742e+06 4.63345e+06 4.63345e+06 4.21742e+06 3.46721e+06 2.52661e+06 1.5685e+06 760078 231824 24502.1 1654.19 98.0654 5.64562 0.308492 0.0143271
0.000886978 0.0177535 0.304543 4.88979 70.6882 809.281 5772.11 18057.2 36930.8 59354 81372.3 98926 108657 108657 98926 81372.3 59354 36930.8 18057.2 5772.11 809.281 70.6882 4.88979 0.304543 0.0177535 0.000886978
4.65338e-05 0.000878043 0.0140245 0.202898 2.50213 23.3287 136.867 409.974 830.371 1331.04 1822.92 2214.95 2432.19 2432.19 2214.95 1822.92 1331.04 830.371 409.974 136.867 23.3287 2.50213 0.202898 0.0140245 0.000878044 4.65338e-05
