0.00651584 0.123525 1.98183 28.785 356.267 3333.25 19620 58933.8 119618 191964 262980 319476 350727 350727 319476 262980 191964 119618 58933.8 19620 3333.25 356.267 28.785 1.98183 0.123525 0.00651583
0.124835 2.51214 43.3077 698.219 10129.5 116355 832586 2.61253e+06 5.35595e+06 8.61951e+06 1.18216e+07 1.43693e+07 1.5779e+07 1.5779e+07 1.43693e+07 1.18216e+07 8.61951e+06 5.35595e+06 2.61253e+06 832586 116355 10129.5 698.219 43.3077 2.51214 0.124835
2.02634 43.8931 807.706 14090.9 238470 3.54238e+06 3.3615e+07 1.10574e+08 2.28789e+08 3.69102e+08 5.06736e+08 6.1628e+08 6.76906e+08 6.76906e+08 6.1628e+08 5.06736e+08 3.69102e+08 2.28789e+08 1.10574e+08 3.3615e+07 3.54238e+06 238470 14090.9 807.706 43.8931 2.02634
29.7307 717.128 14329.7 259448 4.7284e+06 9.33688e+07 1.35564e+09 4.67375e+09 9.74411e+09 1.5751e+10 2.16435e+10 2.63352e+10 2.89325e+10 2.89325e+10 2.63352e+10 2.16435e+10 1.5751e+10 9.74411e+09 4.67375e+09 1.35564e+09 9.33688e+07 4.7284e+06 259448 14329.7 717.128 29.7307
370.698 10510.6 246227 4.83447e+06 8.08431e+07 1.83441e+09 5.4887e+10 1.97552e+11 4.14185e+11 6.70538e+11 9.2211e+11 1.12251e+12 1.23348e+12 1.23348e+12 1.12251e+12 9.2211e+11 6.70538e+11 4.14185e+11 1.97552e+11 5.4887e+10 1.83441e+09 8.08431e+07 4.83447e+06 246227 10510.6 370.698
3485.86 121547 3.69348e+06 9.70157e+07 1.89116e+09 2.68811e+10 2.69334e+12 9.93027e+12 2.08276e+13 3.3698e+13 4.63202e+13 5.63715e+13 6.19362e+13 6.19362e+13 5.63715e+13 4.63202e+13 3.3698e+13 2.08276e+13 9.93027e+12 2.69334e+12 2.68811e+10 1.89116e+09 9.70157e+07 3.69348e+06 121547 3485.86
20588.1 873675 3.52743e+07 1.42261e+09 5.76027e+10 2.81297e+12 2.56844e+14 9.06319e+14 1.8623e+15 2.97555e+15 4.0569e+15 4.91266e+15 5.38482e+15 5.38482e+15 4.91266e+15 4.0569e+15 2.97555e+15 1.8623e+15 9.06319e+14 2.56844e+14 2.81297e+12 5.76027e+10 1.42261e+09 3.52743e+07 873675 20588.1
61896.2 2.7442e+06 1.16163e+08 4.9107e+09 2.07598e+11 1.03874e+13 9.09234e+14 3.19784e+15 6.56062e+15 1.04723e+16 1.42691e+16 1.72725e+16 1.89291e+16 1.89291e+16 1.72725e+16 1.42691e+16 1.04723e+16 6.56062e+15 3.19784e+15 9.09234e+14 1.03874e+13 2.07598e+11 4.9107e+09 1.16163e+08 2.7442e+06 61896.2
125625 5.62574e+06 2.40349e+08 1.02381e+10 4.35249e+11 2.17892e+13 1.87043e+15 6.56827e+15 1.34654e+16 2.14839e+16 2.92642e+16 3.54173e+16 3.8811e+16 3.8811e+16 3.54173e+16 2.92642e+16 2.14839e+16 1.34654e+16 6.56827e+15 1.87043e+15 2.17892e+13 4.35249e+11 1.02381e+10 2.40349e+08 5.62574e+06 125625
201517 9.04967e+06 3.87579e+08 1.65419e+10 7.04317e+11 3.52407e+13 2.98985e+15 1.04894e+16 2.1494e+16 3.42833e+16 4.66897e+16 5.65001e+16 6.19105e+16 6.19105e+16 5.65001e+16 4.66897e+16 3.42833e+16 2.1494e+16 1.04894e+16 2.98985e+15 3.52407e+13 7.04317e+11 1.65419e+10 3.87579e+08 9.04967e+06 201517
275909 1.24043e+07 5.31784e+08 2.27164e+10 9.67952e+11 4.84133e+13 4.07674e+15 1.4294e+16 2.92816e+16 4.66957e+16 6.35856e+16 7.69398e+16 8.43041e+16 8.43041e+16 7.69398e+16 6.35856e+16 4.66957e+16 2.92816e+16 1.4294e+16 4.07674e+15 4.84133e+13 9.67952e+11 2.27164e+10 5.31784e+08 1.24043e+07 275909
335010 1.50697e+07 6.46392e+08 2.76253e+10 1.17764e+12 5.88872e+13 4.93638e+15 1.73019e+16 3.54373e+16 5.65057e+16 7.69378e+16 9.30915e+16 1.01999e+17 1.01999e+17 9.30915e+16 7.69378e+16 5.65057e+16 3.54373e+16 1.73019e+16 4.93638e+15 5.88872e+13 1.17764e+12 2.76253e+10 6.46392e+08 1.50697e+07 335010
367672 1.6543e+07 7.09756e+08 3.03399e+10 1.29362e+12 6.46796e+13 5.41044e+15 1.89604e+16 3.88309e+16 6.19136e+16 8.42979e+16 1.01994e+17 1.11753e+17 1.11753e+17 1.01994e+17 8.42979e+16 6.19136e+16 3.88309e+16 1.89604e+16 5.41044e+15 6.46796e+13 1.29362e+12 3.03399e+10 7.09756e+08 1.6543e+07 367672
367672 1.6543e+07 7.09756e+08 3.03399e+10 1.29362e+12 6.46796e+13 5.41044e+15 1.89604e+16 3.88309e+16 6.19136e+16 8.42979e+16 1.01994e+17 1.11753e+17 1.11753e+17 1.01994e+17 8.42979e+16 6.19136e+16 3.88309e+16 1.89604e+16 5.41044e+15 6.46796e+13 1.29362e+12 3.03399e+10 7.09756e+08 1.6543e+07 367672
335010 1.50697e+07 6.46392e+08 2.76253e+10 1.17764e+12 5.88872e+13 4.93638e+15 1.73019e+16 3.54373e+16 5.65057e+16 7.69378e+16 9.30915e+16 1.01999e+17 1.01999e+17 9.30915e+16 7.69378e+16 5.65057e+16 3.54373e+16 1.73019e+16 4.93638e+15 5.88872e+13 1.17764e+12 2.76253e+10 6.46392e+08 1.50697e+07 335010
275909 1.24043e+07 5.31784e+08 2.27164e+10 9.67952e+11 4.84133e+13 4.07674e+15 1.4294e+16 2.92816e+16 4.66957e+16 6.35856e+16 7.69398e+16 8.43041e+16 8.43041e+16 7.69398e+16 6.35856e+16 4.66957e+16 2.92816e+16 1.4294e+16 4.07674e+15 4.84133e+13 9.67952e+11 2.27164e+10 5.31784e+08 1.24043e+07 275909
201517 9.04967e+06 3.87579e+08 1.65419e+10 7.04317e+11 3.52407e+13 2.98985e+15 1.04894e+16 2.1494e+16 3.42833e+16 4.66897e+16 5.65001e+16 6.19105e+16 6.19105e+16 5.65001e+16 4.66897e+16 3.42833e+16 2.1494e+16 1.04894e+16 2.98985e+15 3.52407e+13 7.04317e+11 1.65419e+10 3.87579e+08 9.04967e+06 201517
125625 5.62574e+06 2.40349e+08 1.02381e+10 4.35248e+11 2.17892e+13 1.87043e+15 6.56827e+15 1.34654e+16 2.14839e+16 2.92642e+16 3.54173e+16 3.8811e+16 3.8811e+16 3.54173e+16 2.92642e+16 2.14839e+16 1.34654e+16 6.56827e+15 1.87043e+15 2.17892e+13 4.35249e+11 1.02381e+10 2.40349e+08 5.62574e+06 125625
61896.2 2.7442e+06 1.16163e+08 4.9107e+09 2.07598e+11 1.03874e+13 9.09234e+14 3.19784e+15 6.56062e+15 1.04723e+16 1.42691e+16 1.72725e+16 1.89291e+16 1.89291e+16 1.72725e+16 1.42691e+16 1.04723e+16 6.56062e+15 3.19784e+15 9.09234e+14 1.03874e+13 2.07598e+11 4.9107e+09 1.16163e+08 2.7442e+06 61896.2
20588.1 873675 3.52743e+07 1.42261e+09 5.76027e+10 2.81297e+12 2.56844e+14 9.06319e+14 1.8623e+15 2.97555e+15 4.0569e+15 4.91266e+15 5.38482e+15 5.38482e+15 4.91266e+15 4.0569e+15 2.97555e+15 1.8623e+15 9.06319e+14 2.56844e+14 2.81297e+12 5.76027e+10 1.42261e+09 3.52743e+07 873675 20588.1
3485.86 121547 3.69348e+06 9.70157e+07 1.89116e+09 2.68811e+10 2.69334e+12 9.93027e+12 2.08276e+13 3.3698e+13 4.63202e+13 5.63715e+13 6.19362e+13 6.19362e+13 5.63715e+13 4.63202e+13 3.3698e+13 2.08276e+13 9.93027e+12 2.69334e+12 2.68811e+10 1.89116e+09 9.70157e+07 3.69348e+06 121547 3485.86
370.698 10510.6 246227 4.83447e+06 8.08431e+07 1.83441e+09 5.4887e+10 1.97552e+11 4.14185e+11 6.70538e+11 9.2211e+11 1.12251e+12 1.23348e+12 1.23348e+12 1.12251e+12 9.2211e+11 6.70538e+11 4.14185e+11 1.97552e+11 5.4887e+10 1.83441e+09 8.08431e+07 4.83447e+06 246227 10510.6 370.698
29.7307 717.128 14329.7 259448 4.7284e+06 9.33688e+07 1.35564e+09 4.67375e+09 9.74411e+09 1.5751e+10 2.16435e+10 2.63352e+10 2.89325e+10 2.89325e+10 2.63352e+10 2.16435e+10 1.5751e+10 9.74411e+09 4.67375e+09 1.35564e+09 9.33688e+07 4.7284e+06 259448 14329.7 717.128 29.7307
2.02634 43.8931 807.706 14090.9 238470 3.54238e+06 3.3615e+07 1.10574e+08 2.28789e+08 3.69102e+08 5.06736e+08 6.1628e+08 6.76906e+08 6.76906e+08 6.1628e+08 5.06736e+08 3.69102e+08 2.28789e+08 1.10574e+08 3.3615e+07 3.54238e+06 238470 14090.9 807.706 43.8931 2.02634
0.124835 2.51214 43.3077 698.219 10129.5 116355 832586 2.61253e+06 5.35595e+06 8.61951e+06 1.18216e+07 1.43693e+07 1.5779e+07 1.5779e+07 1.43693e+07 1.18216e+07 8.61951e+06 5.35595e+06 2.61253e+06 832586 116355 10129.5 698.219 43.3077 2.51214 0.124835
0.00651583 0.123525 1.98183 28.785 356.267 3333.25 19620 58933.8 119618 191964 262980 319476 350727 350727 319476 262980 191964 119618 58933.8 19620 3333.25 356.267 28.785 1.98183 0.123525 0.00651583
