0.170577 3.23863 51.8966 751.406 9267.88 86461.3 507500 1.51666e+06 3.05567e+06 4.86115e+06 6.60259e+06 7.96628e+06 8.71243e+06 8.71243e+06 7.96628e+06 6.60259e+06 4.86115e+06 3.05567e+06 1.51666e+06 507500 86461.3 9267.88 751.406 51.8966 3.23863 0.170577
3.28572 66.3928 1145.02 18400.9 265684 3.03937e+06 2.16792e+07 6.76735e+07 1.37688e+08 2.19592e+08 2.98494e+08 3.60247e+08 3.94028e+08 3.94028e+08 3.60247e+08 2.98494e+08 2.19592e+08 1.37688e+08 6.76735e+07 2.16792e+07 3.03937e+06 265684 18400.9 1145.02 66.3928 3.28572
53.4926 1166.35 21529.1 374842 6.30417e+06 9.30501e+07 8.79472e+08 2.87759e+09 5.90751e+09 9.44136e+09 1.28418e+10 1.5502e+10 1.69568e+10 1.69568e+10 1.5502e+10 1.28418e+10 9.44136e+09 5.90751e+09 2.87759e+09 8.79472e+08 9.30501e+07 6.30417e+06 374842 21529.1 1166.35 53.4926
784.896 19085.2 383688 6.96169e+06 1.26172e+08 2.46527e+09 3.55892e+10 1.22031e+11 2.52361e+11 4.03956e+11 5.49704e+11 6.63672e+11 7.25979e+11 7.25979e+11 6.63672e+11 5.49704e+11 4.03956e+11 2.52361e+11 1.22031e+11 3.55892e+10 2.46527e+09 1.26172e+08 6.96169e+06 383688 19085.2 784.896
9767.03 279178 6.58725e+06 1.30207e+08 2.18476e+09 4.88083e+10 1.44466e+12 5.17081e+12 1.07504e+13 1.72274e+13 2.3451e+13 2.83157e+13 3.09744e+13 3.09744e+13 2.83157e+13 2.3451e+13 1.72274e+13 1.07504e+13 5.17081e+12 1.44466e+12 4.88083e+10 2.18476e+09 1.30207e+08 6.58725e+06 279178 9767.03
91566.9 3.21623e+06 9.83298e+07 2.59861e+09 5.11556e+10 7.35576e+11 7.11637e+13 2.60947e+14 5.42823e+14 8.69465e+14 1.18319e+15 1.42836e+15 1.56235e+15 1.56235e+15 1.42836e+15 1.18319e+15 8.69465e+14 5.42823e+14 2.60947e+14 7.11637e+13 7.35576e+11 5.11556e+10 2.59861e+09 9.83298e+07 3.21623e+06 91566.9
538750 2.30151e+07 9.3372e+08 3.77873e+10 1.53407e+12 7.48967e+13 6.78857e+15 2.38892e+16 4.88668e+16 7.7634e+16 1.05234e+17 1.26834e+17 1.38659e+17 1.38659e+17 1.26834e+17 1.05234e+17 7.7634e+16 4.88668e+16 2.38892e+16 6.78857e+15 7.48967e+13 1.53407e+12 3.77873e+10 9.3372e+08 2.30151e+07 538750
1.61043e+06 7.18667e+07 3.05632e+09 1.29629e+11 5.49365e+12 2.74967e+14 2.3968e+16 8.40884e+16 1.71777e+17 2.72702e+17 3.69507e+17 4.45264e+17 4.8674e+17 4.8674e+17 4.45264e+17 3.69507e+17 2.72702e+17 1.71777e+17 8.40884e+16 2.3968e+16 2.74967e+14 5.49365e+12 1.29629e+11 3.05632e+09 7.18667e+07 1.61043e+06
3.24264e+06 1.4613e+08 6.27058e+09 2.67908e+11 1.14144e+13 5.71771e+14 4.90676e+16 1.71921e+17 3.5097e+17 5.56941e+17 7.54443e+17 9.08974e+17 9.93572e+17 9.93572e+17 9.08974e+17 7.54443e+17 5.56941e+17 3.5097e+17 1.71921e+17 4.90676e+16 5.71771e+14 1.14144e+13 2.67908e+11 6.27058e+09 1.4613e+08 3.24264e+06
5.15351e+06 2.32821e+08 1.00112e+10 4.28383e+11 1.82712e+13 9.14951e+14 7.79479e+16 2.72923e+17 5.5693e+17 8.83499e+17 1.19653e+18 1.44141e+18 1.57545e+18 1.57545e+18 1.44141e+18 1.19653e+18 8.83499e+17 5.5693e+17 2.72923e+17 7.79479e+16 9.14951e+14 1.82712e+13 4.28383e+11 1.00112e+10 2.32821e+08 5.15351e+06
6.9922e+06 3.16126e+08 1.36013e+10 5.82255e+11 2.48415e+13 1.24366e+15 1.05613e+17 3.69657e+17 7.54133e+17 1.19607e+18 1.61957e+18 1.95078e+18 2.13205e+18 2.13205e+18 1.95078e+18 1.61957e+18 1.19607e+18 7.54133e+17 3.69657e+17 1.05613e+17 1.24366e+15 2.48415e+13 5.82255e+11 1.36013e+10 3.16126e+08 6.9922e+06
8.42879e+06 3.81174e+08 1.6403e+10 7.0227e+11 2.99636e+13 1.49986e+15 1.27227e+17 4.45238e+17 9.0819e+17 1.44021e+18 1.94991e+18 2.34848e+18 2.56659e+18 2.56659e+18 2.34848e+18 1.94991e+18 1.44021e+18 9.0819e+17 4.45238e+17 1.27227e+17 1.49986e+15 2.99636e+13 7.0227e+11 1.6403e+10 3.81174e+08 8.42879e+06
9.21357e+06 4.16697e+08 1.79325e+10 7.67764e+11 3.27576e+13 1.63961e+15 1.39046e+17 4.86569e+17 9.92431e+17 1.57369e+18 2.1305e+18 2.56586e+18 2.8041e+18 2.8041e+18 2.56586e+18 2.1305e+18 1.57369e+18 9.92431e+17 4.86569e+17 1.39046e+17 1.63961e+15 3.27576e+13 7.67764e+11 1.79325e+10 4.16697e+08 9.21357e+06
9.21357e+06 4.16697e+08 1.79325e+10 7.67764e+11 3.27576e+13 1.63961e+15 1.39046e+17 4.86569e+17 9.92431e+17 1.57369e+18 2.1305e+18 2.56586e+18 2.8041e+18 2.8041e+18 2.56586e+18 2.1305e+18 1.57369e+18 9.92431e+17 4.86569e+17 1.39046e+17 1.63961e+15 3.27576e+13 7.67764e+11 1.79325e+10 4.16697e+08 9.21357e+06
8.42879e+06 3.81174e+08 1.6403e+10 7.0227e+11 2.99636e+13 1.49986e+15 1.27227e+17 4.45238e+17 9.0819e+17 1.44021e+18 1.94991e+18 2.34848e+18 2.56659e+18 2.56659e+18 2.34848e+18 1.94991e+18 1.44021e+18 9.0819e+17 4.45238e+17 1.27227e+17 1.49986e+15 2.99636e+13 7.0227e+11 1.6403e+10 3.81174e+08 8.42879e+06
6.9922e+06 3.16126e+08 1.36013e+10 5.82255e+11 2.48415e+13 1.24366e+15 1.05613e+17 3.69657e+17 7.54133e+17 1.19607e+18 1.61957e+18 1.95078e+18 2.13205e+18 2.13205e+18 1.95078e+18 1.61957e+18 1.19607e+18 7.54133e+17 3.69657e+17 1.05613e+17 1.24366e+15 2.48415e+13 5.82255e+11 1.36013e+10 3.16126e+08 6.9922e+06
5.15351e+06 2.32821e+08 1.00112e+10 4.28383e+11 1.82712e+13 9.14951e+14 7.79479e+16 2.72923e+17 5.5693e+17 8.83499e+17 1.19653e+18 1.44141e+18 1.57545e+18 1.57545e+18 1.44141e+18 1.19653e+18 8.83499e+17 5.5693e+17 2.72923e+17 7.79479e+16 9.14951e+14 1.82712e+13 4.28383e+11 1.00112e+10 2.32821e+08 5.15351e+06
3.24264e+06 1.4613e+08 6.27058e+09 2.67908e+11 1.14144e+13 5.71771e+14 4.90676e+16 1.71921e+17 3.5097e+17 5.56941e+17 7.54443e+17 9.08974e+17 9.93572e+17 9.93572e+17 9.08974e+17 7.54443e+17 5.56941e+17 3.5097e+17 1.71921e+17 4.90676e+16 5.71771e+14 1.14144e+13 2.67908e+11 6.27058e+09 1.4613e+08 3.24264e+06
1.61043e+06 7.18667e+07 3.05632e+09 1.29629e+11 5.49365e+12 2.74967e+14 2.3968e+16 8.40884e+16 1.71777e+17 2.72702e+17 3.69507e+17 4.45264e+17 4.8674e+17 4.8674e+17 4.45264e+17 3.69507e+17 2.72702e+17 1.71777e+17 8.40884e+16 2.3968e+16 2.74967e+14 5.49365e+12 1.29629e+11 3.05632e+09 7.18667e+07 1.61043e+06
538750 2.30151e+07 9.3372e+08 3.77873e+10 1.53407e+12 7.48967e+13 6.78857e+15 2.38892e+16 4.88668e+16 7.7634e+16 1.05234e+17 1.26834e+17 1.38659e+17 1.38659e+17 1.26834e+17 1.05234e+17 7.7634e+16 4.88668e+16 2.38892e+16 6.78857e+15 7.48967e+13 1.53407e+12 3.77873e+10 9.3372e+08 2.30151e+07 538750
91566.9 3.21623e+06 9.83298e+07 2.59861e+09 5.11556e+10 7.35576e+11 7.11637e+13 2.60947e+14 5.42823e+14 8.69465e+14 1.18319e+15 1.42836e+15 1.56235e+15 1.56235e+15 1.42836e+15 1.18319e+15 8.69465e+14 5.42823e+14 2.60947e+14 7.11637e+13 7.35576e+11 5.11556e+10 2.59861e+09 9.83298e+07 3.21623e+06 91566.9
9767.03 279178 6.58725e+06 1.30207e+08 2.18476e+09 4.88083e+10 1.44466e+12 5.17081e+12 1.07504e+13 1.72274e+13 2.3451e+13 2.83157e+13 3.09744e+13 3.09744e+13 2.83157e+13 2.3451e+13 1.72274e+13 1.07504e+13 5.17081e+12 1.44466e+12 4.88083e+10 2.18476e+09 1.30207e+08 6.58725e+06 279178 9767.03
784.896 19085.2 383688 6.96169e+06 1.26172e+08 2.46527e+09 3.55892e+10 1.22031e+11 2.52361e+11 4.03956e+11 5.49704e+11 6.63672e+11 7.25979e+11 7.25979e+11 6.63672e+11 5.49704e+11 4.03956e+11 2.52361e+11 1.22031e+11 3.55892e+10 2.46527e+09 1.26172e+08 6.96169e+06 383688 19085.2 784.896
53.4926 1166.35 21529.1 374842 6.30417e+06 9.30501e+07 8.79472e+08 2.87759e+09 5.90751e+09 9.44136e+09 1.28418e+10 1.5502e+10 1.69568e+10 1.69568e+10 1.5502e+10 1.28418e+10 9.44136e+09 5.90751e+09 2.87759e+09 8.79472e+08 9.30501e+07 6.30417e+06 374842 21529.1 1166.35 53.4926
3.28572 66.3928 1145.02 18400.9 265684 3.03937e+06 2.16792e+07 6.76735e+07 1.37688e+08 2.19592e+08 2.98494e+08 3.60247e+08 3.94028e+08 3.94028e+08 3.60247e+08 2.98494e+08 2.19592e+08 1.37688e+08 6.76735e+07 2.16792e+07 3.03937e+06 265684 18400.9 1145.02 66.3928 3.28572
0.170577 3.23863 51.8966 751.406 9267.88 86461.3 507500 1.51666e+06 3.05567e+06 4.86115e+06 6.60259e+06 7.96628e+06 8.71243e+06 8.71243e+06 7.96628e+06 6.60259e+06 4.86115e+06 3.05567e+06 1.51666e+06 507500 86461.3 9267.88 751.406 51.8966 3.23863 0.170578
