0.169862 3.21048 51.2488 739.649 9095.41 84591 494861 1.47298e+06 2.95464e+06 4.6806e+06 6.33494e+06 7.62417e+06 8.32746e+06 8.32746e+06 7.62417e+06 6.33494e+06 4.6806e+06 2.95464e+06 1.47298e+06 494861 84591 9095.41 739.649 51.2488 3.21048 0.169862
3.25603 65.4248 1123.45 17996.3 259135 2.95641e+06 2.10232e+07 6.53555e+07 1.32355e+08 2.1015e+08 2.84604e+08 3.42586e+08 3.74206e+08 3.74206e+08 3.42586e+08 2.84604e+08 2.1015e+08 1.32355e+08 6.53555e+07 2.10232e+07 2.95641e+06 259135 17996.3 1123.45 65.4248 3.25603
52.7864 1143.86 21015.8 364734 6.11992e+06 9.01377e+07 8.49758e+08 2.76853e+09 5.65588e+09 8.99719e+09 1.21906e+10 1.4676e+10 1.60309e+10 1.60309e+10 1.4676e+10 1.21906e+10 8.99719e+09 5.65588e+09 2.76853e+09 8.49758e+08 9.01377e+07 6.11992e+06 364734 21015.8 1143.86 52.7864
771.821 18648.9 373118 6.74712e+06 1.22029e+08 2.38117e+09 3.43109e+10 1.17125e+11 2.40974e+11 3.83856e+11 5.20267e+11 6.26376e+11 6.842e+11 6.842e+11 6.26376e+11 5.20267e+11 3.83856e+11 2.40974e+11 1.17125e+11 3.43109e+10 2.38117e+09 1.22029e+08 6.74712e+06 373118 18648.9 771.821
9574.11 271983 6.38777e+06 1.25824e+08 2.10581e+09 4.70288e+10 1.39112e+12 4.9558e+12 1.02477e+13 1.63387e+13 2.21495e+13 2.66672e+13 2.91282e+13 2.91282e+13 2.66672e+13 2.21495e+13 1.63387e+13 1.02477e+13 4.9558e+12 1.39112e+12 4.70288e+10 2.10581e+09 1.25824e+08 6.38777e+06 271983 9574.11
89482.7 3.12479e+06 9.51373e+07 2.50669e+09 4.9214e+10 7.05961e+11 6.84904e+13 2.49935e+14 5.17063e+14 8.23992e+14 1.11669e+15 1.34424e+15 1.46819e+15 1.46819e+15 1.34424e+15 1.11669e+15 8.23992e+14 5.17063e+14 2.49935e+14 6.84904e+13 7.05961e+11 4.9214e+10 2.50669e+09 9.51373e+07 3.12479e+06 89482.7
524758 2.2295e+07 9.01247e+08 3.63942e+10 1.47582e+12 7.20508e+13 6.5308e+15 2.29017e+16 4.6657e+16 7.38415e+16 9.97828e+16 1.20003e+17 1.31047e+17 1.31047e+17 1.20003e+17 9.97828e+16 7.38415e+16 4.6657e+16 2.29017e+16 6.5308e+15 7.20508e+13 1.47582e+12 3.63942e+10 9.01247e+08 2.2295e+07 524758
1.56222e+06 6.93258e+07 2.93723e+09 1.24285e+11 5.25977e+12 2.63201e+14 2.29726e+16 8.03332e+16 1.6347e+17 2.58561e+17 3.49293e+17 4.2002e+17 4.58651e+17 4.58651e+17 4.2002e+17 3.49293e+17 2.58561e+17 1.6347e+17 8.03332e+16 2.29726e+16 2.63201e+14 5.25977e+12 1.24285e+11 2.93723e+09 6.93258e+07 1.56222e+06
3.1313e+06 1.40289e+08 5.99587e+09 2.55502e+11 1.08674e+13 5.44185e+14 4.68289e+16 1.6357e+17 3.32665e+17 5.25999e+17 7.10423e+17 8.54167e+17 9.32675e+17 9.32675e+17 8.54167e+17 7.10423e+17 5.25999e+17 3.32665e+17 1.6357e+17 4.68289e+16 5.44185e+14 1.08674e+13 2.55502e+11 5.99587e+09 1.40289e+08 3.1313e+06
4.95477e+06 2.22484e+08 9.5264e+09 4.06486e+11 1.73042e+13 8.66191e+14 7.40931e+16 2.58659e+17 5.25879e+17 8.31294e+17 1.12255e+18 1.34952e+18 1.47347e+18 1.47347e+18 1.34952e+18 1.12255e+18 8.31294e+17 5.25879e+17 2.58659e+17 7.40931e+16 8.66191e+14 1.73042e+13 4.06486e+11 9.5264e+09 2.22484e+08 4.95477e+06
6.69778e+06 3.00926e+08 1.28907e+10 5.50192e+11 2.34254e+13 1.17231e+15 1.00061e+17 3.49224e+17 7.09862e+17 1.12193e+18 1.51479e+18 1.82087e+18 1.98799e+18 1.98799e+18 1.82087e+18 1.51479e+18 1.12193e+18 7.09862e+17 3.49224e+17 1.00061e+17 1.17231e+15 2.34254e+13 5.50192e+11 1.28907e+10 3.00926e+08 6.69778e+06
8.05267e+06 3.61854e+08 1.5502e+10 6.61655e+11 2.81703e+13 1.40958e+15 1.20263e+17 4.19692e+17 8.53005e+17 1.348e+18 1.81984e+18 2.18738e+18 2.38806e+18 2.38806e+18 2.18738e+18 1.81984e+18 1.348e+18 8.53005e+17 4.19692e+17 1.20263e+17 1.40958e+15 2.81703e+13 6.61655e+11 1.5502e+10 3.61854e+08 8.05267e+06
8.79046e+06 3.95017e+08 1.69226e+10 7.22273e+11 3.07496e+13 1.53855e+15 1.31281e+17 4.5813e+17 9.31081e+17 1.4713e+18 1.98619e+18 2.38724e+18 2.60619e+18 2.60619e+18 2.38724e+18 1.98619e+18 1.4713e+18 9.31081e+17 4.5813e+17 1.31281e+17 1.53855e+15 3.07496e+13 7.22273e+11 1.69226e+10 3.95017e+08 8.79046e+06
8.79046e+06 3.95017e+08 1.69226e+10 7.22273e+11 3.07496e+13 1.53855e+15 1.31281e+17 4.5813e+17 9.31081e+17 1.4713e+18 1.98619e+18 2.38724e+18 2.60619e+18 2.60619e+18 2.38724e+18 1.98619e+18 1.4713e+18 9.31081e+17 4.5813e+17 1.31281e+17 1.53855e+15 3.07496e+13 7.22273e+11 1.69226e+10 3.95017e+08 8.79046e+06
8.05267e+06 3.61854e+08 1.5502e+10 6.61655e+11 2.81703e+13 1.40958e+15 1.20263e+17 4.19692e+17 8.53005e+17 1.348e+18 1.81984e+18 2.18738e+18 2.38806e+18 2.38806e+18 2.18738e+18 1.81984e+18 1.348e+18 8.53005e+17 4.19692e+17 1.20263e+17 1.40958e+15 2.81703e+13 6.61655e+11 1.5502e+10 3.61854e+08 8.05267e+06
6.69778e+06 3.00926e+08 1.28907e+10 5.50192e+11 2.34254e+13 1.17231e+15 1.00061e+17 3.49224e+17 7.09862e+17 1.12193e+18 1.51479e+18 1.82087e+18 1.98799e+18 1.98799e+18 1.82087e+18 1.51479e+18 1.12193e+18 7.09862e+17 3.49224e+17 1.00061e+17 1.17231e+15 2.34254e+13 5.50192e+11 1.28907e+10 3.00926e+08 6.69778e+06
4.95477e+06 2.22484e+08 9.5264e+09 4.06486e+11 1.73042e+13 8.66191e+14 7.40931e+16 2.58659e+17 5.25879e+17 8.31294e+17 1.12255e+18 1.34952e+18 1.47347e+18 1.47347e+18 1.34952e+18 1.12255e+18 8.31294e+17 5.25879e+17 2.58659e+17 7.40931e+16 8.66191e+14 1.73042e+13 4.06486e+11 9.5264e+09 2.22484e+08 4.95477e+06
3.1313e+06 1.40289e+08 5.99587e+09 2.55502e+11 1.08674e+13 5.44185e+14 4.68289e+16 1.6357e+17 3.32665e+17 5.25999e+17 7.10423e+17 8.54167e+17 9.32675e+17 9.32675e+17 8.54167e+17 7.10423e+17 5.25999e+17 3.32665e+17 1.6357e+17 4.68289e+16 5.44185e+14 1.08674e+13 2.55502e+11 5.99587e+09 1.40289e+08 3.1313e+06
1.56222e+06 6.93258e+07 2.93723e+09 1.24285e+11 5.25977e+12 2.63201e+14 2.29726e+16 8.03332e+16 1.6347e+17 2.58561e+17 3.49293e+17 4.2002e+17 4.58651e+17 4.58651e+17 4.2002e+17 3.49293e+17 2.58561e+17 1.6347e+17 8.03332e+16 2.29726e+16 2.63201e+14 5.25977e+12 1.24285e+11 2.93723e+09 6.93258e+07 1.56222e+06
524758 2.2295e+07 9.01247e+08 3.63942e+10 1.47582e+12 7.20508e+13 6.5308e+15 2.29017e+16 4.6657e+16 7.38415e+16 9.97828e+16 1.20003e+17 1.31047e+17 1.31047e+17 1.20003e+17 9.97828e+16 7.38415e+16 4.6657e+16 2.29017e+16 6.5308e+15 7.20508e+13 1.47582e+12 3.63942e+10 9.01247e+08 2.2295e+07 524758
89482.7 3.12479e+06 9.51373e+07 2.50669e+09 4.9214e+10 7.05961e+11 6.84904e+13 2.49935e+14 5.17063e+14 8.23992e+14 1.11669e+15 1.34424e+15 1.46819e+15 1.46819e+15 1.34424e+15 1.11669e+15 8.23992e+14 5.17063e+14 2.49935e+14 6.84904e+13 7.05961e+11 4.9214e+10 2.50669e+09 9.51373e+07 3.12479e+06 89482.7
9574.11 271983 6.38777e+06 1.25824e+08 2.10581e+09 4.70288e+10 1.39112e+12 4.9558e+12 1.02477e+13 1.63387e+13 2.21495e+13 2.66672e+13 2.91282e+13 2.91282e+13 2.66672e+13 2.21495e+13 1.63387e+13 1.02477e+13 4.9558e+12 1.39112e+12 4.70288e+10 2.10581e+09 1.25824e+08 6.38777e+06 271983 9574.11
771.821 18648.9 373118 6.74712e+06 1.22029e+08 2.38117e+09 3.43109e+10 1.17125e+11 2.40974e+11 3.83856e+11 5.20267e+11 6.26376e+11 6.842e+11 6.842e+11 6.26376e+11 5.20267e+11 3.83856e+11 2.40974e+11 1.17125e+11 3.43109e+10 2.38117e+09 1.22029e+08 6.74712e+06 373118 18648.9 771.821
52.7864 1143.86 21015.8 364734 6.11992e+06 9.01377e+07 8.49758e+08 2.76853e+09 5.65588e+09 8.99719e+09 1.21906e+10 1.4676e+10 1.60309e+10 1.60309e+10 1.4676e+10 1.21906e+10 8.99719e+09 5.65588e+09 2.76853e+09 8.49758e+08 9.01377e+07 6.11992e+06 364734 21015.8 1143.86 52.7864
3.25603 65.4248 1123.45 17996.3 259135 2.95641e+06 2.10232e+07 6.53555e+07 1.32355e+08 2.1015e+08 2.84604e+08 3.42586e+08 3.74206e+08 3.74206e+08 3.42586e+08 2.84604e+08 2.1015e+08 1.32355e+08 6.53555e+07 2.10232e+07 2.95641e+06 259135 17996.3 1123.45 65.4248 3.25603
0.169862 3.21048 51.2488 739.649 9095.41 84591 494861 1.47298e+06 2.95464e+06 4.6806e+06 6.33494e+06 7.62417e+06 8.32746e+06 8.32746e+06 7.62417e+06 6.33494e+06 4.6806e+06 2.95464e+06 1.47298e+06 494861 84591 9095.41 739.649 51.2488 3.21048 0.169862
