0.00670504 0.125458 1.97138 27.9164 337.206 3095.65 17990.1 53521.8 107555 170880 232009 279970 306259 306259 279970 232009 170880 107555 53521.8 17990.1 3095.65 337.206 27.9164 1.97138 0.125458 0.00670504
0.129012 2.57553 43.6421 684.885 9639.37 108033 761332 2.36477e+06 4.79713e+06 7.63848e+06 1.03775e+07 1.25253e+07 1.37024e+07 1.37024e+07 1.25253e+07 1.03775e+07 7.63848e+06 4.79713e+06 2.36477e+06 761332 108033 9639.37 684.885 43.6421 2.57553 0.129012
2.0902 45.2361 825.833 14086 229810 3.2976e+06 3.06873e+07 9.98682e+07 2.04353e+08 3.26002e+08 4.43128e+08 5.34937e+08 5.85245e+08 5.85245e+08 5.34937e+08 4.43128e+08 3.26002e+08 2.04353e+08 9.98682e+07 3.06873e+07 3.2976e+06 229810 14086 825.833 45.2361 2.0902
30.3503 735.132 14746 265411 4.677e+06 8.76048e+07 1.23663e+09 4.21586e+09 8.68757e+09 1.38786e+10 1.88724e+10 2.27857e+10 2.49297e+10 2.49297e+10 2.27857e+10 1.88724e+10 1.38786e+10 8.68757e+09 4.21586e+09 1.23663e+09 8.76048e+07 4.677e+06 265411 14746 735.132 30.3503
372.133 10595.8 250400 4.98297e+06 8.36446e+07 1.76244e+09 5.00693e+10 1.78115e+11 3.68905e+11 5.89906e+11 8.02411e+11 9.68905e+11 1.06011e+12 1.06011e+12 9.68905e+11 8.02411e+11 5.89906e+11 3.68905e+11 1.78115e+11 5.00693e+10 1.76244e+09 8.36446e+07 4.98297e+06 250400 10595.8 372.133
3434.94 119863 3.6585e+06 9.71926e+07 1.95511e+09 2.89108e+10 2.47929e+12 9.02741e+12 1.86983e+13 2.98763e+13 4.06169e+13 4.90293e+13 5.36369e+13 5.36369e+13 4.90293e+13 4.06169e+13 2.98763e+13 1.86983e+13 9.02741e+12 2.47929e+12 2.89108e+10 1.95511e+09 9.71926e+07 3.6585e+06 119863 3434.94
19957.4 844499 3.40361e+07 1.37145e+09 5.55227e+10 2.68408e+12 2.3635e+14 8.27496e+14 1.68591e+15 2.67056e+15 3.61338e+15 4.35089e+15 4.75475e+15 4.75475e+15 4.35089e+15 3.61338e+15 2.67056e+15 1.68591e+15 8.27496e+14 2.3635e+14 2.68408e+12 5.55227e+10 1.37145e+09 3.40361e+07 844499 19957.4
59335.3 2.62127e+06 1.10685e+08 4.67186e+09 1.97354e+11 9.787e+12 8.31458e+14 2.90295e+15 5.90715e+15 9.35081e+15 1.26471e+16 1.52251e+16 1.66367e+16 1.66367e+16 1.52251e+16 1.26471e+16 9.35081e+15 5.90715e+15 2.90295e+15 8.31458e+14 9.787e+12 1.97354e+11 4.67186e+09 1.10685e+08 2.62127e+06 59335.3
119153 5.3136e+06 2.26319e+08 9.61997e+09 4.08439e+11 2.02711e+13 1.69666e+15 5.91662e+15 1.20328e+16 1.90409e+16 2.57474e+16 3.09919e+16 3.38634e+16 3.38634e+16 3.09919e+16 2.57474e+16 1.90409e+16 1.20328e+16 5.91662e+15 1.69666e+15 2.02711e+13 4.08439e+11 9.61997e+09 2.26319e+08 5.3136e+06 119153
189168 8.45455e+06 3.60768e+08 1.53561e+10 6.52598e+11 3.23753e+13 2.68915e+15 9.37146e+15 1.90525e+16 3.01422e+16 4.07524e+16 4.90488e+16 5.35909e+16 5.35909e+16 4.90488e+16 4.07524e+16 3.01422e+16 1.90525e+16 9.37146e+15 2.68915e+15 3.23753e+13 6.52598e+11 1.53561e+10 3.60768e+08 8.45455e+06 189168
256667 1.14782e+07 4.90035e+08 2.08661e+10 8.87013e+11 4.39901e+13 3.63901e+15 1.26769e+16 2.57671e+16 4.0759e+16 5.51006e+16 6.63132e+16 7.24517e+16 7.24517e+16 6.63132e+16 5.51006e+16 4.0759e+16 2.57671e+16 1.26769e+16 3.63901e+15 4.39901e+13 8.87013e+11 2.08661e+10 4.90035e+08 1.14782e+07 256667
309563 1.38464e+07 5.91234e+08 2.51784e+10 1.07043e+12 5.30753e+13 4.38152e+15 1.52605e+16 3.10148e+16 4.90554e+16 6.63116e+16 7.9802e+16 8.71871e+16 8.71871e+16 7.9802e+16 6.63115e+16 4.90554e+16 3.10148e+16 1.52605e+16 4.38152e+15 5.30753e+13 1.07043e+12 2.51784e+10 5.91234e+08 1.38464e+07 309563
338535 1.51432e+07 6.46639e+08 2.75389e+10 1.17081e+12 5.80469e+13 4.78789e+15 1.66744e+16 3.38866e+16 5.35953e+16 7.24461e+16 8.71825e+16 9.52496e+16 9.52496e+16 8.71825e+16 7.24461e+16 5.35953e+16 3.38866e+16 1.66744e+16 4.78789e+15 5.80469e+13 1.17081e+12 2.75389e+10 6.46639e+08 1.51432e+07 338535
338535 1.51432e+07 6.46639e+08 2.75389e+10 1.17081e+12 5.80469e+13 4.78789e+15 1.66744e+16 3.38866e+16 5.35953e+16 7.24461e+16 8.71825e+16 9.52496e+16 9.52496e+16 8.71825e+16 7.24461e+16 5.35953e+16 3.38866e+16 1.66744e+16 4.78789e+15 5.80469e+13 1.17081e+12 2.75389e+10 6.46639e+08 1.51432e+07 338535
309563 1.38464e+07 5.91234e+08 2.51784e+10 1.07043e+12 5.30753e+13 4.38152e+15 1.52605e+16 3.10148e+16 4.90554e+16 6.63115e+16 7.9802e+16 8.71871e+16 8.71871e+16 7.9802e+16 6.63116e+16 4.90554e+16 3.10148e+16 1.52605e+16 4.38152e+15 5.30753e+13 1.07043e+12 2.51784e+10 5.91234e+08 1.38464e+07 309563
256667 1.14782e+07 4.90035e+08 2.08661e+10 8.87013e+11 4.39901e+13 3.63901e+15 1.26769e+16 2.57671e+16 4.0759e+16 5.51006e+16 6.63132e+16 7.24517e+16 7.24517e+16 6.63132e+16 5.51006e+16 4.0759e+16 2.57671e+16 1.26769e+16 3.63901e+15 4.39901e+13 8.87013e+11 2.08661e+10 4.90035e+08 1.14782e+07 256667
189168 8.45455e+06 3.60768e+08 1.53561e+10 6.52598e+11 3.23753e+13 2.68915e+15 9.37146e+15 1.90525e+16 3.01422e+16 4.07524e+16 4.90488e+16 5.35909e+16 5.35909e+16 4.90488e+16 4.07524e+16 3.01422e+16 1.90525e+16 9.37146e+15 2.68915e+15 3.23753e+13 6.52598e+11 1.53561e+10 3.60768e+08 8.45455e+06 189168
119153 5.3136e+06 2.26319e+08 9.61997e+09 4.08439e+11 2.02711e+13 1.69666e+15 5.91662e+15 1.20328e+16 1.90409e+16 2.57474e+16 3.09919e+16 3.38634e+16 3.38634e+16 3.09919e+16 2.57474e+16 1.90409e+16 1.20328e+16 5.91662e+15 1.69666e+15 2.02711e+13 4.08439e+11 9.61997e+09 2.26319e+08 5.3136e+06 119153
59335.3 2.62127e+06 1.10685e+08 4.67186e+09 1.97354e+11 9.787e+12 8.31458e+14 2.90295e+15 5.90715e+15 9.35081e+15 1.26471e+16 1.52251e+16 1.66367e+16 1.66367e+16 1.52251e+16 1.26471e+16 9.35081e+15 5.90715e+15 2.90295e+15 8.31458e+14 9.787e+12 1.97354e+11 4.67186e+09 1.10685e+08 2.62127e+06 59335.3
19957.4 844499 3.40361e+07 1.37145e+09 5.55227e+10 2.68408e+12 2.3635e+14 8.27496e+14 1.68591e+15 2.67056e+15 3.61338e+15 4.35089e+15 4.75475e+15 4.75475e+15 4.35089e+15 3.61338e+15 2.67056e+15 1.68591e+15 8.27496e+14 2.3635e+14 2.68408e+12 5.55227e+10 1.37145e+09 3.40361e+07 844499 19957.4
3434.94 119863 3.6585e+06 9.71926e+07 1.95511e+09 2.89108e+10 2.47929e+12 9.02741e+12 1.86983e+13 2.98763e+13 4.06169e+13 4.90293e+13 5.36369e+13 5.36369e+13 4.90293e+13 4.06169e+13 2.98763e+13 1.86983e+13 9.02741e+12 2.47929e+12 2.89108e+10 1.95511e+09 9.71926e+07 3.6585e+06 119863 3434.94
372.133 10595.8 250400 4.98297e+06 8.36446e+07 1.76244e+09 5.00693e+10 1.78115e+11 3.68905e+11 5.89906e+11 8.02411e+11 9.68905e+11 1.06011e+12 1.06011e+12 9.68905e+11 8.02411e+11 5.89906e+11 3.68905e+11 1.78115e+11 5.00693e+10 1.76244e+09 8.36446e+07 4.98297e+06 250400 10595.8 372.133
30.3503 735.132 14746 265411 4.677e+06 8.76048e+07 1.23663e+09 4.21586e+09 8.68757e+09 1.38786e+10 1.88724e+10 2.27857e+10 2.49297e+10 2.49297e+10 2.27857e+10 1.88724e+10 1.38786e+10 8.68757e+09 4.21586e+09 1.23663e+09 8.76048e+07 4.677e+06 265411 14746 735.132 30.3503
2.0902 45.2361 825.833 14086 229810 3.2976e+06 3.06873e+07 9.98682e+07 2.04353e+08 3.26002e+08 4.43128e+08 5.34937e+08 5.85245e+08 5.85245e+08 5.34937e+08 4.43128e+08 3.26002e+08 2.04353e+08 9.98682e+07 3.06873e+07 3.2976e+06 229810 14086 825.833 45.2361 2.0902
0.129012 2.57553 43.6421 684.885 9639.37 108033 761332 2.36477e+06 4.79713e+06 7.63848e+06 1.03775e+07 1.25253e+07 1.37024e+07 1.37024e+07 1.25253e+07 1.03775e+07 7.63848e+06 4.79713e+06 2.36477e+06 761332 108033 9639.37 684.885 43.6422 2.57553 0.129012
0.00670504 0.125458 1.97138 27.9164 337.206 3095.65 17990.1 53521.8 107555 170880 232009 279970 306259 306259 279970 232009 170880 107555 53521.8 17990.1 3095.65 337.206 27.9164 1.97138 0.125458 0.00670504
