18.2379 337.08 5201.09 72027.3 850224 7.64364e+06 4.35607e+07 1.26408e+08 2.46149e+08 3.77791e+08 4.96531e+08 5.84229e+08 6.30332e+08 6.30332e+08 5.84229e+08 4.96531e+08 3.77791e+08 2.46149e+08 1.26408e+08 4.35607e+07 7.64364e+06 850224 72027.3 5201.09 337.08 18.238
350.055 6929.6 115696 1.776e+06 2.43521e+07 2.6641e+08 1.83942e+09 5.56857e+09 1.0931e+10 1.67865e+10 2.20416e+10 2.59086e+10 2.79365e+10 2.79365e+10 2.59086e+10 2.20416e+10 1.67865e+10 1.0931e+10 5.56857e+09 1.83942e+09 2.6641e+08 2.43521e+07 1.776e+06 115696 6929.6 350.055
5631.03 121456 2.2001e+06 3.68779e+07 5.84667e+08 8.14051e+09 7.40765e+10 2.34753e+11 4.64109e+11 7.12776e+11 9.34807e+11 1.09756e+12 1.1827e+12 1.1827e+12 1.09756e+12 9.34807e+11 7.12776e+11 4.64109e+11 2.34753e+11 7.40765e+10 8.14051e+09 5.84667e+08 3.68779e+07 2.2001e+06 121456 5631.03
80719.9 1.95577e+06 3.92465e+07 7.0274e+08 1.20919e+10 2.17463e+11 2.98724e+12 9.90698e+12 1.96926e+13 3.02294e+13 3.95919e+13 4.64288e+13 4.99959e+13 4.99959e+13 4.64288e+13 3.95919e+13 3.02294e+13 1.96926e+13 9.90698e+12 2.98724e+12 2.17463e+11 1.20919e+10 7.0274e+08 3.92465e+07 1.95577e+06 80719.9
972572 2.77149e+07 6.57627e+08 1.31896e+10 2.2197e+11 4.45061e+12 1.2121e+14 4.18984e+14 8.35632e+14 1.2815e+15 1.67588e+15 1.96277e+15 2.11206e+15 2.11206e+15 1.96277e+15 1.67588e+15 1.2815e+15 8.35632e+14 4.18984e+14 1.2121e+14 4.45061e+12 2.2197e+11 1.31896e+10 6.57627e+08 2.77149e+07 972572
8.79991e+06 3.06841e+08 9.38422e+09 2.51118e+11 5.15625e+12 7.83459e+13 6.05901e+15 2.1435e+16 4.27666e+16 6.55692e+16 8.57581e+16 1.00468e+17 1.08132e+17 1.08132e+17 1.00468e+17 8.57581e+16 6.55692e+16 4.27666e+16 2.1435e+16 6.05901e+15 7.83459e+13 5.15625e+12 2.51118e+11 9.38422e+09 3.06841e+08 8.79991e+06
5.00355e+07 2.11234e+09 8.50476e+10 3.42885e+12 1.39091e+14 6.69905e+15 5.75321e+17 1.97834e+18 3.93459e+18 6.06976e+18 8.01326e+18 9.46889e+18 1.0243e+19 1.0243e+19 9.46889e+18 8.01326e+18 6.06976e+18 3.93459e+18 1.97834e+18 5.75321e+17 6.69905e+15 1.39091e+14 3.42885e+12 8.50476e+10 2.11234e+09 5.00355e+07
1.44969e+08 6.38398e+09 2.69029e+11 1.13494e+13 4.79811e+14 2.37195e+16 1.98685e+18 6.81644e+18 1.35392e+19 2.08671e+19 2.75299e+19 3.25162e+19 3.51667e+19 3.51667e+19 3.25162e+19 2.75299e+19 2.08671e+19 1.35392e+19 6.81644e+18 1.98685e+18 2.37195e+16 4.79811e+14 1.13494e+13 2.69029e+11 6.38398e+09 1.44969e+08
2.81992e+08 1.25178e+10 5.31274e+11 2.25337e+13 9.55821e+14 4.72831e+16 3.95105e+18 1.3538e+19 2.68469e+19 4.13064e+19 5.44099e+19 6.41881e+19 6.93756e+19 6.93756e+19 6.41881e+19 5.44099e+19 4.13064e+19 2.68469e+19 1.3538e+19 3.95105e+18 4.72831e+16 9.55821e+14 2.25337e+13 5.31274e+11 1.25178e+10 2.81992e+08
4.32437e+08 1.92068e+10 8.15201e+11 3.45589e+13 1.46444e+15 7.23965e+16 6.08587e+18 2.08341e+19 4.12453e+19 6.33342e+19 8.32699e+19 9.80932e+19 1.05938e+20 1.05938e+20 9.80932e+19 8.32699e+19 6.33342e+19 4.12453e+19 2.08341e+19 6.08587e+18 7.23965e+16 1.46444e+15 3.45589e+13 8.15201e+11 1.92068e+10 4.32437e+08
5.67972e+08 2.52022e+10 1.06838e+12 4.52292e+13 1.91366e+15 9.45566e+16 8.01921e+18 2.74351e+19 5.42288e+19 8.31161e+19 1.09084e+20 1.28325e+20 1.38483e+20 1.38483e+20 1.28325e+20 1.09084e+20 8.31161e+19 5.42288e+19 2.74351e+19 8.01921e+18 9.45566e+16 1.91366e+15 4.52292e+13 1.06838e+12 2.52022e+10 5.67972e+08
6.67974e+08 2.96093e+10 1.25376e+12 5.30122e+13 2.24007e+15 1.10652e+17 9.46038e+18 3.23521e+19 6.38726e+19 9.77566e+19 1.28122e+20 1.50559e+20 1.62382e+20 1.62382e+20 1.50559e+20 1.28122e+20 9.77566e+19 6.38726e+19 3.23521e+19 9.46038e+18 1.10652e+17 2.24007e+15 5.30122e+13 1.25376e+12 2.96093e+10 6.67974e+08
7.20509e+08 3.19189e+10 1.35067e+12 5.70699e+13 2.40979e+15 1.1902e+17 1.02242e+19 3.49571e+19 6.89719e+19 1.05479e+20 1.38139e+20 1.62235e+20 1.74919e+20 1.74919e+20 1.62235e+20 1.38139e+20 1.05479e+20 6.89719e+19 3.49571e+19 1.02242e+19 1.1902e+17 2.40979e+15 5.70699e+13 1.35067e+12 3.19189e+10 7.20509e+08
7.20509e+08 3.19189e+10 1.35067e+12 5.70699e+13 2.40979e+15 1.1902e+17 1.02242e+19 3.49571e+19 6.89719e+19 1.05479e+20 1.38139e+20 1.62235e+20 1.74919e+20 1.74919e+20 1.62235e+20 1.38139e+20 1.05479e+20 6.89719e+19 3.49571e+19 1.02242e+19 1.1902e+17 2.40979e+15 5.70699e+13 1.35067e+12 3.19189e+10 7.20509e+08
6.67974e+08 2.96093e+10 1.25376e+12 5.30122e+13 2.24007e+15 1.10652e+17 9.46038e+18 3.23521e+19 6.38726e+19 9.77566e+19 1.28122e+20 1.50559e+20 1.62382e+20 1.62382e+20 1.50559e+20 1.28122e+20 9.77566e+19 6.38726e+19 3.23521e+19 9.46038e+18 1.10652e+17 2.24007e+15 5.30122e+13 1.25376e+12 2.96093e+10 6.67974e+08
5.67972e+08 2.52022e+10 1.06838e+12 4.52292e+13 1.91366e+15 9.45566e+16 8.01921e+18 2.74351e+19 5.42288e+19 8.31161e+19 1.09084e+20 1.28325e+20 1.38483e+20 1.38483e+20 1.28325e+20 1.09084e+20 8.31161e+19 5.42288e+19 2.74351e+19 8.01921e+18 9.45566e+16 1.91366e+15 4.52292e+13 1.06838e+12 2.52022e+10 5.67972e+08
4.32437e+08 1.92068e+10 8.15201e+11 3.45589e+13 1.46444e+15 7.23965e+16 6.08587e+18 2.08341e+19 4.12453e+19 6.33342e+19 8.32699e+19 9.80932e+19 1.05938e+20 1.05938e+20 9.80932e+19 8.32699e+19 6.33342e+19 4.12453e+19 2.08341e+19 6.08587e+18 7.23965e+16 1.46444e+15 3.45589e+13 8.15201e+11 1.92068e+10 4.32437e+08
2.81992e+08 1.25178e+10 5.31274e+11 2.25337e+13 9.55821e+14 4.72831e+16 3.95105e+18 1.3538e+19 2.68469e+19 4.13064e+19 5.44099e+19 6.41881e+19 6.93756e+19 6.93756e+19 6.41881e+19 5.44099e+19 4.13064e+19 2.68469e+19 1.3538e+19 3.95105e+18 4.72831e+16 9.55821e+14 2.25337e+13 5.31274e+11 1.25178e+10 2.81992e+08
1.44969e+08 6.38398e+09 2.69029e+11 1.13494e+13 4.79811e+14 2.37195e+16 1.98685e+18 6.81644e+18 1.35392e+19 2.08671e+19 2.75299e+19 3.25162e+19 3.51667e+19 3.51667e+19 3.25162e+19 2.75299e+19 2.08671e+19 1.35392e+19 6.81644e+18 1.98685e+18 2.37195e+16 4.79811e+14 1.13494e+13 2.69029e+11 6.38398e+09 1.44969e+08
5.00355e+07 2.11234e+09 8.50476e+10 3.42885e+12 1.39091e+14 6.69905e+15 5.75321e+17 1.97834e+18 3.93459e+18 6.06976e+18 8.01326e+18 9.46889e+18 1.0243e+19 1.0243e+19 9.46889e+18 8.01326e+18 6.06976e+18 3.93459e+18 1.97834e+18 5.75321e+17 6.69905e+15 1.39091e+14 3.42885e+12 8.50476e+10 2.11234e+09 5.00355e+07
8.79991e+06 3.06841e+08 9.38422e+09 2.51118e+11 5.15625e+12 7.83459e+13 6.05901e+15 2.1435e+16 4.27666e+16 6.55692e+16 8.57581e+16 1.00468e+17 1.08132e+17 1.08132e+17 1.00468e+17 8.57581e+16 6.55692e+16 4.27666e+16 2.1435e+16 6.05901e+15 7.83459e+13 5.15625e+12 2.51118e+11 9.38422e+09 3.06841e+08 8.79991e+06
972572 2.77149e+07 6.57627e+08 1.31896e+10 2.2197e+11 4.45061e+12 1.2121e+14 4.18984e+14 8.35632e+14 1.2815e+15 1.67588e+15 1.96277e+15 2.11206e+15 2.11206e+15 1.96277e+15 1.67588e+15 1.2815e+15 8.35632e+14 4.18984e+14 1.2121e+14 4.45061e+12 2.2197e+11 1.31896e+10 6.57627e+08 2.77149e+07 972572
80719.9 1.95577e+06 3.92465e+07 7.0274e+08 1.20919e+10 2.17463e+11 2.98724e+12 9.90698e+12 1.96926e+13 3.02294e+13 3.95919e+13 4.64288e+13 4.99959e+13 4.99959e+13 4.64288e+13 3.95919e+13 3.02294e+13 1.96926e+13 9.90698e+12 2.98724e+12 2.17463e+11 1.20919e+10 7.0274e+08 3.92465e+07 1.95577e+06 80719.9
5631.03 121456 2.2001e+06 3.68779e+07 5.84667e+08 8.14051e+09 7.40765e+10 2.34753e+11 4.64109e+11 7.12776e+11 9.34806e+11 1.09756e+12 1.1827e+12 1.1827e+12 1.09756e+12 9.34807e+11 7.12776e+11 4.64109e+11 2.34753e+11 7.40765e+10 8.14051e+09 5.84667e+08 3.68779e+07 2.2001e+06 121456 5631.03
350.055 6929.6 115696 1.776e+06 2.43521e+07 2.6641e+08 1.83942e+09 5.56857e+09 1.0931e+10 1.67865e+10 2.20416e+10 2.59086e+10 2.79365e+10 2.79365e+10 2.59086e+10 2.20416e+10 1.67865e+10 1.0931e+10 5.56857e+09 1.83942e+09 2.6641e+08 2.43521e+07 1.776e+06 115696 6929.6 350.055
18.238 337.08 5201.09 72027.3 850224 7.64364e+06 4.35607e+07 1.26408e+08 2.46149e+08 3.77791e+08 4.96531e+08 5.84229e+08 6.30332e+08 6.30332e+08 5.84229e+08 4.96531e+08 3.77791e+08 2.46149e+08 1.26408e+08 4.35607e+07 7.64364e+06 850224 72027.3 5201.09 337.08 18.238
