0.0227312 0.431912 6.94181 100.951 1250.77 11714.8 69025.1 207455 421110 675538 924809 1.12269e+06 1.23197e+06 1.23197e+06 1.12269e+06 924809 675538 421110 207455 69025.1 11714.8 1250.77 100.951 6.94181 0.431912 0.0227312
0.436813 8.81643 152.329 2459.08 35704.2 410459 2.93975e+06 9.23043e+06 1.89265e+07 3.04482e+07 4.17302e+07 5.06867e+07 5.56338e+07 5.56338e+07 5.06867e+07 4.17302e+07 3.04482e+07 1.89265e+07 9.23043e+06 2.93975e+06 410459 35704.2 2459.08 152.329 8.81643 0.436813
7.10855 154.535 2851.78 49828.1 843660 1.25356e+07 1.19032e+08 3.91823e+08 8.10914e+08 1.3078e+09 1.79417e+09 2.18036e+09 2.3937e+09 2.3937e+09 2.18036e+09 1.79417e+09 1.3078e+09 8.10914e+08 3.91823e+08 1.19032e+08 1.25356e+07 843660 49828.1 2851.78 154.535 7.10855
104.489 2530.33 50734.7 920697 1.67876e+07 3.31264e+08 4.81029e+09 1.65969e+10 3.46128e+10 5.5932e+10 7.67987e+10 9.33711e+10 1.02528e+11 1.02528e+11 9.33711e+10 7.67987e+10 5.5932e+10 3.46128e+10 1.65969e+10 4.81029e+09 3.31264e+08 1.67876e+07 920697 50734.7 2530.33 104.489
1304.53 37134.9 873052 1.71944e+07 2.88122e+08 6.52546e+09 1.95024e+11 7.02554e+11 1.47352e+12 2.38475e+12 3.27685e+12 3.98558e+12 4.37722e+12 4.37722e+12 3.98558e+12 3.27685e+12 2.38475e+12 1.47352e+12 7.02554e+11 1.95024e+11 6.52546e+09 2.88122e+08 1.71944e+07 873052 37134.9 1304.53
12279.7 429799 1.31029e+07 3.45127e+08 6.74841e+09 9.62203e+10 9.5806e+12 3.53588e+13 7.41972e+13 1.20017e+14 1.64849e+14 2.00454e+14 2.20125e+14 2.20125e+14 2.00454e+14 1.64849e+14 1.20017e+14 7.41972e+13 3.53588e+13 9.5806e+12 9.62203e+10 6.74841e+09 3.45127e+08 1.31029e+07 429799 12279.7
72585.8 3.09143e+06 1.25175e+08 5.05872e+09 2.05111e+11 1.00196e+13 9.13963e+14 3.22859e+15 6.63976e+15 1.0613e+16 1.44699e+16 1.75188e+16 1.91995e+16 1.91995e+16 1.75188e+16 1.44699e+16 1.0613e+16 6.63976e+15 3.22859e+15 9.13963e+14 1.00196e+13 2.05111e+11 5.05872e+09 1.25175e+08 3.09143e+06 72585.8
218324 9.71526e+06 4.12459e+08 1.74735e+10 7.39768e+11 3.70352e+13 3.23916e+15 1.14043e+16 2.34167e+16 3.7394e+16 5.09533e+16 6.16687e+16 6.75743e+16 6.75743e+16 6.16687e+16 5.09533e+16 3.7394e+16 2.34167e+16 1.14043e+16 3.23916e+15 3.70352e+13 7.39768e+11 1.74735e+10 4.12459e+08 9.71526e+06 218324
443112 1.99182e+07 8.53527e+08 3.64372e+10 1.55142e+12 7.77201e+13 6.66898e+15 2.34436e+16 4.8101e+16 7.67762e+16 1.04585e+17 1.26557e+17 1.38666e+17 1.38666e+17 1.26557e+17 1.04585e+17 7.67762e+16 4.8101e+16 2.34436e+16 6.66898e+15 7.772e+13 1.55142e+12 3.64372e+10 8.53527e+08 1.99182e+07 443112
710452 3.2026e+07 1.37576e+09 5.88469e+10 2.50939e+12 1.25657e+14 1.06636e+16 3.74516e+16 7.68072e+16 1.22559e+17 1.66918e+17 2.01962e+17 2.21274e+17 2.21274e+17 2.01962e+17 1.66918e+17 1.22559e+17 7.68072e+16 3.74516e+16 1.06636e+16 1.25657e+14 2.50939e+12 5.88469e+10 1.37576e+09 3.2026e+07 710452
971953 4.38623e+07 1.88607e+09 8.07422e+10 3.44555e+12 1.72478e+14 1.45388e+16 5.1033e+16 1.04631e+17 1.66924e+17 2.27311e+17 2.75013e+17 3.01298e+17 3.01298e+17 2.75013e+17 2.27311e+17 1.66924e+17 1.04631e+17 5.1033e+16 1.45388e+16 1.72478e+14 3.44555e+12 8.07422e+10 1.88607e+09 4.38623e+07 971953
1.17922e+06 5.32441e+07 2.29059e+09 9.81018e+10 4.18795e+12 2.09599e+14 1.75997e+16 6.17578e+16 1.26599e+17 2.01949e+17 2.74984e+17 3.32674e+17 3.64461e+17 3.64461e+17 3.32674e+17 2.74984e+17 2.01949e+17 1.26599e+17 6.17578e+16 1.75997e+16 2.09599e+14 4.18795e+12 9.81018e+10 2.29059e+09 5.32441e+07 1.17922e+06
1.29356e+06 5.842e+07 2.5138e+09 1.07681e+11 4.59766e+12 2.30081e+14 1.92858e+16 6.7665e+16 1.38698e+17 2.21237e+17 3.01238e+17 3.64427e+17 3.99243e+17 3.99243e+17 3.64427e+17 3.01238e+17 2.21237e+17 1.38698e+17 6.7665e+16 1.92858e+16 2.30081e+14 4.59766e+12 1.07681e+11 2.5138e+09 5.842e+07 1.29356e+06
1.29356e+06 5.842e+07 2.5138e+09 1.07681e+11 4.59766e+12 2.30081e+14 1.92858e+16 6.7665e+16 1.38698e+17 2.21237e+17 3.01238e+17 3.64427e+17 3.99243e+17 3.99243e+17 3.64427e+17 3.01238e+17 2.21237e+17 1.38698e+17 6.7665e+16 1.92858e+16 2.30081e+14 4.59766e+12 1.07681e+11 2.5138e+09 5.842e+07 1.29356e+06
1.17922e+06 5.32441e+07 2.29059e+09 9.81018e+10 4.18795e+12 2.09599e+14 1.75997e+16 6.17578e+16 1.26599e+17 2.01949e+17 2.74984e+17 3.32674e+17 3.64461e+17 3.64461e+17 3.32674e+17 2.74984e+17 2.01949e+17 1.26599e+17 6.17578e+16 1.75997e+16 2.09599e+14 4.18795e+12 9.81018e+10 2.29059e+09 5.32441e+07 1.17922e+06
971953 4.38623e+07 1.88607e+09 8.07422e+10 3.44555e+12 1.72478e+14 1.45388e+16 5.1033e+16 1.04631e+17 1.66924e+17 2.27311e+17 2.75013e+17 3.01298e+17 3.01298e+17 2.75013e+17 2.27311e+17 1.66924e+17 1.04631e+17 5.1033e+16 1.45388e+16 1.72478e+14 3.44555e+12 8.07422e+10 1.88607e+09 4.38623e+07 971953
710452 3.2026e+07 1.37576e+09 5.88469e+10 2.50939e+12 1.25657e+14 1.06636e+16 3.74516e+16 7.68072e+16 1.22559e+17 1.66918e+17 2.01962e+17 2.21274e+17 2.21274e+17 2.01962e+17 1.66918e+17 1.22559e+17 7.68072e+16 3.74516e+16 1.06636e+16 1.25657e+14 2.50939e+12 5.88469e+10 1.37576e+09 3.2026e+07 710452
443112 1.99182e+07 8.53527e+08 3.64372e+10 1.55142e+12 7.772e+13 6.66898e+15 2.34436e+16 4.8101e+16 7.67762e+16 1.04585e+17 1.26557e+17 1.38666e+17 1.38666e+17 1.26557e+17 1.04585e+17 7.67762e+16 4.8101e+16 2.34436e+16 6.66898e+15 7.772e+13 1.55142e+12 3.64372e+10 8.53527e+08 1.99182e+07 443112
218324 9.71526e+06 4.12459e+08 1.74735e+10 7.39768e+11 3.70352e+13 3.23916e+15 1.14043e+16 2.34167e+16 3.7394e+16 5.09533e+16 6.16687e+16 6.75743e+16 6.75743e+16 6.16687e+16 5.09533e+16 3.7394e+16 2.34167e+16 1.14043e+16 3.23916e+15 3.70352e+13 7.39768e+11 1.74735e+10 4.12459e+08 9.71526e+06 218324
72585.8 3.09143e+06 1.25175e+08 5.05872e+09 2.05111e+11 1.00196e+13 9.13963e+14 3.22859e+15 6.63976e+15 1.0613e+16 1.44699e+16 1.75188e+16 1.91995e+16 1.91995e+16 1.75188e+16 1.44699e+16 1.0613e+16 6.63976e+15 3.22859e+15 9.13963e+14 1.00196e+13 2.05111e+11 5.05872e+09 1.25175e+08 3.09143e+06 72585.8
12279.7 429799 1.31029e+07 3.45127e+08 6.74841e+09 9.62203e+10 9.5806e+12 3.53588e+13 7.41972e+13 1.20017e+14 1.64849e+14 2.00454e+14 2.20125e+14 2.20125e+14 2.00454e+14 1.64849e+14 1.20017e+14 7.41972e+13 3.53588e+13 9.5806e+12 9.62203e+10 6.74841e+09 3.45127e+08 1.31029e+07 429799 12279.7
1304.53 37134.9 873052 1.71944e+07 2.88122e+08 6.52546e+09 1.95024e+11 7.02554e+11 1.47352e+12 2.38475e+12 3.27685e+12 3.98558e+12 4.37722e+12 4.37722e+12 3.98558e+12 3.27685e+12 2.38475e+12 1.47352e+12 7.02554e+11 1.95024e+11 6.52546e+09 2.88122e+08 1.71944e+07 873052 37134.9 1304.53
104.489 2530.33 50734.7 920697 1.67876e+07 3.31264e+08 4.81029e+09 1.65969e+10 3.46128e+10 5.5932e+10 7.67987e+10 9.33711e+10 1.02528e+11 1.02528e+11 9.33711e+10 7.67987e+10 5.5932e+10 3.46128e+10 1.65969e+10 4.81029e+09 3.31264e+08 1.67876e+07 920697 50734.7 2530.33 104.489
7.10855 154.535 2851.78 49828.1 843660 1.25356e+07 1.19032e+08 3.91823e+08 8.10914e+08 1.3078e+09 1.79417e+09 2.18036e+09 2.3937e+09 2.3937e+09 2.18036e+09 1.79417e+09 1.3078e+09 8.10914e+08 3.91823e+08 1.19032e+08 1.25356e+07 843660 49828.1 2851.78 154.535 7.10855
0.436813 8.81643 152.329 2459.08 35704.2 410459 2.93975e+06 9.23043e+06 1.89265e+07 3.04482e+07 4.17302e+07 5.06867e+07 5.56338e+07 5.56338e+07 5.06867e+07 4.17302e+07 3.04482e+07 1.89265e+07 9.23043e+06 2.93975e+06 410459 35704.2 2459.08 152.329 8.81643 0.436813
0.0227312 0.431912 6.94181 100.951 1250.77 11714.8 69025.1 207455 421110 675538 924809 1.12269e+06 1.23197e+06 1.23197e+06 1.12269e+06 924809 675538 421110 207455 69025.1 11714.8 1250.77 100.951 6.94182 0.431912 0.0227312
