0.00538076 0.10136 1.61527 23.306 286.594 2664.15 15573.2 46368.1 93176.6 148075 201177 242943 265883 265883 242943 201177 148075 93176.6 46368.1 15573.2 2664.15 286.594 23.306 1.61527 0.10136 0.00538076
0.102478 2.04856 35.0724 561.651 8095.21 92399.7 656753 2.04195e+06 4.14221e+06 6.59784e+06 8.97039e+06 1.0836e+07 1.18608e+07 1.18608e+07 1.0836e+07 8.97039e+06 6.59784e+06 4.14221e+06 2.04195e+06 656753 92399.7 8095.21 561.651 35.0724 2.04856 0.102478
1.65299 35.5659 650.07 11267.4 189475 2.79751e+06 2.63828e+07 8.59571e+07 1.7588e+08 2.80685e+08 3.81854e+08 4.614e+08 5.05094e+08 5.05094e+08 4.614e+08 3.81854e+08 2.80685e+08 1.7588e+08 8.59571e+07 2.63828e+07 2.79751e+06 189475 11267.4 650.07 35.5659 1.65299
24.1014 577.476 11466.4 206405 3.73982e+06 7.3422e+07 1.06027e+09 3.61895e+09 7.45669e+09 1.19172e+10 1.62207e+10 1.96045e+10 2.14634e+10 2.14634e+10 1.96045e+10 1.62207e+10 1.19172e+10 7.45669e+09 3.61895e+09 1.06027e+09 7.3422e+07 3.73982e+06 206405 11466.4 577.476 24.1014
298.625 8411.53 195894 3.82755e+06 6.37276e+07 1.43835e+09 4.28451e+10 1.52585e+11 3.15962e+11 5.05475e+11 6.88292e+11 8.32063e+11 9.11053e+11 9.11053e+11 8.32063e+11 6.88292e+11 5.05475e+11 3.15962e+11 1.52585e+11 4.28451e+10 1.43835e+09 6.37276e+07 3.82755e+06 195894 8411.53 298.625
2790.1 96664.7 2.9213e+06 7.64119e+07 1.48537e+09 2.1075e+10 2.10199e+12 7.66596e+12 1.58767e+13 2.53816e+13 3.45451e+13 4.17498e+13 4.57076e+13 4.57076e+13 4.17498e+13 3.45451e+13 2.53816e+13 1.58767e+13 7.66596e+12 2.10199e+12 2.1075e+10 1.48537e+09 7.64119e+07 2.9213e+06 96664.7 2790.1
16362.9 690103 2.77247e+07 1.11432e+09 4.50365e+10 2.19834e+12 2.00279e+14 7.01227e+14 1.4276e+15 2.26076e+15 3.05952e+15 3.68543e+15 4.02868e+15 4.02868e+15 3.68543e+15 3.05952e+15 2.26076e+15 1.4276e+15 7.01227e+14 2.00279e+14 2.19834e+12 4.50365e+10 1.11432e+09 2.77247e+07 690103 16362.9
48750.8 2.14725e+06 9.04063e+07 3.80701e+09 1.60547e+11 8.02716e+12 7.03293e+14 2.45558e+15 4.99342e+15 7.90246e+15 1.06903e+16 1.28744e+16 1.4072e+16 1.4072e+16 1.28744e+16 1.06903e+16 7.90246e+15 4.99342e+15 2.45558e+15 7.03293e+14 8.02716e+12 1.60547e+11 3.80701e+09 9.04063e+07 2.14725e+06 48750.8
97931.8 4.35433e+06 1.84919e+08 7.84136e+09 3.32324e+11 1.66204e+13 1.43291e+15 4.99736e+15 1.01573e+16 1.60703e+16 2.17362e+16 2.61747e+16 2.86083e+16 2.86083e+16 2.61747e+16 2.17362e+16 1.60703e+16 1.01573e+16 4.99736e+15 1.43291e+15 1.66204e+13 3.32324e+11 7.84136e+09 1.84919e+08 4.35433e+06 97931.8
155518 6.93047e+06 2.94882e+08 1.25219e+10 5.31213e+11 2.65507e+13 2.26931e+15 7.90947e+15 1.6072e+16 2.54245e+16 3.43852e+16 4.14044e+16 4.52531e+16 4.52531e+16 4.14044e+16 3.43852e+16 2.54245e+16 1.6072e+16 7.90947e+15 2.26931e+15 2.65507e+13 5.31213e+11 1.25219e+10 2.94882e+08 6.93047e+06 155518
211114 9.4146e+06 4.00815e+08 1.70284e+10 7.22662e+11 3.61047e+13 3.07042e+15 1.06978e+16 2.17346e+16 3.43792e+16 4.64933e+16 5.59824e+16 6.11852e+16 6.11852e+16 5.59824e+16 4.64933e+16 3.43792e+16 2.17346e+16 1.06978e+16 3.07042e+15 3.61047e+13 7.22662e+11 1.70284e+10 4.00815e+08 9.4146e+06 211114
254765 1.13645e+07 4.83952e+08 2.0565e+10 8.72923e+11 4.36018e+13 3.69754e+15 1.28802e+16 2.61664e+16 4.13873e+16 5.59691e+16 6.7391e+16 7.36534e+16 7.36534e+16 6.7391e+16 5.59691e+16 4.13873e+16 2.61664e+16 1.28802e+16 3.69754e+15 4.36018e+13 8.72923e+11 2.0565e+10 4.83952e+08 1.13645e+07 254765
278711 1.24341e+07 5.29559e+08 2.25051e+10 9.55362e+11 4.77146e+13 4.0412e+15 1.4076e+16 2.85948e+16 4.52272e+16 6.11611e+16 7.36419e+16 8.04848e+16 8.04848e+16 7.36419e+16 6.11611e+16 4.52272e+16 2.85948e+16 1.4076e+16 4.0412e+15 4.77146e+13 9.55362e+11 2.25051e+10 5.29559e+08 1.24341e+07 278711
278711 1.24341e+07 5.29559e+08 2.25051e+10 9.55362e+11 4.77146e+13 4.0412e+15 1.4076e+16 2.85948e+16 4.52272e+16 6.11611e+16 7.36419e+16 8.04848e+16 8.04848e+16 7.36419e+16 6.11611e+16 4.52272e+16 2.85948e+16 1.4076e+16 4.0412e+15 4.77146e+13 9.55362e+11 2.25051e+10 5.29559e+08 1.24341e+07 278711
254765 1.13645e+07 4.83952e+08 2.0565e+10 8.72923e+11 4.36018e+13 3.69754e+15 1.28802e+16 2.61664e+16 4.13873e+16 5.59691e+16 6.7391e+16 7.36534e+16 7.36534e+16 6.7391e+16 5.59691e+16 4.13873e+16 2.61664e+16 1.28802e+16 3.69754e+15 4.36018e+13 8.72923e+11 2.0565e+10 4.83952e+08 1.13645e+07 254765
211114 9.4146e+06 4.00815e+08 1.70284e+10 7.22662e+11 3.61047e+13 3.07042e+15 1.06978e+16 2.17346e+16 3.43792e+16 4.64933e+16 5.59824e+16 6.11852e+16 6.11852e+16 5.59824e+16 4.64933e+16 3.43792e+16 2.17346e+16 1.06978e+16 3.07042e+15 3.61047e+13 7.22662e+11 1.70284e+10 4.00815e+08 9.4146e+06 211114
155518 6.93047e+06 2.94882e+08 1.25219e+10 5.31213e+11 2.65507e+13 2.26931e+15 7.90947e+15 1.6072e+16 2.54245e+16 3.43852e+16 4.14044e+16 4.52531e+16 4.52531e+16 4.14044e+16 3.43852e+16 2.54245e+16 1.6072e+16 7.90947e+15 2.26931e+15 2.65507e+13 5.31213e+11 1.25219e+10 2.94882e+08 6.93047e+06 155518
97931.8 4.35433e+06 1.84919e+08 7.84136e+09 3.32324e+11 1.66204e+13 1.43291e+15 4.99736e+15 1.01573e+16 1.60703e+16 2.17362e+16 2.61747e+16 2.86083e+16 2.86083e+16 2.61747e+16 2.17362e+16 1.60703e+16 1.01573e+16 4.99736e+15 1.43291e+15 1.66204e+13 3.32324e+11 7.84136e+09 1.84919e+08 4.35433e+06 97931.8
48750.8 2.14725e+06 9.04063e+07 3.80701e+09 1.60547e+11 8.02716e+12 7.03293e+14 2.45558e+15 4.99342e+15 7.90246e+15 1.06903e+16 1.28744e+16 1.4072e+16 1.4072e+16 1.28744e+16 1.06903e+16 7.90246e+15 4.99342e+15 2.45558e+15 7.03293e+14 8.02716e+12 1.60547e+11 3.80701e+09 9.04063e+07 2.14725e+06 48750.8
16362.9 690103 2.77247e+07 1.11432e+09 4.50365e+10 2.19834e+12 2.00279e+14 7.01227e+14 1.4276e+15 2.26076e+15 3.05952e+15 3.68543e+15 4.02868e+15 4.02868e+15 3.68543e+15 3.05952e+15 2.26076e+15 1.4276e+15 7.01227e+14 2.00279e+14 2.19834e+12 4.50365e+10 1.11432e+09 2.77247e+07 690103 16362.9
2790.1 96664.7 2.9213e+06 7.64119e+07 1.48537e+09 2.1075e+10 2.10199e+12 7.66596e+12 1.58767e+13 2.53816e+13 3.45451e+13 4.17498e+13 4.57076e+13 4.57076e+13 4.17498e+13 3.45451e+13 2.53816e+13 1.58767e+13 7.66596e+12 2.10199e+12 2.1075e+10 1.48537e+09 7.64119e+07 2.9213e+06 96664.7 2790.1
298.625 8411.53 195894 3.82755e+06 6.37276e+07 1.43835e+09 4.28451e+10 1.52585e+11 3.15962e+11 5.05475e+11 6.88292e+11 8.32063e+11 9.11053e+11 9.11053e+11 8.32063e+11 6.88292e+11 5.05475e+11 3.15962e+11 1.52585e+11 4.28451e+10 1.43835e+09 6.37276e+07 3.82755e+06 195894 8411.53 298.625
24.1014 577.476 11466.4 206405 3.73982e+06 7.3422e+07 1.06027e+09 3.61895e+09 7.45669e+09 1.19172e+10 1.62207e+10 1.96045e+10 2.14634e+10 2.14634e+10 1.96045e+10 1.62207e+10 1.19172e+10 7.45669e+09 3.61895e+09 1.06027e+09 7.3422e+07 3.73982e+06 206405 11466.4 577.476 24.1014
1.65299 35.5659 650.07 11267.4 189475 2.79751e+06 2.63828e+07 8.59571e+07 1.7588e+08 2.80685e+08 3.81854e+08 4.614e+08 5.05094e+08 5.05094e+08 4.614e+08 3.81854e+08 2.80685e+08 1.7588e+08 8.59571e+07 2.63828e+07 2.79751e+06 189475 11267.4 650.07 35.5659 1.65299
0.102478 2.04856 35.0724 561.651 8095.21 92399.7 656753 2.04195e+06 4.14221e+06 6.59784e+06 8.97039e+06 1.0836e+07 1.18608e+07 1.18608e+07 1.0836e+07 8.97039e+06 6.59784e+06 4.14221e+06 2.04195e+06 656753 92399.7 8095.21 561.651 35.0724 2.04856 0.102478
0.00538076 0.10136 1.61527 23.306 286.594 2664.15 15573.2 46368.1 93176.6 148075 201177 242943 265883 265883 242943 201177 148075 93176.6 46368.1 15573.2 2664.15 286.594 23.306 1.61527 0.10136 0.00538076
