0.00081174 0.0153658 0.246229 3.57325 44.1949 413.245 2431.59 7307.22 14848.8 23870.2 32762.2 39863.8 43803.2 43803.2 39863.8 32762.2 23870.2 14848.8 7307.22 2431.59 413.245 44.1949 3.57325 0.246229 0.0153658 0.000811739
0.015523 0.311789 5.36689 86.4435 1253.32 14389.4 102927 323096 663139 1.06905e+06 1.46901e+06 1.78855e+06 1.96587e+06 1.96587e+06 1.78855e+06 1.46901e+06 1.06905e+06 663139 323096 102927 14389.4 1253.32 86.4435 5.36689 0.311789 0.015523
0.251572 5.43689 99.8544 1739.97 29432.7 437102 4.14663e+06 1.36448e+07 2.82643e+07 4.56787e+07 6.28365e+07 7.65508e+07 8.41641e+07 8.41641e+07 7.65508e+07 6.28365e+07 4.56787e+07 2.82643e+07 1.36448e+07 4.14663e+06 437102 29432.7 1739.97 99.8544 5.43688 0.251572
3.68685 88.7044 1768.37 31963.3 582190 1.1499e+07 1.66946e+08 5.75744e+08 1.20168e+09 1.94598e+09 2.6795e+09 3.26616e+09 3.59198e+09 3.59198e+09 3.26616e+09 2.6795e+09 1.94598e+09 1.20168e+09 5.75744e+08 1.66946e+08 1.1499e+07 582190 31963.3 1768.37 88.7044 3.68685
45.9331 1299 30356.8 594729 9.92942e+06 2.2549e+08 6.75091e+09 2.43042e+10 5.10122e+10 8.27389e+10 1.14026e+11 1.39066e+11 1.52979e+11 1.52979e+11 1.39066e+11 1.14026e+11 8.27389e+10 5.10122e+10 2.43042e+10 6.75091e+09 2.2549e+08 9.92942e+06 594729 30356.8 1299 45.9331
431.702 15014.6 455204 1.19324e+07 2.32097e+08 3.2916e+09 3.30934e+11 1.22028e+12 2.5619e+12 4.15233e+12 5.71958e+12 6.97342e+12 7.66992e+12 7.66992e+12 6.97342e+12 5.71958e+12 4.15233e+12 2.5619e+12 1.22028e+12 3.30934e+11 3.2916e+09 2.32097e+08 1.19324e+07 455204 15014.6 431.702
2549.25 107906 4.34719e+06 1.75022e+08 7.07785e+09 3.45426e+11 3.15514e+13 1.11293e+14 2.28706e+14 3.6564e+14 4.98957e+14 6.04716e+14 6.63172e+14 6.63172e+14 6.04716e+14 4.98957e+14 3.6564e+14 2.28706e+14 1.11293e+14 3.15514e+13 3.45426e+11 7.07785e+09 1.75022e+08 4.34719e+06 107906 2549.25
7668.8 339121 1.43233e+07 6.04446e+08 2.5519e+10 1.27583e+12 1.11658e+14 3.92547e+14 8.05369e+14 1.28622e+15 1.75393e+15 2.12473e+15 2.32961e+15 2.32961e+15 2.12473e+15 1.75393e+15 1.28622e+15 8.05369e+14 3.92547e+14 1.11658e+14 1.27583e+12 2.5519e+10 6.04446e+08 1.43233e+07 339121 7668.8
15586 696150 2.96754e+07 1.26185e+09 5.35737e+10 2.6794e+12 2.29751e+14 8.06423e+14 1.65321e+15 2.63893e+15 3.5973e+15 4.35687e+15 4.77648e+15 4.77648e+15 4.35687e+15 3.5973e+15 2.63893e+15 1.65321e+15 8.06423e+14 2.29751e+14 2.6794e+12 5.35737e+10 1.26185e+09 2.96754e+07 696150 15586
25049.8 1.12203e+06 4.7949e+07 2.04298e+09 8.68761e+10 4.34225e+12 3.67544e+14 1.28875e+15 2.64068e+15 4.21378e+15 5.74278e+15 6.95437e+15 7.62361e+15 7.62361e+15 6.95437e+15 5.74278e+15 4.21378e+15 2.64068e+15 1.28875e+15 3.67544e+14 4.34225e+12 8.68761e+10 2.04298e+09 4.7949e+07 1.12203e+06 25049.8
34369 1.54126e+06 6.59354e+07 2.81203e+09 1.19683e+11 5.97928e+12 5.01703e+14 1.75794e+15 3.60086e+15 5.74466e+15 7.82793e+15 9.47849e+15 1.03901e+16 1.03901e+16 9.47849e+15 7.82793e+15 5.74466e+15 3.60086e+15 1.75794e+15 5.01703e+14 5.97928e+12 1.19683e+11 2.81203e+09 6.59354e+07 1.54126e+06 34369
41804.7 1.87586e+06 8.02979e+07 3.42648e+09 1.45912e+11 7.28763e+12 6.08111e+14 2.12986e+15 4.36177e+15 6.95761e+15 9.47981e+15 1.14779e+16 1.25815e+16 1.25815e+16 1.14779e+16 9.47981e+15 6.95761e+15 4.36177e+15 2.12986e+15 6.08111e+14 7.28763e+12 1.45912e+11 3.42648e+09 8.02979e+07 1.87586e+06 41804.7
45926.7 2.06141e+06 8.82652e+07 3.76747e+09 1.60474e+11 8.01388e+12 6.66913e+14 2.33532e+15 4.78206e+15 7.6275e+15 1.0392e+16 1.25821e+16 1.37916e+16 1.37916e+16 1.25821e+16 1.0392e+16 7.6275e+15 4.78205e+15 2.33532e+15 6.66913e+14 8.01388e+12 1.60474e+11 3.76747e+09 8.82652e+07 2.06141e+06 45926.7
45926.7 2.06141e+06 8.82652e+07 3.76747e+09 1.60474e+11 8.01388e+12 6.66913e+14 2.33532e+15 4.78205e+15 7.6275e+15 1.0392e+16 1.25821e+16 1.37916e+16 1.37916e+16 1.25821e+16 1.0392e+16 7.6275e+15 4.78206e+15 2.33532e+15 6.66913e+14 8.01388e+12 1.60474e+11 3.76747e+09 8.82652e+07 2.06141e+06 45926.7
41804.7 1.87586e+06 8.02979e+07 3.42648e+09 1.45912e+11 7.28763e+12 6.08111e+14 2.12986e+15 4.36177e+15 6.95761e+15 9.47981e+15 1.14779e+16 1.25815e+16 1.25815e+16 1.14779e+16 9.47981e+15 6.95761e+15 4.36177e+15 2.12986e+15 6.08111e+14 7.28763e+12 1.45912e+11 3.42648e+09 8.02979e+07 1.87586e+06 41804.7
34369 1.54125e+06 6.59354e+07 2.81203e+09 1.19683e+11 5.97928e+12 5.01703e+14 1.75794e+15 3.60086e+15 5.74466e+15 7.82793e+15 9.47849e+15 1.03901e+16 1.03901e+16 9.47849e+15 7.82793e+15 5.74466e+15 3.60086e+15 1.75794e+15 5.01703e+14 5.97928e+12 1.19683e+11 2.81203e+09 6.59354e+07 1.54125e+06 34369
25049.8 1.12203e+06 4.7949e+07 2.04298e+09 8.68761e+10 4.34225e+12 3.67544e+14 1.28875e+15 2.64068e+15 4.21378e+15 5.74278e+15 6.95437e+15 7.62361e+15 7.62361e+15 6.95437e+15 5.74278e+15 4.21378e+15 2.64068e+15 1.28875e+15 3.67544e+14 4.34225e+12 8.68761e+10 2.04298e+09 4.7949e+07 1.12203e+06 25049.8
15586 696150 2.96754e+07 1.26185e+09 5.35737e+10 2.6794e+12 2.29751e+14 8.06423e+14 1.65321e+15 2.63893e+15 3.5973e+15 4.35687e+15 4.77648e+15 4.77648e+15 4.35687e+15 3.5973e+15 2.63893e+15 1.65321e+15 8.06423e+14 2.29751e+14 2.6794e+12 5.35737e+10 1.26185e+09 2.96754e+07 696150 15586
7668.8 339121 1.43233e+07 6.04446e+08 2.5519e+10 1.27583e+12 1.11658e+14 3.92547e+14 8.05369e+14 1.28622e+15 1.75393e+15 2.12473e+15 2.32961e+15 2.32961e+15 2.12473e+15 1.75393e+15 1.28622e+15 8.05369e+14 3.92547e+14 1.11658e+14 1.27583e+12 2.5519e+10 6.04446e+08 1.43233e+07 339121 7668.8
2549.25 107906 4.34719e+06 1.75022e+08 7.07785e+09 3.45426e+11 3.15514e+13 1.11293e+14 2.28706e+14 3.6564e+14 4.98957e+14 6.04716e+14 6.63172e+14 6.63172e+14 6.04716e+14 4.98957e+14 3.6564e+14 2.28706e+14 1.11293e+14 3.15514e+13 3.45426e+11 7.07785e+09 1.75022e+08 4.34719e+06 107906 2549.25
431.702 15014.6 455204 1.19324e+07 2.32097e+08 3.2916e+09 3.30934e+11 1.22028e+12 2.5619e+12 4.15233e+12 5.71958e+12 6.97342e+12 7.66992e+12 7.66992e+12 6.97342e+12 5.71958e+12 4.15233e+12 2.5619e+12 1.22028e+12 3.30934e+11 3.2916e+09 2.32097e+08 1.19324e+07 455204 15014.6 431.702
45.9331 1299 30356.8 594729 9.92942e+06 2.2549e+08 6.75091e+09 2.43042e+10 5.10122e+10 8.27389e+10 1.14026e+11 1.39066e+11 1.52979e+11 1.52979e+11 1.39066e+11 1.14026e+11 8.27389e+10 5.10122e+10 2.43042e+10 6.75091e+09 2.2549e+08 9.92942e+06 594729 30356.8 1299 45.9331
3.68685 88.7044 1768.37 31963.3 582190 1.1499e+07 1.66946e+08 5.75744e+08 1.20168e+09 1.94598e+09 2.6795e+09 3.26616e+09 3.59198e+09 3.59198e+09 3.26616e+09 2.6795e+09 1.94598e+09 1.20168e+09 5.75744e+08 1.66946e+08 1.1499e+07 582190 31963.3 1768.37 88.7044 3.68685
0.251572 5.43688 99.8544 1739.97 29432.7 437102 4.14663e+06 1.36448e+07 2.82643e+07 4.56787e+07 6.28365e+07 7.65508e+07 8.41641e+07 8.41641e+07 7.65508e+07 6.28365e+07 4.56787e+07 2.82643e+07 1.36448e+07 4.14663e+06 437102 29432.7 1739.97 99.8544 5.43689 0.251572
0.015523 0.311789 5.36689 86.4435 1253.32 14389.4 102927 323096 663139 1.06905e+06 1.46901e+06 1.78855e+06 1.96587e+06 1.96587e+06 1.78855e+06 1.46901e+06 1.06905e+06 663139 323096 102927 14389.4 1253.32 86.4435 5.36689 0.311789 0.015523
0.000811739 0.0153658 0.246229 3.57325 44.1949 413.245 2431.59 7307.22 14848.8 23870.2 32762.2 39863.8 43803.2 43803.2 39863.8 32762.2 23870.2 14848.8 7307.22 2431.59 413.245 44.1949 3.57325 0.246229 0.0153658 0.00081174
