3.07772 57.5856 904.805 12807.1 154539 1.41614e+06 8.20145e+06 2.42159e+07 4.81187e+07 7.54302e+07 1.01059e+08 1.20651e+08 1.31196e+08 1.31196e+08 1.20651e+08 1.01059e+08 7.54302e+07 4.81187e+07 2.42159e+07 8.20145e+06 1.41614e+06 154539 12807.1 904.805 57.5856 3.07771
59.1995 1181.9 20030.8 314279 4.41914e+06 4.94434e+07 3.47357e+08 1.07061e+09 2.14655e+09 3.37036e+09 4.5155e+09 5.38926e+09 5.85899e+09 5.85899e+09 5.38926e+09 4.5155e+09 3.37036e+09 2.14655e+09 1.07061e+09 3.47357e+08 4.94434e+07 4.41914e+06 314279 20030.8 1181.9 59.1995
958.741 20754.5 379157 6.46974e+06 1.05483e+08 1.51113e+09 1.40245e+10 4.52813e+10 9.15344e+10 1.43898e+11 1.92761e+11 2.29976e+11 2.49959e+11 2.49959e+11 2.29976e+11 1.92761e+11 1.43898e+11 9.15344e+10 4.52813e+10 1.40245e+10 1.51113e+09 1.05483e+08 6.46974e+06 379157 20754.5 958.741
13911 337087 6.76975e+06 1.22025e+08 2.15092e+09 4.02234e+10 5.66454e+11 1.91554e+12 3.89769e+12 6.13196e+12 8.2118e+12 9.79306e+12 1.06411e+13 1.06411e+13 9.79306e+12 8.2118e+12 6.13196e+12 3.89769e+12 1.91554e+12 5.66454e+11 4.02234e+10 2.15092e+09 1.22025e+08 6.76975e+06 337087 13911
170351 4.85262e+06 1.14837e+08 2.29035e+09 3.8539e+10 8.11375e+11 2.29934e+13 8.11189e+13 1.65817e+14 2.60945e+14 3.49312e+14 4.16379e+14 4.52303e+14 4.52303e+14 4.16379e+14 3.49312e+14 2.60945e+14 1.65817e+14 8.11189e+13 2.29934e+13 8.11375e+11 3.8539e+10 2.29035e+09 1.14837e+08 4.85262e+06 170351
1.56913e+06 5.47858e+07 1.67456e+09 4.4584e+10 8.99648e+11 1.33687e+13 1.14163e+15 4.12415e+15 8.43454e+15 1.32687e+16 1.77595e+16 2.11691e+16 2.29961e+16 2.29961e+16 2.11691e+16 1.77595e+16 1.32687e+16 8.43454e+15 4.12415e+15 1.14163e+15 1.33687e+13 8.99648e+11 4.4584e+10 1.67456e+09 5.47858e+07 1.56913e+06
9.08242e+06 3.84651e+08 1.55297e+10 6.27232e+11 2.54599e+13 1.2339e+15 1.08699e+17 3.79067e+17 7.67016e+17 1.20457e+18 1.6157e+18 1.9318e+18 2.10282e+18 2.10282e+18 1.9318e+18 1.6157e+18 1.20457e+18 7.67016e+17 3.79067e+17 1.08699e+17 1.2339e+15 2.54599e+13 6.27232e+11 1.55297e+10 3.84651e+08 9.08242e+06
2.67893e+07 1.18428e+09 5.00845e+10 2.11856e+12 8.97104e+13 4.4614e+15 3.80593e+17 1.32392e+18 2.67604e+18 4.20046e+18 5.63279e+18 6.73425e+18 7.33028e+18 7.33028e+18 6.73425e+18 5.63279e+18 4.20046e+18 2.67604e+18 1.32392e+18 3.80593e+17 4.4614e+15 8.97104e+13 2.11856e+12 5.00845e+10 1.18428e+09 2.67893e+07
5.317e+07 2.3716e+09 1.01119e+11 4.30533e+12 1.8314e+14 9.11707e+15 7.70527e+17 2.67759e+18 5.40836e+18 8.48424e+18 1.13719e+19 1.35912e+19 1.47916e+19 1.47916e+19 1.35912e+19 1.13719e+19 8.48424e+18 5.40836e+18 2.67759e+18 7.70527e+17 9.11707e+15 1.8314e+14 4.30533e+12 1.01119e+11 2.3716e+09 5.317e+07
8.32447e+07 3.71892e+09 1.58754e+11 6.76396e+12 2.87796e+14 1.43233e+16 1.20934e+18 4.20045e+18 8.4794e+18 1.32938e+19 1.78087e+19 2.12754e+19 2.31493e+19 2.31493e+19 2.12754e+19 1.78087e+19 1.32938e+19 8.4794e+18 4.20045e+18 1.20934e+18 1.43233e+16 2.87796e+14 6.76396e+12 1.58754e+11 3.71892e+09 8.32447e+07
1.11398e+08 4.9764e+09 2.12392e+11 9.04624e+12 3.84729e+14 1.91435e+16 1.6204e+18 5.62715e+18 1.13542e+19 1.77913e+19 2.38214e+19 2.84471e+19 3.09461e+19 3.09461e+19 2.84471e+19 2.38214e+19 1.77913e+19 1.13542e+19 5.62715e+18 1.6204e+18 1.91435e+16 3.84729e+14 9.04624e+12 2.12392e+11 4.9764e+09 1.11398e+08
1.32871e+08 5.93365e+09 2.53144e+11 1.0777e+13 4.581e+14 2.27915e+16 1.93552e+18 6.72112e+18 1.35573e+19 2.12347e+19 2.84207e+19 3.3929e+19 3.69032e+19 3.69032e+19 3.3929e+19 2.84207e+19 2.12347e+19 1.35573e+19 6.72112e+18 1.93552e+18 2.27915e+16 4.581e+14 1.0777e+13 2.53144e+11 5.93365e+09 1.32871e+08
1.44409e+08 6.44741e+09 2.74987e+11 1.17035e+13 4.97326e+14 2.47418e+16 2.10565e+18 7.31187e+18 1.47465e+19 2.30923e+19 3.09004e+19 3.68829e+19 4.01124e+19 4.01124e+19 3.68829e+19 3.09004e+19 2.30923e+19 1.47465e+19 7.31187e+18 2.10565e+18 2.47418e+16 4.97326e+14 1.17035e+13 2.74987e+11 6.44741e+09 1.44409e+08
1.44409e+08 6.44741e+09 2.74987e+11 1.17035e+13 4.97326e+14 2.47418e+16 2.10565e+18 7.31187e+18 1.47465e+19 2.30923e+19 3.09004e+19 3.68829e+19 4.01124e+19 4.01124e+19 3.68829e+19 3.09004e+19 2.30923e+19 1.47465e+19 7.31187e+18 2.10565e+18 2.47418e+16 4.97326e+14 1.17035e+13 2.74987e+11 6.44741e+09 1.44409e+08
1.32871e+08 5.93365e+09 2.53144e+11 1.0777e+13 4.581e+14 2.27915e+16 1.93552e+18 6.72112e+18 1.35573e+19 2.12347e+19 2.84207e+19 3.3929e+19 3.69032e+19 3.69032e+19 3.3929e+19 2.84207e+19 2.12347e+19 1.35573e+19 6.72112e+18 1.93552e+18 2.27915e+16 4.581e+14 1.0777e+13 2.53144e+11 5.93365e+09 1.32871e+08
1.11398e+08 4.9764e+09 2.12392e+11 9.04624e+12 3.84729e+14 1.91435e+16 1.6204e+18 5.62715e+18 1.13542e+19 1.77913e+19 2.38214e+19 2.84471e+19 3.09461e+19 3.09461e+19 2.84471e+19 2.38214e+19 1.77913e+19 1.13542e+19 5.62715e+18 1.6204e+18 1.91435e+16 3.84729e+14 9.04624e+12 2.12392e+11 4.9764e+09 1.11398e+08
8.32447e+07 3.71892e+09 1.58754e+11 6.76396e+12 2.87796e+14 1.43233e+16 1.20934e+18 4.20045e+18 8.4794e+18 1.32938e+19 1.78087e+19 2.12754e+19 2.31493e+19 2.31493e+19 2.12754e+19 1.78087e+19 1.32938e+19 8.4794e+18 4.20045e+18 1.20934e+18 1.43233e+16 2.87796e+14 6.76396e+12 1.58754e+11 3.71892e+09 8.32447e+07
5.317e+07 2.3716e+09 1.01119e+11 4.30533e+12 1.8314e+14 9.11707e+15 7.70527e+17 2.67759e+18 5.40836e+18 8.48424e+18 1.13719e+19 1.35912e+19 1.47916e+19 1.47916e+19 1.35912e+19 1.13719e+19 8.48424e+18 5.40836e+18 2.67759e+18 7.70527e+17 9.11707e+15 1.8314e+14 4.30533e+12 1.01119e+11 2.3716e+09 5.317e+07
2.67893e+07 1.18428e+09 5.00845e+10 2.11856e+12 8.97104e+13 4.4614e+15 3.80593e+17 1.32392e+18 2.67604e+18 4.20046e+18 5.63279e+18 6.73425e+18 7.33028e+18 7.33028e+18 6.73425e+18 5.63279e+18 4.20046e+18 2.67604e+18 1.32392e+18 3.80593e+17 4.4614e+15 8.97104e+13 2.11856e+12 5.00845e+10 1.18428e+09 2.67893e+07
9.08242e+06 3.84651e+08 1.55297e+10 6.27232e+11 2.54599e+13 1.2339e+15 1.08699e+17 3.79067e+17 7.67016e+17 1.20457e+18 1.6157e+18 1.9318e+18 2.10282e+18 2.10282e+18 1.9318e+18 1.6157e+18 1.20457e+18 7.67016e+17 3.79067e+17 1.08699e+17 1.2339e+15 2.54599e+13 6.27232e+11 1.55297e+10 3.84651e+08 9.08242e+06
1.56913e+06 5.47858e+07 1.67456e+09 4.4584e+10 8.99648e+11 1.33687e+13 1.14163e+15 4.12415e+15 8.43454e+15 1.32687e+16 1.77595e+16 2.11691e+16 2.29961e+16 2.29961e+16 2.11691e+16 1.77595e+16 1.32687e+16 8.43454e+15 4.12415e+15 1.14163e+15 1.33687e+13 8.99648e+11 4.4584e+10 1.67456e+09 5.47858e+07 1.56913e+06
170351 4.85262e+06 1.14837e+08 2.29035e+09 3.8539e+10 8.11375e+11 2.29934e+13 8.11189e+13 1.65817e+14 2.60945e+14 3.49312e+14 4.16379e+14 4.52303e+14 4.52303e+14 4.16379e+14 3.49312e+14 2.60945e+14 1.65817e+14 8.11189e+13 2.29934e+13 8.11375e+11 3.8539e+10 2.29035e+09 1.14837e+08 4.85262e+06 170351
13911 337087 6.76975e+06 1.22025e+08 2.15092e+09 4.02234e+10 5.66454e+11 1.91554e+12 3.89769e+12 6.13196e+12 8.2118e+12 9.79306e+12 1.06411e+13 1.06411e+13 9.79306e+12 8.2118e+12 6.13196e+12 3.89769e+12 1.91554e+12 5.66454e+11 4.02234e+10 2.15092e+09 1.22025e+08 6.76975e+06 337087 13911
958.741 20754.5 379157 6.46974e+06 1.05483e+08 1.51113e+09 1.40245e+10 4.52813e+10 9.15344e+10 1.43898e+11 1.92761e+11 2.29976e+11 2.49959e+11 2.49959e+11 2.29976e+11 1.92761e+11 1.43898e+11 9.15344e+10 4.52813e+10 1.40245e+10 1.51113e+09 1.05483e+08 6.46974e+06 379157 20754.5 958.741
59.1995 1181.9 20030.8 314279 4.41914e+06 4.94434e+07 3.47357e+08 1.07061e+09 2.14655e+09 3.37036e+09 4.5155e+09 5.38926e+09 5.85899e+09 5.85899e+09 5.38926e+09 4.5155e+09 3.37036e+09 2.14655e+09 1.07061e+09 3.47357e+08 4.94434e+07 4.41914e+06 314279 20030.8 1181.9 59.1995
3.07772 57.5857 904.805 12807.1 154539 1.41614e+06 8.20145e+06 2.42159e+07 4.81187e+07 7.54302e+07 1.01059e+08 1.20651e+08 1.31196e+08 1.31196e+08 1.20651e+08 1.01059e+08 7.54302e+07 4.81187e+07 2.42159e+07 8.20145e+06 1.41614e+06 154539 12807.1 904.806 57.5856 3.07772
