13.3176 246.473 3810.51 52898.4 626102 5.64481e+06 3.22812e+07 9.42091e+07 1.84855e+08 2.86171e+08 3.79242e+08 4.49148e+08 4.86341e+08 4.86341e+08 4.49148e+08 3.79242e+08 2.86171e+08 1.84855e+08 9.42091e+07 3.22812e+07 5.64481e+06 626102 52898.4 3810.51 246.473 13.3176
255.761 5067.89 84748.8 1.30395e+06 1.79293e+07 1.96719e+08 1.36275e+09 4.14945e+09 8.20998e+09 1.27217e+10 1.68494e+10 1.99412e+10 2.15834e+10 2.15834e+10 1.99412e+10 1.68494e+10 1.27217e+10 8.20998e+09 4.14945e+09 1.36275e+09 1.96719e+08 1.79293e+07 1.30395e+06 84748.8 5067.89 255.761
4118.59 88878.9 1.61155e+06 2.70624e+07 4.30262e+08 6.00958e+09 5.48587e+10 1.74882e+11 3.48604e+11 5.40436e+11 7.15232e+11 8.45793e+11 9.15013e+11 9.15013e+11 8.45793e+11 7.15232e+11 5.40436e+11 3.48604e+11 1.74882e+11 5.48587e+10 6.00958e+09 4.30262e+08 2.70624e+07 1.61155e+06 88878.9 4118.59
59135.2 1.43297e+06 2.87629e+07 5.15447e+08 8.8897e+09 1.60459e+11 2.21108e+12 7.37767e+12 1.47914e+13 2.29299e+13 3.03179e+13 3.58212e+13 3.87336e+13 3.87336e+13 3.58212e+13 3.03179e+13 2.29299e+13 1.47914e+13 7.37767e+12 2.21108e+12 1.60459e+11 8.8897e+09 5.15447e+08 2.87629e+07 1.43297e+06 59135.2
714029 2.03464e+07 4.82704e+08 9.67871e+09 1.62937e+11 3.28e+12 8.96531e+13 3.1186e+14 6.27579e+14 9.72384e+14 1.28433e+15 1.51607e+15 1.63848e+15 1.63848e+15 1.51607e+15 1.28433e+15 9.72384e+14 6.27579e+14 3.1186e+14 8.96531e+13 3.28e+12 1.62937e+11 9.67871e+09 4.82704e+08 2.03464e+07 714029
6.47767e+06 2.25841e+08 6.90521e+09 1.84684e+11 3.78738e+12 5.74704e+13 4.47543e+15 1.59311e+16 3.20662e+16 4.9661e+16 6.55846e+16 7.74241e+16 8.36829e+16 8.36829e+16 7.74241e+16 6.55846e+16 4.9661e+16 3.20662e+16 1.59311e+16 4.47543e+15 5.74704e+13 3.78738e+12 1.84684e+11 6.90521e+09 2.25841e+08 6.47767e+06
3.69607e+07 1.55998e+09 6.27856e+10 2.53005e+12 1.02563e+14 4.93762e+15 4.24957e+17 1.46708e+18 2.93427e+18 4.55545e+18 6.05031e+18 7.18275e+18 7.78969e+18 7.78969e+18 7.18275e+18 6.05031e+18 4.55545e+18 2.93427e+18 1.46708e+18 4.24957e+17 4.93762e+15 1.02563e+14 2.53005e+12 6.27856e+10 1.55998e+09 3.69607e+07
1.07693e+08 4.7418e+09 1.99781e+11 8.42528e+12 3.56028e+14 1.75922e+16 1.47369e+18 5.07552e+18 1.01387e+19 1.57273e+19 2.08764e+19 2.47751e+19 2.68641e+19 2.68641e+19 2.47751e+19 2.08764e+19 1.57273e+19 1.01387e+19 5.07552e+18 1.47369e+18 1.75922e+16 3.56028e+14 8.42528e+12 1.99781e+11 4.7418e+09 1.07693e+08
2.11066e+08 9.37077e+09 3.97747e+11 1.68705e+13 7.15544e+14 3.5382e+16 2.94837e+18 1.0142e+19 2.02332e+19 3.13452e+19 4.15603e+19 4.92803e+19 5.34117e+19 5.34117e+19 4.92803e+19 4.15603e+19 3.13452e+19 2.02332e+19 1.0142e+19 2.94837e+18 3.5382e+16 7.15544e+14 1.68705e+13 3.97747e+11 9.37077e+09 2.11066e+08
3.2643e+08 1.45059e+10 6.15987e+11 2.61253e+13 1.10747e+15 5.47286e+16 4.57266e+18 1.57168e+19 3.13145e+19 4.84436e+19 6.41472e+19 7.59878e+19 8.23147e+19 8.23147e+19 7.59878e+19 6.41472e+19 4.84436e+19 3.13145e+19 1.57168e+19 4.57266e+18 5.47286e+16 1.10747e+15 2.61253e+13 6.15987e+11 1.45059e+10 3.2643e+08
4.32241e+08 1.91964e+10 8.14515e+11 3.4512e+13 1.4614e+15 7.21844e+16 6.06454e+18 2.08336e+19 4.14627e+19 6.40595e+19 8.47226e+19 1.00268e+20 1.08563e+20 1.08563e+20 1.00268e+20 8.47226e+19 6.40595e+19 4.14627e+19 2.08336e+19 6.06454e+18 7.21844e+16 1.4614e+15 3.4512e+13 8.14515e+11 1.91964e+10 4.32241e+08
5.11613e+08 2.27049e+10 9.62588e+11 4.07498e+13 1.72392e+15 8.51265e+16 7.19055e+18 2.46939e+19 4.91046e+19 7.57919e+19 1.00147e+20 1.18439e+20 1.28188e+20 1.28188e+20 1.18439e+20 1.00147e+20 7.57919e+19 4.91046e+19 2.46939e+19 7.19055e+18 8.51265e+16 1.72392e+15 4.07498e+13 9.62588e+11 2.27049e+10 5.11613e+08
5.53804e+08 2.45666e+10 1.04101e+12 4.40475e+13 1.86244e+15 9.19546e+16 7.79249e+18 2.6757e+19 5.31839e+19 8.2045e+19 1.08356e+20 1.28098e+20 1.38613e+20 1.38613e+20 1.28098e+20 1.08356e+20 8.2045e+19 5.31839e+19 2.6757e+19 7.79248e+18 9.19546e+16 1.86244e+15 4.40475e+13 1.04101e+12 2.45666e+10 5.53804e+08
5.53804e+08 2.45666e+10 1.04101e+12 4.40475e+13 1.86244e+15 9.19546e+16 7.79248e+18 2.6757e+19 5.31839e+19 8.2045e+19 1.08356e+20 1.28098e+20 1.38613e+20 1.38613e+20 1.28098e+20 1.08356e+20 8.2045e+19 5.31839e+19 2.6757e+19 7.79249e+18 9.19546e+16 1.86244e+15 4.40475e+13 1.04101e+12 2.45666e+10 5.53804e+08
5.11613e+08 2.27049e+10 9.62588e+11 4.07498e+13 1.72392e+15 8.51265e+16 7.19055e+18 2.46939e+19 4.91046e+19 7.57919e+19 1.00147e+20 1.18439e+20 1.28188e+20 1.28188e+20 1.18439e+20 1.00147e+20 7.57919e+19 4.91046e+19 2.46939e+19 7.19055e+18 8.51265e+16 1.72392e+15 4.07498e+13 9.62588e+11 2.27049e+10 5.11613e+08
4.32241e+08 1.91964e+10 8.14515e+11 3.4512e+13 1.4614e+15 7.21844e+16 6.06454e+18 2.08336e+19 4.14627e+19 6.40595e+19 8.47226e+19 1.00268e+20 1.08563e+20 1.08563e+20 1.00268e+20 8.47226e+19 6.40595e+19 4.14627e+19 2.08336e+19 6.06454e+18 7.21844e+16 1.4614e+15 3.4512e+13 8.14515e+11 1.91964e+10 4.32241e+08
3.2643e+08 1.45059e+10 6.15987e+11 2.61253e+13 1.10747e+15 5.47286e+16 4.57266e+18 1.57168e+19 3.13145e+19 4.84436e+19 6.41472e+19 7.59878e+19 8.23147e+19 8.23147e+19 7.59878e+19 6.41472e+19 4.84436e+19 3.13145e+19 1.57168e+19 4.57266e+18 5.47286e+16 1.10747e+15 2.61253e+13 6.15987e+11 1.45059e+10 3.2643e+08
2.11066e+08 9.37077e+09 3.97747e+11 1.68705e+13 7.15544e+14 3.5382e+16 2.94837e+18 1.0142e+19 2.02332e+19 3.13452e+19 4.15603e+19 4.92803e+19 5.34117e+19 5.34117e+19 4.92803e+19 4.15603e+19 3.13452e+19 2.02332e+19 1.0142e+19 2.94837e+18 3.5382e+16 7.15544e+14 1.68705e+13 3.97747e+11 9.37077e+09 2.11066e+08
1.07693e+08 4.7418e+09 1.99781e+11 8.42528e+12 3.56028e+14 1.75922e+16 1.47369e+18 5.07552e+18 1.01387e+19 1.57273e+19 2.08764e+19 2.47751e+19 2.68641e+19 2.68641e+19 2.47751e+19 2.08764e+19 1.57273e+19 1.01387e+19 5.07552e+18 1.47369e+18 1.75922e+16 3.56028e+14 8.42528e+12 1.99781e+11 4.7418e+09 1.07693e+08
3.69607e+07 1.55998e+09 6.27856e+10 2.53005e+12 1.02563e+14 4.93762e+15 4.24957e+17 1.46708e+18 2.93427e+18 4.55545e+18 6.05031e+18 7.18275e+18 7.78969e+18 7.78969e+18 7.18275e+18 6.05031e+18 4.55545e+18 2.93427e+18 1.46708e+18 4.24957e+17 4.93762e+15 1.02563e+14 2.53005e+12 6.27856e+10 1.55998e+09 3.69607e+07
6.47767e+06 2.25841e+08 6.90521e+09 1.84684e+11 3.78738e+12 5.74704e+13 4.47543e+15 1.59311e+16 3.20662e+16 4.9661e+16 6.55846e+16 7.74241e+16 8.36829e+16 8.36829e+16 7.74241e+16 6.55846e+16 4.9661e+16 3.20662e+16 1.59311e+16 4.47543e+15 5.74704e+13 3.78738e+12 1.84684e+11 6.90521e+09 2.25841e+08 6.47767e+06
714029 2.03464e+07 4.82704e+08 9.67871e+09 1.62937e+11 3.28e+12 8.96531e+13 3.1186e+14 6.27579e+14 9.72384e+14 1.28433e+15 1.51607e+15 1.63848e+15 1.63848e+15 1.51607e+15 1.28433e+15 9.72384e+14 6.27579e+14 3.1186e+14 8.96531e+13 3.28e+12 1.62937e+11 9.67871e+09 4.82704e+08 2.03464e+07 714029
59135.2 1.43297e+06 2.87629e+07 5.15447e+08 8.8897e+09 1.60459e+11 2.21108e+12 7.37767e+12 1.47914e+13 2.29299e+13 3.03179e+13 3.58212e+13 3.87336e+13 3.87336e+13 3.58212e+13 3.03179e+13 2.29299e+13 1.47914e+13 7.37767e+12 2.21108e+12 1.60459e+11 8.8897e+09 5.15447e+08 2.87629e+07 1.43297e+06 59135.2
4118.59 88878.9 1.61155e+06 2.70624e+07 4.30262e+08 6.00958e+09 5.48587e+10 1.74882e+11 3.48604e+11 5.40436e+11 7.15232e+11 8.45793e+11 9.15013e+11 9.15013e+11 8.45793e+11 7.15232e+11 5.40436e+11 3.48604e+11 1.74882e+11 5.48587e+10 6.00958e+09 4.30262e+08 2.70624e+07 1.61155e+06 88878.9 4118.59
255.761 5067.89 84748.8 1.30395e+06 1.79293e+07 1.96719e+08 1.36275e+09 4.14945e+09 8.20998e+09 1.27217e+10 1.68494e+10 1.99412e+10 2.15834e+10 2.15834e+10 1.99412e+10 1.68494e+10 1.27217e+10 8.20998e+09 4.14945e+09 1.36275e+09 1.96719e+08 1.79293e+07 1.30395e+06 84748.8 5067.89 255.761
13.3176 246.473 3810.51 52898.4 626102 5.64481e+06 3.22812e+07 9.42091e+07 1.84855e+08 2.86171e+08 3.79242e+08 4.49148e+08 4.86341e+08 4.86341e+08 4.49148e+08 3.79242e+08 2.86171e+08 1.84855e+08 9.42091e+07 3.22812e+07 5.64481e+06 626102 52898.4 3810.51 246.473 13.3176
