5.85978e-06 0.000109377 0.00171996 0.0244362 0.296121 2.72064 15.7674 46.6028 92.9351 146.599 197.906 237.89 259.723 259.723 237.89 197.906 146.599 92.9351 46.6028 15.7674 2.72064 0.296121 0.0244362 0.00171996 0.000109377 5.85977e-06
0.000111626 0.00221712 0.0375269 0.591242 8.37222 94.1849 662.957 2045.45 4116.06 6505.16 8785.48 10561.5 11531.1 11531.1 10561.5 8785.48 6505.16 4116.06 2045.45 662.957 94.1849 8.37222 0.591242 0.037527 0.00221712 0.000111626
0.00179489 0.0385193 0.69951 11.9556 196.864 2850.36 26568.1 85866 174213 275751 372526 447862 488985 488985 447862 372526 275751 174213 85866 26568.1 2850.36 196.864 11.9556 0.69951 0.0385193 0.00179489
0.0259737 0.622477 12.3587 221.317 3932.09 74995.7 1.06597e+06 3.60778e+06 7.36787e+06 1.16743e+07 1.57744e+07 1.89652e+07 2.07068e+07 2.07068e+07 1.89652e+07 1.57744e+07 1.16743e+07 7.36787e+06 3.60778e+06 1.06597e+06 74995.7 3932.09 221.317 12.3587 0.622477 0.0259737
0.318379 8.97128 209.486 4114.74 68522.2 1.48523e+06 4.30382e+07 1.51919e+08 3.1166e+08 4.94125e+08 6.67734e+08 8.02818e+08 8.76541e+08 8.76541e+08 8.02818e+08 6.67734e+08 4.94125e+08 3.1166e+08 1.51919e+08 4.30382e+07 1.48523e+06 68522.2 4114.74 209.486 8.97128 0.318379
2.94037 101.738 3076.31 80818.7 1.5951e+06 2.30793e+07 2.12041e+09 7.66085e+09 1.57153e+10 2.48958e+10 3.3626e+10 4.04178e+10 4.41242e+10 4.41242e+10 4.04178e+10 3.3626e+10 2.48958e+10 1.57153e+10 7.66085e+09 2.12041e+09 2.30793e+07 1.5951e+06 80818.7 3076.31 101.738 2.94037
17.0648 717.493 28753.3 1.15365e+06 4.65802e+07 2.26081e+09 2.02024e+11 7.02937e+11 1.42147e+12 2.23647e+12 3.01009e+12 3.61167e+12 3.93998e+12 3.93998e+12 3.61167e+12 3.01009e+12 2.23647e+12 1.42147e+12 7.02937e+11 2.02024e+11 2.26081e+09 4.65803e+07 1.15365e+06 28753.3 717.493 17.0648
50.4355 2213.69 92929.7 3.90465e+06 1.64425e+08 8.17824e+09 7.05577e+11 2.44921e+12 4.94835e+12 7.78215e+12 1.04717e+13 1.25632e+13 1.37046e+13 1.37046e+13 1.25632e+13 1.04717e+13 7.78215e+12 4.94835e+12 2.44921e+12 7.05577e+11 8.17824e+09 1.64425e+08 3.90465e+06 92929.7 2213.69 50.4355
100.528 4452.3 188444 7.96975e+06 3.37121e+08 1.67734e+10 1.42823e+12 4.95338e+12 1.00046e+13 1.57316e+13 2.1167e+13 2.53935e+13 2.77002e+13 2.77002e+13 2.53935e+13 2.1167e+13 1.57316e+13 1.00046e+13 4.95338e+12 1.42823e+12 1.67734e+10 3.37121e+08 7.96975e+06 188444 4452.3 100.528
158.468 7031.65 298062 1.26186e+07 5.34082e+08 2.65565e+10 2.24752e+12 7.79167e+12 1.57349e+13 2.47404e+13 3.32872e+13 3.99332e+13 4.35604e+13 4.35604e+13 3.99332e+13 3.32872e+13 2.47404e+13 1.57349e+13 7.79167e+12 2.24752e+12 2.65565e+10 5.34082e+08 1.26186e+07 298062 7031.65 158.468
213.782 9489.83 402373 1.70375e+07 7.21171e+08 3.58449e+10 3.02457e+12 1.04834e+13 2.11693e+13 3.32839e+13 4.47813e+13 5.37217e+13 5.86011e+13 5.86011e+13 5.37217e+13 4.47813e+13 3.32839e+13 2.11693e+13 1.04834e+13 3.02457e+12 3.58449e+10 7.21171e+08 1.70375e+07 402373 9489.83 213.782
256.833 11401.8 483463 2.04715e+07 8.66526e+08 4.30604e+10 3.62831e+12 1.25749e+13 2.53917e+13 3.99221e+13 5.37121e+13 6.44353e+13 7.02877e+13 7.02877e+13 6.44353e+13 5.37121e+13 3.99221e+13 2.53917e+13 1.25749e+13 3.62831e+12 4.30604e+10 8.66526e+08 2.04715e+07 483463 11401.8 256.833
280.32 12444.6 527684 2.23439e+07 9.45772e+08 4.69941e+10 3.9576e+12 1.37156e+13 2.76949e+13 4.35429e+13 5.85835e+13 7.02791e+13 7.66622e+13 7.66622e+13 7.02791e+13 5.85835e+13 4.35429e+13 2.76949e+13 1.37156e+13 3.9576e+12 4.69941e+10 9.45772e+08 2.23439e+07 527684 12444.6 280.32
280.32 12444.6 527684 2.23439e+07 9.45772e+08 4.69941e+10 3.9576e+12 1.37156e+13 2.76949e+13 4.35429e+13 5.85835e+13 7.02791e+13 7.66622e+13 7.66622e+13 7.02791e+13 5.85835e+13 4.35429e+13 2.76949e+13 1.37156e+13 3.9576e+12 4.69941e+10 9.45772e+08 2.23439e+07 527684 12444.6 280.32
256.833 11401.8 483463 2.04715e+07 8.66526e+08 4.30604e+10 3.62831e+12 1.25749e+13 2.53917e+13 3.99221e+13 5.37121e+13 6.44353e+13 7.02877e+13 7.02877e+13 6.44353e+13 5.37121e+13 3.99221e+13 2.53917e+13 1.25749e+13 3.62831e+12 4.30604e+10 8.66526e+08 2.04715e+07 483463 11401.8 256.833
213.782 9489.83 402373 1.70375e+07 7.21171e+08 3.58449e+10 3.02457e+12 1.04834e+13 2.11693e+13 3.32839e+13 4.47813e+13 5.37217e+13 5.86011e+13 5.86011e+13 5.37217e+13 4.47813e+13 3.32839e+13 2.11693e+13 1.04834e+13 3.02457e+12 3.58449e+10 7.21171e+08 1.70375e+07 402373 9489.83 213.782
158.468 7031.65 298062 1.26186e+07 5.34082e+08 2.65565e+10 2.24752e+12 7.79167e+12 1.57349e+13 2.47404e+13 3.32872e+13 3.99332e+13 4.35604e+13 4.35604e+13 3.99332e+13 3.32872e+13 2.47404e+13 1.57349e+13 7.79167e+12 2.24752e+12 2.65565e+10 5.34082e+08 1.26186e+07 298062 7031.65 158.468
100.528 4452.3 188444 7.96975e+06 3.37121e+08 1.67734e+10 1.42823e+12 4.95338e+12 1.00046e+13 1.57316e+13 2.1167e+13 2.53935e+13 2.77002e+13 2.77002e+13 2.53935e+13 2.1167e+13 1.57316e+13 1.00046e+13 4.95338e+12 1.42823e+12 1.67734e+10 3.37121e+08 7.96975e+06 188444 4452.3 100.528
50.4355 2213.69 92929.7 3.90465e+06 1.64425e+08 8.17824e+09 7.05577e+11 2.44921e+12 4.94835e+12 7.78215e+12 1.04717e+13 1.25632e+13 1.37046e+13 1.37046e+13 1.25632e+13 1.04717e+13 7.78215e+12 4.94835e+12 2.44921e+12 7.05577e+11 8.17824e+09 1.64425e+08 3.90465e+06 92929.7 2213.69 50.4355
17.0648 717.493 28753.3 1.15365e+06 4.65803e+07 2.26081e+09 2.02024e+11 7.02937e+11 1.42147e+12 2.23647e+12 3.01009e+12 3.61167e+12 3.93998e+12 3.93998e+12 3.61167e+12 3.01009e+12 2.23647e+12 1.42147e+12 7.02937e+11 2.02024e+11 2.26081e+09 4.65802e+07 1.15365e+06 28753.3 717.493 17.0648
2.94037 101.738 3076.31 80818.7 1.5951e+06 2.30793e+07 2.12041e+09 7.66085e+09 1.57153e+10 2.48958e+10 3.3626e+10 4.04178e+10 4.41242e+10 4.41242e+10 4.04178e+10 3.3626e+10 2.48958e+10 1.57153e+10 7.66085e+09 2.12041e+09 2.30793e+07 1.5951e+06 80818.7 3076.31 101.738 2.94037
0.318379 8.97128 209.486 4114.74 68522.2 1.48523e+06 4.30382e+07 1.51919e+08 3.1166e+08 4.94125e+08 6.67734e+08 8.02818e+08 8.76541e+08 8.76541e+08 8.02818e+08 6.67734e+08 4.94125e+08 3.1166e+08 1.51919e+08 4.30382e+07 1.48523e+06 68522.2 4114.74 209.486 8.97128 0.318379
0.0259737 0.622477 12.3587 221.317 3932.09 74995.7 1.06597e+06 3.60778e+06 7.36787e+06 1.16743e+07 1.57744e+07 1.89652e+07 2.07068e+07 2.07068e+07 1.89652e+07 1.57744e+07 1.16743e+07 7.36787e+06 3.60778e+06 1.06597e+06 74995.7 3932.09 221.317 12.3587 0.622477 0.0259737
0.00179489 0.0385193 0.69951 11.9556 196.864 2850.36 26568.1 85866 174213 275751 372526 447862 488985 488985 447862 372526 275751 174213 85866 26568.1 2850.36 196.864 11.9556 0.69951 0.0385193 0.00179489
0.000111626 0.00221712 0.037527 0.591242 8.37222 94.1849 662.957 2045.45 4116.06 6505.16 8785.48 10561.5 11531.1 11531.1 10561.5 8785.48 6505.16 4116.06 2045.45 662.957 94.1849 8.37222 0.591242 0.0375269 0.00221712 0.000111626
5.85977e-06 0.000109377 0.00171996 0.0244362 0.296121 2.72064 15.7674 46.6028 92.9351 146.599 197.906 237.89 259.723 259.723 237.89 197.906 146.599 92.9351 46.6028 15.7674 2.72064 0.296121 0.0244362 0.00171996 0.000109377 5.85977e-06
