6.80864 126.563 1969.98 27577.3 329159 2.98859e+06 1.71815e+07 5.03733e+07 9.93234e+07 1.54502e+08 2.0561e+08 2.44262e+08 2.6492e+08 2.6492e+08 2.44262e+08 2.0561e+08 1.54502e+08 9.93234e+07 5.03733e+07 1.71815e+07 2.98859e+06 329159 27577.3 1969.98 126.563 6.80864
130.783 2598.81 43697.5 677992 9.41429e+06 1.04183e+08 7.26044e+08 2.22134e+09 4.41759e+09 6.88001e+09 9.15261e+09 1.08672e+10 1.17823e+10 1.17823e+10 1.08672e+10 9.15261e+09 6.88001e+09 4.41759e+09 2.22134e+09 7.26044e+08 1.04183e+08 9.41429e+06 677992 43697.5 2598.81 130.783
2110.35 45579.5 828765 1.40113e+07 2.2524e+08 3.1817e+09 2.92544e+10 9.37277e+10 1.87842e+11 2.92772e+11 3.89274e+11 4.61908e+11 5.0061e+11 5.0061e+11 4.61908e+11 3.89274e+11 2.92772e+11 1.87842e+11 9.37277e+10 2.92544e+10 3.1817e+09 2.2524e+08 1.40113e+07 828765 45579.5 2110.35
30430.7 736975 1.47879e+07 2.65572e+08 4.62381e+09 8.47983e+10 1.17992e+12 3.95778e+12 7.98015e+12 1.24412e+13 1.65307e+13 1.96017e+13 2.12354e+13 2.12354e+13 1.96017e+13 1.65307e+13 1.24412e+13 7.98015e+12 3.95778e+12 1.17992e+12 8.47983e+10 4.62381e+09 2.65572e+08 1.47879e+07 736975 30430.7
369631 1.05254e+07 2.4929e+08 4.9843e+09 8.38598e+10 1.72236e+12 4.78612e+13 1.67411e+14 3.38925e+14 5.28284e+14 7.01379e+14 8.31063e+14 8.9995e+14 8.9995e+14 8.31063e+14 7.01379e+14 5.28284e+14 3.38925e+14 1.67411e+14 4.78612e+13 1.72236e+12 8.38598e+10 4.9843e+09 2.4929e+08 1.05254e+07 369631
3.37514e+06 1.17688e+08 3.5961e+09 9.59458e+10 1.95277e+12 2.93484e+13 2.38331e+15 8.53323e+15 1.72814e+16 2.69256e+16 3.57438e+16 4.2355e+16 4.58689e+16 4.58689e+16 4.2355e+16 3.57438e+16 2.69256e+16 1.72814e+16 8.53323e+15 2.38331e+15 2.93484e+13 1.95277e+12 9.59458e+10 3.5961e+09 1.17688e+08 3.37514e+06
1.93744e+07 8.18607e+08 3.29802e+10 1.33004e+12 5.3944e+13 2.60513e+15 2.2661e+17 7.8547e+17 1.57818e+18 2.46128e+18 3.28177e+18 3.9071e+18 4.24356e+18 4.24356e+18 3.9071e+18 3.28177e+18 2.46128e+18 1.57818e+18 7.8547e+17 2.2661e+17 2.60513e+15 5.3944e+13 1.33004e+12 3.29802e+10 8.18607e+08 1.93744e+07
5.67238e+07 2.50086e+09 1.05499e+11 4.45394e+12 1.8836e+14 9.33528e+15 7.88808e+17 2.72759e+18 5.47421e+18 8.53185e+18 1.13717e+19 1.35358e+19 1.47002e+19 1.47002e+19 1.35358e+19 1.13717e+19 8.53185e+18 5.47421e+18 2.72759e+18 7.88808e+17 9.33528e+15 1.8836e+14 4.45394e+12 1.05499e+11 2.50086e+09 5.67238e+07
1.1171e+08 4.96729e+09 2.11164e+11 8.96878e+12 3.80825e+14 1.88899e+16 1.58547e+18 5.47636e+18 1.09799e+19 1.70966e+19 2.27691e+19 2.70865e+19 2.94077e+19 2.94077e+19 2.70865e+19 2.27691e+19 1.70966e+19 1.09799e+19 5.47636e+18 1.58547e+18 1.88899e+16 3.80825e+14 8.96878e+12 2.11164e+11 4.96729e+09 1.1171e+08
1.73571e+08 7.72702e+09 3.28721e+11 1.39649e+13 5.92823e+14 2.93925e+16 2.47045e+18 8.52794e+18 1.70822e+19 2.65716e+19 3.53555e+19 4.20307e+19 4.56158e+19 4.56158e+19 4.20307e+19 3.53555e+19 2.65716e+19 1.70822e+19 8.52794e+18 2.47045e+18 2.93925e+16 5.92823e+14 1.39649e+13 3.28721e+11 7.72702e+09 1.73571e+08
2.30752e+08 1.02686e+10 4.36596e+11 1.85343e+13 7.86141e+14 3.89639e+16 3.28975e+18 1.13523e+19 2.27218e+19 3.53119e+19 4.69454e+19 5.57729e+19 6.05092e+19 6.05092e+19 5.57729e+19 4.69454e+19 3.53119e+19 2.27218e+19 1.13523e+19 3.28975e+18 3.89639e+16 7.86141e+14 1.85343e+13 4.36596e+11 1.02686e+10 2.30752e+08
2.73919e+08 1.21825e+10 5.17628e+11 2.19585e+13 9.30661e+14 4.61177e+16 3.91205e+18 1.34974e+19 2.70001e+19 4.19323e+19 5.5711e+19 6.61545e+19 7.17534e+19 7.17534e+19 6.61545e+19 5.5711e+19 4.19323e+19 2.70001e+19 1.34974e+19 3.91205e+18 4.61177e+16 9.30661e+14 2.19585e+13 5.17628e+11 1.21825e+10 2.73919e+08
2.9696e+08 1.32025e+10 5.60745e+11 2.37775e+13 1.00731e+15 4.99117e+16 4.24607e+18 1.46489e+19 2.92948e+19 4.54795e+19 6.04032e+19 7.17072e+19 7.7765e+19 7.7765e+19 7.17072e+19 6.04032e+19 4.54795e+19 2.92948e+19 1.46489e+19 4.24607e+18 4.99117e+16 1.00731e+15 2.37775e+13 5.60745e+11 1.32025e+10 2.9696e+08
2.9696e+08 1.32025e+10 5.60745e+11 2.37775e+13 1.00731e+15 4.99117e+16 4.24607e+18 1.46489e+19 2.92948e+19 4.54795e+19 6.04032e+19 7.17072e+19 7.7765e+19 7.7765e+19 7.17072e+19 6.04032e+19 4.54795e+19 2.92948e+19 1.46489e+19 4.24607e+18 4.99117e+16 1.00731e+15 2.37775e+13 5.60745e+11 1.32025e+10 2.9696e+08
2.73919e+08 1.21825e+10 5.17628e+11 2.19585e+13 9.30661e+14 4.61177e+16 3.91205e+18 1.34974e+19 2.70001e+19 4.19323e+19 5.5711e+19 6.61545e+19 7.17534e+19 7.17534e+19 6.61545e+19 5.5711e+19 4.19323e+19 2.70001e+19 1.34974e+19 3.91205e+18 4.61177e+16 9.30661e+14 2.19585e+13 5.17628e+11 1.21825e+10 2.73919e+08
2.30752e+08 1.02686e+10 4.36596e+11 1.85343e+13 7.86141e+14 3.89639e+16 3.28975e+18 1.13523e+19 2.27218e+19 3.53119e+19 4.69454e+19 5.57729e+19 6.05092e+19 6.05092e+19 5.57729e+19 4.69454e+19 3.53119e+19 2.27218e+19 1.13523e+19 3.28975e+18 3.89639e+16 7.86141e+14 1.85343e+13 4.36596e+11 1.02686e+10 2.30752e+08
1.73571e+08 7.72702e+09 3.28721e+11 1.39649e+13 5.92823e+14 2.93925e+16 2.47045e+18 8.52794e+18 1.70822e+19 2.65716e+19 3.53555e+19 4.20307e+19 4.56158e+19 4.56158e+19 4.20307e+19 3.53555e+19 2.65716e+19 1.70822e+19 8.52794e+18 2.47045e+18 2.93925e+16 5.92823e+14 1.39649e+13 3.28721e+11 7.72702e+09 1.73571e+08
1.1171e+08 4.96729e+09 2.11164e+11 8.96878e+12 3.80825e+14 1.88899e+16 1.58547e+18 5.47636e+18 1.09799e+19 1.70966e+19 2.27691e+19 2.70865e+19 2.94077e+19 2.94077e+19 2.70865e+19 2.27691e+19 1.70966e+19 1.09799e+19 5.47636e+18 1.58547e+18 1.88899e+16 3.80825e+14 8.96878e+12 2.11164e+11 4.96729e+09 1.1171e+08
5.67238e+07 2.50086e+09 1.05499e+11 4.45394e+12 1.8836e+14 9.33528e+15 7.88808e+17 2.72759e+18 5.47421e+18 8.53185e+18 1.13717e+19 1.35358e+19 1.47002e+19 1.47002e+19 1.35358e+19 1.13717e+19 8.53185e+18 5.47421e+18 2.72759e+18 7.88808e+17 9.33528e+15 1.8836e+14 4.45394e+12 1.05499e+11 2.50086e+09 5.67238e+07
1.93744e+07 8.18607e+08 3.29802e+10 1.33004e+12 5.3944e+13 2.60513e+15 2.2661e+17 7.8547e+17 1.57818e+18 2.46128e+18 3.28177e+18 3.9071e+18 4.24356e+18 4.24356e+18 3.9071e+18 3.28177e+18 2.46128e+18 1.57818e+18 7.8547e+17 2.2661e+17 2.60513e+15 5.3944e+13 1.33004e+12 3.29802e+10 8.18607e+08 1.93744e+07
3.37514e+06 1.17688e+08 3.5961e+09 9.59458e+10 1.95277e+12 2.93484e+13 2.38331e+15 8.53323e+15 1.72814e+16 2.69256e+16 3.57438e+16 4.2355e+16 4.58689e+16 4.58689e+16 4.2355e+16 3.57438e+16 2.69256e+16 1.72814e+16 8.53323e+15 2.38331e+15 2.93484e+13 1.95277e+12 9.59458e+10 3.5961e+09 1.17688e+08 3.37514e+06
369631 1.05254e+07 2.4929e+08 4.9843e+09 8.38598e+10 1.72236e+12 4.78612e+13 1.67411e+14 3.38925e+14 5.28284e+14 7.01379e+14 8.31063e+14 8.9995e+14 8.9995e+14 8.31063e+14 7.01379e+14 5.28284e+14 3.38925e+14 1.67411e+14 4.78612e+13 1.72236e+12 8.38598e+10 4.9843e+09 2.4929e+08 1.05254e+07 369631
30430.7 736975 1.47879e+07 2.65572e+08 4.62381e+09 8.47983e+10 1.17992e+12 3.95778e+12 7.98015e+12 1.24412e+13 1.65307e+13 1.96017e+13 2.12354e+13 2.12354e+13 1.96017e+13 1.65307e+13 1.24412e+13 7.98015e+12 3.95778e+12 1.17992e+12 8.47983e+10 4.62381e+09 2.65572e+08 1.47879e+07 736975 30430.7
2110.35 45579.5 828765 1.40113e+07 2.2524e+08 3.1817e+09 2.92544e+10 9.37277e+10 1.87842e+11 2.92772e+11 3.89274e+11 4.61908e+11 5.0061e+11 5.0061e+11 4.61908e+11 3.89274e+11 2.92772e+11 1.87842e+11 9.37277e+10 2.92544e+10 3.1817e+09 2.2524e+08 1.40113e+07 828765 45579.5 2110.35
130.783 2598.81 43697.5 677992 9.41429e+06 1.04183e+08 7.26044e+08 2.22134e+09 4.41759e+09 6.88001e+09 9.15261e+09 1.08672e+10 1.17823e+10 1.17823e+10 1.08672e+10 9.15261e+09 6.88001e+09 4.41759e+09 2.22134e+09 7.26044e+08 1.04183e+08 9.41429e+06 677992 43697.5 2598.81 130.783
6.80864 126.563 1969.98 27577.3 329159 2.98859e+06 1.71815e+07 5.03733e+07 9.93234e+07 1.54502e+08 2.0561e+08 2.44262e+08 2.6492e+08 2.6492e+08 2.44262e+08 2.0561e+08 1.54502e+08 9.93234e+07 5.03733e+07 1.71815e+07 2.98859e+06 329159 27577.3 1969.98 126.563 6.80864
