4.57897e-06 8.53637e-05 0.00133983 0.0189931 0.229669 2.10651 12.1933 36.0025 71.7193 113.012 152.421 183.089 199.819 199.819 183.089 152.421 113.012 71.7193 36.0025 12.1933 2.10651 0.229669 0.0189931 0.00133983 8.53637e-05 4.57897e-06
8.72413e-05 0.00173137 0.029259 0.459903 6.49551 72.9164 512.531 1579.66 3175.19 5012.59 6763.08 8124.37 8866.82 8866.82 8124.37 6763.08 5012.59 3175.19 1579.66 512.531 72.9164 6.49551 0.459903 0.029259 0.00173137 8.72413e-05
0.00140231 0.0300871 0.545934 9.31235 152.869 2206.9 20535 66294.3 134346 212401 286650 344360 375829 375829 344360 286650 212401 134346 66294.3 20535 2206.9 152.869 9.31235 0.545934 0.0300871 0.00140231
0.0202722 0.485927 9.64889 172.679 3059.27 58095.8 823789 2.7849e+06 5.68041e+06 8.98961e+06 1.21339e+07 1.45768e+07 1.59088e+07 1.59088e+07 1.45768e+07 1.21339e+07 8.98961e+06 5.68041e+06 2.7849e+06 823789 58095.8 3059.27 172.679 9.64889 0.485927 0.0202722
0.248118 6.99295 163.379 3212 53495.9 1.15258e+06 3.32582e+07 1.17255e+08 2.4024e+08 3.80407e+08 5.13492e+08 6.1687e+08 6.73227e+08 6.73228e+08 6.1687e+08 5.13492e+08 3.80407e+08 2.4024e+08 1.17255e+08 3.32582e+07 1.15258e+06 53495.9 3212 163.379 6.99295 0.248118
2.2877 79.1522 2393.93 62940.2 1.24516e+06 1.80686e+07 1.63972e+09 5.91661e+09 1.21214e+10 1.9178e+10 2.58746e+10 3.10756e+10 3.39109e+10 3.39109e+10 3.10756e+10 2.58746e+10 1.9178e+10 1.21214e+10 5.91661e+09 1.63972e+09 1.80686e+07 1.24516e+06 62940.2 2393.93 79.1522 2.2877
13.2571 557.228 22325.4 895609 3.61585e+07 1.75351e+09 1.56228e+11 5.43145e+11 1.09736e+12 1.72503e+12 2.31998e+12 2.78209e+12 3.03412e+12 3.03412e+12 2.78209e+12 2.31998e+12 1.72503e+12 1.09736e+12 5.43145e+11 1.56228e+11 1.75351e+09 3.61585e+07 895609 22325.4 557.228 13.2571
39.1373 1717.18 72064.9 3.02731e+06 1.27462e+08 6.33499e+09 5.45242e+11 1.8912e+12 3.81771e+12 5.99895e+12 8.06635e+12 9.67219e+12 1.0548e+13 1.0548e+13 9.67219e+12 8.06635e+12 5.99895e+12 3.81771e+12 1.8912e+12 5.45242e+11 6.33499e+09 1.27462e+08 3.02731e+06 72064.9 1717.18 39.1373
77.9205 3449.63 145954 6.17109e+06 2.60987e+08 1.29757e+10 1.10271e+12 3.82161e+12 7.71228e+12 1.2117e+13 1.62917e+13 1.95345e+13 2.1303e+13 2.1303e+13 1.95345e+13 1.62917e+13 1.2117e+13 7.71228e+12 3.82161e+12 1.10271e+12 1.29757e+10 2.60987e+08 6.17109e+06 145954 3449.63 77.9205
122.697 5441.88 230580 9.75856e+06 4.12928e+08 2.05172e+10 1.73371e+12 6.00619e+12 1.21193e+13 1.90398e+13 2.55989e+13 3.06938e+13 3.34724e+13 3.34724e+13 3.06938e+13 2.55989e+13 1.90398e+13 1.21193e+13 6.00619e+12 1.73371e+12 2.05172e+10 4.12928e+08 9.75856e+06 230580 5441.88 122.697
165.368 7336.99 310952 1.31616e+07 5.56949e+08 2.76622e+10 2.33129e+12 8.07499e+12 1.62927e+13 2.55957e+13 3.44128e+13 4.12615e+13 4.49968e+13 4.49968e+13 4.12615e+13 3.44128e+13 2.55957e+13 1.62927e+13 8.07499e+12 2.33129e+12 2.76622e+10 5.56949e+08 1.31616e+07 310952 7336.99 165.368
198.529 8808.74 373333 1.58019e+07 6.68652e+08 3.32033e+10 2.79503e+12 9.68054e+12 1.95317e+13 3.06837e+13 4.12533e+13 4.94632e+13 5.39409e+13 5.39409e+13 4.94632e+13 4.12533e+13 3.06837e+13 1.95317e+13 9.68054e+12 2.79503e+12 3.32033e+10 6.68652e+08 1.58019e+07 373333 8808.74 198.529
216.604 9610.67 407316 1.72399e+07 7.29485e+08 3.62208e+10 3.04777e+12 1.05556e+13 2.12971e+13 3.3457e+13 4.49817e+13 5.39337e+13 5.8816e+13 5.8816e+13 5.39337e+13 4.49817e+13 3.3457e+13 2.12971e+13 1.05556e+13 3.04777e+12 3.62208e+10 7.29485e+08 1.72399e+07 407316 9610.67 216.604
216.604 9610.67 407316 1.72399e+07 7.29485e+08 3.62208e+10 3.04777e+12 1.05556e+13 2.12971e+13 3.3457e+13 4.49817e+13 5.39337e+13 5.8816e+13 5.8816e+13 5.39337e+13 4.49817e+13 3.3457e+13 2.12971e+13 1.05556e+13 3.04777e+12 3.62208e+10 7.29485e+08 1.72399e+07 407316 9610.67 216.604
198.529 8808.74 373333 1.58019e+07 6.68652e+08 3.32033e+10 2.79503e+12 9.68054e+12 1.95317e+13 3.06837e+13 4.12533e+13 4.94632e+13 5.39409e+13 5.39409e+13 4.94632e+13 4.12533e+13 3.06837e+13 1.95317e+13 9.68054e+12 2.79503e+12 3.32033e+10 6.68652e+08 1.58019e+07 373333 8808.74 198.529
165.368 7336.99 310952 1.31616e+07 5.56949e+08 2.76622e+10 2.33129e+12 8.07499e+12 1.62927e+13 2.55957e+13 3.44128e+13 4.12615e+13 4.49968e+13 4.49968e+13 4.12615e+13 3.44128e+13 2.55957e+13 1.62927e+13 8.07499e+12 2.33129e+12 2.76622e+10 5.56949e+08 1.31616e+07 310952 7336.99 165.368
122.697 5441.88 230580 9.75856e+06 4.12928e+08 2.05172e+10 1.73371e+12 6.00619e+12 1.21193e+13 1.90398e+13 2.55989e+13 3.06938e+13 3.34724e+13 3.34724e+13 3.06938e+13 2.55989e+13 1.90398e+13 1.21193e+13 6.00619e+12 1.73371e+12 2.05172e+10 4.12928e+08 9.75856e+06 230580 5441.88 122.697
77.9205 3449.63 145954 6.17109e+06 2.60987e+08 1.29757e+10 1.10271e+12 3.82161e+12 7.71228e+12 1.2117e+13 1.62917e+13 1.95345e+13 2.1303e+13 2.1303e+13 1.95345e+13 1.62917e+13 1.2117e+13 7.71228e+12 3.82161e+12 1.10271e+12 1.29757e+10 2.60987e+08 6.17109e+06 145954 3449.63 77.9205
39.1373 1717.18 72064.9 3.02731e+06 1.27462e+08 6.33499e+09 5.45242e+11 1.8912e+12 3.81771e+12 5.99895e+12 8.06635e+12 9.67219e+12 1.0548e+13 1.0548e+13 9.67219e+12 8.06635e+12 5.99895e+12 3.81771e+12 1.8912e+12 5.45242e+11 6.33499e+09 1.27462e+08 3.02731e+06 72064.9 1717.18 39.1373
13.2571 557.228 22325.4 895609 3.61585e+07 1.75351e+09 1.56228e+11 5.43145e+11 1.09736e+12 1.72503e+12 2.31998e+12 2.78209e+12 3.03412e+12 3.03412e+12 2.78209e+12 2.31998e+12 1.72503e+12 1.09736e+12 5.43145e+11 1.56228e+11 1.75351e+09 3.61585e+07 895609 22325.4 557.228 13.2571
2.2877 79.1522 2393.93 62940.2 1.24516e+06 1.80686e+07 1.63972e+09 5.91661e+09 1.21214e+10 1.9178e+10 2.58746e+10 3.10756e+10 3.39109e+10 3.39109e+10 3.10756e+10 2.58746e+10 1.9178e+10 1.21214e+10 5.91661e+09 1.63972e+09 1.80686e+07 1.24516e+06 62940.2 2393.93 79.1522 2.2877
0.248118 6.99295 163.379 3212 53495.9 1.15258e+06 3.32582e+07 1.17255e+08 2.4024e+08 3.80407e+08 5.13492e+08 6.1687e+08 6.73228e+08 6.73227e+08 6.1687e+08 5.13492e+08 3.80407e+08 2.4024e+08 1.17255e+08 3.32582e+07 1.15258e+06 53495.9 3212 163.379 6.99295 0.248118
0.0202722 0.485927 9.64889 172.679 3059.27 58095.8 823789 2.7849e+06 5.68041e+06 8.98961e+06 1.21339e+07 1.45768e+07 1.59088e+07 1.59088e+07 1.45768e+07 1.21339e+07 8.98961e+06 5.68041e+06 2.7849e+06 823789 58095.8 3059.27 172.679 9.64889 0.485927 0.0202722
0.00140231 0.0300871 0.545934 9.31235 152.869 2206.9 20535 66294.3 134346 212401 286650 344360 375829 375829 344360 286650 212401 134346 66294.3 20535 2206.9 152.869 9.31235 0.545934 0.0300871 0.00140231
8.72413e-05 0.00173137 0.029259 0.459903 6.49551 72.9164 512.531 1579.66 3175.19 5012.59 6763.08 8124.37 8866.82 8866.82 8124.37 6763.08 5012.59 3175.19 1579.66 512.531 72.9164 6.49551 0.459903 0.029259 0.00173137 8.72413e-05
4.57897e-06 8.53637e-05 0.00133983 0.0189931 0.229669 2.10651 12.1933 36.0025 71.7193 113.012 152.421 183.089 199.819 199.819 183.089 152.421 113.012 71.7193 36.0025 12.1933 2.10651 0.229669 0.0189931 0.00133983 8.53637e-05 4.57897e-06
