2.13723e-07 3.99594e-06 6.30086e-05 0.000898201 0.0109196 0.100573 0.583802 1.72745 3.4488 5.4465 7.36035 8.85439 9.67115 9.67115 8.85439 7.36035 5.4465 3.4488 1.72745 0.583802 0.100573 0.0109196 0.000898201 6.30086e-05 3.99594e-06 2.13723e-07
4.0687e-06 8.08858e-05 0.00137206 0.0216934 0.308417 3.48079 24.5482 75.8281 152.769 241.73 326.819 393.209 429.496 429.496 393.209 326.819 241.73 152.769 75.8281 24.5482 3.48079 0.308417 0.0216934 0.00137206 8.08858e-05 4.0687e-06
6.54369e-05 0.00140415 0.0255215 0.437456 7.23822 105.282 983.801 3183.43 6466.72 10248.5 13860.8 16678.2 18217.9 18217.9 16678.2 13860.8 10248.5 6466.72 3183.43 983.801 105.282 7.23822 0.437456 0.0255215 0.00140415 6.54369e-05
0.000948239 0.0227061 0.450468 8.07166 144.04 2766.7 39471.7 133761 273515 433943 587032 706401 771636 771636 706401 587032 433943 273515 133761 39471.7 2766.7 144.04 8.07166 0.450468 0.0227061 0.000948239
0.0116492 0.327969 7.64744 149.907 2494.56 54610.3 1.59358e+06 5.63249e+06 1.15701e+07 1.83686e+07 2.48525e+07 2.99078e+07 3.26704e+07 3.26704e+07 2.99078e+07 2.48525e+07 1.83686e+07 1.15701e+07 5.63249e+06 1.59358e+06 54610.3 2494.56 149.907 7.64744 0.327969 0.0116492
0.107849 3.73011 112.698 2955.71 58079.5 835633 7.84175e+07 2.8371e+08 5.82766e+08 9.24443e+08 1.25012e+09 1.50399e+09 1.64271e+09 1.64271e+09 1.50399e+09 1.25012e+09 9.24443e+08 5.82766e+08 2.8371e+08 7.84175e+07 835633 58079.5 2955.71 112.698 3.73011 0.107849
0.627243 26.3747 1057.01 42410 1.71231e+06 8.32224e+07 7.47231e+09 2.60207e+10 5.26621e+10 8.29256e+10 1.11695e+11 1.34093e+11 1.46328e+11 1.46328e+11 1.34093e+11 1.11695e+11 8.29256e+10 5.26621e+10 2.60207e+10 7.47231e+09 8.32224e+07 1.71231e+06 42410 1057.01 26.3747 0.627243
1.85634 81.4893 3421.27 143763 6.05404e+06 3.01481e+08 2.6114e+10 9.07147e+10 1.83423e+11 2.88696e+11 3.88753e+11 4.6665e+11 5.09196e+11 5.09196e+11 4.6665e+11 3.88753e+11 2.88696e+11 1.83423e+11 9.07147e+10 2.6114e+10 3.01481e+08 6.05404e+06 143763 3421.27 81.4893 1.85634
3.70469 164.109 6947.02 293841 1.24305e+07 6.19186e+08 5.29031e+10 1.83607e+11 3.71123e+11 5.84026e+11 7.86368e+11 9.43892e+11 1.02993e+12 1.02993e+12 9.43892e+11 7.86368e+11 5.84026e+11 3.71123e+11 1.83607e+11 5.29031e+10 6.19186e+08 1.24305e+07 293841 6947.02 164.109 3.70469
5.84709 259.512 11002.7 465883 1.9721e+07 9.817e+08 8.33233e+10 2.89055e+11 5.84168e+11 9.19213e+11 1.23763e+12 1.48552e+12 1.62091e+12 1.62091e+12 1.48552e+12 1.23763e+12 9.19213e+11 5.84168e+11 2.89055e+11 8.33233e+10 9.817e+08 1.9721e+07 465883 11002.7 259.512 5.84709
7.89671 350.633 14870.8 629804 2.66633e+07 1.32673e+09 1.12221e+11 3.89212e+11 7.86515e+11 1.23756e+12 1.66622e+12 1.99992e+12 2.18219e+12 2.18219e+12 1.99992e+12 1.66622e+12 1.23756e+12 7.86515e+11 3.89212e+11 1.12221e+11 1.32673e+09 2.66633e+07 629804 14870.8 350.633 7.89671
9.49476 421.637 17883.6 757444 3.20683e+07 1.59531e+09 1.34703e+11 4.67132e+11 9.43933e+11 1.48522e+12 1.99964e+12 2.40011e+12 2.61884e+12 2.61884e+12 2.40011e+12 1.99964e+12 1.48522e+12 9.43933e+11 4.67132e+11 1.34703e+11 1.59531e+09 3.20683e+07 757444 17883.6 421.637 9.49476
10.3676 460.413 19528.7 827133 3.50191e+07 1.74193e+09 1.46976e+11 5.09668e+11 1.02987e+12 1.62043e+12 2.18166e+12 2.61858e+12 2.85721e+12 2.85721e+12 2.61858e+12 2.18166e+12 1.62043e+12 1.02987e+12 5.09668e+11 1.46976e+11 1.74193e+09 3.50191e+07 827133 19528.7 460.413 10.3676
10.3676 460.413 19528.7 827133 3.50191e+07 1.74193e+09 1.46976e+11 5.09668e+11 1.02987e+12 1.62043e+12 2.18166e+12 2.61858e+12 2.85721e+12 2.85721e+12 2.61858e+12 2.18166e+12 1.62043e+12 1.02987e+12 5.09668e+11 1.46976e+11 1.74193e+09 3.50191e+07 827133 19528.7 460.413 10.3676
9.49476 421.637 17883.6 757444 3.20683e+07 1.59531e+09 1.34703e+11 4.67132e+11 9.43933e+11 1.48522e+12 1.99964e+12 2.40011e+12 2.61884e+12 2.61884e+12 2.40011e+12 1.99964e+12 1.48522e+12 9.43933e+11 4.67132e+11 1.34703e+11 1.59531e+09 3.20683e+07 757444 17883.6 421.637 9.49476
7.89671 350.633 14870.8 629804 2.66633e+07 1.32673e+09 1.12221e+11 3.89212e+11 7.86515e+11 1.23756e+12 1.66622e+12 1.99992e+12 2.18219e+12 2.18219e+12 1.99992e+12 1.66622e+12 1.23756e+12 7.86515e+11 3.89212e+11 1.12221e+11 1.32673e+09 2.66633e+07 629804 14870.8 350.633 7.89671
5.84709 259.512 11002.7 465883 1.9721e+07 9.817e+08 8.33233e+10 2.89055e+11 5.84168e+11 9.19213e+11 1.23763e+12 1.48552e+12 1.62091e+12 1.62091e+12 1.48552e+12 1.23763e+12 9.19213e+11 5.84168e+11 2.89055e+11 8.33233e+10 9.817e+08 1.9721e+07 465883 11002.7 259.512 5.84709
3.70469 164.109 6947.02 293841 1.24305e+07 6.19186e+08 5.29031e+10 1.83607e+11 3.71123e+11 5.84026e+11 7.86368e+11 9.43892e+11 1.02993e+12 1.02993e+12 9.43892e+11 7.86368e+11 5.84026e+11 3.71123e+11 1.83607e+11 5.29031e+10 6.19186e+08 1.24305e+07 293841 6947.02 164.109 3.70469
1.85634 81.4893 3421.27 143763 6.05404e+06 3.01481e+08 2.6114e+10 9.07147e+10 1.83423e+11 2.88696e+11 3.88753e+11 4.6665e+11 5.09196e+11 5.09196e+11 4.6665e+11 3.88753e+11 2.88696e+11 1.83423e+11 9.07147e+10 2.6114e+10 3.01481e+08 6.05404e+06 143763 3421.27 81.4893 1.85634
0.627243 26.3747 1057.01 42410 1.71231e+06 8.32224e+07 7.47231e+09 2.60207e+10 5.26621e+10 8.29256e+10 1.11695e+11 1.34093e+11 1.46328e+11 1.46328e+11 1.34093e+11 1.11695e+11 8.29256e+10 5.26621e+10 2.60207e+10 7.47231e+09 8.32224e+07 1.71231e+06 42410 1057.01 26.3747 0.627243
0.107849 3.73011 112.698 2955.71 58079.5 835633 7.84175e+07 2.8371e+08 5.82766e+08 9.24443e+08 1.25012e+09 1.50399e+09 1.64271e+09 1.64271e+09 1.50399e+09 1.25012e+09 9.24443e+08 5.82766e+08 2.8371e+08 7.84175e+07 835633 58079.5 2955.71 112.698 3.73011 0.107849
0.0116492 0.327969 7.64744 149.907 2494.56 54610.3 1.59358e+06 5.63249e+06 1.15701e+07 1.83686e+07 2.48525e+07 2.99078e+07 3.26704e+07 3.26704e+07 2.99078e+07 2.48525e+07 1.83686e+07 1.15701e+07 5.63249e+06 1.59358e+06 54610.3 2494.56 149.907 7.64744 0.327969 0.0116492
0.000948239 0.0227061 0.450468 8.07166 144.04 2766.7 39471.7 133761 273515 433943 587032 706401 771636 771636 706401 587032 433943 273515 133761 39471.7 2766.7 144.04 8.07166 0.450468 0.0227061 0.000948239
6.54369e-05 0.00140415 0.0255215 0.437456 7.23822 105.282 983.801 3183.43 6466.72 10248.5 13860.8 16678.2 18217.9 18217.9 16678.2 13860.8 10248.5 6466.72 3183.43 983.801 105.282 7.23822 0.437456 0.0255215 0.00140415 6.54369e-05
4.0687e-06 8.08858e-05 0.00137206 0.0216934 0.308417 3.48079 24.5482 75.8281 152.769 241.73 326.819 393.209 429.496 429.496 393.209 326.819 241.73 152.769 75.8281 24.5482 3.48079 0.308417 0.0216934 0.00137206 8.08858e-05 4.0687e-06
2.13723e-07 3.99594e-06 6.30086e-05 0.000898201 0.0109196 0.100573 0.583802 1.72745 3.4488 5.4465 7.36035 8.85439 9.67115 9.67115 8.85439 7.36035 5.4465 3.4488 1.72745 0.583802 0.100573 0.0109196 0.000898201 6.30086e-05 3.99594e-06 2.13723e-07
