0.282438 5.32904 84.8698 1221.67 14984.3 139044 811703 2.40985e+06 4.81888e+06 7.609e+06 1.02679e+07 1.23299e+07 1.34511e+07 1.34511e+07 1.23299e+07 1.02679e+07 7.609e+06 4.81888e+06 2.40985e+06 811703 139044 14984.3 1221.67 84.8698 5.32904 0.282438
5.41137 108.584 1860.72 29725.6 426776 4.85646e+06 3.44596e+07 1.0684e+08 2.15666e+08 3.41263e+08 4.60742e+08 5.53316e+08 6.03629e+08 6.03629e+08 5.53316e+08 4.60742e+08 3.41263e+08 2.15666e+08 1.0684e+08 3.44596e+07 4.85646e+06 426776 29725.6 1860.72 108.584 5.41136
87.6425 1897.57 34816 602816 1.00813e+07 1.48015e+08 1.39216e+09 4.52317e+09 9.20913e+09 1.45973e+10 1.97147e+10 2.36763e+10 2.58284e+10 2.58284e+10 2.36763e+10 1.97147e+10 1.45973e+10 9.20913e+09 4.52317e+09 1.39216e+09 1.48015e+08 1.00813e+07 602816 34816 1897.57 87.6425
1279.44 30900.4 617956 1.11622e+07 2.0127e+08 3.91058e+09 5.61969e+10 1.91286e+11 3.92156e+11 6.22351e+11 8.40679e+11 1.00957e+12 1.10127e+12 1.10127e+12 1.00957e+12 8.40679e+11 6.22351e+11 3.92156e+11 1.91286e+11 5.61969e+10 3.91058e+09 2.0127e+08 1.11622e+07 617956 30900.4 1279.44
15838.4 449763 1.05628e+07 2.08143e+08 3.48256e+09 7.7335e+10 2.27841e+12 8.09242e+12 1.66715e+13 2.64772e+13 3.57679e+13 4.29498e+13 4.68472e+13 4.68472e+13 4.29498e+13 3.57679e+13 2.64772e+13 1.66715e+13 8.09242e+12 2.27841e+12 7.7335e+10 3.48256e+09 2.08143e+08 1.05628e+07 449763 15838.4
147695 5.15478e+06 1.56908e+08 4.13579e+09 8.13502e+10 1.16987e+12 1.12262e+14 4.08413e+14 8.41769e+14 1.33624e+15 1.80461e+15 2.16666e+15 2.36314e+15 2.36314e+15 2.16666e+15 1.80461e+15 1.33624e+15 8.41769e+14 4.08413e+14 1.12262e+14 1.16987e+12 8.13502e+10 4.13579e+09 1.56908e+08 5.15478e+06 147695
864076 3.6686e+07 1.48226e+09 5.98414e+10 2.42658e+12 1.18409e+14 1.07041e+16 3.74613e+16 7.61283e+16 1.20172e+17 1.62014e+17 1.9451e+17 2.12215e+17 2.12215e+17 1.9451e+17 1.62014e+17 1.20172e+17 7.61283e+16 3.74613e+16 1.07041e+16 1.18409e+14 2.42658e+12 5.98414e+10 1.48226e+09 3.6686e+07 864076
2.56532e+06 1.1375e+08 4.81652e+09 2.03729e+11 8.62045e+12 4.31182e+14 3.75778e+16 1.3116e+17 2.66253e+17 4.20072e+17 5.66199e+17 6.797e+17 7.41548e+17 7.41548e+17 6.797e+17 5.66199e+17 4.20072e+17 2.66253e+17 1.3116e+17 3.75778e+16 4.31182e+14 8.62045e+12 2.03729e+11 4.81652e+09 1.1375e+08 2.56532e+06
5.12526e+06 2.29408e+08 9.79738e+09 4.1727e+11 1.77421e+13 8.88052e+14 7.64016e+16 2.66389e+17 5.40481e+17 8.52439e+17 1.14872e+18 1.37881e+18 1.50418e+18 1.50418e+18 1.37881e+18 1.14872e+18 8.52438e+17 5.40481e+17 2.66389e+17 7.64016e+16 8.88052e+14 1.77421e+13 4.1727e+11 9.79738e+09 2.29408e+08 5.12526e+06
8.08252e+06 3.62535e+08 1.55089e+10 6.61286e+11 2.81369e+13 1.40785e+15 1.20553e+17 4.20127e+17 8.52125e+17 1.3436e+18 1.81021e+18 2.17248e+18 2.36985e+18 2.36985e+18 2.17248e+18 1.81021e+18 1.3436e+18 8.52125e+17 4.20127e+17 1.20553e+17 1.40785e+15 2.81369e+13 6.61286e+11 1.55089e+10 3.62535e+08 8.08252e+06
1.08925e+07 4.88791e+08 2.0916e+10 8.91959e+11 3.79521e+13 1.89852e+15 1.62405e+17 5.6587e+17 1.14749e+18 1.80895e+18 2.43674e+18 2.92402e+18 3.18944e+18 3.18944e+18 2.92402e+18 2.43674e+18 1.80895e+18 1.14749e+18 5.6587e+17 1.62405e+17 1.89852e+15 3.79521e+13 8.91959e+11 2.0916e+10 4.88791e+08 1.08925e+07
1.30657e+07 5.86338e+08 2.50897e+10 1.06985e+12 4.55151e+13 2.2766e+15 1.94837e+17 6.78836e+17 1.3764e+18 2.16952e+18 2.92206e+18 3.50606e+18 3.82412e+18 3.82412e+18 3.50606e+18 2.92206e+18 2.16952e+18 1.3764e+18 6.78836e+17 1.94837e+17 2.2766e+15 4.55151e+13 1.06985e+12 2.50897e+10 5.86338e+08 1.30657e+07
1.4245e+07 6.39247e+08 2.73521e+10 1.16623e+12 4.96098e+13 2.4813e+15 2.1248e+17 7.403e+17 1.50095e+18 2.36566e+18 3.18602e+18 3.82258e+18 4.16924e+18 4.16924e+18 3.82258e+18 3.18602e+18 2.36566e+18 1.50095e+18 7.403e+17 2.1248e+17 2.4813e+15 4.96098e+13 1.16623e+12 2.73521e+10 6.39247e+08 1.4245e+07
1.4245e+07 6.39247e+08 2.73521e+10 1.16623e+12 4.96098e+13 2.4813e+15 2.1248e+17 7.403e+17 1.50095e+18 2.36566e+18 3.18602e+18 3.82258e+18 4.16924e+18 4.16924e+18 3.82258e+18 3.18602e+18 2.36566e+18 1.50095e+18 7.403e+17 2.1248e+17 2.4813e+15 4.96098e+13 1.16623e+12 2.73521e+10 6.39247e+08 1.4245e+07
1.30657e+07 5.86338e+08 2.50897e+10 1.06985e+12 4.55151e+13 2.2766e+15 1.94837e+17 6.78836e+17 1.3764e+18 2.16952e+18 2.92206e+18 3.50606e+18 3.82412e+18 3.82412e+18 3.50606e+18 2.92206e+18 2.16952e+18 1.3764e+18 6.78836e+17 1.94837e+17 2.2766e+15 4.55151e+13 1.06985e+12 2.50897e+10 5.86338e+08 1.30657e+07
1.08925e+07 4.88791e+08 2.0916e+10 8.91959e+11 3.79521e+13 1.89852e+15 1.62405e+17 5.6587e+17 1.14749e+18 1.80895e+18 2.43674e+18 2.92402e+18 3.18944e+18 3.18944e+18 2.92402e+18 2.43674e+18 1.80895e+18 1.14749e+18 5.6587e+17 1.62405e+17 1.89852e+15 3.79521e+13 8.91959e+11 2.0916e+10 4.88791e+08 1.08925e+07
8.08252e+06 3.62535e+08 1.55089e+10 6.61286e+11 2.81369e+13 1.40785e+15 1.20553e+17 4.20127e+17 8.52125e+17 1.3436e+18 1.81021e+18 2.17248e+18 2.36985e+18 2.36985e+18 2.17248e+18 1.81021e+18 1.3436e+18 8.52125e+17 4.20127e+17 1.20553e+17 1.40785e+15 2.81369e+13 6.61286e+11 1.55089e+10 3.62535e+08 8.08252e+06
5.12526e+06 2.29408e+08 9.79738e+09 4.1727e+11 1.77421e+13 8.88052e+14 7.64016e+16 2.66389e+17 5.40481e+17 8.52438e+17 1.14872e+18 1.37881e+18 1.50418e+18 1.50418e+18 1.37881e+18 1.14872e+18 8.52439e+17 5.40481e+17 2.66389e+17 7.64016e+16 8.88051e+14 1.77421e+13 4.1727e+11 9.79738e+09 2.29408e+08 5.12526e+06
2.56532e+06 1.1375e+08 4.81652e+09 2.03729e+11 8.62045e+12 4.31182e+14 3.75778e+16 1.3116e+17 2.66253e+17 4.20072e+17 5.66199e+17 6.797e+17 7.41548e+17 7.41548e+17 6.797e+17 5.66199e+17 4.20072e+17 2.66253e+17 1.3116e+17 3.75778e+16 4.31182e+14 8.62045e+12 2.03729e+11 4.81652e+09 1.1375e+08 2.56532e+06
864076 3.6686e+07 1.48226e+09 5.98414e+10 2.42658e+12 1.18409e+14 1.07041e+16 3.74613e+16 7.61283e+16 1.20172e+17 1.62014e+17 1.9451e+17 2.12215e+17 2.12215e+17 1.9451e+17 1.62014e+17 1.20172e+17 7.61283e+16 3.74613e+16 1.07041e+16 1.18409e+14 2.42658e+12 5.98414e+10 1.48226e+09 3.6686e+07 864076
147695 5.15478e+06 1.56908e+08 4.13579e+09 8.13502e+10 1.16987e+12 1.12262e+14 4.08413e+14 8.41769e+14 1.33624e+15 1.80461e+15 2.16666e+15 2.36314e+15 2.36314e+15 2.16666e+15 1.80461e+15 1.33624e+15 8.41769e+14 4.08413e+14 1.12262e+14 1.16987e+12 8.13502e+10 4.13579e+09 1.56908e+08 5.15478e+06 147695
15838.4 449763 1.05628e+07 2.08143e+08 3.48256e+09 7.7335e+10 2.27841e+12 8.09242e+12 1.66715e+13 2.64772e+13 3.57679e+13 4.29498e+13 4.68472e+13 4.68472e+13 4.29498e+13 3.57679e+13 2.64772e+13 1.66715e+13 8.09242e+12 2.27841e+12 7.7335e+10 3.48256e+09 2.08143e+08 1.05628e+07 449763 15838.4
1279.44 30900.4 617956 1.11622e+07 2.0127e+08 3.91058e+09 5.61969e+10 1.91286e+11 3.92156e+11 6.22351e+11 8.40679e+11 1.00957e+12 1.10127e+12 1.10127e+12 1.00957e+12 8.40679e+11 6.22351e+11 3.92156e+11 1.91286e+11 5.61969e+10 3.91058e+09 2.0127e+08 1.11622e+07 617956 30900.4 1279.44
87.6425 1897.57 34816 602816 1.00813e+07 1.48015e+08 1.39216e+09 4.52317e+09 9.20913e+09 1.45973e+10 1.97147e+10 2.36763e+10 2.58284e+10 2.58284e+10 2.36763e+10 1.97147e+10 1.45973e+10 9.20913e+09 4.52317e+09 1.39216e+09 1.48015e+08 1.00813e+07 602816 34816 1897.57 87.6425
5.41136 108.584 1860.72 29725.6 426776 4.85646e+06 3.44596e+07 1.0684e+08 2.15666e+08 3.41263e+08 4.60742e+08 5.53316e+08 6.03629e+08 6.03629e+08 5.53316e+08 4.60742e+08 3.41263e+08 2.15666e+08 1.0684e+08 3.44596e+07 4.85646e+06 426776 29725.6 1860.72 108.584 5.41136
0.282438 5.32904 84.8698 1221.67 14984.3 139044 811703 2.40985e+06 4.81888e+06 7.609e+06 1.02679e+07 1.23299e+07 1.34511e+07 1.34511e+07 1.23299e+07 1.02679e+07 7.609e+06 4.81888e+06 2.40985e+06 811703 139044 14984.3 1221.67 84.8698 5.32904 0.282438
