0.000132726 0.00247225 0.0387451 0.548186 6.61645 60.6005 350.485 1034.38 2059.64 3244.03 4373.44 5251.67 5730.52 5730.52 5251.67 4373.44 3244.03 2059.64 1034.38 350.485 60.6005 6.61645 0.548186 0.0387451 0.00247225 0.000132726
0.00253007 0.0501925 0.84725 13.2907 187.276 2098.35 14733.8 45388.7 91192.7 143897 194065 233047 254297 254297 233047 194065 143897 91192.7 45388.7 14733.8 2098.35 187.276 13.2907 0.84725 0.0501925 0.00253007
0.0406672 0.872759 15.8311 269.615 4413.4 63540.5 590385 1.90501e+06 3.85877e+06 6.09781e+06 8.22573e+06 9.87829e+06 1.07789e+07 1.07789e+07 9.87829e+06 8.22573e+06 6.09781e+06 3.85877e+06 1.90501e+06 590385 63540.5 4413.4 269.615 15.8311 0.872759 0.0406672
0.587467 14.0915 279.993 5010 88536.6 1.67415e+06 2.36862e+07 8.0032e+07 1.63167e+08 2.58096e+08 3.48207e+08 4.18161e+08 4.56278e+08 4.56278e+08 4.18161e+08 3.48207e+08 2.58096e+08 1.63167e+08 8.0032e+07 2.36862e+07 1.67415e+06 88536.6 5010 279.993 14.0915 0.587467
7.18121 202.537 4736.85 93257.5 1.5542e+06 3.32869e+07 9.56343e+08 3.3699e+09 6.90118e+09 1.09221e+10 1.47361e+10 1.76962e+10 1.93089e+10 1.93089e+10 1.76962e+10 1.47361e+10 1.09221e+10 6.90118e+09 3.3699e+09 9.56343e+08 3.32869e+07 1.5542e+06 93257.5 4736.85 202.537 7.18121
66.1207 2288.65 69264 1.8232e+06 3.61706e+07 5.26777e+08 4.71863e+10 1.70165e+11 3.48453e+11 5.51035e+11 7.43095e+11 8.92134e+11 9.73333e+11 9.73333e+11 8.92134e+11 7.43095e+11 5.51035e+11 3.48453e+11 1.70165e+11 4.71863e+10 5.26777e+08 3.61706e+07 1.8232e+06 69264 2288.65 66.1207
382.724 16088.4 644643 2.58626e+07 1.04422e+09 5.05968e+10 4.49492e+12 1.56228e+13 3.15561e+13 4.95921e+13 6.6679e+13 7.99448e+13 8.71771e+13 8.71771e+13 7.99448e+13 6.6679e+13 4.95921e+13 3.15561e+13 1.56228e+13 4.49492e+12 5.05968e+10 1.04422e+09 2.58626e+07 644643 16088.4 382.724
1129.19 49547.1 2.07948e+06 8.73593e+07 3.67835e+09 1.82685e+11 1.56846e+13 5.43891e+13 1.09768e+14 1.7244e+14 2.31811e+14 2.77907e+14 3.0304e+14 3.03039e+14 2.77907e+14 2.31811e+14 1.7244e+14 1.09768e+14 5.43891e+13 1.56846e+13 1.82685e+11 3.67835e+09 8.73593e+07 2.07948e+06 49547.1 1129.19
2247.02 99483.6 4.20938e+06 1.77984e+08 7.52754e+09 3.73996e+11 3.1713e+13 1.09881e+14 2.21697e+14 3.4823e+14 4.68097e+14 5.61164e+14 6.11906e+14 6.11906e+14 5.61164e+14 4.68097e+14 3.4823e+14 2.21697e+14 1.09881e+14 3.1713e+13 3.73996e+11 7.52754e+09 1.77984e+08 4.20938e+06 99483.6 2247.02
3536.48 156858 6.64654e+06 2.81301e+08 1.19033e+10 5.91046e+11 4.98459e+13 1.72646e+14 3.48289e+14 5.47042e+14 7.35324e+14 8.8151e+14 9.61215e+14 9.61215e+14 8.8151e+14 7.35324e+14 5.47042e+14 3.48289e+14 1.72646e+14 4.98458e+13 5.91046e+11 1.19033e+10 2.81301e+08 6.64654e+06 156858 3536.48
4764.23 211385 8.95897e+06 3.79209e+08 1.60466e+10 7.96473e+11 6.70078e+13 2.32051e+14 4.68104e+14 7.35211e+14 9.88246e+14 1.18471e+15 1.29183e+15 1.29183e+15 1.18471e+15 9.88246e+14 7.35211e+14 4.68104e+14 2.32051e+14 6.70078e+13 7.96473e+11 1.60466e+10 3.79209e+08 8.95897e+06 211385 4764.23
5717.63 253695 1.07522e+07 4.55101e+08 1.92572e+10 9.55638e+11 8.03188e+13 2.78129e+14 5.61044e+14 8.81176e+14 1.18444e+15 1.4199e+15 1.54829e+15 1.54829e+15 1.4199e+15 1.18444e+15 8.81176e+14 5.61044e+14 2.78129e+14 8.03188e+13 9.55638e+11 1.92572e+10 4.55101e+08 1.07522e+07 253695 5717.63
6236.98 276736 1.17285e+07 4.96412e+08 2.10045e+10 1.04226e+12 8.75707e+13 3.03235e+14 6.11684e+14 9.60707e+14 1.29134e+15 1.54806e+15 1.68802e+15 1.68802e+15 1.54806e+15 1.29134e+15 9.60707e+14 6.11684e+14 3.03235e+14 8.75707e+13 1.04226e+12 2.10045e+10 4.96412e+08 1.17285e+07 276736 6236.98
6236.98 276736 1.17285e+07 4.96412e+08 2.10045e+10 1.04226e+12 8.75707e+13 3.03235e+14 6.11684e+14 9.60707e+14 1.29134e+15 1.54806e+15 1.68802e+15 1.68802e+15 1.54806e+15 1.29134e+15 9.60707e+14 6.11684e+14 3.03235e+14 8.75707e+13 1.04226e+12 2.10045e+10 4.96412e+08 1.17285e+07 276736 6236.98
5717.63 253695 1.07522e+07 4.55101e+08 1.92572e+10 9.55638e+11 8.03188e+13 2.78129e+14 5.61044e+14 8.81176e+14 1.18444e+15 1.4199e+15 1.54829e+15 1.54829e+15 1.4199e+15 1.18444e+15 8.81176e+14 5.61044e+14 2.78129e+14 8.03188e+13 9.55638e+11 1.92572e+10 4.55101e+08 1.07522e+07 253695 5717.63
4764.23 211385 8.95897e+06 3.79209e+08 1.60466e+10 7.96473e+11 6.70078e+13 2.32051e+14 4.68104e+14 7.35211e+14 9.88246e+14 1.18471e+15 1.29183e+15 1.29183e+15 1.18471e+15 9.88246e+14 7.35211e+14 4.68104e+14 2.32051e+14 6.70078e+13 7.96473e+11 1.60466e+10 3.79209e+08 8.95897e+06 211385 4764.23
3536.48 156858 6.64654e+06 2.81301e+08 1.19033e+10 5.91046e+11 4.98458e+13 1.72646e+14 3.48289e+14 5.47042e+14 7.35324e+14 8.8151e+14 9.61215e+14 9.61215e+14 8.8151e+14 7.35324e+14 5.47042e+14 3.48289e+14 1.72646e+14 4.98459e+13 5.91046e+11 1.19033e+10 2.81301e+08 6.64654e+06 156858 3536.48
2247.02 99483.6 4.20938e+06 1.77984e+08 7.52754e+09 3.73996e+11 3.1713e+13 1.09881e+14 2.21697e+14 3.4823e+14 4.68097e+14 5.61164e+14 6.11906e+14 6.11906e+14 5.61164e+14 4.68097e+14 3.4823e+14 2.21697e+14 1.09881e+14 3.1713e+13 3.73996e+11 7.52754e+09 1.77984e+08 4.20938e+06 99483.6 2247.02
1129.19 49547.1 2.07948e+06 8.73593e+07 3.67835e+09 1.82685e+11 1.56846e+13 5.43891e+13 1.09768e+14 1.7244e+14 2.31811e+14 2.77907e+14 3.03039e+14 3.0304e+14 2.77907e+14 2.31811e+14 1.7244e+14 1.09768e+14 5.43891e+13 1.56846e+13 1.82685e+11 3.67835e+09 8.73593e+07 2.07948e+06 49547.1 1129.19
382.724 16088.4 644643 2.58626e+07 1.04422e+09 5.05968e+10 4.49492e+12 1.56228e+13 3.15561e+13 4.95921e+13 6.6679e+13 7.99448e+13 8.71771e+13 8.71771e+13 7.99448e+13 6.6679e+13 4.95921e+13 3.15561e+13 1.56228e+13 4.49492e+12 5.05968e+10 1.04422e+09 2.58626e+07 644643 16088.4 382.724
66.1207 2288.65 69264 1.8232e+06 3.61706e+07 5.26777e+08 4.71863e+10 1.70165e+11 3.48453e+11 5.51035e+11 7.43095e+11 8.92134e+11 9.73333e+11 9.73333e+11 8.92134e+11 7.43095e+11 5.51035e+11 3.48453e+11 1.70165e+11 4.71863e+10 5.26777e+08 3.61706e+07 1.8232e+06 69264 2288.65 66.1207
7.18121 202.537 4736.85 93257.5 1.5542e+06 3.32869e+07 9.56343e+08 3.3699e+09 6.90118e+09 1.09221e+10 1.47361e+10 1.76962e+10 1.93089e+10 1.93089e+10 1.76962e+10 1.47361e+10 1.09221e+10 6.90118e+09 3.3699e+09 9.56343e+08 3.32869e+07 1.5542e+06 93257.5 4736.85 202.537 7.18121
0.587467 14.0915 279.993 5010 88536.6 1.67415e+06 2.36862e+07 8.0032e+07 1.63167e+08 2.58096e+08 3.48207e+08 4.18161e+08 4.56278e+08 4.56278e+08 4.18161e+08 3.48207e+08 2.58096e+08 1.63167e+08 8.0032e+07 2.36862e+07 1.67415e+06 88536.6 5010 279.993 14.0915 0.587467
0.0406672 0.872759 15.8311 269.615 4413.4 63540.5 590385 1.90501e+06 3.85877e+06 6.09781e+06 8.22573e+06 9.87829e+06 1.07789e+07 1.07789e+07 9.87829e+06 8.22573e+06 6.09781e+06 3.85877e+06 1.90501e+06 590385 63540.5 4413.4 269.615 15.8311 0.872759 0.0406672
0.00253007 0.0501925 0.84725 13.2907 187.276 2098.35 14733.8 45388.7 91192.7 143897 194065 233047 254297 254297 233047 194065 143897 91192.7 45388.7 14733.8 2098.35 187.276 13.2907 0.84725 0.0501925 0.00253007
0.000132726 0.00247225 0.0387451 0.548186 6.61645 60.6005 350.485 1034.38 2059.64 3244.03 4373.44 5251.67 5730.52 5730.52 5251.67 4373.44 3244.03 2059.64 1034.38 350.485 60.6005 6.61645 0.548186 0.0387451 0.00247225 0.000132726
