3.17587e-08 5.9654e-07 9.47658e-06 0.000136315 0.00167153 0.0154999 0.0904165 0.26877 0.539437 0.8567 1.16375 1.40554 1.5385 1.5385 1.40554 1.16375 0.8567 0.539437 0.26877 0.0904165 0.0154999 0.00167153 0.000136315 9.47658e-06 5.9654e-07 3.17587e-08
6.03591e-07 1.20306e-05 0.000205307 0.00327708 0.0470878 0.536032 3.80166 11.7988 23.9011 38.0405 51.7083 62.4694 68.387 68.387 62.4694 51.7083 38.0405 23.9011 11.7988 3.80166 0.536032 0.0470878 0.00327708 0.000205307 1.20306e-05 6.03591e-07
9.71386e-06 0.000208408 0.00379761 0.0656092 1.09964 16.1881 152.324 495.313 1011.89 1613.41 2194.34 2651.7 2903.25 2903.25 2651.7 2194.34 1613.41 1011.89 495.313 152.324 16.1881 1.09964 0.0656092 0.00379761 0.000208408 9.71386e-06
0.000141295 0.00337616 0.0668557 1.20014 21.6732 424.048 6109.3 20808.1 42799.6 68333 92980.1 112387 123063 123063 112387 92980.1 68333 42799.6 20808.1 6109.3 424.048 21.6732 1.20014 0.0668557 0.00337616 0.000141295
0.00174643 0.0490567 1.13965 22.2226 369.217 8298.67 246526 875918 1.81031e+06 2.89295e+06 3.93792e+06 4.76096e+06 5.21381e+06 5.21381e+06 4.76096e+06 3.93792e+06 2.89295e+06 1.81031e+06 875918 246526 8298.67 369.217 22.2226 1.13965 0.0490567 0.00174643
0.0162791 0.562373 16.9529 442.608 8596.59 121896 1.20884e+07 4.39731e+07 9.08782e+07 1.45101e+08 1.974e+08 2.38577e+08 2.61229e+08 2.61229e+08 2.38577e+08 1.974e+08 1.45101e+08 9.08782e+07 4.39731e+07 1.20884e+07 121896 8596.59 442.608 16.9529 0.562373 0.0162791
0.0952776 4.00609 160.519 6438.28 259826 1.26671e+07 1.15164e+09 4.02298e+09 8.17225e+09 1.29199e+10 1.7466e+10 2.10273e+10 2.29806e+10 2.29806e+10 2.10273e+10 1.7466e+10 1.29199e+10 8.17225e+09 4.02298e+09 1.15164e+09 1.26671e+07 259826 6438.28 160.519 4.00609 0.0952776
0.283471 12.4455 522.526 21954.1 924283 4.61469e+07 4.03581e+09 1.406e+10 2.85288e+10 4.50725e+10 6.09059e+10 7.33054e+10 8.01046e+10 8.01046e+10 7.33054e+10 6.09059e+10 4.50725e+10 2.85288e+10 1.406e+10 4.03581e+09 4.61469e+07 924283 21954.1 522.526 12.4455 0.283471
0.568975 25.2128 1067.55 45159.5 1.91037e+06 9.53869e+07 8.20707e+09 2.85597e+10 5.79229e+10 9.14874e+10 1.23605e+11 1.48753e+11 1.62542e+11 1.62542e+11 1.48753e+11 1.23605e+11 9.14874e+10 5.79229e+10 2.85597e+10 8.20707e+09 9.53869e+07 1.91037e+06 45159.5 1067.55 25.2128 0.568975
0.903383 40.1177 1701.7 72081.1 3.05199e+06 1.5227e+08 1.29806e+10 4.51418e+10 9.15295e+10 1.44546e+11 1.9527e+11 2.34985e+11 2.5676e+11 2.56761e+11 2.34985e+11 1.9527e+11 1.44546e+11 9.15295e+10 4.51418e+10 1.29806e+10 1.5227e+08 3.05199e+06 72081.1 1701.7 40.1177 0.903383
1.22674 54.5127 2313.59 98043.9 4.15285e+06 2.07087e+08 1.7551e+10 6.10106e+10 1.23684e+11 1.95307e+11 2.63828e+11 3.17475e+11 3.46888e+11 3.46888e+11 3.17475e+11 2.63828e+11 1.95307e+11 1.23684e+11 6.10106e+10 1.7551e+10 2.07087e+08 4.15285e+06 98043.9 2313.59 54.5127 1.22674
1.48116 65.8367 2794.92 118469 5.01913e+06 2.5021e+08 2.11305e+10 7.34354e+10 1.48858e+11 2.35043e+11 3.17494e+11 3.82045e+11 4.17435e+11 4.17435e+11 3.82044e+11 3.17494e+11 2.35043e+11 1.48858e+11 7.34354e+10 2.11305e+10 2.5021e+08 5.01913e+06 118469 2794.92 65.8367 1.48116
1.62099 72.0603 3059.48 129698 5.49546e+06 2.73919e+08 2.30934e+10 8.02473e+10 1.62658e+11 2.56826e+11 3.46912e+11 4.17439e+11 4.56106e+11 4.56106e+11 4.17439e+11 3.46912e+11 2.56826e+11 1.62658e+11 8.02473e+10 2.30934e+10 2.73919e+08 5.49546e+06 129698 3059.48 72.0603 1.62099
1.62099 72.0603 3059.48 129698 5.49546e+06 2.73919e+08 2.30934e+10 8.02473e+10 1.62658e+11 2.56826e+11 3.46912e+11 4.17439e+11 4.56106e+11 4.56106e+11 4.17439e+11 3.46912e+11 2.56826e+11 1.62658e+11 8.02473e+10 2.30934e+10 2.73919e+08 5.49546e+06 129698 3059.48 72.0603 1.62099
1.48116 65.8367 2794.92 118469 5.01913e+06 2.5021e+08 2.11305e+10 7.34354e+10 1.48858e+11 2.35043e+11 3.17494e+11 3.82044e+11 4.17435e+11 4.17435e+11 3.82045e+11 3.17494e+11 2.35043e+11 1.48858e+11 7.34354e+10 2.11305e+10 2.5021e+08 5.01913e+06 118469 2794.92 65.8367 1.48116
1.22674 54.5127 2313.59 98043.9 4.15285e+06 2.07087e+08 1.7551e+10 6.10106e+10 1.23684e+11 1.95307e+11 2.63828e+11 3.17475e+11 3.46888e+11 3.46888e+11 3.17475e+11 2.63828e+11 1.95307e+11 1.23684e+11 6.10106e+10 1.7551e+10 2.07087e+08 4.15285e+06 98043.9 2313.59 54.5127 1.22674
0.903383 40.1177 1701.7 72081.1 3.05199e+06 1.5227e+08 1.29806e+10 4.51418e+10 9.15295e+10 1.44546e+11 1.9527e+11 2.34985e+11 2.56761e+11 2.5676e+11 2.34985e+11 1.9527e+11 1.44546e+11 9.15295e+10 4.51418e+10 1.29806e+10 1.5227e+08 3.05199e+06 72081.1 1701.7 40.1177 0.903383
0.568975 25.2128 1067.55 45159.5 1.91037e+06 9.53869e+07 8.20707e+09 2.85597e+10 5.79229e+10 9.14874e+10 1.23605e+11 1.48753e+11 1.62542e+11 1.62542e+11 1.48753e+11 1.23605e+11 9.14874e+10 5.79229e+10 2.85597e+10 8.20707e+09 9.53869e+07 1.91037e+06 45159.5 1067.55 25.2128 0.568975
0.283471 12.4455 522.526 21954.1 924283 4.61469e+07 4.03581e+09 1.406e+10 2.85288e+10 4.50725e+10 6.09059e+10 7.33054e+10 8.01046e+10 8.01046e+10 7.33054e+10 6.09059e+10 4.50725e+10 2.85288e+10 1.406e+10 4.03581e+09 4.61469e+07 924283 21954.1 522.526 12.4455 0.283471
0.0952776 4.00609 160.519 6438.28 259826 1.26671e+07 1.15164e+09 4.02298e+09 8.17225e+09 1.29199e+10 1.7466e+10 2.10273e+10 2.29806e+10 2.29806e+10 2.10273e+10 1.7466e+10 1.29199e+10 8.17225e+09 4.02298e+09 1.15164e+09 1.26671e+07 259826 6438.28 160.519 4.00609 0.0952776
0.0162791 0.562373 16.9529 442.608 8596.59 121896 1.20884e+07 4.39731e+07 9.08782e+07 1.45101e+08 1.974e+08 2.38577e+08 2.61229e+08 2.61229e+08 2.38577e+08 1.974e+08 1.45101e+08 9.08782e+07 4.39731e+07 1.20884e+07 121896 8596.59 442.608 16.9529 0.562373 0.0162791
0.00174643 0.0490567 1.13965 22.2226 369.217 8298.67 246526 875918 1.81031e+06 2.89295e+06 3.93792e+06 4.76096e+06 5.21381e+06 5.21381e+06 4.76096e+06 3.93792e+06 2.89295e+06 1.81031e+06 875918 246526 8298.67 369.217 22.2226 1.13965 0.0490567 0.00174643
0.000141295 0.00337616 0.0668557 1.20014 21.6732 424.048 6109.3 20808.1 42799.6 68333 92980.1 112387 123063 123063 112387 92980.1 68333 42799.6 20808.1 6109.3 424.048 21.6732 1.20014 0.0668557 0.00337616 0.000141295
9.71386e-06 0.000208408 0.00379761 0.0656092 1.09964 16.1881 152.324 495.313 1011.89 1613.41 2194.34 2651.7 2903.25 2903.25 2651.7 2194.34 1613.41 1011.89 495.313 152.324 16.1881 1.09964 0.0656092 0.00379761 0.000208408 9.71386e-06
6.03591e-07 1.20306e-05 0.000205307 0.00327708 0.0470878 0.536032 3.80166 11.7988 23.9011 38.0405 51.7083 62.4694 68.387 68.387 62.4694 51.7083 38.0405 23.9011 11.7988 3.80166 0.536032 0.0470878 0.00327708 0.000205307 1.20306e-05 6.03591e-07
3.17587e-08 5.9654e-07 9.47658e-06 0.000136315 0.00167153 0.0154999 0.0904165 0.26877 0.539437 0.8567 1.16375 1.40554 1.5385 1.5385 1.40554 1.16375 0.8567 0.539437 0.26877 0.0904165 0.0154999 0.00167153 0.000136315 9.47658e-06 5.9654e-07 3.17587e-08
