1.64445e-06 3.09367e-05 0.000492509 0.00710153 0.0872818 0.810964 4.73899 14.1166 28.4028 45.2228 61.5709 74.4898 81.6098 81.6098 74.4898 61.5709 45.2228 28.4028 14.1166 4.73899 0.810964 0.0872818 0.00710153 0.000492509 3.09367e-05 1.64445e-06
3.12607e-05 0.000623827 0.010666 0.170681 2.45909 28.0579 199.361 620.079 1259.36 2009.74 2738.34 3314.08 3631.43 3631.43 3314.08 2738.34 2009.74 1259.36 620.079 199.361 28.0579 2.45909 0.170681 0.010666 0.000623827 3.12607e-05
0.000503447 0.0108085 0.197194 3.41442 57.4059 847.54 7991.08 26043.2 53348.8 85300.4 116303 140804 154312 154312 140804 116303 85300.4 53348.8 26043.2 7991.08 847.54 57.4059 3.41442 0.197194 0.0108085 0.000503447
0.00733259 0.175253 3.47156 62.3835 1129.92 22197.3 320569 1.09441e+06 2.25748e+06 3.61481e+06 4.93142e+06 5.9722e+06 6.54618e+06 6.54618e+06 5.9722e+06 4.93142e+06 3.61481e+06 2.25748e+06 1.09441e+06 320569 22197.3 1129.92 62.3835 3.47156 0.175253 0.00733259
0.0907932 2.55087 59.2542 1154.92 19194.3 433853 1.29362e+07 4.6076e+07 9.5512e+07 1.531e+08 2.08965e+08 2.53146e+08 2.77518e+08 2.77518e+08 2.53146e+08 2.08965e+08 1.531e+08 9.5512e+07 4.6076e+07 1.29362e+07 433853 19194.3 1154.92 59.2542 2.55087 0.0907932
0.847975 29.3048 883.49 23056.3 446980 6.32343e+06 6.33874e+08 2.31162e+09 4.79174e+09 7.67427e+09 1.04685e+10 1.26775e+10 1.38958e+10 1.38958e+10 1.26775e+10 1.04685e+10 7.67427e+09 4.79174e+09 2.31162e+09 6.33874e+08 6.32343e+06 446980 23056.3 883.49 29.3048 0.847975
4.97297 209.208 8385.98 336429 1.35776e+07 6.62311e+08 6.03767e+10 2.1126e+11 4.30015e+11 6.81235e+11 9.22619e+11 1.11224e+12 1.21643e+12 1.21643e+12 1.11224e+12 9.22619e+11 6.81235e+11 4.30015e+11 2.1126e+11 6.03767e+10 6.62311e+08 1.35776e+07 336429 8385.98 209.208 4.97297
14.8282 651.419 27363.3 1.15005e+06 4.84257e+07 2.41897e+09 2.11912e+11 7.39393e+11 1.50316e+12 2.37953e+12 3.22107e+12 3.88186e+12 4.24483e+12 4.24483e+12 3.88186e+12 3.22107e+12 2.37953e+12 1.50316e+12 7.39393e+11 2.11912e+11 2.41897e+09 4.84257e+07 1.15005e+06 27363.3 651.419 14.8282
29.8376 1323.16 56059.2 2.37251e+06 1.00393e+08 5.01519e+09 4.31805e+11 1.50479e+12 3.05759e+12 4.83869e+12 6.54856e+12 7.89095e+12 8.62824e+12 8.62824e+12 7.89095e+12 6.54856e+12 4.83869e+12 3.05759e+12 1.50479e+12 4.31805e+11 5.01519e+09 1.00393e+08 2.37251e+06 56059.2 1323.16 29.8376
47.496 2111.03 89612 3.79805e+06 1.60883e+08 8.0306e+09 6.84385e+11 2.38325e+12 4.84102e+12 7.65956e+12 1.0365e+13 1.24887e+13 1.36551e+13 1.36551e+13 1.24887e+13 1.0365e+13 7.65956e+12 4.84102e+12 2.38325e+12 6.84385e+11 8.0306e+09 1.60883e+08 3.79805e+06 89612 2111.03 47.496
64.6435 2875.34 122138 5.1795e+06 2.19507e+08 1.0951e+10 9.27055e+11 3.22675e+12 6.55308e+12 1.03671e+13 1.40277e+13 1.69011e+13 1.84791e+13 1.84791e+13 1.69011e+13 1.40277e+13 1.03671e+13 6.55308e+12 3.22675e+12 9.27055e+11 1.0951e+10 2.19507e+08 5.1795e+06 122138 2875.34 64.6435
78.1827 3478.78 147820 6.27056e+06 2.65826e+08 1.32577e+10 1.11765e+12 3.88897e+12 7.89697e+12 1.24923e+13 1.69024e+13 2.03639e+13 2.22648e+13 2.22648e+13 2.03639e+13 1.69024e+13 1.24923e+13 7.89697e+12 3.88897e+12 1.11765e+12 1.32577e+10 2.65826e+08 6.27056e+06 147820 3478.78 78.1827
85.6401 3811.2 161970 6.87188e+06 2.91362e+08 1.45292e+10 1.22235e+12 4.25267e+12 8.63497e+12 1.36592e+13 1.84808e+13 2.22652e+13 2.43435e+13 2.43435e+13 2.22652e+13 1.84808e+13 1.36592e+13 8.63497e+12 4.25267e+12 1.22235e+12 1.45292e+10 2.91362e+08 6.87188e+06 161970 3811.2 85.6401
85.6401 3811.2 161970 6.87188e+06 2.91362e+08 1.45292e+10 1.22235e+12 4.25267e+12 8.63497e+12 1.36592e+13 1.84808e+13 2.22652e+13 2.43435e+13 2.43435e+13 2.22652e+13 1.84808e+13 1.36592e+13 8.63497e+12 4.25267e+12 1.22235e+12 1.45292e+10 2.91362e+08 6.87188e+06 161970 3811.2 85.6401
78.1827 3478.78 147820 6.27056e+06 2.65826e+08 1.32577e+10 1.11765e+12 3.88897e+12 7.89697e+12 1.24923e+13 1.69024e+13 2.03639e+13 2.22648e+13 2.22648e+13 2.03639e+13 1.69024e+13 1.24923e+13 7.89697e+12 3.88897e+12 1.11765e+12 1.32577e+10 2.65826e+08 6.27056e+06 147820 3478.78 78.1827
64.6435 2875.34 122138 5.1795e+06 2.19507e+08 1.0951e+10 9.27055e+11 3.22675e+12 6.55308e+12 1.03671e+13 1.40277e+13 1.69011e+13 1.84791e+13 1.84791e+13 1.69011e+13 1.40277e+13 1.03671e+13 6.55308e+12 3.22675e+12 9.27055e+11 1.0951e+10 2.19507e+08 5.1795e+06 122138 2875.34 64.6435
47.496 2111.03 89612 3.79805e+06 1.60883e+08 8.0306e+09 6.84385e+11 2.38325e+12 4.84102e+12 7.65956e+12 1.0365e+13 1.24887e+13 1.36551e+13 1.36551e+13 1.24887e+13 1.0365e+13 7.65956e+12 4.84102e+12 2.38325e+12 6.84385e+11 8.0306e+09 1.60883e+08 3.79805e+06 89612 2111.03 47.496
29.8376 1323.16 56059.2 2.37251e+06 1.00393e+08 5.01519e+09 4.31805e+11 1.50479e+12 3.05759e+12 4.83869e+12 6.54856e+12 7.89095e+12 8.62824e+12 8.62824e+12 7.89095e+12 6.54856e+12 4.83869e+12 3.05759e+12 1.50479e+12 4.31805e+11 5.01519e+09 1.00393e+08 2.37251e+06 56059.2 1323.16 29.8376
14.8282 651.419 27363.3 1.15005e+06 4.84257e+07 2.41897e+09 2.11912e+11 7.39393e+11 1.50316e+12 2.37953e+12 3.22107e+12 3.88186e+12 4.24483e+12 4.24483e+12 3.88186e+12 3.22107e+12 2.37953e+12 1.50316e+12 7.39393e+11 2.11912e+11 2.41897e+09 4.84257e+07 1.15005e+06 27363.3 651.419 14.8282
4.97297 209.208 8385.98 336429 1.35776e+07 6.62311e+08 6.03767e+10 2.1126e+11 4.30015e+11 6.81235e+11 9.22619e+11 1.11224e+12 1.21643e+12 1.21643e+12 1.11224e+12 9.22619e+11 6.81235e+11 4.30015e+11 2.1126e+11 6.03767e+10 6.62311e+08 1.35776e+07 336429 8385.98 209.208 4.97297
0.847975 29.3048 883.49 23056.3 446980 6.32343e+06 6.33874e+08 2.31162e+09 4.79174e+09 7.67427e+09 1.04685e+10 1.26775e+10 1.38958e+10 1.38958e+10 1.26775e+10 1.04685e+10 7.67427e+09 4.79174e+09 2.31162e+09 6.33874e+08 6.32343e+06 446980 23056.3 883.49 29.3048 0.847975
0.0907932 2.55087 59.2542 1154.92 19194.3 433853 1.29362e+07 4.6076e+07 9.5512e+07 1.531e+08 2.08965e+08 2.53146e+08 2.77518e+08 2.77518e+08 2.53146e+08 2.08965e+08 1.531e+08 9.5512e+07 4.6076e+07 1.29362e+07 433853 19194.3 1154.92 59.2542 2.55087 0.0907932
0.00733259 0.175253 3.47156 62.3835 1129.92 22197.3 320569 1.09441e+06 2.25748e+06 3.61481e+06 4.93142e+06 5.9722e+06 6.54618e+06 6.54618e+06 5.9722e+06 4.93142e+06 3.61481e+06 2.25748e+06 1.09441e+06 320569 22197.3 1129.92 62.3835 3.47156 0.175253 0.00733259
0.000503447 0.0108085 0.197194 3.41442 57.4059 847.54 7991.08 26043.2 53348.8 85300.4 116303 140804 154312 154312 140804 116303 85300.4 53348.8 26043.2 7991.08 847.54 57.4059 3.41442 0.197194 0.0108085 0.000503447
3.12607e-05 0.000623826 0.010666 0.170681 2.45909 28.0579 199.361 620.079 1259.36 2009.74 2738.34 3314.08 3631.43 3631.43 3314.08 2738.34 2009.74 1259.36 620.079 199.361 28.0579 2.45909 0.170681 0.010666 0.000623826 3.12607e-05
1.64445e-06 3.09367e-05 0.000492509 0.00710153 0.0872818 0.810964 4.73899 14.1166 28.4028 45.2228 61.5709 74.4898 81.6098 81.6098 74.4898 61.5709 45.2228 28.4028 14.1166 4.73899 0.810964 0.0872818 0.00710153 0.000492509 3.09367e-05 1.64445e-06
