0.0124833 0.234566 3.72583 53.5636 656.323 6080.96 35426.8 105004 209835 331524 448035 538897 588523 588523 538897 448035 331524 209835 105004 35426.8 6080.96 656.323 53.5636 3.72583 0.234566 0.0124833
0.237517 4.73818 80.8806 1290.4 18524.9 210684 1.49246e+06 4.61864e+06 9.3149e+06 1.47466e+07 1.9939e+07 2.39859e+07 2.61958e+07 2.61958e+07 2.39859e+07 1.9939e+07 1.47466e+07 9.3149e+06 4.61864e+06 1.49246e+06 210684 18524.9 1290.4 80.8806 4.73818 0.237517
3.82504 82.1816 1498.94 25894.7 433541 6.37416e+06 5.99094e+07 1.94247e+08 3.95047e+08 6.26434e+08 8.47323e+08 1.01941e+09 1.11336e+09 1.11336e+09 1.01941e+09 8.47323e+08 6.26434e+08 3.95047e+08 1.94247e+08 5.99094e+07 6.37416e+06 433541 25894.7 1498.94 82.1816 3.82504
55.6393 1331.89 26419.7 474727 8.56658e+06 1.67272e+08 2.40673e+09 8.17349e+09 1.67344e+10 2.65667e+10 3.59436e+10 4.32465e+10 4.72332e+10 4.72332e+10 4.32465e+10 3.59436e+10 2.65667e+10 1.67344e+10 8.17349e+09 2.40673e+09 1.67272e+08 8.56658e+06 474727 26419.7 1331.89 55.6393
687.356 19345.2 450337 8.79946e+06 1.46392e+08 3.281e+09 9.72554e+10 3.44543e+11 7.08723e+11 1.12594e+12 1.52359e+12 1.83323e+12 2.00225e+12 2.00225e+12 1.83323e+12 1.52359e+12 1.12594e+12 7.08723e+11 3.44543e+11 9.72554e+10 3.281e+09 1.46392e+08 8.79946e+06 450337 19345.2 687.356
6400.93 221555 6.69196e+06 1.7507e+08 3.40972e+09 4.85012e+10 4.7765e+12 1.73272e+13 3.56475e+13 5.65939e+13 7.65493e+13 9.20857e+13 1.00566e+14 1.00566e+14 9.20857e+13 7.65493e+13 5.65939e+13 3.56475e+13 1.73272e+13 4.7765e+12 4.85012e+10 3.40972e+09 1.7507e+08 6.69196e+06 221555 6400.93
37401.2 1.57577e+06 6.32603e+07 2.54168e+09 1.02728e+11 5.01259e+12 4.55162e+14 1.58811e+15 3.21895e+15 5.07417e+15 6.8388e+15 8.21269e+15 8.96294e+15 8.96294e+15 8.21269e+15 6.8388e+15 5.07417e+15 3.21895e+15 1.58811e+15 4.55162e+14 5.01259e+12 1.02728e+11 2.54168e+09 6.32603e+07 1.57577e+06 37401.2
110901 4.87889e+06 2.05231e+08 8.63747e+09 3.64179e+11 1.8203e+13 1.59277e+15 5.54334e+15 1.1225e+16 1.76861e+16 2.38309e+16 2.86151e+16 3.12278e+16 3.12278e+16 2.86151e+16 2.38309e+16 1.76861e+16 1.1225e+16 5.54334e+15 1.59277e+15 1.8203e+13 3.64179e+11 8.63747e+09 2.05231e+08 4.87889e+06 110901
221498 9.83422e+06 4.17144e+08 1.76736e+10 7.48638e+11 3.74308e+13 3.23024e+15 1.12318e+16 2.27355e+16 3.58153e+16 4.82541e+16 5.79384e+16 6.3227e+16 6.3227e+16 5.79384e+16 4.82541e+16 3.58153e+16 2.27355e+16 1.12318e+16 3.23024e+15 3.74308e+13 7.48638e+11 1.76736e+10 4.17144e+08 9.83422e+06 221498
349622 1.55537e+07 6.60811e+08 2.80287e+10 1.18807e+12 5.93667e+13 5.09112e+15 1.76943e+16 3.58107e+16 5.64071e+16 7.59933e+16 9.12417e+16 9.95688e+16 9.95688e+16 9.12417e+16 7.59933e+16 5.64071e+16 3.58107e+16 1.76943e+16 5.09112e+15 5.93667e+13 1.18807e+12 2.80287e+10 6.60811e+08 1.55537e+07 349622
472017 2.10083e+07 8.9286e+08 3.78794e+10 1.60583e+12 8.02119e+13 6.85862e+15 2.38324e+16 4.82289e+16 7.59633e+16 1.02336e+17 1.22868e+17 1.3408e+17 1.3408e+17 1.22868e+17 1.02336e+17 7.59633e+16 4.82289e+16 2.38324e+16 6.85862e+15 8.02119e+13 1.60583e+12 3.78794e+10 8.9286e+08 2.10083e+07 472017
567269 2.52506e+07 1.07324e+09 4.55337e+10 1.93034e+12 9.64034e+13 8.23283e+15 2.86049e+16 5.78845e+16 9.11688e+16 1.22818e+17 1.47457e+17 1.60912e+17 1.60912e+17 1.47457e+17 1.22818e+17 9.11688e+16 5.78845e+16 2.86049e+16 8.23283e+15 9.64034e+13 1.93034e+12 4.55337e+10 1.07324e+09 2.52506e+07 567269
619218 2.75636e+07 1.17156e+09 4.97054e+10 2.10718e+12 1.05227e+14 8.9825e+15 3.12087e+16 6.31524e+16 9.94647e+16 1.33993e+17 1.60873e+17 1.75551e+17 1.75551e+17 1.60873e+17 1.33993e+17 9.94647e+16 6.31524e+16 3.12087e+16 8.9825e+15 1.05227e+14 2.10718e+12 4.97054e+10 1.17156e+09 2.75636e+07 619218
619218 2.75636e+07 1.17156e+09 4.97054e+10 2.10718e+12 1.05227e+14 8.9825e+15 3.12087e+16 6.31524e+16 9.94647e+16 1.33993e+17 1.60873e+17 1.75551e+17 1.75551e+17 1.60873e+17 1.33993e+17 9.94647e+16 6.31524e+16 3.12087e+16 8.9825e+15 1.05227e+14 2.10718e+12 4.97054e+10 1.17156e+09 2.75636e+07 619218
567269 2.52506e+07 1.07324e+09 4.55337e+10 1.93034e+12 9.64034e+13 8.23283e+15 2.86049e+16 5.78845e+16 9.11688e+16 1.22818e+17 1.47457e+17 1.60912e+17 1.60912e+17 1.47457e+17 1.22818e+17 9.11688e+16 5.78845e+16 2.86049e+16 8.23283e+15 9.64034e+13 1.93034e+12 4.55337e+10 1.07324e+09 2.52506e+07 567269
472017 2.10083e+07 8.9286e+08 3.78794e+10 1.60583e+12 8.02119e+13 6.85862e+15 2.38324e+16 4.82289e+16 7.59633e+16 1.02336e+17 1.22868e+17 1.3408e+17 1.3408e+17 1.22868e+17 1.02336e+17 7.59633e+16 4.82289e+16 2.38324e+16 6.85862e+15 8.02119e+13 1.60583e+12 3.78794e+10 8.9286e+08 2.10083e+07 472017
349622 1.55537e+07 6.60811e+08 2.80287e+10 1.18807e+12 5.93667e+13 5.09112e+15 1.76943e+16 3.58107e+16 5.64071e+16 7.59933e+16 9.12417e+16 9.95688e+16 9.95688e+16 9.12417e+16 7.59933e+16 5.64071e+16 3.58107e+16 1.76943e+16 5.09112e+15 5.93667e+13 1.18807e+12 2.80287e+10 6.60811e+08 1.55537e+07 349622
221498 9.83422e+06 4.17144e+08 1.76736e+10 7.48638e+11 3.74308e+13 3.23024e+15 1.12318e+16 2.27355e+16 3.58153e+16 4.82541e+16 5.79384e+16 6.3227e+16 6.3227e+16 5.79384e+16 4.82541e+16 3.58153e+16 2.27355e+16 1.12318e+16 3.23024e+15 3.74308e+13 7.48638e+11 1.76736e+10 4.17144e+08 9.83422e+06 221498
110901 4.87889e+06 2.05231e+08 8.63747e+09 3.64179e+11 1.8203e+13 1.59277e+15 5.54334e+15 1.1225e+16 1.76861e+16 2.38309e+16 2.86151e+16 3.12278e+16 3.12278e+16 2.86151e+16 2.38309e+16 1.76861e+16 1.1225e+16 5.54334e+15 1.59277e+15 1.8203e+13 3.64179e+11 8.63747e+09 2.05231e+08 4.87889e+06 110901
37401.2 1.57577e+06 6.32603e+07 2.54168e+09 1.02728e+11 5.01259e+12 4.55162e+14 1.58811e+15 3.21895e+15 5.07417e+15 6.8388e+15 8.21269e+15 8.96294e+15 8.96294e+15 8.21269e+15 6.8388e+15 5.07417e+15 3.21895e+15 1.58811e+15 4.55162e+14 5.01259e+12 1.02728e+11 2.54168e+09 6.32603e+07 1.57577e+06 37401.2
6400.93 221555 6.69196e+06 1.7507e+08 3.40972e+09 4.85012e+10 4.7765e+12 1.73272e+13 3.56475e+13 5.65939e+13 7.65493e+13 9.20857e+13 1.00566e+14 1.00566e+14 9.20857e+13 7.65492e+13 5.65939e+13 3.56475e+13 1.73272e+13 4.7765e+12 4.85012e+10 3.40972e+09 1.7507e+08 6.69196e+06 221555 6400.93
687.356 19345.2 450337 8.79946e+06 1.46392e+08 3.281e+09 9.72554e+10 3.44543e+11 7.08723e+11 1.12594e+12 1.52359e+12 1.83323e+12 2.00225e+12 2.00225e+12 1.83323e+12 1.52359e+12 1.12594e+12 7.08723e+11 3.44543e+11 9.72554e+10 3.281e+09 1.46392e+08 8.79946e+06 450337 19345.2 687.356
55.6393 1331.89 26419.7 474727 8.56658e+06 1.67272e+08 2.40673e+09 8.17349e+09 1.67344e+10 2.65667e+10 3.59436e+10 4.32465e+10 4.72332e+10 4.72332e+10 4.32465e+10 3.59436e+10 2.65667e+10 1.67344e+10 8.17349e+09 2.40673e+09 1.67272e+08 8.56658e+06 474727 26419.7 1331.89 55.6393
3.82504 82.1816 1498.94 25894.7 433541 6.37416e+06 5.99094e+07 1.94247e+08 3.95047e+08 6.26434e+08 8.47323e+08 1.01941e+09 1.11336e+09 1.11336e+09 1.01941e+09 8.47323e+08 6.26434e+08 3.95047e+08 1.94247e+08 5.99094e+07 6.37416e+06 433541 25894.7 1498.94 82.1816 3.82504
0.237517 4.73818 80.8806 1290.4 18524.9 210684 1.49246e+06 4.61864e+06 9.3149e+06 1.47466e+07 1.9939e+07 2.39859e+07 2.61958e+07 2.61958e+07 2.39859e+07 1.9939e+07 1.47466e+07 9.3149e+06 4.61864e+06 1.49246e+06 210684 18524.9 1290.4 80.8806 4.73818 0.237517
0.0124833 0.234567 3.72583 53.5636 656.323 6080.96 35426.8 105004 209835 331524 448035 538897 588523 588523 538897 448035 331524 209835 105004 35426.8 6080.96 656.323 53.5636 3.72583 0.234567 0.0124833
