0.00710064 0.133792 2.13246 30.7715 378.42 3517.83 20561.1 61190.6 122867 195068 264759 319467 349474 349474 319467 264759 195068 122867 61190.6 20561.1 3517.83 378.42 30.7715 2.13246 0.133792 0.00710064
0.135287 2.70534 46.328 741.986 10694.9 122075 867613 2.69632e+06 5.4653e+06 8.69657e+06 1.18117e+07 1.42563e+07 1.55971e+07 1.55971e+07 1.42563e+07 1.18117e+07 8.69657e+06 5.4653e+06 2.69632e+06 867613 122075 10694.9 741.986 46.328 2.70534 0.135287
2.18296 46.9891 859.159 14893.9 250463 3.69787e+06 3.48719e+07 1.13564e+08 2.3218e+08 3.7015e+08 5.03029e+08 6.07286e+08 6.64469e+08 6.64469e+08 6.07286e+08 5.03029e+08 3.7015e+08 2.3218e+08 1.13564e+08 3.48719e+07 3.69787e+06 250463 14893.9 859.159 46.9891 2.18296
31.8358 763.186 15160.8 272990 4.9464e+06 9.7097e+07 1.40206e+09 4.78339e+09 9.84788e+09 1.57219e+10 2.13755e+10 2.58112e+10 2.82441e+10 2.82441e+10 2.58112e+10 2.13755e+10 1.57219e+10 9.84788e+09 4.78339e+09 1.40206e+09 9.7097e+07 4.9464e+06 272990 15160.8 763.186 31.8358
394.506 11118.4 259069 5.06423e+06 8.43405e+07 1.90302e+09 5.66773e+10 2.01755e+11 4.17428e+11 6.67058e+11 9.07261e+11 1.09573e+12 1.1991e+12 1.1991e+12 1.09573e+12 9.07261e+11 6.67058e+11 4.17428e+11 2.01755e+11 5.66773e+10 1.90302e+09 8.43405e+07 5.06423e+06 259069 11118.4 394.506
3686.02 127777 3.86359e+06 1.01108e+08 1.96641e+09 2.79107e+10 2.78155e+12 1.01402e+13 2.09842e+13 3.35106e+13 4.55573e+13 5.50072e+13 6.019e+13 6.019e+13 5.50072e+13 4.55573e+13 3.35106e+13 2.09842e+13 1.01402e+13 2.78155e+12 2.79107e+10 1.96641e+09 1.01108e+08 3.86359e+06 127777 3686.02
21614.2 912116 3.66639e+07 1.47428e+09 5.96071e+10 2.91023e+12 2.65084e+14 9.27999e+14 1.88861e+15 2.98925e+15 4.04305e+15 4.86778e+15 5.31965e+15 5.31965e+15 4.86778e+15 4.04305e+15 2.98925e+15 1.88861e+15 9.27999e+14 2.65084e+14 2.91023e+12 5.96071e+10 1.47428e+09 3.66639e+07 912116 21614.2
64362.7 2.83659e+06 1.19495e+08 5.03425e+09 2.12381e+11 1.06218e+13 9.30718e+14 3.2493e+15 6.60528e+15 1.04482e+16 1.41264e+16 1.70046e+16 1.85815e+16 1.85815e+16 1.70046e+16 1.41264e+16 1.04482e+16 6.60528e+15 3.2493e+15 9.30718e+14 1.06218e+13 2.12381e+11 5.03425e+09 1.19495e+08 2.83659e+06 64362.7
129184 5.74728e+06 2.44204e+08 1.03598e+10 4.39214e+11 2.19735e+13 1.89549e+15 6.61011e+15 1.3431e+16 2.12395e+16 2.87124e+16 3.45595e+16 3.77629e+16 3.77629e+16 3.45595e+16 2.87124e+16 2.12395e+16 1.3431e+16 6.61011e+15 1.89549e+15 2.19735e+13 4.39214e+11 1.03598e+10 2.44204e+08 5.74728e+06 129184
204931 9.13762e+06 3.88984e+08 1.65246e+10 7.0123e+11 3.50611e+13 3.0001e+15 1.0456e+16 2.12401e+16 3.35838e+16 4.53957e+16 5.46375e+16 5.97005e+16 5.97005e+16 5.46375e+16 4.53957e+16 3.35838e+16 2.12401e+16 1.0456e+16 3.0001e+15 3.50611e+13 7.0123e+11 1.65246e+10 3.88984e+08 9.13762e+06 204931
277893 1.23991e+07 5.28115e+08 2.24445e+10 9.5276e+11 4.76191e+13 4.0565e+15 1.41332e+16 2.87058e+16 4.53842e+16 6.13429e+16 7.38288e+16 8.06688e+16 8.06688e+16 7.38288e+16 6.13429e+16 4.53842e+16 2.87058e+16 1.41332e+16 4.0565e+15 4.76191e+13 9.5276e+11 2.24445e+10 5.28115e+08 1.23991e+07 277893
335060 1.49536e+07 6.37055e+08 2.70793e+10 1.14968e+12 5.7449e+13 4.88231e+15 1.70075e+16 3.45411e+16 5.46071e+16 7.38065e+16 8.88274e+16 9.70561e+16 9.70561e+16 8.88274e+16 7.38065e+16 5.46071e+16 3.45411e+16 1.70075e+16 4.88231e+15 5.7449e+13 1.14968e+12 2.70793e+10 6.37055e+08 1.49536e+07 335060
366374 1.63527e+07 6.9672e+08 2.96176e+10 1.25753e+12 6.28321e+13 5.33438e+15 1.8581e+16 3.77354e+16 5.96558e+16 8.0629e+16 9.70375e+16 1.06026e+17 1.06026e+17 9.70375e+16 8.0629e+16 5.96557e+16 3.77354e+16 1.8581e+16 5.33438e+15 6.28321e+13 1.25753e+12 2.96176e+10 6.9672e+08 1.63527e+07 366374
366374 1.63527e+07 6.9672e+08 2.96176e+10 1.25753e+12 6.28321e+13 5.33438e+15 1.8581e+16 3.77354e+16 5.96557e+16 8.0629e+16 9.70375e+16 1.06026e+17 1.06026e+17 9.70375e+16 8.0629e+16 5.96558e+16 3.77354e+16 1.8581e+16 5.33438e+15 6.28321e+13 1.25753e+12 2.96176e+10 6.9672e+08 1.63527e+07 366374
335060 1.49536e+07 6.37055e+08 2.70793e+10 1.14968e+12 5.7449e+13 4.88231e+15 1.70075e+16 3.45411e+16 5.46071e+16 7.38065e+16 8.88274e+16 9.70561e+16 9.70561e+16 8.88274e+16 7.38065e+16 5.46071e+16 3.45411e+16 1.70075e+16 4.88231e+15 5.7449e+13 1.14968e+12 2.70793e+10 6.37055e+08 1.49536e+07 335060
277893 1.23991e+07 5.28115e+08 2.24445e+10 9.5276e+11 4.76191e+13 4.0565e+15 1.41332e+16 2.87058e+16 4.53842e+16 6.13429e+16 7.38288e+16 8.06688e+16 8.06688e+16 7.38288e+16 6.13429e+16 4.53842e+16 2.87058e+16 1.41332e+16 4.0565e+15 4.76191e+13 9.5276e+11 2.24445e+10 5.28115e+08 1.23991e+07 277893
204931 9.13762e+06 3.88984e+08 1.65246e+10 7.0123e+11 3.50611e+13 3.0001e+15 1.0456e+16 2.12401e+16 3.35838e+16 4.53957e+16 5.46375e+16 5.97005e+16 5.97005e+16 5.46375e+16 4.53957e+16 3.35838e+16 2.12401e+16 1.0456e+16 3.0001e+15 3.50611e+13 7.0123e+11 1.65246e+10 3.88984e+08 9.13762e+06 204931
129184 5.74728e+06 2.44204e+08 1.03598e+10 4.39214e+11 2.19735e+13 1.89549e+15 6.61011e+15 1.3431e+16 2.12395e+16 2.87124e+16 3.45595e+16 3.77629e+16 3.77629e+16 3.45595e+16 2.87124e+16 2.12395e+16 1.3431e+16 6.61011e+15 1.89549e+15 2.19735e+13 4.39214e+11 1.03598e+10 2.44204e+08 5.74728e+06 129184
64362.7 2.83659e+06 1.19495e+08 5.03425e+09 2.12381e+11 1.06218e+13 9.30718e+14 3.2493e+15 6.60528e+15 1.04482e+16 1.41264e+16 1.70046e+16 1.85815e+16 1.85815e+16 1.70046e+16 1.41264e+16 1.04482e+16 6.60528e+15 3.2493e+15 9.30718e+14 1.06218e+13 2.12381e+11 5.03425e+09 1.19495e+08 2.83659e+06 64362.7
21614.2 912116 3.66639e+07 1.47428e+09 5.96071e+10 2.91023e+12 2.65084e+14 9.27999e+14 1.88861e+15 2.98925e+15 4.04305e+15 4.86778e+15 5.31965e+15 5.31965e+15 4.86778e+15 4.04305e+15 2.98925e+15 1.88861e+15 9.27999e+14 2.65084e+14 2.91023e+12 5.96071e+10 1.47428e+09 3.66639e+07 912116 21614.2
3686.02 127777 3.86359e+06 1.01108e+08 1.96641e+09 2.79107e+10 2.78155e+12 1.01402e+13 2.09842e+13 3.35106e+13 4.55573e+13 5.50072e+13 6.019e+13 6.019e+13 5.50072e+13 4.55573e+13 3.35106e+13 2.09842e+13 1.01402e+13 2.78155e+12 2.79107e+10 1.96641e+09 1.01108e+08 3.86359e+06 127777 3686.02
394.506 11118.4 259069 5.06423e+06 8.43405e+07 1.90302e+09 5.66773e+10 2.01755e+11 4.17428e+11 6.67058e+11 9.07261e+11 1.09573e+12 1.1991e+12 1.1991e+12 1.09573e+12 9.07261e+11 6.67058e+11 4.17428e+11 2.01755e+11 5.66773e+10 1.90302e+09 8.43405e+07 5.06423e+06 259069 11118.4 394.506
31.8358 763.186 15160.8 272990 4.9464e+06 9.7097e+07 1.40206e+09 4.78339e+09 9.84788e+09 1.57219e+10 2.13755e+10 2.58112e+10 2.82441e+10 2.82441e+10 2.58112e+10 2.13755e+10 1.57219e+10 9.84788e+09 4.78339e+09 1.40206e+09 9.7097e+07 4.9464e+06 272990 15160.8 763.186 31.8358
2.18296 46.9891 859.159 14893.9 250463 3.69787e+06 3.48719e+07 1.13564e+08 2.3218e+08 3.7015e+08 5.03029e+08 6.07286e+08 6.64469e+08 6.64469e+08 6.07286e+08 5.03029e+08 3.7015e+08 2.3218e+08 1.13564e+08 3.48719e+07 3.69787e+06 250463 14893.9 859.159 46.9891 2.18296
0.135287 2.70534 46.328 741.986 10694.9 122075 867613 2.69632e+06 5.4653e+06 8.69657e+06 1.18117e+07 1.42563e+07 1.55971e+07 1.55971e+07 1.42563e+07 1.18117e+07 8.69657e+06 5.4653e+06 2.69632e+06 867613 122075 10694.9 741.986 46.328 2.70534 0.135287
0.00710064 0.133792 2.13246 30.7715 378.42 3517.83 20561.1 61190.6 122867 195068 264759 319467 349474 349474 319467 264759 195068 122867 61190.6 20561.1 3517.83 378.42 30.7715 2.13246 0.133792 0.00710064
