0.0320045 0.607388 9.74806 141.542 1750.95 16374.1 96310.5 288726 584228 934076 1.27486e+06 1.54408e+06 1.69229e+06 1.69229e+06 1.54408e+06 1.27486e+06 934076 584228 288726 96310.5 16374.1 1750.95 141.542 9.74806 0.607388 0.0320045
0.614527 12.3897 213.779 3445.7 49947.3 573290 4.09907e+06 1.28369e+07 2.62345e+07 4.20574e+07 5.7458e+07 6.96231e+07 7.632e+07 7.632e+07 6.96231e+07 5.7458e+07 4.20574e+07 2.62345e+07 1.28369e+07 4.09907e+06 573290 49947.3 3445.7 213.779 12.3897 0.614527
9.99058 216.987 3999.91 69791.4 1.17966e+06 1.74988e+07 1.65895e+08 5.44611e+08 1.12323e+09 1.80486e+09 2.46789e+09 2.9916e+09 3.27991e+09 3.27991e+09 2.9916e+09 2.46789e+09 1.80486e+09 1.12323e+09 5.44611e+08 1.65895e+08 1.74988e+07 1.17966e+06 69791.4 3999.91 216.987 9.99058
146.674 3549.14 71109.4 1.28927e+06 2.34723e+07 4.62284e+08 6.70257e+09 2.30611e+10 4.79201e+10 7.71397e+10 1.05552e+11 1.27995e+11 1.40351e+11 1.40351e+11 1.27995e+11 1.05552e+11 7.71397e+10 4.79201e+10 2.30611e+10 6.70257e+09 4.62284e+08 2.34723e+07 1.28927e+06 71109.4 3549.14 146.674
1828.65 52017.3 1.22228e+06 2.40641e+07 4.03027e+08 9.10782e+09 2.71745e+11 9.76073e+11 2.03944e+12 3.28747e+12 4.50101e+12 5.45966e+12 5.98745e+12 5.98745e+12 5.45966e+12 4.50101e+12 3.28747e+12 2.03944e+12 9.76073e+11 2.71745e+11 9.10782e+09 4.03027e+08 2.40641e+07 1.22228e+06 52017.3 1828.65
17186.6 601120 1.83166e+07 4.82352e+08 9.43477e+09 1.34601e+11 1.33553e+13 4.91443e+13 1.02734e+14 1.65515e+14 2.26526e+14 2.7471e+14 3.01233e+14 3.01233e+14 2.7471e+14 2.26526e+14 1.65515e+14 1.02734e+14 4.91443e+13 1.33553e+13 1.34601e+11 9.43477e+09 4.82352e+08 1.83166e+07 601120 17186.6
101402 4.3159e+06 1.74678e+08 7.05781e+09 2.86177e+11 1.39807e+13 1.27401e+15 4.49174e+15 9.21413e+15 1.46886e+16 1.99783e+16 2.41442e+16 2.64349e+16 2.64349e+16 2.41442e+16 1.99783e+16 1.46886e+16 9.21413e+15 4.49174e+15 1.27401e+15 1.39807e+13 2.86177e+11 7.05781e+09 1.74678e+08 4.3159e+06 101402
304187 1.35262e+07 5.73941e+08 2.4307e+10 1.02897e+12 5.15179e+13 4.50615e+15 1.58366e+16 3.24392e+16 5.16687e+16 7.02404e+16 8.48631e+16 9.29028e+16 9.29028e+16 8.48631e+16 7.02404e+16 5.16687e+16 3.24392e+16 1.58366e+16 4.50615e+15 5.15179e+13 1.02897e+12 2.4307e+10 5.73941e+08 1.35262e+07 304187
615342 2.76356e+07 1.18341e+09 5.04955e+10 2.1494e+12 1.07685e+14 9.25276e+15 3.24718e+16 6.64679e+16 1.05824e+17 1.43823e+17 1.73737e+17 1.90183e+17 1.90183e+17 1.73737e+17 1.43823e+17 1.05824e+17 6.64679e+16 3.24718e+16 9.25276e+15 1.07685e+14 2.1494e+12 5.04955e+10 1.18341e+09 2.76356e+07 615342
983146 4.42726e+07 1.90019e+09 8.12259e+10 3.46213e+12 1.7338e+14 1.47531e+16 5.17326e+16 1.0585e+17 1.68477e+17 2.28931e+17 2.76516e+17 3.02675e+17 3.02675e+17 2.76516e+17 2.28931e+17 1.68477e+17 1.0585e+17 5.17326e+16 1.47531e+16 1.7338e+14 3.46213e+12 8.12259e+10 1.90019e+09 4.42726e+07 983146
1.34075e+06 6.04341e+07 2.59601e+09 1.11045e+11 4.73582e+12 2.37091e+14 2.00628e+16 7.03183e+16 1.43841e+17 2.28905e+17 3.11001e+17 3.75614e+17 4.11131e+17 4.11131e+17 3.75614e+17 3.11001e+17 2.28905e+17 1.43841e+17 7.03183e+16 2.00628e+16 2.37091e+14 4.73582e+12 1.11045e+11 2.59601e+09 6.04341e+07 1.34075e+06
1.62276e+06 7.31766e+07 3.14457e+09 1.34553e+11 5.73991e+12 2.87305e+14 2.424e+16 8.49371e+16 1.7372e+17 2.76423e+17 3.75531e+17 4.53526e+17 4.96397e+17 4.96397e+17 4.53526e+17 3.75531e+17 2.76423e+17 1.7372e+17 8.49371e+16 2.424e+16 2.87305e+14 5.73991e+12 1.34553e+11 3.14457e+09 7.31766e+07 1.62276e+06
1.7778e+06 8.01822e+07 3.44615e+09 1.47476e+11 6.29189e+12 3.14904e+14 2.65349e+16 9.29683e+16 1.90133e+17 3.02525e+17 4.10976e+17 4.96319e+17 5.43228e+17 5.43228e+17 4.96319e+17 4.10976e+17 3.02525e+17 1.90133e+17 9.29683e+16 2.65349e+16 3.14904e+14 6.29189e+12 1.47476e+11 3.44615e+09 8.01822e+07 1.7778e+06
1.7778e+06 8.01822e+07 3.44615e+09 1.47476e+11 6.29189e+12 3.14904e+14 2.65349e+16 9.29683e+16 1.90133e+17 3.02525e+17 4.10976e+17 4.96319e+17 5.43228e+17 5.43228e+17 4.96319e+17 4.10976e+17 3.02525e+17 1.90133e+17 9.29683e+16 2.65349e+16 3.14904e+14 6.29189e+12 1.47476e+11 3.44615e+09 8.01822e+07 1.7778e+06
1.62276e+06 7.31766e+07 3.14457e+09 1.34553e+11 5.73991e+12 2.87305e+14 2.424e+16 8.49371e+16 1.7372e+17 2.76423e+17 3.75531e+17 4.53526e+17 4.96397e+17 4.96397e+17 4.53526e+17 3.75531e+17 2.76423e+17 1.7372e+17 8.49371e+16 2.424e+16 2.87305e+14 5.73991e+12 1.34553e+11 3.14457e+09 7.31766e+07 1.62276e+06
1.34075e+06 6.04341e+07 2.59601e+09 1.11045e+11 4.73582e+12 2.37091e+14 2.00628e+16 7.03183e+16 1.43841e+17 2.28905e+17 3.11001e+17 3.75614e+17 4.11131e+17 4.11131e+17 3.75614e+17 3.11001e+17 2.28905e+17 1.43841e+17 7.03183e+16 2.00628e+16 2.37091e+14 4.73582e+12 1.11045e+11 2.59601e+09 6.04341e+07 1.34075e+06
983146 4.42726e+07 1.90019e+09 8.12259e+10 3.46213e+12 1.7338e+14 1.47531e+16 5.17326e+16 1.0585e+17 1.68477e+17 2.28931e+17 2.76516e+17 3.02675e+17 3.02675e+17 2.76516e+17 2.28931e+17 1.68477e+17 1.0585e+17 5.17326e+16 1.47531e+16 1.7338e+14 3.46213e+12 8.12259e+10 1.90019e+09 4.42726e+07 983146
615342 2.76356e+07 1.18341e+09 5.04955e+10 2.1494e+12 1.07685e+14 9.25276e+15 3.24718e+16 6.64679e+16 1.05824e+17 1.43823e+17 1.73737e+17 1.90183e+17 1.90183e+17 1.73737e+17 1.43823e+17 1.05824e+17 6.64679e+16 3.24718e+16 9.25276e+15 1.07685e+14 2.1494e+12 5.04955e+10 1.18341e+09 2.76356e+07 615342
304187 1.35262e+07 5.73941e+08 2.4307e+10 1.02897e+12 5.15179e+13 4.50615e+15 1.58366e+16 3.24392e+16 5.16687e+16 7.02404e+16 8.48631e+16 9.29028e+16 9.29028e+16 8.48631e+16 7.02404e+16 5.16687e+16 3.24392e+16 1.58366e+16 4.50615e+15 5.15179e+13 1.02897e+12 2.4307e+10 5.73941e+08 1.35262e+07 304187
101402 4.3159e+06 1.74678e+08 7.05781e+09 2.86177e+11 1.39807e+13 1.27401e+15 4.49174e+15 9.21413e+15 1.46886e+16 1.99783e+16 2.41442e+16 2.64349e+16 2.64349e+16 2.41442e+16 1.99783e+16 1.46886e+16 9.21413e+15 4.49174e+15 1.27401e+15 1.39807e+13 2.86177e+11 7.05781e+09 1.74678e+08 4.3159e+06 101402
17186.6 601120 1.83166e+07 4.82352e+08 9.43477e+09 1.34601e+11 1.33553e+13 4.91443e+13 1.02734e+14 1.65515e+14 2.26526e+14 2.7471e+14 3.01233e+14 3.01233e+14 2.7471e+14 2.26526e+14 1.65515e+14 1.02734e+14 4.91443e+13 1.33553e+13 1.34601e+11 9.43477e+09 4.82352e+08 1.83166e+07 601120 17186.6
1828.65 52017.3 1.22228e+06 2.40641e+07 4.03027e+08 9.10782e+09 2.71745e+11 9.76073e+11 2.03944e+12 3.28747e+12 4.50101e+12 5.45966e+12 5.98745e+12 5.98745e+12 5.45966e+12 4.50101e+12 3.28747e+12 2.03944e+12 9.76073e+11 2.71745e+11 9.10782e+09 4.03027e+08 2.40641e+07 1.22228e+06 52017.3 1828.65
146.674 3549.14 71109.4 1.28927e+06 2.34723e+07 4.62284e+08 6.70257e+09 2.30611e+10 4.79201e+10 7.71397e+10 1.05552e+11 1.27995e+11 1.40351e+11 1.40351e+11 1.27995e+11 1.05552e+11 7.71397e+10 4.79201e+10 2.30611e+10 6.70257e+09 4.62284e+08 2.34723e+07 1.28927e+06 71109.4 3549.14 146.674
9.99058 216.987 3999.91 69791.4 1.17966e+06 1.74988e+07 1.65895e+08 5.44611e+08 1.12323e+09 1.80486e+09 2.46789e+09 2.9916e+09 3.27991e+09 3.27991e+09 2.9916e+09 2.46789e+09 1.80486e+09 1.12323e+09 5.44611e+08 1.65895e+08 1.74988e+07 1.17966e+06 69791.4 3999.91 216.987 9.99058
0.614527 12.3897 213.779 3445.7 49947.3 573290 4.09907e+06 1.28369e+07 2.62345e+07 4.20574e+07 5.7458e+07 6.96231e+07 7.632e+07 7.632e+07 6.96231e+07 5.7458e+07 4.20574e+07 2.62345e+07 1.28369e+07 4.09907e+06 573290 49947.3 3445.7 213.778 12.3897 0.614527
0.0320045 0.607388 9.74807 141.542 1750.95 16374.1 96310.5 288726 584228 934076 1.27486e+06 1.54408e+06 1.69229e+06 1.69229e+06 1.54408e+06 1.27486e+06 934076 584228 288726 96310.5 16374.1 1750.95 141.542 9.74806 0.607388 0.0320045
