17.5404 324.255 5004.63 69332.4 818813 7.3662e+06 4.2024e+07 1.22192e+08 2.3859e+08 3.67312e+08 4.84172e+08 5.70994e+08 6.16828e+08 6.16828e+08 5.70994e+08 4.84172e+08 3.67312e+08 2.3859e+08 1.22192e+08 4.2024e+07 7.3662e+06 818813 69332.4 5004.63 324.255 17.5404
336.778 6667.84 111349 1.70978e+06 2.34536e+07 2.56729e+08 1.77425e+09 5.38214e+09 1.05948e+10 1.63221e+10 2.14969e+10 2.53285e+10 2.73468e+10 2.73468e+10 2.53285e+10 2.14969e+10 1.63221e+10 1.05948e+10 5.38214e+09 1.77425e+09 2.56729e+08 2.34536e+07 1.70978e+06 111349 6667.84 336.778
5419.71 116912 2.11808e+06 3.551e+07 5.63143e+08 7.84434e+09 7.14373e+10 2.26856e+11 4.49808e+11 6.93101e+11 9.11877e+11 1.07329e+12 1.15812e+12 1.15812e+12 1.07329e+12 9.11877e+11 6.93101e+11 4.49808e+11 2.26856e+11 7.14373e+10 7.84434e+09 5.63143e+08 3.551e+07 2.11808e+06 116912 5419.71
77727.6 1.88342e+06 3.77981e+07 6.76871e+08 1.16484e+10 2.09543e+11 2.8801e+12 9.57187e+12 1.90842e+13 2.93964e+13 3.86277e+13 4.54148e+13 4.89733e+13 4.89733e+13 4.54148e+13 3.86277e+13 2.93964e+13 1.90842e+13 9.57187e+12 2.8801e+12 2.09543e+11 1.16484e+10 6.76871e+08 3.77981e+07 1.88342e+06 77727.6
937029 2.67031e+07 6.33647e+08 1.27092e+10 2.13891e+11 4.28849e+12 1.16827e+14 4.04717e+14 8.09726e+14 1.24623e+15 1.63533e+15 1.92042e+15 2.06952e+15 2.06952e+15 1.92042e+15 1.63533e+15 1.24623e+15 8.09726e+14 4.04717e+14 1.16827e+14 4.28849e+12 2.13891e+11 1.27092e+10 6.33647e+08 2.67031e+07 937029
8.48414e+06 2.95819e+08 9.04674e+09 2.42078e+11 4.97059e+12 7.55139e+13 5.838e+15 2.0697e+16 4.14212e+16 6.37277e+16 8.36253e+16 9.82215e+16 1.05864e+17 1.05864e+17 9.82215e+16 8.36253e+16 6.37277e+16 4.14212e+16 2.0697e+16 5.838e+15 7.55139e+13 4.97059e+12 2.42078e+11 9.04674e+09 2.95819e+08 8.48414e+06
4.82906e+07 2.03836e+09 8.20527e+10 3.3073e+12 1.34121e+14 6.45689e+15 5.54446e+17 1.90905e+18 3.80396e+18 5.88058e+18 7.77868e+18 9.20541e+18 9.96599e+18 9.96599e+18 9.20541e+18 7.77868e+18 5.88058e+18 3.80396e+18 1.90905e+18 5.54446e+17 6.45689e+15 1.34121e+14 3.3073e+12 8.20527e+10 2.03836e+09 4.82906e+07
1.4019e+08 6.17273e+09 2.60085e+11 1.097e+13 4.63665e+14 2.29116e+16 1.91751e+18 6.5867e+18 1.31071e+19 2.02429e+19 2.67579e+19 3.16507e+19 3.42577e+19 3.42577e+19 3.16507e+19 2.67579e+19 2.02429e+19 1.31071e+19 6.5867e+18 1.91751e+18 2.29116e+16 4.63665e+14 1.097e+13 2.60085e+11 6.17273e+09 1.4019e+08
2.73431e+08 1.21374e+10 5.15097e+11 2.18458e+13 9.26546e+14 4.58155e+16 3.82104e+18 1.31082e+19 2.60433e+19 4.01545e+19 5.29969e+19 6.26154e+19 6.77307e+19 6.77307e+19 6.26154e+19 5.29969e+19 4.01545e+19 2.60433e+19 1.31082e+19 3.82104e+18 4.58155e+16 9.26546e+14 2.18458e+13 5.15097e+11 1.21374e+10 2.73431e+08
4.20581e+08 1.86816e+10 7.92965e+11 3.36181e+13 1.42462e+15 7.03978e+16 5.89911e+18 2.02182e+19 4.01027e+19 6.1714e+19 8.13054e+19 9.59284e+19 1.03687e+20 1.03687e+20 9.59284e+19 8.13054e+19 6.1714e+19 4.01027e+19 2.02182e+19 5.89911e+18 7.03978e+16 1.42462e+15 3.36181e+13 7.92965e+11 1.86816e+10 4.20581e+08
5.53995e+08 2.45866e+10 1.04248e+12 4.41409e+13 1.86793e+15 9.2255e+16 7.78967e+18 2.66798e+19 5.28395e+19 8.11691e+19 1.06754e+20 1.25787e+20 1.35863e+20 1.35863e+20 1.25787e+20 1.06754e+20 8.11691e+19 5.28395e+19 2.66798e+19 7.78967e+18 9.2255e+16 1.86793e+15 4.41409e+13 1.04248e+12 2.45866e+10 5.53995e+08
6.53008e+08 2.89538e+10 1.22636e+12 5.18681e+13 2.19232e+15 1.08241e+17 9.20452e+18 3.15118e+19 6.2338e+19 9.56282e+19 1.25604e+20 1.47846e+20 1.59599e+20 1.59599e+20 1.47846e+20 1.25604e+20 9.56282e+19 6.2338e+19 3.15118e+19 9.20452e+18 1.08241e+17 2.19232e+15 5.18681e+13 1.22636e+12 2.89538e+10 6.53008e+08
7.05239e+08 3.12525e+10 1.32292e+12 5.5916e+13 2.36183e+15 1.16593e+17 9.95642e+18 3.40786e+19 6.73742e+19 1.03277e+20 1.35552e+20 1.59466e+20 1.72091e+20 1.72091e+20 1.59466e+20 1.35552e+20 1.03277e+20 6.73742e+19 3.40786e+19 9.95642e+18 1.16593e+17 2.36183e+15 5.5916e+13 1.32292e+12 3.12525e+10 7.05239e+08
7.05239e+08 3.12525e+10 1.32292e+12 5.5916e+13 2.36183e+15 1.16593e+17 9.95642e+18 3.40786e+19 6.73742e+19 1.03277e+20 1.35552e+20 1.59466e+20 1.72091e+20 1.72091e+20 1.59466e+20 1.35552e+20 1.03277e+20 6.73742e+19 3.40786e+19 9.95642e+18 1.16593e+17 2.36183e+15 5.5916e+13 1.32292e+12 3.12525e+10 7.05239e+08
6.53008e+08 2.89538e+10 1.22636e+12 5.18681e+13 2.19232e+15 1.08241e+17 9.20452e+18 3.15118e+19 6.2338e+19 9.56282e+19 1.25604e+20 1.47846e+20 1.59599e+20 1.59599e+20 1.47846e+20 1.25604e+20 9.56282e+19 6.2338e+19 3.15118e+19 9.20452e+18 1.08241e+17 2.19232e+15 5.18681e+13 1.22636e+12 2.89538e+10 6.53008e+08
5.53995e+08 2.45866e+10 1.04248e+12 4.41409e+13 1.86793e+15 9.2255e+16 7.78967e+18 2.66798e+19 5.28395e+19 8.11691e+19 1.06754e+20 1.25787e+20 1.35863e+20 1.35863e+20 1.25787e+20 1.06754e+20 8.11691e+19 5.28395e+19 2.66798e+19 7.78967e+18 9.2255e+16 1.86793e+15 4.41409e+13 1.04248e+12 2.45866e+10 5.53995e+08
4.20581e+08 1.86816e+10 7.92965e+11 3.36181e+13 1.42462e+15 7.03978e+16 5.89911e+18 2.02182e+19 4.01027e+19 6.1714e+19 8.13054e+19 9.59284e+19 1.03687e+20 1.03687e+20 9.59284e+19 8.13054e+19 6.1714e+19 4.01027e+19 2.02182e+19 5.89911e+18 7.03978e+16 1.42462e+15 3.36181e+13 7.92965e+11 1.86816e+10 4.20581e+08
2.73431e+08 1.21374e+10 5.15097e+11 2.18458e+13 9.26546e+14 4.58155e+16 3.82104e+18 1.31082e+19 2.60433e+19 4.01545e+19 5.29969e+19 6.26154e+19 6.77307e+19 6.77307e+19 6.26154e+19 5.29969e+19 4.01545e+19 2.60433e+19 1.31082e+19 3.82104e+18 4.58155e+16 9.26546e+14 2.18458e+13 5.15097e+11 1.21374e+10 2.73431e+08
1.4019e+08 6.17273e+09 2.60085e+11 1.097e+13 4.63665e+14 2.29116e+16 1.91751e+18 6.5867e+18 1.31071e+19 2.02429e+19 2.67579e+19 3.16507e+19 3.42577e+19 3.42577e+19 3.16507e+19 2.67579e+19 2.02429e+19 1.31071e+19 6.5867e+18 1.91751e+18 2.29116e+16 4.63665e+14 1.097e+13 2.60085e+11 6.17273e+09 1.4019e+08
4.82906e+07 2.03836e+09 8.20527e+10 3.3073e+12 1.34121e+14 6.45689e+15 5.54446e+17 1.90905e+18 3.80396e+18 5.88058e+18 7.77868e+18 9.20541e+18 9.96599e+18 9.96599e+18 9.20541e+18 7.77868e+18 5.88058e+18 3.80396e+18 1.90905e+18 5.54446e+17 6.45689e+15 1.34121e+14 3.3073e+12 8.20527e+10 2.03836e+09 4.82906e+07
8.48414e+06 2.95819e+08 9.04674e+09 2.42078e+11 4.97059e+12 7.55139e+13 5.838e+15 2.0697e+16 4.14212e+16 6.37277e+16 8.36253e+16 9.82215e+16 1.05864e+17 1.05864e+17 9.82215e+16 8.36253e+16 6.37277e+16 4.14212e+16 2.0697e+16 5.838e+15 7.55139e+13 4.97059e+12 2.42078e+11 9.04674e+09 2.95819e+08 8.48414e+06
937029 2.67031e+07 6.33647e+08 1.27092e+10 2.13891e+11 4.28849e+12 1.16827e+14 4.04717e+14 8.09726e+14 1.24623e+15 1.63533e+15 1.92042e+15 2.06952e+15 2.06952e+15 1.92042e+15 1.63533e+15 1.24623e+15 8.09726e+14 4.04717e+14 1.16827e+14 4.28849e+12 2.13891e+11 1.27092e+10 6.33647e+08 2.67031e+07 937029
77727.6 1.88342e+06 3.77981e+07 6.76871e+08 1.16484e+10 2.09543e+11 2.8801e+12 9.57187e+12 1.90842e+13 2.93964e+13 3.86277e+13 4.54148e+13 4.89733e+13 4.89733e+13 4.54148e+13 3.86277e+13 2.93964e+13 1.90842e+13 9.57187e+12 2.8801e+12 2.09543e+11 1.16484e+10 6.76871e+08 3.77981e+07 1.88342e+06 77727.6
5419.71 116912 2.11808e+06 3.551e+07 5.63143e+08 7.84434e+09 7.14373e+10 2.26856e+11 4.49808e+11 6.93101e+11 9.11877e+11 1.07329e+12 1.15812e+12 1.15812e+12 1.07329e+12 9.11877e+11 6.93101e+11 4.49808e+11 2.26856e+11 7.14373e+10 7.84434e+09 5.63143e+08 3.551e+07 2.11808e+06 116912 5419.71
336.778 6667.84 111349 1.70978e+06 2.34536e+07 2.56729e+08 1.77425e+09 5.38214e+09 1.05948e+10 1.63221e+10 2.14969e+10 2.53285e+10 2.73468e+10 2.73468e+10 2.53285e+10 2.14969e+10 1.63221e+10 1.05948e+10 5.38214e+09 1.77425e+09 2.56729e+08 2.34536e+07 1.70978e+06 111349 6667.84 336.778
17.5404 324.255 5004.63 69332.4 818813 7.3662e+06 4.2024e+07 1.22192e+08 2.3859e+08 3.67312e+08 4.84172e+08 5.70994e+08 6.16828e+08 6.16828e+08 5.70994e+08 4.84172e+08 3.67312e+08 2.3859e+08 1.22192e+08 4.2024e+07 7.3662e+06 818813 69332.4 5004.63 324.255 17.5404
