3.35363e-05 0.000628834 0.00996266 0.142842 1.74602 16.1467 93.9573 278.404 556.519 879.943 1190.42 1433.2 1566.07 1566.07 1433.2 1190.42 879.943 556.519 278.404 93.9573 16.1467 1.74602 0.142842 0.00996266 0.000628834 3.35363e-05
0.000637562 0.0126943 0.216155 3.43862 49.2232 558.534 3951.03 12222.3 24655.9 39062.7 52871.5 63664.7 69571.1 69571.1 63664.7 52871.5 39062.7 24655.9 12222.3 3951.03 558.534 49.2232 3.43862 0.216155 0.0126943 0.000637562
0.0102553 0.219996 4.00463 68.9922 1151.22 16876.3 158346 513167 1.04383e+06 1.65644e+06 2.24289e+06 2.70112e+06 2.95186e+06 2.95186e+06 2.70112e+06 2.24289e+06 1.65644e+06 1.04383e+06 513167 158346 16876.3 1151.22 68.9922 4.00463 0.219996 0.0102553
0.148935 3.5607 70.5416 1265.32 22757.7 442537 6.35297e+06 2.15633e+07 4.41541e+07 7.01478e+07 9.50097e+07 1.14433e+08 1.25061e+08 1.25061e+08 1.14433e+08 9.50097e+07 7.01478e+07 4.41541e+07 2.15633e+07 6.35297e+06 442537 22757.7 1265.32 70.5416 3.5607 0.148935
1.83646 51.6195 1200.53 23447 389697 8.68421e+06 2.56474e+08 9.08011e+08 1.8679e+09 2.96967e+09 4.02299e+09 4.84587e+09 5.29615e+09 5.29615e+09 4.84587e+09 4.02299e+09 2.96967e+09 1.8679e+09 9.08011e+08 2.56474e+08 8.68421e+06 389697 23447 1200.53 51.6195 1.83646
17.0709 589.956 17797.8 465360 9.07236e+06 1.2924e+08 1.25949e+10 4.56508e+10 9.39101e+10 1.49183e+11 2.01995e+11 2.43243e+11 2.65812e+11 2.65812e+11 2.43243e+11 2.01995e+11 1.49183e+11 9.39101e+10 4.56508e+10 1.25949e+10 1.2924e+08 9.07236e+06 465360 17797.8 589.956 17.0709
99.6154 4189.11 167896 6.73668e+06 2.72e+08 1.32534e+10 1.20012e+12 4.18349e+12 8.47464e+12 1.33568e+13 1.80049e+13 2.16282e+13 2.36088e+13 2.36088e+13 2.16282e+13 1.80049e+13 1.33568e+13 8.47464e+12 4.18349e+12 1.20012e+12 1.32534e+10 2.72e+08 6.73668e+06 167896 4189.11 99.6154
295.323 12966.6 544489 2.28826e+07 9.63708e+08 4.80984e+10 4.19685e+12 1.4593e+13 2.95327e+13 4.65225e+13 6.26937e+13 7.52983e+13 8.21881e+13 8.21881e+13 7.52983e+13 6.26937e+13 4.65225e+13 2.95327e+13 1.4593e+13 4.19685e+12 4.80984e+10 9.63708e+08 2.28826e+07 544489 12966.6 295.323
590.169 26149.6 1.1072e+06 4.68403e+07 1.98179e+09 9.89286e+10 8.50888e+12 2.95582e+13 5.97967e+13 9.41793e+13 1.26903e+14 1.52408e+14 1.66349e+14 1.66349e+14 1.52408e+14 1.26903e+14 9.41793e+13 5.97967e+13 2.95582e+13 8.50888e+12 9.89286e+10 1.98179e+09 4.68403e+07 1.1072e+06 26149.6 590.169
932.589 41403.5 1.75588e+06 7.43663e+07 3.14858e+09 1.57065e+11 1.34127e+13 4.65704e+13 9.41953e+13 1.48343e+14 1.99875e+14 2.40039e+14 2.61993e+14 2.61993e+14 2.40039e+14 1.99875e+14 1.48343e+14 9.41953e+13 4.65704e+13 1.34127e+13 1.57065e+11 3.14858e+09 7.43663e+07 1.75588e+06 41403.5 932.589
1260.8 56001.6 2.37585e+06 1.0065e+08 4.26217e+09 2.12521e+11 1.80777e+13 6.27513e+13 1.26911e+14 1.99855e+14 2.69274e+14 3.23378e+14 3.52951e+14 3.52951e+14 3.23378e+14 2.69274e+14 1.99855e+14 1.26911e+14 6.27513e+13 1.80777e+13 2.12521e+11 4.26217e+09 1.0065e+08 2.37585e+06 56001.6 1260.8
1517.1 67395.5 2.85957e+06 1.21153e+08 5.13076e+09 2.55769e+11 2.17114e+13 7.53541e+13 1.52392e+14 2.39974e+14 3.23323e+14 3.88284e+14 4.23792e+14 4.23792e+14 3.88284e+14 3.23323e+14 2.39974e+14 1.52392e+14 7.53541e+13 2.17114e+13 2.55769e+11 5.13076e+09 1.21153e+08 2.85957e+06 67395.5 1517.1
1657.24 73624.5 3.12399e+06 1.3236e+08 5.60555e+09 2.79408e+11 2.36966e+13 8.22391e+13 1.66312e+14 2.61892e+14 3.52851e+14 4.23743e+14 4.62493e+14 4.62493e+14 4.23743e+14 3.52851e+14 2.61892e+14 1.66312e+14 8.22391e+13 2.36966e+13 2.79408e+11 5.60555e+09 1.3236e+08 3.12399e+06 73624.5 1657.24
1657.24 73624.5 3.12399e+06 1.3236e+08 5.60555e+09 2.79408e+11 2.36966e+13 8.22391e+13 1.66312e+14 2.61892e+14 3.52851e+14 4.23743e+14 4.62493e+14 4.62493e+14 4.23743e+14 3.52851e+14 2.61892e+14 1.66312e+14 8.22391e+13 2.36966e+13 2.79408e+11 5.60555e+09 1.3236e+08 3.12399e+06 73624.5 1657.24
1517.1 67395.5 2.85957e+06 1.21153e+08 5.13076e+09 2.55769e+11 2.17114e+13 7.53541e+13 1.52392e+14 2.39974e+14 3.23323e+14 3.88284e+14 4.23792e+14 4.23792e+14 3.88284e+14 3.23323e+14 2.39974e+14 1.52392e+14 7.53541e+13 2.17114e+13 2.55769e+11 5.13076e+09 1.21153e+08 2.85957e+06 67395.5 1517.1
1260.8 56001.6 2.37585e+06 1.0065e+08 4.26217e+09 2.12521e+11 1.80777e+13 6.27513e+13 1.26911e+14 1.99855e+14 2.69274e+14 3.23378e+14 3.52951e+14 3.52951e+14 3.23378e+14 2.69274e+14 1.99855e+14 1.26911e+14 6.27513e+13 1.80777e+13 2.12521e+11 4.26217e+09 1.0065e+08 2.37585e+06 56001.6 1260.8
932.589 41403.5 1.75588e+06 7.43663e+07 3.14858e+09 1.57065e+11 1.34127e+13 4.65704e+13 9.41953e+13 1.48343e+14 1.99875e+14 2.40039e+14 2.61993e+14 2.61993e+14 2.40039e+14 1.99875e+14 1.48343e+14 9.41953e+13 4.65704e+13 1.34127e+13 1.57065e+11 3.14858e+09 7.43663e+07 1.75588e+06 41403.5 932.589
590.169 26149.6 1.1072e+06 4.68403e+07 1.98179e+09 9.89286e+10 8.50888e+12 2.95582e+13 5.97967e+13 9.41793e+13 1.26903e+14 1.52408e+14 1.66349e+14 1.66349e+14 1.52408e+14 1.26903e+14 9.41793e+13 5.97967e+13 2.95582e+13 8.50888e+12 9.89286e+10 1.98179e+09 4.68403e+07 1.1072e+06 26149.6 590.169
295.323 12966.6 544489 2.28826e+07 9.63708e+08 4.80984e+10 4.19685e+12 1.4593e+13 2.95327e+13 4.65225e+13 6.26937e+13 7.52983e+13 8.21881e+13 8.21881e+13 7.52983e+13 6.26937e+13 4.65225e+13 2.95327e+13 1.4593e+13 4.19685e+12 4.80984e+10 9.63708e+08 2.28826e+07 544489 12966.6 295.323
99.6154 4189.11 167896 6.73668e+06 2.72e+08 1.32534e+10 1.20012e+12 4.18349e+12 8.47464e+12 1.33568e+13 1.80049e+13 2.16282e+13 2.36088e+13 2.36088e+13 2.16282e+13 1.80049e+13 1.33568e+13 8.47464e+12 4.18349e+12 1.20012e+12 1.32534e+10 2.72e+08 6.73668e+06 167896 4189.11 99.6154
17.0709 589.956 17797.8 465360 9.07236e+06 1.2924e+08 1.25949e+10 4.56508e+10 9.39101e+10 1.49183e+11 2.01995e+11 2.43243e+11 2.65812e+11 2.65812e+11 2.43243e+11 2.01995e+11 1.49183e+11 9.39101e+10 4.56508e+10 1.25949e+10 1.2924e+08 9.07236e+06 465360 17797.8 589.956 17.0709
1.83646 51.6195 1200.53 23447 389697 8.68421e+06 2.56474e+08 9.08011e+08 1.8679e+09 2.96967e+09 4.02299e+09 4.84587e+09 5.29615e+09 5.29615e+09 4.84587e+09 4.02299e+09 2.96967e+09 1.8679e+09 9.08011e+08 2.56474e+08 8.68421e+06 389697 23447 1200.53 51.6195 1.83646
0.148935 3.5607 70.5416 1265.32 22757.7 442537 6.35297e+06 2.15633e+07 4.41541e+07 7.01478e+07 9.50097e+07 1.14433e+08 1.25061e+08 1.25061e+08 1.14433e+08 9.50097e+07 7.01478e+07 4.41541e+07 2.15633e+07 6.35297e+06 442537 22757.7 1265.32 70.5416 3.5607 0.148935
0.0102553 0.219996 4.00463 68.9922 1151.22 16876.3 158346 513167 1.04383e+06 1.65644e+06 2.24289e+06 2.70112e+06 2.95186e+06 2.95186e+06 2.70112e+06 2.24289e+06 1.65644e+06 1.04383e+06 513167 158346 16876.3 1151.22 68.9922 4.00463 0.219996 0.0102553
0.000637562 0.0126943 0.216155 3.43862 49.2232 558.534 3951.03 12222.3 24655.9 39062.7 52871.5 63664.7 69571.1 69571.1 63664.7 52871.5 39062.7 24655.9 12222.3 3951.03 558.534 49.2232 3.43862 0.216155 0.0126943 0.000637562
3.35363e-05 0.000628834 0.00996266 0.142842 1.74602 16.1467 93.9573 278.404 556.519 879.943 1190.42 1433.2 1566.07 1566.07 1433.2 1190.42 879.943 556.519 278.404 93.9573 16.1467 1.74602 0.142842 0.00996266 0.000628834 3.35363e-05
