5.39477e-05 0.00101224 0.0160535 0.230449 2.82008 26.1025 151.985 450.577 901.177 1425.68 1929.64 2324.01 2539.96 2539.96 2324.01 1929.64 1425.68 901.177 450.577 151.985 26.1025 2.82008 0.230449 0.0160535 0.00101224 5.39477e-05
0.00102546 0.0204263 0.348111 5.5449 79.4855 902.936 6391.91 19783.7 39932.1 63301.1 85721.6 103259 112861 112861 103259 85721.6 63301.1 39932.1 19783.7 6391.91 902.936 79.4855 5.5449 0.34811 0.0204263 0.00102546
0.0164971 0.353925 6.44529 111.161 1858.02 27280.1 256191 830733 1.6908e+06 2.68471e+06 3.63712e+06 4.3819e+06 4.78965e+06 4.78965e+06 4.3819e+06 3.63712e+06 2.68471e+06 1.6908e+06 830733 256191 27280.1 1858.02 111.161 6.44529 0.353925 0.0164971
0.239711 5.73001 113.504 2036.61 36688.3 715129 1.02792e+07 3.49101e+07 7.15281e+07 1.13708e+08 1.54094e+08 1.85671e+08 2.02959e+08 2.02959e+08 1.85671e+08 1.54094e+08 1.13708e+08 7.15281e+07 3.49101e+07 1.02792e+07 715129 36688.3 2036.61 113.504 5.73001 0.239711
2.9582 83.135 1932.79 37726.9 626960 1.40194e+07 4.14984e+08 1.47009e+09 3.02614e+09 4.81424e+09 6.52555e+09 7.86363e+09 8.59624e+09 8.59624e+09 7.86363e+09 6.52555e+09 4.81424e+09 3.02614e+09 1.47009e+09 4.14984e+08 1.40194e+07 626960 37726.9 1932.79 83.135 2.9582
27.5226 951.132 28688.8 749765 1.45964e+07 2.07562e+08 2.03711e+10 7.38837e+10 1.5209e+11 2.41765e+11 3.27538e+11 3.94588e+11 4.31296e+11 4.31296e+11 3.94588e+11 3.27538e+11 2.41765e+11 1.5209e+11 7.38837e+10 2.03711e+10 2.07562e+08 1.45964e+07 749765 28688.8 951.132 27.5226
160.733 6760.11 270965 1.08729e+07 4.39014e+08 2.14011e+10 1.94104e+12 6.76901e+12 1.37183e+13 2.16308e+13 2.91693e+13 3.50492e+13 3.82647e+13 3.82647e+13 3.50492e+13 2.91693e+13 2.16308e+13 1.37183e+13 6.76901e+12 1.94104e+12 2.14011e+10 4.39014e+08 1.08729e+07 270965 6760.11 160.733
476.789 20937.4 879304 3.69569e+07 1.55653e+09 7.77179e+10 6.79015e+12 2.36193e+13 4.78198e+13 7.53618e+13 1.01595e+14 1.22054e+14 1.33241e+14 1.33241e+14 1.22054e+14 1.01595e+14 7.53618e+13 4.78198e+13 2.36193e+13 6.79015e+12 7.77179e+10 1.55653e+09 3.69569e+07 879304 20937.4 476.789
953.348 42249.1 1.78915e+06 7.5699e+07 3.20305e+09 1.59956e+11 1.37725e+13 4.78602e+13 9.68617e+13 1.5262e+14 2.05723e+14 2.47136e+14 2.6978e+14 2.6978e+14 2.47136e+14 2.05723e+14 1.5262e+14 9.68617e+13 4.78602e+13 1.37725e+13 1.59956e+11 3.20305e+09 7.5699e+07 1.78915e+06 42249.1 953.348
1507.32 66932.9 2.83906e+06 1.2026e+08 5.09222e+09 2.5412e+11 2.17192e+13 7.54376e+13 1.52645e+14 2.4049e+14 3.24149e+14 3.89389e+14 4.25061e+14 4.25061e+14 3.89389e+14 3.24149e+14 2.4049e+14 1.52645e+14 7.54376e+13 2.17192e+13 2.5412e+11 5.09222e+09 1.2026e+08 2.83906e+06 66932.9 1507.32
2038.77 90577.5 3.8435e+06 1.62852e+08 6.89714e+09 3.44038e+11 2.92845e+13 1.01686e+14 2.05735e+14 3.24115e+14 4.36852e+14 5.24765e+14 5.72835e+14 5.72835e+14 5.24765e+14 4.36852e+14 3.24115e+14 2.05735e+14 1.01686e+14 2.92845e+13 3.44038e+11 6.89714e+09 1.62852e+08 3.8435e+06 90577.5 2038.77
2454.08 109046 4.6278e+06 1.96105e+08 8.30618e+09 4.14221e+11 3.51807e+13 1.22141e+14 2.47108e+14 3.89282e+14 5.24676e+14 6.30257e+14 6.87988e+14 6.87988e+14 6.30257e+14 5.24676e+14 3.89282e+14 2.47108e+14 1.22141e+14 3.51807e+13 4.14221e+11 8.30618e+09 1.96105e+08 4.6278e+06 109046 2454.08
2681.27 119148 5.05675e+06 2.14291e+08 9.0768e+09 4.52603e+11 3.84031e+13 1.3332e+14 2.69718e+14 4.24895e+14 5.72672e+14 6.87908e+14 7.50919e+14 7.50919e+14 6.87908e+14 5.72672e+14 4.24895e+14 2.69718e+14 1.3332e+14 3.84031e+13 4.52603e+11 9.0768e+09 2.14291e+08 5.05675e+06 119148 2681.27
2681.27 119148 5.05675e+06 2.14291e+08 9.0768e+09 4.52603e+11 3.84031e+13 1.3332e+14 2.69718e+14 4.24895e+14 5.72672e+14 6.87908e+14 7.50919e+14 7.50919e+14 6.87908e+14 5.72672e+14 4.24895e+14 2.69718e+14 1.3332e+14 3.84031e+13 4.52603e+11 9.0768e+09 2.14291e+08 5.05675e+06 119148 2681.27
2454.08 109046 4.6278e+06 1.96105e+08 8.30618e+09 4.14221e+11 3.51807e+13 1.22141e+14 2.47108e+14 3.89282e+14 5.24676e+14 6.30257e+14 6.87988e+14 6.87988e+14 6.30257e+14 5.24676e+14 3.89282e+14 2.47108e+14 1.22141e+14 3.51807e+13 4.14221e+11 8.30618e+09 1.96105e+08 4.6278e+06 109046 2454.08
2038.77 90577.5 3.8435e+06 1.62852e+08 6.89714e+09 3.44038e+11 2.92845e+13 1.01686e+14 2.05735e+14 3.24115e+14 4.36852e+14 5.24765e+14 5.72835e+14 5.72835e+14 5.24765e+14 4.36852e+14 3.24115e+14 2.05735e+14 1.01686e+14 2.92845e+13 3.44038e+11 6.89714e+09 1.62852e+08 3.8435e+06 90577.5 2038.77
1507.32 66932.9 2.83906e+06 1.2026e+08 5.09222e+09 2.5412e+11 2.17192e+13 7.54376e+13 1.52645e+14 2.4049e+14 3.24149e+14 3.89389e+14 4.25061e+14 4.25061e+14 3.89389e+14 3.24149e+14 2.4049e+14 1.52645e+14 7.54376e+13 2.17192e+13 2.5412e+11 5.09222e+09 1.2026e+08 2.83906e+06 66932.9 1507.32
953.348 42249.1 1.78915e+06 7.5699e+07 3.20305e+09 1.59956e+11 1.37725e+13 4.78602e+13 9.68617e+13 1.5262e+14 2.05723e+14 2.47136e+14 2.6978e+14 2.6978e+14 2.47136e+14 2.05723e+14 1.5262e+14 9.68617e+13 4.78602e+13 1.37725e+13 1.59956e+11 3.20305e+09 7.5699e+07 1.78915e+06 42249.1 953.348
476.789 20937.4 879304 3.69569e+07 1.55653e+09 7.77179e+10 6.79015e+12 2.36193e+13 4.78198e+13 7.53618e+13 1.01595e+14 1.22054e+14 1.33241e+14 1.33241e+14 1.22054e+14 1.01595e+14 7.53618e+13 4.78198e+13 2.36193e+13 6.79015e+12 7.77179e+10 1.55653e+09 3.69569e+07 879304 20937.4 476.789
160.733 6760.11 270965 1.08729e+07 4.39014e+08 2.14011e+10 1.94104e+12 6.76901e+12 1.37183e+13 2.16308e+13 2.91693e+13 3.50492e+13 3.82647e+13 3.82647e+13 3.50492e+13 2.91693e+13 2.16308e+13 1.37183e+13 6.76901e+12 1.94104e+12 2.14011e+10 4.39014e+08 1.08729e+07 270965 6760.11 160.733
27.5226 951.132 28688.8 749765 1.45964e+07 2.07562e+08 2.03711e+10 7.38837e+10 1.5209e+11 2.41765e+11 3.27538e+11 3.94588e+11 4.31296e+11 4.31296e+11 3.94588e+11 3.27538e+11 2.41765e+11 1.5209e+11 7.38837e+10 2.03711e+10 2.07562e+08 1.45964e+07 749765 28688.8 951.132 27.5226
2.9582 83.135 1932.79 37726.9 626960 1.40194e+07 4.14984e+08 1.47009e+09 3.02614e+09 4.81424e+09 6.52555e+09 7.86363e+09 8.59624e+09 8.59624e+09 7.86363e+09 6.52555e+09 4.81424e+09 3.02614e+09 1.47009e+09 4.14984e+08 1.40194e+07 626960 37726.9 1932.79 83.135 2.9582
0.239711 5.73001 113.503 2036.61 36688.3 715129 1.02792e+07 3.49101e+07 7.15281e+07 1.13708e+08 1.54094e+08 1.85671e+08 2.02959e+08 2.02959e+08 1.85671e+08 1.54094e+08 1.13708e+08 7.15281e+07 3.49101e+07 1.02792e+07 715129 36688.3 2036.61 113.504 5.73001 0.239711
0.0164971 0.353925 6.44529 111.161 1858.02 27280.1 256191 830733 1.6908e+06 2.68471e+06 3.63712e+06 4.3819e+06 4.78965e+06 4.78965e+06 4.3819e+06 3.63712e+06 2.68471e+06 1.6908e+06 830733 256191 27280.1 1858.02 111.161 6.44529 0.353925 0.0164971
0.00102546 0.0204263 0.34811 5.5449 79.4855 902.936 6391.91 19783.7 39932.1 63301.1 85721.6 103259 112861 112861 103259 85721.6 63301.1 39932.1 19783.7 6391.91 902.936 79.4855 5.5449 0.34811 0.0204263 0.00102546
5.39477e-05 0.00101224 0.0160535 0.230449 2.82008 26.1025 151.985 450.577 901.177 1425.68 1929.64 2324.01 2539.96 2539.96 2324.01 1929.64 1425.68 901.177 450.577 151.985 26.1025 2.82008 0.230449 0.0160535 0.00101224 5.39477e-05
