0.0994097 1.89063 30.3627 440.701 5448.74 50942.4 299635 897803 1.81461e+06 2.89653e+06 3.94626e+06 4.77241e+06 5.22596e+06 5.22596e+06 4.77241e+06 3.94626e+06 2.89653e+06 1.81461e+06 897803 299635 50942.4 5448.74 440.701 30.3627 1.89063 0.0994098
1.91609 38.7729 670.002 10794.4 156280 1.79214e+06 1.28099e+07 4.0095e+07 8.18482e+07 1.30996e+08 1.78634e+08 2.16115e+08 2.36689e+08 2.36689e+08 2.16115e+08 1.78634e+08 1.30996e+08 8.18482e+07 4.0095e+07 1.28099e+07 1.79214e+06 156280 10794.4 670.002 38.7729 1.91609
31.2277 681.552 12597.3 219809 3.70797e+06 5.4889e+07 5.19929e+08 1.70592e+09 3.51431e+09 5.63722e+09 7.69321e+09 9.31035e+09 1.01979e+10 1.01979e+10 9.31035e+09 7.69321e+09 5.63722e+09 3.51431e+09 1.70592e+09 5.19929e+08 5.4889e+07 3.70797e+06 219809 12597.3 681.552 31.2277
458.928 11166 224599 4.07931e+06 7.4134e+07 1.45413e+09 2.10446e+10 7.23674e+10 1.50199e+11 2.41348e+11 3.29572e+11 3.9895e+11 4.37023e+11 4.37023e+11 3.9895e+11 3.29572e+11 2.41348e+11 1.50199e+11 7.23674e+10 2.10446e+10 1.45413e+09 7.4134e+07 4.07931e+06 224599 11166 458.928
5722.19 163652 3.86192e+06 7.63128e+07 1.28072e+09 2.87562e+10 8.54244e+11 3.06675e+12 6.40011e+12 1.02972e+13 1.40681e+13 1.70329e+13 1.86597e+13 1.86597e+13 1.70329e+13 1.40681e+13 1.02972e+13 6.40011e+12 3.06675e+12 8.54244e+11 2.87562e+10 1.28072e+09 7.63128e+07 3.86192e+06 163652 5722.19
53764 1.88971e+06 5.77904e+07 1.52678e+09 3.0005e+10 4.30421e+11 4.20486e+13 1.54658e+14 3.22941e+14 5.19335e+14 7.09271e+14 8.58569e+14 9.40473e+14 9.40473e+14 8.58569e+14 7.09271e+14 5.19335e+14 3.22941e+14 1.54658e+14 4.20486e+13 4.30421e+11 3.0005e+10 1.52678e+09 5.77904e+07 1.88971e+06 53764
317072 1.35557e+07 5.50222e+08 2.2272e+10 9.0415e+11 4.4158e+13 4.01169e+15 1.41451e+16 2.90071e+16 4.62049e+16 6.27806e+16 7.58018e+16 8.29483e+16 8.29483e+16 7.58018e+16 6.27806e+16 4.62049e+16 2.90071e+16 1.41451e+16 4.01169e+15 4.4158e+13 9.0415e+11 2.2272e+10 5.50222e+08 1.35557e+07 317072
950464 4.24519e+07 1.80645e+09 7.66426e+10 3.2484e+12 1.62635e+14 1.41921e+16 4.98819e+16 1.02144e+17 1.62571e+17 2.20789e+17 2.66517e+17 2.91614e+17 2.91614e+17 2.66517e+17 2.20789e+17 1.62571e+17 1.02144e+17 4.98819e+16 1.41921e+16 1.62635e+14 3.2484e+12 7.66426e+10 1.80645e+09 4.24519e+07 950464
1.92024e+06 8.66231e+07 3.71984e+09 1.59006e+11 6.77634e+12 3.39534e+14 2.91312e+16 1.02244e+17 2.09219e+17 3.3284e+17 4.51904e+17 5.45407e+17 5.9672e+17 5.9672e+17 5.45407e+17 4.51904e+17 3.3284e+17 2.09219e+17 1.02244e+17 2.91312e+16 3.39534e+14 6.77634e+12 1.59006e+11 3.71984e+09 8.66231e+07 1.92024e+06
3.06265e+06 1.38523e+08 5.96183e+09 2.55277e+11 1.08928e+13 5.45603e+14 4.64077e+16 1.62754e+17 3.32892e+17 5.2942e+17 7.18648e+17 8.67223e+17 9.4875e+17 9.4875e+17 8.67223e+17 7.18648e+17 5.2942e+17 3.32892e+17 1.62754e+17 4.64077e+16 5.45603e+14 1.08928e+13 2.55277e+11 5.96183e+09 1.38523e+08 3.06265e+06
4.16877e+06 1.88721e+08 8.1283e+09 3.48242e+11 1.48663e+13 7.44431e+14 6.30391e+16 2.20986e+17 4.51873e+17 7.18491e+17 9.75138e+17 1.17661e+18 1.28715e+18 1.28715e+18 1.17661e+18 9.75138e+17 7.18491e+17 4.51873e+17 2.20986e+17 6.30391e+16 7.44431e+14 1.48663e+13 3.48242e+11 8.1283e+09 1.88721e+08 4.16877e+06
5.03759e+06 2.28135e+08 9.82871e+09 4.21186e+11 1.79833e+13 9.00361e+14 7.60864e+16 2.66666e+17 5.45196e+17 8.6676e+17 1.17624e+18 1.41916e+18 1.55243e+18 1.55243e+18 1.41916e+18 1.17624e+18 8.6676e+17 5.45196e+17 2.66666e+17 7.60864e+16 9.00361e+14 1.79833e+13 4.21186e+11 9.82871e+09 2.28135e+08 5.03759e+06
5.51389e+06 2.49738e+08 1.07606e+10 4.61151e+11 1.96907e+13 9.85762e+14 8.32399e+16 2.91712e+17 5.9636e+17 9.48041e+17 1.28648e+18 1.5521e+18 1.69782e+18 1.69782e+18 1.5521e+18 1.28648e+18 9.48041e+17 5.9636e+17 2.91712e+17 8.32399e+16 9.85762e+14 1.96907e+13 4.61151e+11 1.07606e+10 2.49738e+08 5.51389e+06
5.51389e+06 2.49738e+08 1.07606e+10 4.61151e+11 1.96907e+13 9.85762e+14 8.32399e+16 2.91712e+17 5.9636e+17 9.48041e+17 1.28648e+18 1.5521e+18 1.69782e+18 1.69782e+18 1.5521e+18 1.28648e+18 9.48041e+17 5.9636e+17 2.91712e+17 8.32399e+16 9.85762e+14 1.96907e+13 4.61151e+11 1.07606e+10 2.49738e+08 5.51389e+06
5.03759e+06 2.28135e+08 9.82871e+09 4.21186e+11 1.79833e+13 9.00361e+14 7.60864e+16 2.66666e+17 5.45196e+17 8.6676e+17 1.17624e+18 1.41916e+18 1.55243e+18 1.55243e+18 1.41916e+18 1.17624e+18 8.6676e+17 5.45196e+17 2.66666e+17 7.60864e+16 9.00361e+14 1.79833e+13 4.21186e+11 9.82871e+09 2.28135e+08 5.03759e+06
4.16877e+06 1.88721e+08 8.1283e+09 3.48242e+11 1.48663e+13 7.44431e+14 6.30391e+16 2.20986e+17 4.51873e+17 7.18491e+17 9.75138e+17 1.17661e+18 1.28715e+18 1.28715e+18 1.17661e+18 9.75138e+17 7.18491e+17 4.51873e+17 2.20986e+17 6.30391e+16 7.44431e+14 1.48663e+13 3.48242e+11 8.1283e+09 1.88721e+08 4.16877e+06
3.06265e+06 1.38523e+08 5.96183e+09 2.55277e+11 1.08928e+13 5.45603e+14 4.64077e+16 1.62754e+17 3.32892e+17 5.2942e+17 7.18648e+17 8.67223e+17 9.4875e+17 9.4875e+17 8.67223e+17 7.18648e+17 5.2942e+17 3.32892e+17 1.62754e+17 4.64077e+16 5.45603e+14 1.08928e+13 2.55277e+11 5.96183e+09 1.38523e+08 3.06265e+06
1.92024e+06 8.66231e+07 3.71984e+09 1.59006e+11 6.77634e+12 3.39534e+14 2.91312e+16 1.02244e+17 2.09219e+17 3.3284e+17 4.51904e+17 5.45407e+17 5.9672e+17 5.9672e+17 5.45407e+17 4.51904e+17 3.3284e+17 2.09219e+17 1.02244e+17 2.91312e+16 3.39534e+14 6.77634e+12 1.59006e+11 3.71984e+09 8.66231e+07 1.92024e+06
950464 4.24519e+07 1.80645e+09 7.66426e+10 3.2484e+12 1.62635e+14 1.41921e+16 4.98819e+16 1.02144e+17 1.62571e+17 2.20789e+17 2.66517e+17 2.91614e+17 2.91614e+17 2.66517e+17 2.20789e+17 1.62571e+17 1.02144e+17 4.98819e+16 1.41921e+16 1.62635e+14 3.2484e+12 7.66426e+10 1.80645e+09 4.24519e+07 950464
317072 1.35557e+07 5.50222e+08 2.2272e+10 9.0415e+11 4.4158e+13 4.01169e+15 1.41451e+16 2.90071e+16 4.62049e+16 6.27806e+16 7.58018e+16 8.29483e+16 8.29483e+16 7.58018e+16 6.27806e+16 4.62049e+16 2.90071e+16 1.41451e+16 4.01169e+15 4.4158e+13 9.0415e+11 2.2272e+10 5.50222e+08 1.35557e+07 317072
53764 1.88971e+06 5.77904e+07 1.52678e+09 3.0005e+10 4.30421e+11 4.20486e+13 1.54658e+14 3.22941e+14 5.19335e+14 7.09271e+14 8.58569e+14 9.40473e+14 9.40473e+14 8.58569e+14 7.09271e+14 5.19335e+14 3.22941e+14 1.54658e+14 4.20486e+13 4.30421e+11 3.0005e+10 1.52678e+09 5.77904e+07 1.88971e+06 53764
5722.19 163652 3.86192e+06 7.63128e+07 1.28072e+09 2.87562e+10 8.54244e+11 3.06675e+12 6.40011e+12 1.02972e+13 1.40681e+13 1.70329e+13 1.86597e+13 1.86597e+13 1.70329e+13 1.40681e+13 1.02972e+13 6.40011e+12 3.06675e+12 8.54244e+11 2.87562e+10 1.28072e+09 7.63128e+07 3.86192e+06 163652 5722.19
458.928 11166 224599 4.07931e+06 7.4134e+07 1.45413e+09 2.10446e+10 7.23674e+10 1.50199e+11 2.41348e+11 3.29572e+11 3.9895e+11 4.37023e+11 4.37023e+11 3.9895e+11 3.29572e+11 2.41348e+11 1.50199e+11 7.23674e+10 2.10446e+10 1.45413e+09 7.4134e+07 4.07931e+06 224599 11166 458.928
31.2277 681.552 12597.3 219809 3.70797e+06 5.4889e+07 5.19929e+08 1.70592e+09 3.51431e+09 5.63722e+09 7.69321e+09 9.31035e+09 1.01979e+10 1.01979e+10 9.31035e+09 7.69321e+09 5.63722e+09 3.51431e+09 1.70592e+09 5.19929e+08 5.4889e+07 3.70797e+06 219809 12597.3 681.552 31.2277
1.91609 38.7729 670.002 10794.4 156280 1.79214e+06 1.28099e+07 4.0095e+07 8.18482e+07 1.30996e+08 1.78634e+08 2.16115e+08 2.36689e+08 2.36689e+08 2.16115e+08 1.78634e+08 1.30996e+08 8.18482e+07 4.0095e+07 1.28099e+07 1.79214e+06 156280 10794.4 670.002 38.7729 1.91609
0.0994097 1.89063 30.3627 440.701 5448.74 50942.4 299635 897803 1.81461e+06 2.89653e+06 3.94626e+06 4.77241e+06 5.22596e+06 5.22596e+06 4.77241e+06 3.94626e+06 2.89653e+06 1.81461e+06 897803 299635 50942.4 5448.74 440.701 30.3627 1.89063 0.0994097
