0.000164759 0.00309913 0.0493176 0.710682 8.7289 81.0486 473.209 1407.26 2824.82 4485.51 6091.07 7353.92 8047.69 8047.69 7353.92 6091.07 4485.51 2824.82 1407.26 473.209 81.0486 8.7289 0.710682 0.0493176 0.00309913 0.000164759
0.00313315 0.0625295 1.06886 17.0941 246.096 2805.85 19920.3 61855.5 125326 199442 271013 327294 358213 358213 327294 271013 199442 125326 61855.5 19920.3 2805.85 246.096 17.0941 1.06886 0.0625295 0.00313315
0.0504649 1.08384 19.7761 342.286 5749.69 84809.9 798995 2.59957e+06 5.31204e+06 8.46906e+06 1.15148e+07 1.39097e+07 1.52255e+07 1.52255e+07 1.39097e+07 1.15148e+07 8.46906e+06 5.31204e+06 2.59957e+06 798995 84809.9 5749.69 342.286 19.7761 1.08384 0.0504649
0.734856 17.5739 348.304 6259.87 113295 2.22273e+06 3.20721e+07 1.09306e+08 2.24897e+08 3.59044e+08 4.88393e+08 5.90107e+08 6.46e+08 6.46e+08 5.90107e+08 4.88393e+08 3.59044e+08 2.24897e+08 1.09306e+08 3.20721e+07 2.22273e+06 113295 6259.87 348.304 17.5739 0.734856
9.09464 255.687 5943.75 115939 1.92755e+06 4.34873e+07 1.29498e+09 4.60439e+09 9.51956e+09 1.52121e+10 2.07002e+10 2.50167e+10 2.7389e+10 2.7389e+10 2.50167e+10 2.07002e+10 1.52121e+10 9.51956e+09 4.60439e+09 1.29498e+09 4.34873e+07 1.92755e+06 115939 5943.75 255.687 9.09464
84.8803 2935.29 88556.9 2.31292e+06 4.48953e+07 6.3599e+08 6.35021e+10 2.3119e+11 4.78013e+11 7.63255e+11 1.03808e+12 1.25417e+12 1.37291e+12 1.37291e+12 1.25417e+12 1.03808e+12 7.63255e+11 4.78013e+11 2.3119e+11 6.35021e+10 6.3599e+08 4.48953e+07 2.31292e+06 88556.9 2935.29 84.8803
497.263 20933.9 839705 3.37094e+07 1.36129e+09 6.64246e+10 6.04999e+12 2.11511e+13 4.29941e+13 6.79987e+13 9.19405e+13 1.1069e+14 1.20969e+14 1.20969e+14 1.1069e+14 9.19405e+13 6.79987e+13 4.29941e+13 2.11511e+13 6.04999e+12 6.64246e+10 1.36129e+09 3.37094e+07 839705 20933.9 497.263
1479.93 65059.5 2.73469e+06 1.15008e+08 4.84547e+09 2.42148e+11 2.12144e+13 7.39653e+13 1.5018e+14 2.37369e+14 3.20817e+14 3.86149e+14 4.21962e+14 4.21962e+14 3.86149e+14 3.20817e+14 2.37369e+14 1.5018e+14 7.39653e+13 2.12144e+13 2.42148e+11 4.84547e+09 1.15008e+08 2.73469e+06 65059.5 1479.93
2970.15 131794 5.58712e+06 2.36582e+08 1.00159e+10 5.00614e+11 4.31597e+13 1.50311e+14 3.05054e+14 4.82033e+14 6.5139e+14 7.83967e+14 8.56639e+14 8.56639e+14 7.83967e+14 6.5139e+14 4.82033e+14 3.05054e+14 1.50311e+14 4.31597e+13 5.00614e+11 1.00159e+10 2.36582e+08 5.58712e+06 131794 2970.15
4713.72 209618 8.90248e+06 3.77475e+08 1.59954e+10 7.9891e+11 6.82737e+13 2.37628e+14 4.82141e+14 7.61747e+14 1.02929e+15 1.23871e+15 1.35351e+15 1.35351e+15 1.23871e+15 1.02929e+15 7.61747e+14 4.82141e+14 2.37628e+14 6.82737e+13 7.9891e+11 1.59954e+10 3.77475e+08 8.90248e+06 209618 4713.72
6396.87 284653 1.20959e+07 5.13106e+08 2.17505e+10 1.08585e+12 9.2305e+13 3.21149e+14 6.51505e+14 1.02924e+15 1.39066e+15 1.67355e+15 1.82862e+15 1.82862e+15 1.67355e+15 1.39066e+15 1.02924e+15 6.51505e+14 3.21149e+14 9.2305e+13 1.08585e+12 2.17505e+10 5.13106e+08 1.20959e+07 284653 6396.87
7718.92 343574 1.46032e+07 6.19599e+08 2.62699e+10 1.31113e+12 1.11111e+14 3.86496e+14 7.84003e+14 1.2385e+15 1.67334e+15 2.01371e+15 2.20027e+15 2.20027e+15 2.01371e+15 1.67334e+15 1.2385e+15 7.84003e+14 3.86496e+14 1.11111e+14 1.31113e+12 2.62699e+10 6.19599e+08 1.46032e+07 343574 7718.92
8444.5 375912 1.59794e+07 6.78055e+08 2.8751e+10 1.43479e+12 1.21416e+14 4.22299e+14 8.56596e+14 1.35314e+15 1.82821e+15 2.20006e+15 2.40388e+15 2.40387e+15 2.20006e+15 1.82821e+15 1.35314e+15 8.56596e+14 4.22299e+14 1.21416e+14 1.43479e+12 2.8751e+10 6.78055e+08 1.59794e+07 375912 8444.5
8444.5 375912 1.59794e+07 6.78055e+08 2.8751e+10 1.43479e+12 1.21416e+14 4.22299e+14 8.56596e+14 1.35314e+15 1.82821e+15 2.20006e+15 2.40387e+15 2.40388e+15 2.20006e+15 1.82821e+15 1.35314e+15 8.56596e+14 4.22299e+14 1.21416e+14 1.43479e+12 2.8751e+10 6.78055e+08 1.59794e+07 375912 8444.5
7718.92 343574 1.46032e+07 6.19599e+08 2.62699e+10 1.31113e+12 1.11111e+14 3.86496e+14 7.84003e+14 1.2385e+15 1.67334e+15 2.01371e+15 2.20027e+15 2.20027e+15 2.01371e+15 1.67334e+15 1.2385e+15 7.84003e+14 3.86496e+14 1.11111e+14 1.31113e+12 2.62699e+10 6.19599e+08 1.46032e+07 343574 7718.92
6396.87 284653 1.20959e+07 5.13106e+08 2.17505e+10 1.08585e+12 9.2305e+13 3.21149e+14 6.51505e+14 1.02924e+15 1.39066e+15 1.67355e+15 1.82862e+15 1.82862e+15 1.67355e+15 1.39066e+15 1.02924e+15 6.51505e+14 3.21149e+14 9.2305e+13 1.08585e+12 2.17505e+10 5.13106e+08 1.20959e+07 284653 6396.87
4713.72 209618 8.90248e+06 3.77475e+08 1.59954e+10 7.9891e+11 6.82737e+13 2.37628e+14 4.82141e+14 7.61747e+14 1.02929e+15 1.23871e+15 1.35351e+15 1.35351e+15 1.23871e+15 1.02929e+15 7.61747e+14 4.82141e+14 2.37628e+14 6.82737e+13 7.9891e+11 1.59954e+10 3.77475e+08 8.90248e+06 209618 4713.72
2970.15 131794 5.58712e+06 2.36582e+08 1.00159e+10 5.00614e+11 4.31597e+13 1.50311e+14 3.05054e+14 4.82033e+14 6.5139e+14 7.83967e+14 8.56639e+14 8.56639e+14 7.83967e+14 6.5139e+14 4.82033e+14 3.05054e+14 1.50311e+14 4.31597e+13 5.00614e+11 1.00159e+10 2.36582e+08 5.58712e+06 131794 2970.15
1479.93 65059.5 2.73469e+06 1.15008e+08 4.84547e+09 2.42148e+11 2.12144e+13 7.39653e+13 1.5018e+14 2.37369e+14 3.20817e+14 3.86149e+14 4.21962e+14 4.21962e+14 3.86149e+14 3.20817e+14 2.37369e+14 1.5018e+14 7.39653e+13 2.12144e+13 2.42148e+11 4.84547e+09 1.15008e+08 2.73469e+06 65059.5 1479.93
497.263 20933.9 839705 3.37094e+07 1.36129e+09 6.64246e+10 6.04999e+12 2.11511e+13 4.29941e+13 6.79987e+13 9.19405e+13 1.1069e+14 1.20969e+14 1.20969e+14 1.1069e+14 9.19405e+13 6.79987e+13 4.29941e+13 2.11511e+13 6.04999e+12 6.64246e+10 1.36129e+09 3.37094e+07 839705 20933.9 497.263
84.8803 2935.29 88556.9 2.31292e+06 4.48953e+07 6.3599e+08 6.35021e+10 2.3119e+11 4.78013e+11 7.63255e+11 1.03808e+12 1.25417e+12 1.37291e+12 1.37291e+12 1.25417e+12 1.03808e+12 7.63255e+11 4.78013e+11 2.3119e+11 6.35021e+10 6.3599e+08 4.48953e+07 2.31292e+06 88556.9 2935.29 84.8803
9.09464 255.687 5943.75 115939 1.92755e+06 4.34873e+07 1.29498e+09 4.60439e+09 9.51956e+09 1.52121e+10 2.07002e+10 2.50167e+10 2.7389e+10 2.7389e+10 2.50167e+10 2.07002e+10 1.52121e+10 9.51956e+09 4.60439e+09 1.29498e+09 4.34873e+07 1.92755e+06 115939 5943.75 255.687 9.09464
0.734856 17.5739 348.304 6259.87 113295 2.22273e+06 3.20721e+07 1.09306e+08 2.24897e+08 3.59044e+08 4.88393e+08 5.90107e+08 6.46e+08 6.46e+08 5.90107e+08 4.88393e+08 3.59044e+08 2.24897e+08 1.09306e+08 3.20721e+07 2.22273e+06 113295 6259.87 348.304 17.5739 0.734856
0.0504649 1.08384 19.7761 342.286 5749.69 84809.9 798995 2.59957e+06 5.31204e+06 8.46906e+06 1.15148e+07 1.39097e+07 1.52255e+07 1.52255e+07 1.39097e+07 1.15148e+07 8.46906e+06 5.31204e+06 2.59957e+06 798995 84809.9 5749.69 342.286 19.7761 1.08384 0.0504649
0.00313315 0.0625295 1.06886 17.0941 246.096 2805.85 19920.3 61855.5 125326 199442 271013 327294 358213 358213 327294 271013 199442 125326 61855.5 19920.3 2805.85 246.096 17.0941 1.06886 0.0625295 0.00313315
0.000164759 0.00309913 0.0493176 0.710682 8.7289 81.0486 473.209 1407.26 2824.82 4485.51 6091.07 7353.92 8047.69 8047.69 7353.92 6091.07 4485.51 2824.82 1407.26 473.209 81.0486 8.7289 0.710682 0.0493176 0.00309913 0.000164759
