0.000215115 0.00404701 0.0644153 0.928463 11.4065 105.937 618.716 1840.92 3697.73 5875.81 7984.31 9644.56 10557.3 10557.3 9644.56 7984.31 5875.81 3697.73 1840.92 618.716 105.937 11.4065 0.928463 0.0644153 0.00404701 0.000215115
0.00409104 0.0816582 1.39612 22.3332 321.602 3667.66 26046.3 80919.7 164064 261285 355294 429303 469994 469994 429303 355294 261285 164064 80919.7 26046.3 3667.66 321.602 22.3332 1.39612 0.0816582 0.00409105
0.0659007 1.4155 25.8317 447.192 7513.89 110862 1.04471e+06 3.40084e+06 6.95435e+06 1.10961e+07 1.50974e+07 1.82474e+07 1.99795e+07 1.99795e+07 1.82474e+07 1.50974e+07 1.10961e+07 6.95435e+06 3.40084e+06 1.04471e+06 110862 7513.89 447.192 25.8317 1.4155 0.0659007
0.959779 22.9545 454.982 8178.23 148052 2.90551e+06 4.19344e+07 1.42997e+08 2.94435e+08 4.70443e+08 6.40405e+08 7.7422e+08 8.47813e+08 8.47813e+08 7.7422e+08 6.40405e+08 4.70443e+08 2.94435e+08 1.42997e+08 4.19344e+07 2.90551e+06 148052 8178.23 454.982 22.9545 0.959779
11.8807 334.031 7765.25 151473 2.51856e+06 5.68425e+07 1.6931e+09 6.0234e+09 1.24631e+10 1.99326e+10 2.7145e+10 3.28249e+10 3.59492e+10 3.59492e+10 3.28249e+10 2.7145e+10 1.99326e+10 1.24631e+10 6.0234e+09 1.6931e+09 5.68425e+07 2.51856e+06 151473 7765.25 334.031 11.8807
110.909 3835.57 115721 3.02235e+06 5.86612e+07 8.3096e+08 8.30151e+10 3.02404e+11 6.2574e+11 9.99973e+11 1.36108e+12 1.64538e+12 1.80173e+12 1.80173e+12 1.64538e+12 1.36108e+12 9.99973e+11 6.2574e+11 3.02404e+11 8.30151e+10 8.3096e+08 5.86612e+07 3.02235e+06 115721 3835.57 110.909
649.962 27362.9 1.09759e+06 4.40607e+07 1.7792e+09 8.68126e+10 7.9085e+12 2.76583e+13 5.62488e+13 8.90091e+13 1.20407e+14 1.45015e+14 1.58514e+14 1.58514e+14 1.45015e+14 1.20407e+14 8.90091e+13 5.62488e+13 2.76583e+13 7.9085e+12 8.68126e+10 1.7792e+09 4.40607e+07 1.09759e+06 27362.9 649.962
1935.41 85086.1 3.57654e+06 1.50411e+08 6.33684e+09 3.16659e+11 2.77414e+13 9.67537e+13 1.9654e+14 3.108e+14 4.20259e+14 5.0602e+14 5.53057e+14 5.53057e+14 5.0602e+14 4.20259e+14 3.108e+14 1.9654e+14 9.67537e+13 2.77414e+13 3.16659e+11 6.33684e+09 1.50411e+08 3.57654e+06 85086.1 1935.41
3886.95 172486 7.31251e+06 3.0965e+08 1.31093e+10 6.55185e+11 5.64676e+13 1.96717e+14 3.99412e+14 6.31441e+14 8.5368e+14 1.02779e+15 1.12327e+15 1.12327e+15 1.02779e+15 8.5368e+14 6.31441e+14 3.99411e+14 1.96717e+14 5.64676e+13 6.55185e+11 1.31093e+10 3.0965e+08 7.31251e+06 172486 3886.95
6173.29 274552 1.16612e+07 4.94475e+08 2.0954e+10 1.0465e+12 8.93756e+13 3.11159e+14 6.31604e+14 9.98368e+14 1.34962e+15 1.62478e+15 1.77568e+15 1.77568e+15 1.62478e+15 1.34962e+15 9.98368e+14 6.31604e+14 3.11159e+14 8.93756e+13 1.0465e+12 2.0954e+10 4.94475e+08 1.16612e+07 274552 6173.29
8383.41 373099 1.5856e+07 6.72671e+08 2.85165e+10 1.42351e+12 1.20897e+14 4.20734e+14 8.53887e+14 1.3496e+15 1.82432e+15 2.19618e+15 2.4001e+15 2.4001e+15 2.19618e+15 1.82432e+15 1.3496e+15 8.53887e+14 4.20734e+14 1.20897e+14 1.42351e+12 2.85165e+10 6.72671e+08 1.5856e+07 373099 8383.41
10121.3 450574 1.91537e+07 8.12766e+08 3.44632e+10 1.7199e+12 1.45586e+14 5.06536e+14 1.02793e+15 1.62459e+15 2.19595e+15 2.64351e+15 2.88895e+15 2.88895e+15 2.64351e+15 2.19595e+15 1.62459e+15 1.02793e+15 5.06536e+14 1.45586e+14 1.7199e+12 3.44632e+10 8.12766e+08 1.91537e+07 450574 10121.3
11075.9 493130 2.09652e+07 8.89734e+08 3.77308e+10 1.88274e+12 1.59123e+14 5.53573e+14 1.12333e+15 1.77533e+15 2.39967e+15 2.88872e+15 3.1569e+15 3.1569e+15 2.88872e+15 2.39967e+15 1.77533e+15 1.12333e+15 5.53573e+14 1.59123e+14 1.88274e+12 3.77308e+10 8.89734e+08 2.09652e+07 493130 11075.9
11075.9 493130 2.09652e+07 8.89734e+08 3.77308e+10 1.88274e+12 1.59123e+14 5.53573e+14 1.12333e+15 1.77533e+15 2.39967e+15 2.88872e+15 3.1569e+15 3.1569e+15 2.88872e+15 2.39967e+15 1.77533e+15 1.12333e+15 5.53573e+14 1.59123e+14 1.88274e+12 3.77308e+10 8.89734e+08 2.09652e+07 493130 11075.9
10121.3 450574 1.91537e+07 8.12766e+08 3.44632e+10 1.7199e+12 1.45586e+14 5.06536e+14 1.02793e+15 1.62459e+15 2.19595e+15 2.64351e+15 2.88895e+15 2.88895e+15 2.64351e+15 2.19595e+15 1.62459e+15 1.02793e+15 5.06536e+14 1.45586e+14 1.7199e+12 3.44632e+10 8.12766e+08 1.91537e+07 450574 10121.3
8383.41 373099 1.5856e+07 6.72671e+08 2.85165e+10 1.42351e+12 1.20897e+14 4.20734e+14 8.53887e+14 1.3496e+15 1.82432e+15 2.19618e+15 2.4001e+15 2.4001e+15 2.19618e+15 1.82432e+15 1.3496e+15 8.53887e+14 4.20734e+14 1.20897e+14 1.42351e+12 2.85165e+10 6.72671e+08 1.5856e+07 373099 8383.41
6173.29 274552 1.16612e+07 4.94475e+08 2.0954e+10 1.0465e+12 8.93756e+13 3.11159e+14 6.31604e+14 9.98368e+14 1.34962e+15 1.62478e+15 1.77568e+15 1.77568e+15 1.62478e+15 1.34962e+15 9.98368e+14 6.31604e+14 3.11159e+14 8.93756e+13 1.0465e+12 2.0954e+10 4.94475e+08 1.16612e+07 274552 6173.29
3886.94 172486 7.31251e+06 3.0965e+08 1.31093e+10 6.55185e+11 5.64676e+13 1.96717e+14 3.99411e+14 6.31441e+14 8.5368e+14 1.02779e+15 1.12327e+15 1.12327e+15 1.02779e+15 8.5368e+14 6.31441e+14 3.99411e+14 1.96717e+14 5.64676e+13 6.55185e+11 1.31093e+10 3.0965e+08 7.31251e+06 172486 3886.94
1935.41 85086.1 3.57654e+06 1.50411e+08 6.33684e+09 3.16659e+11 2.77414e+13 9.67537e+13 1.9654e+14 3.108e+14 4.20259e+14 5.0602e+14 5.53057e+14 5.53057e+14 5.0602e+14 4.20259e+14 3.108e+14 1.9654e+14 9.67537e+13 2.77414e+13 3.16659e+11 6.33684e+09 1.50411e+08 3.57654e+06 85086.1 1935.41
649.962 27362.9 1.09759e+06 4.40607e+07 1.7792e+09 8.68126e+10 7.9085e+12 2.76583e+13 5.62488e+13 8.90091e+13 1.20407e+14 1.45015e+14 1.58514e+14 1.58514e+14 1.45015e+14 1.20407e+14 8.90091e+13 5.62488e+13 2.76583e+13 7.9085e+12 8.68126e+10 1.7792e+09 4.40607e+07 1.09759e+06 27362.9 649.962
110.909 3835.57 115721 3.02235e+06 5.86612e+07 8.3096e+08 8.30151e+10 3.02404e+11 6.2574e+11 9.99973e+11 1.36108e+12 1.64538e+12 1.80173e+12 1.80173e+12 1.64538e+12 1.36108e+12 9.99973e+11 6.2574e+11 3.02404e+11 8.30151e+10 8.3096e+08 5.86612e+07 3.02235e+06 115721 3835.57 110.909
11.8807 334.031 7765.25 151473 2.51856e+06 5.68425e+07 1.6931e+09 6.0234e+09 1.24631e+10 1.99326e+10 2.7145e+10 3.28249e+10 3.59492e+10 3.59492e+10 3.28249e+10 2.7145e+10 1.99326e+10 1.24631e+10 6.0234e+09 1.6931e+09 5.68425e+07 2.51856e+06 151473 7765.25 334.031 11.8807
0.959779 22.9545 454.982 8178.22 148052 2.90551e+06 4.19344e+07 1.42997e+08 2.94435e+08 4.70443e+08 6.40405e+08 7.7422e+08 8.47813e+08 8.47813e+08 7.7422e+08 6.40405e+08 4.70443e+08 2.94435e+08 1.42997e+08 4.19344e+07 2.90551e+06 148052 8178.23 454.982 22.9545 0.959779
0.0659007 1.4155 25.8317 447.192 7513.89 110862 1.04471e+06 3.40084e+06 6.95435e+06 1.10961e+07 1.50974e+07 1.82474e+07 1.99795e+07 1.99795e+07 1.82474e+07 1.50974e+07 1.10961e+07 6.95435e+06 3.40084e+06 1.04471e+06 110862 7513.89 447.192 25.8317 1.4155 0.0659007
0.00409104 0.0816582 1.39612 22.3332 321.602 3667.66 26046.3 80919.7 164064 261285 355294 429303 469994 469994 429303 355294 261285 164064 80919.7 26046.3 3667.66 321.602 22.3332 1.39612 0.0816582 0.00409105
0.000215115 0.00404701 0.0644153 0.928463 11.4065 105.937 618.716 1840.92 3697.73 5875.81 7984.31 9644.56 10557.3 10557.3 9644.56 7984.31 5875.81 3697.73 1840.92 618.716 105.937 11.4065 0.928463 0.0644153 0.00404701 0.000215115
