2.09202 39.266 619.647 8814.4 106869 983123 5.71012e+06 1.69015e+07 3.36745e+07 5.29328e+07 7.1094e+07 8.50363e+07 9.25618e+07 9.25618e+07 8.50363e+07 7.1094e+07 5.29328e+07 3.36745e+07 1.69015e+07 5.71012e+06 983123 106869 8814.4 619.647 39.266 2.09202
40.2625 805.72 13706.4 216151 3.05649e+06 3.43606e+07 2.42184e+08 7.48382e+08 1.50474e+09 2.36951e+09 3.18293e+09 3.80639e+09 4.14257e+09 4.14257e+09 3.80639e+09 3.18293e+09 2.36951e+09 1.50474e+09 7.48382e+08 2.42184e+08 3.43606e+07 3.05649e+06 216151 13706.4 805.72 40.2625
653.03 14154.4 259167 4.44124e+06 7.28802e+07 1.05066e+09 9.78916e+09 3.16925e+10 6.42574e+10 1.01328e+11 1.36113e+11 1.62731e+11 1.7707e+11 1.7707e+11 1.62731e+11 1.36113e+11 1.01328e+11 6.42574e+10 3.16925e+10 9.78916e+09 1.05066e+09 7.28802e+07 4.44124e+06 259167 14154.4 653.03
9500.15 230308 4.62725e+06 8.35398e+07 1.48101e+09 2.79473e+10 3.9565e+11 1.34176e+12 2.73883e+12 4.32282e+12 5.80597e+12 6.93924e+12 7.54908e+12 7.54908e+12 6.93924e+12 5.80597e+12 4.32282e+12 2.73883e+12 1.34176e+12 3.9565e+11 2.79473e+10 1.48101e+09 8.35398e+07 4.62725e+06 230308 9500.15
116743 3.32688e+06 7.87002e+07 1.5674e+09 2.63676e+10 5.61764e+11 1.60643e+13 5.68438e+13 1.16583e+14 1.84093e+14 2.47192e+14 2.95334e+14 3.21212e+14 3.21212e+14 2.95334e+14 2.47192e+14 1.84093e+14 1.16583e+14 5.68438e+13 1.60643e+13 5.61764e+11 2.63676e+10 1.5674e+09 7.87002e+07 3.32688e+06 116743
1.07936e+06 3.77193e+07 1.15318e+09 3.06669e+10 6.1603e+11 9.09946e+12 7.96454e+14 2.88621e+15 5.92263e+15 9.34894e+15 1.25512e+16 1.4995e+16 1.63091e+16 1.63091e+16 1.4995e+16 1.25512e+16 9.34894e+15 5.92263e+15 2.88621e+15 7.96454e+14 9.09946e+12 6.1603e+11 3.06669e+10 1.15318e+09 3.77193e+07 1.07936e+06
6.2688e+06 2.65874e+08 1.07467e+10 4.34356e+11 1.76363e+13 8.56178e+14 7.58703e+16 2.6511e+17 5.37648e+17 8.46297e+17 1.13745e+18 1.36203e+18 1.4838e+18 1.4838e+18 1.36203e+18 1.13745e+18 8.46297e+17 5.37648e+17 2.6511e+17 7.58703e+16 8.56178e+14 1.76363e+13 4.34356e+11 1.07467e+10 2.65874e+08 6.2688e+06
1.85395e+07 8.20879e+08 3.47617e+10 1.47167e+12 6.23467e+13 3.1054e+15 2.66136e+17 9.27544e+17 1.87907e+18 2.95631e+18 3.97252e+18 4.75656e+18 5.18175e+18 5.18175e+18 4.75656e+18 3.97252e+18 2.95631e+18 1.87907e+18 9.27544e+17 2.66136e+17 3.1054e+15 6.23467e+13 1.47167e+12 3.47617e+10 8.20879e+08 1.85395e+07
3.68961e+07 1.64859e+09 7.0396e+10 3.00032e+12 1.27708e+14 6.3675e+15 5.40043e+17 1.88023e+18 3.8066e+18 5.98585e+18 8.04041e+18 9.62488e+18 1.04839e+19 1.04839e+19 9.62488e+18 8.04041e+18 5.98585e+18 3.8066e+18 1.88023e+18 5.40043e+17 6.3675e+15 1.27708e+14 3.00032e+12 7.0396e+10 1.64859e+09 3.68961e+07
5.79224e+07 2.5926e+09 1.10856e+11 4.72886e+12 2.01367e+14 1.00378e+16 8.4961e+17 2.95665e+18 5.98294e+18 9.40357e+18 1.26258e+19 1.51091e+19 1.64549e+19 1.64549e+19 1.51091e+19 1.26258e+19 9.40357e+18 5.98294e+18 2.95665e+18 8.4961e+17 1.00378e+16 2.01367e+14 4.72886e+12 1.10856e+11 2.5926e+09 5.79224e+07
7.7699e+07 3.47812e+09 1.48713e+11 6.34252e+12 2.69996e+14 1.34563e+16 1.14081e+18 3.96935e+18 8.02929e+18 1.26146e+19 1.69304e+19 2.02542e+19 2.20546e+19 2.20546e+19 2.02542e+19 1.69304e+19 1.26146e+19 8.02929e+18 3.96936e+18 1.14081e+18 1.34563e+16 2.69996e+14 6.34252e+12 1.48713e+11 3.47812e+09 7.7699e+07
9.28448e+07 4.15513e+09 1.77607e+11 7.5721e+12 3.22207e+14 1.60567e+16 1.36482e+18 4.74861e+18 9.60326e+18 1.50827e+19 2.02368e+19 2.4204e+19 2.6352e+19 2.6352e+19 2.4204e+19 2.02368e+19 1.50827e+19 9.60326e+18 4.74861e+18 1.36482e+18 1.60567e+16 3.22207e+14 7.5721e+12 1.77607e+11 4.15513e+09 9.28448e+07
1.01006e+08 4.51954e+09 1.93142e+11 8.23246e+12 3.50215e+14 1.74517e+16 1.48602e+18 5.17038e+18 1.0455e+19 1.64177e+19 2.20244e+19 2.63386e+19 2.8674e+19 2.8674e+19 2.63386e+19 2.20244e+19 1.64177e+19 1.0455e+19 5.17038e+18 1.48602e+18 1.74517e+16 3.50215e+14 8.23246e+12 1.93142e+11 4.51954e+09 1.01006e+08
1.01006e+08 4.51954e+09 1.93142e+11 8.23246e+12 3.50215e+14 1.74517e+16 1.48602e+18 5.17038e+18 1.0455e+19 1.64177e+19 2.20244e+19 2.63386e+19 2.8674e+19 2.8674e+19 2.63386e+19 2.20244e+19 1.64177e+19 1.0455e+19 5.17038e+18 1.48602e+18 1.74517e+16 3.50215e+14 8.23246e+12 1.93142e+11 4.51954e+09 1.01006e+08
9.28448e+07 4.15513e+09 1.77607e+11 7.5721e+12 3.22207e+14 1.60567e+16 1.36482e+18 4.74861e+18 9.60326e+18 1.50827e+19 2.02368e+19 2.4204e+19 2.6352e+19 2.6352e+19 2.4204e+19 2.02368e+19 1.50827e+19 9.60326e+18 4.74861e+18 1.36482e+18 1.60567e+16 3.22207e+14 7.5721e+12 1.77607e+11 4.15513e+09 9.28448e+07
7.7699e+07 3.47812e+09 1.48713e+11 6.34252e+12 2.69996e+14 1.34563e+16 1.14081e+18 3.96936e+18 8.02929e+18 1.26146e+19 1.69304e+19 2.02542e+19 2.20546e+19 2.20546e+19 2.02542e+19 1.69304e+19 1.26146e+19 8.02929e+18 3.96935e+18 1.14081e+18 1.34563e+16 2.69996e+14 6.34252e+12 1.48713e+11 3.47812e+09 7.7699e+07
5.79224e+07 2.5926e+09 1.10856e+11 4.72886e+12 2.01367e+14 1.00378e+16 8.4961e+17 2.95665e+18 5.98294e+18 9.40357e+18 1.26258e+19 1.51091e+19 1.64549e+19 1.64549e+19 1.51091e+19 1.26258e+19 9.40357e+18 5.98294e+18 2.95665e+18 8.4961e+17 1.00378e+16 2.01367e+14 4.72886e+12 1.10856e+11 2.5926e+09 5.79224e+07
3.68961e+07 1.64859e+09 7.0396e+10 3.00032e+12 1.27708e+14 6.3675e+15 5.40043e+17 1.88023e+18 3.8066e+18 5.98585e+18 8.04041e+18 9.62488e+18 1.04839e+19 1.04839e+19 9.62488e+18 8.04041e+18 5.98585e+18 3.8066e+18 1.88023e+18 5.40043e+17 6.3675e+15 1.27708e+14 3.00032e+12 7.0396e+10 1.64859e+09 3.68961e+07
1.85395e+07 8.20879e+08 3.47617e+10 1.47167e+12 6.23467e+13 3.1054e+15 2.66136e+17 9.27544e+17 1.87907e+18 2.95631e+18 3.97252e+18 4.75656e+18 5.18175e+18 5.18175e+18 4.75656e+18 3.97252e+18 2.95631e+18 1.87907e+18 9.27544e+17 2.66136e+17 3.1054e+15 6.23467e+13 1.47167e+12 3.47617e+10 8.20879e+08 1.85395e+07
6.2688e+06 2.65874e+08 1.07467e+10 4.34356e+11 1.76363e+13 8.56178e+14 7.58703e+16 2.6511e+17 5.37648e+17 8.46297e+17 1.13745e+18 1.36203e+18 1.4838e+18 1.4838e+18 1.36203e+18 1.13745e+18 8.46297e+17 5.37648e+17 2.6511e+17 7.58703e+16 8.56178e+14 1.76363e+13 4.34356e+11 1.07467e+10 2.65874e+08 6.2688e+06
1.07936e+06 3.77193e+07 1.15318e+09 3.06669e+10 6.1603e+11 9.09946e+12 7.96454e+14 2.88621e+15 5.92263e+15 9.34894e+15 1.25512e+16 1.4995e+16 1.63091e+16 1.63091e+16 1.4995e+16 1.25512e+16 9.34894e+15 5.92263e+15 2.88621e+15 7.96454e+14 9.09946e+12 6.1603e+11 3.06669e+10 1.15318e+09 3.77193e+07 1.07936e+06
116743 3.32688e+06 7.87002e+07 1.5674e+09 2.63676e+10 5.61764e+11 1.60643e+13 5.68438e+13 1.16583e+14 1.84093e+14 2.47192e+14 2.95334e+14 3.21212e+14 3.21212e+14 2.95334e+14 2.47192e+14 1.84093e+14 1.16583e+14 5.68438e+13 1.60643e+13 5.61764e+11 2.63676e+10 1.5674e+09 7.87002e+07 3.32688e+06 116743
9500.15 230308 4.62725e+06 8.35398e+07 1.48101e+09 2.79473e+10 3.9565e+11 1.34176e+12 2.73883e+12 4.32282e+12 5.80597e+12 6.93924e+12 7.54908e+12 7.54908e+12 6.93924e+12 5.80597e+12 4.32282e+12 2.73883e+12 1.34176e+12 3.9565e+11 2.79473e+10 1.48101e+09 8.35398e+07 4.62725e+06 230308 9500.15
653.03 14154.4 259167 4.44124e+06 7.28802e+07 1.05066e+09 9.78916e+09 3.16925e+10 6.42574e+10 1.01328e+11 1.36113e+11 1.62731e+11 1.7707e+11 1.7707e+11 1.62731e+11 1.36113e+11 1.01328e+11 6.42574e+10 3.16925e+10 9.78916e+09 1.05066e+09 7.28802e+07 4.44124e+06 259167 14154.4 653.03
40.2625 805.72 13706.4 216151 3.05649e+06 3.43606e+07 2.42184e+08 7.48382e+08 1.50474e+09 2.36951e+09 3.18293e+09 3.80639e+09 4.14257e+09 4.14257e+09 3.80639e+09 3.18293e+09 2.36951e+09 1.50474e+09 7.48382e+08 2.42184e+08 3.43606e+07 3.05649e+06 216151 13706.4 805.72 40.2625
2.09203 39.266 619.647 8814.4 106869 983123 5.71012e+06 1.69015e+07 3.36745e+07 5.29328e+07 7.1094e+07 8.50363e+07 9.25618e+07 9.25618e+07 8.50363e+07 7.1094e+07 5.29328e+07 3.36745e+07 1.69015e+07 5.71012e+06 983123 106869 8814.4 619.647 39.266 2.09202
