0.0198891 0.373869 5.94081 85.4369 1047.2 9705.31 56555 167650 335038 529301 715226 860153 939279 939279 860153 715226 529301 335038 167650 56555 9705.31 1047.2 85.4369 5.94081 0.37387 0.0198891
0.378562 7.55508 129.019 2059.19 29571.6 336414 2.3837e+06 7.37789e+06 1.48807e+07 2.35567e+07 3.1847e+07 3.83054e+07 4.18307e+07 4.18307e+07 3.83054e+07 3.1847e+07 2.35567e+07 1.48807e+07 7.37789e+06 2.3837e+06 336414 29571.6 2059.19 129.019 7.55508 0.378562
6.09865 131.09 2392.06 41339.9 692364 1.01824e+07 9.57256e+07 3.1043e+08 6.31383e+08 1.00115e+09 1.354e+09 1.62874e+09 1.77868e+09 1.77868e+09 1.62874e+09 1.354e+09 1.00115e+09 6.31383e+08 3.1043e+08 9.57256e+07 1.01824e+07 692364 41339.9 2392.06 131.09 6.09865
88.7403 2125.26 42176.1 758154 1.36858e+07 2.67304e+08 3.84684e+09 1.30668e+10 2.67557e+10 4.24743e+10 5.74582e+10 6.91216e+10 7.54859e+10 7.54859e+10 6.91216e+10 5.74582e+10 4.24743e+10 2.67557e+10 1.30668e+10 3.84684e+09 2.67304e+08 1.36858e+07 758154 42176.1 2125.26 88.7403
1096.61 30878 719127 1.4057e+07 2.33937e+08 5.24454e+09 1.55487e+11 5.5096e+11 1.13345e+12 1.80063e+12 2.43624e+12 2.93087e+12 3.20074e+12 3.20074e+12 2.93087e+12 2.43624e+12 1.80063e+12 1.13345e+12 5.5096e+11 1.55487e+11 5.24454e+09 2.33937e+08 1.4057e+07 719127 30878 1096.61
10214.8 353733 1.06889e+07 2.79737e+08 5.44981e+09 7.75414e+10 7.63749e+12 2.77129e+13 5.70222e+13 9.05273e+13 1.22432e+14 1.47258e+14 1.60803e+14 1.60803e+14 1.47258e+14 1.22432e+14 9.05273e+13 5.70222e+13 2.77129e+13 7.63749e+12 7.75414e+10 5.44981e+09 2.79737e+08 1.06889e+07 353733 10214.8
59698.9 2.51644e+06 1.01067e+08 4.06207e+09 1.64218e+11 8.01422e+12 7.27819e+14 2.5401e+15 5.14966e+15 8.11861e+15 1.09424e+16 1.31405e+16 1.43406e+16 1.43406e+16 1.31405e+16 1.09424e+16 8.11861e+15 5.14966e+15 2.5401e+15 7.27819e+14 8.01422e+12 1.64218e+11 4.06207e+09 1.01067e+08 2.51644e+06 59698.9
177037 7.7924e+06 3.27936e+08 1.38066e+10 5.8228e+11 2.91101e+13 2.5475e+15 8.86837e+15 1.79618e+16 2.8304e+16 3.81395e+16 4.57957e+16 4.99762e+16 4.99762e+16 4.57957e+16 3.81395e+16 2.8304e+16 1.79618e+16 8.86837e+15 2.5475e+15 2.91101e+13 5.8228e+11 1.38066e+10 3.27936e+08 7.7924e+06 177037
353588 1.57072e+07 6.66572e+08 2.82521e+10 1.19707e+12 5.98651e+13 5.16747e+15 1.79721e+16 3.63868e+16 5.73268e+16 7.72394e+16 9.27398e+16 1.01203e+17 1.01203e+17 9.27398e+16 7.72394e+16 5.73268e+16 3.63868e+16 1.79721e+16 5.16747e+15 5.98651e+13 1.19707e+12 2.82521e+10 6.66572e+08 1.57072e+07 353588
558056 2.48398e+07 1.05584e+09 4.48009e+10 1.89956e+12 9.49418e+13 8.14499e+15 2.83152e+16 5.73172e+16 9.02928e+16 1.21648e+17 1.46055e+17 1.59382e+17 1.59382e+17 1.46055e+17 1.21648e+17 9.02928e+16 5.73172e+16 2.83152e+16 8.14499e+15 9.49418e+13 1.89956e+12 4.48009e+10 1.05584e+09 2.48398e+07 558056
753283 3.35449e+07 1.42634e+09 6.05347e+10 2.56697e+12 1.28255e+14 1.09726e+16 3.81375e+16 7.71927e+16 1.21595e+17 1.63814e+17 1.96676e+17 2.14618e+17 2.14618e+17 1.96676e+17 1.63814e+17 1.21595e+17 7.71927e+16 3.81375e+16 1.09726e+16 1.28255e+14 2.56697e+12 6.05347e+10 1.42634e+09 3.35449e+07 753283
905129 4.03112e+07 1.71416e+09 7.27522e+10 3.08506e+12 1.54113e+14 1.31704e+16 4.57726e+16 9.26426e+16 1.45928e+17 1.9659e+17 2.36022e+17 2.57552e+17 2.57552e+17 2.36022e+17 1.9659e+17 1.45928e+17 9.26426e+16 4.57726e+16 1.31704e+16 1.54113e+14 3.08506e+12 7.27522e+10 1.71416e+09 4.03112e+07 905129
987907 4.39987e+07 1.87098e+09 7.94075e+10 3.36723e+12 1.68196e+14 1.43691e+16 4.99372e+16 1.0107e+17 1.592e+17 2.14467e+17 2.57484e+17 2.80969e+17 2.80969e+17 2.57484e+17 2.14467e+17 1.592e+17 1.0107e+17 4.99372e+16 1.43691e+16 1.68196e+14 3.36722e+12 7.94075e+10 1.87098e+09 4.39987e+07 987907
987907 4.39987e+07 1.87098e+09 7.94075e+10 3.36722e+12 1.68196e+14 1.43691e+16 4.99372e+16 1.0107e+17 1.592e+17 2.14467e+17 2.57484e+17 2.80969e+17 2.80969e+17 2.57484e+17 2.14467e+17 1.592e+17 1.0107e+17 4.99372e+16 1.43691e+16 1.68196e+14 3.36723e+12 7.94075e+10 1.87098e+09 4.39987e+07 987907
905129 4.03112e+07 1.71416e+09 7.27522e+10 3.08506e+12 1.54113e+14 1.31704e+16 4.57726e+16 9.26426e+16 1.45928e+17 1.9659e+17 2.36022e+17 2.57552e+17 2.57552e+17 2.36022e+17 1.9659e+17 1.45928e+17 9.26426e+16 4.57726e+16 1.31704e+16 1.54113e+14 3.08506e+12 7.27522e+10 1.71416e+09 4.03112e+07 905129
753283 3.35449e+07 1.42634e+09 6.05347e+10 2.56697e+12 1.28255e+14 1.09726e+16 3.81375e+16 7.71927e+16 1.21595e+17 1.63814e+17 1.96676e+17 2.14618e+17 2.14618e+17 1.96676e+17 1.63814e+17 1.21595e+17 7.71927e+16 3.81375e+16 1.09726e+16 1.28255e+14 2.56697e+12 6.05347e+10 1.42634e+09 3.35449e+07 753283
558056 2.48398e+07 1.05584e+09 4.48009e+10 1.89956e+12 9.49418e+13 8.14499e+15 2.83152e+16 5.73172e+16 9.02928e+16 1.21648e+17 1.46055e+17 1.59382e+17 1.59382e+17 1.46055e+17 1.21648e+17 9.02928e+16 5.73172e+16 2.83152e+16 8.14499e+15 9.49418e+13 1.89956e+12 4.48009e+10 1.05584e+09 2.48398e+07 558056
353588 1.57072e+07 6.66572e+08 2.82521e+10 1.19707e+12 5.98651e+13 5.16747e+15 1.79721e+16 3.63868e+16 5.73268e+16 7.72394e+16 9.27398e+16 1.01203e+17 1.01203e+17 9.27398e+16 7.72394e+16 5.73268e+16 3.63868e+16 1.79721e+16 5.16747e+15 5.98651e+13 1.19707e+12 2.82521e+10 6.66572e+08 1.57072e+07 353588
177037 7.7924e+06 3.27936e+08 1.38066e+10 5.8228e+11 2.91101e+13 2.5475e+15 8.86837e+15 1.79618e+16 2.8304e+16 3.81395e+16 4.57957e+16 4.99762e+16 4.99762e+16 4.57957e+16 3.81395e+16 2.8304e+16 1.79618e+16 8.86837e+15 2.5475e+15 2.91101e+13 5.8228e+11 1.38066e+10 3.27936e+08 7.7924e+06 177037
59698.9 2.51644e+06 1.01067e+08 4.06207e+09 1.64218e+11 8.01422e+12 7.27819e+14 2.5401e+15 5.14966e+15 8.11861e+15 1.09424e+16 1.31405e+16 1.43406e+16 1.43406e+16 1.31405e+16 1.09424e+16 8.11861e+15 5.14966e+15 2.5401e+15 7.27819e+14 8.01422e+12 1.64218e+11 4.06207e+09 1.01067e+08 2.51644e+06 59698.9
10214.8 353733 1.06889e+07 2.79737e+08 5.44981e+09 7.75414e+10 7.63749e+12 2.77129e+13 5.70222e+13 9.05273e+13 1.22432e+14 1.47258e+14 1.60803e+14 1.60803e+14 1.47258e+14 1.22432e+14 9.05273e+13 5.70222e+13 2.77129e+13 7.63749e+12 7.75414e+10 5.44981e+09 2.79737e+08 1.06889e+07 353733 10214.8
1096.61 30878 719127 1.4057e+07 2.33937e+08 5.24454e+09 1.55487e+11 5.5096e+11 1.13345e+12 1.80063e+12 2.43624e+12 2.93087e+12 3.20074e+12 3.20074e+12 2.93087e+12 2.43624e+12 1.80063e+12 1.13345e+12 5.5096e+11 1.55487e+11 5.24454e+09 2.33937e+08 1.4057e+07 719127 30878 1096.61
88.7403 2125.26 42176.1 758154 1.36858e+07 2.67304e+08 3.84684e+09 1.30668e+10 2.67557e+10 4.24743e+10 5.74582e+10 6.91216e+10 7.54859e+10 7.54859e+10 6.91216e+10 5.74582e+10 4.24743e+10 2.67557e+10 1.30668e+10 3.84684e+09 2.67304e+08 1.36858e+07 758154 42176.1 2125.26 88.7403
6.09865 131.09 2392.06 41339.9 692364 1.01824e+07 9.57256e+07 3.1043e+08 6.31383e+08 1.00115e+09 1.354e+09 1.62874e+09 1.77868e+09 1.77868e+09 1.62874e+09 1.354e+09 1.00115e+09 6.31383e+08 3.1043e+08 9.57256e+07 1.01824e+07 692364 41339.9 2392.06 131.09 6.09865
0.378562 7.55508 129.019 2059.19 29571.6 336414 2.3837e+06 7.37789e+06 1.48807e+07 2.35567e+07 3.1847e+07 3.83054e+07 4.18307e+07 4.18307e+07 3.83054e+07 3.1847e+07 2.35567e+07 1.48807e+07 7.37789e+06 2.3837e+06 336414 29571.6 2059.19 129.019 7.55508 0.378562
0.0198891 0.373869 5.94081 85.4369 1047.2 9705.31 56555 167650 335038 529301 715226 860153 939279 939279 860153 715226 529301 335038 167650 56555 9705.31 1047.2 85.4369 5.94081 0.373869 0.0198891
