0.0722955 1.36786 21.8786 316.587 3903.48 36392.4 213420 637560 1.28492e+06 2.04617e+06 2.78299e+06 3.36211e+06 3.67987e+06 3.67987e+06 3.36211e+06 2.78299e+06 2.04617e+06 1.28492e+06 637560 213420 36392.4 3903.48 316.587 21.8786 1.36786 0.0722956
1.3851 27.8406 478.765 7689.49 111073 1.27082e+06 9.05975e+06 2.82691e+07 5.75308e+07 9.18444e+07 1.25022e+08 1.51091e+08 1.65393e+08 1.65393e+08 1.51091e+08 1.25022e+08 9.18444e+07 5.75308e+07 2.82691e+07 9.05975e+06 1.27082e+06 111073 7689.49 478.765 27.8406 1.3851
22.4619 486.477 8941.36 155502 2.61874e+06 3.87118e+07 3.65946e+08 1.19683e+09 2.45756e+09 3.93168e+09 5.35575e+09 6.47445e+09 7.08816e+09 7.08816e+09 6.47445e+09 5.35575e+09 3.93168e+09 2.45756e+09 1.19683e+09 3.65946e+08 3.87118e+07 2.61874e+06 155502 8941.36 486.477 22.4619
328.859 7936.99 158660 2.86995e+06 5.20745e+07 1.02146e+09 1.47667e+10 5.06085e+10 1.04678e+11 1.67739e+11 2.28623e+11 2.76446e+11 3.02679e+11 3.02679e+11 2.76446e+11 2.28623e+11 1.67739e+11 1.04678e+11 5.06085e+10 1.47667e+10 1.02146e+09 5.20745e+07 2.86995e+06 158660 7936.99 328.859
4087.83 115988 2.72026e+06 5.34938e+07 8.94768e+08 2.01241e+10 5.98329e+11 2.14031e+12 4.45047e+12 7.13988e+12 9.73583e+12 1.17747e+13 1.28931e+13 1.28931e+13 1.17747e+13 9.73583e+12 7.13988e+12 4.45047e+12 2.14031e+12 5.98329e+11 2.01241e+10 8.94768e+08 5.34938e+07 2.72026e+06 115988 4087.83
38301.1 1.3362e+06 4.06378e+07 1.06908e+09 2.09195e+10 2.98805e+11 2.94158e+13 1.07788e+14 2.2423e+14 3.59542e+14 4.90091e+14 5.92606e+14 6.48832e+14 6.48832e+14 5.92606e+14 4.90091e+14 3.59542e+14 2.2423e+14 1.07788e+14 2.94158e+13 2.98805e+11 2.09195e+10 1.06908e+09 4.06378e+07 1.3362e+06 38301.1
225255 9.5627e+06 3.86289e+08 1.55891e+10 6.31741e+11 3.08486e+13 2.80528e+15 9.86212e+15 2.01618e+16 3.20335e+16 4.34459e+16 5.2398e+16 5.73079e+16 5.73079e+16 5.2398e+16 4.34459e+16 3.20335e+16 2.01618e+16 9.86212e+15 2.80528e+15 3.08486e+13 6.31741e+11 1.55891e+10 3.86289e+08 9.5627e+06 225255
673199 2.9854e+07 1.26415e+09 5.34647e+10 2.26153e+12 1.13175e+14 9.89287e+15 3.4676e+16 7.07999e+16 1.1241e+17 1.52399e+17 1.83764e+17 2.00967e+17 2.00967e+17 1.83764e+17 1.52399e+17 1.1241e+17 7.07999e+16 3.4676e+16 9.89287e+15 1.13175e+14 2.26153e+12 5.34647e+10 1.26415e+09 2.9854e+07 673199
1.35605e+06 6.07246e+07 2.59442e+09 1.10527e+11 4.69995e+12 2.3535e+14 2.02405e+16 7.08572e+16 1.44591e+17 2.29494e+17 3.11074e+17 3.75057e+17 4.10149e+17 4.10149e+17 3.75057e+17 3.11074e+17 2.29494e+17 1.44591e+17 7.08572e+16 2.02405e+16 2.3535e+14 4.69995e+12 1.10527e+11 2.59442e+09 6.07246e+07 1.35605e+06
2.15742e+06 9.68506e+07 4.14657e+09 1.76932e+11 7.53231e+12 3.77024e+14 3.21578e+16 1.12502e+17 2.29499e+17 3.64186e+17 4.93583e+17 5.95061e+17 6.50715e+17 6.50715e+17 5.95061e+17 4.93583e+17 3.64186e+17 2.29499e+17 1.12502e+17 3.21578e+16 3.77024e+14 7.53231e+12 1.76932e+11 4.14657e+09 9.68506e+07 2.15742e+06
2.93129e+06 1.31697e+08 5.64228e+09 2.40881e+11 1.0259e+13 5.13357e+14 4.35984e+16 1.52474e+17 3.10982e+17 4.93429e+17 6.68691e+17 8.06127e+17 8.81499e+17 8.81499e+17 8.06127e+17 6.68691e+17 4.93429e+17 3.10982e+17 1.52474e+17 4.35984e+16 5.13357e+14 1.0259e+13 2.40881e+11 5.64228e+09 1.31697e+08 2.93129e+06
3.53821e+06 1.59015e+08 6.81453e+09 2.90989e+11 1.23951e+13 6.2015e+14 5.25598e+16 1.83783e+17 3.74804e+17 5.94652e+17 8.05826e+17 9.71415e+17 1.06222e+18 1.06222e+18 9.71415e+17 8.05826e+17 5.94652e+17 3.74804e+17 1.83783e+17 5.25598e+16 6.2015e+14 1.23951e+13 2.90989e+11 6.81453e+09 1.59015e+08 3.53821e+06
3.87071e+06 1.73979e+08 7.45656e+09 3.18428e+11 1.35648e+13 6.78617e+14 5.74695e+16 2.00937e+17 4.09773e+17 6.50112e+17 8.8096e+17 1.06197e+18 1.16123e+18 1.16123e+18 1.06197e+18 8.8096e+17 6.50112e+17 4.09773e+17 2.00937e+17 5.74695e+16 6.78617e+14 1.35648e+13 3.18428e+11 7.45656e+09 1.73979e+08 3.87071e+06
3.87071e+06 1.73979e+08 7.45656e+09 3.18428e+11 1.35648e+13 6.78617e+14 5.74695e+16 2.00937e+17 4.09773e+17 6.50112e+17 8.8096e+17 1.06197e+18 1.16123e+18 1.16123e+18 1.06197e+18 8.8096e+17 6.50112e+17 4.09773e+17 2.00937e+17 5.74695e+16 6.78617e+14 1.35648e+13 3.18428e+11 7.45656e+09 1.73979e+08 3.87071e+06
3.53821e+06 1.59015e+08 6.81453e+09 2.90989e+11 1.23951e+13 6.2015e+14 5.25598e+16 1.83783e+17 3.74804e+17 5.94652e+17 8.05826e+17 9.71415e+17 1.06222e+18 1.06222e+18 9.71415e+17 8.05826e+17 5.94652e+17 3.74804e+17 1.83783e+17 5.25598e+16 6.2015e+14 1.23951e+13 2.90989e+11 6.81453e+09 1.59015e+08 3.53821e+06
2.93129e+06 1.31697e+08 5.64228e+09 2.40881e+11 1.0259e+13 5.13357e+14 4.35984e+16 1.52474e+17 3.10982e+17 4.93429e+17 6.68691e+17 8.06127e+17 8.81499e+17 8.81499e+17 8.06127e+17 6.68691e+17 4.93429e+17 3.10982e+17 1.52474e+17 4.35984e+16 5.13357e+14 1.0259e+13 2.40881e+11 5.64228e+09 1.31697e+08 2.93129e+06
2.15742e+06 9.68506e+07 4.14657e+09 1.76932e+11 7.53231e+12 3.77024e+14 3.21578e+16 1.12502e+17 2.29499e+17 3.64186e+17 4.93583e+17 5.95061e+17 6.50715e+17 6.50715e+17 5.95061e+17 4.93583e+17 3.64186e+17 2.29499e+17 1.12502e+17 3.21578e+16 3.77024e+14 7.53231e+12 1.76932e+11 4.14657e+09 9.68506e+07 2.15742e+06
1.35605e+06 6.07246e+07 2.59442e+09 1.10527e+11 4.69995e+12 2.3535e+14 2.02405e+16 7.08572e+16 1.44591e+17 2.29494e+17 3.11074e+17 3.75057e+17 4.10149e+17 4.10149e+17 3.75057e+17 3.11074e+17 2.29494e+17 1.44591e+17 7.08572e+16 2.02405e+16 2.3535e+14 4.69995e+12 1.10527e+11 2.59442e+09 6.07246e+07 1.35605e+06
673199 2.9854e+07 1.26415e+09 5.34647e+10 2.26153e+12 1.13175e+14 9.89287e+15 3.4676e+16 7.07999e+16 1.1241e+17 1.52399e+17 1.83764e+17 2.00967e+17 2.00967e+17 1.83764e+17 1.52399e+17 1.1241e+17 7.07999e+16 3.4676e+16 9.89287e+15 1.13175e+14 2.26153e+12 5.34647e+10 1.26415e+09 2.9854e+07 673199
225255 9.5627e+06 3.86289e+08 1.55891e+10 6.31741e+11 3.08486e+13 2.80528e+15 9.86212e+15 2.01618e+16 3.20335e+16 4.34459e+16 5.2398e+16 5.73079e+16 5.73079e+16 5.2398e+16 4.34459e+16 3.20335e+16 2.01618e+16 9.86212e+15 2.80528e+15 3.08486e+13 6.31741e+11 1.55891e+10 3.86289e+08 9.5627e+06 225255
38301.1 1.3362e+06 4.06378e+07 1.06908e+09 2.09195e+10 2.98805e+11 2.94158e+13 1.07788e+14 2.2423e+14 3.59542e+14 4.90091e+14 5.92606e+14 6.48832e+14 6.48832e+14 5.92606e+14 4.90091e+14 3.59542e+14 2.2423e+14 1.07788e+14 2.94158e+13 2.98805e+11 2.09195e+10 1.06908e+09 4.06378e+07 1.3362e+06 38301.1
4087.83 115988 2.72026e+06 5.34938e+07 8.94768e+08 2.01241e+10 5.98329e+11 2.14031e+12 4.45047e+12 7.13988e+12 9.73583e+12 1.17747e+13 1.28931e+13 1.28931e+13 1.17747e+13 9.73583e+12 7.13988e+12 4.45047e+12 2.14031e+12 5.98329e+11 2.01241e+10 8.94768e+08 5.34938e+07 2.72026e+06 115988 4087.83
328.859 7936.99 158660 2.86995e+06 5.20745e+07 1.02146e+09 1.47667e+10 5.06085e+10 1.04678e+11 1.67739e+11 2.28623e+11 2.76446e+11 3.02679e+11 3.02679e+11 2.76446e+11 2.28623e+11 1.67739e+11 1.04678e+11 5.06085e+10 1.47667e+10 1.02146e+09 5.20745e+07 2.86995e+06 158660 7936.99 328.859
22.4619 486.477 8941.36 155502 2.61874e+06 3.87118e+07 3.65946e+08 1.19683e+09 2.45756e+09 3.93168e+09 5.35575e+09 6.47445e+09 7.08816e+09 7.08816e+09 6.47445e+09 5.35575e+09 3.93168e+09 2.45756e+09 1.19683e+09 3.65946e+08 3.87118e+07 2.61874e+06 155502 8941.36 486.477 22.4619
1.3851 27.8406 478.765 7689.49 111073 1.27082e+06 9.05975e+06 2.82691e+07 5.75308e+07 9.18444e+07 1.25022e+08 1.51091e+08 1.65393e+08 1.65393e+08 1.51091e+08 1.25022e+08 9.18444e+07 5.75308e+07 2.82691e+07 9.05975e+06 1.27082e+06 111073 7689.49 478.765 27.8406 1.3851
0.0722956 1.36786 21.8786 316.587 3903.48 36392.4 213420 637560 1.28492e+06 2.04617e+06 2.78299e+06 3.36211e+06 3.67987e+06 3.67987e+06 3.36211e+06 2.78299e+06 2.04617e+06 1.28492e+06 637560 213420 36392.4 3903.48 316.587 21.8786 1.36786 0.0722955
