5.9886 111.42 1736.27 24337.2 290890 2.64502e+06 1.52328e+07 4.47759e+07 8.85674e+07 1.38221e+08 1.84471e+08 2.19611e+08 2.38447e+08 2.38447e+08 2.19611e+08 1.84471e+08 1.38221e+08 8.85674e+07 4.47759e+07 1.52328e+07 2.64502e+06 290890 24337.2 1736.27 111.42 5.9886
115.125 2289.43 38534.4 598612 8.32347e+06 9.22448e+07 6.43914e+08 1.97532e+09 3.94139e+09 6.15937e+09 8.21847e+09 9.77945e+09 1.0615e+10 1.0615e+10 9.77945e+09 8.21847e+09 6.15937e+09 3.94139e+09 1.97532e+09 6.43914e+08 9.22448e+07 8.32347e+06 598612 38534.4 2289.43 115.125
1859.62 40189.3 731334 1.23767e+07 1.99223e+08 2.81822e+09 2.59524e+10 8.33787e+10 1.67685e+11 2.62294e+11 3.49843e+11 4.16064e+11 4.51462e+11 4.51462e+11 4.16064e+11 3.49843e+11 2.62294e+11 1.67685e+11 8.33787e+10 2.59524e+10 2.81822e+09 1.99223e+08 1.23767e+07 731334 40189.3 1859.62
26847.4 650529 1.30607e+07 2.34715e+08 4.09086e+09 7.51328e+10 1.04692e+12 3.5218e+12 7.12726e+12 1.11534e+13 1.48682e+13 1.7672e+13 1.91686e+13 1.91686e+13 1.7672e+13 1.48682e+13 1.11534e+13 7.12726e+12 3.5218e+12 1.04692e+12 7.51328e+10 4.09086e+09 2.34715e+08 1.30607e+07 650529 26847.4
326540 9.30262e+06 2.20426e+08 4.40879e+09 7.42087e+10 1.52613e+12 4.24669e+13 1.48995e+14 3.02816e+14 4.73874e+14 6.31293e+14 7.49859e+14 8.1305e+14 8.1305e+14 7.49859e+14 6.31293e+14 4.73874e+14 3.02816e+14 1.48995e+14 4.24669e+13 1.52613e+12 7.42087e+10 4.40879e+09 2.20426e+08 9.30262e+06 326540
2.98607e+06 1.04164e+08 3.18406e+09 8.49748e+10 1.7295e+12 2.59859e+13 2.11416e+15 7.59299e+15 1.54378e+16 2.41486e+16 3.21662e+16 3.82082e+16 4.14298e+16 4.14298e+16 3.82082e+16 3.21662e+16 2.41486e+16 1.54378e+16 7.59299e+15 2.11416e+15 2.59859e+13 1.7295e+12 8.49748e+10 3.18406e+09 1.04164e+08 2.98607e+06
1.71716e+07 7.25778e+08 2.92485e+10 1.17974e+12 4.78488e+13 2.31054e+15 2.01102e+17 6.98579e+17 1.40757e+18 2.20149e+18 2.94257e+18 3.5094e+18 3.81505e+18 3.81505e+18 3.5094e+18 2.94257e+18 2.20149e+18 1.40757e+18 6.98579e+17 2.01102e+17 2.31054e+15 4.78488e+13 1.17974e+12 2.92485e+10 7.25778e+08 1.71716e+07
5.04072e+07 2.22329e+09 9.38255e+10 3.96224e+12 1.67595e+14 8.30595e+15 7.01646e+17 2.43143e+18 4.89369e+18 7.64915e+18 1.02204e+19 1.21869e+19 1.32473e+19 1.32473e+19 1.21869e+19 1.02204e+19 7.64915e+18 4.89369e+18 2.43143e+18 7.01646e+17 8.30595e+15 1.67595e+14 3.96224e+12 9.38255e+10 2.22329e+09 5.04072e+07
9.95904e+07 4.43086e+09 1.88463e+11 8.00847e+12 3.40178e+14 1.6875e+16 1.41453e+18 4.89652e+18 9.84609e+18 1.53769e+19 2.0531e+19 2.44682e+19 2.65897e+19 2.65897e+19 2.44682e+19 2.0531e+19 1.53769e+19 9.84609e+18 4.89652e+18 1.41453e+18 1.6875e+16 3.40178e+14 8.00847e+12 1.88463e+11 4.43086e+09 9.95904e+07
1.55253e+08 6.91646e+09 2.94451e+11 1.25173e+13 5.31678e+14 2.63647e+16 2.21083e+18 7.64847e+18 1.53668e+19 2.39767e+19 3.19859e+19 3.80952e+19 4.13836e+19 4.13836e+19 3.80952e+19 3.19859e+19 2.39767e+19 1.53668e+19 7.64847e+18 2.21083e+18 2.63647e+16 5.31678e+14 1.25173e+13 2.94451e+11 6.91646e+09 1.55253e+08
2.07002e+08 9.21937e+09 3.92322e+11 1.66683e+13 7.07502e+14 3.50724e+16 2.95171e+18 1.02083e+19 2.04952e+19 3.19514e+19 4.25902e+19 5.06932e+19 5.50504e+19 5.50504e+19 5.06932e+19 4.25902e+19 3.19514e+19 2.04952e+19 1.02083e+19 2.95171e+18 3.50724e+16 7.07502e+14 1.66683e+13 3.92322e+11 9.21937e+09 2.07002e+08
2.46251e+08 1.0962e+10 4.66213e+11 1.97952e+13 8.39656e+14 4.16155e+16 3.5166e+18 1.21601e+19 2.4401e+19 3.80158e+19 5.06423e+19 6.02479e+19 6.54091e+19 6.54091e+19 6.02479e+19 5.06423e+19 3.80158e+19 2.4401e+19 1.21601e+19 3.5166e+18 4.16155e+16 8.39656e+14 1.97952e+13 4.66213e+11 1.0962e+10 2.46251e+08
2.67264e+08 1.18937e+10 5.05657e+11 2.14618e+13 9.09988e+14 4.50973e+16 3.82051e+18 1.32102e+19 2.65009e+19 4.1273e+19 5.49628e+19 6.53705e+19 7.09602e+19 7.09602e+19 6.53705e+19 5.49628e+19 4.1273e+19 2.65009e+19 1.32102e+19 3.82051e+18 4.50973e+16 9.09988e+14 2.14618e+13 5.05657e+11 1.18937e+10 2.67264e+08
2.67264e+08 1.18937e+10 5.05657e+11 2.14618e+13 9.09988e+14 4.50973e+16 3.82051e+18 1.32102e+19 2.65009e+19 4.1273e+19 5.49628e+19 6.53705e+19 7.09602e+19 7.09602e+19 6.53705e+19 5.49628e+19 4.1273e+19 2.65009e+19 1.32102e+19 3.82051e+18 4.50973e+16 9.09988e+14 2.14618e+13 5.05657e+11 1.18937e+10 2.67264e+08
2.46251e+08 1.0962e+10 4.66213e+11 1.97952e+13 8.39656e+14 4.16155e+16 3.5166e+18 1.21601e+19 2.4401e+19 3.80158e+19 5.06423e+19 6.02479e+19 6.54091e+19 6.54091e+19 6.02479e+19 5.06423e+19 3.80158e+19 2.4401e+19 1.21601e+19 3.5166e+18 4.16155e+16 8.39656e+14 1.97952e+13 4.66213e+11 1.0962e+10 2.46251e+08
2.07002e+08 9.21937e+09 3.92322e+11 1.66683e+13 7.07502e+14 3.50724e+16 2.95171e+18 1.02083e+19 2.04952e+19 3.19514e+19 4.25902e+19 5.06932e+19 5.50504e+19 5.50504e+19 5.06932e+19 4.25902e+19 3.19514e+19 2.04952e+19 1.02083e+19 2.95171e+18 3.50724e+16 7.07502e+14 1.66683e+13 3.92322e+11 9.21937e+09 2.07002e+08
1.55253e+08 6.91646e+09 2.94451e+11 1.25173e+13 5.31678e+14 2.63647e+16 2.21083e+18 7.64847e+18 1.53668e+19 2.39767e+19 3.19859e+19 3.80952e+19 4.13836e+19 4.13836e+19 3.80952e+19 3.19859e+19 2.39767e+19 1.53668e+19 7.64847e+18 2.21083e+18 2.63647e+16 5.31678e+14 1.25173e+13 2.94451e+11 6.91646e+09 1.55253e+08
9.95904e+07 4.43086e+09 1.88463e+11 8.00847e+12 3.40178e+14 1.6875e+16 1.41453e+18 4.89652e+18 9.84609e+18 1.53769e+19 2.0531e+19 2.44682e+19 2.65897e+19 2.65897e+19 2.44682e+19 2.0531e+19 1.53769e+19 9.84609e+18 4.89652e+18 1.41453e+18 1.6875e+16 3.40178e+14 8.00847e+12 1.88463e+11 4.43086e+09 9.95904e+07
5.04072e+07 2.22329e+09 9.38255e+10 3.96224e+12 1.67595e+14 8.30595e+15 7.01646e+17 2.43143e+18 4.89369e+18 7.64915e+18 1.02204e+19 1.21869e+19 1.32473e+19 1.32473e+19 1.21869e+19 1.02204e+19 7.64915e+18 4.89369e+18 2.43143e+18 7.01646e+17 8.30595e+15 1.67595e+14 3.96224e+12 9.38255e+10 2.22329e+09 5.04072e+07
1.71716e+07 7.25778e+08 2.92485e+10 1.17974e+12 4.78488e+13 2.31054e+15 2.01102e+17 6.98579e+17 1.40757e+18 2.20149e+18 2.94257e+18 3.5094e+18 3.81505e+18 3.81505e+18 3.5094e+18 2.94257e+18 2.20149e+18 1.40757e+18 6.98579e+17 2.01102e+17 2.31054e+15 4.78488e+13 1.17974e+12 2.92485e+10 7.25778e+08 1.71716e+07
2.98607e+06 1.04164e+08 3.18406e+09 8.49748e+10 1.7295e+12 2.59859e+13 2.11416e+15 7.59299e+15 1.54378e+16 2.41486e+16 3.21662e+16 3.82082e+16 4.14298e+16 4.14298e+16 3.82082e+16 3.21662e+16 2.41486e+16 1.54378e+16 7.59299e+15 2.11416e+15 2.59859e+13 1.7295e+12 8.49748e+10 3.18406e+09 1.04164e+08 2.98607e+06
326540 9.30262e+06 2.20426e+08 4.40879e+09 7.42087e+10 1.52613e+12 4.24669e+13 1.48995e+14 3.02816e+14 4.73874e+14 6.31293e+14 7.49859e+14 8.1305e+14 8.1305e+14 7.49859e+14 6.31293e+14 4.73874e+14 3.02816e+14 1.48995e+14 4.24669e+13 1.52613e+12 7.42087e+10 4.40879e+09 2.20426e+08 9.30262e+06 326540
26847.4 650529 1.30607e+07 2.34715e+08 4.09086e+09 7.51328e+10 1.04692e+12 3.5218e+12 7.12726e+12 1.11534e+13 1.48682e+13 1.7672e+13 1.91686e+13 1.91686e+13 1.7672e+13 1.48682e+13 1.11534e+13 7.12726e+12 3.5218e+12 1.04692e+12 7.51328e+10 4.09086e+09 2.34715e+08 1.30607e+07 650529 26847.4
1859.62 40189.3 731334 1.23767e+07 1.99223e+08 2.81822e+09 2.59524e+10 8.33787e+10 1.67685e+11 2.62294e+11 3.49843e+11 4.16064e+11 4.51462e+11 4.51462e+11 4.16064e+11 3.49843e+11 2.62294e+11 1.67685e+11 8.33787e+10 2.59524e+10 2.81822e+09 1.99223e+08 1.23767e+07 731334 40189.3 1859.62
115.125 2289.43 38534.4 598612 8.32347e+06 9.22448e+07 6.43914e+08 1.97532e+09 3.94139e+09 6.15937e+09 8.21847e+09 9.77945e+09 1.0615e+10 1.0615e+10 9.77945e+09 8.21847e+09 6.15937e+09 3.94139e+09 1.97532e+09 6.43914e+08 9.22448e+07 8.32347e+06 598612 38534.4 2289.43 115.125
5.9886 111.42 1736.27 24337.2 290890 2.64502e+06 1.52328e+07 4.47759e+07 8.85674e+07 1.38221e+08 1.84471e+08 2.19611e+08 2.38447e+08 2.38447e+08 2.19611e+08 1.84471e+08 1.38221e+08 8.85674e+07 4.47759e+07 1.52328e+07 2.64502e+06 290890 24337.2 1736.27 111.42 5.9886
