0.0230873 0.436959 6.99585 101.376 1251.8 11685.5 68612.5 205360 414959 662775 904043 1.09466e+06 1.19962e+06 1.19962e+06 1.09466e+06 904043 662775 414959 205360 68612.5 11685.5 1251.8 101.376 6.99585 0.436959 0.0230873
0.441933 8.8807 152.805 2457.8 35567.6 407590 2.90951e+06 9.0961e+06 1.85613e+07 2.97237e+07 4.05823e+07 4.91604e+07 5.38842e+07 5.38842e+07 4.91604e+07 4.05823e+07 2.97237e+07 1.85613e+07 9.09609e+06 2.90951e+06 407590 35567.6 2457.8 152.805 8.8807 0.441933
7.16444 155.025 2848.66 49594.4 837080 1.2402e+07 1.17412e+08 3.84758e+08 7.92246e+08 1.27153e+09 1.73749e+09 2.10559e+09 2.30832e+09 2.30832e+09 2.10559e+09 1.73749e+09 1.27153e+09 7.92246e+08 3.84758e+08 1.17412e+08 1.2402e+07 837080 49594.4 2848.66 155.025 7.16444
104.94 2529.25 50499.7 913253 1.66039e+07 3.26828e+08 4.73414e+09 1.62577e+10 3.37236e+10 5.42199e+10 7.41402e+10 8.98792e+10 9.85479e+10 9.85479e+10 8.98792e+10 7.41402e+10 5.42199e+10 3.37236e+10 1.62577e+10 4.73414e+09 3.26828e+08 1.66039e+07 913253 50499.7 2529.25 104.94
1305.79 36997.8 866343 1.70075e+07 2.84247e+08 6.42497e+09 1.91695e+11 6.87142e+11 1.43305e+12 2.30702e+12 3.15647e+12 3.82775e+12 4.19751e+12 4.19751e+12 3.82775e+12 3.15647e+12 2.30702e+12 1.43305e+12 6.87142e+11 1.91695e+11 6.42497e+09 2.84247e+08 1.70075e+07 866343 36997.8 1305.79
12250.9 426863 1.29654e+07 3.40557e+08 6.645e+09 9.45864e+10 9.41364e+12 3.45653e+13 7.21145e+13 1.16028e+14 1.58685e+14 1.92385e+14 2.10946e+14 2.10946e+14 1.92385e+14 1.58685e+14 1.16028e+14 7.21145e+13 3.45653e+13 9.41364e+12 9.45864e+10 6.645e+09 3.40557e+08 1.29654e+07 426863 12250.9
72160.5 3.0601e+06 1.23496e+08 4.97984e+09 2.01669e+11 9.84884e+12 8.97693e+14 3.15935e+15 6.46949e+15 1.02991e+16 1.39956e+16 1.69056e+16 1.85056e+16 1.85056e+16 1.69056e+16 1.39956e+16 1.02991e+16 6.46949e+15 3.15935e+15 8.97693e+14 9.84884e+12 2.01669e+11 4.97984e+09 1.23496e+08 3.0601e+06 72160.5
216117 9.57402e+06 4.05042e+08 1.71178e+10 7.23628e+11 3.62113e+13 3.16918e+15 1.11194e+16 2.27382e+16 3.61693e+16 4.91271e+16 5.93256e+16 6.49324e+16 6.49324e+16 5.93256e+16 4.91271e+16 3.61693e+16 2.27382e+16 1.11194e+16 3.16918e+15 3.62113e+13 7.23628e+11 1.71178e+10 4.05042e+08 9.57402e+06 216117
436553 1.95303e+07 8.33745e+08 3.54962e+10 1.50864e+12 7.55349e+13 6.4955e+15 2.27593e+16 4.6512e+16 7.39587e+16 1.00432e+17 1.21266e+17 1.32719e+17 1.32719e+17 1.21266e+17 1.00432e+17 7.39587e+16 4.6512e+16 2.27593e+16 6.4955e+15 7.55349e+13 1.50864e+12 3.54962e+10 8.33745e+08 1.95303e+07 436553
696749 3.12518e+07 1.3371e+09 5.70247e+10 2.42675e+12 1.21444e+14 1.03421e+16 3.62096e+16 7.3973e+16 1.17598e+17 1.59669e+17 1.92775e+17 2.10974e+17 2.10974e+17 1.92775e+17 1.59669e+17 1.17598e+17 7.3973e+16 3.62096e+16 1.03421e+16 1.21444e+14 2.42675e+12 5.70247e+10 1.3371e+09 3.12518e+07 696749
949575 4.26312e+07 1.82544e+09 7.7903e+10 3.3171e+12 1.65944e+14 1.40513e+16 4.91744e+16 1.00437e+17 1.59647e+17 2.16742e+17 2.61666e+17 2.86361e+17 2.86361e+17 2.61666e+17 2.16742e+17 1.59647e+17 1.00437e+17 4.91744e+16 1.40513e+16 1.65944e+14 3.3171e+12 7.7903e+10 1.82544e+09 4.26312e+07 949575
1.14895e+06 5.16036e+07 2.21046e+09 9.43651e+10 4.01921e+12 2.01028e+14 1.69683e+16 5.9368e+16 1.21243e+17 1.92703e+17 2.61605e+17 3.15818e+17 3.45617e+17 3.45617e+17 3.15818e+17 2.61605e+17 1.92703e+17 1.21243e+17 5.9368e+16 1.69683e+16 2.01028e+14 4.01921e+12 9.43651e+10 2.21046e+09 5.16036e+07 1.14895e+06
1.25859e+06 5.65378e+07 2.4222e+09 1.03419e+11 4.40537e+12 2.20322e+14 1.85708e+16 6.49678e+16 1.32672e+17 2.10861e+17 2.86249e+17 3.45562e+17 3.78166e+17 3.78166e+17 3.45562e+17 2.86249e+17 2.10861e+17 1.32672e+17 6.49678e+16 1.85708e+16 2.20322e+14 4.40537e+12 1.03419e+11 2.4222e+09 5.65378e+07 1.25859e+06
1.25859e+06 5.65378e+07 2.4222e+09 1.03419e+11 4.40537e+12 2.20322e+14 1.85708e+16 6.49678e+16 1.32672e+17 2.10861e+17 2.86249e+17 3.45562e+17 3.78166e+17 3.78166e+17 3.45562e+17 2.86249e+17 2.10861e+17 1.32672e+17 6.49678e+16 1.85708e+16 2.20322e+14 4.40537e+12 1.03419e+11 2.4222e+09 5.65378e+07 1.25859e+06
1.14895e+06 5.16036e+07 2.21046e+09 9.43651e+10 4.01921e+12 2.01028e+14 1.69683e+16 5.9368e+16 1.21243e+17 1.92703e+17 2.61605e+17 3.15818e+17 3.45617e+17 3.45617e+17 3.15818e+17 2.61605e+17 1.92703e+17 1.21243e+17 5.9368e+16 1.69683e+16 2.01028e+14 4.01921e+12 9.43651e+10 2.21046e+09 5.16036e+07 1.14895e+06
949575 4.26312e+07 1.82544e+09 7.7903e+10 3.3171e+12 1.65944e+14 1.40513e+16 4.91744e+16 1.00437e+17 1.59647e+17 2.16742e+17 2.61666e+17 2.86361e+17 2.86361e+17 2.61666e+17 2.16742e+17 1.59647e+17 1.00437e+17 4.91744e+16 1.40513e+16 1.65944e+14 3.3171e+12 7.7903e+10 1.82544e+09 4.26312e+07 949575
696749 3.12518e+07 1.3371e+09 5.70247e+10 2.42675e+12 1.21444e+14 1.03421e+16 3.62096e+16 7.3973e+16 1.17598e+17 1.59669e+17 1.92775e+17 2.10974e+17 2.10974e+17 1.92775e+17 1.59669e+17 1.17598e+17 7.3973e+16 3.62096e+16 1.03421e+16 1.21444e+14 2.42675e+12 5.70247e+10 1.3371e+09 3.12518e+07 696749
436553 1.95303e+07 8.33745e+08 3.54962e+10 1.50864e+12 7.55349e+13 6.4955e+15 2.27593e+16 4.6512e+16 7.39587e+16 1.00432e+17 1.21266e+17 1.32719e+17 1.32719e+17 1.21266e+17 1.00432e+17 7.39587e+16 4.6512e+16 2.27593e+16 6.4955e+15 7.55349e+13 1.50864e+12 3.54962e+10 8.33745e+08 1.95303e+07 436553
216117 9.57402e+06 4.05042e+08 1.71178e+10 7.23628e+11 3.62113e+13 3.16918e+15 1.11194e+16 2.27382e+16 3.61693e+16 4.91271e+16 5.93256e+16 6.49324e+16 6.49324e+16 5.93256e+16 4.91271e+16 3.61693e+16 2.27382e+16 1.11194e+16 3.16918e+15 3.62113e+13 7.23628e+11 1.71178e+10 4.05042e+08 9.57402e+06 216117
72160.5 3.0601e+06 1.23496e+08 4.97984e+09 2.01669e+11 9.84884e+12 8.97693e+14 3.15935e+15 6.46949e+15 1.02991e+16 1.39956e+16 1.69056e+16 1.85056e+16 1.85056e+16 1.69056e+16 1.39956e+16 1.02991e+16 6.46949e+15 3.15935e+15 8.97693e+14 9.84884e+12 2.01669e+11 4.97984e+09 1.23496e+08 3.0601e+06 72160.5
12250.8 426863 1.29654e+07 3.40557e+08 6.645e+09 9.45864e+10 9.41364e+12 3.45653e+13 7.21145e+13 1.16028e+14 1.58685e+14 1.92385e+14 2.10946e+14 2.10946e+14 1.92385e+14 1.58685e+14 1.16028e+14 7.21145e+13 3.45653e+13 9.41364e+12 9.45864e+10 6.645e+09 3.40557e+08 1.29654e+07 426863 12250.8
1305.79 36997.8 866343 1.70075e+07 2.84247e+08 6.42497e+09 1.91695e+11 6.87142e+11 1.43305e+12 2.30702e+12 3.15647e+12 3.82775e+12 4.19751e+12 4.19751e+12 3.82775e+12 3.15647e+12 2.30702e+12 1.43305e+12 6.87142e+11 1.91695e+11 6.42497e+09 2.84247e+08 1.70075e+07 866343 36997.8 1305.79
104.94 2529.25 50499.7 913253 1.66039e+07 3.26828e+08 4.73414e+09 1.62577e+10 3.37236e+10 5.42199e+10 7.41402e+10 8.98792e+10 9.85479e+10 9.85479e+10 8.98792e+10 7.41402e+10 5.42199e+10 3.37236e+10 1.62577e+10 4.73414e+09 3.26828e+08 1.66039e+07 913253 50499.7 2529.25 104.94
7.16444 155.025 2848.66 49594.4 837080 1.2402e+07 1.17412e+08 3.84758e+08 7.92246e+08 1.27153e+09 1.73749e+09 2.10559e+09 2.30832e+09 2.30832e+09 2.10559e+09 1.73749e+09 1.27153e+09 7.92246e+08 3.84758e+08 1.17412e+08 1.2402e+07 837080 49594.4 2848.66 155.025 7.16444
0.441933 8.8807 152.805 2457.8 35567.6 407590 2.90951e+06 9.09609e+06 1.85613e+07 2.97237e+07 4.05823e+07 4.91604e+07 5.38842e+07 5.38842e+07 4.91604e+07 4.05823e+07 2.97237e+07 1.85613e+07 9.09609e+06 2.90951e+06 407590 35567.6 2457.8 152.805 8.8807 0.441933
0.0230873 0.436959 6.99585 101.376 1251.8 11685.5 68612.5 205360 414959 662775 904043 1.09466e+06 1.19962e+06 1.19962e+06 1.09466e+06 904043 662775 414959 205360 68612.5 11685.5 1251.8 101.376 6.99585 0.436959 0.0230873
