1.02085e-08 1.91275e-07 3.02648e-06 4.33247e-05 0.000528821 0.00488585 0.0284228 0.0842562 0.168556 0.266756 0.361193 0.435156 0.475678 0.475678 0.435156 0.361193 0.266756 0.168556 0.0842562 0.0284228 0.00488585 0.000528821 4.33247e-05 3.02648e-06 1.91275e-07 1.02085e-08
1.94193e-07 3.86518e-06 6.57475e-05 0.00104413 0.0149182 0.169043 1.19519 3.69888 7.46766 11.8423 16.0432 19.332 21.1337 21.1337 19.332 16.0432 11.8423 7.46766 3.69888 1.19519 0.169043 0.0149182 0.00104413 6.57475e-05 3.86518e-06 1.94193e-07
3.12416e-06 6.70331e-05 0.0012198 0.0209846 0.349305 5.10947 47.8979 155.294 316.146 502.18 680.612 820.268 896.774 896.774 820.268 680.612 502.18 316.146 155.294 47.8979 5.10947 0.349305 0.0209846 0.0012198 6.70331e-05 3.12416e-06
4.53513e-05 0.00108489 0.0215044 0.385642 6.91995 134.074 1921.57 6525.03 13372.5 21266.6 28832.1 34752.9 37996.5 37996.5 34752.9 28832.1 21266.6 13372.5 6525.03 1921.57 134.074 6.91995 0.385642 0.0215044 0.00108489 4.53513e-05
0.000558718 0.0157136 0.365776 7.15244 118.929 2635.79 77567.6 274739 565681 900295 1.22086e+06 1.47174e+06 1.6092e+06 1.6092e+06 1.47174e+06 1.22086e+06 900295 565681 274739 77567.6 2635.79 118.929 7.15244 0.365776 0.0157136 0.000558718
0.00518884 0.179373 5.41395 141.694 2769.22 39571.1 3.81098e+06 1.38182e+07 2.84505e+07 4.52421e+07 6.13183e+07 7.38968e+07 8.07874e+07 8.07874e+07 7.38968e+07 6.13183e+07 4.52421e+07 2.84505e+07 1.38182e+07 3.81098e+06 39571.1 2769.22 141.694 5.41395 0.179373 0.00518884
0.0302632 1.27259 51.0004 2046.12 82601.9 4.02087e+06 3.63145e+08 1.26619e+09 2.5663e+09 4.04722e+09 5.45886e+09 6.56047e+09 7.1631e+09 7.1631e+09 6.56047e+09 5.45886e+09 4.04722e+09 2.5663e+09 1.26619e+09 3.63145e+08 4.02087e+06 82601.9 2046.12 51.0004 1.27259 0.0302632
0.0897574 3.94068 165.46 6952.84 292781 1.45993e+07 1.2705e+09 4.41865e+09 8.94662e+09 1.41018e+10 1.90144e+10 2.28474e+10 2.4944e+10 2.4944e+10 2.28474e+10 1.90144e+10 1.41018e+10 8.94662e+09 4.41865e+09 1.2705e+09 1.45993e+07 292781 6952.84 165.46 3.94068 0.0897574
0.179527 7.95431 336.775 14246.2 602693 3.00587e+07 2.57764e+09 8.95586e+09 1.81263e+10 2.85652e+10 3.85117e+10 4.6272e+10 5.05168e+10 5.05168e+10 4.6272e+10 3.85117e+10 2.85652e+10 1.81263e+10 8.95586e+09 2.57764e+09 3.00587e+07 602693 14246.2 336.775 7.95431 0.179527
0.283992 12.6082 534.693 22645 958713 4.77813e+07 4.06638e+09 1.4121e+10 2.85747e+10 4.50259e+10 6.07005e+10 7.29294e+10 7.96183e+10 7.96183e+10 7.29294e+10 6.07005e+10 4.50259e+10 2.85747e+10 1.4121e+10 4.06638e+09 4.77813e+07 958713 22645 534.693 12.6082 0.283992
0.384336 17.0719 724.289 30683.9 1.29934e+06 6.47282e+07 5.48482e+09 1.90411e+10 3.85264e+10 6.07034e+10 8.18328e+10 9.83172e+10 1.07334e+11 1.07334e+11 9.83172e+10 8.18328e+10 6.07034e+10 3.85264e+10 1.90411e+10 5.48482e+09 6.47282e+07 1.29934e+06 30683.9 724.289 17.0719 0.384336
0.462842 20.5627 872.516 36967.9 1.56561e+06 7.7973e+07 6.59117e+09 2.28781e+10 4.62871e+10 7.2929e+10 9.83119e+10 1.18114e+11 1.28946e+11 1.28946e+11 1.18114e+11 9.83119e+10 7.2929e+10 4.62871e+10 2.28781e+10 6.59117e+09 7.7973e+07 1.56561e+06 36967.9 872.516 20.5627 0.462842
0.505822 22.4736 953.655 40407.8 1.71137e+06 8.52229e+07 7.19616e+09 2.49762e+10 5.05305e+10 7.96137e+10 1.07322e+11 1.28939e+11 1.40763e+11 1.40763e+11 1.28939e+11 1.07322e+11 7.96137e+10 5.05305e+10 2.49762e+10 7.19616e+09 8.52229e+07 1.71137e+06 40407.8 953.655 22.4736 0.505822
0.505822 22.4736 953.655 40407.8 1.71137e+06 8.52229e+07 7.19616e+09 2.49762e+10 5.05305e+10 7.96137e+10 1.07322e+11 1.28939e+11 1.40763e+11 1.40763e+11 1.28939e+11 1.07322e+11 7.96137e+10 5.05305e+10 2.49762e+10 7.19616e+09 8.52229e+07 1.71137e+06 40407.8 953.655 22.4736 0.505822
0.462842 20.5627 872.516 36967.9 1.56561e+06 7.7973e+07 6.59117e+09 2.28781e+10 4.62871e+10 7.2929e+10 9.83119e+10 1.18114e+11 1.28946e+11 1.28946e+11 1.18114e+11 9.83119e+10 7.2929e+10 4.62871e+10 2.28781e+10 6.59117e+09 7.7973e+07 1.56561e+06 36967.9 872.516 20.5627 0.462842
0.384336 17.0719 724.289 30683.9 1.29934e+06 6.47282e+07 5.48482e+09 1.90411e+10 3.85264e+10 6.07034e+10 8.18328e+10 9.83172e+10 1.07334e+11 1.07334e+11 9.83172e+10 8.18328e+10 6.07034e+10 3.85264e+10 1.90411e+10 5.48482e+09 6.47282e+07 1.29934e+06 30683.9 724.289 17.0719 0.384336
0.283992 12.6082 534.693 22645 958713 4.77813e+07 4.06638e+09 1.4121e+10 2.85747e+10 4.50259e+10 6.07005e+10 7.29294e+10 7.96183e+10 7.96183e+10 7.29294e+10 6.07005e+10 4.50259e+10 2.85747e+10 1.4121e+10 4.06638e+09 4.77813e+07 958713 22645 534.693 12.6082 0.283992
0.179527 7.95431 336.775 14246.2 602693 3.00587e+07 2.57764e+09 8.95586e+09 1.81263e+10 2.85652e+10 3.85117e+10 4.6272e+10 5.05168e+10 5.05168e+10 4.6272e+10 3.85117e+10 2.85652e+10 1.81263e+10 8.95586e+09 2.57764e+09 3.00587e+07 602693 14246.2 336.775 7.95431 0.179527
0.0897574 3.94068 165.46 6952.84 292781 1.45993e+07 1.2705e+09 4.41865e+09 8.94662e+09 1.41018e+10 1.90144e+10 2.28474e+10 2.4944e+10 2.4944e+10 2.28474e+10 1.90144e+10 1.41018e+10 8.94662e+09 4.41865e+09 1.2705e+09 1.45993e+07 292781 6952.84 165.46 3.94068 0.0897574
0.0302632 1.27259 51.0004 2046.12 82601.9 4.02087e+06 3.63145e+08 1.26619e+09 2.5663e+09 4.04722e+09 5.45886e+09 6.56047e+09 7.1631e+09 7.1631e+09 6.56047e+09 5.45886e+09 4.04722e+09 2.5663e+09 1.26619e+09 3.63145e+08 4.02087e+06 82601.9 2046.12 51.0004 1.27259 0.0302632
0.00518884 0.179373 5.41395 141.694 2769.22 39571.1 3.81098e+06 1.38182e+07 2.84505e+07 4.52421e+07 6.13183e+07 7.38968e+07 8.07874e+07 8.07874e+07 7.38968e+07 6.13183e+07 4.52421e+07 2.84505e+07 1.38182e+07 3.81098e+06 39571.1 2769.22 141.694 5.41395 0.179373 0.00518884
0.000558718 0.0157136 0.365776 7.15244 118.929 2635.79 77567.6 274739 565681 900295 1.22086e+06 1.47174e+06 1.6092e+06 1.6092e+06 1.47174e+06 1.22086e+06 900295 565681 274739 77567.6 2635.79 118.929 7.15244 0.365776 0.0157136 0.000558718
4.53513e-05 0.00108489 0.0215044 0.385642 6.91995 134.074 1921.57 6525.03 13372.5 21266.6 28832.1 34752.9 37996.5 37996.5 34752.9 28832.1 21266.6 13372.5 6525.03 1921.57 134.074 6.91995 0.385642 0.0215044 0.00108489 4.53513e-05
3.12416e-06 6.70331e-05 0.0012198 0.0209846 0.349305 5.10947 47.8979 155.294 316.146 502.18 680.612 820.268 896.774 896.774 820.268 680.612 502.18 316.146 155.294 47.8979 5.10947 0.349305 0.0209846 0.0012198 6.70331e-05 3.12416e-06
1.94193e-07 3.86518e-06 6.57475e-05 0.00104413 0.0149182 0.169043 1.19519 3.69888 7.46766 11.8423 16.0432 19.332 21.1337 21.1337 19.332 16.0432 11.8423 7.46766 3.69888 1.19519 0.169043 0.0149182 0.00104413 6.57475e-05 3.86518e-06 1.94193e-07
1.02085e-08 1.91276e-07 3.02648e-06 4.33247e-05 0.000528821 0.00488585 0.0284228 0.0842562 0.168556 0.266756 0.361193 0.435156 0.475678 0.475678 0.435156 0.361193 0.266756 0.168556 0.0842562 0.0284228 0.00488585 0.000528821 4.33247e-05 3.02648e-06 1.91275e-07 1.02085e-08
