3.01108 56.154 878.327 12370.6 148630 1.35858e+06 7.87103e+06 2.33557e+07 4.67796e+07 7.4031e+07 1.00118e+08 1.20425e+08 1.31494e+08 1.31494e+08 1.20425e+08 1.00118e+08 7.4031e+07 4.67796e+07 2.33557e+07 7.87103e+06 1.35858e+06 148630 12370.6 878.327 56.154 3.01108
57.9011 1153.09 19464.9 303776 4.24779e+06 4.73419e+07 3.32401e+08 1.02953e+09 2.08097e+09 3.29946e+09 4.46343e+09 5.36849e+09 5.86154e+09 5.86154e+09 5.36849e+09 4.46343e+09 3.29946e+09 2.08097e+09 1.02953e+09 3.32401e+08 4.73419e+07 4.24779e+06 303776 19464.9 1153.09 57.9011
936.58 20246.3 368937 6.26608e+06 1.01468e+08 1.44476e+09 1.33819e+10 4.34161e+10 8.84937e+10 1.40525e+11 1.90134e+11 2.28668e+11 2.49647e+11 2.49647e+11 2.28668e+11 1.90134e+11 1.40525e+11 8.84937e+10 4.34161e+10 1.33819e+10 1.44476e+09 1.01468e+08 6.26608e+06 368937 20246.3 936.58
13558.9 328335 6.58938e+06 1.18543e+08 2.07636e+09 3.84507e+10 5.39116e+11 1.83192e+12 3.75933e+12 5.9761e+12 8.0864e+12 9.72407e+12 1.06151e+13 1.06151e+13 9.72407e+12 8.0864e+12 5.9761e+12 3.75933e+12 1.83192e+12 5.39116e+11 3.84507e+10 2.07636e+09 1.18543e+08 6.58938e+06 328335 13558.9
165571 4.71248e+06 1.11513e+08 2.22665e+09 3.74719e+10 7.78213e+11 2.18358e+13 7.7411e+13 1.59626e+14 2.53921e+14 3.43581e+14 4.13103e+14 4.50909e+14 4.50909e+14 4.13103e+14 3.43581e+14 2.53921e+14 1.59626e+14 7.7411e+13 2.18358e+13 7.78213e+11 3.74719e+10 2.22665e+09 1.11513e+08 4.71248e+06 165571
1.52156e+06 5.30298e+07 1.61895e+09 4.31207e+10 8.74054e+11 1.30726e+13 1.0839e+15 3.93289e+15 8.11087e+15 1.28929e+16 1.74373e+16 2.09603e+16 2.28759e+16 2.28759e+16 2.09603e+16 1.74373e+16 1.28929e+16 8.11087e+15 3.93289e+15 1.0839e+15 1.30726e+13 8.74054e+11 4.31207e+10 1.61895e+09 5.30298e+07 1.52156e+06
8.80507e+06 3.71805e+08 1.49666e+10 6.02899e+11 2.44165e+13 1.1785e+15 1.03101e+17 3.60418e+17 7.32725e+17 1.15758e+18 1.56195e+18 1.87649e+18 2.04804e+18 2.04804e+18 1.87649e+18 1.56195e+18 1.15758e+18 7.32725e+17 3.60418e+17 1.03101e+17 1.1785e+15 2.44165e+13 6.02899e+11 1.49666e+10 3.71805e+08 8.80507e+06
2.60969e+07 1.15016e+09 4.84942e+10 2.04583e+12 8.64349e+13 4.28098e+15 3.621e+17 1.2623e+18 2.56285e+18 4.04556e+18 5.45598e+18 6.5527e+18 7.15075e+18 7.15075e+18 6.5527e+18 5.45598e+18 4.04556e+18 2.56285e+18 1.2623e+18 3.621e+17 4.28098e+15 8.64349e+13 2.04583e+12 4.84942e+10 1.15016e+09 2.60969e+07
5.22152e+07 2.3223e+09 9.87352e+10 4.19355e+12 1.78029e+14 8.82542e+15 7.37057e+17 2.56609e+18 5.20546e+18 8.21134e+18 1.1068e+19 1.32877e+19 1.44976e+19 1.44976e+19 1.32877e+19 1.1068e+19 8.21134e+18 5.20546e+18 2.56609e+18 7.37058e+17 8.82542e+15 1.78029e+14 4.19355e+12 9.87352e+10 2.3223e+09 5.22152e+07
8.25497e+07 3.67827e+09 1.56621e+11 6.65905e+12 2.82874e+14 1.40175e+16 1.16459e+18 4.05138e+18 8.21283e+18 1.29469e+19 1.74413e+19 2.09305e+19 2.28313e+19 2.28313e+19 2.09305e+19 1.74413e+19 1.29469e+19 8.21283e+18 4.05138e+18 1.16459e+18 1.40175e+16 2.82874e+14 6.65905e+12 1.56621e+11 3.67827e+09 8.25497e+07
1.11537e+08 4.97121e+09 2.11707e+11 9.0015e+12 3.82362e+14 1.89411e+16 1.57092e+18 5.46231e+18 1.1067e+19 1.74366e+19 2.34778e+19 2.81641e+19 3.07155e+19 3.07155e+19 2.81641e+19 2.34778e+19 1.74366e+19 1.1067e+19 5.46231e+18 1.57092e+18 1.89411e+16 3.82362e+14 9.0015e+12 2.11707e+11 4.97121e+09 1.11537e+08
1.34067e+08 5.97495e+09 2.54424e+11 1.08162e+13 4.59365e+14 2.27506e+16 1.88651e+18 6.55779e+18 1.32816e+19 2.09172e+19 2.81537e+19 3.37637e+19 3.68167e+19 3.68167e+19 3.37637e+19 2.81537e+19 2.09172e+19 1.32816e+19 6.55779e+18 1.88651e+18 2.27506e+16 4.59365e+14 1.08162e+13 2.54424e+11 5.97495e+09 1.34067e+08
1.46335e+08 6.52114e+09 2.77653e+11 1.18024e+13 5.01186e+14 2.4819e+16 2.05843e+18 7.15451e+18 1.44873e+19 2.28112e+19 3.06968e+19 3.68078e+19 4.01327e+19 4.01327e+19 3.68078e+19 3.06968e+19 2.28112e+19 1.44873e+19 7.15451e+18 2.05843e+18 2.4819e+16 5.01186e+14 1.18024e+13 2.77653e+11 6.52114e+09 1.46335e+08
1.46335e+08 6.52114e+09 2.77653e+11 1.18024e+13 5.01186e+14 2.4819e+16 2.05843e+18 7.15451e+18 1.44873e+19 2.28112e+19 3.06968e+19 3.68078e+19 4.01327e+19 4.01327e+19 3.68078e+19 3.06968e+19 2.28112e+19 1.44873e+19 7.15451e+18 2.05843e+18 2.4819e+16 5.01186e+14 1.18024e+13 2.77653e+11 6.52114e+09 1.46335e+08
1.34067e+08 5.97495e+09 2.54424e+11 1.08162e+13 4.59365e+14 2.27506e+16 1.88651e+18 6.55779e+18 1.32816e+19 2.09172e+19 2.81537e+19 3.37637e+19 3.68167e+19 3.68167e+19 3.37637e+19 2.81537e+19 2.09172e+19 1.32816e+19 6.55779e+18 1.88651e+18 2.27506e+16 4.59365e+14 1.08162e+13 2.54424e+11 5.97495e+09 1.34067e+08
1.11537e+08 4.97121e+09 2.11707e+11 9.0015e+12 3.82362e+14 1.89411e+16 1.57092e+18 5.46231e+18 1.1067e+19 1.74366e+19 2.34778e+19 2.81641e+19 3.07155e+19 3.07155e+19 2.81641e+19 2.34778e+19 1.74366e+19 1.1067e+19 5.46231e+18 1.57092e+18 1.89411e+16 3.82362e+14 9.0015e+12 2.11707e+11 4.97121e+09 1.11537e+08
8.25497e+07 3.67827e+09 1.56621e+11 6.65905e+12 2.82874e+14 1.40175e+16 1.16459e+18 4.05138e+18 8.21283e+18 1.29469e+19 1.74413e+19 2.09305e+19 2.28313e+19 2.28313e+19 2.09305e+19 1.74413e+19 1.29469e+19 8.21283e+18 4.05138e+18 1.16459e+18 1.40175e+16 2.82874e+14 6.65905e+12 1.56621e+11 3.67827e+09 8.25497e+07
5.22152e+07 2.3223e+09 9.87352e+10 4.19355e+12 1.78029e+14 8.82542e+15 7.37058e+17 2.56609e+18 5.20546e+18 8.21134e+18 1.1068e+19 1.32877e+19 1.44976e+19 1.44976e+19 1.32877e+19 1.1068e+19 8.21134e+18 5.20546e+18 2.56609e+18 7.37057e+17 8.82542e+15 1.78029e+14 4.19355e+12 9.87352e+10 2.3223e+09 5.22152e+07
2.60969e+07 1.15016e+09 4.84942e+10 2.04583e+12 8.64349e+13 4.28098e+15 3.621e+17 1.2623e+18 2.56285e+18 4.04556e+18 5.45598e+18 6.5527e+18 7.15075e+18 7.15075e+18 6.5527e+18 5.45598e+18 4.04556e+18 2.56285e+18 1.2623e+18 3.621e+17 4.28098e+15 8.64349e+13 2.04583e+12 4.84942e+10 1.15016e+09 2.60969e+07
8.80507e+06 3.71805e+08 1.49666e+10 6.02899e+11 2.44165e+13 1.1785e+15 1.03101e+17 3.60418e+17 7.32725e+17 1.15758e+18 1.56195e+18 1.87649e+18 2.04804e+18 2.04804e+18 1.87649e+18 1.56195e+18 1.15758e+18 7.32725e+17 3.60418e+17 1.03101e+17 1.1785e+15 2.44165e+13 6.02899e+11 1.49666e+10 3.71805e+08 8.80507e+06
1.52156e+06 5.30298e+07 1.61895e+09 4.31207e+10 8.74054e+11 1.30726e+13 1.0839e+15 3.93289e+15 8.11087e+15 1.28929e+16 1.74373e+16 2.09603e+16 2.28759e+16 2.28759e+16 2.09603e+16 1.74373e+16 1.28929e+16 8.11087e+15 3.93289e+15 1.0839e+15 1.30726e+13 8.74054e+11 4.31207e+10 1.61895e+09 5.30298e+07 1.52156e+06
165571 4.71248e+06 1.11513e+08 2.22665e+09 3.74719e+10 7.78213e+11 2.18358e+13 7.7411e+13 1.59626e+14 2.53921e+14 3.43581e+14 4.13103e+14 4.50909e+14 4.50909e+14 4.13103e+14 3.43581e+14 2.53921e+14 1.59626e+14 7.7411e+13 2.18358e+13 7.78213e+11 3.74719e+10 2.22665e+09 1.11513e+08 4.71248e+06 165571
13558.9 328335 6.58938e+06 1.18543e+08 2.07636e+09 3.84507e+10 5.39116e+11 1.83192e+12 3.75933e+12 5.9761e+12 8.0864e+12 9.72407e+12 1.06151e+13 1.06151e+13 9.72407e+12 8.0864e+12 5.9761e+12 3.75933e+12 1.83192e+12 5.39116e+11 3.84507e+10 2.07636e+09 1.18543e+08 6.58938e+06 328335 13558.9
936.58 20246.3 368937 6.26608e+06 1.01468e+08 1.44475e+09 1.33819e+10 4.34161e+10 8.84937e+10 1.40525e+11 1.90134e+11 2.28668e+11 2.49647e+11 2.49647e+11 2.28668e+11 1.90134e+11 1.40525e+11 8.84937e+10 4.34161e+10 1.33819e+10 1.44475e+09 1.01468e+08 6.26608e+06 368937 20246.3 936.58
57.9011 1153.09 19464.9 303776 4.24779e+06 4.73419e+07 3.32401e+08 1.02953e+09 2.08097e+09 3.29946e+09 4.46343e+09 5.36849e+09 5.86154e+09 5.86154e+09 5.36849e+09 4.46343e+09 3.29946e+09 2.08097e+09 1.02953e+09 3.32401e+08 4.73419e+07 4.24779e+06 303776 19464.9 1153.09 57.9011
3.01108 56.154 878.327 12370.6 148630 1.35858e+06 7.87103e+06 2.33557e+07 4.67796e+07 7.4031e+07 1.00118e+08 1.20425e+08 1.31494e+08 1.31494e+08 1.20425e+08 1.00118e+08 7.4031e+07 4.67796e+07 2.33557e+07 7.87103e+06 1.35858e+06 148630 12370.6 878.327 56.154 3.01108
