8.93342 165.824 2575.59 35959.9 428010 3.87548e+06 2.22148e+07 6.48476e+07 1.27148e+08 1.96573e+08 2.60099e+08 3.07623e+08 3.32832e+08 3.32832e+08 3.07623e+08 2.60099e+08 1.96573e+08 1.27148e+08 6.48476e+07 2.22148e+07 3.87548e+06 428010 35959.9 2575.59 165.824 8.93343
171.55 3405.59 57163.7 884644 1.22463e+07 1.35122e+08 9.38924e+08 2.85997e+09 5.65474e+09 8.75079e+09 1.1572e+10 1.36766e+10 1.47909e+10 1.47909e+10 1.36766e+10 1.1572e+10 8.75079e+09 5.65474e+09 2.85997e+09 9.38924e+08 1.35122e+08 1.22463e+07 884644 57163.7 3405.59 171.55
2765.85 59714.2 1.08471e+06 1.83003e+07 2.9323e+08 4.12784e+09 3.78424e+10 1.20695e+11 2.40436e+11 3.72266e+11 4.91902e+11 5.80886e+11 6.27911e+11 6.27911e+11 5.80886e+11 4.91902e+11 3.72266e+11 2.40436e+11 1.20695e+11 3.78424e+10 4.12784e+09 2.9323e+08 1.83003e+07 1.08471e+06 59714.2 2765.85
39822.5 964493 1.93517e+07 3.47245e+08 6.02898e+09 1.10084e+11 1.52685e+12 5.09766e+12 1.02144e+13 1.58146e+13 2.08774e+13 2.46323e+13 2.66128e+13 2.66128e+13 2.46323e+13 2.08774e+13 1.58146e+13 1.02144e+13 5.09766e+12 1.52685e+12 1.10084e+11 6.02898e+09 3.47245e+08 1.93517e+07 964493 39822.5
482696 1.3748e+07 3.2575e+08 6.51675e+09 1.09619e+11 2.23956e+12 6.19635e+13 2.15693e+14 4.33833e+14 6.71358e+14 8.85339e+14 1.04359e+15 1.1269e+15 1.1269e+15 1.04359e+15 8.85339e+14 6.71358e+14 4.33833e+14 2.15693e+14 6.19635e+13 2.23956e+12 1.09619e+11 6.51675e+09 3.2575e+08 1.3748e+07 482696
4.39644e+06 1.53329e+08 4.68685e+09 1.25139e+11 2.55155e+12 3.84216e+13 3.08945e+15 1.10085e+16 2.21512e+16 3.42697e+16 4.51945e+16 5.32835e+16 5.7546e+16 5.7546e+16 5.32835e+16 4.51945e+16 3.42697e+16 2.21512e+16 1.10085e+16 3.08945e+15 3.84216e+13 2.55155e+12 1.25139e+11 4.68685e+09 1.53329e+08 4.39644e+06
2.51596e+07 1.06324e+09 4.28469e+10 1.72854e+12 7.01384e+13 3.38695e+15 2.93773e+17 1.01512e+18 2.0311e+18 3.15329e+18 4.18703e+18 4.96921e+18 5.38805e+18 5.38805e+18 4.96921e+18 4.18703e+18 3.15329e+18 2.0311e+18 1.01512e+18 2.93773e+17 3.38695e+15 7.01384e+13 1.72854e+12 4.28469e+10 1.06324e+09 2.51596e+07
7.334e+07 3.23375e+09 1.36436e+11 5.76117e+12 2.43713e+14 1.20782e+16 1.01936e+18 3.51437e+18 7.02424e+18 1.08985e+19 1.44664e+19 1.71658e+19 1.86113e+19 1.86113e+19 1.71658e+19 1.44664e+19 1.08985e+19 7.02424e+18 3.51437e+18 1.01936e+18 1.20782e+16 2.43713e+14 5.76117e+12 1.36436e+11 3.23375e+09 7.334e+07
1.43629e+08 6.38597e+09 2.71452e+11 1.1529e+13 4.8954e+14 2.42812e+16 2.03977e+18 7.02509e+18 1.40261e+19 2.17394e+19 2.883e+19 3.41869e+19 3.70526e+19 3.70526e+19 3.41869e+19 2.883e+19 2.17394e+19 1.40261e+19 7.02509e+18 2.03977e+18 2.42812e+16 4.8954e+14 1.1529e+13 2.71452e+11 6.38597e+09 1.43629e+08
2.2181e+08 9.87123e+09 4.19799e+11 1.78284e+13 7.5662e+14 3.75112e+16 3.16287e+18 1.08869e+19 2.17139e+19 3.36157e+19 4.45322e+19 5.2764e+19 5.71623e+19 5.71623e+19 5.2764e+19 4.45322e+19 3.36157e+19 2.17139e+19 1.08869e+19 3.16287e+18 3.75112e+16 7.5662e+14 1.78284e+13 4.19799e+11 9.87123e+09 2.2181e+08
2.9321e+08 1.30407e+10 5.5414e+11 2.35108e+13 9.96671e+14 4.93956e+16 4.193e+18 1.44283e+19 2.87515e+19 4.44633e+19 5.88436e+19 6.96675e+19 7.54437e+19 7.54437e+19 6.96675e+19 5.88436e+19 4.44633e+19 2.87515e+19 1.44283e+19 4.193e+18 4.93956e+16 9.96671e+14 2.35108e+13 5.5414e+11 1.30407e+10 2.9321e+08
3.46534e+08 1.54009e+10 6.53874e+11 2.77169e+13 1.17384e+15 5.81658e+16 4.96928e+18 1.70971e+19 3.40473e+19 5.26109e+19 6.95732e+19 8.23226e+19 8.91196e+19 8.91196e+19 8.23226e+19 6.95732e+19 5.26109e+19 3.40473e+19 1.70971e+19 4.96928e+18 5.81658e+16 1.17384e+15 2.77169e+13 6.53874e+11 1.54009e+10 3.46534e+08
3.74786e+08 1.6649e+10 7.06512e+11 2.99323e+13 1.26696e+15 6.27762e+16 5.38376e+18 1.85222e+19 3.68725e+19 5.69521e+19 7.52831e+19 8.90505e+19 9.63865e+19 9.63865e+19 8.90505e+19 7.52831e+19 5.69521e+19 3.68725e+19 1.85222e+19 5.38376e+18 6.27762e+16 1.26696e+15 2.99323e+13 7.06512e+11 1.6649e+10 3.74786e+08
3.74786e+08 1.6649e+10 7.06512e+11 2.99323e+13 1.26696e+15 6.27762e+16 5.38376e+18 1.85222e+19 3.68725e+19 5.69521e+19 7.52831e+19 8.90505e+19 9.63865e+19 9.63865e+19 8.90505e+19 7.52831e+19 5.69521e+19 3.68725e+19 1.85222e+19 5.38376e+18 6.27762e+16 1.26696e+15 2.99323e+13 7.06512e+11 1.6649e+10 3.74786e+08
3.46534e+08 1.54009e+10 6.53874e+11 2.77169e+13 1.17384e+15 5.81658e+16 4.96928e+18 1.70971e+19 3.40473e+19 5.26109e+19 6.95732e+19 8.23226e+19 8.91196e+19 8.91196e+19 8.23226e+19 6.95732e+19 5.26109e+19 3.40473e+19 1.70971e+19 4.96928e+18 5.81658e+16 1.17384e+15 2.77169e+13 6.53874e+11 1.54009e+10 3.46534e+08
2.9321e+08 1.30407e+10 5.5414e+11 2.35108e+13 9.96671e+14 4.93956e+16 4.193e+18 1.44283e+19 2.87515e+19 4.44633e+19 5.88436e+19 6.96675e+19 7.54437e+19 7.54437e+19 6.96675e+19 5.88436e+19 4.44633e+19 2.87515e+19 1.44283e+19 4.193e+18 4.93956e+16 9.96671e+14 2.35108e+13 5.5414e+11 1.30407e+10 2.9321e+08
2.2181e+08 9.87123e+09 4.19799e+11 1.78284e+13 7.5662e+14 3.75112e+16 3.16287e+18 1.08869e+19 2.17139e+19 3.36157e+19 4.45322e+19 5.2764e+19 5.71623e+19 5.71623e+19 5.2764e+19 4.45322e+19 3.36157e+19 2.17139e+19 1.08869e+19 3.16287e+18 3.75112e+16 7.5662e+14 1.78284e+13 4.19799e+11 9.87123e+09 2.2181e+08
1.43629e+08 6.38597e+09 2.71452e+11 1.1529e+13 4.8954e+14 2.42812e+16 2.03977e+18 7.02509e+18 1.40261e+19 2.17394e+19 2.883e+19 3.41869e+19 3.70526e+19 3.70526e+19 3.41869e+19 2.883e+19 2.17394e+19 1.40261e+19 7.02509e+18 2.03977e+18 2.42812e+16 4.8954e+14 1.1529e+13 2.71452e+11 6.38597e+09 1.43629e+08
7.334e+07 3.23375e+09 1.36436e+11 5.76117e+12 2.43713e+14 1.20782e+16 1.01936e+18 3.51437e+18 7.02424e+18 1.08985e+19 1.44664e+19 1.71658e+19 1.86113e+19 1.86113e+19 1.71658e+19 1.44664e+19 1.08985e+19 7.02424e+18 3.51437e+18 1.01936e+18 1.20782e+16 2.43713e+14 5.76117e+12 1.36436e+11 3.23375e+09 7.334e+07
2.51596e+07 1.06324e+09 4.28469e+10 1.72854e+12 7.01384e+13 3.38695e+15 2.93773e+17 1.01512e+18 2.0311e+18 3.15329e+18 4.18703e+18 4.96921e+18 5.38805e+18 5.38805e+18 4.96921e+18 4.18703e+18 3.15329e+18 2.0311e+18 1.01512e+18 2.93773e+17 3.38695e+15 7.01384e+13 1.72854e+12 4.28469e+10 1.06324e+09 2.51596e+07
4.39644e+06 1.53329e+08 4.68685e+09 1.25139e+11 2.55155e+12 3.84216e+13 3.08945e+15 1.10085e+16 2.21512e+16 3.42697e+16 4.51945e+16 5.32835e+16 5.7546e+16 5.7546e+16 5.32835e+16 4.51945e+16 3.42697e+16 2.21512e+16 1.10085e+16 3.08945e+15 3.84216e+13 2.55155e+12 1.25139e+11 4.68685e+09 1.53329e+08 4.39644e+06
482696 1.3748e+07 3.2575e+08 6.51675e+09 1.09619e+11 2.23956e+12 6.19635e+13 2.15693e+14 4.33833e+14 6.71358e+14 8.85339e+14 1.04359e+15 1.1269e+15 1.1269e+15 1.04359e+15 8.85339e+14 6.71358e+14 4.33833e+14 2.15693e+14 6.19635e+13 2.23956e+12 1.09619e+11 6.51675e+09 3.2575e+08 1.3748e+07 482696
39822.5 964493 1.93517e+07 3.47245e+08 6.02898e+09 1.10084e+11 1.52685e+12 5.09766e+12 1.02144e+13 1.58146e+13 2.08774e+13 2.46323e+13 2.66128e+13 2.66128e+13 2.46323e+13 2.08774e+13 1.58146e+13 1.02144e+13 5.09766e+12 1.52685e+12 1.10084e+11 6.02898e+09 3.47245e+08 1.93517e+07 964493 39822.5
2765.85 59714.2 1.08471e+06 1.83003e+07 2.9323e+08 4.12784e+09 3.78424e+10 1.20695e+11 2.40436e+11 3.72266e+11 4.91902e+11 5.80886e+11 6.27911e+11 6.27911e+11 5.80886e+11 4.91902e+11 3.72266e+11 2.40436e+11 1.20695e+11 3.78424e+10 4.12784e+09 2.9323e+08 1.83003e+07 1.08471e+06 59714.2 2765.85
171.55 3405.59 57163.7 884644 1.22463e+07 1.35122e+08 9.38924e+08 2.85997e+09 5.65474e+09 8.75079e+09 1.1572e+10 1.36766e+10 1.47909e+10 1.47909e+10 1.36766e+10 1.1572e+10 8.75079e+09 5.65474e+09 2.85997e+09 9.38924e+08 1.35122e+08 1.22463e+07 884644 57163.7 3405.59 171.55
8.93342 165.824 2575.59 35959.9 428010 3.87548e+06 2.22148e+07 6.48476e+07 1.27148e+08 1.96573e+08 2.60099e+08 3.07623e+08 3.32832e+08 3.32832e+08 3.07623e+08 2.60099e+08 1.96573e+08 1.27148e+08 6.48476e+07 2.22148e+07 3.87548e+06 428010 35959.9 2575.59 165.824 8.93343
