0.883837 16.6876 265.405 3808.76 46573.5 431486 2.52003e+06 7.49858e+06 1.50307e+07 2.37772e+07 3.21217e+07 3.85926e+07 4.21094e+07 4.21094e+07 3.85926e+07 3.21217e+07 2.37772e+07 1.50307e+07 7.49858e+06 2.52003e+06 431486 46573.5 3808.76 265.405 16.6876 0.883836
17.0327 342.484 5866.05 93355.8 1.33341e+06 1.51186e+07 1.07212e+08 3.3313e+08 6.74083e+08 1.06861e+09 1.44427e+09 1.73528e+09 1.89333e+09 1.89333e+09 1.73528e+09 1.44427e+09 1.06861e+09 6.74083e+08 3.3313e+08 1.07212e+08 1.51186e+07 1.33341e+06 93355.8 5866.05 342.484 17.0327
277.022 6021.97 110729 1.9121e+06 3.17412e+07 4.62738e+08 4.34224e+09 1.41389e+10 2.88593e+10 4.58302e+10 6.19612e+10 7.44438e+10 8.1219e+10 8.1219e+10 7.44438e+10 6.19612e+10 4.58302e+10 2.88593e+10 1.41389e+10 4.34224e+09 4.62738e+08 3.17412e+07 1.9121e+06 110729 6021.97 277.022
4049.31 98312.2 1.97698e+06 3.57917e+07 6.41051e+08 1.22925e+10 1.75665e+11 5.99305e+11 1.23191e+12 1.95881e+12 2.64871e+12 3.18205e+12 3.47134e+12 3.47134e+12 3.18205e+12 2.64871e+12 1.95881e+12 1.23191e+12 5.99305e+11 1.75665e+11 1.22925e+10 6.41051e+08 3.57917e+07 1.97698e+06 98312.2 4049.31
50079.5 1.42913e+06 3.37875e+07 6.71083e+08 1.1282e+10 2.45526e+11 7.13377e+12 2.54009e+13 5.24793e+13 8.35128e+13 1.12932e+14 1.35654e+14 1.4797e+14 1.4797e+14 1.35654e+14 1.12932e+14 8.35128e+13 5.24793e+13 2.54009e+13 7.13377e+12 2.45526e+11 1.1282e+10 6.71083e+08 3.37875e+07 1.42913e+06 50079.5
466239 1.63296e+07 4.99474e+08 1.32528e+10 2.63998e+11 3.85575e+12 3.52716e+14 1.28644e+15 2.65935e+15 4.23026e+15 5.71908e+15 6.86898e+15 7.49229e+15 7.49229e+15 6.86898e+15 5.71908e+15 4.23026e+15 2.65935e+15 1.28644e+15 3.52716e+14 3.85575e+12 2.63998e+11 1.32528e+10 4.99474e+08 1.63296e+07 466239
2.72564e+06 1.15962e+08 4.69677e+09 1.90017e+11 7.71716e+12 3.7564e+14 3.36302e+16 1.17988e+17 2.40446e+17 3.80402e+17 5.13609e+17 6.17132e+17 6.7354e+17 6.7354e+17 6.17132e+17 5.13609e+17 3.80402e+17 2.40446e+17 1.17988e+17 3.36302e+16 3.7564e+14 7.71716e+12 1.90017e+11 4.69677e+09 1.15962e+08 2.72564e+06
8.10706e+06 3.60178e+08 1.52877e+10 6.48041e+11 2.74685e+13 1.37144e+15 1.1842e+17 4.14304e+17 8.43312e+17 1.33341e+18 1.79987e+18 2.16244e+18 2.36004e+18 2.36004e+18 2.16244e+18 1.79987e+18 1.33341e+18 8.43312e+17 4.14304e+17 1.1842e+17 1.37144e+15 2.74685e+13 6.48041e+11 1.52877e+10 3.60178e+08 8.10706e+06
1.62349e+07 7.28105e+08 3.11731e+10 1.33074e+12 5.66919e+13 2.8333e+15 2.41501e+17 8.43949e+17 1.7168e+18 2.71343e+18 3.66165e+18 4.39855e+18 4.8001e+18 4.8001e+18 4.39855e+18 3.66165e+18 2.71343e+18 1.7168e+18 8.43949e+17 2.41501e+17 2.8333e+15 5.66919e+13 1.33074e+12 3.11731e+10 7.28105e+08 1.62349e+07
2.56509e+07 1.1528e+09 4.94409e+10 2.11314e+12 9.00928e+13 4.50155e+15 3.81957e+17 1.33408e+18 2.71276e+18 4.28611e+18 5.78237e+18 6.94474e+18 7.57801e+18 7.57801e+18 6.94474e+18 5.78237e+18 4.28611e+18 2.71276e+18 1.33408e+18 3.81957e+17 4.50155e+15 9.00928e+13 2.11314e+12 4.94409e+10 1.1528e+09 2.56509e+07
3.46105e+07 1.55609e+09 6.67548e+10 2.85349e+12 1.21657e+14 6.07758e+15 5.15347e+17 1.79957e+18 3.65838e+18 5.77864e+18 7.79411e+18 9.35926e+18 1.02118e+19 1.02118e+19 9.35926e+18 7.79411e+18 5.77864e+18 3.65838e+18 1.79957e+18 5.15347e+17 6.07758e+15 1.21657e+14 2.85349e+12 6.67548e+10 1.55609e+09 3.46105e+07
4.15413e+07 1.86769e+09 8.01169e+10 3.42423e+12 1.45965e+14 7.29112e+15 6.18778e+17 2.16062e+18 4.39169e+18 6.93568e+18 9.35309e+18 1.12298e+19 1.22518e+19 1.22518e+19 1.12298e+19 9.35309e+18 6.93568e+18 4.39169e+18 2.16062e+18 6.18778e+17 7.29112e+15 1.45965e+14 3.42423e+12 8.01169e+10 1.86769e+09 4.15413e+07
4.53014e+07 2.03662e+09 8.73556e+10 3.73318e+12 1.59113e+14 7.94748e+15 6.75043e+17 2.35708e+18 4.79066e+18 7.56506e+18 1.02009e+19 1.22469e+19 1.33609e+19 1.33609e+19 1.22469e+19 1.02009e+19 7.56506e+18 4.79066e+18 2.35708e+18 6.75043e+17 7.94748e+15 1.59113e+14 3.73318e+12 8.73556e+10 2.03662e+09 4.53014e+07
4.53014e+07 2.03662e+09 8.73556e+10 3.73318e+12 1.59113e+14 7.94748e+15 6.75043e+17 2.35708e+18 4.79066e+18 7.56506e+18 1.02009e+19 1.22469e+19 1.33609e+19 1.33609e+19 1.22469e+19 1.02009e+19 7.56506e+18 4.79066e+18 2.35708e+18 6.75043e+17 7.94748e+15 1.59113e+14 3.73318e+12 8.73556e+10 2.03662e+09 4.53014e+07
4.15413e+07 1.86769e+09 8.01169e+10 3.42423e+12 1.45965e+14 7.29112e+15 6.18778e+17 2.16062e+18 4.39169e+18 6.93568e+18 9.35309e+18 1.12298e+19 1.22518e+19 1.22518e+19 1.12298e+19 9.35309e+18 6.93568e+18 4.39169e+18 2.16062e+18 6.18778e+17 7.29112e+15 1.45965e+14 3.42423e+12 8.01169e+10 1.86769e+09 4.15413e+07
3.46105e+07 1.55609e+09 6.67548e+10 2.85349e+12 1.21657e+14 6.07758e+15 5.15347e+17 1.79957e+18 3.65838e+18 5.77864e+18 7.79411e+18 9.35926e+18 1.02118e+19 1.02118e+19 9.35926e+18 7.79411e+18 5.77864e+18 3.65838e+18 1.79957e+18 5.15347e+17 6.07758e+15 1.21657e+14 2.85349e+12 6.67548e+10 1.55609e+09 3.46105e+07
2.56509e+07 1.1528e+09 4.94409e+10 2.11314e+12 9.00928e+13 4.50155e+15 3.81957e+17 1.33408e+18 2.71276e+18 4.28611e+18 5.78237e+18 6.94474e+18 7.57801e+18 7.57801e+18 6.94474e+18 5.78237e+18 4.28611e+18 2.71276e+18 1.33408e+18 3.81957e+17 4.50155e+15 9.00928e+13 2.11314e+12 4.94409e+10 1.1528e+09 2.56509e+07
1.62349e+07 7.28105e+08 3.11731e+10 1.33074e+12 5.66919e+13 2.8333e+15 2.41501e+17 8.43949e+17 1.7168e+18 2.71343e+18 3.66165e+18 4.39855e+18 4.8001e+18 4.8001e+18 4.39855e+18 3.66165e+18 2.71343e+18 1.7168e+18 8.43949e+17 2.41501e+17 2.8333e+15 5.66919e+13 1.33074e+12 3.11731e+10 7.28105e+08 1.62349e+07
8.10706e+06 3.60177e+08 1.52877e+10 6.48041e+11 2.74685e+13 1.37144e+15 1.1842e+17 4.14304e+17 8.43312e+17 1.33341e+18 1.79987e+18 2.16244e+18 2.36004e+18 2.36004e+18 2.16244e+18 1.79987e+18 1.33341e+18 8.43312e+17 4.14304e+17 1.1842e+17 1.37144e+15 2.74685e+13 6.48041e+11 1.52877e+10 3.60177e+08 8.10706e+06
2.72564e+06 1.15962e+08 4.69677e+09 1.90017e+11 7.71716e+12 3.7564e+14 3.36302e+16 1.17988e+17 2.40446e+17 3.80402e+17 5.13609e+17 6.17132e+17 6.7354e+17 6.7354e+17 6.17132e+17 5.13609e+17 3.80402e+17 2.40446e+17 1.17988e+17 3.36302e+16 3.7564e+14 7.71716e+12 1.90017e+11 4.69677e+09 1.15962e+08 2.72564e+06
466239 1.63296e+07 4.99474e+08 1.32528e+10 2.63998e+11 3.85575e+12 3.52716e+14 1.28644e+15 2.65935e+15 4.23026e+15 5.71908e+15 6.86898e+15 7.49229e+15 7.49229e+15 6.86898e+15 5.71908e+15 4.23026e+15 2.65935e+15 1.28644e+15 3.52716e+14 3.85575e+12 2.63998e+11 1.32528e+10 4.99474e+08 1.63296e+07 466239
50079.5 1.42913e+06 3.37875e+07 6.71083e+08 1.1282e+10 2.45526e+11 7.13377e+12 2.54009e+13 5.24793e+13 8.35128e+13 1.12932e+14 1.35654e+14 1.4797e+14 1.4797e+14 1.35654e+14 1.12932e+14 8.35128e+13 5.24793e+13 2.54009e+13 7.13377e+12 2.45526e+11 1.1282e+10 6.71083e+08 3.37875e+07 1.42913e+06 50079.5
4049.31 98312.2 1.97698e+06 3.57917e+07 6.41051e+08 1.22925e+10 1.75665e+11 5.99305e+11 1.23191e+12 1.95881e+12 2.64871e+12 3.18205e+12 3.47134e+12 3.47134e+12 3.18205e+12 2.64871e+12 1.95881e+12 1.23191e+12 5.99305e+11 1.75665e+11 1.22925e+10 6.41051e+08 3.57917e+07 1.97698e+06 98312.2 4049.31
277.022 6021.97 110729 1.9121e+06 3.17412e+07 4.62738e+08 4.34224e+09 1.41389e+10 2.88593e+10 4.58302e+10 6.19612e+10 7.44438e+10 8.1219e+10 8.1219e+10 7.44438e+10 6.19612e+10 4.58302e+10 2.88593e+10 1.41389e+10 4.34224e+09 4.62738e+08 3.17412e+07 1.9121e+06 110729 6021.97 277.022
17.0327 342.484 5866.05 93355.8 1.33341e+06 1.51186e+07 1.07212e+08 3.3313e+08 6.74083e+08 1.06861e+09 1.44427e+09 1.73528e+09 1.89333e+09 1.89333e+09 1.73528e+09 1.44427e+09 1.06861e+09 6.74083e+08 3.3313e+08 1.07212e+08 1.51186e+07 1.33341e+06 93355.8 5866.05 342.484 17.0327
0.883836 16.6876 265.405 3808.76 46573.5 431486 2.52003e+06 7.49858e+06 1.50307e+07 2.37772e+07 3.21217e+07 3.85926e+07 4.21094e+07 4.21094e+07 3.85926e+07 3.21217e+07 2.37772e+07 1.50307e+07 7.49858e+06 2.52003e+06 431486 46573.5 3808.76 265.405 16.6876 0.883836
