7.25528e-07 1.36043e-05 0.000215536 0.00309041 0.0377778 0.3494 2.03363 6.02889 12.0602 19.0846 25.8386 31.1275 34.0249 34.0249 31.1275 25.8386 19.0846 12.0602 6.02889 2.03363 0.3494 0.0377778 0.00309041 0.000215536 1.36043e-05 7.25528e-07
1.37934e-05 0.000274633 0.00467634 0.074393 1.06497 12.0852 85.507 264.647 534.261 847.153 1147.56 1382.71 1511.52 1511.52 1382.71 1147.56 847.153 534.261 264.647 85.507 12.0852 1.06497 0.074393 0.00467634 0.000274633 1.37934e-05
0.000221879 0.00475961 0.0866381 1.4926 24.9062 365.13 3426.45 11110.2 22616.3 35921 48679.5 58663.7 64132.8 64132.8 58663.7 48679.5 35921 22616.3 11110.2 3426.45 365.13 24.9062 1.4926 0.0866381 0.00475961 0.000221879
0.0032225 0.0770394 1.52619 27.3749 492.345 9573.96 137455 466796 956581 1.5211e+06 2.06202e+06 2.48527e+06 2.71713e+06 2.71713e+06 2.48527e+06 2.06202e+06 1.5211e+06 956581 466796 137455 9573.96 492.345 27.3749 1.52619 0.0770394 0.0032225
0.0397387 1.11692 25.9751 507.291 8431.12 187869 5.54842e+06 1.9654e+07 4.04636e+07 6.43913e+07 8.73097e+07 1.05244e+08 1.15068e+08 1.15068e+08 1.05244e+08 8.73097e+07 6.43913e+07 4.04636e+07 1.9654e+07 5.54842e+06 187869 8431.12 507.291 25.9751 1.11692 0.0397387
0.369442 12.7665 385.108 10068.7 196287 2.79613e+06 2.72436e+08 9.87968e+08 2.03399e+09 3.23411e+09 4.38288e+09 5.28157e+09 5.77383e+09 5.77383e+09 5.28157e+09 4.38288e+09 3.23411e+09 2.03399e+09 9.87968e+08 2.72436e+08 2.79613e+06 196287 10068.7 385.108 12.7665 0.369442
2.15641 90.6713 3633.52 145771 5.88474e+06 2.86689e+08 2.59589e+10 9.05156e+10 1.83442e+11 2.89273e+11 3.90135e+11 4.68835e+11 5.11884e+11 5.11884e+11 4.68835e+11 3.90135e+11 2.89273e+11 1.83442e+11 9.05156e+10 2.59589e+10 2.86689e+08 5.88474e+06 145771 3633.52 90.6713 2.15641
6.39664 280.819 11790.5 495439 2.08627e+07 1.04105e+09 9.081e+10 3.15839e+11 6.39444e+11 1.00781e+12 1.35878e+12 1.63258e+12 1.78234e+12 1.78234e+12 1.63258e+12 1.35878e+12 1.00781e+12 6.39444e+11 3.15839e+11 9.081e+10 1.04105e+09 2.08627e+07 495439 11790.5 280.819 6.39664
12.7934 566.799 23996.3 1.01506e+06 4.29422e+07 2.14316e+09 1.84211e+11 6.40054e+11 1.29535e+12 2.04115e+12 2.75166e+12 3.30592e+12 3.60907e+12 3.60907e+12 3.30592e+12 2.75166e+12 2.04115e+12 1.29535e+12 6.40054e+11 1.84211e+11 2.14316e+09 4.29422e+07 1.01506e+06 23996.3 566.799 12.7934
20.2351 898.3 38093.2 1.61324e+06 6.82981e+07 3.4062e+09 2.90557e+11 1.00904e+12 2.0417e+12 3.21687e+12 4.33637e+12 5.20967e+12 5.6873e+12 5.6873e+12 5.20967e+12 4.33637e+12 3.21687e+12 2.0417e+12 1.00904e+12 2.90557e+11 3.4062e+09 6.82981e+07 1.61324e+06 38093.2 898.3 20.2351
27.3812 1216.16 51593.1 2.1856e+06 9.25497e+07 4.61356e+09 3.91855e+11 1.36042e+12 2.75239e+12 4.33636e+12 5.84525e+12 7.02228e+12 7.66602e+12 7.66602e+12 7.02228e+12 5.84525e+12 4.33636e+12 2.75239e+12 1.36042e+12 3.91855e+11 4.61356e+09 9.25497e+07 2.1856e+06 51593.1 1216.16 27.3812
32.9707 1464.66 62144.6 2.6329e+06 1.11502e+08 5.55691e+09 4.70848e+11 1.6344e+12 3.3065e+12 5.20917e+12 7.02164e+12 8.43546e+12 9.2087e+12 9.2087e+12 8.43546e+12 7.02164e+12 5.20917e+12 3.3065e+12 1.6344e+12 4.70848e+11 5.55691e+09 1.11502e+08 2.6329e+06 62144.6 1464.66 32.9707
36.0303 1600.68 67919.4 2.87771e+06 1.21875e+08 6.07318e+09 5.14038e+11 1.78419e+12 3.60943e+12 5.68635e+12 7.66477e+12 9.20804e+12 1.00521e+13 1.00521e+13 9.20804e+12 7.66477e+12 5.68635e+12 3.60943e+12 1.78419e+12 5.14038e+11 6.07318e+09 1.21875e+08 2.87771e+06 67919.4 1600.68 36.0303
36.0303 1600.68 67919.4 2.87771e+06 1.21875e+08 6.07318e+09 5.14038e+11 1.78419e+12 3.60943e+12 5.68635e+12 7.66477e+12 9.20804e+12 1.00521e+13 1.00521e+13 9.20804e+12 7.66477e+12 5.68635e+12 3.60943e+12 1.78419e+12 5.14038e+11 6.07318e+09 1.21875e+08 2.87771e+06 67919.4 1600.68 36.0303
32.9707 1464.66 62144.6 2.6329e+06 1.11502e+08 5.55691e+09 4.70848e+11 1.6344e+12 3.3065e+12 5.20917e+12 7.02164e+12 8.43546e+12 9.2087e+12 9.2087e+12 8.43546e+12 7.02164e+12 5.20917e+12 3.3065e+12 1.6344e+12 4.70848e+11 5.55691e+09 1.11502e+08 2.6329e+06 62144.6 1464.66 32.9707
27.3812 1216.16 51593.1 2.1856e+06 9.25497e+07 4.61356e+09 3.91855e+11 1.36042e+12 2.75239e+12 4.33636e+12 5.84525e+12 7.02228e+12 7.66602e+12 7.66602e+12 7.02228e+12 5.84525e+12 4.33636e+12 2.75239e+12 1.36042e+12 3.91855e+11 4.61356e+09 9.25497e+07 2.1856e+06 51593.1 1216.16 27.3812
20.2351 898.3 38093.2 1.61324e+06 6.82981e+07 3.4062e+09 2.90557e+11 1.00904e+12 2.0417e+12 3.21687e+12 4.33637e+12 5.20967e+12 5.6873e+12 5.6873e+12 5.20967e+12 4.33637e+12 3.21687e+12 2.0417e+12 1.00904e+12 2.90557e+11 3.4062e+09 6.82981e+07 1.61324e+06 38093.2 898.3 20.2351
12.7934 566.799 23996.3 1.01506e+06 4.29422e+07 2.14316e+09 1.84211e+11 6.40054e+11 1.29535e+12 2.04115e+12 2.75166e+12 3.30592e+12 3.60907e+12 3.60907e+12 3.30592e+12 2.75166e+12 2.04115e+12 1.29535e+12 6.40054e+11 1.84211e+11 2.14316e+09 4.29422e+07 1.01506e+06 23996.3 566.799 12.7934
6.39664 280.819 11790.5 495439 2.08627e+07 1.04105e+09 9.081e+10 3.15839e+11 6.39444e+11 1.00781e+12 1.35878e+12 1.63258e+12 1.78234e+12 1.78234e+12 1.63258e+12 1.35878e+12 1.00781e+12 6.39444e+11 3.15839e+11 9.081e+10 1.04105e+09 2.08627e+07 495439 11790.5 280.819 6.39664
2.15641 90.6713 3633.52 145771 5.88474e+06 2.86689e+08 2.59589e+10 9.05156e+10 1.83442e+11 2.89273e+11 3.90135e+11 4.68835e+11 5.11884e+11 5.11884e+11 4.68835e+11 3.90135e+11 2.89273e+11 1.83442e+11 9.05156e+10 2.59589e+10 2.86689e+08 5.88474e+06 145771 3633.52 90.6713 2.15641
0.369442 12.7665 385.108 10068.7 196287 2.79613e+06 2.72436e+08 9.87968e+08 2.03399e+09 3.23411e+09 4.38288e+09 5.28157e+09 5.77383e+09 5.77383e+09 5.28157e+09 4.38288e+09 3.23411e+09 2.03399e+09 9.87968e+08 2.72436e+08 2.79613e+06 196287 10068.7 385.108 12.7665 0.369442
0.0397387 1.11692 25.9751 507.291 8431.12 187869 5.54842e+06 1.9654e+07 4.04636e+07 6.43913e+07 8.73097e+07 1.05244e+08 1.15068e+08 1.15068e+08 1.05244e+08 8.73097e+07 6.43913e+07 4.04636e+07 1.9654e+07 5.54842e+06 187869 8431.12 507.291 25.9751 1.11692 0.0397387
0.0032225 0.0770394 1.52619 27.3749 492.345 9573.96 137455 466796 956581 1.5211e+06 2.06202e+06 2.48527e+06 2.71713e+06 2.71713e+06 2.48527e+06 2.06202e+06 1.5211e+06 956581 466796 137455 9573.96 492.345 27.3749 1.52619 0.0770394 0.0032225
0.000221879 0.00475961 0.0866381 1.4926 24.9062 365.13 3426.45 11110.2 22616.3 35921 48679.5 58663.7 64132.8 64132.8 58663.7 48679.5 35921 22616.3 11110.2 3426.45 365.13 24.9062 1.4926 0.0866381 0.00475961 0.000221879
1.37934e-05 0.000274633 0.00467634 0.074393 1.06497 12.0852 85.507 264.647 534.261 847.153 1147.56 1382.71 1511.52 1511.52 1382.71 1147.56 847.153 534.261 264.647 85.507 12.0852 1.06497 0.074393 0.00467634 0.000274633 1.37934e-05
7.25528e-07 1.36043e-05 0.000215536 0.00309041 0.0377778 0.3494 2.03363 6.02889 12.0602 19.0846 25.8386 31.1275 34.0249 34.0249 31.1275 25.8386 19.0846 12.0602 6.02889 2.03363 0.3494 0.0377778 0.00309041 0.000215536 1.36043e-05 7.25528e-07
