0.0104801 0.197855 3.16005 45.6908 562.983 5243.62 30710.8 91627.5 184498 293700 399516 482824 528600 528600 482824 399516 293700 184498 91627.5 30710.8 5243.62 562.983 45.6908 3.16005 0.197855 0.0104801
0.200045 4.00858 68.792 1104.02 15944.3 182338 1.29848e+06 4.04603e+06 8.2255e+06 1.31258e+07 1.78691e+07 2.16027e+07 2.36542e+07 2.36542e+07 2.16027e+07 1.78691e+07 1.31258e+07 8.2255e+06 4.04603e+06 1.29848e+06 182338 15944.3 1104.02 68.792 4.00858 0.200045
3.23414 69.7636 1278.28 22203.9 374102 5.53322e+06 5.22754e+07 1.70711e+08 3.50118e+08 5.59841e+08 7.6268e+08 9.22324e+08 1.01005e+09 1.01005e+09 9.22324e+08 7.6268e+08 5.59841e+08 3.50118e+08 1.70711e+08 5.22754e+07 5.53322e+06 374102 22203.9 1278.28 69.7636 3.23414
47.2555 1135.24 22597.6 407654 7.39952e+06 1.45494e+08 2.10424e+09 7.1999e+09 1.48724e+10 2.38179e+10 3.24657e+10 3.92721e+10 4.30124e+10 4.30124e+10 3.92721e+10 3.24657e+10 2.38179e+10 1.48724e+10 7.1999e+09 2.10424e+09 1.45494e+08 7.39952e+06 407654 22597.6 1135.24 47.2555
586.687 16569.3 386822 7.57384e+06 1.26319e+08 2.85452e+09 8.51208e+10 3.03941e+11 6.31066e+11 1.01177e+12 1.37976e+12 1.66943e+12 1.82862e+12 1.82862e+12 1.66943e+12 1.37976e+12 1.01177e+12 6.31066e+11 3.03941e+11 8.51208e+10 2.85452e+09 1.26319e+08 7.57384e+06 386822 16569.3 586.687
5492.09 190775 5.77875e+06 1.5144e+08 2.94837e+09 4.18828e+10 4.17815e+12 1.52802e+13 3.1735e+13 5.08475e+13 6.93114e+13 8.38418e+13 9.18263e+13 9.18263e+13 8.38418e+13 6.93114e+13 5.08475e+13 3.1735e+13 1.52802e+13 4.17815e+12 4.18828e+10 2.94837e+09 1.5144e+08 5.77875e+06 190775 5492.09
32270.9 1.36453e+06 5.49383e+07 2.21166e+09 8.94795e+10 4.3696e+12 3.98274e+14 1.39753e+15 2.8519e+15 4.52544e+15 6.13353e+15 7.39538e+15 8.08783e+15 8.08783e+15 7.39538e+15 6.13353e+15 4.52544e+15 2.8519e+15 1.39753e+15 3.98274e+14 4.3696e+12 8.94795e+10 2.21166e+09 5.49383e+07 1.36453e+06 32270.9
96342.8 4.25496e+06 1.7956e+08 7.57456e+09 3.19821e+11 1.60003e+13 1.40171e+15 4.90435e+15 9.99569e+15 1.58502e+16 2.14735e+16 2.58852e+16 2.83059e+16 2.83059e+16 2.58852e+16 2.14735e+16 1.58502e+16 9.99569e+15 4.90435e+15 1.40171e+15 1.60003e+13 3.19821e+11 7.57456e+09 1.7956e+08 4.25496e+06 96342.8
193923 8.64716e+06 3.68133e+08 1.56405e+10 6.63784e+11 3.32219e+13 2.86269e+15 1.00038e+16 2.03782e+16 3.23036e+16 4.3756e+16 5.27398e+16 5.76692e+16 5.76692e+16 5.27398e+16 4.3756e+16 3.23036e+16 2.03782e+16 1.00038e+16 2.86269e+15 3.32219e+13 6.63784e+11 1.56405e+10 3.68133e+08 8.64716e+06 193923
308467 1.37877e+07 5.88168e+08 2.50271e+10 1.06331e+12 5.31888e+13 4.54284e+15 1.58646e+16 3.23069e+16 5.12035e+16 6.93481e+16 8.35805e+16 9.13895e+16 9.13895e+16 8.35805e+16 6.93481e+16 5.12035e+16 3.23069e+16 1.58646e+16 4.54284e+15 5.31888e+13 1.06331e+12 2.50271e+10 5.88168e+08 1.37877e+07 308467
419236 1.87534e+07 8.00527e+08 3.40813e+10 1.44862e+12 7.24356e+13 6.15559e+15 2.14884e+16 4.37515e+16 6.93342e+16 9.38963e+16 1.13161e+17 1.23731e+17 1.23731e+17 1.13161e+17 9.38963e+16 6.93342e+16 4.37515e+16 2.14884e+16 6.15559e+15 7.24356e+13 1.44862e+12 3.40813e+10 8.00527e+08 1.87534e+07 419236
506281 2.26545e+07 9.6733e+08 4.11928e+10 1.75126e+12 8.75504e+13 7.41968e+15 2.58958e+16 5.272e+16 8.35413e+16 1.13131e+17 1.36339e+17 1.49071e+17 1.49071e+17 1.36339e+17 1.13131e+17 8.35413e+16 5.272e+16 2.58958e+16 7.41968e+15 8.75504e+13 1.75126e+12 4.11928e+10 9.6733e+08 2.26545e+07 506281
554048 2.47951e+07 1.05886e+09 4.50951e+10 1.91734e+12 9.58436e+13 8.11279e+15 2.83123e+16 5.76372e+16 9.13303e+16 1.23676e+17 1.49045e+17 1.62963e+17 1.62963e+17 1.49045e+17 1.23676e+17 9.13303e+16 5.76372e+16 2.83123e+16 8.11279e+15 9.58436e+13 1.91734e+12 4.50951e+10 1.05886e+09 2.47951e+07 554048
554048 2.47951e+07 1.05886e+09 4.50951e+10 1.91734e+12 9.58436e+13 8.11279e+15 2.83123e+16 5.76372e+16 9.13303e+16 1.23676e+17 1.49045e+17 1.62963e+17 1.62963e+17 1.49045e+17 1.23676e+17 9.13303e+16 5.76372e+16 2.83123e+16 8.11279e+15 9.58436e+13 1.91734e+12 4.50951e+10 1.05886e+09 2.47951e+07 554048
506281 2.26545e+07 9.6733e+08 4.11928e+10 1.75126e+12 8.75504e+13 7.41968e+15 2.58958e+16 5.272e+16 8.35413e+16 1.13131e+17 1.36339e+17 1.49071e+17 1.49071e+17 1.36339e+17 1.13131e+17 8.35413e+16 5.272e+16 2.58958e+16 7.41968e+15 8.75504e+13 1.75126e+12 4.11928e+10 9.6733e+08 2.26545e+07 506281
419236 1.87534e+07 8.00527e+08 3.40813e+10 1.44862e+12 7.24356e+13 6.15559e+15 2.14884e+16 4.37515e+16 6.93342e+16 9.38963e+16 1.13161e+17 1.23731e+17 1.23731e+17 1.13161e+17 9.38963e+16 6.93342e+16 4.37515e+16 2.14884e+16 6.15559e+15 7.24356e+13 1.44862e+12 3.40813e+10 8.00527e+08 1.87534e+07 419236
308467 1.37877e+07 5.88168e+08 2.50271e+10 1.06331e+12 5.31888e+13 4.54284e+15 1.58646e+16 3.23069e+16 5.12035e+16 6.93481e+16 8.35805e+16 9.13895e+16 9.13895e+16 8.35805e+16 6.93481e+16 5.12035e+16 3.23069e+16 1.58646e+16 4.54284e+15 5.31888e+13 1.06331e+12 2.50271e+10 5.88168e+08 1.37877e+07 308467
193923 8.64716e+06 3.68133e+08 1.56405e+10 6.63784e+11 3.32219e+13 2.86269e+15 1.00038e+16 2.03782e+16 3.23036e+16 4.3756e+16 5.27398e+16 5.76692e+16 5.76692e+16 5.27398e+16 4.3756e+16 3.23036e+16 2.03782e+16 1.00038e+16 2.86269e+15 3.32219e+13 6.63784e+11 1.56405e+10 3.68133e+08 8.64716e+06 193923
96342.8 4.25496e+06 1.7956e+08 7.57456e+09 3.19821e+11 1.60003e+13 1.40171e+15 4.90435e+15 9.99569e+15 1.58502e+16 2.14735e+16 2.58852e+16 2.83059e+16 2.83059e+16 2.58852e+16 2.14735e+16 1.58502e+16 9.99569e+15 4.90435e+15 1.40171e+15 1.60003e+13 3.19821e+11 7.57456e+09 1.7956e+08 4.25496e+06 96342.8
32270.9 1.36453e+06 5.49383e+07 2.21166e+09 8.94795e+10 4.3696e+12 3.98274e+14 1.39753e+15 2.8519e+15 4.52544e+15 6.13353e+15 7.39538e+15 8.08783e+15 8.08783e+15 7.39538e+15 6.13353e+15 4.52544e+15 2.8519e+15 1.39753e+15 3.98274e+14 4.3696e+12 8.94795e+10 2.21166e+09 5.49383e+07 1.36453e+06 32270.9
5492.09 190775 5.77875e+06 1.5144e+08 2.94837e+09 4.18828e+10 4.17815e+12 1.52802e+13 3.1735e+13 5.08475e+13 6.93114e+13 8.38418e+13 9.18263e+13 9.18263e+13 8.38418e+13 6.93114e+13 5.08475e+13 3.1735e+13 1.52802e+13 4.17815e+12 4.18828e+10 2.94837e+09 1.5144e+08 5.77875e+06 190775 5492.09
586.687 16569.3 386822 7.57384e+06 1.26319e+08 2.85452e+09 8.51208e+10 3.03941e+11 6.31066e+11 1.01177e+12 1.37976e+12 1.66943e+12 1.82862e+12 1.82862e+12 1.66943e+12 1.37976e+12 1.01177e+12 6.31066e+11 3.03941e+11 8.51208e+10 2.85452e+09 1.26319e+08 7.57384e+06 386822 16569.3 586.687
47.2555 1135.24 22597.6 407654 7.39952e+06 1.45494e+08 2.10424e+09 7.1999e+09 1.48724e+10 2.38179e+10 3.24657e+10 3.92721e+10 4.30124e+10 4.30124e+10 3.92721e+10 3.24657e+10 2.38179e+10 1.48724e+10 7.1999e+09 2.10424e+09 1.45494e+08 7.39952e+06 407654 22597.6 1135.24 47.2555
3.23414 69.7636 1278.28 22203.9 374102 5.53322e+06 5.22754e+07 1.70711e+08 3.50118e+08 5.59841e+08 7.6268e+08 9.22324e+08 1.01005e+09 1.01005e+09 9.22324e+08 7.6268e+08 5.59841e+08 3.50118e+08 1.70711e+08 5.22754e+07 5.53322e+06 374102 22203.9 1278.28 69.7636 3.23414
0.200045 4.00858 68.792 1104.02 15944.3 182338 1.29848e+06 4.04603e+06 8.2255e+06 1.31258e+07 1.78691e+07 2.16027e+07 2.36542e+07 2.36542e+07 2.16027e+07 1.78691e+07 1.31258e+07 8.2255e+06 4.04603e+06 1.29848e+06 182338 15944.3 1104.02 68.792 4.00858 0.200045
0.0104801 0.197855 3.16005 45.6908 562.983 5243.62 30710.8 91627.5 184498 293700 399516 482824 528600 528600 482824 399516 293700 184498 91627.5 30710.8 5243.62 562.983 45.6908 3.16005 0.197855 0.0104801
