8.02508 149.059 2316.77 32368.7 385582 3.49531e+06 2.00725e+07 5.87912e+07 1.15775e+08 1.79817e+08 2.38919e+08 2.83453e+08 3.0719e+08 3.0719e+08 2.83453e+08 2.38919e+08 1.79817e+08 1.15775e+08 5.87912e+07 2.00725e+07 3.49531e+06 385582 32368.7 2316.77 149.059 8.02507
154.24 3064.02 51464.9 796928 1.10388e+07 1.21907e+08 8.4845e+08 2.59327e+09 5.15062e+09 8.00896e+09 1.06368e+10 1.26118e+10 1.36627e+10 1.36627e+10 1.26118e+10 1.06368e+10 8.00896e+09 5.15062e+09 2.59327e+09 8.4845e+08 1.21907e+08 1.10388e+07 796928 51464.9 3064.02 154.24
2489.04 53776 977559 1.6502e+07 2.6452e+08 3.72556e+09 3.41968e+10 1.09452e+11 2.1907e+11 3.40887e+11 4.52464e+11 5.36098e+11 5.80524e+11 5.80524e+11 5.36098e+11 4.52464e+11 3.40887e+11 2.1907e+11 1.09452e+11 3.41968e+10 3.72556e+09 2.6452e+08 1.6502e+07 977559 53776 2489.04
35868.3 869335 1.74564e+07 3.13466e+08 5.44436e+09 9.94033e+10 1.37966e+12 4.62309e+12 9.30932e+12 1.44889e+13 1.92167e+13 2.27514e+13 2.46256e+13 2.46256e+13 2.27514e+13 1.92167e+13 1.44889e+13 9.30932e+12 4.62309e+12 1.37966e+12 9.94033e+10 5.44436e+09 3.13466e+08 1.74564e+07 869335 35868.3
435157 1.24013e+07 2.94053e+08 5.88787e+09 9.91274e+10 2.02396e+12 5.59785e+13 1.95606e+14 3.95477e+14 6.15356e+14 8.15435e+14 9.64637e+14 1.04361e+15 1.04361e+15 9.64637e+14 8.15435e+14 6.15356e+14 3.95477e+14 1.95606e+14 5.59785e+13 2.02396e+12 9.91274e+10 5.88787e+09 2.94053e+08 1.24013e+07 435157
3.96785e+06 1.38431e+08 4.23328e+09 1.13094e+11 2.30832e+12 3.4808e+13 2.7904e+15 9.98094e+15 2.01879e+16 3.14018e+16 4.16102e+16 4.9229e+16 5.32646e+16 5.32646e+16 4.9229e+16 4.16101e+16 3.14018e+16 2.01879e+16 9.98094e+15 2.7904e+15 3.4808e+13 2.30832e+12 1.13094e+11 4.23328e+09 1.38431e+08 3.96785e+06
2.27466e+07 9.61338e+08 3.8741e+10 1.56277e+12 6.33981e+13 3.05945e+15 2.65294e+17 9.1915e+17 1.84565e+18 2.87599e+18 3.83115e+18 4.55747e+18 4.9476e+18 4.9476e+18 4.55747e+18 3.83115e+18 2.87599e+18 1.84565e+18 9.1915e+17 2.65294e+17 3.05945e+15 6.33981e+13 1.56277e+12 3.8741e+10 9.61338e+08 2.27466e+07
6.65283e+07 2.93382e+09 1.23795e+11 5.2276e+12 2.2113e+14 1.0953e+16 9.23159e+17 3.19092e+18 6.40038e+18 9.96715e+18 1.32724e+19 1.57855e+19 1.71353e+19 1.71353e+19 1.57855e+19 1.32724e+19 9.96715e+18 6.40038e+18 3.19092e+18 9.23159e+17 1.0953e+16 2.2113e+14 5.2276e+12 1.23795e+11 2.93382e+09 6.65283e+07
1.3086e+08 5.82007e+09 2.47473e+11 1.05133e+13 4.46504e+14 2.21363e+16 1.85436e+18 6.40282e+18 1.28297e+19 1.99594e+19 2.6555e+19 3.15625e+19 3.42494e+19 3.42494e+19 3.15625e+19 2.6555e+19 1.99594e+19 1.28297e+19 6.40282e+18 1.85436e+18 2.21363e+16 4.46504e+14 1.05133e+13 2.47473e+11 5.82007e+09 1.3086e+08
2.03033e+08 9.04014e+09 3.84653e+11 1.63439e+13 6.93925e+14 3.43886e+16 2.88683e+18 9.96186e+18 1.99414e+19 3.09886e+19 4.11858e+19 4.89129e+19 5.30539e+19 5.30539e+19 4.89129e+19 4.11858e+19 3.09886e+19 1.99414e+19 9.96186e+18 2.88683e+18 3.43886e+16 6.93925e+14 1.63439e+13 3.84653e+11 9.04014e+09 2.03033e+08
2.69519e+08 1.1995e+10 5.10055e+11 2.1655e+13 9.18581e+14 4.55064e+16 3.84033e+18 1.32478e+19 2.64961e+19 4.11317e+19 5.46123e+19 6.48081e+19 7.02652e+19 7.02652e+19 6.48081e+19 5.46123e+19 4.11317e+19 2.64961e+19 1.32478e+19 3.84033e+18 4.55064e+16 9.18581e+14 2.1655e+13 5.10055e+11 1.1995e+10 2.69519e+08
3.19539e+08 1.42121e+10 6.03891e+11 2.56186e+13 1.08579e+15 5.37791e+16 4.56276e+18 1.57372e+19 3.14549e+19 4.87908e+19 6.47314e+19 7.67701e+19 8.32068e+19 8.32068e+19 7.67701e+19 6.47314e+19 4.87908e+19 3.14549e+19 1.57372e+19 4.56276e+18 5.37791e+16 1.08579e+15 2.56186e+13 6.03891e+11 1.42121e+10 3.19539e+08
3.46171e+08 1.53905e+10 6.53676e+11 2.77176e+13 1.17418e+15 5.81516e+16 4.94979e+18 1.70709e+19 3.41091e+19 5.28849e+19 7.01337e+19 8.31496e+19 9.0105e+19 9.0105e+19 8.31496e+19 7.01337e+19 5.28849e+19 3.41091e+19 1.70709e+19 4.94979e+18 5.81516e+16 1.17418e+15 2.77176e+13 6.53676e+11 1.53905e+10 3.46171e+08
3.46171e+08 1.53905e+10 6.53676e+11 2.77176e+13 1.17418e+15 5.81516e+16 4.94979e+18 1.70709e+19 3.41091e+19 5.28849e+19 7.01337e+19 8.31496e+19 9.0105e+19 9.0105e+19 8.31496e+19 7.01337e+19 5.28849e+19 3.41091e+19 1.70709e+19 4.94979e+18 5.81516e+16 1.17418e+15 2.77176e+13 6.53676e+11 1.53905e+10 3.46171e+08
3.19539e+08 1.42121e+10 6.03891e+11 2.56186e+13 1.08579e+15 5.37791e+16 4.56276e+18 1.57372e+19 3.14549e+19 4.87908e+19 6.47314e+19 7.67701e+19 8.32068e+19 8.32068e+19 7.67701e+19 6.47314e+19 4.87908e+19 3.14549e+19 1.57372e+19 4.56276e+18 5.37791e+16 1.08579e+15 2.56186e+13 6.03891e+11 1.42121e+10 3.19539e+08
2.69519e+08 1.1995e+10 5.10055e+11 2.1655e+13 9.18581e+14 4.55064e+16 3.84033e+18 1.32478e+19 2.64961e+19 4.11317e+19 5.46123e+19 6.48081e+19 7.02652e+19 7.02652e+19 6.48081e+19 5.46123e+19 4.11317e+19 2.64961e+19 1.32478e+19 3.84033e+18 4.55064e+16 9.18581e+14 2.1655e+13 5.10055e+11 1.1995e+10 2.69519e+08
2.03033e+08 9.04014e+09 3.84653e+11 1.63439e+13 6.93925e+14 3.43886e+16 2.88683e+18 9.96186e+18 1.99414e+19 3.09886e+19 4.11858e+19 4.89129e+19 5.30539e+19 5.30539e+19 4.89129e+19 4.11858e+19 3.09886e+19 1.99414e+19 9.96186e+18 2.88683e+18 3.43886e+16 6.93925e+14 1.63439e+13 3.84653e+11 9.04014e+09 2.03033e+08
1.3086e+08 5.82007e+09 2.47473e+11 1.05133e+13 4.46504e+14 2.21363e+16 1.85436e+18 6.40282e+18 1.28297e+19 1.99594e+19 2.6555e+19 3.15625e+19 3.42494e+19 3.42494e+19 3.15625e+19 2.6555e+19 1.99594e+19 1.28297e+19 6.40282e+18 1.85436e+18 2.21363e+16 4.46504e+14 1.05133e+13 2.47473e+11 5.82007e+09 1.3086e+08
6.65283e+07 2.93382e+09 1.23795e+11 5.2276e+12 2.2113e+14 1.0953e+16 9.23159e+17 3.19092e+18 6.40038e+18 9.96715e+18 1.32724e+19 1.57855e+19 1.71353e+19 1.71353e+19 1.57855e+19 1.32724e+19 9.96715e+18 6.40038e+18 3.19092e+18 9.23159e+17 1.0953e+16 2.2113e+14 5.2276e+12 1.23795e+11 2.93382e+09 6.65283e+07
2.27466e+07 9.61338e+08 3.8741e+10 1.56277e+12 6.33981e+13 3.05945e+15 2.65294e+17 9.1915e+17 1.84565e+18 2.87599e+18 3.83115e+18 4.55747e+18 4.9476e+18 4.9476e+18 4.55747e+18 3.83115e+18 2.87599e+18 1.84565e+18 9.1915e+17 2.65294e+17 3.05945e+15 6.33981e+13 1.56277e+12 3.8741e+10 9.61338e+08 2.27466e+07
3.96785e+06 1.38431e+08 4.23328e+09 1.13094e+11 2.30832e+12 3.4808e+13 2.7904e+15 9.98094e+15 2.01879e+16 3.14018e+16 4.16101e+16 4.9229e+16 5.32646e+16 5.32646e+16 4.9229e+16 4.16102e+16 3.14018e+16 2.01879e+16 9.98094e+15 2.7904e+15 3.4808e+13 2.30832e+12 1.13094e+11 4.23328e+09 1.38431e+08 3.96785e+06
435157 1.24013e+07 2.94053e+08 5.88787e+09 9.91274e+10 2.02396e+12 5.59785e+13 1.95606e+14 3.95477e+14 6.15356e+14 8.15435e+14 9.64637e+14 1.04361e+15 1.04361e+15 9.64637e+14 8.15435e+14 6.15356e+14 3.95477e+14 1.95606e+14 5.59785e+13 2.02396e+12 9.91274e+10 5.88787e+09 2.94053e+08 1.24013e+07 435157
35868.3 869335 1.74564e+07 3.13466e+08 5.44436e+09 9.94033e+10 1.37966e+12 4.62309e+12 9.30932e+12 1.44889e+13 1.92167e+13 2.27514e+13 2.46256e+13 2.46256e+13 2.27514e+13 1.92167e+13 1.44889e+13 9.30932e+12 4.62309e+12 1.37966e+12 9.94033e+10 5.44436e+09 3.13466e+08 1.74564e+07 869335 35868.3
2489.04 53776 977559 1.6502e+07 2.6452e+08 3.72556e+09 3.41968e+10 1.09452e+11 2.1907e+11 3.40887e+11 4.52464e+11 5.36098e+11 5.80524e+11 5.80524e+11 5.36098e+11 4.52464e+11 3.40887e+11 2.1907e+11 1.09452e+11 3.41968e+10 3.72556e+09 2.6452e+08 1.6502e+07 977559 53776 2489.04
154.24 3064.02 51464.9 796928 1.10388e+07 1.21907e+08 8.4845e+08 2.59327e+09 5.15062e+09 8.00896e+09 1.06368e+10 1.26118e+10 1.36627e+10 1.36627e+10 1.26118e+10 1.06368e+10 8.00896e+09 5.15062e+09 2.59327e+09 8.4845e+08 1.21907e+08 1.10388e+07 796928 51464.9 3064.02 154.24
8.02508 149.059 2316.77 32368.7 385582 3.49531e+06 2.00725e+07 5.87912e+07 1.15775e+08 1.79817e+08 2.38919e+08 2.83453e+08 3.0719e+08 3.0719e+08 2.83453e+08 2.38919e+08 1.79817e+08 1.15775e+08 5.87912e+07 2.00725e+07 3.49531e+06 385582 32368.7 2316.77 149.059 8.02508
