2.93117e-05 0.000550478 0.00874133 0.125667 1.54002 14.2719 83.192 246.972 494.785 784.151 1063.06 1281.9 1401.94 1401.94 1281.9 1063.06 784.151 494.785 246.972 83.192 14.2719 1.54002 0.125667 0.00874133 0.000550478 2.93117e-05
0.000557194 0.0111059 0.189478 3.02276 43.4032 493.757 3499.38 10846.3 21930.8 34829.6 47245.6 56984.5 62326.4 62326.4 56984.5 47245.6 34829.6 21930.8 10846.3 3499.38 493.757 43.4032 3.02276 0.189478 0.0111059 0.000557194
0.00896713 0.192433 3.50664 60.5588 1014.18 14917.8 140272 455517 928806 1.47765e+06 2.00538e+06 2.41924e+06 2.64626e+06 2.64626e+06 2.41924e+06 2.00538e+06 1.47765e+06 928806 455517 140272 14917.8 1014.18 60.5588 3.50664 0.192433 0.00896713
0.130398 3.11705 61.7478 1108.54 20005.8 390964 5.62827e+06 1.91437e+07 3.92986e+07 6.25991e+07 8.49881e+07 1.02546e+08 1.12178e+08 1.12178e+08 1.02546e+08 8.49881e+07 6.25991e+07 3.92986e+07 1.91437e+07 5.62827e+06 390964 20005.8 1108.54 61.7478 3.11705 0.130398
1.61095 45.2717 1052.28 20531.1 341217 7.65722e+06 2.27206e+08 8.06153e+08 1.66274e+09 2.65079e+09 3.59994e+09 4.34437e+09 4.75279e+09 4.75279e+09 4.34437e+09 3.59994e+09 2.65079e+09 1.66274e+09 8.06153e+08 2.27206e+08 7.65722e+06 341217 20531.1 1052.28 45.2717 1.61095
15.0064 518.635 15642.1 408631 7.94465e+06 1.12788e+08 1.11474e+10 4.04953e+10 8.35251e+10 1.33051e+11 1.80596e+11 2.17876e+11 2.38327e+11 2.38327e+11 2.17876e+11 1.80596e+11 1.33051e+11 8.35251e+10 4.04953e+10 1.11474e+10 1.12788e+08 7.94465e+06 408631 15642.1 518.635 15.0064
87.7504 3691.27 147973 5.93774e+06 2.39731e+08 1.16899e+10 1.06206e+12 3.70746e+12 7.52318e+12 1.18784e+13 1.60375e+13 1.92879e+13 2.10676e+13 2.10676e+13 1.92879e+13 1.60375e+13 1.18784e+13 7.52318e+12 3.70746e+12 1.06206e+12 1.16899e+10 2.39731e+08 5.93774e+06 147973 3691.27 87.7504
260.682 11450 480942 2.02155e+07 8.51426e+08 4.25221e+10 3.71891e+12 1.29481e+13 2.62464e+13 4.14161e+13 5.58979e+13 6.72131e+13 7.34082e+13 7.34082e+13 6.72132e+13 5.58979e+13 4.14161e+13 2.62464e+13 1.29481e+13 3.71891e+12 4.25221e+10 8.51426e+08 2.02155e+07 480942 11450 260.682
522.152 23146.9 980449 4.14897e+07 1.7557e+09 8.76965e+10 7.55301e+12 2.62698e+13 5.3228e+13 8.39734e+13 1.13321e+14 1.36249e+14 1.48802e+14 1.48802e+14 1.36249e+14 1.13321e+14 8.39734e+13 5.3228e+13 2.62698e+13 7.55301e+12 8.76965e+10 1.7557e+09 4.14897e+07 980449 23146.9 522.152
827.085 36740.9 1.55893e+06 6.60509e+07 2.79732e+09 1.39624e+11 1.19278e+13 4.14623e+13 8.39927e+13 1.32492e+14 1.78783e+14 2.14947e+14 2.34746e+14 2.34746e+14 2.14947e+14 1.78783e+14 1.32492e+14 8.39927e+13 4.14623e+13 1.19278e+13 1.39624e+11 2.79732e+09 6.60509e+07 1.55893e+06 36740.9 827.085
1120.58 49806.9 2.11431e+06 8.96145e+07 3.79632e+09 1.89399e+11 1.61031e+13 5.59576e+13 1.13342e+14 1.78776e+14 2.41227e+14 2.90015e+14 3.16725e+14 3.16725e+14 2.90015e+14 2.41227e+14 1.78776e+14 1.13342e+14 5.59576e+13 1.61031e+13 1.89399e+11 3.79632e+09 8.96145e+07 2.11431e+06 49806.9 1120.58
1350.56 60041.9 2.54927e+06 1.08068e+08 4.57871e+09 2.28373e+11 1.9364e+13 6.72763e+13 1.36258e+14 2.14913e+14 2.89981e+14 3.48626e+14 3.8073e+14 3.8073e+14 3.48626e+14 2.89981e+14 2.14913e+14 1.36258e+14 6.72763e+13 1.9364e+13 2.28373e+11 4.57871e+09 1.08068e+08 2.54927e+06 60041.9 1350.56
1476.6 65650.6 2.78762e+06 1.1818e+08 5.00751e+09 2.49731e+11 2.11486e+13 7.34703e+13 1.48798e+14 2.34688e+14 3.16659e+14 3.80697e+14 4.15754e+14 4.15754e+14 3.80697e+14 3.16659e+14 2.34688e+14 1.48798e+14 7.34703e+13 2.11486e+13 2.49731e+11 5.00751e+09 1.1818e+08 2.78762e+06 65650.6 1476.6
1476.6 65650.6 2.78762e+06 1.1818e+08 5.00751e+09 2.49731e+11 2.11486e+13 7.34703e+13 1.48798e+14 2.34688e+14 3.16659e+14 3.80697e+14 4.15754e+14 4.15754e+14 3.80697e+14 3.16659e+14 2.34688e+14 1.48798e+14 7.34703e+13 2.11486e+13 2.49731e+11 5.00751e+09 1.1818e+08 2.78762e+06 65650.6 1476.6
1350.56 60041.9 2.54927e+06 1.08068e+08 4.57871e+09 2.28373e+11 1.9364e+13 6.72763e+13 1.36258e+14 2.14913e+14 2.89981e+14 3.48626e+14 3.8073e+14 3.8073e+14 3.48626e+14 2.89981e+14 2.14913e+14 1.36258e+14 6.72763e+13 1.9364e+13 2.28373e+11 4.57871e+09 1.08068e+08 2.54927e+06 60041.9 1350.56
1120.58 49806.9 2.11431e+06 8.96145e+07 3.79632e+09 1.89399e+11 1.61031e+13 5.59576e+13 1.13342e+14 1.78776e+14 2.41227e+14 2.90015e+14 3.16725e+14 3.16725e+14 2.90015e+14 2.41227e+14 1.78776e+14 1.13342e+14 5.59576e+13 1.61031e+13 1.89399e+11 3.79632e+09 8.96145e+07 2.11431e+06 49806.9 1120.58
827.085 36740.9 1.55893e+06 6.60509e+07 2.79732e+09 1.39624e+11 1.19278e+13 4.14623e+13 8.39927e+13 1.32492e+14 1.78783e+14 2.14947e+14 2.34746e+14 2.34746e+14 2.14947e+14 1.78783e+14 1.32492e+14 8.39927e+13 4.14623e+13 1.19278e+13 1.39624e+11 2.79732e+09 6.60509e+07 1.55893e+06 36740.9 827.085
522.152 23146.9 980449 4.14897e+07 1.7557e+09 8.76965e+10 7.55301e+12 2.62698e+13 5.3228e+13 8.39734e+13 1.13321e+14 1.36249e+14 1.48802e+14 1.48802e+14 1.36249e+14 1.13321e+14 8.39734e+13 5.3228e+13 2.62698e+13 7.55301e+12 8.76965e+10 1.7557e+09 4.14897e+07 980449 23146.9 522.152
260.682 11450 480942 2.02155e+07 8.51426e+08 4.25221e+10 3.71891e+12 1.29481e+13 2.62464e+13 4.14161e+13 5.58979e+13 6.72132e+13 7.34082e+13 7.34082e+13 6.72131e+13 5.58979e+13 4.14161e+13 2.62464e+13 1.29481e+13 3.71891e+12 4.25221e+10 8.51426e+08 2.02155e+07 480942 11450 260.682
87.7504 3691.27 147973 5.93774e+06 2.39731e+08 1.16899e+10 1.06206e+12 3.70746e+12 7.52318e+12 1.18784e+13 1.60375e+13 1.92879e+13 2.10676e+13 2.10676e+13 1.92879e+13 1.60375e+13 1.18784e+13 7.52318e+12 3.70746e+12 1.06206e+12 1.16899e+10 2.39731e+08 5.93774e+06 147973 3691.27 87.7504
15.0064 518.635 15642.1 408631 7.94465e+06 1.12788e+08 1.11474e+10 4.04953e+10 8.35251e+10 1.33051e+11 1.80596e+11 2.17876e+11 2.38327e+11 2.38327e+11 2.17876e+11 1.80596e+11 1.33051e+11 8.35251e+10 4.04953e+10 1.11474e+10 1.12788e+08 7.94465e+06 408631 15642.1 518.635 15.0064
1.61095 45.2717 1052.28 20531.1 341217 7.65722e+06 2.27206e+08 8.06153e+08 1.66274e+09 2.65079e+09 3.59994e+09 4.34437e+09 4.75279e+09 4.75279e+09 4.34437e+09 3.59994e+09 2.65079e+09 1.66274e+09 8.06153e+08 2.27206e+08 7.65722e+06 341217 20531.1 1052.28 45.2717 1.61095
0.130398 3.11705 61.7478 1108.54 20005.8 390964 5.62827e+06 1.91437e+07 3.92986e+07 6.25991e+07 8.49881e+07 1.02546e+08 1.12178e+08 1.12178e+08 1.02546e+08 8.49881e+07 6.25991e+07 3.92986e+07 1.91437e+07 5.62827e+06 390964 20005.8 1108.54 61.7478 3.11705 0.130398
0.00896713 0.192433 3.50664 60.5588 1014.18 14917.8 140272 455517 928806 1.47765e+06 2.00538e+06 2.41924e+06 2.64626e+06 2.64626e+06 2.41924e+06 2.00538e+06 1.47765e+06 928806 455517 140272 14917.8 1014.18 60.5588 3.50664 0.192433 0.00896713
0.000557194 0.0111059 0.189478 3.02276 43.4032 493.757 3499.38 10846.3 21930.8 34829.6 47245.6 56984.5 62326.4 62326.4 56984.5 47245.6 34829.6 21930.8 10846.3 3499.38 493.757 43.4032 3.02276 0.189478 0.0111059 0.000557194
2.93117e-05 0.000550478 0.00874133 0.125667 1.54002 14.2719 83.192 246.972 494.785 784.151 1063.06 1281.9 1401.94 1401.94 1281.9 1063.06 784.151 494.785 246.972 83.192 14.2719 1.54002 0.125667 0.00874133 0.000550478 2.93117e-05
