2.67158 49.9459 784.317 11099.4 133941 1.2277e+06 7.11479e+06 2.10454e+07 4.19358e+07 6.59633e+07 8.86823e+07 1.06174e+08 1.15637e+08 1.15637e+08 1.06174e+08 8.86823e+07 6.59633e+07 4.19358e+07 2.10454e+07 7.11479e+06 1.2277e+06 133941 11099.4 784.317 49.9459 2.67158
51.328 1023.67 17335.6 271919 3.82391e+06 4.27957e+07 3.00823e+08 9.28811e+08 1.86746e+09 2.94235e+09 3.95605e+09 4.7353e+09 5.15647e+09 5.15647e+09 4.7353e+09 3.95605e+09 2.94235e+09 1.86746e+09 9.28811e+08 3.00823e+08 4.27957e+07 3.82391e+06 271919 17335.6 1023.67 51.328
830.465 17954 327632 5.58781e+06 9.11183e+07 1.30589e+09 1.21258e+10 3.92178e+10 7.94997e+10 1.2542e+11 1.68621e+11 2.01779e+11 2.19683e+11 2.19683e+11 2.01779e+11 1.68621e+11 1.2542e+11 7.94997e+10 3.92178e+10 1.21258e+10 1.30589e+09 9.11183e+07 5.58781e+06 327632 17954 830.465
12043.3 291390 5.84352e+06 1.05229e+08 1.85484e+09 3.47117e+10 4.89107e+11 1.65673e+12 3.38058e+12 5.33761e+12 7.17478e+12 8.58288e+12 9.34248e+12 9.34248e+12 8.58288e+12 7.17478e+12 5.33761e+12 3.38058e+12 1.65673e+12 4.89107e+11 3.47117e+10 1.85484e+09 1.05229e+08 5.84352e+06 291390 12043.3
147459 4.19386e+06 9.90868e+07 1.97342e+09 3.31774e+10 6.99216e+11 1.98331e+13 7.00835e+13 1.43666e+14 2.26921e+14 3.04939e+14 3.64654e+14 3.96837e+14 3.96837e+14 3.64654e+14 3.04939e+14 2.26921e+14 1.43666e+14 7.00835e+13 1.98331e+13 6.99216e+11 3.31774e+10 1.97342e+09 9.90868e+07 4.19386e+06 147459
1.35856e+06 4.73569e+07 1.44516e+09 3.84206e+10 7.74119e+11 1.1488e+13 9.83757e+14 3.55906e+15 7.29816e+15 1.15213e+16 1.54779e+16 1.85065e+16 2.0139e+16 2.0139e+16 1.85065e+16 1.54779e+16 1.15213e+16 7.29816e+15 3.55906e+15 9.83757e+14 1.1488e+13 7.74119e+11 3.84206e+10 1.44516e+09 4.73569e+07 1.35856e+06
7.86924e+06 3.32704e+08 1.34104e+10 5.40903e+11 2.19328e+13 1.06234e+15 9.36421e+16 3.26763e+17 6.6204e+17 1.04158e+18 1.39976e+18 1.67631e+18 1.82639e+18 1.82639e+18 1.67631e+18 1.39976e+18 1.04158e+18 6.6204e+17 3.26763e+17 9.36421e+16 1.06234e+15 2.19328e+13 5.40903e+11 1.34104e+10 3.32704e+08 7.86924e+06
2.32541e+07 1.0262e+09 4.33259e+10 1.83013e+12 7.74129e+13 3.84694e+15 3.281e+17 1.14186e+18 2.31066e+18 3.63283e+18 4.88021e+18 5.84321e+18 6.3658e+18 6.3658e+18 5.84321e+18 4.88021e+18 3.63283e+18 2.31066e+18 1.14186e+18 3.281e+17 3.84694e+15 7.74129e+13 1.83013e+12 4.33259e+10 1.0262e+09 2.32541e+07
4.62854e+07 2.06091e+09 8.77243e+10 3.7299e+12 1.58494e+14 7.88316e+15 6.65231e+17 2.3124e+18 4.67544e+18 7.34563e+18 9.86242e+18 1.1804e+19 1.28572e+19 1.28572e+19 1.1804e+19 9.86242e+18 7.34563e+18 4.67544e+18 2.3124e+18 6.65231e+17 7.88316e+15 1.58494e+14 3.7299e+12 8.77243e+10 2.06091e+09 4.62854e+07
7.27187e+07 3.24317e+09 1.38221e+11 5.88148e+12 2.50006e+14 1.24302e+16 1.0462e+18 3.63431e+18 7.34316e+18 1.15291e+19 1.54702e+19 1.85079e+19 2.01546e+19 2.01546e+19 1.85079e+19 1.54702e+19 1.15291e+19 7.34316e+18 3.63431e+18 1.0462e+18 1.24302e+16 2.50006e+14 5.88148e+12 1.38221e+11 3.24317e+09 7.27187e+07
9.76553e+07 4.35548e+09 1.85608e+11 7.89605e+12 3.35529e+14 1.66774e+16 1.40485e+18 4.8785e+18 9.85177e+18 1.54587e+19 2.07322e+19 2.47934e+19 2.69938e+19 2.69938e+19 2.47934e+19 2.07322e+19 1.54587e+19 9.85177e+18 4.8785e+18 1.40485e+18 1.66774e+16 3.35529e+14 7.89605e+12 1.85608e+11 4.35548e+09 9.76553e+07
1.16815e+08 5.20867e+09 2.21897e+11 9.43645e+12 4.00827e+14 1.99194e+16 1.6811e+18 5.83681e+18 1.17826e+19 1.84807e+19 2.47753e+19 2.96197e+19 3.22433e+19 3.22433e+19 2.96197e+19 2.47753e+19 1.84807e+19 1.17826e+19 5.83681e+18 1.6811e+18 1.99194e+16 4.00827e+14 9.43645e+12 2.21897e+11 5.20867e+09 1.16815e+08
1.27165e+08 5.66911e+09 2.41461e+11 1.02661e+13 4.35958e+14 2.16635e+16 1.83075e+18 6.35596e+18 1.28282e+19 2.01162e+19 2.69623e+19 3.22292e+19 3.50809e+19 3.50809e+19 3.22292e+19 2.69623e+19 2.01162e+19 1.28282e+19 6.35596e+18 1.83075e+18 2.16635e+16 4.35958e+14 1.02661e+13 2.41461e+11 5.66911e+09 1.27165e+08
1.27165e+08 5.66911e+09 2.41461e+11 1.02661e+13 4.35958e+14 2.16635e+16 1.83075e+18 6.35596e+18 1.28282e+19 2.01162e+19 2.69623e+19 3.22292e+19 3.50809e+19 3.50809e+19 3.22292e+19 2.69623e+19 2.01162e+19 1.28282e+19 6.35596e+18 1.83075e+18 2.16635e+16 4.35958e+14 1.02661e+13 2.41461e+11 5.66911e+09 1.27165e+08
1.16815e+08 5.20867e+09 2.21897e+11 9.43645e+12 4.00827e+14 1.99194e+16 1.6811e+18 5.83681e+18 1.17826e+19 1.84807e+19 2.47753e+19 2.96197e+19 3.22433e+19 3.22433e+19 2.96197e+19 2.47753e+19 1.84807e+19 1.17826e+19 5.83681e+18 1.6811e+18 1.99194e+16 4.00827e+14 9.43645e+12 2.21897e+11 5.20867e+09 1.16815e+08
9.76553e+07 4.35548e+09 1.85608e+11 7.89605e+12 3.35529e+14 1.66774e+16 1.40485e+18 4.8785e+18 9.85177e+18 1.54587e+19 2.07322e+19 2.47934e+19 2.69938e+19 2.69938e+19 2.47934e+19 2.07322e+19 1.54587e+19 9.85177e+18 4.8785e+18 1.40485e+18 1.66774e+16 3.35529e+14 7.89605e+12 1.85608e+11 4.35548e+09 9.76553e+07
7.27187e+07 3.24317e+09 1.38221e+11 5.88148e+12 2.50006e+14 1.24302e+16 1.0462e+18 3.63431e+18 7.34316e+18 1.15291e+19 1.54702e+19 1.85079e+19 2.01546e+19 2.01546e+19 1.85079e+19 1.54702e+19 1.15291e+19 7.34316e+18 3.63431e+18 1.0462e+18 1.24302e+16 2.50006e+14 5.88148e+12 1.38221e+11 3.24317e+09 7.27187e+07
4.62854e+07 2.06091e+09 8.77243e+10 3.7299e+12 1.58494e+14 7.88316e+15 6.65231e+17 2.3124e+18 4.67544e+18 7.34563e+18 9.86242e+18 1.1804e+19 1.28572e+19 1.28572e+19 1.1804e+19 9.86242e+18 7.34563e+18 4.67544e+18 2.3124e+18 6.65231e+17 7.88316e+15 1.58494e+14 3.7299e+12 8.77243e+10 2.06091e+09 4.62854e+07
2.32541e+07 1.0262e+09 4.33259e+10 1.83013e+12 7.74129e+13 3.84694e+15 3.281e+17 1.14186e+18 2.31066e+18 3.63283e+18 4.88021e+18 5.84321e+18 6.3658e+18 6.3658e+18 5.84321e+18 4.88021e+18 3.63283e+18 2.31066e+18 1.14186e+18 3.281e+17 3.84694e+15 7.74129e+13 1.83013e+12 4.33259e+10 1.0262e+09 2.32541e+07
7.86924e+06 3.32704e+08 1.34104e+10 5.40903e+11 2.19328e+13 1.06234e+15 9.36421e+16 3.26763e+17 6.6204e+17 1.04158e+18 1.39976e+18 1.67631e+18 1.82639e+18 1.82639e+18 1.67631e+18 1.39976e+18 1.04158e+18 6.6204e+17 3.26763e+17 9.36421e+16 1.06234e+15 2.19328e+13 5.40903e+11 1.34104e+10 3.32704e+08 7.86924e+06
1.35856e+06 4.73569e+07 1.44516e+09 3.84206e+10 7.74119e+11 1.1488e+13 9.83757e+14 3.55906e+15 7.29816e+15 1.15213e+16 1.54779e+16 1.85065e+16 2.0139e+16 2.0139e+16 1.85065e+16 1.54779e+16 1.15213e+16 7.29816e+15 3.55906e+15 9.83757e+14 1.1488e+13 7.74119e+11 3.84206e+10 1.44516e+09 4.73569e+07 1.35856e+06
147459 4.19386e+06 9.90868e+07 1.97342e+09 3.31774e+10 6.99216e+11 1.98331e+13 7.00834e+13 1.43666e+14 2.26921e+14 3.04939e+14 3.64654e+14 3.96837e+14 3.96837e+14 3.64654e+14 3.04939e+14 2.26921e+14 1.43666e+14 7.00835e+13 1.98331e+13 6.99216e+11 3.31774e+10 1.97342e+09 9.90868e+07 4.19386e+06 147459
12043.3 291390 5.84352e+06 1.05229e+08 1.85484e+09 3.47117e+10 4.89107e+11 1.65673e+12 3.38058e+12 5.33761e+12 7.17478e+12 8.58288e+12 9.34248e+12 9.34248e+12 8.58288e+12 7.17478e+12 5.33761e+12 3.38058e+12 1.65673e+12 4.89107e+11 3.47117e+10 1.85484e+09 1.05229e+08 5.84352e+06 291390 12043.3
830.465 17954 327632 5.58781e+06 9.11183e+07 1.30589e+09 1.21258e+10 3.92178e+10 7.94997e+10 1.2542e+11 1.68621e+11 2.01779e+11 2.19683e+11 2.19683e+11 2.01779e+11 1.68621e+11 1.2542e+11 7.94997e+10 3.92178e+10 1.21258e+10 1.30589e+09 9.11183e+07 5.58781e+06 327632 17954 830.465
51.328 1023.67 17335.6 271919 3.82391e+06 4.27957e+07 3.00823e+08 9.28811e+08 1.86746e+09 2.94235e+09 3.95605e+09 4.7353e+09 5.15647e+09 5.15647e+09 4.7353e+09 3.95605e+09 2.94235e+09 1.86746e+09 9.28811e+08 3.00823e+08 4.27957e+07 3.82391e+06 271919 17335.6 1023.67 51.328
2.67158 49.9459 784.317 11099.4 133941 1.2277e+06 7.11479e+06 2.10454e+07 4.19358e+07 6.59633e+07 8.86823e+07 1.06174e+08 1.15637e+08 1.15637e+08 1.06174e+08 8.86823e+07 6.59633e+07 4.19358e+07 2.10454e+07 7.11479e+06 1.2277e+06 133941 11099.4 784.317 49.9459 2.67158
