0.000132137 0.00248777 0.0396338 0.571841 7.03223 65.372 382.162 1138.49 2290.22 3644.77 4959.36 5996.59 6567.59 6567.59 5996.59 4959.36 3644.77 2290.22 1138.49 382.162 65.372 7.03223 0.571841 0.0396338 0.00248777 0.000132137
0.00251407 0.0502144 0.859255 13.7592 198.348 2264.28 16095.3 50068.8 101673 162180 220842 267123 292602 292602 267123 220842 162180 101673 50068.8 16095.3 2264.28 198.348 13.7592 0.859255 0.0502144 0.00251407
0.0405219 0.87084 15.9026 275.554 4635.31 68466.5 645805 2.10511e+06 4.31175e+06 6.89115e+06 9.38998e+06 1.13615e+07 1.24471e+07 1.24471e+07 1.13615e+07 9.38998e+06 6.89115e+06 4.31175e+06 2.10511e+06 645805 68466.5 4635.31 275.554 15.9026 0.87084 0.0405219
0.590604 14.1311 280.21 5039.56 91327.9 1.79473e+06 2.59282e+07 8.85391e+07 1.82617e+08 2.92293e+08 3.98503e+08 4.82316e+08 5.28476e+08 5.28476e+08 4.82316e+08 3.98503e+08 2.92293e+08 1.82617e+08 8.85391e+07 2.59282e+07 1.79473e+06 91327.9 5039.56 280.21 14.1311 0.590604
7.3172 205.81 4785.88 93369.7 1.55291e+06 3.51061e+07 1.04694e+09 3.73006e+09 7.73178e+09 1.23883e+10 1.68978e+10 2.04574e+10 2.24184e+10 2.24184e+10 2.04574e+10 1.68978e+10 1.23883e+10 7.73178e+09 3.73006e+09 1.04694e+09 3.51061e+07 1.55291e+06 93369.7 4785.88 205.81 7.3172
68.3722 2365.53 71391.6 1.8648e+06 3.61827e+07 5.12254e+08 5.13227e+10 1.87236e+11 3.88135e+11 6.214e+11 8.47146e+11 1.02528e+12 1.1234e+12 1.1234e+12 1.02528e+12 8.47146e+11 6.214e+11 3.88135e+11 1.87236e+11 5.13227e+10 5.12254e+08 3.61827e+07 1.8648e+06 71391.6 2365.53 68.3722
401.094 16893.3 677862 2.72173e+07 1.09914e+09 5.36359e+10 4.88973e+12 1.7118e+13 3.48564e+13 5.52271e+13 7.4791e+13 9.01492e+13 9.85828e+13 9.85828e+13 9.01492e+13 7.4791e+13 5.52271e+13 3.48564e+13 1.7118e+13 4.88973e+12 5.36359e+10 1.09914e+09 2.72173e+07 677862 16893.3 401.094
1195.9 52601.4 2.21195e+06 9.30488e+07 3.92074e+09 1.95944e+11 1.71697e+13 5.99387e+13 1.21901e+14 1.93003e+14 2.61253e+14 3.14813e+14 3.44218e+14 3.44217e+14 3.14813e+14 2.61253e+14 1.93003e+14 1.21901e+14 5.99387e+13 1.71697e+13 1.95944e+11 3.92074e+09 9.30488e+07 2.21195e+06 52601.4 1195.9
2405.46 106805 4.53014e+06 1.91898e+08 8.12611e+09 4.06177e+11 3.49941e+13 1.22017e+14 2.48027e+14 3.92578e+14 5.31301e+14 6.40149e+14 6.99903e+14 6.99903e+14 6.40149e+14 5.31301e+14 3.92578e+14 2.48027e+14 1.22017e+14 3.49941e+13 4.06177e+11 8.12611e+09 1.91898e+08 4.53014e+06 106805 2405.46
3826.37 170285 7.2366e+06 3.06992e+08 1.30133e+10 6.49991e+11 5.54609e+13 1.93245e+14 3.927e+14 6.2146e+14 8.40968e+14 1.01319e+15 1.10773e+15 1.10773e+15 1.01319e+15 8.40968e+14 6.2146e+14 3.927e+14 1.93245e+14 5.54609e+13 6.49991e+11 1.30133e+10 3.06992e+08 7.2366e+06 170285 3826.37
5203.47 231742 9.85474e+06 4.18284e+08 1.7739e+10 8.85603e+11 7.51076e+13 2.61587e+14 5.31483e+14 8.40996e+14 1.13797e+15 1.37095e+15 1.49884e+15 1.49884e+15 1.37095e+15 1.13797e+15 8.40996e+14 5.31483e+14 2.61587e+14 7.51076e+13 8.85603e+11 1.7739e+10 4.18284e+08 9.85474e+06 231742 5203.47
6288.65 280164 1.19176e+07 5.05985e+08 2.1464e+10 1.07127e+12 9.0522e+13 3.15191e+14 6.40322e+14 1.01315e+15 1.37086e+15 1.65148e+15 1.80552e+15 1.80552e+15 1.65148e+15 1.37086e+15 1.01315e+15 6.40322e+14 3.15191e+14 9.0522e+13 1.07127e+12 2.1464e+10 5.05985e+08 1.19176e+07 280164 6288.65
6885.5 306798 1.30524e+07 5.54239e+08 2.3514e+10 1.17344e+12 9.89828e+13 3.44608e+14 7.00048e+14 1.10762e+15 1.49865e+15 1.80541e+15 1.97379e+15 1.97379e+15 1.80541e+15 1.49865e+15 1.10762e+15 7.00048e+14 3.44608e+14 9.89828e+13 1.17344e+12 2.3514e+10 5.54239e+08 1.30524e+07 306798 6885.5
6885.5 306798 1.30524e+07 5.54239e+08 2.3514e+10 1.17344e+12 9.89828e+13 3.44608e+14 7.00048e+14 1.10762e+15 1.49865e+15 1.80541e+15 1.97379e+15 1.97379e+15 1.80541e+15 1.49865e+15 1.10762e+15 7.00048e+14 3.44608e+14 9.89827e+13 1.17344e+12 2.3514e+10 5.54239e+08 1.30524e+07 306798 6885.5
6288.65 280164 1.19176e+07 5.05985e+08 2.1464e+10 1.07127e+12 9.0522e+13 3.15191e+14 6.40322e+14 1.01315e+15 1.37086e+15 1.65148e+15 1.80552e+15 1.80552e+15 1.65148e+15 1.37086e+15 1.01315e+15 6.40322e+14 3.15191e+14 9.0522e+13 1.07127e+12 2.1464e+10 5.05985e+08 1.19176e+07 280164 6288.65
5203.47 231742 9.85474e+06 4.18284e+08 1.7739e+10 8.85603e+11 7.51076e+13 2.61587e+14 5.31483e+14 8.40996e+14 1.13797e+15 1.37095e+15 1.49884e+15 1.49884e+15 1.37095e+15 1.13797e+15 8.40996e+14 5.31483e+14 2.61587e+14 7.51076e+13 8.85603e+11 1.7739e+10 4.18284e+08 9.85474e+06 231742 5203.47
3826.37 170285 7.2366e+06 3.06992e+08 1.30133e+10 6.49991e+11 5.54609e+13 1.93245e+14 3.927e+14 6.2146e+14 8.40968e+14 1.01319e+15 1.10773e+15 1.10773e+15 1.01319e+15 8.40968e+14 6.2146e+14 3.927e+14 1.93245e+14 5.54609e+13 6.49991e+11 1.30133e+10 3.06992e+08 7.2366e+06 170285 3826.37
2405.46 106805 4.53014e+06 1.91898e+08 8.12611e+09 4.06177e+11 3.49941e+13 1.22017e+14 2.48027e+14 3.92578e+14 5.31301e+14 6.40149e+14 6.99903e+14 6.99903e+14 6.40149e+14 5.31301e+14 3.92578e+14 2.48027e+14 1.22017e+14 3.49941e+13 4.06177e+11 8.12611e+09 1.91898e+08 4.53014e+06 106805 2405.46
1195.9 52601.4 2.21195e+06 9.30488e+07 3.92074e+09 1.95944e+11 1.71697e+13 5.99387e+13 1.21901e+14 1.93003e+14 2.61253e+14 3.14813e+14 3.44217e+14 3.44218e+14 3.14813e+14 2.61253e+14 1.93003e+14 1.21901e+14 5.99387e+13 1.71697e+13 1.95944e+11 3.92074e+09 9.30488e+07 2.21195e+06 52601.4 1195.9
401.094 16893.3 677862 2.72173e+07 1.09914e+09 5.36359e+10 4.88973e+12 1.7118e+13 3.48564e+13 5.52271e+13 7.4791e+13 9.01492e+13 9.85828e+13 9.85828e+13 9.01492e+13 7.4791e+13 5.52271e+13 3.48564e+13 1.7118e+13 4.88973e+12 5.36359e+10 1.09914e+09 2.72173e+07 677862 16893.3 401.094
68.3722 2365.53 71391.6 1.8648e+06 3.61827e+07 5.12254e+08 5.13227e+10 1.87236e+11 3.88135e+11 6.214e+11 8.47146e+11 1.02528e+12 1.1234e+12 1.1234e+12 1.02528e+12 8.47146e+11 6.214e+11 3.88135e+11 1.87236e+11 5.13227e+10 5.12254e+08 3.61827e+07 1.8648e+06 71391.6 2365.53 68.3722
7.3172 205.81 4785.88 93369.7 1.55291e+06 3.51061e+07 1.04694e+09 3.73006e+09 7.73178e+09 1.23883e+10 1.68978e+10 2.04574e+10 2.24184e+10 2.24184e+10 2.04574e+10 1.68978e+10 1.23883e+10 7.73178e+09 3.73006e+09 1.04694e+09 3.51061e+07 1.55291e+06 93369.7 4785.88 205.81 7.3172
0.590604 14.1311 280.21 5039.56 91327.9 1.79473e+06 2.59282e+07 8.85391e+07 1.82617e+08 2.92293e+08 3.98503e+08 4.82316e+08 5.28476e+08 5.28476e+08 4.82316e+08 3.98503e+08 2.92293e+08 1.82617e+08 8.85391e+07 2.59282e+07 1.79473e+06 91327.9 5039.56 280.21 14.1311 0.590604
0.0405219 0.87084 15.9026 275.554 4635.31 68466.5 645805 2.10511e+06 4.31175e+06 6.89115e+06 9.38998e+06 1.13615e+07 1.24471e+07 1.24471e+07 1.13615e+07 9.38998e+06 6.89115e+06 4.31175e+06 2.10511e+06 645805 68466.5 4635.31 275.554 15.9026 0.87084 0.0405219
0.00251407 0.0502144 0.859255 13.7592 198.348 2264.28 16095.3 50068.8 101673 162180 220842 267123 292602 292602 267123 220842 162180 101673 50068.8 16095.3 2264.28 198.348 13.7592 0.859255 0.0502144 0.00251407
0.000132137 0.00248777 0.0396338 0.571841 7.03223 65.372 382.162 1138.49 2290.22 3644.77 4959.36 5996.59 6567.59 6567.59 5996.59 4959.36 3644.77 2290.22 1138.49 382.162 65.372 7.03223 0.571841 0.0396338 0.00248777 0.000132137
