0.0118642 0.224752 3.60261 52.2734 646.324 6041.01 35518.4 106514 215745 345471 472332 572934 628466 628466 572934 472332 345471 215745 106514 35518.4 6041.01 646.324 52.2734 3.60261 0.224753 0.0118642
0.227207 4.56932 78.7058 1267.63 18370.4 210799 1.50675e+06 4.71996e+06 9.65565e+06 1.55037e+07 2.12189e+07 2.57514e+07 2.82537e+07 2.82537e+07 2.57514e+07 2.12189e+07 1.55037e+07 9.65565e+06 4.71996e+06 1.50675e+06 210799 18370.4 1267.63 78.7058 4.56932 0.227207
3.68593 79.802 1467.54 25579.2 432401 6.41595e+06 6.08203e+07 1.99716e+08 4.12308e+08 6.63587e+08 9.09057e+08 1.10376e+09 1.21127e+09 1.21127e+09 1.10376e+09 9.09057e+08 6.63587e+08 4.12307e+08 1.99716e+08 6.08203e+07 6.41595e+06 432401 25579.2 1467.54 79.802 3.68593
54.0398 1302.98 26026.2 470968 8.57451e+06 1.69091e+08 2.45258e+09 8.44037e+09 1.75559e+10 2.83079e+10 3.88103e+10 4.7143e+10 5.17451e+10 5.17451e+10 4.7143e+10 3.88103e+10 2.83079e+10 1.75559e+10 8.44037e+09 2.45258e+09 1.69091e+08 8.57451e+06 470968 26026.2 1302.98 54.0398
673.195 19080.9 446894 8.7734e+06 1.4667e+08 3.32281e+09 9.93047e+10 3.56751e+11 7.46137e+11 1.20482e+12 1.65296e+12 2.00864e+12 2.20512e+12 2.20512e+12 2.00864e+12 1.65296e+12 1.20482e+12 7.46137e+11 3.56751e+11 9.93047e+10 3.32281e+09 1.4667e+08 8.7734e+06 446894 19080.9 673.195
6323.99 220434 6.69688e+06 1.75899e+08 3.43005e+09 4.87801e+10 4.87454e+12 1.79384e+13 3.75321e+13 6.05688e+13 8.30622e+13 1.00909e+14 1.10766e+14 1.10766e+14 1.00909e+14 8.30622e+13 6.05688e+13 3.75321e+13 1.79384e+13 4.87454e+12 4.87801e+10 3.43005e+09 1.75899e+08 6.69688e+06 220434 6323.99
37305.4 1.58259e+06 6.38839e+07 2.57626e+09 1.04323e+11 5.09479e+12 4.64853e+14 1.63834e+15 3.3611e+15 5.36126e+15 7.29844e+15 8.82778e+15 9.67023e+15 9.67023e+15 8.82778e+15 7.29844e+15 5.36126e+15 3.3611e+15 1.63834e+15 4.64853e+14 5.09479e+12 1.04323e+11 2.57626e+09 6.38839e+07 1.58259e+06 37305.4
111959 4.96195e+06 2.09987e+08 8.87588e+09 3.75221e+11 1.8776e+13 1.64352e+15 5.774e+15 1.18281e+16 1.88501e+16 2.56468e+16 3.10108e+16 3.3965e+16 3.3965e+16 3.10108e+16 2.56468e+16 1.88501e+16 1.18281e+16 5.774e+15 1.64352e+15 1.8776e+13 3.75221e+11 8.87588e+09 2.09987e+08 4.96195e+06 111959
226735 1.01491e+07 4.33446e+08 1.8459e+10 7.8465e+11 3.92842e+13 3.37523e+15 1.18406e+16 2.42389e+16 3.86128e+16 5.25215e+16 6.34963e+16 6.95403e+16 6.95403e+16 6.34963e+16 5.25215e+16 3.86128e+16 2.42389e+16 1.18406e+16 3.37523e+15 3.92842e+13 7.8465e+11 1.8459e+10 4.33446e+08 1.01491e+07 226735
362861 1.62863e+07 6.97191e+08 2.9746e+10 1.26623e+12 6.33627e+13 5.38544e+15 1.88763e+16 3.8626e+16 6.15154e+16 8.36597e+16 1.01131e+17 1.10752e+17 1.10752e+17 1.01131e+17 8.36597e+16 6.15154e+16 3.8626e+16 1.88763e+16 5.38544e+15 6.33627e+13 1.26623e+12 2.9746e+10 6.97191e+08 1.62863e+07 362861
495760 2.22741e+07 9.54385e+08 4.07509e+10 1.73585e+12 8.68314e+13 7.33106e+15 2.56823e+16 5.25395e+16 8.36601e+16 1.13763e+17 1.37512e+17 1.50589e+17 1.50589e+17 1.37512e+17 1.13763e+17 8.36601e+16 5.25395e+16 2.56823e+16 7.33106e+15 8.68314e+13 1.73585e+12 4.07509e+10 9.54385e+08 2.22741e+07 495760
600985 2.70149e+07 1.15805e+09 4.94671e+10 2.1079e+12 1.05419e+14 8.86582e+15 3.10495e+16 6.35102e+16 1.01119e+17 1.37495e+17 1.66191e+17 1.81992e+17 1.81992e+17 1.66191e+17 1.37495e+17 1.01119e+17 6.35102e+16 3.10495e+16 8.86582e+15 1.05419e+14 2.1079e+12 4.94671e+10 1.15805e+09 2.70149e+07 600985
659004 2.96293e+07 1.27037e+09 5.4275e+10 2.31316e+12 1.15673e+14 9.7107e+15 3.40037e+16 6.95483e+16 1.10728e+17 1.50556e+17 1.81974e+17 1.99274e+17 1.99274e+17 1.81974e+17 1.50556e+17 1.10728e+17 6.95483e+16 3.40037e+16 9.7107e+15 1.15673e+14 2.31316e+12 5.4275e+10 1.27037e+09 2.96293e+07 659004
659004 2.96293e+07 1.27037e+09 5.4275e+10 2.31316e+12 1.15673e+14 9.7107e+15 3.40037e+16 6.95483e+16 1.10728e+17 1.50556e+17 1.81974e+17 1.99274e+17 1.99274e+17 1.81974e+17 1.50556e+17 1.10728e+17 6.95483e+16 3.40037e+16 9.7107e+15 1.15673e+14 2.31316e+12 5.4275e+10 1.27037e+09 2.96293e+07 659004
600985 2.70149e+07 1.15805e+09 4.94671e+10 2.1079e+12 1.05419e+14 8.86582e+15 3.10495e+16 6.35102e+16 1.01119e+17 1.37495e+17 1.66191e+17 1.81992e+17 1.81992e+17 1.66191e+17 1.37495e+17 1.01119e+17 6.35102e+16 3.10495e+16 8.86582e+15 1.05419e+14 2.1079e+12 4.94671e+10 1.15805e+09 2.70149e+07 600985
495760 2.22741e+07 9.54385e+08 4.07509e+10 1.73585e+12 8.68314e+13 7.33106e+15 2.56823e+16 5.25395e+16 8.36601e+16 1.13763e+17 1.37512e+17 1.50589e+17 1.50589e+17 1.37512e+17 1.13763e+17 8.36601e+16 5.25395e+16 2.56823e+16 7.33106e+15 8.68314e+13 1.73585e+12 4.07509e+10 9.54385e+08 2.22741e+07 495760
362861 1.62863e+07 6.97191e+08 2.9746e+10 1.26623e+12 6.33627e+13 5.38544e+15 1.88763e+16 3.8626e+16 6.15154e+16 8.36597e+16 1.01131e+17 1.10752e+17 1.10752e+17 1.01131e+17 8.36597e+16 6.15154e+16 3.8626e+16 1.88763e+16 5.38544e+15 6.33627e+13 1.26623e+12 2.9746e+10 6.97191e+08 1.62863e+07 362861
226735 1.01491e+07 4.33446e+08 1.8459e+10 7.8465e+11 3.92842e+13 3.37523e+15 1.18406e+16 2.42389e+16 3.86128e+16 5.25215e+16 6.34963e+16 6.95403e+16 6.95403e+16 6.34963e+16 5.25214e+16 3.86128e+16 2.42389e+16 1.18406e+16 3.37523e+15 3.92842e+13 7.8465e+11 1.8459e+10 4.33446e+08 1.01491e+07 226735
111959 4.96195e+06 2.09987e+08 8.87588e+09 3.75221e+11 1.8776e+13 1.64352e+15 5.774e+15 1.18281e+16 1.88501e+16 2.56468e+16 3.10108e+16 3.3965e+16 3.3965e+16 3.10108e+16 2.56468e+16 1.88501e+16 1.18281e+16 5.774e+15 1.64352e+15 1.8776e+13 3.75221e+11 8.87588e+09 2.09987e+08 4.96195e+06 111959
37305.4 1.58259e+06 6.38839e+07 2.57626e+09 1.04323e+11 5.09479e+12 4.64853e+14 1.63834e+15 3.3611e+15 5.36126e+15 7.29844e+15 8.82778e+15 9.67023e+15 9.67023e+15 8.82778e+15 7.29844e+15 5.36126e+15 3.3611e+15 1.63834e+15 4.64853e+14 5.09479e+12 1.04323e+11 2.57626e+09 6.38839e+07 1.58259e+06 37305.4
6323.99 220434 6.69688e+06 1.75899e+08 3.43005e+09 4.87801e+10 4.87454e+12 1.79384e+13 3.75321e+13 6.05688e+13 8.30622e+13 1.00909e+14 1.10766e+14 1.10766e+14 1.00909e+14 8.30622e+13 6.05688e+13 3.75321e+13 1.79384e+13 4.87454e+12 4.87801e+10 3.43005e+09 1.75899e+08 6.69688e+06 220434 6323.99
673.195 19080.9 446894 8.7734e+06 1.4667e+08 3.32281e+09 9.93047e+10 3.56751e+11 7.46137e+11 1.20482e+12 1.65296e+12 2.00864e+12 2.20512e+12 2.20512e+12 2.00864e+12 1.65296e+12 1.20482e+12 7.46137e+11 3.56751e+11 9.93047e+10 3.32281e+09 1.4667e+08 8.7734e+06 446894 19080.9 673.195
54.0398 1302.98 26026.2 470968 8.57451e+06 1.69091e+08 2.45258e+09 8.44037e+09 1.75559e+10 2.83079e+10 3.88103e+10 4.7143e+10 5.17451e+10 5.17451e+10 4.7143e+10 3.88103e+10 2.83079e+10 1.75559e+10 8.44037e+09 2.45258e+09 1.69091e+08 8.57451e+06 470968 26026.2 1302.98 54.0398
3.68593 79.802 1467.54 25579.2 432401 6.41595e+06 6.08203e+07 1.99716e+08 4.12308e+08 6.63587e+08 9.09057e+08 1.10376e+09 1.21127e+09 1.21127e+09 1.10376e+09 9.09057e+08 6.63587e+08 4.12307e+08 1.99716e+08 6.08203e+07 6.41595e+06 432401 25579.2 1467.54 79.802 3.68593
0.227207 4.56932 78.7058 1267.63 18370.4 210799 1.50675e+06 4.71996e+06 9.65565e+06 1.55037e+07 2.12189e+07 2.57514e+07 2.82537e+07 2.82537e+07 2.57514e+07 2.12189e+07 1.55037e+07 9.65565e+06 4.71996e+06 1.50675e+06 210799 18370.4 1267.63 78.7058 4.56932 0.227207
0.0118642 0.224753 3.60261 52.2734 646.324 6041.01 35518.4 106514 215745 345471 472332 572934 628466 628466 572934 472332 345471 215745 106514 35518.4 6041.01 646.324 52.2734 3.60261 0.224753 0.0118642
