2.1007 39.3905 621.001 8826.26 106946 983511 5.71313e+06 1.69259e+07 3.37689e+07 5.31634e+07 7.15089e+07 8.56308e+07 9.32675e+07 9.32675e+07 8.56308e+07 7.15089e+07 5.31634e+07 3.37689e+07 1.69259e+07 5.71313e+06 983511 106946 8826.26 621.001 39.3905 2.1007
40.4101 807.875 13729 216300 3.05606e+06 3.43376e+07 2.42017e+08 7.48524e+08 1.50707e+09 2.37688e+09 3.19759e+09 3.82839e+09 4.16919e+09 4.16919e+09 3.82839e+09 3.19759e+09 2.37688e+09 1.50707e+09 7.48524e+08 2.42017e+08 3.43376e+07 3.05606e+06 216300 13729 807.875 40.4101
655.134 14186.7 259518 4.44304e+06 7.28336e+07 1.04911e+09 9.77265e+09 3.16661e+10 6.4291e+10 1.01541e+11 1.36607e+11 1.63518e+11 1.78043e+11 1.78043e+11 1.63518e+11 1.36607e+11 1.01541e+11 6.4291e+10 3.16661e+10 9.77265e+09 1.04911e+09 7.28336e+07 4.44304e+06 259518 14186.7 655.134
9526.89 230755 4.63288e+06 8.35889e+07 1.48034e+09 2.78966e+10 3.94721e+11 1.33974e+12 2.73847e+12 4.32925e+12 5.82368e+12 6.96894e+12 7.58649e+12 7.58649e+12 6.96894e+12 5.82368e+12 4.32925e+12 2.73847e+12 1.33974e+12 3.94721e+11 2.78966e+10 1.48034e+09 8.35889e+07 4.63288e+06 230755 9526.89
117025 3.3319e+06 7.87697e+07 1.56849e+09 2.63812e+10 5.60932e+11 1.60199e+13 5.67345e+13 1.16523e+14 1.84305e+14 2.47874e+14 2.96523e+14 3.2273e+14 3.2273e+14 2.96523e+14 2.47874e+14 1.84305e+14 1.16523e+14 5.67345e+13 1.60199e+13 5.60932e+11 2.63812e+10 1.56849e+09 7.87697e+07 3.3319e+06 117025
1.08166e+06 3.77603e+07 1.15354e+09 3.06685e+10 6.16368e+11 9.11138e+12 7.94217e+14 2.88037e+15 5.91871e+15 9.35789e+15 1.25829e+16 1.50515e+16 1.63816e+16 1.63816e+16 1.50515e+16 1.25829e+16 9.35789e+15 5.91871e+15 2.88037e+15 7.94217e+14 9.11138e+12 6.16368e+11 3.06685e+10 1.15354e+09 3.77603e+07 1.08166e+06
6.28254e+06 2.66131e+08 1.07462e+10 4.34041e+11 1.76159e+13 8.54671e+14 7.56607e+16 2.6451e+17 5.36895e+17 8.45976e+17 1.13813e+18 1.3639e+18 1.48645e+18 1.48645e+18 1.3639e+18 1.13813e+18 8.45976e+17 5.36895e+17 2.6451e+17 7.56607e+16 8.54671e+14 1.76159e+13 4.34041e+11 1.07462e+10 2.66131e+08 6.28254e+06
1.85971e+07 8.22388e+08 3.47893e+10 1.47183e+12 6.23263e+13 3.10253e+15 2.65562e+17 9.25962e+17 1.8774e+18 2.95654e+18 3.97656e+18 4.76488e+18 5.19288e+18 5.19288e+18 4.76488e+18 3.97656e+18 2.95654e+18 1.8774e+18 9.25962e+17 2.65562e+17 3.10253e+15 6.23263e+13 1.47183e+12 3.47893e+10 8.22388e+08 1.85971e+07
3.70624e+07 1.65392e+09 7.05506e+10 3.0049e+12 1.27852e+14 6.37077e+15 5.39399e+17 1.87874e+18 3.80657e+18 5.99149e+18 8.05537e+18 9.6497e+18 1.05151e+19 1.05151e+19 9.6497e+18 8.05537e+18 5.99149e+18 3.80657e+18 1.87874e+18 5.39399e+17 6.37077e+15 1.27852e+14 3.0049e+12 7.05506e+10 1.65392e+09 3.70624e+07
5.8277e+07 2.6052e+09 1.11282e+11 4.74403e+12 2.01942e+14 1.00601e+16 8.49558e+17 2.95751e+18 5.98921e+18 9.4222e+18 1.26623e+19 1.51636e+19 1.65206e+19 1.65206e+19 1.51636e+19 1.26623e+19 9.4222e+18 5.98921e+18 2.95751e+18 8.49558e+17 1.00601e+16 2.01942e+14 4.74403e+12 1.11282e+11 2.6052e+09 5.8277e+07
7.82946e+07 3.50047e+09 1.49522e+11 6.37325e+12 2.71223e+14 1.35087e+16 1.14198e+18 3.97462e+18 8.04588e+18 1.26523e+19 1.69964e+19 2.03476e+19 2.21648e+19 2.21648e+19 2.03476e+19 1.69964e+19 1.26523e+19 8.04588e+18 3.97462e+18 1.14198e+18 1.35087e+16 2.71223e+14 6.37325e+12 1.49522e+11 3.50047e+09 7.82946e+07
9.36687e+07 4.18693e+09 1.78796e+11 7.61856e+12 3.24101e+14 1.61403e+16 1.36736e+18 4.75875e+18 9.63074e+18 1.51397e+19 2.03317e+19 2.43347e+19 2.65046e+19 2.65046e+19 2.43347e+19 2.03317e+19 1.51397e+19 9.63074e+18 4.75875e+18 1.36736e+18 1.61403e+16 3.24101e+14 7.61856e+12 1.78796e+11 4.18693e+09 9.36687e+07
1.01969e+08 4.55719e+09 1.94568e+11 8.28883e+12 3.5253e+14 1.75551e+16 1.48948e+18 5.1837e+18 1.04894e+19 1.64868e+19 2.21371e+19 2.64921e+19 2.88524e+19 2.88524e+19 2.64921e+19 2.21371e+19 1.64868e+19 1.04894e+19 5.1837e+18 1.48948e+18 1.75551e+16 3.5253e+14 8.28883e+12 1.94568e+11 4.55719e+09 1.01969e+08
1.01969e+08 4.55719e+09 1.94568e+11 8.28883e+12 3.5253e+14 1.75551e+16 1.48948e+18 5.1837e+18 1.04894e+19 1.64868e+19 2.21371e+19 2.64921e+19 2.88524e+19 2.88524e+19 2.64921e+19 2.21371e+19 1.64868e+19 1.04894e+19 5.1837e+18 1.48948e+18 1.75551e+16 3.5253e+14 8.28883e+12 1.94568e+11 4.55719e+09 1.01969e+08
9.36687e+07 4.18693e+09 1.78796e+11 7.61856e+12 3.24101e+14 1.61403e+16 1.36736e+18 4.75875e+18 9.63074e+18 1.51397e+19 2.03317e+19 2.43347e+19 2.65046e+19 2.65046e+19 2.43347e+19 2.03317e+19 1.51397e+19 9.63074e+18 4.75875e+18 1.36736e+18 1.61403e+16 3.24101e+14 7.61856e+12 1.78796e+11 4.18693e+09 9.36687e+07
7.82946e+07 3.50047e+09 1.49522e+11 6.37325e+12 2.71223e+14 1.35087e+16 1.14198e+18 3.97462e+18 8.04588e+18 1.26523e+19 1.69964e+19 2.03476e+19 2.21648e+19 2.21648e+19 2.03476e+19 1.69964e+19 1.26523e+19 8.04588e+18 3.97462e+18 1.14198e+18 1.35087e+16 2.71223e+14 6.37325e+12 1.49522e+11 3.50047e+09 7.82946e+07
5.8277e+07 2.6052e+09 1.11282e+11 4.74403e+12 2.01942e+14 1.00601e+16 8.49558e+17 2.95751e+18 5.98921e+18 9.4222e+18 1.26623e+19 1.51636e+19 1.65206e+19 1.65206e+19 1.51636e+19 1.26623e+19 9.4222e+18 5.98921e+18 2.95751e+18 8.49558e+17 1.00601e+16 2.01942e+14 4.74403e+12 1.11282e+11 2.6052e+09 5.8277e+07
3.70624e+07 1.65392e+09 7.05506e+10 3.0049e+12 1.27852e+14 6.37077e+15 5.39399e+17 1.87874e+18 3.80657e+18 5.99149e+18 8.05537e+18 9.6497e+18 1.05151e+19 1.05151e+19 9.6497e+18 8.05537e+18 5.99149e+18 3.80657e+18 1.87874e+18 5.39399e+17 6.37077e+15 1.27852e+14 3.0049e+12 7.05506e+10 1.65392e+09 3.70624e+07
1.85971e+07 8.22388e+08 3.47893e+10 1.47183e+12 6.23263e+13 3.10253e+15 2.65562e+17 9.25962e+17 1.8774e+18 2.95654e+18 3.97656e+18 4.76488e+18 5.19288e+18 5.19288e+18 4.76488e+18 3.97656e+18 2.95654e+18 1.8774e+18 9.25962e+17 2.65562e+17 3.10253e+15 6.23263e+13 1.47183e+12 3.47893e+10 8.22388e+08 1.85971e+07
6.28254e+06 2.66131e+08 1.07462e+10 4.34041e+11 1.76159e+13 8.54671e+14 7.56607e+16 2.6451e+17 5.36895e+17 8.45976e+17 1.13813e+18 1.3639e+18 1.48645e+18 1.48645e+18 1.3639e+18 1.13813e+18 8.45976e+17 5.36895e+17 2.6451e+17 7.56607e+16 8.54671e+14 1.76159e+13 4.34041e+11 1.07462e+10 2.66131e+08 6.28254e+06
1.08166e+06 3.77603e+07 1.15354e+09 3.06685e+10 6.16368e+11 9.11138e+12 7.94217e+14 2.88037e+15 5.91871e+15 9.35789e+15 1.25829e+16 1.50515e+16 1.63816e+16 1.63816e+16 1.50515e+16 1.25829e+16 9.35789e+15 5.91871e+15 2.88037e+15 7.94217e+14 9.11138e+12 6.16368e+11 3.06685e+10 1.15354e+09 3.77603e+07 1.08166e+06
117025 3.3319e+06 7.87697e+07 1.56849e+09 2.63812e+10 5.60932e+11 1.60199e+13 5.67345e+13 1.16523e+14 1.84305e+14 2.47874e+14 2.96523e+14 3.2273e+14 3.2273e+14 2.96523e+14 2.47874e+14 1.84305e+14 1.16523e+14 5.67345e+13 1.60199e+13 5.60932e+11 2.63812e+10 1.56849e+09 7.87697e+07 3.3319e+06 117025
9526.89 230755 4.63288e+06 8.35889e+07 1.48034e+09 2.78966e+10 3.94721e+11 1.33974e+12 2.73847e+12 4.32925e+12 5.82368e+12 6.96894e+12 7.58649e+12 7.58649e+12 6.96894e+12 5.82368e+12 4.32925e+12 2.73847e+12 1.33974e+12 3.94721e+11 2.78966e+10 1.48034e+09 8.35889e+07 4.63288e+06 230755 9526.89
655.134 14186.7 259518 4.44304e+06 7.28336e+07 1.04911e+09 9.77265e+09 3.16661e+10 6.4291e+10 1.01541e+11 1.36607e+11 1.63518e+11 1.78043e+11 1.78043e+11 1.63518e+11 1.36607e+11 1.01541e+11 6.4291e+10 3.16661e+10 9.77265e+09 1.04911e+09 7.28336e+07 4.44304e+06 259518 14186.7 655.134
40.4101 807.875 13729 216300 3.05606e+06 3.43376e+07 2.42017e+08 7.48524e+08 1.50707e+09 2.37688e+09 3.19759e+09 3.82839e+09 4.16919e+09 4.16919e+09 3.82839e+09 3.19759e+09 2.37688e+09 1.50707e+09 7.48524e+08 2.42017e+08 3.43376e+07 3.05606e+06 216300 13729 807.875 40.4101
2.1007 39.3905 621.001 8826.26 106946 983511 5.71313e+06 1.69259e+07 3.37689e+07 5.31634e+07 7.15089e+07 8.56308e+07 9.32675e+07 9.32675e+07 8.56308e+07 7.15089e+07 5.31634e+07 3.37689e+07 1.69259e+07 5.71313e+06 983511 106946 8826.26 621.001 39.3905 2.1007
