3.55945e-06 6.69276e-05 0.0010647 0.0153392 0.188371 1.74884 10.211 30.378 61.0218 96.9878 131.835 159.298 174.408 174.408 159.298 131.835 96.9878 61.0218 30.378 10.211 1.74884 0.188371 0.0153392 0.0010647 6.69276e-05 3.55945e-06
6.76575e-05 0.0013496 0.0230604 0.368703 5.30717 60.5024 429.534 1334.26 2705.27 4309.27 5861.61 7084.87 7757.9 7757.9 7084.87 5861.61 4309.27 2705.27 1334.26 429.534 60.5024 5.30717 0.368703 0.0230604 0.0013496 6.76575e-05
0.00108932 0.0233814 0.426403 7.37769 123.91 1827.58 17217.2 56036.6 114588 182868 248893 300921 329551 329551 300921 248893 182868 114588 56036.6 17217.2 1827.58 123.91 7.37769 0.426403 0.0233814 0.00108932
0.015858 0.378989 7.50654 134.844 2439.98 47870.5 690729 2.35488e+06 4.84859e+06 7.74844e+06 1.05513e+07 1.27603e+07 1.39761e+07 1.39761e+07 1.27603e+07 1.05513e+07 7.74844e+06 4.84859e+06 2.35488e+06 690729 47870.5 2439.98 134.844 7.50654 0.378989 0.015858
0.196226 5.51291 128.067 2496.49 41485.3 936049 2.78773e+07 9.91508e+07 2.05141e+08 3.28147e+08 4.47034e+08 5.40761e+08 5.9236e+08 5.9236e+08 5.40761e+08 4.47034e+08 3.28147e+08 2.05141e+08 9.91508e+07 2.78773e+07 936049 41485.3 2496.49 128.067 5.51291 0.196226
1.83125 63.2826 1907.95 49801.1 966050 1.36757e+07 1.36651e+09 4.97626e+09 1.02957e+10 1.64554e+10 2.24046e+10 2.70932e+10 2.96739e+10 2.96739e+10 2.70932e+10 2.24046e+10 1.64554e+10 1.02957e+10 4.97626e+09 1.36651e+09 1.36757e+07 966050 49801.1 1907.95 63.2826 1.83125
10.7293 451.35 18092.4 725889 2.92999e+07 1.42925e+09 1.3018e+11 4.55101e+11 9.25256e+11 1.46392e+12 1.98028e+12 2.38512e+12 2.60726e+12 2.60726e+12 2.38512e+12 1.98028e+12 1.46392e+12 9.25256e+11 4.55101e+11 1.3018e+11 1.42925e+09 2.92999e+07 725889 18092.4 451.35 10.7293
31.9485 1403.43 58950.3 2.47771e+06 1.04339e+08 5.21222e+09 4.565e+11 1.59151e+12 3.23189e+12 5.1099e+12 6.90923e+12 8.31944e+12 9.0931e+12 9.0931e+12 8.31944e+12 6.90923e+12 5.1099e+12 3.23189e+12 1.59151e+12 4.565e+11 5.21222e+09 1.04339e+08 2.47771e+06 58950.3 1403.43 31.9485
64.1764 2845.52 120546 5.10145e+06 2.15871e+08 1.07847e+10 9.29016e+11 3.23513e+12 6.56643e+12 1.03792e+13 1.40315e+13 1.68935e+13 1.84635e+13 1.84635e+13 1.68935e+13 1.40315e+13 1.03792e+13 6.56643e+12 3.23513e+12 9.29016e+11 1.07847e+10 2.15871e+08 5.10145e+06 120546 2845.52 64.1764
101.966 4531.05 192306 8.14947e+06 3.45179e+08 1.72316e+10 1.47039e+12 5.11696e+12 1.03832e+13 1.64094e+13 2.21813e+13 2.6704e+13 2.9185e+13 2.9185e+13 2.67041e+13 2.21813e+13 1.64094e+13 1.03832e+13 5.11696e+12 1.47039e+12 1.72316e+10 3.45179e+08 8.14947e+06 192306 4531.05 101.966
138.54 6160.47 261615 1.1092e+07 4.70005e+08 2.34509e+10 1.98921e+12 6.9195e+12 1.40384e+13 2.21838e+13 2.99849e+13 3.60973e+13 3.94501e+13 3.94501e+13 3.60973e+13 2.99849e+13 2.21838e+13 1.40384e+13 6.9195e+12 1.98921e+12 2.34509e+10 4.70005e+08 1.1092e+07 261615 6160.47 138.54
167.335 7443.12 316173 1.34086e+07 5.68304e+08 2.83472e+10 2.39581e+12 8.33175e+12 1.69018e+13 2.6707e+13 3.60973e+13 4.34547e+13 4.74903e+13 4.74903e+13 4.34547e+13 3.60973e+13 2.6707e+13 1.69018e+13 8.33175e+12 2.39581e+12 2.83472e+10 5.68304e+08 1.34086e+07 316173 7443.12 167.335
183.166 8148.31 346173 1.46826e+07 6.22376e+08 3.10402e+10 2.61886e+12 9.1063e+12 1.84722e+13 2.91876e+13 3.94492e+13 4.74892e+13 5.18992e+13 5.18993e+13 4.74892e+13 3.94492e+13 2.91876e+13 1.84722e+13 9.1063e+12 2.61886e+12 3.10402e+10 6.22376e+08 1.46826e+07 346173 8148.31 183.166
183.166 8148.31 346173 1.46826e+07 6.22376e+08 3.10402e+10 2.61886e+12 9.1063e+12 1.84722e+13 2.91876e+13 3.94492e+13 4.74892e+13 5.18993e+13 5.18992e+13 4.74892e+13 3.94492e+13 2.91876e+13 1.84722e+13 9.1063e+12 2.61886e+12 3.10402e+10 6.22376e+08 1.46826e+07 346173 8148.31 183.166
167.335 7443.12 316173 1.34086e+07 5.68304e+08 2.83472e+10 2.39581e+12 8.33175e+12 1.69018e+13 2.6707e+13 3.60973e+13 4.34547e+13 4.74903e+13 4.74903e+13 4.34547e+13 3.60973e+13 2.6707e+13 1.69018e+13 8.33175e+12 2.39581e+12 2.83472e+10 5.68304e+08 1.34086e+07 316173 7443.12 167.335
138.54 6160.47 261615 1.1092e+07 4.70005e+08 2.34509e+10 1.98921e+12 6.9195e+12 1.40384e+13 2.21838e+13 2.99849e+13 3.60973e+13 3.94501e+13 3.94501e+13 3.60973e+13 2.99849e+13 2.21838e+13 1.40384e+13 6.9195e+12 1.98921e+12 2.34509e+10 4.70005e+08 1.1092e+07 261615 6160.47 138.54
101.966 4531.05 192306 8.14947e+06 3.45179e+08 1.72316e+10 1.47039e+12 5.11696e+12 1.03832e+13 1.64094e+13 2.21813e+13 2.67041e+13 2.9185e+13 2.9185e+13 2.6704e+13 2.21813e+13 1.64094e+13 1.03832e+13 5.11696e+12 1.47039e+12 1.72316e+10 3.45179e+08 8.14947e+06 192306 4531.05 101.966
64.1764 2845.52 120546 5.10145e+06 2.15871e+08 1.07847e+10 9.29016e+11 3.23513e+12 6.56643e+12 1.03792e+13 1.40315e+13 1.68935e+13 1.84635e+13 1.84635e+13 1.68935e+13 1.40315e+13 1.03792e+13 6.56643e+12 3.23513e+12 9.29016e+11 1.07847e+10 2.15871e+08 5.10145e+06 120546 2845.52 64.1764
31.9485 1403.43 58950.3 2.47771e+06 1.04339e+08 5.21222e+09 4.565e+11 1.59151e+12 3.23189e+12 5.1099e+12 6.90923e+12 8.31944e+12 9.0931e+12 9.0931e+12 8.31944e+12 6.90923e+12 5.1099e+12 3.23189e+12 1.59151e+12 4.565e+11 5.21222e+09 1.04339e+08 2.47771e+06 58950.3 1403.43 31.9485
10.7293 451.35 18092.4 725889 2.92999e+07 1.42925e+09 1.3018e+11 4.55101e+11 9.25256e+11 1.46392e+12 1.98028e+12 2.38512e+12 2.60726e+12 2.60726e+12 2.38512e+12 1.98028e+12 1.46392e+12 9.25256e+11 4.55101e+11 1.3018e+11 1.42925e+09 2.92999e+07 725889 18092.4 451.35 10.7293
1.83125 63.2826 1907.95 49801.1 966050 1.36757e+07 1.36651e+09 4.97626e+09 1.02957e+10 1.64554e+10 2.24046e+10 2.70932e+10 2.96739e+10 2.96739e+10 2.70932e+10 2.24046e+10 1.64554e+10 1.02957e+10 4.97626e+09 1.36651e+09 1.36757e+07 966050 49801.1 1907.95 63.2826 1.83125
0.196226 5.51291 128.067 2496.49 41485.3 936049 2.78773e+07 9.91508e+07 2.05141e+08 3.28147e+08 4.47034e+08 5.40761e+08 5.9236e+08 5.9236e+08 5.40761e+08 4.47034e+08 3.28147e+08 2.05141e+08 9.91508e+07 2.78773e+07 936049 41485.3 2496.49 128.067 5.51291 0.196226
0.015858 0.378989 7.50654 134.844 2439.98 47870.5 690729 2.35488e+06 4.84859e+06 7.74844e+06 1.05513e+07 1.27603e+07 1.39761e+07 1.39761e+07 1.27603e+07 1.05513e+07 7.74844e+06 4.84859e+06 2.35488e+06 690729 47870.5 2439.98 134.844 7.50654 0.378989 0.015858
0.00108932 0.0233814 0.426403 7.37769 123.91 1827.58 17217.2 56036.6 114588 182868 248893 300921 329551 329551 300921 248893 182868 114588 56036.6 17217.2 1827.58 123.91 7.37769 0.426403 0.0233814 0.00108932
6.76575e-05 0.0013496 0.0230604 0.368703 5.30717 60.5024 429.534 1334.26 2705.27 4309.27 5861.61 7084.87 7757.9 7757.9 7084.87 5861.61 4309.27 2705.27 1334.26 429.534 60.5024 5.30717 0.368703 0.0230604 0.0013496 6.76575e-05
3.55945e-06 6.69276e-05 0.0010647 0.0153392 0.188371 1.74884 10.211 30.378 61.0218 96.9878 131.835 159.298 174.408 174.408 159.298 131.835 96.9878 61.0218 30.378 10.211 1.74884 0.188371 0.0153392 0.0010647 6.69276e-05 3.55945e-06
