3.73248 69.5798 1087.83 15312.7 183837 1.67836e+06 9.70336e+06 2.86756e+07 5.71202e+07 8.98501e+07 1.20828e+08 1.44706e+08 1.57637e+08 1.57637e+08 1.44706e+08 1.20828e+08 8.98501e+07 5.71202e+07 2.86756e+07 9.70336e+06 1.67836e+06 183837 15312.7 1087.83 69.5798 3.73248
71.7187 1427.72 24091.3 375826 5.25242e+06 5.84837e+07 4.09885e+08 1.26426e+09 2.54089e+09 4.00337e+09 5.38395e+09 6.44652e+09 7.02139e+09 7.02139e+09 6.44652e+09 5.38395e+09 4.00337e+09 2.54089e+09 1.26426e+09 4.09885e+08 5.84837e+07 5.25242e+06 375826 24091.3 1427.72 71.7187
1159.1 25046.9 456240 7.74656e+06 1.25409e+08 1.78468e+09 1.65068e+10 5.33272e+10 1.08052e+11 1.70457e+11 2.29224e+11 2.74387e+11 2.98798e+11 2.98798e+11 2.74387e+11 2.29224e+11 1.70457e+11 1.08052e+11 5.33272e+10 1.65068e+10 1.78468e+09 1.25409e+08 7.74656e+06 456240 25046.9 1159.1
16765.9 405841 8.14145e+06 1.46414e+08 2.56438e+09 4.74907e+10 6.653e+11 2.2508e+12 4.59037e+12 7.2472e+12 9.74381e+12 1.16598e+13 1.26946e+13 1.26946e+13 1.16598e+13 9.74381e+12 7.2472e+12 4.59037e+12 2.2508e+12 6.653e+11 4.74907e+10 2.56438e+09 1.46414e+08 8.14145e+06 405841 16765.9
204539 5.82005e+06 1.37673e+08 2.74772e+09 4.6223e+10 9.60745e+11 2.69617e+13 9.51481e+13 1.94932e+14 3.07863e+14 4.13798e+14 4.94993e+14 5.38802e+14 5.38802e+14 4.94993e+14 4.13798e+14 3.07863e+14 1.94932e+14 9.51481e+13 2.69617e+13 9.60745e+11 4.6223e+10 2.74772e+09 1.37673e+08 5.82005e+06 204539
1.87736e+06 6.54277e+07 1.99728e+09 5.3187e+10 1.07747e+12 1.61047e+13 1.33905e+15 4.83698e+15 9.91154e+15 1.56438e+16 2.10191e+16 2.51391e+16 2.73623e+16 2.73623e+16 2.51391e+16 2.10191e+16 1.56438e+16 9.91154e+15 4.83698e+15 1.33905e+15 1.61047e+13 1.07747e+12 5.3187e+10 1.99728e+09 6.54277e+07 1.87736e+06
1.08418e+07 4.57931e+08 1.84401e+10 7.43156e+11 3.01142e+13 1.45496e+15 1.27353e+17 4.43905e+17 8.98675e+17 1.41318e+18 1.89871e+18 2.27368e+18 2.47722e+18 2.47722e+18 2.27368e+18 1.89871e+18 1.41318e+18 8.98675e+17 4.43905e+17 1.27353e+17 1.45496e+15 3.01142e+13 7.43156e+11 1.84401e+10 4.57931e+08 1.08418e+07
3.20018e+07 1.41067e+09 5.94935e+10 2.51066e+12 1.06117e+14 5.26079e+15 4.45851e+17 1.54993e+18 3.13386e+18 4.92432e+18 6.61311e+18 7.917e+18 8.6247e+18 8.6247e+18 7.917e+18 6.61311e+18 4.92432e+18 3.13386e+18 1.54993e+18 4.45851e+17 5.26079e+15 1.06117e+14 2.51066e+12 5.94935e+10 1.41067e+09 3.20018e+07
6.36739e+07 2.83188e+09 1.20402e+11 5.11412e+12 2.17134e+14 1.07736e+16 9.03404e+17 3.13667e+18 6.33637e+18 9.9488e+18 1.33524e+19 1.5978e+19 1.74023e+19 1.74023e+19 1.5978e+19 1.33524e+19 9.9488e+18 6.33637e+18 3.13667e+18 9.03404e+17 1.07736e+16 2.17134e+14 5.11412e+12 1.20402e+11 2.83188e+09 6.36739e+07
1.00048e+08 4.45675e+09 1.89718e+11 8.06427e+12 3.42497e+14 1.69866e+16 1.42026e+18 4.92765e+18 9.94666e+18 1.56055e+19 2.09304e+19 2.5034e+19 2.72586e+19 2.72586e+19 2.5034e+19 2.09304e+19 1.56055e+19 9.94666e+18 4.92765e+18 1.42026e+18 1.69866e+16 3.42497e+14 8.06427e+12 1.89718e+11 4.45675e+09 1.00048e+08
1.34406e+08 5.98742e+09 2.54849e+11 1.08302e+13 4.59817e+14 2.27973e+16 1.90692e+18 6.6133e+18 1.3341e+19 2.09172e+19 2.80379e+19 3.35201e+19 3.64902e+19 3.64902e+19 3.35201e+19 2.80379e+19 2.09172e+19 1.3341e+19 6.6133e+18 1.90692e+18 2.27973e+16 4.59817e+14 1.08302e+13 2.54849e+11 5.98742e+09 1.34406e+08
1.60843e+08 7.16332e+09 3.04806e+11 1.29487e+13 5.49548e+14 2.72401e+16 2.28193e+18 7.912e+18 1.5954e+19 2.5002e+19 3.34986e+19 4.00352e+19 4.35748e+19 4.35748e+19 4.00352e+19 3.34986e+19 2.5002e+19 1.5954e+19 7.912e+18 2.28193e+18 2.72401e+16 5.49548e+14 1.29487e+13 3.04806e+11 7.16332e+09 1.60843e+08
1.7514e+08 7.79868e+09 3.31773e+11 1.40911e+13 5.97892e+14 2.96333e+16 2.48517e+18 8.61579e+18 1.73694e+19 2.72131e+19 3.64525e+19 4.35577e+19 4.74043e+19 4.74043e+19 4.35577e+19 3.64525e+19 2.72131e+19 1.73694e+19 8.61579e+18 2.48517e+18 2.96333e+16 5.97892e+14 1.40911e+13 3.31773e+11 7.79868e+09 1.7514e+08
1.7514e+08 7.79868e+09 3.31773e+11 1.40911e+13 5.97892e+14 2.96333e+16 2.48517e+18 8.61579e+18 1.73694e+19 2.72131e+19 3.64525e+19 4.35577e+19 4.74043e+19 4.74043e+19 4.35577e+19 3.64525e+19 2.72131e+19 1.73694e+19 8.61579e+18 2.48517e+18 2.96333e+16 5.97892e+14 1.40911e+13 3.31773e+11 7.79868e+09 1.7514e+08
1.60843e+08 7.16332e+09 3.04806e+11 1.29487e+13 5.49548e+14 2.72401e+16 2.28193e+18 7.912e+18 1.5954e+19 2.5002e+19 3.34986e+19 4.00352e+19 4.35748e+19 4.35748e+19 4.00352e+19 3.34986e+19 2.5002e+19 1.5954e+19 7.912e+18 2.28193e+18 2.72401e+16 5.49548e+14 1.29487e+13 3.04806e+11 7.16332e+09 1.60843e+08
1.34406e+08 5.98742e+09 2.54849e+11 1.08302e+13 4.59817e+14 2.27973e+16 1.90692e+18 6.6133e+18 1.3341e+19 2.09172e+19 2.80379e+19 3.35201e+19 3.64902e+19 3.64902e+19 3.35201e+19 2.80379e+19 2.09172e+19 1.3341e+19 6.6133e+18 1.90692e+18 2.27973e+16 4.59817e+14 1.08302e+13 2.54849e+11 5.98742e+09 1.34406e+08
1.00048e+08 4.45675e+09 1.89718e+11 8.06427e+12 3.42497e+14 1.69866e+16 1.42026e+18 4.92765e+18 9.94666e+18 1.56055e+19 2.09304e+19 2.5034e+19 2.72586e+19 2.72586e+19 2.5034e+19 2.09304e+19 1.56055e+19 9.94666e+18 4.92765e+18 1.42026e+18 1.69866e+16 3.42497e+14 8.06427e+12 1.89718e+11 4.45675e+09 1.00048e+08
6.36739e+07 2.83188e+09 1.20402e+11 5.11412e+12 2.17134e+14 1.07736e+16 9.03404e+17 3.13667e+18 6.33637e+18 9.9488e+18 1.33524e+19 1.5978e+19 1.74023e+19 1.74023e+19 1.5978e+19 1.33524e+19 9.9488e+18 6.33637e+18 3.13667e+18 9.03404e+17 1.07736e+16 2.17134e+14 5.11412e+12 1.20402e+11 2.83188e+09 6.36739e+07
3.20018e+07 1.41067e+09 5.94935e+10 2.51066e+12 1.06117e+14 5.26079e+15 4.45851e+17 1.54993e+18 3.13386e+18 4.92432e+18 6.61311e+18 7.917e+18 8.6247e+18 8.6247e+18 7.917e+18 6.61311e+18 4.92432e+18 3.13386e+18 1.54993e+18 4.45851e+17 5.26079e+15 1.06117e+14 2.51066e+12 5.94935e+10 1.41067e+09 3.20018e+07
1.08418e+07 4.57931e+08 1.84401e+10 7.43156e+11 3.01142e+13 1.45496e+15 1.27353e+17 4.43905e+17 8.98675e+17 1.41318e+18 1.89871e+18 2.27368e+18 2.47722e+18 2.47722e+18 2.27368e+18 1.89871e+18 1.41318e+18 8.98675e+17 4.43905e+17 1.27353e+17 1.45496e+15 3.01142e+13 7.43156e+11 1.84401e+10 4.57931e+08 1.08418e+07
1.87736e+06 6.54277e+07 1.99728e+09 5.3187e+10 1.07747e+12 1.61047e+13 1.33905e+15 4.83698e+15 9.91154e+15 1.56438e+16 2.10191e+16 2.51391e+16 2.73623e+16 2.73623e+16 2.51391e+16 2.10191e+16 1.56438e+16 9.91154e+15 4.83698e+15 1.33905e+15 1.61047e+13 1.07747e+12 5.3187e+10 1.99728e+09 6.54277e+07 1.87736e+06
204539 5.82005e+06 1.37673e+08 2.74772e+09 4.6223e+10 9.60745e+11 2.69617e+13 9.51481e+13 1.94932e+14 3.07863e+14 4.13798e+14 4.94993e+14 5.38802e+14 5.38802e+14 4.94993e+14 4.13798e+14 3.07863e+14 1.94932e+14 9.51481e+13 2.69617e+13 9.60745e+11 4.6223e+10 2.74772e+09 1.37673e+08 5.82005e+06 204539
16765.9 405841 8.14145e+06 1.46414e+08 2.56438e+09 4.74907e+10 6.653e+11 2.2508e+12 4.59037e+12 7.2472e+12 9.74381e+12 1.16598e+13 1.26946e+13 1.26946e+13 1.16598e+13 9.74381e+12 7.2472e+12 4.59037e+12 2.2508e+12 6.653e+11 4.74907e+10 2.56438e+09 1.46414e+08 8.14145e+06 405841 16765.9
1159.1 25046.9 456240 7.74656e+06 1.25409e+08 1.78468e+09 1.65068e+10 5.33272e+10 1.08052e+11 1.70457e+11 2.29224e+11 2.74387e+11 2.98798e+11 2.98798e+11 2.74387e+11 2.29224e+11 1.70457e+11 1.08052e+11 5.33272e+10 1.65068e+10 1.78468e+09 1.25409e+08 7.74656e+06 456240 25046.9 1159.1
71.7187 1427.72 24091.3 375826 5.25242e+06 5.84837e+07 4.09885e+08 1.26426e+09 2.54089e+09 4.00337e+09 5.38395e+09 6.44652e+09 7.02139e+09 7.02139e+09 6.44652e+09 5.38395e+09 4.00337e+09 2.54089e+09 1.26426e+09 4.09885e+08 5.84837e+07 5.25242e+06 375826 24091.3 1427.72 71.7187
3.73248 69.5798 1087.83 15312.7 183837 1.67836e+06 9.70336e+06 2.86756e+07 5.71202e+07 8.98501e+07 1.20828e+08 1.44706e+08 1.57637e+08 1.57637e+08 1.44706e+08 1.20828e+08 8.98501e+07 5.71202e+07 2.86756e+07 9.70336e+06 1.67836e+06 183837 15312.7 1087.83 69.5798 3.73248
