2.25829 42.2354 663.545 9395.54 113466 1.04118e+06 6.04527e+06 1.79471e+07 3.5938e+07 5.68351e+07 7.67956e+07 9.22992e+07 1.00736e+08 1.00736e+08 9.22992e+07 7.67956e+07 5.68351e+07 3.5938e+07 1.79471e+07 6.04527e+06 1.04118e+06 113466 9395.54 663.545 42.2354 2.25829
43.4102 866.068 14672.7 230253 3.23985e+06 3.62915e+07 2.55521e+08 7.91871e+08 1.60025e+09 2.53554e+09 3.42698e+09 4.11854e+09 4.49464e+09 4.49464e+09 4.11854e+09 3.42698e+09 2.53554e+09 1.60025e+09 7.91871e+08 2.55521e+08 3.62915e+07 3.23985e+06 230253 14672.7 866.068 43.4102
702.788 15198.7 277456 4.73381e+06 7.72216e+07 1.10736e+09 1.02959e+10 3.34258e+10 6.81179e+10 1.08096e+11 1.46124e+11 1.75593e+11 1.91608e+11 1.91608e+11 1.75593e+11 1.46124e+11 1.08096e+11 6.81179e+10 3.34258e+10 1.02959e+10 1.10736e+09 7.72216e+07 4.73381e+06 277456 15198.7 702.788
10198.6 246825 4.95156e+06 8.92012e+07 1.57272e+09 2.94362e+10 4.15111e+11 1.41159e+12 2.8963e+12 4.60106e+12 6.22006e+12 7.47335e+12 8.15401e+12 8.15401e+12 7.47335e+12 6.22006e+12 4.60106e+12 2.8963e+12 1.41159e+12 4.15111e+11 2.94362e+10 1.57272e+09 8.92012e+07 4.95156e+06 246825 10198.6
124970 3.55481e+06 8.40091e+07 1.67381e+09 2.81541e+10 5.93138e+11 1.68238e+13 5.96914e+13 1.23071e+14 1.9564e+14 2.64471e+14 3.17704e+14 3.46596e+14 3.46596e+14 3.17704e+14 2.64471e+14 1.9564e+14 1.23071e+14 5.96914e+13 1.68238e+13 5.93138e+11 2.81541e+10 1.67381e+09 8.40091e+07 3.55481e+06 124970
1.15261e+06 4.01757e+07 1.22599e+09 3.25976e+10 6.57108e+11 9.75951e+12 8.34046e+14 3.02954e+15 6.24802e+15 9.92624e+15 1.34136e+16 1.61103e+16 1.75739e+16 1.75739e+16 1.61103e+16 1.34136e+16 9.92624e+15 6.24802e+15 3.02954e+15 8.34046e+14 9.75951e+12 6.57108e+11 3.25976e+10 1.22599e+09 4.01757e+07 1.15261e+06
6.68862e+06 2.82694e+08 1.139e+10 4.59199e+11 1.86097e+13 9.00632e+14 7.9379e+16 2.77727e+17 5.64831e+17 8.92373e+17 1.20389e+18 1.44598e+18 1.57792e+18 1.57792e+18 1.44598e+18 1.20389e+18 8.92373e+17 5.64831e+17 2.77727e+17 7.9379e+16 9.00632e+14 1.86097e+13 4.59199e+11 1.139e+10 2.82694e+08 6.68862e+06
1.98386e+07 8.7523e+08 3.69403e+10 1.55985e+12 6.59541e+13 3.27489e+15 2.78921e+17 9.73181e+17 1.97672e+18 3.12076e+18 4.20841e+18 5.05352e+18 5.51408e+18 5.51408e+18 5.05352e+18 4.20841e+18 3.12076e+18 1.97672e+18 9.73181e+17 2.78921e+17 3.27489e+15 6.59541e+13 1.55985e+12 3.69403e+10 8.7523e+08 1.98386e+07
3.96858e+07 1.76689e+09 7.52008e+10 3.19704e+12 1.35834e+14 6.75095e+15 5.67848e+17 1.97883e+18 4.01626e+18 6.33684e+18 8.5414e+18 1.02534e+19 1.1186e+19 1.1186e+19 1.02534e+19 8.5414e+18 6.33684e+18 4.01626e+18 1.97883e+18 5.67848e+17 6.75095e+15 1.35834e+14 3.19704e+12 7.52008e+10 1.76689e+09 3.96858e+07
6.26964e+07 2.79655e+09 1.19203e+11 5.073e+12 2.15672e+14 1.07153e+16 8.9711e+17 3.12408e+18 6.3369e+18 9.99275e+18 1.34628e+19 1.61555e+19 1.76218e+19 1.76218e+19 1.61555e+19 1.34628e+19 9.99275e+18 6.3369e+18 3.12408e+18 8.9711e+17 1.07153e+16 2.15672e+14 5.073e+12 1.19203e+11 2.79655e+09 6.26964e+07
8.46325e+07 3.77594e+09 1.60971e+11 6.85063e+12 2.91224e+14 1.44648e+16 1.20972e+18 4.21106e+18 8.53786e+18 1.34571e+19 1.81225e+19 2.17403e+19 2.37094e+19 2.37094e+19 2.17403e+19 1.81225e+19 1.34571e+19 8.53786e+18 4.21106e+18 1.20972e+18 1.44648e+16 2.91224e+14 6.85063e+12 1.60971e+11 3.77594e+09 8.46325e+07
1.01641e+08 4.53433e+09 1.93274e+11 8.22395e+12 3.49533e+14 1.73577e+16 1.45221e+18 5.05417e+18 1.02441e+19 1.61409e+19 2.17298e+19 2.60614e+19 2.84181e+19 2.84181e+19 2.60614e+19 2.17298e+19 1.61409e+19 1.02441e+19 5.05417e+18 1.45221e+18 1.73577e+16 3.49533e+14 8.22395e+12 1.93274e+11 4.53433e+09 1.01641e+08
1.10885e+08 4.94624e+09 2.10806e+11 8.96875e+12 3.81132e+14 1.89252e+16 1.58419e+18 5.51304e+18 1.11724e+19 1.76004e+19 2.36906e+19 2.84094e+19 3.09763e+19 3.09763e+19 2.84094e+19 2.36906e+19 1.76004e+19 1.11724e+19 5.51304e+18 1.58419e+18 1.89252e+16 3.81132e+14 8.96875e+12 2.10806e+11 4.94624e+09 1.10885e+08
1.10885e+08 4.94624e+09 2.10806e+11 8.96875e+12 3.81132e+14 1.89252e+16 1.58419e+18 5.51304e+18 1.11724e+19 1.76004e+19 2.36906e+19 2.84094e+19 3.09763e+19 3.09763e+19 2.84094e+19 2.36906e+19 1.76004e+19 1.11724e+19 5.51304e+18 1.58419e+18 1.89252e+16 3.81132e+14 8.96875e+12 2.10806e+11 4.94624e+09 1.10885e+08
1.01641e+08 4.53433e+09 1.93274e+11 8.22395e+12 3.49533e+14 1.73577e+16 1.45221e+18 5.05417e+18 1.02441e+19 1.61409e+19 2.17298e+19 2.60614e+19 2.84181e+19 2.84181e+19 2.60614e+19 2.17298e+19 1.61409e+19 1.02441e+19 5.05417e+18 1.45221e+18 1.73577e+16 3.49533e+14 8.22395e+12 1.93274e+11 4.53433e+09 1.01641e+08
8.46325e+07 3.77594e+09 1.60971e+11 6.85063e+12 2.91224e+14 1.44648e+16 1.20972e+18 4.21106e+18 8.53786e+18 1.34571e+19 1.81225e+19 2.17403e+19 2.37094e+19 2.37094e+19 2.17403e+19 1.81225e+19 1.34571e+19 8.53786e+18 4.21106e+18 1.20972e+18 1.44648e+16 2.91224e+14 6.85063e+12 1.60971e+11 3.77594e+09 8.46325e+07
6.26964e+07 2.79655e+09 1.19203e+11 5.073e+12 2.15672e+14 1.07153e+16 8.9711e+17 3.12408e+18 6.3369e+18 9.99275e+18 1.34628e+19 1.61555e+19 1.76218e+19 1.76218e+19 1.61555e+19 1.34628e+19 9.99275e+18 6.3369e+18 3.12408e+18 8.9711e+17 1.07153e+16 2.15672e+14 5.073e+12 1.19203e+11 2.79655e+09 6.26964e+07
3.96858e+07 1.76689e+09 7.52008e+10 3.19704e+12 1.35834e+14 6.75095e+15 5.67848e+17 1.97883e+18 4.01626e+18 6.33684e+18 8.5414e+18 1.02534e+19 1.1186e+19 1.1186e+19 1.02534e+19 8.5414e+18 6.33684e+18 4.01626e+18 1.97883e+18 5.67848e+17 6.75095e+15 1.35834e+14 3.19704e+12 7.52008e+10 1.76689e+09 3.96858e+07
1.98386e+07 8.7523e+08 3.69403e+10 1.55985e+12 6.59541e+13 3.27489e+15 2.78921e+17 9.73181e+17 1.97672e+18 3.12076e+18 4.20841e+18 5.05352e+18 5.51408e+18 5.51408e+18 5.05352e+18 4.20841e+18 3.12076e+18 1.97672e+18 9.73181e+17 2.78921e+17 3.27489e+15 6.59541e+13 1.55985e+12 3.69403e+10 8.7523e+08 1.98386e+07
6.68862e+06 2.82694e+08 1.139e+10 4.59199e+11 1.86097e+13 9.00632e+14 7.9379e+16 2.77727e+17 5.64831e+17 8.92373e+17 1.20389e+18 1.44598e+18 1.57792e+18 1.57792e+18 1.44598e+18 1.20389e+18 8.92373e+17 5.64831e+17 2.77727e+17 7.9379e+16 9.00632e+14 1.86097e+13 4.59199e+11 1.139e+10 2.82694e+08 6.68862e+06
1.15261e+06 4.01757e+07 1.22599e+09 3.25976e+10 6.57108e+11 9.75951e+12 8.34046e+14 3.02954e+15 6.24802e+15 9.92624e+15 1.34136e+16 1.61103e+16 1.75739e+16 1.75739e+16 1.61103e+16 1.34136e+16 9.92624e+15 6.24802e+15 3.02954e+15 8.34046e+14 9.75951e+12 6.57108e+11 3.25976e+10 1.22599e+09 4.01757e+07 1.15261e+06
124970 3.55481e+06 8.40091e+07 1.67381e+09 2.81541e+10 5.93138e+11 1.68238e+13 5.96914e+13 1.23071e+14 1.9564e+14 2.64471e+14 3.17704e+14 3.46596e+14 3.46596e+14 3.17704e+14 2.64471e+14 1.9564e+14 1.23071e+14 5.96914e+13 1.68238e+13 5.93138e+11 2.81541e+10 1.67381e+09 8.40091e+07 3.55481e+06 124970
10198.6 246825 4.95156e+06 8.92012e+07 1.57272e+09 2.94362e+10 4.15111e+11 1.41159e+12 2.8963e+12 4.60106e+12 6.22006e+12 7.47335e+12 8.15401e+12 8.15401e+12 7.47335e+12 6.22006e+12 4.60106e+12 2.8963e+12 1.41159e+12 4.15111e+11 2.94362e+10 1.57272e+09 8.92012e+07 4.95156e+06 246825 10198.6
702.788 15198.7 277456 4.73381e+06 7.72216e+07 1.10736e+09 1.02959e+10 3.34258e+10 6.81179e+10 1.08096e+11 1.46124e+11 1.75593e+11 1.91608e+11 1.91608e+11 1.75593e+11 1.46124e+11 1.08096e+11 6.81179e+10 3.34258e+10 1.02959e+10 1.10736e+09 7.72216e+07 4.73381e+06 277456 15198.7 702.788
43.4102 866.068 14672.7 230253 3.23985e+06 3.62915e+07 2.55521e+08 7.91871e+08 1.60025e+09 2.53554e+09 3.42698e+09 4.11854e+09 4.49464e+09 4.49464e+09 4.11854e+09 3.42698e+09 2.53554e+09 1.60025e+09 7.91871e+08 2.55521e+08 3.62915e+07 3.23985e+06 230253 14672.7 866.068 43.4102
2.25829 42.2354 663.545 9395.54 113466 1.04118e+06 6.04527e+06 1.79471e+07 3.5938e+07 5.68351e+07 7.67956e+07 9.22992e+07 1.00736e+08 1.00736e+08 9.22992e+07 7.67956e+07 5.68351e+07 3.5938e+07 1.79471e+07 6.04527e+06 1.04118e+06 113466 9395.54 663.545 42.2354 2.25829
