2.79885e-05 0.000527382 0.00841075 0.121493 1.49588 13.9238 81.5319 243.551 491.666 785.464 1072.55 1300.37 1426.26 1426.26 1300.37 1072.55 785.464 491.666 243.551 81.5319 13.9238 1.49588 0.121493 0.00841075 0.000527382 2.79885e-05
0.000532774 0.0106489 0.182395 2.92405 42.2047 482.411 3434.42 10713.5 21835.3 34969.1 47793.1 57971.1 63596.9 63596.9 57971.1 47793.1 34969.1 21835.3 10713.5 3434.42 482.411 42.2047 2.92405 0.182395 0.0106489 0.000532774
0.00859311 0.184772 3.37664 58.5682 986.47 14589.7 137808 450493 926245 1.48651e+06 2.03331e+06 2.46741e+06 2.70743e+06 2.70743e+06 2.46741e+06 2.03331e+06 1.48651e+06 926245 450493 137808 14589.7 986.469 58.5682 3.37664 0.184772 0.00859311
0.125354 3.0005 59.5237 1071.21 19434.7 382459 5.53221e+06 1.89471e+07 3.92352e+07 6.30715e+07 8.63331e+07 1.04808e+08 1.15027e+08 1.15027e+08 1.04808e+08 8.63331e+07 6.30715e+07 3.92352e+07 1.89471e+07 5.53221e+06 382459 19434.7 1071.21 59.5237 3.0005 0.125354
1.55472 43.7434 1017.45 19853.2 330331 7.47953e+06 2.23322e+08 7.98097e+08 1.6612e+09 2.6737e+09 3.6621e+09 4.44757e+09 4.88219e+09 4.88219e+09 4.44757e+09 3.6621e+09 2.6737e+09 1.6612e+09 7.98097e+08 2.23322e+08 7.47953e+06 330331 19853.2 1017.45 43.7434 1.55472
14.5462 503.392 15194.5 396888 7.69844e+06 1.08958e+08 1.09413e+10 4.0038e+10 8.33405e+10 1.34025e+11 1.83465e+11 2.22739e+11 2.44465e+11 2.44465e+11 2.22739e+11 1.83465e+11 1.34025e+11 8.33405e+10 4.0038e+10 1.09413e+10 1.08958e+08 7.69844e+06 396888 15194.5 503.392 14.5462
85.481 3600.81 144487 5.80058e+06 2.34177e+08 1.14234e+10 1.04222e+12 3.65554e+12 7.46284e+12 1.18577e+13 1.61001e+13 1.94447e+13 2.12866e+13 2.12866e+13 1.94447e+13 1.61001e+13 1.18577e+13 7.46284e+12 3.65554e+12 1.04222e+12 1.14234e+10 2.34177e+08 5.80058e+06 144487 3600.81 85.481
255.603 11245 472908 1.98926e+07 8.38047e+08 4.18664e+10 3.66693e+12 1.28232e+13 2.6143e+13 4.15028e+13 5.63185e+13 6.79929e+13 7.44198e+13 7.44198e+13 6.79929e+13 5.63185e+13 4.15028e+13 2.6143e+13 1.28232e+13 3.66693e+12 4.18664e+10 8.38047e+08 1.98926e+07 472908 11245 255.603
516.05 22921.3 972451 4.11985e+07 1.74458e+09 8.71646e+10 7.49453e+12 2.61729e+13 5.33272e+13 8.46265e+13 1.14807e+14 1.38583e+14 1.51671e+14 1.51671e+14 1.38583e+14 1.14807e+14 8.46265e+13 5.33272e+13 2.61729e+13 7.49453e+12 8.71646e+10 1.74458e+09 4.11985e+07 972451 22921.3 516.05
824.217 36699.2 1.56028e+06 6.62108e+07 2.80718e+09 1.40148e+11 1.19141e+13 4.15723e+13 8.4672e+13 1.34337e+14 1.82216e+14 2.19931e+14 2.40688e+14 2.40688e+14 2.19931e+14 1.82216e+14 1.34337e+14 8.4672e+13 4.15723e+13 1.19141e+13 1.40148e+11 2.80718e+09 6.62108e+07 1.56028e+06 36699.2 824.217
1125.06 50139.3 2.13341e+06 9.05957e+07 3.84345e+09 1.91784e+11 1.61803e+13 5.64265e+13 1.14897e+14 1.82262e+14 2.47196e+14 2.98339e+14 3.26486e+14 3.26486e+14 2.98339e+14 2.47196e+14 1.82262e+14 1.14897e+14 5.64265e+13 1.61803e+13 1.91784e+11 3.84345e+09 9.05957e+07 2.13341e+06 50139.3 1125.06
1363.58 60796.5 2.588e+06 1.09945e+08 4.66615e+09 2.32763e+11 1.95431e+13 6.81295e+13 1.38706e+14 2.20007e+14 2.98369e+14 3.60083e+14 3.94047e+14 3.94047e+14 3.60083e+14 2.98369e+14 2.20007e+14 1.38706e+14 6.81295e+13 1.95431e+13 2.32763e+11 4.66615e+09 1.09945e+08 2.588e+06 60796.5 1363.58
1495.31 66683.4 2.83918e+06 1.20639e+08 5.12105e+09 2.55417e+11 2.13946e+13 7.45711e+13 1.51809e+14 2.40779e+14 3.26528e+14 3.94058e+14 4.31222e+14 4.31222e+14 3.94058e+14 3.26528e+14 2.40779e+14 1.51809e+14 7.45711e+13 2.13946e+13 2.55417e+11 5.12105e+09 1.20639e+08 2.83918e+06 66683.4 1495.31
1495.31 66683.4 2.83918e+06 1.20639e+08 5.12105e+09 2.55417e+11 2.13946e+13 7.45711e+13 1.51809e+14 2.40779e+14 3.26528e+14 3.94058e+14 4.31222e+14 4.31222e+14 3.94058e+14 3.26528e+14 2.40779e+14 1.51809e+14 7.45711e+13 2.13946e+13 2.55417e+11 5.12105e+09 1.20639e+08 2.83918e+06 66683.4 1495.31
1363.58 60796.5 2.588e+06 1.09945e+08 4.66615e+09 2.32763e+11 1.95431e+13 6.81295e+13 1.38706e+14 2.20007e+14 2.98369e+14 3.60083e+14 3.94047e+14 3.94047e+14 3.60083e+14 2.98369e+14 2.20007e+14 1.38706e+14 6.81295e+13 1.95431e+13 2.32763e+11 4.66615e+09 1.09945e+08 2.588e+06 60796.5 1363.58
1125.06 50139.3 2.13341e+06 9.05957e+07 3.84345e+09 1.91784e+11 1.61803e+13 5.64265e+13 1.14897e+14 1.82262e+14 2.47196e+14 2.98339e+14 3.26486e+14 3.26486e+14 2.98339e+14 2.47196e+14 1.82262e+14 1.14897e+14 5.64265e+13 1.61803e+13 1.91784e+11 3.84345e+09 9.05957e+07 2.13341e+06 50139.3 1125.06
824.217 36699.2 1.56028e+06 6.62108e+07 2.80718e+09 1.40148e+11 1.19141e+13 4.15723e+13 8.4672e+13 1.34337e+14 1.82216e+14 2.19931e+14 2.40688e+14 2.40688e+14 2.19931e+14 1.82216e+14 1.34337e+14 8.4672e+13 4.15723e+13 1.19141e+13 1.40148e+11 2.80718e+09 6.62108e+07 1.56028e+06 36699.2 824.217
516.05 22921.3 972451 4.11985e+07 1.74458e+09 8.71646e+10 7.49453e+12 2.61729e+13 5.33272e+13 8.46265e+13 1.14807e+14 1.38583e+14 1.51671e+14 1.51671e+14 1.38583e+14 1.14807e+14 8.46265e+13 5.33272e+13 2.61729e+13 7.49453e+12 8.71646e+10 1.74458e+09 4.11985e+07 972451 22921.3 516.05
255.603 11245 472908 1.98926e+07 8.38047e+08 4.18664e+10 3.66693e+12 1.28232e+13 2.6143e+13 4.15028e+13 5.63185e+13 6.79929e+13 7.44198e+13 7.44198e+13 6.79929e+13 5.63185e+13 4.15028e+13 2.6143e+13 1.28232e+13 3.66693e+12 4.18664e+10 8.38047e+08 1.98926e+07 472908 11245 255.603
85.481 3600.81 144487 5.80058e+06 2.34177e+08 1.14234e+10 1.04222e+12 3.65554e+12 7.46284e+12 1.18577e+13 1.61001e+13 1.94447e+13 2.12866e+13 2.12866e+13 1.94447e+13 1.61001e+13 1.18577e+13 7.46284e+12 3.65554e+12 1.04222e+12 1.14234e+10 2.34177e+08 5.80058e+06 144487 3600.81 85.481
14.5462 503.392 15194.5 396888 7.69844e+06 1.08958e+08 1.09413e+10 4.0038e+10 8.33405e+10 1.34025e+11 1.83465e+11 2.22739e+11 2.44465e+11 2.44465e+11 2.22739e+11 1.83465e+11 1.34025e+11 8.33405e+10 4.0038e+10 1.09413e+10 1.08958e+08 7.69844e+06 396888 15194.5 503.392 14.5462
1.55472 43.7434 1017.45 19853.2 330331 7.47953e+06 2.23322e+08 7.98097e+08 1.6612e+09 2.6737e+09 3.6621e+09 4.44757e+09 4.88219e+09 4.88219e+09 4.44757e+09 3.6621e+09 2.6737e+09 1.6612e+09 7.98097e+08 2.23322e+08 7.47953e+06 330331 19853.2 1017.45 43.7434 1.55472
0.125354 3.0005 59.5237 1071.21 19434.7 382459 5.53221e+06 1.89471e+07 3.92352e+07 6.30715e+07 8.63331e+07 1.04808e+08 1.15027e+08 1.15027e+08 1.04808e+08 8.63331e+07 6.30715e+07 3.92352e+07 1.89471e+07 5.53221e+06 382459 19434.7 1071.21 59.5237 3.0005 0.125354
0.00859311 0.184772 3.37664 58.5682 986.469 14589.7 137808 450493 926245 1.48651e+06 2.03331e+06 2.46741e+06 2.70743e+06 2.70743e+06 2.46741e+06 2.03331e+06 1.48651e+06 926245 450493 137808 14589.7 986.47 58.5682 3.37664 0.184772 0.00859311
0.000532774 0.0106489 0.182395 2.92405 42.2047 482.411 3434.42 10713.5 21835.3 34969.1 47793.1 57971.1 63596.9 63596.9 57971.1 47793.1 34969.1 21835.3 10713.5 3434.42 482.411 42.2047 2.92405 0.182395 0.0106489 0.000532774
2.79885e-05 0.000527382 0.00841075 0.121493 1.49588 13.9238 81.5319 243.551 491.666 785.464 1072.55 1300.37 1426.26 1426.26 1300.37 1072.55 785.464 491.666 243.551 81.5319 13.9238 1.49588 0.121493 0.00841075 0.000527382 2.79885e-05
