2.46174e-06 4.58733e-05 0.0007194 0.0101867 0.12305 1.12778 6.52614 19.2717 38.4003 60.5267 81.6545 98.1022 107.077 107.077 98.1022 81.6545 60.5267 38.4003 19.2717 6.52614 1.12778 0.12305 0.0101867 0.0007194 4.58733e-05 2.46174e-06
4.69253e-05 0.000931163 0.0157264 0.246903 3.48236 39.0505 274.362 845.705 1700.37 2685.16 3623.84 4354.12 4752.52 4752.52 4354.12 3623.84 2685.16 1700.37 845.705 274.362 39.0505 3.48236 0.246903 0.0157264 0.000931163 4.69253e-05
0.000754386 0.0161906 0.293755 5.00621 82.0382 1182.4 10994 35496.7 71955.8 113799 153623 184589 201480 201480 184589 153623 113799 71955.8 35496.7 10994 1182.4 82.0382 5.00621 0.293755 0.0161906 0.000754386
0.0109022 0.261482 5.19503 92.972 1644.58 31146.6 441077 1.49129e+06 3.04277e+06 4.81702e+06 6.50379e+06 7.81492e+06 8.52997e+06 8.52997e+06 7.81492e+06 6.50379e+06 4.81702e+06 3.04277e+06 1.49129e+06 441077 31146.6 1644.58 92.972 5.19503 0.261482 0.0109022
0.133349 3.76051 87.9281 1730.44 28835 618858 1.78081e+07 6.27928e+07 1.28697e+08 2.03858e+08 2.75263e+08 3.30755e+08 3.61015e+08 3.61015e+08 3.30755e+08 2.75263e+08 2.03858e+08 1.28697e+08 6.27928e+07 1.78081e+07 618858 28835 1730.44 87.9281 3.76051 0.133349
1.22863 42.5254 1286.83 33861.5 671181 9.76318e+06 8.7839e+08 3.16984e+09 6.49623e+09 1.02817e+10 1.38762e+10 1.66691e+10 1.81921e+10 1.81921e+10 1.66691e+10 1.38762e+10 1.02817e+10 6.49623e+09 3.16984e+09 8.7839e+08 9.76318e+06 671181 33861.5 1286.83 42.5254 1.22863
7.1163 299.16 11987.3 480921 1.94168e+07 9.41041e+08 8.3683e+10 2.90971e+11 5.88023e+11 9.24604e+11 1.24378e+12 1.49178e+12 1.62706e+12 1.62706e+12 1.49178e+12 1.24378e+12 9.24604e+11 5.88023e+11 2.90971e+11 8.3683e+10 9.41041e+08 1.94168e+07 480921 11987.3 299.16 7.1163
21.0093 921.93 38695 1.62563e+06 6.84482e+07 3.40012e+09 2.92121e+11 1.01336e+12 2.04614e+12 3.21603e+12 4.32534e+12 5.18727e+12 5.65745e+12 5.65745e+12 5.18727e+12 4.32534e+12 3.21603e+12 2.04614e+12 1.01336e+12 2.92121e+11 3.40012e+09 6.84482e+07 1.62563e+06 38695 921.93 21.0093
41.8379 1852.51 78390.2 3.31473e+06 1.40195e+08 6.96664e+09 5.90961e+11 2.04831e+12 4.13462e+12 6.49769e+12 8.73833e+12 1.04793e+13 1.1429e+13 1.1429e+13 1.04793e+13 8.73833e+12 6.49769e+12 4.13462e+12 2.04831e+12 5.90961e+11 6.96664e+09 1.40195e+08 3.31473e+06 78390.2 1852.51 41.8379
65.8975 2923.22 123880 5.24341e+06 2.21889e+08 1.10196e+10 9.29396e+11 3.22011e+12 6.49907e+12 1.02128e+13 1.37342e+13 1.64703e+13 1.79628e+13 1.79628e+13 1.64703e+13 1.37342e+13 1.02128e+13 6.49907e+12 3.2201e+12 9.29396e+11 1.10196e+10 2.21889e+08 5.24341e+06 123880 2923.22 65.8975
88.8372 3942.26 167106 7.07399e+06 2.99371e+08 1.48617e+10 1.25005e+12 4.33029e+12 8.73919e+12 1.37326e+13 1.84673e+13 2.21461e+13 2.4153e+13 2.4153e+13 2.21461e+13 1.84673e+13 1.37326e+13 8.73919e+12 4.33029e+12 1.25005e+12 1.48617e+10 2.99371e+08 7.07399e+06 167106 3942.26 88.8372
106.672 4733.98 200671 8.49485e+06 3.59493e+08 1.78427e+10 1.49897e+12 5.19218e+12 1.04783e+13 1.64652e+13 2.21419e+13 2.65527e+13 2.89588e+13 2.89588e+13 2.65527e+13 2.21419e+13 1.64652e+13 1.04783e+13 5.19218e+12 1.49897e+12 1.78427e+10 3.59493e+08 8.49485e+06 200671 4733.98 106.672
116.395 5165.49 218961 9.26896e+06 3.92245e+08 1.94665e+10 1.63466e+12 5.66203e+12 1.14264e+13 1.7955e+13 2.41452e+13 2.8955e+13 3.15788e+13 3.15788e+13 2.8955e+13 2.41452e+13 1.7955e+13 1.14264e+13 5.66203e+12 1.63466e+12 1.94665e+10 3.92245e+08 9.26896e+06 218961 5165.49 116.395
116.395 5165.49 218961 9.26896e+06 3.92245e+08 1.94665e+10 1.63466e+12 5.66203e+12 1.14264e+13 1.7955e+13 2.41452e+13 2.8955e+13 3.15788e+13 3.15788e+13 2.8955e+13 2.41452e+13 1.7955e+13 1.14264e+13 5.66203e+12 1.63466e+12 1.94665e+10 3.92245e+08 9.26896e+06 218961 5165.49 116.395
106.672 4733.98 200671 8.49485e+06 3.59493e+08 1.78427e+10 1.49897e+12 5.19218e+12 1.04783e+13 1.64652e+13 2.21419e+13 2.65527e+13 2.89588e+13 2.89588e+13 2.65527e+13 2.21419e+13 1.64652e+13 1.04783e+13 5.19218e+12 1.49897e+12 1.78427e+10 3.59493e+08 8.49485e+06 200671 4733.98 106.672
88.8372 3942.26 167106 7.07399e+06 2.99371e+08 1.48617e+10 1.25005e+12 4.33029e+12 8.73919e+12 1.37326e+13 1.84673e+13 2.21461e+13 2.4153e+13 2.4153e+13 2.21461e+13 1.84673e+13 1.37326e+13 8.73919e+12 4.33029e+12 1.25005e+12 1.48617e+10 2.99371e+08 7.07399e+06 167106 3942.26 88.8372
65.8975 2923.22 123880 5.24341e+06 2.21889e+08 1.10196e+10 9.29396e+11 3.2201e+12 6.49907e+12 1.02128e+13 1.37342e+13 1.64703e+13 1.79628e+13 1.79628e+13 1.64703e+13 1.37342e+13 1.02128e+13 6.49907e+12 3.22011e+12 9.29396e+11 1.10196e+10 2.21889e+08 5.24341e+06 123880 2923.22 65.8975
41.8379 1852.51 78390.2 3.31473e+06 1.40195e+08 6.96664e+09 5.90961e+11 2.04831e+12 4.13462e+12 6.49769e+12 8.73833e+12 1.04793e+13 1.1429e+13 1.1429e+13 1.04793e+13 8.73833e+12 6.49769e+12 4.13462e+12 2.04831e+12 5.90961e+11 6.96664e+09 1.40195e+08 3.31473e+06 78390.2 1852.51 41.8379
21.0093 921.93 38695 1.62563e+06 6.84482e+07 3.40012e+09 2.92121e+11 1.01336e+12 2.04614e+12 3.21603e+12 4.32534e+12 5.18727e+12 5.65745e+12 5.65745e+12 5.18727e+12 4.32534e+12 3.21603e+12 2.04614e+12 1.01336e+12 2.92121e+11 3.40012e+09 6.84482e+07 1.62563e+06 38695 921.93 21.0093
7.1163 299.16 11987.3 480921 1.94168e+07 9.41041e+08 8.3683e+10 2.90971e+11 5.88023e+11 9.24604e+11 1.24378e+12 1.49178e+12 1.62706e+12 1.62706e+12 1.49178e+12 1.24378e+12 9.24604e+11 5.88023e+11 2.90971e+11 8.3683e+10 9.41041e+08 1.94168e+07 480921 11987.3 299.16 7.1163
1.22863 42.5254 1286.83 33861.5 671181 9.76318e+06 8.7839e+08 3.16984e+09 6.49623e+09 1.02817e+10 1.38762e+10 1.66691e+10 1.81921e+10 1.81921e+10 1.66691e+10 1.38762e+10 1.02817e+10 6.49623e+09 3.16984e+09 8.7839e+08 9.76318e+06 671181 33861.5 1286.83 42.5254 1.22863
0.133349 3.76051 87.9281 1730.44 28835 618858 1.78081e+07 6.27928e+07 1.28697e+08 2.03858e+08 2.75263e+08 3.30755e+08 3.61015e+08 3.61015e+08 3.30755e+08 2.75263e+08 2.03858e+08 1.28697e+08 6.27928e+07 1.78081e+07 618858 28835 1730.44 87.9281 3.76051 0.133349
0.0109022 0.261482 5.19503 92.972 1644.58 31146.6 441077 1.49129e+06 3.04277e+06 4.81702e+06 6.50379e+06 7.81492e+06 8.52997e+06 8.52997e+06 7.81492e+06 6.50379e+06 4.81702e+06 3.04277e+06 1.49129e+06 441077 31146.6 1644.58 92.972 5.19503 0.261482 0.0109022
0.000754386 0.0161906 0.293755 5.00621 82.0382 1182.4 10994 35496.7 71955.8 113799 153623 184589 201480 201480 184589 153623 113799 71955.8 35496.7 10994 1182.4 82.0382 5.00621 0.293755 0.0161906 0.000754386
4.69253e-05 0.000931163 0.0157264 0.246903 3.48236 39.0505 274.362 845.705 1700.37 2685.16 3623.84 4354.12 4752.52 4752.52 4354.12 3623.84 2685.16 1700.37 845.705 274.362 39.0505 3.48236 0.246903 0.0157264 0.000931163 4.69253e-05
2.46174e-06 4.58733e-05 0.0007194 0.0101867 0.12305 1.12778 6.52614 19.2717 38.4003 60.5267 81.6545 98.1022 107.077 107.077 98.1022 81.6545 60.5267 38.4003 19.2717 6.52614 1.12778 0.12305 0.0101867 0.0007194 4.58734e-05 2.46173e-06
