16.372 302.689 4672.82 64755.1 764974 6.88316e+06 3.9271e+07 1.14188e+08 2.22988e+08 3.43392e+08 4.52831e+08 5.34256e+08 5.77293e+08 5.77293e+08 5.34257e+08 4.52831e+08 3.43392e+08 2.22988e+08 1.14188e+08 3.9271e+07 6.88316e+06 764974 64755.1 4672.82 302.689 16.372
314.26 6222.21 103926 1.59633e+06 2.19061e+07 2.39861e+08 1.65788e+09 5.02921e+09 9.90131e+09 1.52586e+10 2.01057e+10 2.37005e+10 2.55965e+10 2.55965e+10 2.37005e+10 2.01057e+10 1.52586e+10 9.90131e+09 5.02921e+09 1.65788e+09 2.39861e+08 2.19061e+07 1.59633e+06 103926 6222.21 314.26
5056.32 109065 1.97599e+06 3.31373e+07 5.25789e+08 7.32766e+09 6.67466e+10 2.11962e+11 4.20335e+11 6.47918e+11 8.52881e+11 1.00438e+12 1.08412e+12 1.08412e+12 1.00438e+12 8.52881e+11 6.47918e+11 4.20335e+11 2.11962e+11 6.67466e+10 7.32766e+09 5.25789e+08 3.31373e+07 1.97599e+06 109065 5056.32
72511 1.75672e+06 3.52505e+07 6.31281e+08 1.08693e+10 1.95691e+11 2.69079e+12 8.94272e+12 1.78324e+13 2.74791e+13 3.61295e+13 4.25028e+13 4.58499e+13 4.58499e+13 4.25028e+13 3.61295e+13 2.74791e+13 1.78324e+13 8.94272e+12 2.69079e+12 1.95691e+11 1.08693e+10 6.31281e+08 3.52505e+07 1.75672e+06 72511
874181 2.49075e+07 5.90902e+08 1.18489e+10 1.99406e+11 4.00301e+12 1.09142e+14 3.78088e+14 7.56562e+14 1.16491e+15 1.52963e+15 1.79747e+15 1.93782e+15 1.93782e+15 1.79747e+15 1.52963e+15 1.16491e+15 7.56562e+14 3.78088e+14 1.09142e+14 4.00301e+12 1.99406e+11 1.18489e+10 5.90902e+08 2.49075e+07 874181
7.91586e+06 2.75968e+08 8.43814e+09 2.25734e+11 4.63266e+12 7.03544e+13 5.45275e+15 1.93308e+16 3.86924e+16 5.95556e+16 7.8203e+16 9.19148e+16 9.9108e+16 9.9108e+16 9.19148e+16 7.8203e+16 5.95556e+16 3.86924e+16 1.93308e+16 5.45275e+15 7.03544e+13 4.63266e+12 2.25734e+11 8.43814e+09 2.75968e+08 7.91586e+06
4.50596e+07 1.90184e+09 7.65517e+10 3.08538e+12 1.25116e+14 6.0245e+15 5.17728e+17 1.78259e+18 3.55229e+18 5.49307e+18 7.26914e+18 8.606e+18 9.31946e+18 9.31946e+18 8.606e+18 7.26914e+18 5.49307e+18 3.55229e+18 1.78259e+18 5.17728e+17 6.0245e+15 1.25116e+14 3.08538e+12 7.65517e+10 1.90184e+09 4.50596e+07
1.30809e+08 5.75929e+09 2.42647e+11 1.02338e+13 4.32524e+14 2.13759e+16 1.79037e+18 6.15019e+18 1.22407e+19 1.89122e+19 2.50124e+19 2.96014e+19 3.20497e+19 3.20497e+19 2.96014e+19 2.50124e+19 1.89122e+19 1.22407e+19 6.15019e+18 1.79037e+18 2.13759e+16 4.32524e+14 1.02338e+13 2.42647e+11 5.75929e+09 1.30809e+08
2.55154e+08 1.13254e+10 4.80607e+11 2.03818e+13 8.64405e+14 4.27484e+16 3.56789e+18 1.22413e+19 2.4329e+19 3.75341e+19 4.9576e+19 5.86145e+19 6.34295e+19 6.34295e+19 5.86145e+19 4.9576e+19 3.75341e+19 2.4329e+19 1.22413e+19 3.56789e+18 4.27484e+16 8.64405e+14 2.03818e+13 4.80607e+11 1.13254e+10 2.55154e+08
3.92559e+08 1.74365e+10 7.40093e+11 3.13757e+13 1.32957e+15 6.57107e+16 5.50978e+18 1.88885e+19 3.74855e+19 5.77365e+19 7.61442e+19 8.99227e+19 9.72491e+19 9.72491e+19 8.99227e+19 7.61442e+19 5.77365e+19 3.74855e+19 1.88885e+19 5.50978e+18 6.57107e+16 1.32957e+15 3.13757e+13 7.40093e+11 1.74365e+10 3.92559e+08
5.17272e+08 2.29573e+10 9.73422e+11 4.12181e+13 1.74432e+15 8.61663e+16 7.2787e+18 2.49389e+19 4.94291e+19 7.60176e+19 1.00111e+20 1.18098e+20 1.27645e+20 1.27645e+20 1.18098e+20 1.00111e+20 7.60176e+19 4.94291e+19 2.49389e+19 7.2787e+18 8.61663e+16 1.74432e+15 4.12181e+13 9.73422e+11 2.29573e+10 5.17272e+08
6.09947e+08 2.70464e+10 1.14566e+12 4.84594e+13 2.04846e+15 1.01162e+17 8.60447e+18 2.94714e+19 5.83565e+19 8.9644e+19 1.17928e+20 1.39e+20 1.50168e+20 1.50168e+20 1.39e+20 1.17928e+20 8.9644e+19 5.83565e+19 2.94714e+19 8.60447e+18 1.01162e+17 2.04846e+15 4.84594e+13 1.14566e+12 2.70464e+10 6.09947e+08
6.58887e+08 2.92014e+10 1.23623e+12 5.22588e+13 2.20768e+15 1.09011e+17 9.30986e+18 3.18824e+19 6.30982e+19 9.68681e+19 1.27357e+20 1.50045e+20 1.62061e+20 1.62061e+20 1.50045e+20 1.27357e+20 9.68681e+19 6.30982e+19 3.18824e+19 9.30986e+18 1.09011e+17 2.20768e+15 5.22588e+13 1.23623e+12 2.92014e+10 6.58887e+08
6.58887e+08 2.92014e+10 1.23623e+12 5.22588e+13 2.20768e+15 1.09011e+17 9.30986e+18 3.18824e+19 6.30982e+19 9.68681e+19 1.27357e+20 1.50045e+20 1.62061e+20 1.62061e+20 1.50045e+20 1.27357e+20 9.68681e+19 6.30982e+19 3.18824e+19 9.30986e+18 1.09011e+17 2.20768e+15 5.22588e+13 1.23623e+12 2.92014e+10 6.58887e+08
6.09947e+08 2.70464e+10 1.14566e+12 4.84594e+13 2.04846e+15 1.01162e+17 8.60447e+18 2.94714e+19 5.83565e+19 8.9644e+19 1.17928e+20 1.39e+20 1.50168e+20 1.50168e+20 1.39e+20 1.17928e+20 8.9644e+19 5.83565e+19 2.94714e+19 8.60447e+18 1.01162e+17 2.04846e+15 4.84594e+13 1.14566e+12 2.70464e+10 6.09947e+08
5.17272e+08 2.29573e+10 9.73422e+11 4.12181e+13 1.74432e+15 8.61663e+16 7.2787e+18 2.49389e+19 4.94291e+19 7.60176e+19 1.00111e+20 1.18098e+20 1.27645e+20 1.27645e+20 1.18098e+20 1.00111e+20 7.60176e+19 4.94291e+19 2.49389e+19 7.2787e+18 8.61663e+16 1.74432e+15 4.12181e+13 9.73422e+11 2.29573e+10 5.17272e+08
3.92559e+08 1.74365e+10 7.40093e+11 3.13757e+13 1.32957e+15 6.57107e+16 5.50978e+18 1.88885e+19 3.74855e+19 5.77365e+19 7.61442e+19 8.99227e+19 9.72491e+19 9.72491e+19 8.99227e+19 7.61442e+19 5.77365e+19 3.74855e+19 1.88885e+19 5.50978e+18 6.57107e+16 1.32957e+15 3.13757e+13 7.40093e+11 1.74365e+10 3.92559e+08
2.55154e+08 1.13254e+10 4.80607e+11 2.03818e+13 8.64405e+14 4.27484e+16 3.56789e+18 1.22413e+19 2.4329e+19 3.75341e+19 4.9576e+19 5.86145e+19 6.34295e+19 6.34295e+19 5.86145e+19 4.9576e+19 3.75341e+19 2.4329e+19 1.22413e+19 3.56789e+18 4.27484e+16 8.64405e+14 2.03818e+13 4.80607e+11 1.13254e+10 2.55154e+08
1.30809e+08 5.75929e+09 2.42647e+11 1.02338e+13 4.32524e+14 2.13759e+16 1.79037e+18 6.15019e+18 1.22407e+19 1.89122e+19 2.50124e+19 2.96014e+19 3.20497e+19 3.20497e+19 2.96014e+19 2.50124e+19 1.89122e+19 1.22407e+19 6.15019e+18 1.79037e+18 2.13759e+16 4.32524e+14 1.02338e+13 2.42647e+11 5.75929e+09 1.30809e+08
4.50596e+07 1.90184e+09 7.65517e+10 3.08538e+12 1.25116e+14 6.0245e+15 5.17728e+17 1.78259e+18 3.55229e+18 5.49307e+18 7.26914e+18 8.606e+18 9.31946e+18 9.31946e+18 8.606e+18 7.26914e+18 5.49307e+18 3.55229e+18 1.78259e+18 5.17728e+17 6.0245e+15 1.25116e+14 3.08538e+12 7.65517e+10 1.90184e+09 4.50596e+07
7.91586e+06 2.75968e+08 8.43814e+09 2.25734e+11 4.63266e+12 7.03544e+13 5.45275e+15 1.93308e+16 3.86924e+16 5.95556e+16 7.8203e+16 9.19148e+16 9.9108e+16 9.9108e+16 9.19148e+16 7.8203e+16 5.95556e+16 3.86924e+16 1.93308e+16 5.45275e+15 7.03544e+13 4.63266e+12 2.25734e+11 8.43814e+09 2.75968e+08 7.91586e+06
874181 2.49075e+07 5.90902e+08 1.18489e+10 1.99406e+11 4.00301e+12 1.09142e+14 3.78088e+14 7.56562e+14 1.16491e+15 1.52963e+15 1.79747e+15 1.93782e+15 1.93782e+15 1.79747e+15 1.52963e+15 1.16491e+15 7.56562e+14 3.78088e+14 1.09142e+14 4.00301e+12 1.99406e+11 1.18489e+10 5.90902e+08 2.49075e+07 874181
72511 1.75672e+06 3.52505e+07 6.31281e+08 1.08693e+10 1.95691e+11 2.69079e+12 8.94272e+12 1.78324e+13 2.74791e+13 3.61295e+13 4.25028e+13 4.58499e+13 4.58499e+13 4.25028e+13 3.61295e+13 2.74791e+13 1.78324e+13 8.94272e+12 2.69079e+12 1.95691e+11 1.08693e+10 6.31281e+08 3.52505e+07 1.75672e+06 72511
5056.32 109065 1.97599e+06 3.31373e+07 5.25789e+08 7.32766e+09 6.67466e+10 2.11962e+11 4.20335e+11 6.47918e+11 8.52881e+11 1.00438e+12 1.08412e+12 1.08412e+12 1.00438e+12 8.52881e+11 6.47918e+11 4.20335e+11 2.11962e+11 6.67466e+10 7.32766e+09 5.25789e+08 3.31373e+07 1.97599e+06 109065 5056.32
314.26 6222.21 103926 1.59633e+06 2.19061e+07 2.39861e+08 1.65788e+09 5.02921e+09 9.90131e+09 1.52586e+10 2.01057e+10 2.37005e+10 2.55965e+10 2.55965e+10 2.37005e+10 2.01057e+10 1.52586e+10 9.90131e+09 5.02921e+09 1.65788e+09 2.39861e+08 2.19061e+07 1.59633e+06 103926 6222.21 314.26
16.372 302.689 4672.82 64755.1 764974 6.88316e+06 3.9271e+07 1.14188e+08 2.22988e+08 3.43392e+08 4.52831e+08 5.34256e+08 5.77293e+08 5.77293e+08 5.34256e+08 4.52831e+08 3.43392e+08 2.22988e+08 1.14188e+08 3.9271e+07 6.88316e+06 764974 64755.1 4672.82 302.689 16.372
