21.3655 394.635 6084.41 84188 992910 8.91903e+06 5.07889e+07 1.47258e+08 2.86523e+08 4.39507e+08 5.7748e+08 6.79429e+08 7.33055e+08 7.33055e+08 6.79429e+08 5.7748e+08 4.39507e+08 2.86523e+08 1.47258e+08 5.07889e+07 8.91903e+06 992910 84188 6084.41 394.635 21.3655
409.851 8108.74 135287 2.07503e+06 2.84271e+07 3.10724e+08 2.14367e+09 6.4838e+09 1.27167e+10 1.95168e+10 2.5619e+10 3.01117e+10 3.24694e+10 3.24694e+10 3.01117e+10 2.5619e+10 1.95168e+10 1.27167e+10 6.4838e+09 2.14367e+09 3.10724e+08 2.84271e+07 2.07503e+06 135287 8108.74 409.851
6588.29 142035 2.57136e+06 4.30703e+07 6.82245e+08 9.4905e+09 8.62912e+10 2.73199e+11 5.39614e+11 8.28187e+11 1.08583e+12 1.27481e+12 1.37374e+12 1.37374e+12 1.27481e+12 1.08583e+12 8.28187e+11 5.39614e+11 2.73199e+11 8.62912e+10 9.4905e+09 6.82245e+08 4.30703e+07 2.57136e+06 142035 6588.29
94367.6 2.28546e+06 4.58416e+07 8.20412e+08 1.41063e+10 2.53439e+11 3.47853e+12 1.15243e+13 2.28841e+13 3.51033e+13 4.59603e+13 5.38946e+13 5.8038e+13 5.8038e+13 5.38946e+13 4.59603e+13 3.51033e+13 2.28841e+13 1.15243e+13 3.47853e+12 2.53439e+11 1.41063e+10 8.20412e+08 4.58416e+07 2.28546e+06 94367.6
1.13606e+06 3.23603e+07 7.67548e+08 1.53893e+10 2.58906e+11 5.18618e+12 1.41107e+14 4.87205e+14 9.70606e+14 1.48734e+15 1.9444e+15 2.2772e+15 2.45055e+15 2.45055e+15 2.2772e+15 1.9444e+15 1.48734e+15 9.70606e+14 4.87205e+14 1.41107e+14 5.18618e+12 2.58906e+11 1.53893e+10 7.67548e+08 3.23603e+07 1.13606e+06
1.02705e+07 3.57965e+08 1.09432e+10 2.92745e+11 6.01048e+12 9.134e+13 7.053e+15 2.49208e+16 4.96611e+16 7.60755e+16 9.94609e+16 1.16514e+17 1.25409e+17 1.25409e+17 1.16514e+17 9.94609e+16 7.60755e+16 4.96611e+16 2.49208e+16 7.053e+15 9.134e+13 6.01048e+12 2.92745e+11 1.09432e+10 3.57965e+08 1.02705e+07
5.83477e+07 2.46215e+09 9.90888e+10 3.99348e+12 1.61953e+14 7.79843e+15 6.69435e+17 2.29961e+18 4.56842e+18 7.04105e+18 9.2899e+18 1.09739e+19 1.18695e+19 1.18695e+19 1.09739e+19 9.2899e+18 7.04105e+18 4.56842e+18 2.29961e+18 6.69435e+17 7.79843e+15 1.61953e+14 3.99348e+12 9.90888e+10 2.46215e+09 5.83477e+07
1.68899e+08 7.43404e+09 3.13124e+11 1.32037e+13 5.58005e+14 2.75765e+16 2.30935e+18 7.91458e+18 1.57021e+19 2.41773e+19 3.18767e+19 3.76376e+19 4.07e+19 4.07e+19 3.76376e+19 3.18767e+19 2.41773e+19 1.57021e+19 7.91458e+18 2.30935e+18 2.75765e+16 5.58005e+14 1.32037e+13 3.13124e+11 7.43404e+09 1.68899e+08
3.28255e+08 1.45633e+10 6.1773e+11 2.61867e+13 1.11026e+15 5.49007e+16 4.58694e+18 1.56997e+19 3.10962e+19 4.77973e+19 6.29204e+19 7.42043e+19 8.01916e+19 8.01916e+19 7.42043e+19 6.29204e+19 4.77973e+19 3.10962e+19 1.56997e+19 4.58694e+18 5.49007e+16 1.11026e+15 2.61867e+13 6.1773e+11 1.45633e+10 3.28255e+08
5.03054e+08 2.23296e+10 9.47152e+11 4.01291e+13 1.69959e+15 8.39821e+16 7.05849e+18 2.41365e+19 4.77246e+19 7.3213e+19 9.62023e+19 1.13297e+20 1.22347e+20 1.22347e+20 1.13297e+20 9.62023e+19 7.3213e+19 4.77246e+19 2.41365e+19 7.05849e+18 8.39821e+16 1.69959e+15 4.01291e+13 9.47152e+11 2.23296e+10 5.03054e+08
6.60478e+08 2.92886e+10 1.24081e+12 5.24974e+13 2.22e+15 1.09638e+17 9.29491e+18 3.17627e+19 6.27067e+19 9.60224e+19 1.25958e+20 1.48146e+20 1.59866e+20 1.59866e+20 1.48146e+20 1.25958e+20 9.60224e+19 6.27067e+19 3.17627e+19 9.29491e+18 1.09638e+17 2.22e+15 5.24974e+13 1.24081e+12 2.92886e+10 6.60478e+08
7.76658e+08 3.44056e+10 1.45593e+12 6.15237e+13 2.59837e+15 1.28285e+17 1.09617e+19 3.74423e+19 7.38339e+19 1.12905e+20 1.4791e+20 1.73789e+20 1.87435e+20 1.87435e+20 1.73789e+20 1.4791e+20 1.12905e+20 7.38339e+19 3.74423e+19 1.09617e+19 1.28285e+17 2.59837e+15 6.15237e+13 1.45593e+12 3.44056e+10 7.76658e+08
8.3772e+08 3.70887e+10 1.56845e+12 6.62332e+13 2.79529e+15 1.37989e+17 1.18452e+19 4.04517e+19 7.97189e+19 1.21813e+20 1.59467e+20 1.87266e+20 2.01909e+20 2.01909e+20 1.87266e+20 1.59467e+20 1.21813e+20 7.97189e+19 4.04517e+19 1.18452e+19 1.37989e+17 2.79529e+15 6.62332e+13 1.56845e+12 3.70887e+10 8.3772e+08
8.3772e+08 3.70887e+10 1.56845e+12 6.62332e+13 2.79529e+15 1.37989e+17 1.18452e+19 4.04517e+19 7.97189e+19 1.21813e+20 1.59467e+20 1.87266e+20 2.01909e+20 2.01909e+20 1.87266e+20 1.59467e+20 1.21813e+20 7.97189e+19 4.04517e+19 1.18452e+19 1.37989e+17 2.79529e+15 6.62332e+13 1.56845e+12 3.70887e+10 8.3772e+08
7.76658e+08 3.44056e+10 1.45593e+12 6.15237e+13 2.59837e+15 1.28285e+17 1.09617e+19 3.74423e+19 7.38339e+19 1.12905e+20 1.4791e+20 1.73789e+20 1.87435e+20 1.87435e+20 1.73789e+20 1.4791e+20 1.12905e+20 7.38339e+19 3.74423e+19 1.09617e+19 1.28285e+17 2.59837e+15 6.15237e+13 1.45593e+12 3.44056e+10 7.76658e+08
6.60478e+08 2.92886e+10 1.24081e+12 5.24974e+13 2.22e+15 1.09638e+17 9.29491e+18 3.17627e+19 6.27067e+19 9.60224e+19 1.25958e+20 1.48146e+20 1.59866e+20 1.59866e+20 1.48146e+20 1.25958e+20 9.60224e+19 6.27067e+19 3.17627e+19 9.29491e+18 1.09638e+17 2.22e+15 5.24974e+13 1.24081e+12 2.92886e+10 6.60478e+08
5.03054e+08 2.23296e+10 9.47152e+11 4.01291e+13 1.69959e+15 8.39821e+16 7.05849e+18 2.41365e+19 4.77246e+19 7.3213e+19 9.62023e+19 1.13297e+20 1.22347e+20 1.22347e+20 1.13297e+20 9.62023e+19 7.3213e+19 4.77246e+19 2.41365e+19 7.05849e+18 8.39821e+16 1.69959e+15 4.01291e+13 9.47152e+11 2.23296e+10 5.03054e+08
3.28255e+08 1.45633e+10 6.1773e+11 2.61867e+13 1.11026e+15 5.49007e+16 4.58694e+18 1.56997e+19 3.10962e+19 4.77973e+19 6.29204e+19 7.42043e+19 8.01916e+19 8.01916e+19 7.42043e+19 6.29204e+19 4.77973e+19 3.10962e+19 1.56997e+19 4.58694e+18 5.49007e+16 1.11026e+15 2.61867e+13 6.1773e+11 1.45633e+10 3.28255e+08
1.68899e+08 7.43404e+09 3.13124e+11 1.32037e+13 5.58005e+14 2.75765e+16 2.30935e+18 7.91458e+18 1.57021e+19 2.41773e+19 3.18767e+19 3.76376e+19 4.07e+19 4.07e+19 3.76376e+19 3.18767e+19 2.41773e+19 1.57021e+19 7.91458e+18 2.30935e+18 2.75765e+16 5.58005e+14 1.32037e+13 3.13124e+11 7.43404e+09 1.68899e+08
5.83477e+07 2.46215e+09 9.90888e+10 3.99348e+12 1.61953e+14 7.79843e+15 6.69435e+17 2.29961e+18 4.56842e+18 7.04105e+18 9.2899e+18 1.09739e+19 1.18695e+19 1.18695e+19 1.09739e+19 9.2899e+18 7.04105e+18 4.56842e+18 2.29961e+18 6.69435e+17 7.79843e+15 1.61953e+14 3.99348e+12 9.90888e+10 2.46215e+09 5.83477e+07
1.02705e+07 3.57965e+08 1.09432e+10 2.92745e+11 6.01048e+12 9.134e+13 7.053e+15 2.49208e+16 4.96611e+16 7.60755e+16 9.94609e+16 1.16514e+17 1.25409e+17 1.25409e+17 1.16514e+17 9.94609e+16 7.60755e+16 4.96611e+16 2.49208e+16 7.053e+15 9.134e+13 6.01048e+12 2.92745e+11 1.09432e+10 3.57965e+08 1.02705e+07
1.13606e+06 3.23603e+07 7.67548e+08 1.53893e+10 2.58906e+11 5.18618e+12 1.41107e+14 4.87205e+14 9.70606e+14 1.48734e+15 1.9444e+15 2.2772e+15 2.45055e+15 2.45055e+15 2.2772e+15 1.9444e+15 1.48734e+15 9.70606e+14 4.87205e+14 1.41107e+14 5.18618e+12 2.58906e+11 1.53893e+10 7.67548e+08 3.23603e+07 1.13606e+06
94367.6 2.28546e+06 4.58416e+07 8.20412e+08 1.41063e+10 2.53439e+11 3.47853e+12 1.15243e+13 2.28841e+13 3.51033e+13 4.59603e+13 5.38946e+13 5.8038e+13 5.8038e+13 5.38946e+13 4.59603e+13 3.51033e+13 2.28841e+13 1.15243e+13 3.47853e+12 2.53439e+11 1.41063e+10 8.20412e+08 4.58416e+07 2.28546e+06 94367.6
6588.29 142035 2.57136e+06 4.30703e+07 6.82245e+08 9.4905e+09 8.62912e+10 2.73199e+11 5.39614e+11 8.28187e+11 1.08583e+12 1.27481e+12 1.37374e+12 1.37374e+12 1.27481e+12 1.08583e+12 8.28187e+11 5.39614e+11 2.73199e+11 8.62912e+10 9.4905e+09 6.82245e+08 4.30703e+07 2.57136e+06 142035 6588.29
409.851 8108.74 135287 2.07503e+06 2.84271e+07 3.10724e+08 2.14367e+09 6.4838e+09 1.27167e+10 1.95168e+10 2.5619e+10 3.01117e+10 3.24694e+10 3.24694e+10 3.01117e+10 2.5619e+10 1.95168e+10 1.27167e+10 6.4838e+09 2.14367e+09 3.10724e+08 2.84271e+07 2.07503e+06 135287 8108.74 409.851
21.3655 394.635 6084.41 84188 992910 8.91903e+06 5.07889e+07 1.47258e+08 2.86523e+08 4.39507e+08 5.7748e+08 6.79429e+08 7.33055e+08 7.33055e+08 6.79429e+08 5.7748e+08 4.39507e+08 2.86523e+08 1.47258e+08 5.07889e+07 8.91903e+06 992910 84188 6084.41 394.635 21.3655
