11.4132 211.487 3276.25 45596.7 540966 4.88463e+06 2.7935e+07 8.1349e+07 1.59058e+08 2.45193e+08 3.23577e+08 3.81938e+08 4.12793e+08 4.12793e+08 3.81938e+08 3.23577e+08 2.45193e+08 1.59058e+08 8.1349e+07 2.7935e+07 4.88463e+06 540966 45596.7 3276.25 211.487 11.4132
219.121 4344.89 72774.3 1.12265e+06 1.54837e+07 1.70279e+08 1.18026e+09 3.58612e+09 7.06983e+09 1.09074e+10 1.43841e+10 1.69647e+10 1.83263e+10 1.83263e+10 1.69647e+10 1.43841e+10 1.09074e+10 7.06983e+09 3.58612e+09 1.18026e+09 1.70279e+08 1.54837e+07 1.12265e+06 72774.3 4344.89 219.121
3529.66 76170.5 1.38203e+06 2.32564e+07 3.7111e+08 5.20215e+09 4.75542e+10 1.51276e+11 3.00437e+11 4.63679e+11 6.1092e+11 7.19857e+11 7.77219e+11 7.77219e+11 7.19857e+11 6.1092e+11 4.63679e+11 3.00437e+11 1.51276e+11 4.75542e+10 5.20215e+09 3.7111e+08 2.32564e+07 1.38203e+06 76170.6 3529.66
50733 1.22884e+06 2.46549e+07 4.42004e+08 7.64712e+09 1.38819e+11 1.91832e+12 6.38734e+12 1.27575e+13 1.96857e+13 2.59088e+13 3.04986e+13 3.29103e+13 3.29103e+13 3.04986e+13 2.59088e+13 1.96856e+13 1.27575e+13 6.38734e+12 1.91832e+12 1.38819e+11 7.64712e+09 4.42004e+08 2.46549e+07 1.22884e+06 50733
613516 1.74766e+07 4.14299e+08 8.29568e+09 1.39553e+11 2.8305e+12 7.78472e+13 2.70216e+14 5.41662e+14 8.35266e+14 1.09799e+15 1.29115e+15 1.39242e+15 1.39242e+15 1.29115e+15 1.09799e+15 8.35266e+14 5.41662e+14 2.70216e+14 7.78472e+13 2.8305e+12 1.39553e+11 8.29568e+09 4.14299e+08 1.74766e+07 613516
5.57362e+06 1.94364e+08 5.94214e+09 1.58785e+11 3.24614e+12 4.9043e+13 3.88537e+15 1.38044e+16 2.76831e+16 4.26781e+16 5.61074e+16 6.59947e+16 7.1185e+16 7.1185e+16 6.59947e+16 5.61074e+16 4.26781e+16 2.76831e+16 1.38044e+16 3.88537e+15 4.9043e+13 3.24614e+12 1.58785e+11 5.94214e+09 1.94364e+08 5.57362e+06
3.18153e+07 1.34397e+09 5.41411e+10 2.18367e+12 8.85984e+13 4.27426e+15 3.69315e+17 1.27369e+18 2.54249e+18 3.93773e+18 5.21755e+18 6.18255e+18 6.6981e+18 6.6981e+18 6.18255e+18 5.21755e+18 3.93773e+18 2.54249e+18 1.27369e+18 3.69315e+17 4.27426e+15 8.85984e+13 2.18367e+12 5.41411e+10 1.34397e+09 3.18153e+07
9.25122e+07 4.07709e+09 1.71938e+11 7.25773e+12 3.06954e+14 1.51985e+16 1.27907e+18 4.40138e+18 8.77629e+18 1.35835e+19 1.79912e+19 2.1314e+19 2.30891e+19 2.30891e+19 2.1314e+19 1.79912e+19 1.35835e+19 8.77629e+18 4.40138e+18 1.27907e+18 1.51985e+16 3.06954e+14 7.25773e+12 1.71938e+11 4.07709e+09 9.25122e+07
1.80677e+08 8.02827e+09 3.41057e+11 1.44778e+13 6.14518e+14 3.04507e+16 2.55323e+18 8.77655e+18 1.74796e+19 2.70218e+19 3.57524e+19 4.23228e+19 4.58288e+19 4.58288e+19 4.23228e+19 3.57524e+19 2.70218e+19 1.74796e+19 8.77655e+18 2.55323e+18 3.04507e+16 6.14518e+14 1.44778e+13 3.41057e+11 8.02827e+09 1.80677e+08
2.7824e+08 1.23732e+10 5.25807e+11 2.23155e+13 9.46529e+14 4.68787e+16 3.94904e+18 1.35661e+19 2.69866e+19 4.1663e+19 5.50562e+19 6.51131e+19 7.04716e+19 7.04716e+19 6.51131e+19 5.50562e+19 4.1663e+19 2.69866e+19 1.35661e+19 3.94904e+18 4.68787e+16 9.46529e+14 2.23155e+13 5.25807e+11 1.23732e+10 2.7824e+08
3.66875e+08 1.63028e+10 6.92141e+11 2.93422e+13 1.24302e+15 6.15396e+16 5.22347e+18 1.79377e+19 3.56461e+19 5.49643e+19 7.25494e+19 8.57258e+19 9.27362e+19 9.27362e+19 8.57258e+19 7.25494e+19 5.49643e+19 3.56461e+19 1.79377e+19 5.22347e+18 6.15396e+16 1.24302e+15 2.93422e+13 6.92141e+11 1.63028e+10 3.66875e+08
4.3277e+08 1.92149e+10 8.15006e+11 3.45158e+13 1.46062e+15 7.22985e+16 6.18026e+18 2.12195e+19 4.21356e+19 6.49103e+19 8.56018e+19 1.0108e+20 1.09306e+20 1.09306e+20 1.0108e+20 8.56018e+19 6.49103e+19 4.21356e+19 2.12195e+19 6.18026e+18 7.22985e+16 1.46062e+15 3.45158e+13 8.15006e+11 1.92149e+10 4.3277e+08
4.67574e+08 2.07499e+10 8.7963e+11 3.72311e+13 1.57457e+15 7.79329e+16 6.68986e+18 2.29674e+19 4.55881e+19 7.01939e+19 9.25256e+19 1.09215e+20 1.1808e+20 1.1808e+20 1.09215e+20 9.25256e+19 7.01939e+19 4.55881e+19 2.29674e+19 6.68986e+18 7.79329e+16 1.57457e+15 3.72311e+13 8.7963e+11 2.07499e+10 4.67574e+08
4.67574e+08 2.07499e+10 8.7963e+11 3.72311e+13 1.57457e+15 7.79329e+16 6.68986e+18 2.29674e+19 4.55881e+19 7.01939e+19 9.25256e+19 1.09215e+20 1.1808e+20 1.1808e+20 1.09215e+20 9.25256e+19 7.01939e+19 4.55881e+19 2.29674e+19 6.68986e+18 7.79329e+16 1.57457e+15 3.72311e+13 8.7963e+11 2.07499e+10 4.67574e+08
4.3277e+08 1.92149e+10 8.15006e+11 3.45158e+13 1.46062e+15 7.22985e+16 6.18026e+18 2.12195e+19 4.21356e+19 6.49103e+19 8.56018e+19 1.0108e+20 1.09306e+20 1.09306e+20 1.0108e+20 8.56018e+19 6.49103e+19 4.21356e+19 2.12195e+19 6.18026e+18 7.22985e+16 1.46062e+15 3.45158e+13 8.15006e+11 1.92149e+10 4.3277e+08
3.66875e+08 1.63028e+10 6.92141e+11 2.93422e+13 1.24302e+15 6.15396e+16 5.22347e+18 1.79377e+19 3.56461e+19 5.49643e+19 7.25494e+19 8.57258e+19 9.27362e+19 9.27362e+19 8.57258e+19 7.25494e+19 5.49643e+19 3.56461e+19 1.79377e+19 5.22347e+18 6.15396e+16 1.24302e+15 2.93422e+13 6.92141e+11 1.63028e+10 3.66875e+08
2.7824e+08 1.23732e+10 5.25807e+11 2.23155e+13 9.46529e+14 4.68787e+16 3.94904e+18 1.35661e+19 2.69866e+19 4.1663e+19 5.50562e+19 6.51131e+19 7.04716e+19 7.04716e+19 6.51131e+19 5.50562e+19 4.1663e+19 2.69866e+19 1.35661e+19 3.94904e+18 4.68787e+16 9.46529e+14 2.23155e+13 5.25807e+11 1.23732e+10 2.7824e+08
1.80677e+08 8.02827e+09 3.41057e+11 1.44778e+13 6.14518e+14 3.04507e+16 2.55323e+18 8.77655e+18 1.74796e+19 2.70218e+19 3.57524e+19 4.23228e+19 4.58288e+19 4.58288e+19 4.23228e+19 3.57524e+19 2.70218e+19 1.74796e+19 8.77655e+18 2.55323e+18 3.04507e+16 6.14518e+14 1.44778e+13 3.41057e+11 8.02827e+09 1.80677e+08
9.25122e+07 4.07709e+09 1.71938e+11 7.25773e+12 3.06954e+14 1.51985e+16 1.27907e+18 4.40138e+18 8.77629e+18 1.35835e+19 1.79912e+19 2.1314e+19 2.30891e+19 2.30891e+19 2.1314e+19 1.79912e+19 1.35835e+19 8.77629e+18 4.40138e+18 1.27907e+18 1.51985e+16 3.06954e+14 7.25773e+12 1.71938e+11 4.07709e+09 9.25122e+07
3.18153e+07 1.34397e+09 5.41411e+10 2.18367e+12 8.85984e+13 4.27426e+15 3.69315e+17 1.27369e+18 2.54249e+18 3.93773e+18 5.21755e+18 6.18255e+18 6.6981e+18 6.6981e+18 6.18255e+18 5.21755e+18 3.93773e+18 2.54249e+18 1.27369e+18 3.69315e+17 4.27426e+15 8.85984e+13 2.18367e+12 5.41411e+10 1.34397e+09 3.18153e+07
5.57362e+06 1.94364e+08 5.94214e+09 1.58785e+11 3.24614e+12 4.9043e+13 3.88537e+15 1.38044e+16 2.76831e+16 4.26781e+16 5.61074e+16 6.59947e+16 7.1185e+16 7.1185e+16 6.59947e+16 5.61074e+16 4.26781e+16 2.76831e+16 1.38044e+16 3.88537e+15 4.9043e+13 3.24614e+12 1.58785e+11 5.94214e+09 1.94364e+08 5.57362e+06
613516 1.74766e+07 4.14299e+08 8.29568e+09 1.39553e+11 2.8305e+12 7.78472e+13 2.70216e+14 5.41662e+14 8.35266e+14 1.09799e+15 1.29115e+15 1.39242e+15 1.39242e+15 1.29115e+15 1.09799e+15 8.35266e+14 5.41662e+14 2.70216e+14 7.78472e+13 2.8305e+12 1.39553e+11 8.29568e+09 4.14299e+08 1.74766e+07 613516
50733 1.22884e+06 2.46549e+07 4.42004e+08 7.64712e+09 1.38819e+11 1.91832e+12 6.38734e+12 1.27575e+13 1.96856e+13 2.59088e+13 3.04986e+13 3.29103e+13 3.29103e+13 3.04986e+13 2.59088e+13 1.96856e+13 1.27575e+13 6.38734e+12 1.91832e+12 1.38819e+11 7.64712e+09 4.42004e+08 2.46549e+07 1.22884e+06 50733
3529.66 76170.5 1.38203e+06 2.32564e+07 3.7111e+08 5.20215e+09 4.75542e+10 1.51276e+11 3.00437e+11 4.63679e+11 6.1092e+11 7.19857e+11 7.77219e+11 7.77219e+11 7.19857e+11 6.1092e+11 4.63679e+11 3.00437e+11 1.51276e+11 4.75542e+10 5.20215e+09 3.7111e+08 2.32564e+07 1.38203e+06 76170.6 3529.66
219.121 4344.89 72774.3 1.12265e+06 1.54837e+07 1.70279e+08 1.18026e+09 3.58612e+09 7.06983e+09 1.09074e+10 1.43841e+10 1.69647e+10 1.83263e+10 1.83263e+10 1.69647e+10 1.43841e+10 1.09074e+10 7.06983e+09 3.58612e+09 1.18026e+09 1.70279e+08 1.54837e+07 1.12265e+06 72774.3 4344.89 219.121
11.4132 211.487 3276.25 45596.7 540966 4.88463e+06 2.7935e+07 8.1349e+07 1.59058e+08 2.45193e+08 3.23577e+08 3.81938e+08 4.12793e+08 4.12793e+08 3.81938e+08 3.23577e+08 2.45193e+08 1.59058e+08 8.1349e+07 2.7935e+07 4.88463e+06 540966 45596.7 3276.25 211.487 11.4132
