11.2319 208.09 3222.42 44826.3 531637 4.80063e+06 2.74772e+07 8.01973e+07 1.57321e+08 2.43428e+08 3.22412e+08 3.8165e+08 4.13131e+08 4.13131e+08 3.8165e+08 3.22412e+08 2.43428e+08 1.57321e+08 8.01973e+07 2.74772e+07 4.80063e+06 531637 44826.3 3222.42 208.09 11.2319
215.695 4276.76 71613.6 1.10414e+06 1.52191e+07 1.67323e+08 1.16041e+09 3.53386e+09 6.9903e+09 1.08266e+10 1.43312e+10 1.69522e+10 1.83427e+10 1.83427e+10 1.69522e+10 1.43312e+10 1.08266e+10 6.9903e+09 3.53386e+09 1.16041e+09 1.67323e+08 1.52191e+07 1.10414e+06 71613.6 4276.76 215.695
3474.84 74997.4 1.36072e+06 2.28882e+07 3.64919e+08 5.11141e+09 4.67324e+10 1.49004e+11 2.96954e+11 4.6015e+11 6.08628e+11 7.19356e+11 7.7799e+11 7.7799e+11 7.19356e+11 6.08628e+11 4.6015e+11 2.96954e+11 1.49004e+11 4.67324e+10 5.11141e+09 3.64919e+08 2.28882e+07 1.36072e+06 74997.4 3474.84
49941.3 1.20993e+06 2.4282e+07 4.35347e+08 7.52631e+09 1.36416e+11 1.88424e+12 6.28855e+12 1.26053e+13 1.95321e+13 2.58105e+13 3.04796e+13 3.29474e+13 3.29474e+13 3.04796e+13 2.58105e+13 1.95321e+13 1.26053e+13 6.28855e+12 1.88424e+12 1.36416e+11 7.52631e+09 4.35347e+08 2.4282e+07 1.20993e+06 49941.3
603854 1.72036e+07 4.07948e+08 8.17304e+09 1.37552e+11 2.78375e+12 7.64251e+13 2.65917e+14 5.35031e+14 8.28618e+14 1.09381e+15 1.29049e+15 1.39424e+15 1.39424e+15 1.29049e+15 1.09381e+15 8.28618e+14 5.35031e+14 2.65917e+14 7.64251e+13 2.78375e+12 1.37552e+11 8.17304e+09 4.07948e+08 1.72036e+07 603854
5.48603e+06 1.91285e+08 5.84791e+09 1.56308e+11 3.1989e+12 4.84095e+13 3.81348e+15 1.35799e+16 2.73314e+16 4.23128e+16 5.5852e+16 6.5903e+16 7.12101e+16 7.12101e+16 6.5903e+16 5.5852e+16 4.23128e+16 2.73314e+16 1.35799e+16 3.81348e+15 4.84095e+13 3.1989e+12 1.56308e+11 5.84791e+09 1.91285e+08 5.48603e+06
3.13362e+07 1.32315e+09 5.32765e+10 2.14771e+12 8.7094e+13 4.19761e+15 3.62295e+17 1.25123e+18 2.50306e+18 3.88628e+18 5.16142e+18 6.12707e+18 6.64448e+18 6.64448e+18 6.12707e+18 5.16142e+18 3.88628e+18 2.50306e+18 1.25123e+18 3.62295e+17 4.19761e+15 8.7094e+13 2.14771e+12 5.32765e+10 1.32315e+09 3.13362e+07
9.13199e+07 4.0228e+09 1.6957e+11 7.15438e+12 3.02442e+14 1.49607e+16 1.25671e+18 4.33007e+18 8.65214e+18 1.34235e+19 1.78196e+19 2.11476e+19 2.29305e+19 2.29305e+19 2.11476e+19 1.78196e+19 1.34235e+19 8.65214e+18 4.33007e+18 1.25671e+18 1.49607e+16 3.02442e+14 7.15438e+12 1.6957e+11 4.0228e+09 9.13199e+07
1.7893e+08 7.94789e+09 3.37521e+11 1.43227e+13 6.07731e+14 3.00851e+16 2.51456e+18 8.65425e+18 1.72718e+19 2.67647e+19 3.5493e+19 4.20895e+19 4.56195e+19 4.56195e+19 4.20895e+19 3.5493e+19 2.67647e+19 1.72718e+19 8.65425e+18 2.51456e+18 3.00851e+16 6.07731e+14 1.43227e+13 3.37521e+11 7.94789e+09 1.7893e+08
2.76584e+08 1.22969e+10 5.22448e+11 2.21686e+13 9.40133e+14 4.6515e+16 3.89982e+18 1.34124e+19 2.67364e+19 4.13771e+19 5.48048e+19 6.49313e+19 7.03428e+19 7.03428e+19 6.49313e+19 5.48048e+19 4.13771e+19 2.67364e+19 1.34124e+19 3.89983e+18 4.6515e+16 9.40133e+14 2.21686e+13 5.22448e+11 1.22969e+10 2.76584e+08
3.66011e+08 1.62629e+10 6.90393e+11 2.92665e+13 1.23979e+15 6.13153e+16 5.17165e+18 1.77789e+19 3.54041e+19 5.47257e+19 7.24041e+19 8.57094e+19 9.28098e+19 9.28098e+19 8.57094e+19 7.24041e+19 5.47257e+19 3.54041e+19 1.77789e+19 5.17165e+18 6.13153e+16 1.23979e+15 2.92665e+13 6.90393e+11 1.62629e+10 3.66011e+08
4.32983e+08 1.92246e+10 8.1544e+11 3.45363e+13 1.46164e+15 7.22695e+16 6.13109e+18 2.1072e+19 4.19304e+19 6.47553e+19 8.56006e+19 1.01265e+20 1.09615e+20 1.09615e+20 1.01265e+20 8.56006e+19 6.47553e+19 4.19304e+19 2.1072e+19 6.13109e+18 7.22695e+16 1.46164e+15 3.45363e+13 8.1544e+11 1.92246e+10 4.32983e+08
4.68538e+08 2.07941e+10 8.81583e+11 3.73185e+13 1.57854e+15 7.8041e+16 6.64378e+18 2.28316e+19 4.54137e+19 7.01007e+19 9.26242e+19 1.09535e+20 1.18544e+20 1.18544e+20 1.09535e+20 9.26242e+19 7.01007e+19 4.54137e+19 2.28316e+19 6.64378e+18 7.8041e+16 1.57854e+15 3.73185e+13 8.81583e+11 2.07941e+10 4.68538e+08
4.68538e+08 2.07941e+10 8.81583e+11 3.73185e+13 1.57854e+15 7.8041e+16 6.64378e+18 2.28316e+19 4.54137e+19 7.01007e+19 9.26242e+19 1.09535e+20 1.18544e+20 1.18544e+20 1.09535e+20 9.26242e+19 7.01007e+19 4.54137e+19 2.28316e+19 6.64378e+18 7.8041e+16 1.57854e+15 3.73185e+13 8.81583e+11 2.07941e+10 4.68538e+08
4.32983e+08 1.92246e+10 8.1544e+11 3.45363e+13 1.46164e+15 7.22695e+16 6.13109e+18 2.1072e+19 4.19304e+19 6.47553e+19 8.56006e+19 1.01265e+20 1.09615e+20 1.09615e+20 1.01265e+20 8.56006e+19 6.47553e+19 4.19304e+19 2.1072e+19 6.13109e+18 7.22695e+16 1.46164e+15 3.45363e+13 8.1544e+11 1.92246e+10 4.32983e+08
3.66011e+08 1.62629e+10 6.90393e+11 2.92665e+13 1.23979e+15 6.13153e+16 5.17165e+18 1.77789e+19 3.54041e+19 5.47257e+19 7.24041e+19 8.57094e+19 9.28098e+19 9.28098e+19 8.57094e+19 7.24041e+19 5.47257e+19 3.54041e+19 1.77789e+19 5.17165e+18 6.13153e+16 1.23979e+15 2.92665e+13 6.90393e+11 1.62629e+10 3.66011e+08
2.76584e+08 1.22969e+10 5.22448e+11 2.21686e+13 9.40133e+14 4.6515e+16 3.89982e+18 1.34124e+19 2.67364e+19 4.13771e+19 5.48048e+19 6.49313e+19 7.03428e+19 7.03428e+19 6.49313e+19 5.48048e+19 4.13771e+19 2.67364e+19 1.34124e+19 3.89982e+18 4.6515e+16 9.40133e+14 2.21686e+13 5.22448e+11 1.22969e+10 2.76584e+08
1.7893e+08 7.94789e+09 3.37521e+11 1.43227e+13 6.07731e+14 3.00851e+16 2.51456e+18 8.65425e+18 1.72718e+19 2.67647e+19 3.5493e+19 4.20895e+19 4.56195e+19 4.56195e+19 4.20895e+19 3.5493e+19 2.67647e+19 1.72718e+19 8.65425e+18 2.51456e+18 3.00851e+16 6.07731e+14 1.43227e+13 3.37521e+11 7.94789e+09 1.7893e+08
9.13199e+07 4.0228e+09 1.6957e+11 7.15438e+12 3.02442e+14 1.49607e+16 1.25671e+18 4.33007e+18 8.65214e+18 1.34235e+19 1.78196e+19 2.11476e+19 2.29305e+19 2.29305e+19 2.11476e+19 1.78196e+19 1.34235e+19 8.65214e+18 4.33007e+18 1.25671e+18 1.49607e+16 3.02442e+14 7.15438e+12 1.6957e+11 4.0228e+09 9.13199e+07
3.13362e+07 1.32315e+09 5.32765e+10 2.14771e+12 8.7094e+13 4.19761e+15 3.62294e+17 1.25123e+18 2.50306e+18 3.88628e+18 5.16142e+18 6.12707e+18 6.64448e+18 6.64448e+18 6.12707e+18 5.16142e+18 3.88628e+18 2.50306e+18 1.25123e+18 3.62295e+17 4.19761e+15 8.7094e+13 2.14771e+12 5.32765e+10 1.32315e+09 3.13362e+07
5.48603e+06 1.91285e+08 5.84791e+09 1.56308e+11 3.1989e+12 4.84095e+13 3.81348e+15 1.35799e+16 2.73314e+16 4.23128e+16 5.5852e+16 6.5903e+16 7.12101e+16 7.12101e+16 6.5903e+16 5.5852e+16 4.23128e+16 2.73314e+16 1.35799e+16 3.81348e+15 4.84095e+13 3.1989e+12 1.56308e+11 5.84791e+09 1.91285e+08 5.48603e+06
603854 1.72036e+07 4.07948e+08 8.17304e+09 1.37552e+11 2.78375e+12 7.64251e+13 2.65917e+14 5.35031e+14 8.28618e+14 1.09381e+15 1.29049e+15 1.39424e+15 1.39424e+15 1.29049e+15 1.09381e+15 8.28618e+14 5.35031e+14 2.65917e+14 7.64251e+13 2.78375e+12 1.37552e+11 8.17304e+09 4.07948e+08 1.72036e+07 603854
49941.3 1.20993e+06 2.4282e+07 4.35347e+08 7.52631e+09 1.36416e+11 1.88424e+12 6.28855e+12 1.26053e+13 1.95321e+13 2.58105e+13 3.04796e+13 3.29474e+13 3.29474e+13 3.04796e+13 2.58105e+13 1.95321e+13 1.26053e+13 6.28855e+12 1.88424e+12 1.36416e+11 7.52631e+09 4.35347e+08 2.4282e+07 1.20993e+06 49941.3
3474.84 74997.4 1.36072e+06 2.28882e+07 3.64919e+08 5.11141e+09 4.67324e+10 1.49004e+11 2.96954e+11 4.6015e+11 6.08628e+11 7.19356e+11 7.7799e+11 7.7799e+11 7.19356e+11 6.08628e+11 4.6015e+11 2.96954e+11 1.49004e+11 4.67324e+10 5.11141e+09 3.64919e+08 2.28882e+07 1.36072e+06 74997.4 3474.84
215.695 4276.76 71613.6 1.10414e+06 1.52191e+07 1.67323e+08 1.16041e+09 3.53386e+09 6.9903e+09 1.08266e+10 1.43312e+10 1.69522e+10 1.83427e+10 1.83427e+10 1.69522e+10 1.43312e+10 1.08266e+10 6.9903e+09 3.53386e+09 1.16041e+09 1.67323e+08 1.52191e+07 1.10414e+06 71613.6 4276.76 215.695
11.2319 208.09 3222.42 44826.3 531637 4.80063e+06 2.74772e+07 8.01973e+07 1.57321e+08 2.43428e+08 3.22412e+08 3.8165e+08 4.13131e+08 4.13131e+08 3.8165e+08 3.22412e+08 2.43428e+08 1.57321e+08 8.01973e+07 2.74772e+07 4.80063e+06 531637 44826.3 3222.42 208.09 11.2319
