0.00137631 0.0257962 0.408373 5.84925 71.4258 659.964 3837.41 11359 22675.5 35798.8 48358.6 58153.9 63505 63505 58153.9 48358.6 35798.8 22675.5 11359 3837.41 659.964 71.4258 5.84925 0.408373 0.0257962 0.00137631
0.0261726 0.521041 8.86707 140.913 2014.68 22836.6 161415 498813 1.00485e+06 1.58949e+06 2.14812e+06 2.58354e+06 2.82136e+06 2.82136e+06 2.58354e+06 2.14812e+06 1.58949e+06 1.00485e+06 498813 161415 22836.6 2014.68 140.913 8.86707 0.521041 0.0261726
0.420981 9.03284 164.407 2830.17 47156.3 690299 6.47092e+06 2.09489e+07 4.25515e+07 6.74142e+07 9.11377e+07 1.09621e+08 1.19715e+08 1.19715e+08 1.09621e+08 9.11377e+07 6.74142e+07 4.25515e+07 2.09489e+07 6.47092e+06 690299 47156.3 2830.17 164.407 9.03284 0.420981
6.11116 146.173 2897.12 51965 933420 1.81118e+07 2.59693e+08 8.80505e+08 1.80032e+09 2.85534e+09 3.86102e+09 4.64433e+09 5.07207e+09 5.07207e+09 4.64433e+09 3.86102e+09 2.85534e+09 1.80032e+09 8.80505e+08 2.59693e+08 1.81118e+07 933420 51965 2897.12 146.173 6.11116
75.298 2117.55 49281.3 963301 1.60166e+07 3.55845e+08 1.04869e+10 3.70864e+10 7.61762e+10 1.20896e+11 1.63499e+11 1.96678e+11 2.14794e+11 2.14794e+11 1.96678e+11 1.63499e+11 1.20896e+11 7.61762e+10 3.70864e+10 1.04869e+10 3.55845e+08 1.60166e+07 963301 49281.3 2117.55 75.298
699.313 24177.3 729751 1.90952e+07 3.72858e+08 5.32226e+09 5.15298e+11 1.86568e+12 3.8323e+12 6.07747e+12 8.21525e+12 9.87984e+12 1.07887e+13 1.07887e+13 9.87984e+12 8.21525e+12 6.07747e+12 3.8323e+12 1.86568e+12 5.15298e+11 5.32226e+09 3.72858e+08 1.90952e+07 729751 24177.3 699.313
4076.84 171494 6.87546e+06 2.75954e+08 1.11451e+10 5.4298e+11 4.91001e+13 1.7106e+14 3.46239e+14 5.45182e+14 7.34212e+14 8.81309e+14 9.61623e+14 9.61622e+14 8.81309e+14 7.34212e+14 5.45182e+14 3.46239e+14 1.7106e+14 4.91001e+13 5.4298e+11 1.11451e+10 2.75954e+08 6.87546e+06 171494 4076.84
12072.1 530192 2.22698e+07 9.36163e+08 3.94369e+10 1.96818e+12 1.71602e+14 5.96379e+14 1.206e+15 1.89809e+15 2.55559e+15 3.06723e+15 3.34658e+15 3.34658e+15 3.06723e+15 2.55559e+15 1.89809e+15 1.206e+15 5.96379e+14 1.71602e+14 1.96818e+12 3.94369e+10 9.36163e+08 2.22698e+07 530192 12072.1
24088.2 1.06757e+06 4.52129e+07 1.91316e+09 8.09615e+10 4.04151e+12 3.47591e+14 1.20692e+15 2.43982e+15 3.83931e+15 5.16883e+15 6.20337e+15 6.76822e+15 6.76822e+15 6.20337e+15 5.16883e+15 3.83931e+15 2.43982e+15 1.20692e+15 3.47591e+14 4.04151e+12 8.09615e+10 1.91316e+09 4.52129e+07 1.06757e+06 24088.2
37999.8 1.68737e+06 7.15721e+07 3.03175e+09 1.28378e+11 6.40434e+12 5.47309e+14 1.89957e+15 3.83943e+15 6.04126e+15 8.13294e+15 9.76055e+15 1.06492e+16 1.06492e+16 9.76055e+15 8.13295e+15 6.04126e+15 3.83943e+15 1.89957e+15 5.47309e+14 6.40434e+12 1.28378e+11 3.03175e+09 7.15721e+07 1.68737e+06 37999.8
51289.9 2.27847e+06 9.66743e+07 4.09585e+09 1.73456e+11 8.64961e+12 7.3687e+14 2.55694e+15 5.16772e+15 8.13098e+15 1.0946e+16 1.31364e+16 1.43323e+16 1.43323e+16 1.31364e+16 1.0946e+16 8.13098e+15 5.16772e+15 2.55694e+15 7.3687e+14 8.64961e+12 1.73456e+11 4.09585e+09 9.66743e+07 2.27847e+06 51289.9
61637.5 2.73841e+06 1.16197e+08 4.92316e+09 2.08495e+11 1.03947e+13 8.84222e+14 3.06796e+15 6.20028e+15 9.75545e+15 1.31327e+16 1.57606e+16 1.71954e+16 1.71954e+16 1.57606e+16 1.31327e+16 9.75545e+15 6.20028e+15 3.06796e+15 8.84222e+14 1.03947e+13 2.08495e+11 4.92316e+09 1.16197e+08 2.73841e+06 61637.5
67283.8 2.98932e+06 1.26845e+08 5.37434e+09 2.27603e+11 1.13462e+13 9.64613e+14 3.34676e+15 6.76364e+15 1.06418e+16 1.43258e+16 1.71924e+16 1.87575e+16 1.87575e+16 1.71924e+16 1.43258e+16 1.06418e+16 6.76364e+15 3.34676e+15 9.64613e+14 1.13462e+13 2.27603e+11 5.37434e+09 1.26845e+08 2.98932e+06 67283.8
67283.8 2.98932e+06 1.26845e+08 5.37434e+09 2.27603e+11 1.13462e+13 9.64613e+14 3.34676e+15 6.76364e+15 1.06418e+16 1.43258e+16 1.71924e+16 1.87575e+16 1.87575e+16 1.71924e+16 1.43258e+16 1.06418e+16 6.76364e+15 3.34676e+15 9.64613e+14 1.13462e+13 2.27603e+11 5.37434e+09 1.26845e+08 2.98932e+06 67283.8
61637.5 2.73841e+06 1.16197e+08 4.92316e+09 2.08495e+11 1.03947e+13 8.84222e+14 3.06796e+15 6.20028e+15 9.75545e+15 1.31327e+16 1.57606e+16 1.71954e+16 1.71954e+16 1.57606e+16 1.31327e+16 9.75545e+15 6.20028e+15 3.06796e+15 8.84222e+14 1.03947e+13 2.08495e+11 4.92316e+09 1.16197e+08 2.73841e+06 61637.5
51289.9 2.27847e+06 9.66743e+07 4.09585e+09 1.73456e+11 8.64961e+12 7.3687e+14 2.55694e+15 5.16772e+15 8.13098e+15 1.0946e+16 1.31364e+16 1.43323e+16 1.43323e+16 1.31364e+16 1.0946e+16 8.13098e+15 5.16772e+15 2.55694e+15 7.3687e+14 8.64961e+12 1.73456e+11 4.09585e+09 9.66743e+07 2.27847e+06 51289.9
37999.8 1.68737e+06 7.15721e+07 3.03175e+09 1.28378e+11 6.40434e+12 5.47309e+14 1.89957e+15 3.83943e+15 6.04126e+15 8.13295e+15 9.76055e+15 1.06492e+16 1.06492e+16 9.76055e+15 8.13294e+15 6.04126e+15 3.83943e+15 1.89957e+15 5.47309e+14 6.40434e+12 1.28378e+11 3.03175e+09 7.15721e+07 1.68737e+06 37999.8
24088.2 1.06757e+06 4.52129e+07 1.91316e+09 8.09615e+10 4.04151e+12 3.47591e+14 1.20692e+15 2.43982e+15 3.83931e+15 5.16883e+15 6.20337e+15 6.76822e+15 6.76822e+15 6.20337e+15 5.16883e+15 3.83931e+15 2.43982e+15 1.20692e+15 3.47591e+14 4.04151e+12 8.09615e+10 1.91316e+09 4.52129e+07 1.06757e+06 24088.2
12072.1 530192 2.22698e+07 9.36163e+08 3.94369e+10 1.96818e+12 1.71602e+14 5.96379e+14 1.206e+15 1.89809e+15 2.55559e+15 3.06723e+15 3.34658e+15 3.34658e+15 3.06723e+15 2.55559e+15 1.89809e+15 1.206e+15 5.96379e+14 1.71602e+14 1.96818e+12 3.94369e+10 9.36163e+08 2.22698e+07 530192 12072.1
4076.84 171494 6.87546e+06 2.75954e+08 1.11451e+10 5.4298e+11 4.91001e+13 1.7106e+14 3.46239e+14 5.45182e+14 7.34212e+14 8.81309e+14 9.61622e+14 9.61623e+14 8.81309e+14 7.34212e+14 5.45182e+14 3.46239e+14 1.7106e+14 4.91001e+13 5.4298e+11 1.11451e+10 2.75954e+08 6.87546e+06 171494 4076.84
699.313 24177.3 729751 1.90952e+07 3.72858e+08 5.32226e+09 5.15298e+11 1.86568e+12 3.8323e+12 6.07747e+12 8.21525e+12 9.87984e+12 1.07887e+13 1.07887e+13 9.87984e+12 8.21525e+12 6.07747e+12 3.8323e+12 1.86568e+12 5.15298e+11 5.32226e+09 3.72858e+08 1.90952e+07 729751 24177.3 699.313
75.298 2117.55 49281.3 963301 1.60166e+07 3.55845e+08 1.04869e+10 3.70864e+10 7.61762e+10 1.20896e+11 1.63499e+11 1.96678e+11 2.14794e+11 2.14794e+11 1.96678e+11 1.63499e+11 1.20896e+11 7.61762e+10 3.70864e+10 1.04869e+10 3.55845e+08 1.60166e+07 963301 49281.3 2117.55 75.298
6.11116 146.173 2897.12 51965 933420 1.81118e+07 2.59693e+08 8.80505e+08 1.80032e+09 2.85534e+09 3.86102e+09 4.64433e+09 5.07207e+09 5.07207e+09 4.64433e+09 3.86102e+09 2.85534e+09 1.80032e+09 8.80505e+08 2.59693e+08 1.81118e+07 933420 51965 2897.12 146.173 6.11116
0.420981 9.03284 164.407 2830.17 47156.3 690299 6.47092e+06 2.09489e+07 4.25515e+07 6.74142e+07 9.11377e+07 1.09621e+08 1.19715e+08 1.19715e+08 1.09621e+08 9.11377e+07 6.74142e+07 4.25515e+07 2.09489e+07 6.47092e+06 690299 47156.3 2830.17 164.407 9.03284 0.420981
0.0261726 0.521041 8.86707 140.913 2014.68 22836.6 161415 498813 1.00485e+06 1.58949e+06 2.14812e+06 2.58354e+06 2.82136e+06 2.82136e+06 2.58354e+06 2.14812e+06 1.58949e+06 1.00485e+06 498813 161415 22836.6 2014.68 140.913 8.86707 0.521041 0.0261726
0.00137631 0.0257962 0.408373 5.84925 71.4258 659.964 3837.41 11359 22675.5 35798.8 48358.6 58153.9 63505 63505 58153.9 48358.6 35798.8 22675.5 11359 3837.41 659.964 71.4258 5.84925 0.408373 0.0257962 0.00137631
