3.15566 58.9211 923.29 13031.5 156863 1.43529e+06 8.3124e+06 2.46013e+07 4.90742e+07 7.72884e+07 1.0403e+08 1.24659e+08 1.35834e+08 1.35834e+08 1.24659e+08 1.0403e+08 7.72884e+07 4.90742e+07 2.46013e+07 8.3124e+06 1.43529e+06 156863 13031.5 923.29 58.9211 3.15566
60.6653 1209.1 20441.6 319749 4.4822e+06 5.0039e+07 3.5137e+08 1.08546e+09 2.18486e+09 3.44694e+09 4.64011e+09 5.55922e+09 6.05665e+09 6.05665e+09 5.55922e+09 4.64011e+09 3.44694e+09 2.18486e+09 1.08546e+09 3.5137e+08 5.0039e+07 4.4822e+06 319749 20441.6 1209.1 60.6653
981.49 21222.1 387029 6.58614e+06 1.06981e+08 1.52751e+09 1.41596e+10 4.58199e+10 9.29916e+10 1.46906e+11 1.97757e+11 2.36871e+11 2.5802e+11 2.5802e+11 2.36871e+11 1.97757e+11 1.46906e+11 9.29916e+10 4.58199e+10 1.41596e+10 1.52751e+09 1.06981e+08 6.58614e+06 387029 21222.1 981.49
14220.2 344302 6.90911e+06 1.24371e+08 2.18468e+09 4.06437e+10 5.71003e+11 1.93518e+12 3.95362e+12 6.25133e+12 8.41413e+12 1.00755e+13 1.09729e+13 1.09729e+13 1.00755e+13 8.41413e+12 6.25133e+12 3.95362e+12 1.93518e+12 5.71003e+11 4.06437e+10 2.18468e+09 1.24371e+08 6.90911e+06 344302 14220.2
173842 4.94762e+06 1.1703e+08 2.33473e+09 3.92803e+10 8.21104e+11 2.31489e+13 8.18469e+13 1.67999e+14 2.65755e+14 3.57618e+14 4.28091e+14 4.66128e+14 4.66128e+14 4.28091e+14 3.57618e+14 2.65755e+14 1.67999e+14 8.18469e+13 2.31489e+13 8.21103e+11 3.92803e+10 2.33473e+09 1.1703e+08 4.94762e+06 173842
1.59905e+06 5.5753e+07 1.70235e+09 4.53193e+10 9.16441e+11 1.36626e+13 1.14917e+15 4.15951e+15 8.54041e+15 1.35027e+16 1.81646e+16 2.17412e+16 2.36718e+16 2.36718e+16 2.17412e+16 1.81646e+16 1.35027e+16 8.54041e+15 4.15951e+15 1.14917e+15 1.36626e+13 9.16441e+11 4.53193e+10 1.70235e+09 5.5753e+07 1.59905e+06
9.25281e+06 3.91088e+08 1.5759e+10 6.35456e+11 2.576e+13 1.2458e+15 1.09359e+17 3.81774e+17 7.74206e+17 1.21934e+18 1.64025e+18 1.96573e+18 2.14254e+18 2.14254e+18 1.96573e+18 1.64025e+18 1.21934e+18 7.74206e+17 3.81774e+17 1.09359e+17 1.2458e+15 2.576e+13 6.35456e+11 1.5759e+10 3.91088e+08 9.25281e+06
2.73549e+07 1.20679e+09 5.09342e+10 2.1509e+12 9.09588e+13 4.51383e+15 3.8343e+17 1.33503e+18 2.70409e+18 4.25596e+18 5.72291e+18 6.85716e+18 7.47328e+18 7.47328e+18 6.85716e+18 5.72291e+18 4.25596e+18 2.70409e+18 1.33503e+18 3.8343e+17 4.51383e+15 9.09588e+13 2.1509e+12 5.09342e+10 1.20679e+09 2.73549e+07
5.45079e+07 2.42637e+09 1.03253e+11 4.38918e+12 1.86478e+14 9.2627e+15 7.78257e+17 2.70656e+18 5.47776e+18 8.61576e+18 1.15794e+19 1.38693e+19 1.51126e+19 1.51126e+19 1.38693e+19 1.15794e+19 8.61576e+18 5.47776e+18 2.70656e+18 7.78257e+17 9.2627e+15 1.86478e+14 4.38918e+12 1.03253e+11 2.42637e+09 5.45079e+07
8.57521e+07 3.82363e+09 1.62927e+11 6.9317e+12 2.94621e+14 1.46294e+16 1.22543e+18 4.25898e+18 8.61406e+18 1.354e+19 1.81871e+19 2.17745e+19 2.37211e+19 2.37211e+19 2.17745e+19 1.81871e+19 1.354e+19 8.61406e+18 4.25898e+18 1.22543e+18 1.46294e+16 2.94621e+14 6.9317e+12 1.62927e+11 3.82363e+09 8.57521e+07
1.15305e+08 5.14184e+09 2.19087e+11 9.31943e+12 3.96002e+14 1.96578e+16 1.64732e+18 5.72329e+18 1.15698e+19 1.81757e+19 2.44012e+19 2.92028e+19 3.18066e+19 3.18066e+19 2.92028e+19 2.44012e+19 1.81757e+19 1.15698e+19 5.72329e+18 1.64732e+18 1.96578e+16 3.96002e+14 9.31943e+12 2.19087e+11 5.14184e+09 1.15305e+08
1.38063e+08 6.15532e+09 2.62198e+11 1.11497e+13 4.73608e+14 2.35059e+16 1.97285e+18 6.85307e+18 1.38487e+19 2.17468e+19 2.91838e+19 3.49158e+19 3.80228e+19 3.80228e+19 3.49158e+19 2.91838e+19 2.17468e+19 1.38487e+19 6.85307e+18 1.97285e+18 2.35059e+16 4.73608e+14 1.11497e+13 2.62198e+11 6.15532e+09 1.38063e+08
1.50375e+08 6.7031e+09 2.85477e+11 1.21371e+13 5.15431e+14 2.55793e+16 2.14938e+18 7.46578e+18 1.50841e+19 2.36815e+19 3.17734e+19 3.80077e+19 4.13861e+19 4.13861e+19 3.80077e+19 3.17734e+19 2.36815e+19 1.50841e+19 7.46578e+18 2.14938e+18 2.55793e+16 5.15431e+14 1.21371e+13 2.85477e+11 6.7031e+09 1.50375e+08
1.50375e+08 6.7031e+09 2.85477e+11 1.21371e+13 5.15431e+14 2.55793e+16 2.14938e+18 7.46578e+18 1.50841e+19 2.36815e+19 3.17734e+19 3.80077e+19 4.13861e+19 4.13861e+19 3.80077e+19 3.17734e+19 2.36815e+19 1.50841e+19 7.46578e+18 2.14938e+18 2.55793e+16 5.15431e+14 1.21371e+13 2.85477e+11 6.7031e+09 1.50375e+08
1.38063e+08 6.15532e+09 2.62198e+11 1.11497e+13 4.73608e+14 2.35059e+16 1.97285e+18 6.85307e+18 1.38487e+19 2.17468e+19 2.91838e+19 3.49158e+19 3.80228e+19 3.80228e+19 3.49158e+19 2.91838e+19 2.17468e+19 1.38487e+19 6.85307e+18 1.97285e+18 2.35059e+16 4.73608e+14 1.11497e+13 2.62198e+11 6.15532e+09 1.38063e+08
1.15305e+08 5.14184e+09 2.19087e+11 9.31943e+12 3.96002e+14 1.96578e+16 1.64732e+18 5.72329e+18 1.15698e+19 1.81757e+19 2.44012e+19 2.92028e+19 3.18066e+19 3.18066e+19 2.92028e+19 2.44012e+19 1.81757e+19 1.15698e+19 5.72329e+18 1.64732e+18 1.96578e+16 3.96002e+14 9.31943e+12 2.19087e+11 5.14184e+09 1.15305e+08
8.57521e+07 3.82363e+09 1.62927e+11 6.9317e+12 2.94621e+14 1.46294e+16 1.22543e+18 4.25898e+18 8.61406e+18 1.354e+19 1.81871e+19 2.17745e+19 2.37211e+19 2.37211e+19 2.17745e+19 1.81871e+19 1.354e+19 8.61406e+18 4.25898e+18 1.22543e+18 1.46294e+16 2.94621e+14 6.9317e+12 1.62927e+11 3.82363e+09 8.57521e+07
5.45079e+07 2.42637e+09 1.03253e+11 4.38918e+12 1.86478e+14 9.2627e+15 7.78257e+17 2.70656e+18 5.47776e+18 8.61576e+18 1.15794e+19 1.38693e+19 1.51126e+19 1.51126e+19 1.38693e+19 1.15794e+19 8.61576e+18 5.47776e+18 2.70656e+18 7.78257e+17 9.2627e+15 1.86478e+14 4.38918e+12 1.03253e+11 2.42637e+09 5.45079e+07
2.73549e+07 1.20679e+09 5.09342e+10 2.1509e+12 9.09588e+13 4.51383e+15 3.8343e+17 1.33503e+18 2.70409e+18 4.25596e+18 5.72291e+18 6.85716e+18 7.47328e+18 7.47328e+18 6.85716e+18 5.72291e+18 4.25596e+18 2.70409e+18 1.33503e+18 3.8343e+17 4.51383e+15 9.09588e+13 2.1509e+12 5.09342e+10 1.20679e+09 2.73549e+07
9.25281e+06 3.91088e+08 1.5759e+10 6.35456e+11 2.576e+13 1.2458e+15 1.09359e+17 3.81774e+17 7.74206e+17 1.21934e+18 1.64025e+18 1.96573e+18 2.14254e+18 2.14254e+18 1.96573e+18 1.64025e+18 1.21934e+18 7.74206e+17 3.81774e+17 1.09359e+17 1.2458e+15 2.576e+13 6.35456e+11 1.5759e+10 3.91088e+08 9.25281e+06
1.59905e+06 5.5753e+07 1.70235e+09 4.53193e+10 9.16441e+11 1.36626e+13 1.14917e+15 4.15951e+15 8.54041e+15 1.35027e+16 1.81646e+16 2.17412e+16 2.36718e+16 2.36718e+16 2.17412e+16 1.81646e+16 1.35027e+16 8.54041e+15 4.15951e+15 1.14917e+15 1.36626e+13 9.16441e+11 4.53193e+10 1.70235e+09 5.5753e+07 1.59905e+06
173842 4.94762e+06 1.1703e+08 2.33473e+09 3.92803e+10 8.21103e+11 2.31489e+13 8.18469e+13 1.67999e+14 2.65755e+14 3.57618e+14 4.28091e+14 4.66128e+14 4.66128e+14 4.28091e+14 3.57618e+14 2.65755e+14 1.67999e+14 8.18469e+13 2.31489e+13 8.21103e+11 3.92803e+10 2.33473e+09 1.1703e+08 4.94762e+06 173842
14220.2 344302 6.90911e+06 1.24371e+08 2.18468e+09 4.06437e+10 5.71003e+11 1.93518e+12 3.95362e+12 6.25133e+12 8.41413e+12 1.00755e+13 1.09729e+13 1.09729e+13 1.00755e+13 8.41413e+12 6.25133e+12 3.95362e+12 1.93518e+12 5.71003e+11 4.06437e+10 2.18468e+09 1.24371e+08 6.90911e+06 344302 14220.2
981.49 21222.1 387029 6.58614e+06 1.06981e+08 1.52751e+09 1.41596e+10 4.58199e+10 9.29916e+10 1.46906e+11 1.97757e+11 2.36871e+11 2.5802e+11 2.5802e+11 2.36871e+11 1.97757e+11 1.46906e+11 9.29916e+10 4.58199e+10 1.41596e+10 1.52751e+09 1.06981e+08 6.58614e+06 387029 21222.1 981.49
60.6653 1209.1 20441.6 319749 4.4822e+06 5.0039e+07 3.5137e+08 1.08546e+09 2.18486e+09 3.44694e+09 4.64011e+09 5.55922e+09 6.05665e+09 6.05665e+09 5.55922e+09 4.64011e+09 3.44694e+09 2.18486e+09 1.08546e+09 3.5137e+08 5.0039e+07 4.4822e+06 319749 20441.6 1209.1 60.6653
3.15566 58.9211 923.29 13031.5 156863 1.43529e+06 8.3124e+06 2.46013e+07 4.90742e+07 7.72884e+07 1.0403e+08 1.24659e+08 1.35834e+08 1.35834e+08 1.24659e+08 1.0403e+08 7.72884e+07 4.90742e+07 2.46013e+07 8.3124e+06 1.43529e+06 156863 13031.5 923.29 58.9211 3.15566
