0.486929 9.16874 145.613 2089.33 25546 236393 1.37655e+06 4.07461e+06 8.11879e+06 1.27717e+07 1.71764e+07 2.0573e+07 2.2413e+07 2.2413e+07 2.0573e+07 1.71764e+07 1.27717e+07 8.11879e+06 4.07461e+06 1.37655e+06 236393 25546 2089.33 145.613 9.16874 0.486929
9.32413 186.804 3193.33 50846.4 727379 8.25085e+06 5.83919e+07 1.80482e+08 3.62961e+08 5.72096e+08 7.6966e+08 9.21837e+08 1.00422e+09 1.00422e+09 9.21837e+08 7.6966e+08 5.72096e+08 3.62961e+08 1.80482e+08 5.83919e+07 8.25085e+06 727379 50846.4 3193.33 186.804 9.32413
150.833 3262.79 59772.7 1.03202e+06 1.7189e+07 2.51377e+08 2.35765e+09 7.63556e+09 1.54853e+10 2.44453e+10 3.28929e+10 3.93927e+10 4.29091e+10 4.29091e+10 3.93927e+10 3.28929e+10 2.44453e+10 1.54853e+10 7.63556e+09 2.35765e+09 2.51377e+08 1.7189e+07 1.03202e+06 59772.7 3262.79 150.833
2197.61 53053.6 1.06055e+06 1.91341e+07 3.4375e+08 6.64296e+09 9.51408e+10 3.22768e+11 6.59004e+11 1.04137e+12 1.40126e+12 1.67789e+12 1.82745e+12 1.82745e+12 1.67789e+12 1.40126e+12 1.04137e+12 6.59004e+11 3.22768e+11 9.51408e+10 6.64296e+09 3.4375e+08 1.91341e+07 1.06055e+06 53053.6 2197.61
27135.2 770279 1.80921e+07 3.56742e+08 5.9682e+09 1.31599e+11 3.85715e+12 1.36521e+13 2.8005e+13 4.42779e+13 5.95742e+13 7.13201e+13 7.7666e+13 7.7666e+13 7.13201e+13 5.95742e+13 4.42779e+13 2.8005e+13 1.36521e+13 3.85715e+12 1.31599e+11 5.9682e+09 3.56742e+08 1.80921e+07 770279 27135.2
252335 8.80166e+06 2.67866e+08 7.06443e+09 1.39303e+11 2.01033e+12 1.90228e+14 6.89593e+14 1.4152e+15 2.23651e+15 3.00838e+15 3.60115e+15 3.92146e+15 3.92146e+15 3.60115e+15 3.00838e+15 2.23651e+15 1.4152e+15 6.89593e+14 1.90228e+14 2.01033e+12 1.39303e+11 7.06443e+09 2.67866e+08 8.80166e+06 252335
1.47204e+06 6.2448e+07 2.52168e+09 1.01774e+11 4.12678e+12 2.01238e+14 1.81327e+16 6.33121e+16 1.28291e+17 2.01909e+17 2.71489e+17 3.25299e+17 3.54536e+17 3.54536e+17 3.25299e+17 2.71489e+17 2.01909e+17 1.28291e+17 6.33121e+16 1.81327e+16 2.01238e+14 4.12678e+12 1.01774e+11 2.52168e+09 6.2448e+07 1.47204e+06
4.35639e+06 1.9299e+08 8.16602e+09 3.4525e+11 1.46057e+13 7.30114e+14 6.35094e+16 2.21186e+17 4.47748e+17 7.0436e+17 9.46908e+17 1.13452e+18 1.23648e+18 1.23648e+18 1.13452e+18 9.46908e+17 7.0436e+17 4.47748e+17 2.21186e+17 6.35094e+16 7.30114e+14 1.46057e+13 3.4525e+11 8.16602e+09 1.9299e+08 4.35639e+06
8.67143e+06 3.87713e+08 1.65434e+10 7.04131e+11 2.9927e+13 1.49705e+15 1.28736e+17 4.4792e+17 9.06264e+17 1.42516e+18 1.91545e+18 2.29462e+18 2.50066e+18 2.50066e+18 2.29462e+18 1.91545e+18 1.42516e+18 9.06264e+17 4.4792e+17 1.28736e+17 1.49705e+15 2.9927e+13 7.04131e+11 1.65434e+10 3.87713e+08 8.67143e+06
1.36222e+07 6.10239e+08 2.60772e+10 1.11098e+12 4.72423e+13 2.3624e+15 2.02491e+17 7.0425e+17 1.42441e+18 2.23929e+18 3.00891e+18 3.60389e+18 3.92712e+18 3.92712e+18 3.60389e+18 3.00891e+18 2.23929e+18 1.42441e+18 7.0425e+17 2.02491e+17 2.3624e+15 4.72423e+13 1.11098e+12 2.60772e+10 6.10239e+08 1.36222e+07
1.82943e+07 8.19771e+08 3.50355e+10 1.49258e+12 6.34588e+13 3.17265e+15 2.72024e+17 9.45942e+17 1.91281e+18 3.00637e+18 4.03873e+18 4.83655e+18 5.26987e+18 5.26987e+18 4.83655e+18 4.03873e+18 3.00637e+18 1.91281e+18 9.45942e+17 2.72024e+17 3.17265e+15 6.34588e+13 1.49258e+12 3.50355e+10 8.19771e+08 1.82943e+07
2.18867e+07 9.80679e+08 4.19064e+10 1.78493e+12 7.58686e+13 3.79273e+15 3.25665e+17 1.13245e+18 2.28964e+18 3.598e+18 4.83274e+18 5.78668e+18 6.3047e+18 6.3047e+18 5.78668e+18 4.83274e+18 3.598e+18 2.28964e+18 1.13245e+18 3.25665e+17 3.79273e+15 7.58686e+13 1.78493e+12 4.19064e+10 9.80679e+08 2.18867e+07
2.38286e+07 1.0676e+09 4.56152e+10 1.94261e+12 8.25569e+13 4.12694e+15 3.54758e+17 1.23363e+18 2.49406e+18 3.91888e+18 5.26328e+18 6.30177e+18 6.86565e+18 6.86565e+18 6.30177e+18 5.26328e+18 3.91888e+18 2.49406e+18 1.23363e+18 3.54758e+17 4.12694e+15 8.25569e+13 1.94261e+12 4.56152e+10 1.0676e+09 2.38286e+07
2.38286e+07 1.0676e+09 4.56152e+10 1.94261e+12 8.25569e+13 4.12694e+15 3.54758e+17 1.23363e+18 2.49406e+18 3.91888e+18 5.26328e+18 6.30177e+18 6.86565e+18 6.86565e+18 6.30177e+18 5.26328e+18 3.91888e+18 2.49406e+18 1.23363e+18 3.54758e+17 4.12694e+15 8.25569e+13 1.94261e+12 4.56152e+10 1.0676e+09 2.38286e+07
2.18867e+07 9.80679e+08 4.19064e+10 1.78493e+12 7.58686e+13 3.79273e+15 3.25665e+17 1.13245e+18 2.28964e+18 3.598e+18 4.83274e+18 5.78668e+18 6.3047e+18 6.3047e+18 5.78668e+18 4.83274e+18 3.598e+18 2.28964e+18 1.13245e+18 3.25665e+17 3.79273e+15 7.58686e+13 1.78493e+12 4.19064e+10 9.80679e+08 2.18867e+07
1.82943e+07 8.19771e+08 3.50355e+10 1.49258e+12 6.34588e+13 3.17265e+15 2.72024e+17 9.45942e+17 1.91281e+18 3.00637e+18 4.03873e+18 4.83655e+18 5.26987e+18 5.26987e+18 4.83655e+18 4.03873e+18 3.00637e+18 1.91281e+18 9.45942e+17 2.72024e+17 3.17265e+15 6.34588e+13 1.49258e+12 3.50355e+10 8.19771e+08 1.82943e+07
1.36222e+07 6.10239e+08 2.60772e+10 1.11098e+12 4.72423e+13 2.3624e+15 2.02491e+17 7.0425e+17 1.42441e+18 2.23929e+18 3.00891e+18 3.60389e+18 3.92712e+18 3.92712e+18 3.60389e+18 3.00891e+18 2.23929e+18 1.42441e+18 7.0425e+17 2.02491e+17 2.3624e+15 4.72423e+13 1.11098e+12 2.60772e+10 6.10239e+08 1.36222e+07
8.67143e+06 3.87713e+08 1.65434e+10 7.04131e+11 2.9927e+13 1.49705e+15 1.28736e+17 4.4792e+17 9.06264e+17 1.42516e+18 1.91545e+18 2.29462e+18 2.50066e+18 2.50066e+18 2.29462e+18 1.91545e+18 1.42516e+18 9.06264e+17 4.4792e+17 1.28736e+17 1.49705e+15 2.9927e+13 7.04131e+11 1.65434e+10 3.87713e+08 8.67143e+06
4.35639e+06 1.9299e+08 8.16602e+09 3.4525e+11 1.46057e+13 7.30114e+14 6.35094e+16 2.21186e+17 4.47748e+17 7.0436e+17 9.46908e+17 1.13452e+18 1.23648e+18 1.23648e+18 1.13452e+18 9.46908e+17 7.0436e+17 4.47748e+17 2.21186e+17 6.35094e+16 7.30114e+14 1.46057e+13 3.4525e+11 8.16602e+09 1.9299e+08 4.35639e+06
1.47204e+06 6.2448e+07 2.52168e+09 1.01774e+11 4.12678e+12 2.01238e+14 1.81327e+16 6.33121e+16 1.28291e+17 2.01909e+17 2.71489e+17 3.25299e+17 3.54536e+17 3.54536e+17 3.25299e+17 2.71489e+17 2.01909e+17 1.28291e+17 6.33121e+16 1.81327e+16 2.01238e+14 4.12678e+12 1.01774e+11 2.52168e+09 6.2448e+07 1.47204e+06
252335 8.80166e+06 2.67866e+08 7.06443e+09 1.39303e+11 2.01033e+12 1.90228e+14 6.89593e+14 1.4152e+15 2.23651e+15 3.00838e+15 3.60115e+15 3.92146e+15 3.92146e+15 3.60115e+15 3.00838e+15 2.23651e+15 1.4152e+15 6.89593e+14 1.90228e+14 2.01033e+12 1.39303e+11 7.06443e+09 2.67866e+08 8.80166e+06 252335
27135.2 770279 1.80921e+07 3.56742e+08 5.9682e+09 1.31599e+11 3.85715e+12 1.36521e+13 2.8005e+13 4.42779e+13 5.95742e+13 7.13201e+13 7.7666e+13 7.7666e+13 7.13201e+13 5.95742e+13 4.42779e+13 2.8005e+13 1.36521e+13 3.85715e+12 1.31599e+11 5.9682e+09 3.56742e+08 1.80921e+07 770279 27135.2
2197.61 53053.6 1.06055e+06 1.91341e+07 3.4375e+08 6.64296e+09 9.51408e+10 3.22768e+11 6.59004e+11 1.04137e+12 1.40126e+12 1.67789e+12 1.82745e+12 1.82745e+12 1.67789e+12 1.40126e+12 1.04137e+12 6.59004e+11 3.22768e+11 9.51408e+10 6.64296e+09 3.4375e+08 1.91341e+07 1.06055e+06 53053.6 2197.61
150.833 3262.79 59772.7 1.03202e+06 1.7189e+07 2.51377e+08 2.35765e+09 7.63556e+09 1.54853e+10 2.44453e+10 3.28929e+10 3.93927e+10 4.29091e+10 4.29091e+10 3.93927e+10 3.28929e+10 2.44453e+10 1.54853e+10 7.63556e+09 2.35765e+09 2.51377e+08 1.7189e+07 1.03202e+06 59772.7 3262.79 150.833
9.32413 186.804 3193.33 50846.4 727379 8.25085e+06 5.83919e+07 1.80482e+08 3.62961e+08 5.72096e+08 7.6966e+08 9.21837e+08 1.00422e+09 1.00422e+09 9.21837e+08 7.6966e+08 5.72096e+08 3.62961e+08 1.80482e+08 5.83919e+07 8.25085e+06 727379 50846.4 3193.33 186.804 9.32413
0.486928 9.16874 145.613 2089.33 25546 236393 1.37655e+06 4.07461e+06 8.11879e+06 1.27717e+07 1.71764e+07 2.0573e+07 2.2413e+07 2.2413e+07 2.0573e+07 1.71764e+07 1.27717e+07 8.11879e+06 4.07461e+06 1.37655e+06 236393 25546 2089.33 145.613 9.16874 0.486928
