7.31833e-06 0.000137013 0.00216514 0.0309457 0.377151 3.48031 20.2278 59.9098 119.726 189.269 256.012 308.194 336.749 336.749 308.194 256.012 189.269 119.726 59.9098 20.2278 3.48031 0.377151 0.0309457 0.00216514 0.000137013 7.31833e-06
0.000139243 0.00277024 0.0470741 0.746354 10.644 120.427 850.58 2629.97 5303.95 8401.44 11369.7 13689.2 14958.4 14958.4 13689.2 11369.7 8401.44 5303.95 2629.97 850.58 120.427 10.644 0.746354 0.0470741 0.00277024 0.000139243
0.00223968 0.0480567 0.87412 15.0178 249.431 3640.88 34088 110416 224534 356237 482281 580748 634623 634623 580748 482281 356237 224534 110416 34088 3640.88 249.431 15.0178 0.87412 0.0480567 0.00223968
0.0324878 0.777449 15.4155 276.373 4949.34 95588.9 1.36762e+06 4.63947e+06 9.4973e+06 1.50852e+07 2.04283e+07 2.46017e+07 2.6885e+07 2.6885e+07 2.46017e+07 2.04283e+07 1.50852e+07 9.4973e+06 4.63947e+06 1.36762e+06 95588.9 4949.34 276.373 15.4155 0.777449 0.0324878
0.39979 11.2481 261.994 5127.82 85293.8 1.88197e+06 5.52108e+07 1.95357e+08 4.01758e+08 6.3859e+08 8.64945e+08 1.04174e+09 1.13847e+09 1.13847e+09 1.04174e+09 8.64945e+08 6.3859e+08 4.01758e+08 1.95357e+08 5.52108e+07 1.88197e+06 85293.8 5127.82 261.994 11.2481 0.39979
3.7082 128.212 3871.24 101397 1.98567e+06 2.84503e+07 2.71419e+09 9.83124e+09 2.02177e+10 3.21097e+10 4.34687e+10 5.23386e+10 5.71912e+10 5.71912e+10 5.23386e+10 4.34687e+10 3.21097e+10 2.02177e+10 9.83124e+09 2.71419e+09 2.84503e+07 1.98567e+06 101397 3871.24 128.212 3.7082
21.6019 908.371 36405 1.46065e+06 5.89719e+07 2.8692e+09 2.58602e+11 9.01138e+11 1.82509e+12 2.87604e+12 3.8764e+12 4.65609e+12 5.08227e+12 5.08227e+12 4.65609e+12 3.8764e+12 2.87604e+12 1.82509e+12 9.01138e+11 2.58602e+11 2.8692e+09 5.89719e+07 1.46065e+06 36405 908.371 21.6019
64.0003 2809.74 117974 4.9575e+06 2.08769e+08 1.04059e+10 9.04212e+11 3.14302e+12 6.35945e+12 1.00164e+13 1.34965e+13 1.62087e+13 1.76911e+13 1.76911e+13 1.62087e+13 1.34965e+13 1.00164e+13 6.35945e+12 3.14302e+12 9.04212e+11 1.04059e+10 2.08769e+08 4.9575e+06 117974 2809.74 64.0003
127.856 5664.49 239815 1.01444e+07 4.29166e+08 2.13964e+10 1.83303e+12 6.36551e+12 1.2875e+13 2.0275e+13 2.73166e+13 3.2804e+13 3.58033e+13 3.58033e+13 3.2804e+13 2.73166e+13 2.0275e+13 1.2875e+13 6.36551e+12 1.83303e+12 2.13964e+10 4.29166e+08 1.01444e+07 239815 5664.49 127.856
201.999 8966.92 380234 1.61022e+07 6.81686e+08 3.3963e+10 2.88912e+12 1.00282e+13 2.02796e+13 3.19324e+13 4.30204e+13 5.1661e+13 5.63836e+13 5.63836e+13 5.1661e+13 4.30204e+13 3.19324e+13 2.02796e+13 1.00282e+13 2.88912e+12 3.3963e+10 6.81686e+08 1.61022e+07 380234 8966.92 201.999
273.053 12126.8 514414 2.17901e+07 9.22638e+08 4.59478e+10 3.89367e+12 1.35114e+13 2.7321e+13 4.30177e+13 5.79531e+13 6.9592e+13 7.59533e+13 7.59532e+13 6.9592e+13 5.79531e+13 4.30177e+13 2.7321e+13 1.35114e+13 3.89367e+12 4.59478e+10 9.22638e+08 2.17901e+07 514414 12126.8 273.053
328.533 14592.8 619091 2.62264e+07 1.11056e+09 5.52931e+10 4.67605e+12 1.62242e+13 3.28046e+13 5.16505e+13 6.95821e+13 8.35558e+13 9.11931e+13 9.11931e+13 8.35558e+13 6.95821e+13 5.16505e+13 3.28046e+13 1.62242e+13 4.67605e+12 5.52931e+10 1.11056e+09 2.62264e+07 619091 14592.8 328.533
358.866 15940.9 676308 2.86511e+07 1.21327e+09 6.04006e+10 5.10346e+12 1.77061e+13 3.58002e+13 5.63664e+13 7.59348e+13 9.11839e+13 9.95184e+13 9.95184e+13 9.11839e+13 7.59348e+13 5.63664e+13 3.58002e+13 1.77061e+13 5.10346e+12 6.04006e+10 1.21327e+09 2.86511e+07 676308 15940.9 358.866
358.866 15940.9 676308 2.86511e+07 1.21327e+09 6.04006e+10 5.10346e+12 1.77061e+13 3.58002e+13 5.63664e+13 7.59348e+13 9.11839e+13 9.95184e+13 9.95184e+13 9.11839e+13 7.59348e+13 5.63664e+13 3.58002e+13 1.77061e+13 5.10346e+12 6.04006e+10 1.21327e+09 2.86511e+07 676308 15940.9 358.866
328.533 14592.8 619091 2.62264e+07 1.11056e+09 5.52931e+10 4.67605e+12 1.62242e+13 3.28046e+13 5.16505e+13 6.95821e+13 8.35558e+13 9.11931e+13 9.11931e+13 8.35558e+13 6.95821e+13 5.16505e+13 3.28046e+13 1.62242e+13 4.67605e+12 5.52931e+10 1.11056e+09 2.62264e+07 619091 14592.8 328.533
273.053 12126.8 514414 2.17901e+07 9.22638e+08 4.59478e+10 3.89367e+12 1.35114e+13 2.7321e+13 4.30177e+13 5.79531e+13 6.9592e+13 7.59532e+13 7.59533e+13 6.9592e+13 5.79531e+13 4.30177e+13 2.7321e+13 1.35114e+13 3.89367e+12 4.59478e+10 9.22638e+08 2.17901e+07 514414 12126.8 273.053
201.999 8966.92 380234 1.61022e+07 6.81686e+08 3.3963e+10 2.88912e+12 1.00282e+13 2.02796e+13 3.19324e+13 4.30204e+13 5.1661e+13 5.63836e+13 5.63836e+13 5.1661e+13 4.30204e+13 3.19324e+13 2.02796e+13 1.00282e+13 2.88912e+12 3.3963e+10 6.81686e+08 1.61022e+07 380234 8966.92 201.999
127.856 5664.49 239815 1.01444e+07 4.29166e+08 2.13964e+10 1.83303e+12 6.36551e+12 1.2875e+13 2.0275e+13 2.73166e+13 3.2804e+13 3.58033e+13 3.58033e+13 3.2804e+13 2.73166e+13 2.0275e+13 1.2875e+13 6.36551e+12 1.83303e+12 2.13964e+10 4.29166e+08 1.01444e+07 239815 5664.49 127.856
64.0003 2809.74 117974 4.9575e+06 2.08769e+08 1.04059e+10 9.04212e+11 3.14302e+12 6.35945e+12 1.00164e+13 1.34965e+13 1.62087e+13 1.76911e+13 1.76911e+13 1.62087e+13 1.34965e+13 1.00164e+13 6.35945e+12 3.14302e+12 9.04212e+11 1.04059e+10 2.08769e+08 4.9575e+06 117974 2809.74 64.0003
21.6019 908.371 36405 1.46065e+06 5.89719e+07 2.8692e+09 2.58602e+11 9.01138e+11 1.82509e+12 2.87604e+12 3.8764e+12 4.65609e+12 5.08227e+12 5.08227e+12 4.65609e+12 3.8764e+12 2.87604e+12 1.82509e+12 9.01138e+11 2.58602e+11 2.8692e+09 5.89719e+07 1.46065e+06 36405 908.371 21.6019
3.7082 128.212 3871.24 101397 1.98567e+06 2.84503e+07 2.71419e+09 9.83124e+09 2.02177e+10 3.21097e+10 4.34687e+10 5.23386e+10 5.71912e+10 5.71912e+10 5.23386e+10 4.34687e+10 3.21097e+10 2.02177e+10 9.83124e+09 2.71419e+09 2.84503e+07 1.98567e+06 101397 3871.24 128.212 3.7082
0.39979 11.2481 261.994 5127.82 85293.8 1.88197e+06 5.52108e+07 1.95357e+08 4.01758e+08 6.3859e+08 8.64945e+08 1.04174e+09 1.13847e+09 1.13847e+09 1.04174e+09 8.64945e+08 6.3859e+08 4.01758e+08 1.95357e+08 5.52108e+07 1.88197e+06 85293.8 5127.82 261.994 11.2481 0.39979
0.0324878 0.777449 15.4155 276.373 4949.34 95588.9 1.36762e+06 4.63947e+06 9.4973e+06 1.50852e+07 2.04283e+07 2.46017e+07 2.6885e+07 2.6885e+07 2.46017e+07 2.04283e+07 1.50852e+07 9.4973e+06 4.63947e+06 1.36762e+06 95588.9 4949.34 276.373 15.4155 0.777449 0.0324878
0.00223968 0.0480567 0.87412 15.0178 249.431 3640.88 34088 110416 224534 356237 482281 580748 634623 634623 580748 482281 356237 224534 110416 34088 3640.88 249.431 15.0178 0.87412 0.0480567 0.00223968
0.000139243 0.00277024 0.0470741 0.746354 10.644 120.427 850.58 2629.97 5303.95 8401.44 11369.7 13689.2 14958.4 14958.4 13689.2 11369.7 8401.44 5303.95 2629.97 850.58 120.427 10.644 0.746354 0.0470741 0.00277024 0.000139243
7.31833e-06 0.000137013 0.00216514 0.0309457 0.377151 3.48031 20.2278 59.9098 119.726 189.269 256.012 308.194 336.749 336.749 308.194 256.012 189.269 119.726 59.9098 20.2278 3.48031 0.377151 0.0309457 0.00216514 0.000137013 7.31833e-06
