0.209669 3.98111 63.7865 923.336 11386.3 106224 623684 1.86516e+06 3.76121e+06 5.98919e+06 8.14155e+06 9.82915e+06 1.07533e+07 1.07533e+07 9.82915e+06 8.14155e+06 5.98919e+06 3.76121e+06 1.86516e+06 623684 106224 11386.3 923.336 63.7865 3.98111 0.209669
4.04096 81.6738 1408.54 22629.3 326616 3.73575e+06 2.66514e+07 8.32548e+07 1.69552e+08 2.70681e+08 3.68266e+08 4.44745e+08 4.86617e+08 4.86617e+08 4.44745e+08 3.68266e+08 2.70681e+08 1.69552e+08 8.32548e+07 2.66514e+07 3.73575e+06 326616 22629.3 1408.54 81.6738 4.04096
65.8145 1435.68 26507.1 461427 7.75585e+06 1.1442e+08 1.08146e+09 3.54116e+09 7.27719e+09 1.16428e+10 1.5851e+10 1.91478e+10 2.09523e+10 2.09523e+10 1.91478e+10 1.5851e+10 1.16428e+10 7.27719e+09 3.54116e+09 1.08146e+09 1.1442e+08 7.75585e+06 461427 26507.1 1435.68 65.8145
965.848 23499.5 472699 8.57878e+06 1.55392e+08 3.03295e+09 4.37702e+10 1.50201e+11 3.10955e+11 4.98311e+11 6.78776e+11 8.20102e+11 8.97439e+11 8.97439e+11 8.20102e+11 6.78776e+11 4.98311e+11 3.10955e+11 1.50201e+11 4.37702e+10 3.03295e+09 1.55392e+08 8.57878e+06 472699 23499.5 965.848
12018.7 343744 8.11613e+06 1.60548e+08 2.69501e+09 6.00996e+10 1.77688e+12 6.36524e+12 1.3249e+13 2.12568e+13 2.89664e+13 3.50021e+13 3.8304e+13 3.8304e+13 3.50021e+13 2.89665e+13 2.12568e+13 1.3249e+13 6.36524e+12 1.77688e+12 6.00996e+10 2.69501e+09 1.60548e+08 8.11613e+06 343744 12018.7
112675 3.95952e+06 1.21114e+08 3.2027e+09 6.31192e+10 9.08835e+11 8.75465e+13 3.21292e+14 6.69139e+14 1.0731e+15 1.46185e+15 1.76613e+15 1.93259e+15 1.93259e+15 1.76613e+15 1.46185e+15 1.0731e+15 6.69139e+14 3.21292e+14 8.75465e+13 9.08835e+11 6.31192e+10 3.2027e+09 1.21114e+08 3.95952e+06 112675
663057 2.8335e+07 1.14984e+09 4.6541e+10 1.88956e+12 9.22223e+13 8.35186e+15 2.94094e+16 6.02117e+16 9.57456e+16 1.2989e+17 1.56643e+17 1.71301e+17 1.71301e+17 1.56643e+17 1.2989e+17 9.57455e+16 6.02117e+16 2.94094e+16 8.35186e+15 9.22223e+13 1.88956e+12 4.6541e+10 1.14984e+09 2.8335e+07 663057
1.98328e+06 8.85376e+07 3.76636e+09 1.59775e+11 6.77199e+12 3.3886e+14 2.95082e+16 1.03591e+17 2.11807e+17 3.36566e+17 4.56419e+17 5.5033e+17 6.01788e+17 6.01788e+17 5.5033e+17 4.56419e+17 3.36566e+17 2.11807e+17 1.03591e+17 2.95082e+16 3.3886e+14 6.77198e+12 1.59775e+11 3.76636e+09 8.85376e+07 1.98328e+06
3.99688e+06 1.80196e+08 7.73503e+09 3.30562e+11 1.40863e+13 7.0546e+14 6.04651e+16 2.11993e+17 4.33176e+17 6.88065e+17 9.32879e+17 1.12468e+18 1.22978e+18 1.22978e+18 1.12468e+18 9.32879e+17 6.88065e+17 4.33176e+17 2.11993e+17 6.04651e+16 7.0546e+14 1.40863e+13 3.30562e+11 7.73503e+09 1.80196e+08 3.99688e+06
6.3581e+06 2.87379e+08 1.23622e+10 5.29155e+11 2.2575e+13 1.13025e+15 9.61446e+16 3.36859e+17 6.8807e+17 1.09267e+18 1.48118e+18 1.78553e+18 1.95227e+18 1.95227e+18 1.78553e+18 1.48118e+18 1.09267e+18 6.8807e+17 3.36859e+17 9.61446e+16 1.13025e+15 2.2575e+13 5.29155e+11 1.23622e+10 2.87379e+08 6.3581e+06
8.63367e+06 3.90546e+08 1.6811e+10 7.19929e+11 3.07246e+13 1.53793e+15 1.30375e+17 4.56641e+17 9.32536e+17 1.48063e+18 2.00684e+18 2.41899e+18 2.64477e+18 2.64477e+18 2.41899e+18 2.00684e+18 1.48063e+18 9.32536e+17 4.56641e+17 1.30375e+17 1.53793e+15 3.07246e+13 7.19929e+11 1.6811e+10 3.90546e+08 8.63367e+06
1.04138e+07 4.71211e+08 2.02876e+10 8.68946e+11 3.70878e+13 1.85618e+15 1.57152e+17 5.50347e+17 1.12377e+18 1.78409e+18 2.41793e+18 2.91434e+18 3.18626e+18 3.18626e+18 2.91434e+18 2.41793e+18 1.78409e+18 1.12377e+18 5.50347e+17 1.57152e+17 1.85618e+15 3.70878e+13 8.68946e+11 2.02876e+10 4.71211e+08 1.04138e+07
1.13871e+07 5.15299e+08 2.21873e+10 9.50342e+11 4.05622e+13 2.02995e+15 1.71805e+17 6.01631e+17 1.22843e+18 1.95015e+18 2.64289e+18 3.18538e+18 3.48254e+18 3.48254e+18 3.18538e+18 2.64289e+18 1.95015e+18 1.22843e+18 6.01631e+17 1.71805e+17 2.02995e+15 4.05622e+13 9.50342e+11 2.21873e+10 5.15299e+08 1.13871e+07
1.13871e+07 5.15299e+08 2.21873e+10 9.50342e+11 4.05622e+13 2.02995e+15 1.71805e+17 6.01631e+17 1.22843e+18 1.95015e+18 2.64289e+18 3.18538e+18 3.48254e+18 3.48254e+18 3.18538e+18 2.64289e+18 1.95015e+18 1.22843e+18 6.01631e+17 1.71805e+17 2.02995e+15 4.05622e+13 9.50342e+11 2.21873e+10 5.15299e+08 1.13871e+07
1.04138e+07 4.71211e+08 2.02876e+10 8.68946e+11 3.70878e+13 1.85618e+15 1.57152e+17 5.50347e+17 1.12377e+18 1.78409e+18 2.41793e+18 2.91434e+18 3.18626e+18 3.18626e+18 2.91434e+18 2.41793e+18 1.78409e+18 1.12377e+18 5.50347e+17 1.57152e+17 1.85618e+15 3.70878e+13 8.68946e+11 2.02876e+10 4.71211e+08 1.04138e+07
8.63367e+06 3.90546e+08 1.6811e+10 7.19929e+11 3.07246e+13 1.53793e+15 1.30375e+17 4.56641e+17 9.32536e+17 1.48063e+18 2.00684e+18 2.41899e+18 2.64477e+18 2.64477e+18 2.41899e+18 2.00684e+18 1.48063e+18 9.32536e+17 4.56641e+17 1.30375e+17 1.53793e+15 3.07246e+13 7.19929e+11 1.6811e+10 3.90546e+08 8.63367e+06
6.3581e+06 2.87379e+08 1.23622e+10 5.29155e+11 2.2575e+13 1.13025e+15 9.61446e+16 3.36859e+17 6.8807e+17 1.09267e+18 1.48118e+18 1.78553e+18 1.95227e+18 1.95227e+18 1.78553e+18 1.48118e+18 1.09267e+18 6.8807e+17 3.36859e+17 9.61446e+16 1.13025e+15 2.2575e+13 5.29155e+11 1.23622e+10 2.87379e+08 6.3581e+06
3.99688e+06 1.80196e+08 7.73503e+09 3.30562e+11 1.40863e+13 7.0546e+14 6.04651e+16 2.11993e+17 4.33176e+17 6.88065e+17 9.32879e+17 1.12468e+18 1.22978e+18 1.22978e+18 1.12468e+18 9.32879e+17 6.88065e+17 4.33176e+17 2.11993e+17 6.04651e+16 7.0546e+14 1.40863e+13 3.30562e+11 7.73503e+09 1.80196e+08 3.99688e+06
1.98328e+06 8.85376e+07 3.76636e+09 1.59775e+11 6.77198e+12 3.3886e+14 2.95082e+16 1.03591e+17 2.11807e+17 3.36566e+17 4.56419e+17 5.5033e+17 6.01788e+17 6.01788e+17 5.5033e+17 4.56419e+17 3.36566e+17 2.11807e+17 1.03591e+17 2.95082e+16 3.3886e+14 6.77199e+12 1.59775e+11 3.76636e+09 8.85376e+07 1.98328e+06
663057 2.8335e+07 1.14984e+09 4.6541e+10 1.88956e+12 9.22223e+13 8.35186e+15 2.94094e+16 6.02117e+16 9.57455e+16 1.2989e+17 1.56643e+17 1.71301e+17 1.71301e+17 1.56643e+17 1.2989e+17 9.57456e+16 6.02117e+16 2.94094e+16 8.35186e+15 9.22223e+13 1.88956e+12 4.6541e+10 1.14984e+09 2.8335e+07 663057
112675 3.95952e+06 1.21114e+08 3.2027e+09 6.31192e+10 9.08835e+11 8.75465e+13 3.21292e+14 6.69139e+14 1.0731e+15 1.46185e+15 1.76613e+15 1.93259e+15 1.93259e+15 1.76613e+15 1.46185e+15 1.0731e+15 6.69139e+14 3.21292e+14 8.75465e+13 9.08835e+11 6.31192e+10 3.2027e+09 1.21114e+08 3.95952e+06 112675
12018.7 343744 8.11613e+06 1.60548e+08 2.69501e+09 6.00996e+10 1.77688e+12 6.36524e+12 1.3249e+13 2.12568e+13 2.89665e+13 3.50021e+13 3.8304e+13 3.8304e+13 3.50021e+13 2.89664e+13 2.12568e+13 1.3249e+13 6.36524e+12 1.77688e+12 6.00996e+10 2.69501e+09 1.60548e+08 8.11613e+06 343744 12018.7
965.848 23499.5 472699 8.57878e+06 1.55392e+08 3.03295e+09 4.37702e+10 1.50201e+11 3.10955e+11 4.98311e+11 6.78776e+11 8.20102e+11 8.97439e+11 8.97439e+11 8.20102e+11 6.78776e+11 4.98311e+11 3.10955e+11 1.50201e+11 4.37702e+10 3.03295e+09 1.55392e+08 8.57878e+06 472699 23499.5 965.848
65.8145 1435.68 26507.1 461427 7.75585e+06 1.1442e+08 1.08146e+09 3.54116e+09 7.27719e+09 1.16428e+10 1.5851e+10 1.91478e+10 2.09523e+10 2.09523e+10 1.91478e+10 1.5851e+10 1.16428e+10 7.27719e+09 3.54116e+09 1.08146e+09 1.1442e+08 7.75585e+06 461427 26507.1 1435.68 65.8145
4.04096 81.6738 1408.54 22629.3 326616 3.73575e+06 2.66514e+07 8.32548e+07 1.69552e+08 2.70681e+08 3.68266e+08 4.44745e+08 4.86617e+08 4.86617e+08 4.44745e+08 3.68266e+08 2.70681e+08 1.69552e+08 8.32548e+07 2.66514e+07 3.73575e+06 326616 22629.3 1408.54 81.6738 4.04096
0.209669 3.98111 63.7865 923.336 11386.3 106224 623684 1.86516e+06 3.76121e+06 5.98919e+06 8.14155e+06 9.82915e+06 1.07533e+07 1.07533e+07 9.82915e+06 8.14155e+06 5.98919e+06 3.76121e+06 1.86516e+06 623684 106224 11386.3 923.336 63.7865 3.98111 0.209669
