0.0117376 0.223231 3.59203 52.3053 648.913 6085.65 35908.2 108140 220066 353973 485774 590808 648963 648963 590808 485774 353973 220066 108140 35908.2 6085.65 648.913 52.3053 3.59203 0.223231 0.0117376
0.225689 4.55881 78.8494 1274.54 18531.7 213332 1.53001e+06 4.814e+06 9.89679e+06 1.59661e+07 2.19377e+07 2.66976e+07 2.93338e+07 2.93338e+07 2.66976e+07 2.19377e+07 1.59661e+07 9.89679e+06 4.814e+06 1.53001e+06 213332 18531.7 1274.54 78.8494 4.55881 0.225689
3.67578 79.9567 1476.65 25829.4 437977 6.51744e+06 6.19697e+07 2.04424e+08 4.24232e+08 6.86174e+08 9.43861e+08 1.14933e+09 1.26315e+09 1.26315e+09 1.14933e+09 9.43861e+08 6.86174e+08 4.24232e+08 2.04424e+08 6.19697e+07 6.51744e+06 437977 25829.4 1476.65 79.9567 3.67578
54.0869 1310.38 26284.7 477272 8.71342e+06 1.72247e+08 2.5046e+09 8.66072e+09 1.81134e+10 2.9359e+10 4.04234e+10 4.9249e+10 5.41393e+10 5.41393e+10 4.9249e+10 4.04234e+10 2.9359e+10 1.81134e+10 8.66072e+09 2.5046e+09 1.72247e+08 8.71342e+06 477272 26284.7 1310.38 54.0869
676.097 19254.1 452778 8.91736e+06 1.49448e+08 3.39177e+09 1.01538e+11 3.66623e+11 7.71235e+11 1.25212e+12 1.72547e+12 2.1032e+12 2.31256e+12 2.31256e+12 2.1032e+12 1.72547e+12 1.25212e+12 7.71235e+11 3.66623e+11 1.01538e+11 3.39177e+09 1.49448e+08 8.91736e+06 452778 19254.1 676.097
6372.8 223152 6.80485e+06 1.79236e+08 3.50251e+09 4.98832e+10 4.98608e+12 1.84445e+13 3.88191e+13 6.29893e+13 8.67652e+13 1.05732e+14 1.16242e+14 1.16242e+14 1.05732e+14 8.67652e+13 6.29893e+13 3.88191e+13 1.84445e+13 4.98608e+12 4.98832e+10 3.50251e+09 1.79236e+08 6.80485e+06 223152 6372.8
37728.5 1.60756e+06 6.51098e+07 2.63153e+09 1.06689e+11 5.21145e+12 4.75771e+14 1.68312e+15 3.46809e+15 5.55478e+15 7.58754e+15 9.19928e+15 1.00894e+16 1.00894e+16 9.19928e+15 7.58754e+15 5.55478e+15 3.46809e+15 1.68312e+15 4.75771e+14 5.21145e+12 1.06689e+11 2.63153e+09 6.51098e+07 1.60756e+06 37728.5
113726 5.06324e+06 2.15033e+08 9.1113e+09 3.85745e+11 1.93102e+13 1.68878e+15 5.95371e+15 1.22471e+16 1.95954e+16 2.67483e+16 3.2417e+16 3.55471e+16 3.55471e+16 3.2417e+16 2.67483e+16 1.95954e+16 1.22471e+16 5.95371e+15 1.68878e+15 1.93102e+13 3.85745e+11 9.1113e+09 2.15033e+08 5.06324e+06 113726
231441 1.04097e+07 4.46279e+08 1.90574e+10 8.11543e+11 4.06512e+13 3.48419e+15 1.22629e+16 2.52046e+16 4.03064e+16 5.50007e+16 6.66433e+16 7.30713e+16 7.30713e+16 6.66433e+16 5.50007e+16 4.03064e+16 2.52046e+16 1.22629e+16 3.48419e+15 4.06512e+13 8.11543e+11 1.90574e+10 4.46279e+08 1.04097e+07 231441
372135 1.67874e+07 7.2157e+08 3.08778e+10 1.31708e+12 6.59447e+13 5.58357e+15 1.96318e+16 4.03294e+16 6.44714e+16 8.79554e+16 1.06559e+17 1.16829e+17 1.16829e+17 1.06559e+17 8.79554e+16 6.44714e+16 4.03294e+16 1.96318e+16 5.58357e+15 6.59447e+13 1.31708e+12 3.08778e+10 7.2157e+08 1.67874e+07 372135
510439 2.30543e+07 9.92024e+08 4.24915e+10 1.81398e+12 9.07918e+13 7.62807e+15 2.6803e+16 5.50428e+16 8.79727e+16 1.19999e+17 1.45366e+17 1.59369e+17 1.59369e+17 1.45366e+17 1.19999e+17 8.79727e+16 5.50428e+16 2.6803e+16 7.62807e+15 9.07918e+13 1.81398e+12 4.24915e+10 9.92024e+08 2.30543e+07 510439
620518 2.80431e+07 1.20738e+09 5.17424e+10 2.20994e+12 1.10586e+14 9.24823e+15 3.24834e+16 6.66953e+16 1.06582e+17 1.45369e+17 1.76089e+17 1.93046e+17 1.93046e+17 1.76089e+17 1.45369e+17 1.06582e+17 6.66953e+16 3.24834e+16 9.24823e+15 1.10586e+14 2.20994e+12 5.17424e+10 1.20738e+09 2.80431e+07 620518
681411 3.08033e+07 1.32656e+09 5.68631e+10 2.42917e+12 1.21542e+14 1.01426e+16 3.56186e+16 7.31259e+16 1.16851e+17 1.59368e+17 1.9304e+17 2.11627e+17 2.11627e+17 1.9304e+17 1.59368e+17 1.16851e+17 7.31259e+16 3.56186e+16 1.01426e+16 1.21542e+14 2.42917e+12 5.68631e+10 1.32656e+09 3.08033e+07 681411
681411 3.08033e+07 1.32656e+09 5.68631e+10 2.42917e+12 1.21542e+14 1.01426e+16 3.56186e+16 7.31259e+16 1.16851e+17 1.59368e+17 1.9304e+17 2.11627e+17 2.11627e+17 1.9304e+17 1.59368e+17 1.16851e+17 7.31259e+16 3.56186e+16 1.01426e+16 1.21542e+14 2.42917e+12 5.68631e+10 1.32656e+09 3.08033e+07 681411
620518 2.80431e+07 1.20738e+09 5.17424e+10 2.20994e+12 1.10586e+14 9.24823e+15 3.24834e+16 6.66953e+16 1.06582e+17 1.45369e+17 1.76089e+17 1.93046e+17 1.93046e+17 1.76089e+17 1.45369e+17 1.06582e+17 6.66953e+16 3.24834e+16 9.24823e+15 1.10586e+14 2.20994e+12 5.17424e+10 1.20738e+09 2.80431e+07 620518
510439 2.30543e+07 9.92024e+08 4.24915e+10 1.81398e+12 9.07918e+13 7.62807e+15 2.6803e+16 5.50428e+16 8.79727e+16 1.19999e+17 1.45366e+17 1.59369e+17 1.59369e+17 1.45366e+17 1.19999e+17 8.79727e+16 5.50428e+16 2.6803e+16 7.62807e+15 9.07918e+13 1.81398e+12 4.24915e+10 9.92024e+08 2.30543e+07 510439
372135 1.67874e+07 7.2157e+08 3.08778e+10 1.31708e+12 6.59447e+13 5.58357e+15 1.96318e+16 4.03294e+16 6.44714e+16 8.79554e+16 1.06559e+17 1.16829e+17 1.16829e+17 1.06559e+17 8.79554e+16 6.44714e+16 4.03294e+16 1.96318e+16 5.58357e+15 6.59447e+13 1.31708e+12 3.08778e+10 7.2157e+08 1.67874e+07 372135
231441 1.04097e+07 4.46279e+08 1.90574e+10 8.11543e+11 4.06512e+13 3.48419e+15 1.22629e+16 2.52046e+16 4.03064e+16 5.50007e+16 6.66433e+16 7.30713e+16 7.30713e+16 6.66433e+16 5.50007e+16 4.03064e+16 2.52046e+16 1.22629e+16 3.48419e+15 4.06512e+13 8.11543e+11 1.90574e+10 4.46279e+08 1.04097e+07 231441
113726 5.06324e+06 2.15033e+08 9.1113e+09 3.85745e+11 1.93102e+13 1.68878e+15 5.95371e+15 1.22471e+16 1.95954e+16 2.67483e+16 3.2417e+16 3.55471e+16 3.55471e+16 3.2417e+16 2.67483e+16 1.95954e+16 1.22471e+16 5.95371e+15 1.68878e+15 1.93102e+13 3.85745e+11 9.1113e+09 2.15033e+08 5.06324e+06 113726
37728.5 1.60756e+06 6.51098e+07 2.63153e+09 1.06689e+11 5.21145e+12 4.75771e+14 1.68312e+15 3.46809e+15 5.55478e+15 7.58754e+15 9.19928e+15 1.00894e+16 1.00894e+16 9.19927e+15 7.58754e+15 5.55478e+15 3.46809e+15 1.68312e+15 4.75771e+14 5.21145e+12 1.06689e+11 2.63153e+09 6.51098e+07 1.60756e+06 37728.5
6372.8 223152 6.80485e+06 1.79236e+08 3.50251e+09 4.98832e+10 4.98608e+12 1.84445e+13 3.88191e+13 6.29893e+13 8.67652e+13 1.05732e+14 1.16242e+14 1.16242e+14 1.05732e+14 8.67652e+13 6.29893e+13 3.88191e+13 1.84445e+13 4.98608e+12 4.98832e+10 3.50251e+09 1.79236e+08 6.80485e+06 223152 6372.8
676.097 19254.1 452778 8.91736e+06 1.49448e+08 3.39177e+09 1.01538e+11 3.66623e+11 7.71235e+11 1.25212e+12 1.72547e+12 2.1032e+12 2.31256e+12 2.31256e+12 2.1032e+12 1.72547e+12 1.25212e+12 7.71235e+11 3.66623e+11 1.01538e+11 3.39177e+09 1.49448e+08 8.91736e+06 452778 19254.1 676.097
54.0869 1310.38 26284.7 477272 8.71342e+06 1.72247e+08 2.5046e+09 8.66072e+09 1.81134e+10 2.9359e+10 4.04234e+10 4.9249e+10 5.41393e+10 5.41393e+10 4.9249e+10 4.04234e+10 2.9359e+10 1.81134e+10 8.66072e+09 2.5046e+09 1.72247e+08 8.71342e+06 477272 26284.7 1310.38 54.0869
3.67578 79.9567 1476.65 25829.4 437977 6.51744e+06 6.19697e+07 2.04424e+08 4.24232e+08 6.86174e+08 9.43861e+08 1.14933e+09 1.26315e+09 1.26315e+09 1.14933e+09 9.43861e+08 6.86174e+08 4.24232e+08 2.04424e+08 6.19697e+07 6.51744e+06 437977 25829.4 1476.65 79.9567 3.67578
0.225689 4.55881 78.8494 1274.54 18531.7 213332 1.53001e+06 4.814e+06 9.89679e+06 1.59661e+07 2.19377e+07 2.66976e+07 2.93338e+07 2.93338e+07 2.66976e+07 2.19377e+07 1.5966e+07 9.89679e+06 4.814e+06 1.53001e+06 213332 18531.7 1274.54 78.8494 4.55881 0.225689
0.0117376 0.223231 3.59203 52.3053 648.913 6085.65 35908.2 108140 220066 353973 485774 590808 648963 648963 590808 485774 353973 220066 108140 35908.2 6085.65 648.913 52.3053 3.59203 0.223231 0.0117376
