0.0325448 0.615248 9.83633 142.315 1754.53 16352 95834.7 286046 575995 916595 1.24606e+06 1.50496e+06 1.647e+06 1.647e+06 1.50496e+06 1.24606e+06 916595 575995 286046 95834.7 16352 1754.53 142.315 9.83633 0.615248 0.0325448
0.622478 12.496 214.73 3448.47 49820.8 569988 4.06151e+06 1.26616e+07 2.57435e+07 4.10665e+07 5.58723e+07 6.75029e+07 7.38837e+07 7.38837e+07 6.75029e+07 5.58723e+07 4.10665e+07 2.57435e+07 1.26616e+07 4.06151e+06 569988 49820.8 3448.47 214.73 12.496 0.622478
10.081 217.953 4000.88 69559.2 1.17205e+06 1.73348e+07 1.63835e+08 5.35311e+08 1.09808e+09 1.75529e+09 2.38974e+09 2.88802e+09 3.16137e+09 3.16137e+09 2.88802e+09 2.38974e+09 1.75529e+09 1.09808e+09 5.35311e+08 1.63835e+08 1.73348e+07 1.17205e+06 69559.2 4000.88 217.953 10.081
147.475 3551.99 70872.4 1.28059e+06 2.32475e+07 4.56706e+08 6.60478e+09 2.26127e+10 4.67203e+10 7.47997e+10 1.01891e+11 1.23164e+11 1.34835e+11 1.34835e+11 1.23164e+11 1.01891e+11 7.47997e+10 4.67203e+10 2.26127e+10 6.60478e+09 4.56706e+08 2.32475e+07 1.28059e+06 70872.4 3551.99 147.475
1832.38 51885.6 1.21438e+06 2.38335e+07 3.98152e+08 8.97994e+09 2.67456e+11 9.55666e+11 1.9848e+12 3.18124e+12 4.33526e+12 5.24145e+12 5.73853e+12 5.73853e+12 5.24145e+12 4.33526e+12 3.18124e+12 1.9848e+12 9.55666e+11 2.67456e+11 8.97994e+09 3.98152e+08 2.38335e+07 1.21438e+06 51885.6 1832.38
17163.4 597668 1.81453e+07 4.76538e+08 9.30186e+09 1.32501e+11 1.31402e+13 4.80941e+13 9.99241e+13 1.60068e+14 2.1805e+14 2.6357e+14 2.88537e+14 2.88537e+14 2.6357e+14 2.1805e+14 1.60068e+14 9.99241e+13 4.80941e+13 1.31402e+13 1.32501e+11 9.30186e+09 4.76538e+08 1.81453e+07 597668 17163.4
100899 4.27639e+06 1.72517e+08 6.95548e+09 2.81699e+11 1.3759e+13 1.2529e+15 4.40027e+15 8.98586e+15 1.42635e+16 1.93319e+16 2.33053e+16 2.5484e+16 2.5484e+16 2.33053e+16 1.93319e+16 1.42635e+16 8.98586e+15 4.40027e+15 1.2529e+15 1.3759e+13 2.81699e+11 6.95548e+09 1.72517e+08 4.27639e+06 100899
301318 1.33398e+07 5.64088e+08 2.38329e+10 1.00744e+12 5.04201e+13 4.41362e+15 1.54557e+16 3.15225e+16 5.00019e+16 6.77429e+16 8.16494e+16 8.92745e+16 8.92745e+16 8.16494e+16 6.77429e+16 5.0002e+16 3.15225e+16 1.54557e+16 4.41362e+15 5.04201e+13 1.00744e+12 2.38329e+10 5.64088e+08 1.33398e+07 301318
606470 2.711e+07 1.15657e+09 4.9218e+10 2.0913e+12 1.04722e+14 9.01992e+15 3.15472e+16 6.43058e+16 1.0197e+17 1.38122e+17 1.66457e+17 1.81993e+17 1.81993e+17 1.66457e+17 1.38122e+17 1.0197e+17 6.43058e+16 3.15472e+16 9.01992e+15 1.04722e+14 2.0913e+12 4.9218e+10 1.15657e+09 2.711e+07 606470
964246 4.32075e+07 1.84708e+09 7.87236e+10 3.34866e+12 1.67605e+14 1.43173e+16 5.00419e+16 1.01973e+17 1.61665e+17 2.18951e+17 2.63846e+17 2.8846e+17 2.8846e+17 2.63846e+17 2.18951e+17 1.61665e+17 1.01973e+17 5.00419e+16 1.43173e+16 1.67605e+14 3.34866e+12 7.87236e+10 1.84708e+09 4.32075e+07 964246
1.30956e+06 5.8726e+07 2.51209e+09 1.0712e+11 4.55835e+12 2.28078e+14 1.93981e+16 6.77761e+16 1.38085e+17 2.18887e+17 2.9642e+17 3.57179e+17 3.90489e+17 3.90489e+17 3.57179e+17 2.9642e+17 2.18887e+17 1.38085e+17 6.77761e+16 1.93981e+16 2.28078e+14 4.55835e+12 1.0712e+11 2.51209e+09 5.8726e+07 1.30956e+06
1.58034e+06 7.08902e+07 3.03321e+09 1.29368e+11 5.50598e+12 2.75443e+14 2.33759e+16 8.16597e+16 1.66353e+17 2.63676e+17 3.57054e+17 4.30224e+17 4.70336e+17 4.70336e+17 4.30224e+17 3.57054e+17 2.63676e+17 1.66353e+17 8.16597e+16 2.33759e+16 2.75443e+14 5.50598e+12 1.29368e+11 3.03321e+09 7.08902e+07 1.58034e+06
1.72869e+06 7.75536e+07 3.31864e+09 1.41552e+11 6.02489e+12 3.01377e+14 2.55549e+16 8.92648e+16 1.81838e+17 2.8821e+17 3.90265e+17 4.70231e+17 5.14067e+17 5.14067e+17 4.70231e+17 3.90265e+17 2.8821e+17 1.81838e+17 8.92648e+16 2.55549e+16 3.01377e+14 6.02489e+12 1.41552e+11 3.31864e+09 7.75536e+07 1.72869e+06
1.72869e+06 7.75536e+07 3.31864e+09 1.41552e+11 6.02489e+12 3.01377e+14 2.55549e+16 8.92648e+16 1.81838e+17 2.8821e+17 3.90265e+17 4.70231e+17 5.14067e+17 5.14067e+17 4.70231e+17 3.90265e+17 2.8821e+17 1.81838e+17 8.92648e+16 2.55549e+16 3.01377e+14 6.02489e+12 1.41552e+11 3.31864e+09 7.75536e+07 1.72869e+06
1.58034e+06 7.08902e+07 3.03321e+09 1.29368e+11 5.50598e+12 2.75443e+14 2.33759e+16 8.16597e+16 1.66353e+17 2.63676e+17 3.57054e+17 4.30224e+17 4.70336e+17 4.70336e+17 4.30224e+17 3.57054e+17 2.63676e+17 1.66353e+17 8.16597e+16 2.33759e+16 2.75443e+14 5.50598e+12 1.29368e+11 3.03321e+09 7.08902e+07 1.58034e+06
1.30956e+06 5.8726e+07 2.51209e+09 1.0712e+11 4.55835e+12 2.28078e+14 1.93981e+16 6.77761e+16 1.38085e+17 2.18887e+17 2.9642e+17 3.57179e+17 3.90489e+17 3.90488e+17 3.57179e+17 2.9642e+17 2.18887e+17 1.38085e+17 6.77761e+16 1.93981e+16 2.28078e+14 4.55835e+12 1.0712e+11 2.51209e+09 5.8726e+07 1.30956e+06
964246 4.32075e+07 1.84708e+09 7.87236e+10 3.34866e+12 1.67605e+14 1.43173e+16 5.00419e+16 1.01973e+17 1.61665e+17 2.18951e+17 2.63846e+17 2.8846e+17 2.8846e+17 2.63846e+17 2.18951e+17 1.61665e+17 1.01973e+17 5.00419e+16 1.43173e+16 1.67605e+14 3.34866e+12 7.87236e+10 1.84708e+09 4.32075e+07 964246
606470 2.711e+07 1.15657e+09 4.9218e+10 2.0913e+12 1.04722e+14 9.01992e+15 3.15472e+16 6.43058e+16 1.0197e+17 1.38122e+17 1.66457e+17 1.81993e+17 1.81993e+17 1.66457e+17 1.38122e+17 1.0197e+17 6.43058e+16 3.15472e+16 9.01992e+15 1.04722e+14 2.0913e+12 4.9218e+10 1.15657e+09 2.711e+07 606470
301318 1.33398e+07 5.64088e+08 2.38329e+10 1.00744e+12 5.04201e+13 4.41362e+15 1.54557e+16 3.15225e+16 5.0002e+16 6.77429e+16 8.16494e+16 8.92745e+16 8.92745e+16 8.16494e+16 6.77429e+16 5.00019e+16 3.15225e+16 1.54557e+16 4.41362e+15 5.04201e+13 1.00744e+12 2.38329e+10 5.64088e+08 1.33398e+07 301318
100899 4.27639e+06 1.72517e+08 6.95548e+09 2.81699e+11 1.3759e+13 1.2529e+15 4.40027e+15 8.98586e+15 1.42635e+16 1.93319e+16 2.33053e+16 2.5484e+16 2.5484e+16 2.33053e+16 1.93319e+16 1.42635e+16 8.98586e+15 4.40027e+15 1.2529e+15 1.3759e+13 2.81699e+11 6.95548e+09 1.72517e+08 4.27639e+06 100899
17163.4 597668 1.81453e+07 4.76538e+08 9.30186e+09 1.32501e+11 1.31402e+13 4.80941e+13 9.99241e+13 1.60068e+14 2.1805e+14 2.6357e+14 2.88537e+14 2.88537e+14 2.6357e+14 2.1805e+14 1.60068e+14 9.99241e+13 4.80941e+13 1.31402e+13 1.32501e+11 9.30186e+09 4.76538e+08 1.81453e+07 597668 17163.4
1832.38 51885.6 1.21438e+06 2.38335e+07 3.98152e+08 8.97994e+09 2.67456e+11 9.55666e+11 1.9848e+12 3.18124e+12 4.33526e+12 5.24145e+12 5.73853e+12 5.73853e+12 5.24145e+12 4.33526e+12 3.18124e+12 1.9848e+12 9.55666e+11 2.67456e+11 8.97994e+09 3.98152e+08 2.38335e+07 1.21438e+06 51885.6 1832.38
147.475 3551.99 70872.4 1.28059e+06 2.32475e+07 4.56706e+08 6.60478e+09 2.26127e+10 4.67203e+10 7.47997e+10 1.01891e+11 1.23164e+11 1.34835e+11 1.34835e+11 1.23164e+11 1.01891e+11 7.47997e+10 4.67203e+10 2.26127e+10 6.60478e+09 4.56706e+08 2.32475e+07 1.28059e+06 70872.4 3551.99 147.475
10.081 217.953 4000.88 69559.2 1.17205e+06 1.73348e+07 1.63835e+08 5.35311e+08 1.09808e+09 1.75529e+09 2.38974e+09 2.88802e+09 3.16137e+09 3.16137e+09 2.88802e+09 2.38974e+09 1.75529e+09 1.09808e+09 5.35311e+08 1.63835e+08 1.73348e+07 1.17205e+06 69559.2 4000.88 217.953 10.081
0.622478 12.496 214.73 3448.47 49820.8 569988 4.06151e+06 1.26616e+07 2.57435e+07 4.10665e+07 5.58723e+07 6.75029e+07 7.38837e+07 7.38837e+07 6.75029e+07 5.58723e+07 4.10665e+07 2.57435e+07 1.26616e+07 4.06151e+06 569988 49820.8 3448.47 214.73 12.496 0.622478
0.0325448 0.615248 9.83633 142.315 1754.53 16352 95834.7 286046 575995 916595 1.24606e+06 1.50496e+06 1.647e+06 1.647e+06 1.50496e+06 1.24606e+06 916595 575995 286046 95834.7 16352 1754.53 142.315 9.83633 0.615248 0.0325448
