0.0144998 0.272962 4.34541 62.619 769.033 7140.04 41678.5 123814 248051 392873 532065 640937 700510 700510 640937 532065 392873 248051 123814 41678.5 7140.04 769.033 62.619 4.34541 0.272962 0.0144998
0.276184 5.51889 94.4077 1509.91 21730.9 247703 1.75821e+06 5.45395e+06 1.1029e+07 1.75059e+07 2.37222e+07 2.85822e+07 3.12412e+07 3.12412e+07 2.85822e+07 2.37222e+07 1.75059e+07 1.1029e+07 5.45395e+06 1.75821e+06 247703 21730.9 1509.91 94.4077 5.51889 0.276184
4.45401 95.8312 1750.93 30316.1 508954 7.50215e+06 7.06552e+07 2.29656e+08 4.68383e+08 7.44767e+08 1.00972e+09 1.21679e+09 1.33007e+09 1.33007e+09 1.21679e+09 1.00972e+09 7.44767e+08 4.68383e+08 2.29656e+08 7.06552e+07 7.50215e+06 508954 30316.1 1750.93 95.8312 4.45401
64.9007 1555.46 30891.1 555895 1.00569e+07 1.96999e+08 2.84061e+09 9.6721e+09 1.98618e+10 3.16226e+10 4.28876e+10 5.16899e+10 5.65048e+10 5.65048e+10 5.16899e+10 4.28876e+10 3.16226e+10 1.98618e+10 9.6721e+09 2.84061e+09 1.96999e+08 1.00569e+07 555895 30891.1 1555.46 64.9007
803.354 22636.6 527433 1.03115e+07 1.7169e+08 3.86327e+09 1.14838e+11 4.0795e+11 8.41794e+11 1.34139e+12 1.8197e+12 2.19341e+12 2.39782e+12 2.39782e+12 2.19341e+12 1.8197e+12 1.34139e+12 8.41794e+11 4.0795e+11 1.14838e+11 3.86327e+09 1.7169e+08 1.03115e+07 527434 22636.6 803.354
7496.63 259810 7.85517e+06 2.05601e+08 4.0021e+09 5.68669e+10 5.63862e+12 2.05129e+13 4.23368e+13 6.74187e+13 9.14206e+13 1.1017e+14 1.20425e+14 1.20425e+14 1.1017e+14 9.14206e+13 6.74187e+13 4.23368e+13 2.05129e+13 5.63862e+12 5.68669e+10 4.0021e+09 2.05601e+08 7.85517e+06 259810 7496.63
43896.1 1.85192e+06 7.44284e+07 2.99271e+09 1.2101e+11 5.90757e+12 5.37403e+14 1.87883e+15 3.8171e+15 6.03057e+15 8.143e+15 9.79184e+15 1.06936e+16 1.06936e+16 9.79184e+15 8.143e+15 6.03056e+15 3.8171e+15 1.87883e+15 5.37403e+14 5.90757e+12 1.2101e+11 2.99271e+09 7.44284e+07 1.85192e+06 43896.1
130464 5.74795e+06 2.42084e+08 1.01977e+10 4.30213e+11 2.1515e+13 1.8843e+15 6.57035e+15 1.33345e+16 2.10554e+16 2.84224e+16 3.41723e+16 3.73171e+16 3.73171e+16 3.41723e+16 2.84224e+16 2.10554e+16 1.33345e+16 6.57035e+15 1.8843e+15 2.1515e+13 4.30213e+11 1.01977e+10 2.42084e+08 5.74795e+06 130464
261241 1.16175e+07 4.93464e+08 2.09294e+10 8.87214e+11 4.43849e+13 3.83059e+15 1.3343e+16 2.70682e+16 4.27315e+16 5.76753e+16 6.93382e+16 7.5717e+16 7.5717e+16 6.93382e+16 5.76753e+16 4.27315e+16 2.70682e+16 1.3343e+16 3.83059e+15 4.43849e+13 8.87214e+11 2.09294e+10 4.93464e+08 1.16175e+07 261241
413381 1.84224e+07 7.83878e+08 3.32886e+10 1.41228e+12 7.06122e+13 6.05111e+15 2.1067e+16 4.27279e+16 6.7444e+16 9.1023e+16 1.09424e+17 1.19489e+17 1.19488e+17 1.09424e+17 9.1023e+16 6.7444e+16 4.27279e+16 2.1067e+16 6.05111e+15 7.06122e+13 1.41228e+12 3.32886e+10 7.83878e+08 1.84224e+07 413381
559274 2.49382e+07 1.0616e+09 4.50969e+10 1.91368e+12 9.56468e+13 8.16739e+15 2.84274e+16 5.76494e+16 9.099e+16 1.22795e+17 1.47615e+17 1.61189e+17 1.61189e+17 1.47615e+17 1.22795e+17 9.099e+16 5.76494e+16 2.84274e+16 8.16739e+15 9.56468e+13 1.91368e+12 4.50969e+10 1.0616e+09 2.49382e+07 559274
673149 3.00213e+07 1.27817e+09 5.43023e+10 2.30448e+12 1.15157e+14 9.81696e+15 3.41646e+16 6.92801e+16 1.09343e+17 1.47558e+17 1.7738e+17 1.93689e+17 1.93689e+17 1.7738e+17 1.47558e+17 1.09343e+17 6.92801e+16 3.41646e+16 9.81696e+15 1.15157e+14 2.30448e+12 5.43023e+10 1.27817e+09 3.00213e+07 673149
735369 3.27981e+07 1.39645e+09 5.93296e+10 2.51788e+12 1.25811e+14 1.07183e+16 3.72995e+16 7.56353e+16 1.19371e+17 1.61088e+17 1.93643e+17 2.11447e+17 2.11447e+17 1.93643e+17 1.61088e+17 1.19371e+17 7.56353e+16 3.72995e+16 1.07183e+16 1.25811e+14 2.51788e+12 5.93296e+10 1.39645e+09 3.27981e+07 735369
735369 3.27981e+07 1.39645e+09 5.93296e+10 2.51788e+12 1.25811e+14 1.07183e+16 3.72995e+16 7.56353e+16 1.19371e+17 1.61088e+17 1.93643e+17 2.11447e+17 2.11447e+17 1.93643e+17 1.61088e+17 1.19371e+17 7.56353e+16 3.72995e+16 1.07183e+16 1.25811e+14 2.51788e+12 5.93296e+10 1.39645e+09 3.27981e+07 735369
673149 3.00213e+07 1.27817e+09 5.43023e+10 2.30448e+12 1.15157e+14 9.81696e+15 3.41646e+16 6.92801e+16 1.09343e+17 1.47558e+17 1.7738e+17 1.93689e+17 1.93689e+17 1.7738e+17 1.47558e+17 1.09343e+17 6.92801e+16 3.41646e+16 9.81696e+15 1.15157e+14 2.30448e+12 5.43023e+10 1.27817e+09 3.00213e+07 673149
559274 2.49382e+07 1.0616e+09 4.50969e+10 1.91368e+12 9.56468e+13 8.16739e+15 2.84274e+16 5.76494e+16 9.099e+16 1.22795e+17 1.47615e+17 1.61189e+17 1.61189e+17 1.47615e+17 1.22795e+17 9.099e+16 5.76494e+16 2.84274e+16 8.16739e+15 9.56468e+13 1.91368e+12 4.50969e+10 1.0616e+09 2.49382e+07 559274
413381 1.84224e+07 7.83878e+08 3.32886e+10 1.41228e+12 7.06122e+13 6.05111e+15 2.1067e+16 4.27279e+16 6.7444e+16 9.1023e+16 1.09424e+17 1.19488e+17 1.19489e+17 1.09424e+17 9.1023e+16 6.7444e+16 4.27279e+16 2.1067e+16 6.05111e+15 7.06122e+13 1.41228e+12 3.32886e+10 7.83878e+08 1.84224e+07 413381
261241 1.16175e+07 4.93464e+08 2.09294e+10 8.87214e+11 4.43849e+13 3.83059e+15 1.3343e+16 2.70682e+16 4.27315e+16 5.76753e+16 6.93382e+16 7.5717e+16 7.5717e+16 6.93382e+16 5.76753e+16 4.27315e+16 2.70682e+16 1.3343e+16 3.83059e+15 4.43849e+13 8.87214e+11 2.09294e+10 4.93464e+08 1.16175e+07 261241
130464 5.74795e+06 2.42084e+08 1.01977e+10 4.30213e+11 2.1515e+13 1.8843e+15 6.57035e+15 1.33345e+16 2.10554e+16 2.84224e+16 3.41723e+16 3.73171e+16 3.73171e+16 3.41723e+16 2.84224e+16 2.10554e+16 1.33345e+16 6.57035e+15 1.8843e+15 2.1515e+13 4.30213e+11 1.01977e+10 2.42084e+08 5.74795e+06 130464
43896.1 1.85192e+06 7.44284e+07 2.99271e+09 1.2101e+11 5.90757e+12 5.37403e+14 1.87883e+15 3.8171e+15 6.03056e+15 8.143e+15 9.79184e+15 1.06936e+16 1.06936e+16 9.79184e+15 8.143e+15 6.03056e+15 3.8171e+15 1.87883e+15 5.37403e+14 5.90757e+12 1.2101e+11 2.99271e+09 7.44284e+07 1.85192e+06 43896.1
7496.63 259810 7.85517e+06 2.05601e+08 4.0021e+09 5.68669e+10 5.63862e+12 2.05129e+13 4.23368e+13 6.74187e+13 9.14206e+13 1.1017e+14 1.20425e+14 1.20425e+14 1.1017e+14 9.14206e+13 6.74187e+13 4.23368e+13 2.05129e+13 5.63862e+12 5.68669e+10 4.0021e+09 2.05601e+08 7.85517e+06 259810 7496.63
803.354 22636.6 527434 1.03115e+07 1.7169e+08 3.86327e+09 1.14838e+11 4.0795e+11 8.41794e+11 1.34139e+12 1.8197e+12 2.19341e+12 2.39782e+12 2.39782e+12 2.19341e+12 1.8197e+12 1.34139e+12 8.41794e+11 4.0795e+11 1.14838e+11 3.86327e+09 1.7169e+08 1.03115e+07 527433 22636.6 803.354
64.9007 1555.46 30891.1 555895 1.00569e+07 1.96999e+08 2.84061e+09 9.6721e+09 1.98618e+10 3.16226e+10 4.28876e+10 5.16899e+10 5.65048e+10 5.65048e+10 5.16899e+10 4.28876e+10 3.16226e+10 1.98618e+10 9.6721e+09 2.84061e+09 1.96999e+08 1.00569e+07 555895 30891.1 1555.46 64.9007
4.45401 95.8312 1750.93 30316.1 508954 7.50215e+06 7.06552e+07 2.29656e+08 4.68383e+08 7.44767e+08 1.00972e+09 1.21679e+09 1.33007e+09 1.33007e+09 1.21679e+09 1.00972e+09 7.44767e+08 4.68383e+08 2.29656e+08 7.06552e+07 7.50215e+06 508954 30316.1 1750.93 95.8312 4.45401
0.276184 5.51889 94.4077 1509.91 21730.9 247703 1.75821e+06 5.45395e+06 1.1029e+07 1.75059e+07 2.37222e+07 2.85822e+07 3.12412e+07 3.12412e+07 2.85822e+07 2.37222e+07 1.75059e+07 1.1029e+07 5.45395e+06 1.75821e+06 247703 21730.9 1509.91 94.4077 5.51889 0.276184
0.0144998 0.272962 4.34541 62.619 769.033 7140.04 41678.5 123814 248051 392873 532065 640937 700510 700510 640937 532065 392873 248051 123814 41678.5 7140.04 769.033 62.619 4.34541 0.272962 0.0144998
