0.00177161 0.0333424 0.530857 7.65306 94.0339 873.439 5101.51 15176 30469.5 48386.4 65703.8 79319.1 86796.3 86796.3 79319.1 65703.8 48386.4 30469.5 15176 5101.51 873.439 94.0339 7.65306 0.530857 0.0333424 0.00177161
0.0337094 0.673185 11.514 184.225 2653.16 30260.3 214912 667566 1.35291e+06 2.15324e+06 2.92589e+06 3.5332e+06 3.86673e+06 3.86673e+06 3.5332e+06 2.92589e+06 2.15324e+06 1.35291e+06 667566 214912 30260.3 2653.16 184.225 11.514 0.673185 0.0337094
0.543238 11.6757 213.186 3691.75 62034.5 915274 8.62552e+06 2.80744e+07 5.73851e+07 9.15023e+07 1.24408e+08 1.50271e+08 1.64475e+08 1.64475e+08 1.50271e+08 1.24408e+08 9.15023e+07 5.73851e+07 2.80744e+07 8.62551e+06 915274 62034.5 3691.75 213.186 11.6757 0.543238
7.91392 189.408 3756.84 67563.4 1.22327e+06 2.40023e+07 3.46406e+08 1.1811e+09 2.43092e+09 3.88154e+09 5.27988e+09 6.37896e+09 6.98266e+09 6.98266e+09 6.37896e+09 5.27988e+09 3.88154e+09 2.43092e+09 1.1811e+09 3.46406e+08 2.40023e+07 1.22327e+06 67563.4 3756.84 189.408 7.91392
97.9787 2756.74 64133.3 1.25191e+06 2.08271e+07 4.69882e+08 1.39918e+10 4.97721e+10 1.02943e+11 1.64529e+11 2.23887e+11 2.7055e+11 2.96183e+11 2.96183e+11 2.7055e+11 2.23887e+11 1.64529e+11 1.02943e+11 4.97721e+10 1.39918e+10 4.69882e+08 2.08271e+07 1.25191e+06 64133.3 2756.74 97.9787
914.733 31656.8 955757 2.49785e+07 4.85189e+08 6.87909e+09 6.86279e+11 2.49982e+12 5.17089e+12 8.25826e+12 1.12321e+13 1.35692e+13 1.4853e+13 1.4853e+13 1.35692e+13 1.12321e+13 8.25826e+12 5.17089e+12 2.49982e+12 6.86279e+11 6.87909e+09 4.85189e+08 2.49785e+07 955757 31656.8 914.733
5360.46 225834 9.06456e+06 3.64076e+08 1.47078e+10 7.17792e+11 6.53815e+13 2.28692e+14 4.6509e+14 7.35841e+14 9.95137e+14 1.19819e+15 1.30951e+15 1.30951e+15 1.19819e+15 9.95137e+14 7.35841e+14 4.6509e+14 2.28692e+14 6.53815e+13 7.17792e+11 1.47078e+10 3.64076e+08 9.06456e+06 225834 5360.46
15957.3 702048 2.95299e+07 1.24256e+09 5.23726e+10 2.61787e+12 2.29367e+14 8.00095e+14 1.62531e+15 2.56983e+15 3.47405e+15 4.18198e+15 4.57002e+15 4.57002e+15 4.18198e+15 3.47405e+15 2.56983e+15 1.62531e+15 8.00095e+14 2.29367e+14 2.61787e+12 5.23726e+10 1.24256e+09 2.95299e+07 702048 15957.3
32029.3 1.42239e+06 6.03428e+07 2.55667e+09 1.08287e+11 5.41394e+12 4.66832e+14 1.62663e+15 3.3028e+15 5.22084e+15 7.05675e+15 8.49399e+15 9.28177e+15 9.28177e+15 8.49399e+15 7.05675e+15 5.22084e+15 3.3028e+15 1.62663e+15 4.66832e+14 5.41394e+12 1.08287e+11 2.55667e+09 6.03428e+07 1.42239e+06 32029.3
50829.7 2.2623e+06 9.61512e+07 4.07938e+09 1.72942e+11 8.64066e+12 7.38679e+14 2.57227e+15 5.2216e+15 8.25278e+15 1.11539e+16 1.34249e+16 1.46697e+16 1.46697e+16 1.34249e+16 1.11539e+16 8.25278e+15 5.2216e+15 2.57227e+15 7.38679e+14 8.64066e+12 1.72942e+11 4.07938e+09 9.61512e+07 2.2623e+06 50829.7
68969.6 3.07169e+06 1.30625e+08 5.54443e+09 2.35136e+11 1.17429e+13 9.98807e+14 3.47686e+15 7.05685e+15 1.11525e+16 1.50721e+16 1.81404e+16 1.98222e+16 1.98222e+16 1.81404e+16 1.50721e+16 1.11525e+16 7.05685e+15 3.47686e+15 9.98807e+14 1.17429e+13 2.35136e+11 5.54443e+09 1.30625e+08 3.07169e+06 68969.6
83208.8 3.70685e+06 1.57673e+08 6.69392e+09 2.8394e+11 1.41767e+13 1.20234e+15 4.18451e+15 8.49243e+15 1.34206e+16 1.81369e+16 2.18287e+16 2.38522e+16 2.38522e+16 2.18287e+16 1.81369e+16 1.34206e+16 8.49243e+15 4.18451e+15 1.20234e+15 1.41767e+13 2.8394e+11 6.69392e+09 1.57673e+08 3.70685e+06 83208.8
91019.9 4.05526e+06 1.7251e+08 7.32453e+09 3.10715e+11 1.55118e+13 1.31384e+15 4.57215e+15 9.27882e+15 1.4663e+16 1.98157e+16 2.3849e+16 2.60597e+16 2.60597e+16 2.3849e+16 1.98157e+16 1.4663e+16 9.27882e+15 4.57215e+15 1.31384e+15 1.55118e+13 3.10715e+11 7.32453e+09 1.7251e+08 4.05526e+06 91019.9
91019.9 4.05526e+06 1.7251e+08 7.32453e+09 3.10715e+11 1.55118e+13 1.31384e+15 4.57215e+15 9.27882e+15 1.4663e+16 1.98157e+16 2.3849e+16 2.60597e+16 2.60597e+16 2.3849e+16 1.98157e+16 1.4663e+16 9.27882e+15 4.57215e+15 1.31384e+15 1.55118e+13 3.10715e+11 7.32453e+09 1.7251e+08 4.05526e+06 91019.9
83208.8 3.70685e+06 1.57673e+08 6.69392e+09 2.8394e+11 1.41767e+13 1.20234e+15 4.18451e+15 8.49243e+15 1.34206e+16 1.81369e+16 2.18287e+16 2.38522e+16 2.38522e+16 2.18287e+16 1.81369e+16 1.34206e+16 8.49243e+15 4.18451e+15 1.20234e+15 1.41767e+13 2.8394e+11 6.69392e+09 1.57673e+08 3.70685e+06 83208.8
68969.6 3.07169e+06 1.30625e+08 5.54443e+09 2.35136e+11 1.17429e+13 9.98807e+14 3.47686e+15 7.05685e+15 1.11525e+16 1.50721e+16 1.81404e+16 1.98222e+16 1.98222e+16 1.81404e+16 1.50721e+16 1.11525e+16 7.05685e+15 3.47686e+15 9.98807e+14 1.17429e+13 2.35136e+11 5.54443e+09 1.30625e+08 3.07169e+06 68969.6
50829.7 2.2623e+06 9.61512e+07 4.07938e+09 1.72942e+11 8.64066e+12 7.38679e+14 2.57227e+15 5.2216e+15 8.25278e+15 1.11539e+16 1.34249e+16 1.46697e+16 1.46697e+16 1.34249e+16 1.11539e+16 8.25278e+15 5.2216e+15 2.57227e+15 7.38679e+14 8.64066e+12 1.72942e+11 4.07938e+09 9.61512e+07 2.2623e+06 50829.7
32029.3 1.42239e+06 6.03428e+07 2.55667e+09 1.08287e+11 5.41394e+12 4.66832e+14 1.62663e+15 3.3028e+15 5.22084e+15 7.05675e+15 8.49399e+15 9.28177e+15 9.28177e+15 8.49399e+15 7.05675e+15 5.22084e+15 3.3028e+15 1.62663e+15 4.66832e+14 5.41394e+12 1.08287e+11 2.55667e+09 6.03428e+07 1.42239e+06 32029.3
15957.3 702048 2.95299e+07 1.24256e+09 5.23726e+10 2.61787e+12 2.29367e+14 8.00095e+14 1.62531e+15 2.56983e+15 3.47405e+15 4.18198e+15 4.57002e+15 4.57002e+15 4.18198e+15 3.47405e+15 2.56983e+15 1.62531e+15 8.00095e+14 2.29367e+14 2.61787e+12 5.23726e+10 1.24256e+09 2.95299e+07 702048 15957.3
5360.46 225834 9.06456e+06 3.64076e+08 1.47078e+10 7.17792e+11 6.53815e+13 2.28692e+14 4.6509e+14 7.35841e+14 9.95137e+14 1.19819e+15 1.30951e+15 1.30951e+15 1.19819e+15 9.95137e+14 7.35841e+14 4.6509e+14 2.28692e+14 6.53815e+13 7.17792e+11 1.47078e+10 3.64076e+08 9.06456e+06 225834 5360.46
914.733 31656.8 955757 2.49785e+07 4.85189e+08 6.87909e+09 6.86279e+11 2.49982e+12 5.17089e+12 8.25826e+12 1.12321e+13 1.35692e+13 1.4853e+13 1.4853e+13 1.35692e+13 1.12321e+13 8.25826e+12 5.17089e+12 2.49982e+12 6.86279e+11 6.87909e+09 4.85189e+08 2.49785e+07 955757 31656.8 914.733
97.9787 2756.74 64133.3 1.25191e+06 2.08271e+07 4.69882e+08 1.39918e+10 4.97721e+10 1.02943e+11 1.64529e+11 2.23887e+11 2.7055e+11 2.96183e+11 2.96183e+11 2.7055e+11 2.23887e+11 1.64529e+11 1.02943e+11 4.97721e+10 1.39918e+10 4.69882e+08 2.08271e+07 1.25191e+06 64133.3 2756.74 97.9787
7.91392 189.408 3756.84 67563.4 1.22327e+06 2.40023e+07 3.46406e+08 1.1811e+09 2.43092e+09 3.88154e+09 5.27988e+09 6.37896e+09 6.98266e+09 6.98266e+09 6.37896e+09 5.27988e+09 3.88154e+09 2.43092e+09 1.1811e+09 3.46406e+08 2.40023e+07 1.22327e+06 67563.4 3756.84 189.408 7.91392
0.543238 11.6757 213.186 3691.75 62034.5 915274 8.62551e+06 2.80744e+07 5.73851e+07 9.15023e+07 1.24408e+08 1.50271e+08 1.64475e+08 1.64475e+08 1.50271e+08 1.24408e+08 9.15023e+07 5.73851e+07 2.80744e+07 8.62551e+06 915274 62034.5 3691.75 213.186 11.6757 0.543238
0.0337094 0.673185 11.514 184.225 2653.16 30260.3 214912 667566 1.35291e+06 2.15324e+06 2.92589e+06 3.5332e+06 3.86673e+06 3.86673e+06 3.5332e+06 2.92589e+06 2.15324e+06 1.35291e+06 667566 214912 30260.3 2653.16 184.225 11.514 0.673185 0.0337094
0.00177161 0.0333424 0.530857 7.65306 94.0339 873.439 5101.51 15176 30469.5 48386.4 65703.8 79319.1 86796.3 86796.3 79319.1 65703.8 48386.4 30469.5 15176 5101.51 873.439 94.0339 7.65306 0.530857 0.0333424 0.00177161
