0.00786699 0.147763 2.34596 33.7106 412.885 3824.08 22272.3 66002 131881 208357 281595 338725 369936 369936 338725 281595 208357 131881 66002 22272.3 3824.08 412.885 33.7106 2.34596 0.147763 0.00786699
0.149643 2.98397 50.9124 811.871 11649.7 132439 937895 2.90186e+06 5.85172e+06 9.26365e+06 1.25259e+07 1.50693e+07 1.64584e+07 1.64584e+07 1.50693e+07 1.25259e+07 9.26365e+06 5.85172e+06 2.90186e+06 937895 132439 11649.7 811.871 50.9124 2.98397 0.149643
2.40913 51.7407 943.317 16288.3 272563 4.00552e+06 3.76349e+07 1.21997e+08 2.48074e+08 3.93356e+08 5.32078e+08 6.40184e+08 6.99222e+08 6.99222e+08 6.40184e+08 5.32078e+08 3.93356e+08 2.48074e+08 1.21997e+08 3.76349e+07 4.00552e+06 272563 16288.3 943.317 51.7407 2.40913
35.0314 838.277 16622.4 298570 5.385e+06 1.05088e+08 1.51147e+09 5.13184e+09 1.05052e+10 1.66765e+10 2.25634e+10 2.71497e+10 2.96541e+10 2.96541e+10 2.71497e+10 2.25634e+10 1.66765e+10 1.05052e+10 5.13184e+09 1.51147e+09 1.05088e+08 5.385e+06 298570 16622.4 838.277 35.0314
432.613 12171.2 283245 5.53322e+06 9.20288e+07 2.0611e+09 6.10661e+10 2.16277e+11 4.44798e+11 7.06598e+11 9.56188e+11 1.15061e+12 1.25676e+12 1.25676e+12 1.15061e+12 9.56188e+11 7.06598e+11 4.44798e+11 2.16277e+11 6.10661e+10 2.0611e+09 9.20288e+07 5.53322e+06 283245 12171.2 432.613
4027.25 139341 4.20733e+06 1.10045e+08 2.14318e+09 3.04864e+10 2.99896e+12 1.08757e+13 2.23699e+13 3.55114e+13 4.8034e+13 5.7787e+13 6.3112e+13 6.3112e+13 5.7787e+13 4.8034e+13 3.55114e+13 2.23699e+13 1.08757e+13 2.99896e+12 3.04864e+10 2.14318e+09 1.10045e+08 4.20733e+06 139341 4027.25
23524.8 990716 3.97584e+07 1.59696e+09 6.45318e+10 3.14818e+12 2.85768e+14 9.96799e+14 2.01992e+15 3.18356e+15 4.29034e+15 5.15209e+15 5.62272e+15 5.62272e+15 5.15209e+15 4.29034e+15 3.18356e+15 2.01992e+15 9.96799e+14 2.85768e+14 3.14818e+12 6.45318e+10 1.59696e+09 3.97584e+07 990716 23524.8
69743.3 3.06686e+06 1.28958e+08 5.42571e+09 2.2871e+11 1.14292e+13 9.99748e+14 3.47853e+15 7.04216e+15 1.10938e+16 1.49469e+16 1.79469e+16 1.95854e+16 1.95854e+16 1.79469e+16 1.49469e+16 1.10938e+16 7.04216e+15 3.47853e+15 9.99749e+14 1.14292e+13 2.2871e+11 5.42571e+09 1.28958e+08 3.06686e+06 69743.3
139285 6.18119e+06 2.62085e+08 1.11004e+10 4.70085e+11 2.34978e+13 2.02713e+15 7.04661e+15 1.42605e+16 2.2461e+16 3.02593e+16 3.6331e+16 3.9647e+16 3.9647e+16 3.6331e+16 3.02593e+16 2.2461e+16 1.42605e+16 7.04661e+15 2.02713e+15 2.34978e+13 4.70085e+11 1.11004e+10 2.62085e+08 6.18119e+06 139285
219858 9.77619e+06 4.15177e+08 1.7604e+10 7.46006e+11 3.72673e+13 3.19451e+15 1.10997e+16 2.2459e+16 3.53707e+16 4.76485e+16 5.72078e+16 6.24285e+16 6.24285e+16 5.72078e+16 4.76486e+16 3.53707e+16 2.2459e+16 1.10997e+16 3.19451e+15 3.72673e+13 7.46006e+11 1.7604e+10 4.15177e+08 9.77619e+06 219858
296851 1.32058e+07 5.61017e+08 2.37931e+10 1.00841e+12 5.03567e+13 4.30336e+15 1.49493e+16 3.02457e+16 4.76316e+16 6.41634e+16 7.70345e+16 8.40639e+16 8.40639e+16 7.70346e+16 6.41634e+16 4.76316e+16 3.02457e+16 1.49493e+16 4.30335e+15 5.03567e+13 1.00841e+12 2.37931e+10 5.61017e+08 1.32058e+07 296851
356793 1.58742e+07 6.74429e+08 2.86042e+10 1.21234e+12 6.05286e+13 5.1656e+15 1.79429e+16 3.63009e+16 5.71661e+16 7.70058e+16 9.24521e+16 1.00888e+17 1.00888e+17 9.24521e+16 7.70058e+16 5.71661e+16 3.63009e+16 1.79429e+16 5.1656e+15 6.05286e+13 1.21234e+12 2.86042e+10 6.74429e+08 1.58742e+07 356793
389495 1.73296e+07 7.36274e+08 3.12274e+10 1.32351e+12 6.60736e+13 5.63604e+15 1.95764e+16 3.9605e+16 6.23686e+16 8.40134e+16 1.00865e+17 1.10068e+17 1.10068e+17 1.00865e+17 8.40134e+16 6.23686e+16 3.9605e+16 1.95764e+16 5.63604e+15 6.60736e+13 1.32351e+12 3.12274e+10 7.36274e+08 1.73296e+07 389495
389495 1.73296e+07 7.36274e+08 3.12274e+10 1.32351e+12 6.60736e+13 5.63604e+15 1.95764e+16 3.9605e+16 6.23686e+16 8.40134e+16 1.00865e+17 1.10068e+17 1.10068e+17 1.00865e+17 8.40134e+16 6.23686e+16 3.9605e+16 1.95764e+16 5.63604e+15 6.60736e+13 1.32351e+12 3.12274e+10 7.36274e+08 1.73296e+07 389495
356793 1.58742e+07 6.74429e+08 2.86042e+10 1.21234e+12 6.05286e+13 5.1656e+15 1.79429e+16 3.63009e+16 5.71661e+16 7.70058e+16 9.24521e+16 1.00888e+17 1.00888e+17 9.24521e+16 7.70058e+16 5.71661e+16 3.63009e+16 1.79429e+16 5.1656e+15 6.05286e+13 1.21234e+12 2.86042e+10 6.74429e+08 1.58742e+07 356793
296851 1.32058e+07 5.61017e+08 2.37931e+10 1.00841e+12 5.03567e+13 4.30335e+15 1.49493e+16 3.02457e+16 4.76316e+16 6.41634e+16 7.70346e+16 8.40639e+16 8.40639e+16 7.70345e+16 6.41634e+16 4.76316e+16 3.02457e+16 1.49493e+16 4.30336e+15 5.03567e+13 1.00841e+12 2.37931e+10 5.61017e+08 1.32058e+07 296851
219858 9.77619e+06 4.15177e+08 1.7604e+10 7.46006e+11 3.72673e+13 3.19451e+15 1.10997e+16 2.2459e+16 3.53707e+16 4.76486e+16 5.72078e+16 6.24285e+16 6.24285e+16 5.72078e+16 4.76485e+16 3.53707e+16 2.2459e+16 1.10997e+16 3.19451e+15 3.72673e+13 7.46006e+11 1.7604e+10 4.15177e+08 9.77619e+06 219858
139285 6.18119e+06 2.62085e+08 1.11004e+10 4.70085e+11 2.34978e+13 2.02713e+15 7.04661e+15 1.42605e+16 2.2461e+16 3.02593e+16 3.6331e+16 3.9647e+16 3.9647e+16 3.6331e+16 3.02593e+16 2.2461e+16 1.42605e+16 7.04661e+15 2.02713e+15 2.34978e+13 4.70085e+11 1.11004e+10 2.62085e+08 6.18119e+06 139285
69743.3 3.06686e+06 1.28958e+08 5.42571e+09 2.2871e+11 1.14292e+13 9.99749e+14 3.47853e+15 7.04216e+15 1.10938e+16 1.49469e+16 1.79469e+16 1.95854e+16 1.95854e+16 1.79469e+16 1.49469e+16 1.10938e+16 7.04216e+15 3.47853e+15 9.99748e+14 1.14292e+13 2.2871e+11 5.42571e+09 1.28958e+08 3.06686e+06 69743.3
23524.8 990716 3.97584e+07 1.59696e+09 6.45318e+10 3.14818e+12 2.85768e+14 9.96799e+14 2.01992e+15 3.18356e+15 4.29034e+15 5.15209e+15 5.62272e+15 5.62272e+15 5.15209e+15 4.29034e+15 3.18356e+15 2.01992e+15 9.96799e+14 2.85768e+14 3.14818e+12 6.45318e+10 1.59696e+09 3.97584e+07 990716 23524.8
4027.25 139341 4.20733e+06 1.10045e+08 2.14318e+09 3.04864e+10 2.99896e+12 1.08757e+13 2.23699e+13 3.55114e+13 4.8034e+13 5.7787e+13 6.3112e+13 6.3112e+13 5.7787e+13 4.8034e+13 3.55114e+13 2.23699e+13 1.08757e+13 2.99896e+12 3.04864e+10 2.14318e+09 1.10045e+08 4.20733e+06 139341 4027.25
432.613 12171.2 283245 5.53322e+06 9.20288e+07 2.0611e+09 6.10661e+10 2.16277e+11 4.44798e+11 7.06598e+11 9.56188e+11 1.15061e+12 1.25676e+12 1.25676e+12 1.15061e+12 9.56188e+11 7.06598e+11 4.44798e+11 2.16277e+11 6.10661e+10 2.0611e+09 9.20288e+07 5.53322e+06 283245 12171.2 432.613
35.0314 838.277 16622.4 298570 5.385e+06 1.05088e+08 1.51147e+09 5.13184e+09 1.05052e+10 1.66765e+10 2.25634e+10 2.71497e+10 2.96541e+10 2.96541e+10 2.71497e+10 2.25634e+10 1.66765e+10 1.05052e+10 5.13184e+09 1.51147e+09 1.05088e+08 5.385e+06 298570 16622.4 838.277 35.0314
2.40913 51.7407 943.317 16288.3 272563 4.00552e+06 3.76349e+07 1.21997e+08 2.48074e+08 3.93356e+08 5.32078e+08 6.40184e+08 6.99222e+08 6.99222e+08 6.40184e+08 5.32078e+08 3.93356e+08 2.48074e+08 1.21997e+08 3.76349e+07 4.00552e+06 272563 16288.3 943.317 51.7407 2.40913
0.149643 2.98397 50.9124 811.871 11649.7 132439 937895 2.90186e+06 5.85172e+06 9.26365e+06 1.25259e+07 1.50693e+07 1.64584e+07 1.64584e+07 1.50693e+07 1.25259e+07 9.26365e+06 5.85172e+06 2.90186e+06 937895 132439 11649.7 811.871 50.9124 2.98397 0.149643
0.00786699 0.147763 2.34596 33.7106 412.885 3824.08 22272.3 66002 131881 208357 281595 338725 369936 369936 338725 281595 208357 131881 66002 22272.3 3824.08 412.885 33.7106 2.34596 0.147763 0.00786699
