28.3972 524.151 8076.3 111687 1.31625e+06 1.18075e+07 6.70612e+07 1.93409e+08 3.73611e+08 5.68497e+08 7.41301e+08 8.6702e+08 9.32425e+08 9.32425e+08 8.6702e+08 7.41301e+08 5.68497e+08 3.73611e+08 1.93409e+08 6.70612e+07 1.18075e+07 1.31625e+06 111687 8076.3 524.151 28.3972
544.081 10755.7 179327 2.74938e+06 3.76514e+07 4.1119e+08 2.83056e+09 8.51519e+09 1.65758e+10 2.52267e+10 3.28522e+10 3.83754e+10 4.12406e+10 4.12406e+10 3.83754e+10 3.28522e+10 2.52267e+10 1.65758e+10 8.51519e+09 2.83056e+09 4.1119e+08 3.76514e+07 2.74938e+06 179327 10755.7 544.081
8735.68 188149 3.40317e+06 5.69762e+07 9.02534e+08 1.25529e+10 1.13958e+11 3.58794e+11 7.03141e+11 1.06972e+12 1.39089e+12 1.62245e+12 1.74221e+12 1.74221e+12 1.62245e+12 1.39089e+12 1.06972e+12 7.03141e+11 3.58794e+11 1.13958e+11 1.25529e+10 9.02534e+08 5.69762e+07 3.40317e+06 188149 8735.68
124999 3.02423e+06 6.05908e+07 1.08338e+09 1.8628e+10 3.34987e+11 4.59524e+12 1.51369e+13 2.9812e+13 4.53113e+13 5.88122e+13 6.85011e+13 7.3496e+13 7.3496e+13 6.85011e+13 5.88122e+13 4.53113e+13 2.9812e+13 1.51369e+13 4.59524e+12 3.34987e+11 1.8628e+10 1.08338e+09 6.05908e+07 3.02423e+06 124999
1.50334e+06 4.2786e+07 1.01373e+09 2.02976e+10 3.4106e+11 6.8451e+12 1.86504e+14 6.40117e+14 1.26431e+15 1.91881e+15 2.48577e+15 2.89076e+15 3.09888e+15 3.09888e+15 2.89076e+15 2.48577e+15 1.91881e+15 1.26431e+15 6.40117e+14 1.86504e+14 6.8451e+12 3.4106e+11 2.02976e+10 1.01373e+09 4.2786e+07 1.50334e+06
1.35729e+07 4.72853e+08 1.4447e+10 3.86144e+11 7.91414e+12 1.19979e+14 9.32604e+15 3.2759e+16 6.47286e+16 9.8223e+16 1.27283e+17 1.48091e+17 1.58805e+17 1.58805e+17 1.48091e+17 1.27283e+17 9.8223e+16 6.47286e+16 3.2759e+16 9.32604e+15 1.19979e+14 7.91414e+12 3.86144e+11 1.4447e+10 4.72853e+08 1.35729e+07
7.69222e+07 3.24608e+09 1.30658e+11 5.26748e+12 2.13735e+14 1.03057e+16 8.85562e+17 3.0301e+18 5.98616e+18 9.17017e+18 1.20319e+19 1.41533e+19 1.52741e+19 1.52741e+19 1.41533e+19 1.20319e+19 9.17017e+18 5.98616e+18 3.0301e+18 8.85562e+17 1.03057e+16 2.13735e+14 5.26748e+12 1.30658e+11 3.24608e+09 7.69222e+07
2.21503e+08 9.74881e+09 4.10632e+11 1.73179e+13 7.32101e+14 3.62247e+16 3.04192e+18 1.03848e+19 2.04869e+19 3.13498e+19 4.10993e+19 4.83189e+19 5.21305e+19 5.21305e+19 4.83189e+19 4.10993e+19 3.13498e+19 2.04869e+19 1.03848e+19 3.04192e+18 3.62247e+16 7.32101e+14 1.73179e+13 4.10632e+11 9.74881e+09 2.21503e+08
4.274e+08 1.89553e+10 8.03776e+11 3.40661e+13 1.44419e+15 7.14941e+16 6.00563e+18 2.04742e+19 4.03125e+19 6.15575e+19 8.05456e+19 9.45562e+19 1.01935e+20 1.01935e+20 9.45562e+19 8.05456e+19 6.15575e+19 4.03125e+19 2.04742e+19 6.00563e+18 7.14941e+16 1.44419e+15 3.40661e+13 8.03776e+11 1.89553e+10 4.274e+08
6.49742e+08 2.88207e+10 1.22163e+12 5.17252e+13 2.18955e+15 1.08311e+17 9.18084e+18 3.12665e+19 6.14327e+19 9.35808e+19 1.22169e+20 1.43169e+20 1.54196e+20 1.54196e+20 1.43169e+20 1.22169e+20 9.35808e+19 6.14327e+19 3.12665e+19 9.18084e+18 1.08311e+17 2.18955e+15 5.17252e+13 1.22163e+12 2.88207e+10 6.49742e+08
8.46605e+08 3.75035e+10 1.58714e+12 6.7082e+13 2.83411e+15 1.40121e+17 1.20169e+19 4.08934e+19 8.01943e+19 1.21884e+20 1.58776e+20 1.85761e+20 1.99888e+20 1.99888e+20 1.85761e+20 1.58776e+20 1.21884e+20 8.01943e+19 4.08934e+19 1.20169e+19 1.40121e+17 2.83411e+15 6.7082e+13 1.58714e+12 3.75035e+10 8.46605e+08
9.89649e+08 4.37844e+10 1.85032e+12 7.80875e+13 3.29387e+15 1.62809e+17 1.41073e+19 4.79822e+19 9.396e+19 1.42558e+20 1.854e+20 2.16633e+20 2.32945e+20 2.32945e+20 2.16633e+20 1.854e+20 1.42558e+20 9.396e+19 4.79822e+19 1.41073e+19 1.62809e+17 3.29387e+15 7.80875e+13 1.85032e+12 4.37844e+10 9.89649e+08
1.064e+09 4.70398e+10 1.9863e+12 8.37558e+13 3.5299e+15 1.74458e+17 1.52072e+19 5.17098e+19 1.01181e+20 1.53369e+20 1.99282e+20 2.32691e+20 2.50119e+20 2.50119e+20 2.32691e+20 1.99282e+20 1.53369e+20 1.01181e+20 5.17098e+19 1.52072e+19 1.74458e+17 3.5299e+15 8.37558e+13 1.9863e+12 4.70398e+10 1.064e+09
1.064e+09 4.70398e+10 1.9863e+12 8.37558e+13 3.5299e+15 1.74458e+17 1.52072e+19 5.17098e+19 1.01181e+20 1.53369e+20 1.99282e+20 2.32691e+20 2.50119e+20 2.50119e+20 2.32691e+20 1.99282e+20 1.53369e+20 1.01181e+20 5.17098e+19 1.52072e+19 1.74458e+17 3.5299e+15 8.37558e+13 1.9863e+12 4.70398e+10 1.064e+09
9.89649e+08 4.37844e+10 1.85032e+12 7.80875e+13 3.29387e+15 1.62809e+17 1.41073e+19 4.79822e+19 9.396e+19 1.42558e+20 1.854e+20 2.16633e+20 2.32945e+20 2.32945e+20 2.16633e+20 1.854e+20 1.42558e+20 9.396e+19 4.79822e+19 1.41073e+19 1.62809e+17 3.29387e+15 7.80875e+13 1.85032e+12 4.37844e+10 9.89649e+08
8.46605e+08 3.75035e+10 1.58714e+12 6.7082e+13 2.83411e+15 1.40121e+17 1.20169e+19 4.08934e+19 8.01943e+19 1.21884e+20 1.58776e+20 1.85761e+20 1.99888e+20 1.99888e+20 1.85761e+20 1.58776e+20 1.21884e+20 8.01943e+19 4.08934e+19 1.20169e+19 1.40121e+17 2.83411e+15 6.7082e+13 1.58714e+12 3.75035e+10 8.46605e+08
6.49742e+08 2.88207e+10 1.22163e+12 5.17252e+13 2.18955e+15 1.08311e+17 9.18084e+18 3.12665e+19 6.14327e+19 9.35808e+19 1.22169e+20 1.43169e+20 1.54196e+20 1.54196e+20 1.43169e+20 1.22169e+20 9.35808e+19 6.14327e+19 3.12665e+19 9.18084e+18 1.08311e+17 2.18955e+15 5.17252e+13 1.22163e+12 2.88207e+10 6.49742e+08
4.274e+08 1.89553e+10 8.03776e+11 3.40661e+13 1.44419e+15 7.14941e+16 6.00563e+18 2.04742e+19 4.03125e+19 6.15575e+19 8.05456e+19 9.45562e+19 1.01935e+20 1.01935e+20 9.45562e+19 8.05456e+19 6.15575e+19 4.03125e+19 2.04742e+19 6.00563e+18 7.14941e+16 1.44419e+15 3.40661e+13 8.03776e+11 1.89553e+10 4.274e+08
2.21503e+08 9.74881e+09 4.10632e+11 1.73179e+13 7.32101e+14 3.62247e+16 3.04192e+18 1.03848e+19 2.04869e+19 3.13498e+19 4.10993e+19 4.83189e+19 5.21305e+19 5.21305e+19 4.83189e+19 4.10993e+19 3.13498e+19 2.04869e+19 1.03848e+19 3.04192e+18 3.62247e+16 7.32101e+14 1.73179e+13 4.10632e+11 9.74881e+09 2.21503e+08
7.69222e+07 3.24608e+09 1.30658e+11 5.26748e+12 2.13735e+14 1.03057e+16 8.85562e+17 3.0301e+18 5.98616e+18 9.17017e+18 1.20319e+19 1.41533e+19 1.52741e+19 1.52741e+19 1.41533e+19 1.20319e+19 9.17017e+18 5.98616e+18 3.0301e+18 8.85562e+17 1.03057e+16 2.13735e+14 5.26748e+12 1.30658e+11 3.24608e+09 7.69222e+07
1.35729e+07 4.72853e+08 1.4447e+10 3.86144e+11 7.91414e+12 1.19979e+14 9.32604e+15 3.2759e+16 6.47286e+16 9.8223e+16 1.27283e+17 1.48091e+17 1.58805e+17 1.58805e+17 1.48091e+17 1.27283e+17 9.8223e+16 6.47286e+16 3.2759e+16 9.32604e+15 1.19979e+14 7.91414e+12 3.86144e+11 1.4447e+10 4.72853e+08 1.35729e+07
1.50334e+06 4.2786e+07 1.01373e+09 2.02976e+10 3.4106e+11 6.84509e+12 1.86504e+14 6.40117e+14 1.26431e+15 1.91881e+15 2.48577e+15 2.89076e+15 3.09888e+15 3.09888e+15 2.89076e+15 2.48577e+15 1.91881e+15 1.26431e+15 6.40117e+14 1.86504e+14 6.8451e+12 3.4106e+11 2.02976e+10 1.01373e+09 4.2786e+07 1.50334e+06
124999 3.02423e+06 6.05908e+07 1.08338e+09 1.8628e+10 3.34987e+11 4.59524e+12 1.51369e+13 2.9812e+13 4.53113e+13 5.88122e+13 6.85011e+13 7.3496e+13 7.3496e+13 6.85011e+13 5.88122e+13 4.53113e+13 2.9812e+13 1.51369e+13 4.59524e+12 3.34987e+11 1.8628e+10 1.08338e+09 6.05908e+07 3.02423e+06 124999
8735.68 188149 3.40317e+06 5.69762e+07 9.02534e+08 1.25529e+10 1.13958e+11 3.58794e+11 7.03141e+11 1.06972e+12 1.39089e+12 1.62245e+12 1.74221e+12 1.74221e+12 1.62245e+12 1.39089e+12 1.06972e+12 7.03141e+11 3.58794e+11 1.13958e+11 1.25529e+10 9.02534e+08 5.69762e+07 3.40317e+06 188149 8735.68
544.081 10755.7 179327 2.74938e+06 3.76514e+07 4.1119e+08 2.83056e+09 8.51519e+09 1.65758e+10 2.52267e+10 3.28522e+10 3.83754e+10 4.12406e+10 4.12406e+10 3.83754e+10 3.28522e+10 2.52267e+10 1.65758e+10 8.51519e+09 2.83056e+09 4.1119e+08 3.76514e+07 2.74938e+06 179327 10755.7 544.081
28.3972 524.151 8076.3 111687 1.31625e+06 1.18075e+07 6.70612e+07 1.93409e+08 3.73611e+08 5.68497e+08 7.41301e+08 8.6702e+08 9.32425e+08 9.32425e+08 8.6702e+08 7.41301e+08 5.68497e+08 3.73611e+08 1.93409e+08 6.70612e+07 1.18075e+07 1.31625e+06 111687 8076.3 524.151 28.3972
