27.8159 513.161 7900.85 109155 1.28508e+06 1.15163e+07 6.53375e+07 1.88147e+08 3.62717e+08 5.50699e+08 7.1659e+08 8.36748e+08 8.99063e+08 8.99063e+08 8.36748e+08 7.1659e+08 5.50699e+08 3.62717e+08 1.88147e+08 6.53375e+07 1.15163e+07 1.28508e+06 109155 7900.85 513.161 27.8159
532.867 10530.4 175464 2.68765e+06 3.67649e+07 4.01067e+08 2.75796e+09 8.28377e+09 1.6092e+10 2.44344e+10 3.17514e+10 3.70267e+10 3.97542e+10 3.97542e+10 3.70267e+10 3.17514e+10 2.44344e+10 1.6092e+10 8.28377e+09 2.75796e+09 4.01067e+08 3.67649e+07 2.68765e+06 175464 10530.4 532.867
8552.61 184182 3.33031e+06 5.57159e+07 8.81534e+08 1.22452e+10 1.11044e+11 3.49061e+11 6.82608e+11 1.03601e+12 1.34404e+12 1.56505e+12 1.67894e+12 1.67894e+12 1.56505e+12 1.34404e+12 1.03601e+12 6.82608e+11 3.49061e+11 1.11044e+11 1.22452e+10 8.81534e+08 5.57159e+07 3.33031e+06 184182 8552.61
122306 2.95917e+06 5.92868e+07 1.05979e+09 1.82049e+10 3.26852e+11 4.4783e+12 1.47275e+13 2.89415e+13 4.38799e+13 5.68213e+13 6.60617e+13 7.0808e+13 7.0808e+13 6.60617e+13 5.68213e+13 4.38799e+13 2.89415e+13 1.47275e+13 4.4783e+12 3.26852e+11 1.82049e+10 1.05979e+09 5.92868e+07 2.95917e+06 122306
1.46979e+06 4.18344e+07 9.91335e+08 1.98538e+10 3.33603e+11 6.68302e+12 1.81789e+14 6.22876e+14 1.22743e+15 1.85807e+15 2.40126e+15 2.78721e+15 2.98478e+15 2.98478e+15 2.78721e+15 2.40126e+15 1.85807e+15 1.22743e+15 6.22876e+14 1.81789e+14 6.68302e+12 3.33603e+11 1.98538e+10 9.91335e+08 4.18344e+07 1.46979e+06
1.32577e+07 4.61895e+08 1.41139e+10 3.77342e+11 7.73907e+12 1.17424e+14 9.09435e+15 3.1892e+16 6.28747e+16 9.51737e+16 1.23045e+17 1.42902e+17 1.53091e+17 1.53091e+17 1.42902e+17 1.23045e+17 9.51737e+16 6.28747e+16 3.1892e+16 9.09435e+15 1.17424e+14 7.73907e+12 3.77342e+11 1.41139e+10 4.61895e+08 1.32577e+07
7.50531e+07 3.16732e+09 1.27496e+11 5.14053e+12 2.08614e+14 1.00584e+16 8.63476e+17 2.95149e+18 5.82278e+18 8.90653e+18 1.16701e+19 1.37136e+19 1.47914e+19 1.47914e+19 1.37136e+19 1.167e+19 8.90653e+18 5.82278e+18 2.95149e+18 8.63476e+17 1.00584e+16 2.08614e+14 5.14053e+12 1.27496e+11 3.16732e+09 7.50531e+07
2.15792e+08 9.49756e+09 4.00061e+11 1.68731e+13 7.13364e+14 3.52969e+16 2.96291e+18 1.01053e+19 1.99087e+19 3.04206e+19 3.98281e+19 4.67777e+19 5.04406e+19 5.04406e+19 4.67777e+19 3.98281e+19 3.04206e+19 1.99087e+19 1.01053e+19 2.96291e+18 3.52969e+16 7.13364e+14 1.68731e+13 4.00061e+11 9.49756e+09 2.15792e+08
4.15572e+08 1.84298e+10 7.81466e+11 3.312e+13 1.4041e+15 6.95083e+16 5.84102e+18 1.98946e+19 3.9119e+19 5.96474e+19 7.79417e+19 9.14069e+19 9.84866e+19 9.84866e+19 9.14069e+19 7.79417e+19 5.96474e+19 3.9119e+19 1.98946e+19 5.84102e+18 6.95083e+16 1.4041e+15 3.312e+13 7.81466e+11 1.84298e+10 4.15572e+08
6.30417e+08 2.796e+10 1.185e+12 5.01693e+13 2.12352e+15 1.05044e+17 8.9149e+18 3.03339e+19 5.95203e+19 9.05327e+19 1.18028e+20 1.38174e+20 1.48734e+20 1.48734e+20 1.38174e+20 1.18028e+20 9.05327e+19 5.95203e+19 3.03339e+19 8.9149e+18 1.05044e+17 2.12352e+15 5.01693e+13 1.185e+12 2.796e+10 6.30417e+08
8.19778e+08 3.63081e+10 1.53625e+12 6.49187e+13 2.74226e+15 1.35582e+17 1.16518e+19 3.96171e+19 7.75861e+19 1.17741e+20 1.53165e+20 1.79008e+20 1.92512e+20 1.92512e+20 1.79008e+20 1.53165e+20 1.17741e+20 7.75861e+19 3.96171e+19 1.16518e+19 1.35582e+17 2.74226e+15 6.49187e+13 1.53625e+12 3.63081e+10 8.19778e+08
9.56795e+08 4.23204e+10 1.78799e+12 7.54381e+13 3.18139e+15 1.57255e+17 1.36636e+19 4.64347e+19 9.08054e+19 1.3756e+20 1.78647e+20 2.08517e+20 2.2409e+20 2.2409e+20 2.08517e+20 1.78647e+20 1.3756e+20 9.08054e+19 4.64347e+19 1.36636e+19 1.57255e+17 3.18139e+15 7.54381e+13 1.78799e+12 4.23204e+10 9.56795e+08
1.0278e+09 4.54267e+10 1.91763e+12 8.08373e+13 3.40601e+15 1.68344e+17 1.47202e+19 5.00133e+19 9.77273e+19 1.47905e+20 1.91907e+20 2.23837e+20 2.40461e+20 2.40461e+20 2.23837e+20 1.91907e+20 1.47905e+20 9.77273e+19 5.00133e+19 1.47202e+19 1.68344e+17 3.40601e+15 8.08373e+13 1.91763e+12 4.54267e+10 1.0278e+09
1.0278e+09 4.54267e+10 1.91763e+12 8.08373e+13 3.40601e+15 1.68344e+17 1.47202e+19 5.00133e+19 9.77273e+19 1.47905e+20 1.91907e+20 2.23837e+20 2.40461e+20 2.40461e+20 2.23837e+20 1.91907e+20 1.47905e+20 9.77273e+19 5.00133e+19 1.47202e+19 1.68344e+17 3.40601e+15 8.08373e+13 1.91763e+12 4.54267e+10 1.0278e+09
9.56795e+08 4.23204e+10 1.78799e+12 7.54381e+13 3.18139e+15 1.57255e+17 1.36636e+19 4.64347e+19 9.08054e+19 1.3756e+20 1.78647e+20 2.08517e+20 2.2409e+20 2.2409e+20 2.08517e+20 1.78647e+20 1.3756e+20 9.08054e+19 4.64347e+19 1.36636e+19 1.57255e+17 3.18139e+15 7.54381e+13 1.78799e+12 4.23204e+10 9.56795e+08
8.19778e+08 3.63081e+10 1.53625e+12 6.49187e+13 2.74226e+15 1.35582e+17 1.16518e+19 3.96171e+19 7.75861e+19 1.17741e+20 1.53165e+20 1.79008e+20 1.92512e+20 1.92512e+20 1.79008e+20 1.53165e+20 1.17741e+20 7.75861e+19 3.96171e+19 1.16518e+19 1.35582e+17 2.74226e+15 6.49187e+13 1.53625e+12 3.63081e+10 8.19778e+08
6.30417e+08 2.796e+10 1.185e+12 5.01693e+13 2.12352e+15 1.05044e+17 8.9149e+18 3.03339e+19 5.95203e+19 9.05327e+19 1.18028e+20 1.38174e+20 1.48734e+20 1.48734e+20 1.38174e+20 1.18028e+20 9.05327e+19 5.95203e+19 3.03339e+19 8.9149e+18 1.05044e+17 2.12352e+15 5.01693e+13 1.185e+12 2.796e+10 6.30417e+08
4.15572e+08 1.84298e+10 7.81466e+11 3.312e+13 1.4041e+15 6.95083e+16 5.84102e+18 1.98946e+19 3.9119e+19 5.96474e+19 7.79417e+19 9.14069e+19 9.84866e+19 9.84866e+19 9.14069e+19 7.79417e+19 5.96474e+19 3.9119e+19 1.98946e+19 5.84102e+18 6.95083e+16 1.4041e+15 3.312e+13 7.81466e+11 1.84298e+10 4.15572e+08
2.15792e+08 9.49756e+09 4.00061e+11 1.68731e+13 7.13364e+14 3.52969e+16 2.96291e+18 1.01053e+19 1.99087e+19 3.04206e+19 3.98281e+19 4.67777e+19 5.04406e+19 5.04406e+19 4.67777e+19 3.98281e+19 3.04206e+19 1.99087e+19 1.01053e+19 2.96291e+18 3.52969e+16 7.13364e+14 1.68731e+13 4.00061e+11 9.49756e+09 2.15792e+08
7.50531e+07 3.16732e+09 1.27496e+11 5.14053e+12 2.08614e+14 1.00584e+16 8.63476e+17 2.95149e+18 5.82278e+18 8.90653e+18 1.167e+19 1.37136e+19 1.47914e+19 1.47914e+19 1.37136e+19 1.167e+19 8.90653e+18 5.82278e+18 2.95149e+18 8.63476e+17 1.00584e+16 2.08614e+14 5.14053e+12 1.27496e+11 3.16732e+09 7.50531e+07
1.32577e+07 4.61895e+08 1.41139e+10 3.77342e+11 7.73907e+12 1.17424e+14 9.09435e+15 3.1892e+16 6.28747e+16 9.51737e+16 1.23045e+17 1.42902e+17 1.53091e+17 1.53091e+17 1.42902e+17 1.23045e+17 9.51737e+16 6.28747e+16 3.1892e+16 9.09435e+15 1.17424e+14 7.73907e+12 3.77342e+11 1.41139e+10 4.61895e+08 1.32577e+07
1.46979e+06 4.18344e+07 9.91335e+08 1.98538e+10 3.33603e+11 6.68302e+12 1.81789e+14 6.22876e+14 1.22743e+15 1.85807e+15 2.40126e+15 2.78721e+15 2.98478e+15 2.98478e+15 2.78721e+15 2.40126e+15 1.85807e+15 1.22743e+15 6.22876e+14 1.81789e+14 6.68302e+12 3.33603e+11 1.98538e+10 9.91335e+08 4.18344e+07 1.46979e+06
122306 2.95917e+06 5.92868e+07 1.05979e+09 1.82049e+10 3.26852e+11 4.4783e+12 1.47275e+13 2.89415e+13 4.38799e+13 5.68213e+13 6.60617e+13 7.0808e+13 7.0808e+13 6.60617e+13 5.68213e+13 4.38799e+13 2.89415e+13 1.47275e+13 4.4783e+12 3.26852e+11 1.82049e+10 1.05979e+09 5.92868e+07 2.95917e+06 122306
8552.61 184182 3.33031e+06 5.57159e+07 8.81534e+08 1.22452e+10 1.11044e+11 3.49061e+11 6.82608e+11 1.03601e+12 1.34404e+12 1.56505e+12 1.67894e+12 1.67894e+12 1.56505e+12 1.34404e+12 1.03601e+12 6.82608e+11 3.49061e+11 1.11044e+11 1.22452e+10 8.81534e+08 5.57159e+07 3.33031e+06 184182 8552.61
532.867 10530.4 175464 2.68765e+06 3.67649e+07 4.01067e+08 2.75796e+09 8.28377e+09 1.6092e+10 2.44344e+10 3.17514e+10 3.70267e+10 3.97542e+10 3.97542e+10 3.70267e+10 3.17514e+10 2.44344e+10 1.6092e+10 8.28377e+09 2.75796e+09 4.01067e+08 3.67649e+07 2.68765e+06 175464 10530.4 532.867
27.8159 513.161 7900.85 109155 1.28508e+06 1.15163e+07 6.53375e+07 1.88147e+08 3.62717e+08 5.50699e+08 7.1659e+08 8.36748e+08 8.99063e+08 8.99063e+08 8.36748e+08 7.1659e+08 5.50699e+08 3.62717e+08 1.88147e+08 6.53375e+07 1.15163e+07 1.28508e+06 109155 7900.85 513.161 27.8159
