0.268636 5.09203 81.4193 1175.98 14469.8 134703 789093 2.35248e+06 4.72578e+06 7.49494e+06 1.01514e+07 1.22221e+07 1.33516e+07 1.33516e+07 1.22221e+07 1.01514e+07 7.49494e+06 4.72578e+06 2.35248e+06 789093 134703 14469.8 1175.98 81.4193 5.09203 0.268636
5.1715 104.357 1796.29 28794.9 414631 4.73185e+06 3.36825e+07 1.0488e+08 2.12737e+08 3.38195e+08 4.5837e+08 5.51977e+08 6.03017e+08 6.03017e+08 5.51977e+08 4.5837e+08 3.38195e+08 2.12737e+08 1.0488e+08 3.36825e+07 4.73185e+06 414631 28794.9 1796.29 104.357 5.1715
84.1071 1832.25 33777.9 586853 9.83989e+06 1.44811e+08 1.36573e+09 4.45708e+09 9.12097e+09 1.45282e+10 1.97005e+10 2.37266e+10 2.5921e+10 2.5921e+10 2.37266e+10 1.97005e+10 1.45282e+10 9.12097e+09 4.45708e+09 1.36573e+09 1.44811e+08 9.83989e+06 586853 33777.9 1832.25 84.1071
1232.17 29945.2 601761 1.09082e+07 1.97162e+08 3.8371e+09 5.52534e+10 1.88949e+11 3.89449e+11 6.21208e+11 8.42654e+11 1.01492e+12 1.10877e+12 1.10877e+12 1.01492e+12 8.42654e+11 6.21208e+11 3.89449e+11 1.88949e+11 5.52534e+10 3.8371e+09 1.97162e+08 1.09082e+07 601761 29945.2 1232.17
15302.2 437186 1.0315e+07 2.0398e+08 3.42228e+09 7.60629e+10 2.24287e+12 8.00537e+12 1.65857e+13 2.64811e+13 3.59285e+13 4.32731e+13 4.72728e+13 4.72728e+13 4.32731e+13 3.59285e+13 2.64811e+13 1.65857e+13 8.00537e+12 2.24287e+12 7.60629e+10 3.42228e+09 2.0398e+08 1.0315e+07 437186 15302.2
143149 5.02488e+06 1.5359e+08 4.06051e+09 8.00794e+10 1.15451e+12 1.10562e+14 4.04263e+14 8.38016e+14 1.33739e+15 1.81398e+15 2.18444e+15 2.38618e+15 2.38618e+15 2.18444e+15 1.81398e+15 1.33739e+15 8.38016e+14 4.04263e+14 1.10562e+14 1.15451e+12 8.00794e+10 4.06051e+09 1.5359e+08 5.02488e+06 143149
840338 3.58718e+07 1.4546e+09 5.8854e+10 2.38933e+12 1.16603e+14 1.05443e+16 3.70375e+16 7.55868e+16 1.19792e+17 1.62027e+17 1.94965e+17 2.12956e+17 2.12956e+17 1.94965e+17 1.62027e+17 1.19792e+17 7.55868e+16 3.70375e+16 1.05443e+16 1.16603e+14 2.38933e+12 5.8854e+10 1.4546e+09 3.58718e+07 840338
2.50542e+06 1.11712e+08 4.74809e+09 2.01315e+11 8.53063e+12 4.26819e+14 3.7159e+16 1.30144e+17 2.65268e+17 4.2013e+17 5.68063e+17 6.83439e+17 7.46467e+17 7.46467e+17 6.8344e+17 5.68063e+17 4.2013e+17 2.65268e+17 1.30144e+17 3.7159e+16 4.26819e+14 8.53063e+12 2.01315e+11 4.74809e+09 1.11712e+08 2.50542e+06
5.02926e+06 2.26425e+08 9.70901e+09 4.14612e+11 1.76598e+13 8.84309e+14 7.58873e+16 2.65459e+17 5.40732e+17 8.56057e+17 1.15718e+18 1.39198e+18 1.52024e+18 1.52024e+18 1.39198e+18 1.15718e+18 8.56057e+17 5.40732e+17 2.65459e+17 7.58873e+16 8.84309e+14 1.76598e+13 4.14612e+11 9.70901e+09 2.26425e+08 5.02926e+06
7.96737e+06 3.59542e+08 1.54465e+10 6.6054e+11 2.81606e+13 1.4097e+15 1.20243e+17 4.20359e+17 8.55917e+17 1.35461e+18 1.83065e+18 2.20176e+18 2.40443e+18 2.40443e+18 2.20176e+18 1.83065e+18 1.35461e+18 8.55917e+17 4.20359e+17 1.20243e+17 1.4097e+15 2.81606e+13 6.6054e+11 1.54465e+10 3.59542e+08 7.96737e+06
1.07785e+07 4.86706e+08 2.09193e+10 8.94834e+11 3.81553e+13 1.90958e+15 1.62541e+17 5.68064e+17 1.15637e+18 1.82969e+18 2.4722e+18 2.97294e+18 3.24637e+18 3.24637e+18 2.97294e+18 2.4722e+18 1.82969e+18 1.15637e+18 5.68064e+17 1.62541e+17 1.90958e+15 3.81553e+13 8.94834e+11 2.09193e+10 4.86706e+08 1.07785e+07
1.29644e+07 5.85504e+08 2.5168e+10 1.07658e+12 4.5903e+13 2.29704e+15 1.95465e+17 6.8305e+17 1.39023e+18 2.19938e+18 2.9713e+18 3.57276e+18 3.90114e+18 3.90114e+18 3.57276e+18 2.9713e+18 2.19938e+18 1.39023e+18 6.83051e+17 1.95465e+17 2.29704e+15 4.5903e+13 1.07658e+12 2.5168e+10 5.85504e+08 1.29644e+07
1.41547e+07 6.39278e+08 2.74793e+10 1.17541e+12 5.01133e+13 2.50758e+15 2.13423e+17 7.4578e+17 1.51781e+18 2.40102e+18 3.24347e+18 3.89981e+18 4.25812e+18 4.25812e+18 3.89981e+18 3.24347e+18 2.40102e+18 1.51781e+18 7.4578e+17 2.13423e+17 2.50758e+15 5.01133e+13 1.17541e+12 2.74793e+10 6.39278e+08 1.41547e+07
1.41547e+07 6.39278e+08 2.74793e+10 1.17541e+12 5.01133e+13 2.50758e+15 2.13423e+17 7.4578e+17 1.51781e+18 2.40102e+18 3.24347e+18 3.89981e+18 4.25812e+18 4.25812e+18 3.89981e+18 3.24347e+18 2.40102e+18 1.51781e+18 7.4578e+17 2.13423e+17 2.50758e+15 5.01133e+13 1.17541e+12 2.74793e+10 6.39278e+08 1.41547e+07
1.29644e+07 5.85504e+08 2.5168e+10 1.07658e+12 4.5903e+13 2.29704e+15 1.95465e+17 6.83051e+17 1.39023e+18 2.19938e+18 2.9713e+18 3.57276e+18 3.90114e+18 3.90114e+18 3.57276e+18 2.9713e+18 2.19938e+18 1.39023e+18 6.8305e+17 1.95465e+17 2.29704e+15 4.5903e+13 1.07658e+12 2.5168e+10 5.85504e+08 1.29644e+07
1.07785e+07 4.86706e+08 2.09193e+10 8.94833e+11 3.81553e+13 1.90958e+15 1.62541e+17 5.68064e+17 1.15637e+18 1.82969e+18 2.4722e+18 2.97294e+18 3.24637e+18 3.24637e+18 2.97294e+18 2.4722e+18 1.82969e+18 1.15637e+18 5.68064e+17 1.62541e+17 1.90958e+15 3.81553e+13 8.94833e+11 2.09193e+10 4.86706e+08 1.07785e+07
7.96737e+06 3.59542e+08 1.54465e+10 6.6054e+11 2.81606e+13 1.4097e+15 1.20243e+17 4.20359e+17 8.55917e+17 1.35461e+18 1.83065e+18 2.20176e+18 2.40443e+18 2.40443e+18 2.20176e+18 1.83065e+18 1.35461e+18 8.55917e+17 4.20359e+17 1.20243e+17 1.4097e+15 2.81606e+13 6.6054e+11 1.54465e+10 3.59542e+08 7.96737e+06
5.02926e+06 2.26425e+08 9.70901e+09 4.14612e+11 1.76598e+13 8.84309e+14 7.58873e+16 2.65459e+17 5.40732e+17 8.56057e+17 1.15718e+18 1.39198e+18 1.52024e+18 1.52024e+18 1.39198e+18 1.15718e+18 8.56057e+17 5.40732e+17 2.65459e+17 7.58873e+16 8.84309e+14 1.76598e+13 4.14612e+11 9.70901e+09 2.26425e+08 5.02926e+06
2.50542e+06 1.11712e+08 4.74809e+09 2.01315e+11 8.53063e+12 4.26819e+14 3.7159e+16 1.30144e+17 2.65268e+17 4.2013e+17 5.68063e+17 6.8344e+17 7.46467e+17 7.46467e+17 6.83439e+17 5.68063e+17 4.2013e+17 2.65268e+17 1.30144e+17 3.7159e+16 4.26819e+14 8.53063e+12 2.01315e+11 4.74809e+09 1.11712e+08 2.50542e+06
840338 3.58718e+07 1.4546e+09 5.8854e+10 2.38933e+12 1.16603e+14 1.05443e+16 3.70375e+16 7.55868e+16 1.19792e+17 1.62027e+17 1.94965e+17 2.12956e+17 2.12956e+17 1.94965e+17 1.62027e+17 1.19792e+17 7.55868e+16 3.70375e+16 1.05443e+16 1.16603e+14 2.38933e+12 5.8854e+10 1.4546e+09 3.58718e+07 840338
143149 5.02488e+06 1.5359e+08 4.06051e+09 8.00794e+10 1.15451e+12 1.10562e+14 4.04263e+14 8.38016e+14 1.33739e+15 1.81398e+15 2.18444e+15 2.38618e+15 2.38618e+15 2.18444e+15 1.81398e+15 1.33739e+15 8.38016e+14 4.04263e+14 1.10562e+14 1.15451e+12 8.00794e+10 4.06051e+09 1.5359e+08 5.02488e+06 143149
15302.2 437186 1.0315e+07 2.0398e+08 3.42228e+09 7.60629e+10 2.24287e+12 8.00537e+12 1.65857e+13 2.64811e+13 3.59285e+13 4.32731e+13 4.72728e+13 4.72728e+13 4.32731e+13 3.59285e+13 2.64811e+13 1.65857e+13 8.00537e+12 2.24287e+12 7.60629e+10 3.42228e+09 2.0398e+08 1.0315e+07 437186 15302.2
1232.17 29945.2 601761 1.09082e+07 1.97162e+08 3.8371e+09 5.52534e+10 1.88949e+11 3.89449e+11 6.21208e+11 8.42654e+11 1.01492e+12 1.10877e+12 1.10877e+12 1.01492e+12 8.42654e+11 6.21208e+11 3.89449e+11 1.88949e+11 5.52534e+10 3.8371e+09 1.97162e+08 1.09082e+07 601761 29945.2 1232.17
84.1071 1832.25 33777.9 586853 9.83989e+06 1.44811e+08 1.36573e+09 4.45708e+09 9.12097e+09 1.45282e+10 1.97005e+10 2.37266e+10 2.5921e+10 2.5921e+10 2.37266e+10 1.97005e+10 1.45282e+10 9.12097e+09 4.45708e+09 1.36573e+09 1.44811e+08 9.83989e+06 586853 33777.9 1832.25 84.1071
5.1715 104.357 1796.29 28794.9 414631 4.73185e+06 3.36825e+07 1.0488e+08 2.12737e+08 3.38195e+08 4.5837e+08 5.51977e+08 6.03017e+08 6.03017e+08 5.51977e+08 4.5837e+08 3.38195e+08 2.12737e+08 1.0488e+08 3.36825e+07 4.73185e+06 414631 28794.9 1796.29 104.357 5.1715
0.268636 5.09203 81.4193 1175.98 14469.8 134703 789093 2.35248e+06 4.72578e+06 7.49494e+06 1.01514e+07 1.22221e+07 1.33516e+07 1.33516e+07 1.22221e+07 1.01514e+07 7.49494e+06 4.72578e+06 2.35248e+06 789093 134703 14469.8 1175.98 81.4193 5.09203 0.268636
