4.41317 82.1696 1281.95 17996.7 215495 1.96368e+06 1.13433e+07 3.35297e+07 6.68324e+07 1.05208e+08 1.41579e+08 1.69647e+08 1.84857e+08 1.84857e+08 1.69647e+08 1.41579e+08 1.05208e+08 6.68324e+07 3.35297e+07 1.13433e+07 1.96368e+06 215495 17996.7 1281.95 82.1696 4.41317
84.8537 1688.23 28441.1 442445 6.16313e+06 6.84441e+07 4.79104e+08 1.47808e+09 2.97264e+09 4.68737e+09 6.30841e+09 7.55747e+09 8.23371e+09 8.23371e+09 7.55747e+09 6.30841e+09 4.68737e+09 2.97264e+09 1.47808e+09 4.79104e+08 6.84442e+07 6.16313e+06 442445 28441.1 1688.23 84.8537
1371.35 29640.5 539626 9.14231e+06 1.4742e+08 2.08974e+09 1.92919e+10 6.23381e+10 1.264e+11 1.9957e+11 2.68576e+11 3.21669e+11 3.50388e+11 3.50388e+11 3.21669e+11 2.68576e+11 1.9957e+11 1.264e+11 6.23381e+10 1.92919e+10 2.08974e+09 1.4742e+08 9.14231e+06 539626 29640.5 1371.35
19817.1 480092 9.63829e+06 1.73281e+08 3.02447e+09 5.56719e+10 7.77449e+11 2.63079e+12 5.36942e+12 8.48463e+12 1.14165e+13 1.36692e+13 1.48866e+13 1.48866e+13 1.36692e+13 1.14165e+13 8.48463e+12 5.36942e+12 2.63079e+12 7.77449e+11 5.56719e+10 3.02447e+09 1.73281e+08 9.63829e+06 480092 19817.1
241374 6.87369e+06 1.62803e+08 3.25509e+09 5.48015e+10 1.12971e+12 3.15023e+13 1.11198e+14 2.28e+14 3.60423e+14 4.84841e+14 5.80315e+14 6.31865e+14 6.31865e+14 5.80315e+14 4.84841e+14 3.60423e+14 2.28e+14 1.11198e+14 3.15023e+13 1.12971e+12 5.48015e+10 3.25509e+09 1.62803e+08 6.87369e+06 241374
2.21163e+06 7.71053e+07 2.35542e+09 6.28154e+10 1.27726e+12 1.91792e+13 1.566e+15 5.65764e+15 1.16024e+16 1.83294e+16 2.46474e+16 2.94956e+16 3.21134e+16 3.21134e+16 2.94956e+16 2.46475e+16 1.83294e+16 1.16024e+16 5.65764e+15 1.566e+15 1.91792e+13 1.27726e+12 6.28154e+10 2.35542e+09 7.71053e+07 2.21163e+06
1.27569e+07 5.38741e+08 2.16907e+10 8.74013e+11 3.54104e+13 1.70828e+15 1.48887e+17 5.19068e+17 1.05143e+18 1.65445e+18 2.22413e+18 2.66443e+18 2.90354e+18 2.90354e+18 2.66443e+18 2.22413e+18 1.65445e+18 1.05143e+18 5.19068e+17 1.48887e+17 1.70828e+15 3.54104e+13 8.74013e+11 2.16907e+10 5.38741e+08 1.27569e+07
3.76591e+07 1.65977e+09 6.99858e+10 2.95292e+12 1.24789e+14 6.17811e+15 5.21466e+17 1.81319e+18 3.66822e+18 5.76767e+18 7.74997e+18 9.28161e+18 1.01133e+19 1.01133e+19 9.28161e+18 7.74997e+18 5.76767e+18 3.66822e+18 1.81319e+18 5.21466e+17 6.17811e+15 1.24789e+14 2.95292e+12 6.99858e+10 1.65977e+09 3.76591e+07
7.49793e+07 3.33421e+09 1.4174e+11 6.01962e+12 2.55551e+14 1.26634e+16 1.05736e+18 3.67203e+18 7.42213e+18 1.1661e+19 1.56588e+19 1.87449e+19 2.04196e+19 2.04196e+19 1.87449e+19 1.56588e+19 1.1661e+19 7.42213e+18 3.67203e+18 1.05736e+18 1.26634e+16 2.55551e+14 6.01962e+12 1.4174e+11 3.33421e+09 7.49793e+07
1.17909e+08 5.25186e+09 2.23542e+11 9.50122e+12 4.03501e+14 1.99868e+16 1.66355e+18 5.77301e+18 1.16598e+19 1.83046e+19 2.4563e+19 2.93887e+19 3.20055e+19 3.20055e+19 2.93887e+19 2.4563e+19 1.83046e+19 1.16598e+19 5.77301e+18 1.66355e+18 1.99868e+16 4.03501e+14 9.50122e+12 2.23542e+11 5.25186e+09 1.17909e+08
1.58525e+08 7.06137e+09 3.0054e+11 1.27713e+13 5.42215e+14 2.68484e+16 2.23504e+18 7.75282e+18 1.56486e+19 2.45497e+19 3.29223e+19 3.93711e+19 4.28654e+19 4.28654e+19 3.93711e+19 3.29223e+19 2.45497e+19 1.56486e+19 7.75282e+18 2.23504e+18 2.68484e+16 5.42215e+14 1.27713e+13 3.0054e+11 7.06137e+09 1.58525e+08
1.89819e+08 8.45335e+09 3.5968e+11 1.52794e+13 6.4846e+14 3.21019e+16 2.67583e+18 9.27947e+18 1.87216e+19 2.93555e+19 3.93481e+19 4.7038e+19 5.12023e+19 5.12023e+19 4.7038e+19 3.93481e+19 2.93555e+19 1.87216e+19 9.27947e+18 2.67583e+18 3.21019e+16 6.4846e+14 1.52794e+13 3.5968e+11 8.45335e+09 1.89819e+08
2.06758e+08 9.20611e+09 3.91632e+11 1.66331e+13 7.05752e+14 3.49341e+16 2.91484e+18 1.01072e+19 2.03868e+19 3.19577e+19 4.28249e+19 5.11838e+19 5.57091e+19 5.57091e+19 5.11838e+19 4.28249e+19 3.19577e+19 2.03868e+19 1.01072e+19 2.91484e+18 3.49341e+16 7.05752e+14 1.66331e+13 3.91632e+11 9.20611e+09 2.06758e+08
2.06758e+08 9.20611e+09 3.91632e+11 1.66331e+13 7.05752e+14 3.49341e+16 2.91484e+18 1.01072e+19 2.03868e+19 3.19577e+19 4.28249e+19 5.11838e+19 5.57091e+19 5.57091e+19 5.11838e+19 4.28249e+19 3.19577e+19 2.03868e+19 1.01072e+19 2.91484e+18 3.49341e+16 7.05752e+14 1.66331e+13 3.91632e+11 9.20611e+09 2.06758e+08
1.89819e+08 8.45335e+09 3.5968e+11 1.52794e+13 6.4846e+14 3.21019e+16 2.67583e+18 9.27947e+18 1.87216e+19 2.93555e+19 3.93481e+19 4.7038e+19 5.12023e+19 5.12023e+19 4.7038e+19 3.93481e+19 2.93555e+19 1.87216e+19 9.27947e+18 2.67583e+18 3.21019e+16 6.4846e+14 1.52794e+13 3.5968e+11 8.45335e+09 1.89819e+08
1.58525e+08 7.06137e+09 3.0054e+11 1.27713e+13 5.42215e+14 2.68484e+16 2.23504e+18 7.75282e+18 1.56486e+19 2.45497e+19 3.29223e+19 3.93711e+19 4.28654e+19 4.28654e+19 3.93711e+19 3.29223e+19 2.45497e+19 1.56486e+19 7.75282e+18 2.23504e+18 2.68484e+16 5.42215e+14 1.27713e+13 3.0054e+11 7.06137e+09 1.58525e+08
1.17909e+08 5.25186e+09 2.23542e+11 9.50122e+12 4.03501e+14 1.99868e+16 1.66355e+18 5.77301e+18 1.16598e+19 1.83046e+19 2.4563e+19 2.93887e+19 3.20055e+19 3.20055e+19 2.93887e+19 2.4563e+19 1.83046e+19 1.16598e+19 5.77301e+18 1.66355e+18 1.99868e+16 4.03501e+14 9.50122e+12 2.23542e+11 5.25186e+09 1.17909e+08
7.49793e+07 3.33421e+09 1.4174e+11 6.01962e+12 2.55551e+14 1.26634e+16 1.05736e+18 3.67203e+18 7.42213e+18 1.1661e+19 1.56588e+19 1.87449e+19 2.04196e+19 2.04196e+19 1.87449e+19 1.56588e+19 1.1661e+19 7.42213e+18 3.67203e+18 1.05736e+18 1.26634e+16 2.55551e+14 6.01962e+12 1.4174e+11 3.33421e+09 7.49793e+07
3.76591e+07 1.65977e+09 6.99858e+10 2.95292e+12 1.24789e+14 6.17811e+15 5.21466e+17 1.81319e+18 3.66822e+18 5.76767e+18 7.74997e+18 9.28161e+18 1.01133e+19 1.01133e+19 9.28161e+18 7.74997e+18 5.76767e+18 3.66822e+18 1.81319e+18 5.21466e+17 6.17811e+15 1.24789e+14 2.95292e+12 6.99858e+10 1.65977e+09 3.76591e+07
1.27569e+07 5.38741e+08 2.16907e+10 8.74013e+11 3.54104e+13 1.70828e+15 1.48887e+17 5.19068e+17 1.05143e+18 1.65445e+18 2.22413e+18 2.66443e+18 2.90354e+18 2.90354e+18 2.66443e+18 2.22413e+18 1.65445e+18 1.05143e+18 5.19068e+17 1.48887e+17 1.70828e+15 3.54104e+13 8.74013e+11 2.16907e+10 5.38741e+08 1.27569e+07
2.21163e+06 7.71053e+07 2.35542e+09 6.28154e+10 1.27726e+12 1.91792e+13 1.566e+15 5.65764e+15 1.16024e+16 1.83294e+16 2.46475e+16 2.94956e+16 3.21134e+16 3.21134e+16 2.94956e+16 2.46474e+16 1.83294e+16 1.16024e+16 5.65764e+15 1.566e+15 1.91792e+13 1.27726e+12 6.28154e+10 2.35542e+09 7.71053e+07 2.21163e+06
241374 6.87369e+06 1.62803e+08 3.25509e+09 5.48015e+10 1.12971e+12 3.15023e+13 1.11198e+14 2.28e+14 3.60423e+14 4.84841e+14 5.80315e+14 6.31865e+14 6.31865e+14 5.80315e+14 4.84841e+14 3.60423e+14 2.28e+14 1.11198e+14 3.15023e+13 1.12971e+12 5.48015e+10 3.25509e+09 1.62803e+08 6.87369e+06 241374
19817.1 480092 9.63829e+06 1.73281e+08 3.02447e+09 5.56719e+10 7.77449e+11 2.63079e+12 5.36942e+12 8.48463e+12 1.14165e+13 1.36692e+13 1.48866e+13 1.48866e+13 1.36692e+13 1.14165e+13 8.48463e+12 5.36942e+12 2.63079e+12 7.77449e+11 5.56719e+10 3.02447e+09 1.73281e+08 9.63829e+06 480092 19817.1
1371.35 29640.5 539626 9.14231e+06 1.4742e+08 2.08974e+09 1.92919e+10 6.23381e+10 1.264e+11 1.9957e+11 2.68576e+11 3.21669e+11 3.50388e+11 3.50388e+11 3.21669e+11 2.68576e+11 1.9957e+11 1.264e+11 6.23381e+10 1.92919e+10 2.08974e+09 1.4742e+08 9.14231e+06 539626 29640.5 1371.35
84.8537 1688.23 28441.1 442445 6.16313e+06 6.84442e+07 4.79104e+08 1.47808e+09 2.97264e+09 4.68737e+09 6.30841e+09 7.55747e+09 8.23371e+09 8.23371e+09 7.55747e+09 6.30841e+09 4.68737e+09 2.97264e+09 1.47808e+09 4.79104e+08 6.84441e+07 6.16313e+06 442445 28441.1 1688.23 84.8537
4.41317 82.1696 1281.95 17996.7 215495 1.96368e+06 1.13433e+07 3.35297e+07 6.68324e+07 1.05208e+08 1.41579e+08 1.69647e+08 1.84857e+08 1.84857e+08 1.69647e+08 1.41579e+08 1.05208e+08 6.68324e+07 3.35297e+07 1.13433e+07 1.96368e+06 215495 17996.7 1281.95 82.1696 4.41317
