3.56402 66.6344 1045.89 14785 178143 1.62952e+06 9.41373e+06 2.76776e+07 5.47023e+07 8.52678e+07 1.13662e+08 1.35185e+08 1.46704e+08 1.46704e+08 1.35185e+08 1.13662e+08 8.52678e+07 5.47023e+07 2.76776e+07 9.41373e+06 1.62952e+06 178143 14785 1045.89 66.6344 3.56402
68.4988 1366.73 23142.6 362693 5.09321e+06 5.68959e+07 3.98817e+08 1.22391e+09 2.44029e+09 3.80915e+09 5.07662e+09 6.03527e+09 6.54765e+09 6.54765e+09 6.03527e+09 5.07662e+09 3.80915e+09 2.44029e+09 1.22391e+09 3.98817e+08 5.68959e+07 5.09321e+06 362693 23142.6 1366.73 68.4988
1108.15 23977.6 437716 7.46166e+06 1.21521e+08 1.73865e+09 1.61054e+10 5.17697e+10 1.04044e+11 1.62567e+11 2.16581e+11 2.57346e+11 2.79104e+11 2.79104e+11 2.57346e+11 2.16581e+11 1.62567e+11 1.04044e+11 5.17697e+10 1.61054e+10 1.73865e+09 1.21521e+08 7.46166e+06 437716 23977.6 1108.15
16058.2 388981 7.80718e+06 1.40602e+08 2.47604e+09 4.62626e+10 6.50584e+11 2.18995e+12 4.42905e+12 6.9235e+12 9.21913e+12 1.0948e+13 1.18694e+13 1.18694e+13 1.0948e+13 9.21913e+12 6.9235e+12 4.42905e+12 2.18995e+12 6.50584e+11 4.62626e+10 2.47604e+09 1.40602e+08 7.80718e+06 388981 16058.2
196359 5.5924e+06 1.32284e+08 2.6363e+09 4.43162e+10 9.32605e+11 2.64136e+13 9.2738e+13 1.88361e+14 2.94446e+14 3.91823e+14 4.65007e+14 5.03955e+14 5.03955e+14 4.65007e+14 3.91823e+14 2.94446e+14 1.88361e+14 9.2738e+13 2.64136e+13 9.32605e+11 4.43162e+10 2.6363e+09 1.32284e+08 5.5924e+06 196359
1.80558e+06 6.30429e+07 1.92661e+09 5.12724e+10 1.03379e+12 1.53444e+13 1.3119e+15 4.71638e+15 9.5841e+15 1.49768e+16 1.9928e+16 2.36514e+16 2.56341e+16 2.56341e+16 2.36514e+16 1.9928e+16 1.49768e+16 9.5841e+15 4.71638e+15 1.3119e+15 1.53444e+13 1.03379e+12 5.12724e+10 1.92661e+09 6.30429e+07 1.80558e+06
1.04255e+07 4.41668e+08 1.78355e+10 7.20465e+11 2.92507e+13 1.41841e+15 1.24914e+17 4.34129e+17 8.74462e+17 1.36687e+18 1.82585e+18 2.17651e+18 2.36546e+18 2.36546e+18 2.17651e+18 1.82585e+18 1.36687e+18 8.74462e+17 4.34129e+17 1.24914e+17 1.41841e+15 2.92507e+13 7.20465e+11 1.78355e+10 4.41668e+08 1.04255e+07
3.06197e+07 1.35392e+09 5.72645e+10 2.42224e+12 1.0257e+14 5.10317e+15 4.35795e+17 1.51092e+18 3.04033e+18 4.74992e+18 6.34342e+18 7.56104e+18 8.21727e+18 8.21727e+18 7.56104e+18 6.34342e+18 4.74992e+18 3.04033e+18 1.51092e+18 4.35795e+17 5.10317e+15 1.0257e+14 2.42224e+12 5.72645e+10 1.35392e+09 3.06197e+07
6.04419e+07 2.69603e+09 1.14936e+11 4.89222e+12 2.0804e+14 1.03601e+16 8.78056e+17 3.04124e+18 6.11479e+18 9.54645e+18 1.27418e+19 1.51814e+19 1.64956e+19 1.64956e+19 1.51814e+19 1.27418e+19 9.54645e+18 6.11479e+18 3.04124e+18 8.78056e+17 1.03601e+16 2.0804e+14 4.89222e+12 1.14936e+11 2.69603e+09 6.04419e+07
9.40884e+07 4.20254e+09 1.79328e+11 7.6362e+12 3.2471e+14 1.61648e+16 1.37123e+18 4.7472e+18 9.53823e+18 1.48801e+19 1.98475e+19 2.36359e+19 2.56752e+19 2.56752e+19 2.36359e+19 1.98475e+19 1.48801e+19 9.53823e+18 4.7472e+18 1.37123e+18 1.61648e+16 3.2471e+14 7.6362e+12 1.79328e+11 4.20254e+09 9.40884e+07
1.25261e+08 5.59355e+09 2.38586e+11 1.01538e+13 4.31461e+14 2.14741e+16 1.82929e+18 6.33182e+18 1.2715e+19 1.98229e+19 2.64241e+19 3.14531e+19 3.41583e+19 3.41583e+19 3.14531e+19 2.64241e+19 1.98229e+19 1.2715e+19 6.33182e+18 1.82929e+18 2.14741e+16 4.31461e+14 1.01538e+13 2.38586e+11 5.59355e+09 1.25261e+08
1.48832e+08 6.64294e+09 2.83188e+11 1.20444e+13 5.11452e+14 2.54524e+16 2.17805e+18 7.53864e+18 1.51325e+19 2.35803e+19 3.14181e+19 3.73843e+19 4.05917e+19 4.05917e+19 3.73843e+19 3.14181e+19 2.35803e+19 1.51325e+19 7.53864e+18 2.17805e+18 2.54524e+16 5.11452e+14 1.20444e+13 2.83188e+11 6.64294e+09 1.48832e+08
1.61425e+08 7.20279e+09 3.06947e+11 1.30501e+13 5.53934e+14 2.75654e+16 2.36552e+18 8.18751e+18 1.64317e+19 2.55982e+19 3.40982e+19 4.05655e+19 4.40412e+19 4.40412e+19 4.05655e+19 3.40982e+19 2.55982e+19 1.64317e+19 8.18751e+18 2.36552e+18 2.75654e+16 5.53934e+14 1.30501e+13 3.06947e+11 7.20279e+09 1.61425e+08
1.61425e+08 7.20279e+09 3.06947e+11 1.30501e+13 5.53934e+14 2.75654e+16 2.36552e+18 8.18751e+18 1.64317e+19 2.55982e+19 3.40982e+19 4.05655e+19 4.40412e+19 4.40412e+19 4.05655e+19 3.40982e+19 2.55982e+19 1.64317e+19 8.18751e+18 2.36552e+18 2.75654e+16 5.53934e+14 1.30501e+13 3.06947e+11 7.20279e+09 1.61425e+08
1.48832e+08 6.64294e+09 2.83188e+11 1.20444e+13 5.11452e+14 2.54524e+16 2.17805e+18 7.53864e+18 1.51325e+19 2.35803e+19 3.14181e+19 3.73843e+19 4.05917e+19 4.05917e+19 3.73843e+19 3.14181e+19 2.35803e+19 1.51325e+19 7.53864e+18 2.17805e+18 2.54524e+16 5.11452e+14 1.20444e+13 2.83188e+11 6.64294e+09 1.48832e+08
1.25261e+08 5.59355e+09 2.38586e+11 1.01538e+13 4.31461e+14 2.14741e+16 1.82929e+18 6.33182e+18 1.2715e+19 1.98229e+19 2.64241e+19 3.14531e+19 3.41583e+19 3.41583e+19 3.14531e+19 2.64241e+19 1.98229e+19 1.2715e+19 6.33182e+18 1.82929e+18 2.14741e+16 4.31461e+14 1.01538e+13 2.38586e+11 5.59355e+09 1.25261e+08
9.40884e+07 4.20254e+09 1.79328e+11 7.6362e+12 3.2471e+14 1.61648e+16 1.37123e+18 4.7472e+18 9.53823e+18 1.48801e+19 1.98475e+19 2.36359e+19 2.56752e+19 2.56752e+19 2.36359e+19 1.98475e+19 1.48801e+19 9.53823e+18 4.7472e+18 1.37123e+18 1.61648e+16 3.2471e+14 7.6362e+12 1.79328e+11 4.20254e+09 9.40884e+07
6.04419e+07 2.69603e+09 1.14936e+11 4.89222e+12 2.0804e+14 1.03601e+16 8.78056e+17 3.04124e+18 6.11479e+18 9.54645e+18 1.27418e+19 1.51814e+19 1.64956e+19 1.64956e+19 1.51814e+19 1.27418e+19 9.54645e+18 6.11479e+18 3.04124e+18 8.78056e+17 1.03601e+16 2.0804e+14 4.89222e+12 1.14936e+11 2.69603e+09 6.04419e+07
3.06197e+07 1.35392e+09 5.72645e+10 2.42224e+12 1.0257e+14 5.10317e+15 4.35795e+17 1.51092e+18 3.04033e+18 4.74992e+18 6.34342e+18 7.56104e+18 8.21727e+18 8.21727e+18 7.56104e+18 6.34342e+18 4.74992e+18 3.04033e+18 1.51092e+18 4.35795e+17 5.10317e+15 1.0257e+14 2.42224e+12 5.72645e+10 1.35392e+09 3.06197e+07
1.04255e+07 4.41668e+08 1.78355e+10 7.20465e+11 2.92507e+13 1.41841e+15 1.24914e+17 4.34129e+17 8.74462e+17 1.36687e+18 1.82585e+18 2.17651e+18 2.36546e+18 2.36546e+18 2.17651e+18 1.82585e+18 1.36687e+18 8.74462e+17 4.34129e+17 1.24914e+17 1.41841e+15 2.92507e+13 7.20465e+11 1.78355e+10 4.41668e+08 1.04255e+07
1.80558e+06 6.30429e+07 1.92661e+09 5.12724e+10 1.03379e+12 1.53444e+13 1.3119e+15 4.71638e+15 9.5841e+15 1.49768e+16 1.9928e+16 2.36514e+16 2.56341e+16 2.56341e+16 2.36514e+16 1.9928e+16 1.49768e+16 9.5841e+15 4.71638e+15 1.3119e+15 1.53444e+13 1.03379e+12 5.12724e+10 1.92661e+09 6.30429e+07 1.80558e+06
196359 5.5924e+06 1.32284e+08 2.6363e+09 4.43162e+10 9.32605e+11 2.64136e+13 9.2738e+13 1.88361e+14 2.94446e+14 3.91823e+14 4.65007e+14 5.03955e+14 5.03955e+14 4.65007e+14 3.91823e+14 2.94446e+14 1.88361e+14 9.2738e+13 2.64136e+13 9.32605e+11 4.43162e+10 2.6363e+09 1.32284e+08 5.5924e+06 196359
16058.2 388981 7.80718e+06 1.40602e+08 2.47604e+09 4.62626e+10 6.50584e+11 2.18995e+12 4.42905e+12 6.9235e+12 9.21913e+12 1.0948e+13 1.18694e+13 1.18694e+13 1.0948e+13 9.21913e+12 6.9235e+12 4.42905e+12 2.18995e+12 6.50584e+11 4.62626e+10 2.47604e+09 1.40602e+08 7.80718e+06 388981 16058.2
1108.15 23977.6 437716 7.46166e+06 1.21521e+08 1.73865e+09 1.61054e+10 5.17697e+10 1.04044e+11 1.62567e+11 2.16581e+11 2.57346e+11 2.79104e+11 2.79104e+11 2.57346e+11 2.16581e+11 1.62567e+11 1.04044e+11 5.17697e+10 1.61054e+10 1.73865e+09 1.21521e+08 7.46166e+06 437716 23977.6 1108.15
68.4988 1366.73 23142.6 362693 5.09321e+06 5.68959e+07 3.98817e+08 1.22391e+09 2.44029e+09 3.80915e+09 5.07662e+09 6.03527e+09 6.54765e+09 6.54765e+09 6.03527e+09 5.07662e+09 3.80915e+09 2.44029e+09 1.22391e+09 3.98817e+08 5.68959e+07 5.09321e+06 362693 23142.6 1366.73 68.4988
3.56401 66.6344 1045.89 14785 178143 1.62952e+06 9.41373e+06 2.76776e+07 5.47023e+07 8.52678e+07 1.13662e+08 1.35185e+08 1.46704e+08 1.46704e+08 1.35185e+08 1.13662e+08 8.52678e+07 5.47023e+07 2.76776e+07 9.41373e+06 1.62952e+06 178143 14785 1045.89 66.6344 3.56402
