5.18804 96.5522 1505.61 21125.5 252784 2.30093e+06 1.32656e+07 3.90631e+07 7.74659e+07 1.21269e+08 1.62352e+08 1.9377e+08 2.10691e+08 2.10691e+08 1.9377e+08 1.62352e+08 1.21269e+08 7.74659e+07 3.90631e+07 1.32656e+07 2.30093e+06 252784 21125.5 1505.61 96.5522 5.18804
99.6789 1982.22 33378.3 519039 7.22667e+06 8.01895e+07 5.60383e+08 1.72215e+09 3.44523e+09 5.40111e+09 7.22999e+09 8.62599e+09 9.37699e+09 9.37699e+09 8.62599e+09 7.22999e+09 5.40111e+09 3.44523e+09 1.72215e+09 5.60383e+08 8.01895e+07 7.22667e+06 519039 33378.3 1982.22 99.6789
1609.69 34773.9 632755 1.07161e+07 1.7276e+08 2.44796e+09 2.25701e+10 7.26418e+10 1.46482e+11 2.2988e+11 3.07636e+11 3.66876e+11 3.98709e+11 3.98709e+11 3.66876e+11 3.07636e+11 2.2988e+11 1.46482e+11 7.26418e+10 2.25701e+10 2.44796e+09 1.7276e+08 1.07161e+07 632755 34773.9 1609.69
23243.9 562819 1.12924e+07 2.02915e+08 3.54125e+09 6.51978e+10 9.09863e+11 3.06626e+12 6.22225e+12 9.77015e+12 1.30695e+13 1.55788e+13 1.69256e+13 1.69256e+13 1.55788e+13 1.30695e+13 9.77015e+12 6.22225e+12 3.06626e+12 9.09863e+11 6.51978e+10 3.54125e+09 2.02915e+08 1.12924e+07 562819 23243.9
282885 8.05268e+06 1.90628e+08 3.80884e+09 6.4082e+10 1.32216e+12 3.68847e+13 1.29643e+14 2.64219e+14 4.14919e+14 5.54754e+14 6.60921e+14 7.17836e+14 7.17836e+14 6.60921e+14 5.54754e+14 4.14919e+14 2.64219e+14 1.29643e+14 3.68847e+13 1.32216e+12 6.4082e+10 3.80884e+09 1.90628e+08 8.05268e+06 282885
2.58919e+06 9.02556e+07 2.75657e+09 7.34874e+10 1.493e+12 2.2392e+13 1.83439e+15 6.5994e+15 1.3453e+16 2.11144e+16 2.82224e+16 3.36205e+16 3.65151e+16 3.65151e+16 3.36205e+16 2.82224e+16 2.11144e+16 1.3453e+16 6.5994e+15 1.83439e+15 2.2392e+13 1.493e+12 7.34874e+10 2.75657e+09 9.02556e+07 2.58919e+06
1.4907e+07 6.29647e+08 2.53571e+10 1.02211e+12 4.14306e+13 2.00054e+15 1.74434e+17 6.0644e+17 1.22357e+18 1.91706e+18 2.56708e+18 3.06624e+18 3.33616e+18 3.33616e+18 3.06624e+18 2.56708e+18 1.91706e+18 1.22357e+18 6.0644e+17 1.74434e+17 2.00054e+15 4.14306e+13 1.02211e+12 2.53571e+10 6.29647e+08 1.4907e+07
4.38385e+07 1.93231e+09 8.14908e+10 3.43914e+12 1.45382e+14 7.20381e+15 6.09096e+17 2.11221e+18 4.25653e+18 6.66423e+18 8.92002e+18 1.06519e+19 1.15883e+19 1.15883e+19 1.06519e+19 8.92002e+18 6.66423e+18 4.25653e+18 2.11221e+18 6.09096e+17 7.20381e+15 1.45382e+14 3.43914e+12 8.14908e+10 1.93231e+09 4.38385e+07
8.68331e+07 3.86096e+09 1.64121e+11 6.96998e+12 2.95908e+14 1.46749e+16 1.22976e+18 4.25951e+18 8.57557e+18 1.34149e+19 1.79429e+19 2.14158e+19 2.32924e+19 2.32924e+19 2.14158e+19 1.79429e+19 1.34149e+19 8.57557e+18 4.25951e+18 1.22976e+18 1.46749e+16 2.95908e+14 6.96998e+12 1.64121e+11 3.86096e+09 8.68331e+07
1.35779e+08 6.04579e+09 2.5725e+11 1.09306e+13 4.64085e+14 2.30051e+16 1.92576e+18 6.6657e+18 1.34085e+19 2.09567e+19 2.80087e+19 3.34104e+19 3.63269e+19 3.63269e+19 3.34104e+19 2.80087e+19 2.09567e+19 1.34085e+19 6.6657e+18 1.92576e+18 2.30051e+16 4.64085e+14 1.09306e+13 2.5725e+11 6.04579e+09 1.35779e+08
1.81592e+08 8.08445e+09 3.43889e+11 1.46054e+13 6.19763e+14 3.07112e+16 2.57633e+18 8.91398e+18 1.79186e+19 2.7984e+19 3.73742e+19 4.45584e+19 4.84342e+19 4.84342e+19 4.45584e+19 3.73742e+19 2.7984e+19 1.79186e+19 8.91398e+18 2.57633e+18 3.07112e+16 6.19763e+14 1.46054e+13 3.43889e+11 8.08445e+09 1.81592e+08
2.16564e+08 9.63764e+09 4.09768e+11 1.73944e+13 7.37706e+14 3.65476e+16 3.07456e+18 1.06355e+19 2.13687e+19 3.3353e+19 4.4521e+19 5.30575e+19 5.76601e+19 5.76601e+19 5.30575e+19 4.4521e+19 3.3353e+19 2.13687e+19 1.06355e+19 3.07456e+18 3.65476e+16 7.37706e+14 1.73944e+13 4.09768e+11 9.63764e+09 2.16564e+08
2.35376e+08 1.04721e+10 4.45119e+11 1.88892e+13 8.0084e+14 3.96713e+16 3.34346e+18 1.15647e+19 2.32295e+19 3.62464e+19 4.83696e+19 5.76315e+19 6.26236e+19 6.26236e+19 5.76315e+19 4.83696e+19 3.62464e+19 2.32295e+19 1.15647e+19 3.34346e+18 3.96713e+16 8.0084e+14 1.88892e+13 4.45119e+11 1.04721e+10 2.35376e+08
2.35376e+08 1.04721e+10 4.45119e+11 1.88892e+13 8.0084e+14 3.96713e+16 3.34346e+18 1.15647e+19 2.32295e+19 3.62464e+19 4.83696e+19 5.76315e+19 6.26236e+19 6.26236e+19 5.76315e+19 4.83696e+19 3.62464e+19 2.32295e+19 1.15647e+19 3.34346e+18 3.96713e+16 8.0084e+14 1.88892e+13 4.45119e+11 1.04721e+10 2.35376e+08
2.16564e+08 9.63764e+09 4.09768e+11 1.73944e+13 7.37706e+14 3.65476e+16 3.07456e+18 1.06355e+19 2.13687e+19 3.3353e+19 4.4521e+19 5.30575e+19 5.76601e+19 5.76601e+19 5.30575e+19 4.4521e+19 3.3353e+19 2.13687e+19 1.06355e+19 3.07456e+18 3.65476e+16 7.37706e+14 1.73944e+13 4.09768e+11 9.63764e+09 2.16564e+08
1.81592e+08 8.08445e+09 3.43889e+11 1.46054e+13 6.19763e+14 3.07112e+16 2.57633e+18 8.91398e+18 1.79186e+19 2.7984e+19 3.73742e+19 4.45584e+19 4.84342e+19 4.84342e+19 4.45584e+19 3.73742e+19 2.7984e+19 1.79186e+19 8.91398e+18 2.57633e+18 3.07112e+16 6.19763e+14 1.46054e+13 3.43889e+11 8.08445e+09 1.81592e+08
1.35779e+08 6.04579e+09 2.5725e+11 1.09306e+13 4.64085e+14 2.30051e+16 1.92576e+18 6.6657e+18 1.34085e+19 2.09567e+19 2.80087e+19 3.34104e+19 3.63269e+19 3.63269e+19 3.34104e+19 2.80087e+19 2.09567e+19 1.34085e+19 6.6657e+18 1.92576e+18 2.30051e+16 4.64085e+14 1.09306e+13 2.5725e+11 6.04579e+09 1.35779e+08
8.68331e+07 3.86096e+09 1.64121e+11 6.96998e+12 2.95908e+14 1.46749e+16 1.22976e+18 4.25951e+18 8.57557e+18 1.34149e+19 1.79429e+19 2.14158e+19 2.32924e+19 2.32924e+19 2.14158e+19 1.79429e+19 1.34149e+19 8.57557e+18 4.25951e+18 1.22976e+18 1.46749e+16 2.95908e+14 6.96998e+12 1.64121e+11 3.86096e+09 8.68331e+07
4.38385e+07 1.93231e+09 8.14908e+10 3.43914e+12 1.45382e+14 7.20381e+15 6.09096e+17 2.11221e+18 4.25653e+18 6.66423e+18 8.92002e+18 1.06519e+19 1.15883e+19 1.15883e+19 1.06519e+19 8.92002e+18 6.66423e+18 4.25653e+18 2.11221e+18 6.09096e+17 7.20381e+15 1.45382e+14 3.43914e+12 8.14908e+10 1.93231e+09 4.38385e+07
1.4907e+07 6.29647e+08 2.53571e+10 1.02211e+12 4.14306e+13 2.00054e+15 1.74434e+17 6.0644e+17 1.22357e+18 1.91706e+18 2.56708e+18 3.06624e+18 3.33616e+18 3.33616e+18 3.06624e+18 2.56708e+18 1.91706e+18 1.22357e+18 6.0644e+17 1.74434e+17 2.00054e+15 4.14306e+13 1.02211e+12 2.53571e+10 6.29647e+08 1.4907e+07
2.58919e+06 9.02556e+07 2.75657e+09 7.34874e+10 1.493e+12 2.2392e+13 1.83439e+15 6.5994e+15 1.3453e+16 2.11144e+16 2.82224e+16 3.36205e+16 3.65151e+16 3.65151e+16 3.36205e+16 2.82224e+16 2.11144e+16 1.3453e+16 6.5994e+15 1.83439e+15 2.2392e+13 1.493e+12 7.34874e+10 2.75657e+09 9.02556e+07 2.58919e+06
282885 8.05268e+06 1.90628e+08 3.80884e+09 6.4082e+10 1.32216e+12 3.68847e+13 1.29643e+14 2.64219e+14 4.14919e+14 5.54754e+14 6.60921e+14 7.17836e+14 7.17836e+14 6.60921e+14 5.54754e+14 4.14919e+14 2.64219e+14 1.29643e+14 3.68847e+13 1.32216e+12 6.4082e+10 3.80884e+09 1.90628e+08 8.05268e+06 282885
23243.9 562819 1.12924e+07 2.02915e+08 3.54125e+09 6.51978e+10 9.09863e+11 3.06626e+12 6.22225e+12 9.77015e+12 1.30695e+13 1.55788e+13 1.69256e+13 1.69256e+13 1.55788e+13 1.30695e+13 9.77015e+12 6.22225e+12 3.06626e+12 9.09863e+11 6.51978e+10 3.54125e+09 2.02915e+08 1.12924e+07 562819 23243.9
1609.69 34773.9 632755 1.07161e+07 1.7276e+08 2.44796e+09 2.25701e+10 7.26418e+10 1.46482e+11 2.2988e+11 3.07636e+11 3.66876e+11 3.98709e+11 3.98709e+11 3.66876e+11 3.07636e+11 2.2988e+11 1.46482e+11 7.26418e+10 2.25701e+10 2.44796e+09 1.7276e+08 1.07161e+07 632755 34773.9 1609.69
99.6789 1982.22 33378.3 519039 7.22667e+06 8.01895e+07 5.60383e+08 1.72215e+09 3.44523e+09 5.40111e+09 7.22999e+09 8.62599e+09 9.37699e+09 9.37699e+09 8.62599e+09 7.22999e+09 5.40111e+09 3.44523e+09 1.72215e+09 5.60383e+08 8.01895e+07 7.22667e+06 519039 33378.3 1982.22 99.6789
5.18804 96.5522 1505.61 21125.5 252784 2.30093e+06 1.32656e+07 3.90631e+07 7.74659e+07 1.21269e+08 1.62352e+08 1.9377e+08 2.10691e+08 2.10691e+08 1.9377e+08 1.62352e+08 1.21269e+08 7.74659e+07 3.90631e+07 1.32656e+07 2.30093e+06 252784 21125.5 1505.61 96.5521 5.18804
