1.18807e-06 2.23199e-05 0.000354641 0.00510227 0.0625749 0.580298 3.38495 10.0596 20.1824 32.0374 43.4995 52.5176 57.4735 57.4735 52.5176 43.4995 32.0374 20.1824 10.0596 3.38495 0.580298 0.0625749 0.00510227 0.000354641 2.23199e-05 1.18807e-06
2.25801e-05 0.000450131 0.00768318 0.122666 1.76292 20.0711 142.348 441.686 894.386 1422.8 1933.08 2334.47 2555.06 2555.06 2334.47 1933.08 1422.8 894.386 441.686 142.348 20.0711 1.76292 0.122666 0.00768318 0.000450131 2.25801e-05
0.000363402 0.00779765 0.142113 2.45577 41.1708 606.214 5704.52 18545.1 37871.2 60354 82044.7 99105.6 108483 108483 99105.6 82044.7 60354 37871.2 18545.1 5704.52 606.214 41.1708 2.45577 0.142113 0.00779765 0.000363402
0.00528625 0.126324 2.50177 44.9172 811.4 15880.9 228826 779195 1.60206e+06 2.55651e+06 3.47684e+06 4.2008e+06 4.59877e+06 4.59877e+06 4.2008e+06 3.47684e+06 2.55651e+06 1.60206e+06 779195 228826 15880.9 811.4 44.9172 2.50177 0.126324 0.00528625
0.065344 1.83568 42.6487 831.664 13819.2 310780 9.23492e+06 3.28045e+07 6.77709e+07 1.08244e+08 1.47265e+08 1.77967e+08 1.94848e+08 1.94848e+08 1.77967e+08 1.47265e+08 1.08244e+08 6.77709e+07 3.28045e+07 9.23492e+06 310780 13819.2 831.664 42.6487 1.83568 0.065344
0.609124 21.0455 634.497 16566.4 321738 4.56185e+06 4.5286e+08 1.64699e+09 3.40247e+09 5.42985e+09 7.38312e+09 8.91949e+09 9.76408e+09 9.76408e+09 8.91949e+09 7.38312e+09 5.42985e+09 3.40247e+09 1.64699e+09 4.5286e+08 4.56185e+06 321738 16566.4 634.497 21.0455 0.609124
3.56489 149.919 6008.13 241020 9.72816e+06 4.74368e+08 4.31407e+10 1.5069e+11 3.06054e+11 4.83733e+11 6.53767e+11 7.86897e+11 8.59885e+11 8.59885e+11 7.86897e+11 6.53767e+11 4.83733e+11 3.06054e+11 1.5069e+11 4.31407e+10 4.74368e+08 9.72816e+06 241020 6008.13 149.919 3.56489
10.6031 465.609 19552.2 821628 3.45961e+07 1.72767e+09 1.51161e+11 5.26584e+11 1.0683e+12 1.68741e+12 2.2796e+12 2.74313e+12 2.9972e+12 2.9972e+12 2.74313e+12 2.2796e+12 1.68741e+12 1.0683e+12 5.26584e+11 1.51161e+11 1.72767e+09 3.45961e+07 821628 19552.2 465.609 10.6031
21.2722 942.8 39926.5 1.68923e+06 7.14687e+07 3.56936e+09 3.07313e+11 1.06937e+12 2.1685e+12 3.42431e+12 4.62532e+12 5.56527e+12 6.08046e+12 6.08046e+12 5.56527e+12 4.62532e+12 3.42431e+12 2.1685e+12 1.06937e+12 3.07313e+11 3.56936e+09 7.14687e+07 1.68923e+06 39926.5 942.8 21.2722
33.7553 1499.27 63605.5 2.69458e+06 1.14104e+08 5.69438e+09 4.85891e+11 1.68972e+12 3.42558e+12 5.4086e+12 7.30491e+12 8.7889e+12 9.60227e+12 9.60227e+12 8.7889e+12 7.30491e+12 5.4086e+12 3.42558e+12 1.68972e+12 4.85891e+11 5.69438e+09 1.14104e+08 2.69458e+06 63605.5 1499.27 33.7553
45.8115 2036.04 86424.1 3.66284e+06 1.55161e+08 7.7394e+09 6.56734e+11 2.28295e+12 4.62751e+12 7.30565e+12 9.86653e+12 1.18705e+13 1.29689e+13 1.29689e+13 1.18705e+13 9.86653e+12 7.30565e+12 4.62751e+12 2.28295e+12 6.56734e+11 7.7394e+09 1.55161e+08 3.66284e+06 86424.1 2036.04 45.8115
55.2875 2457.83 104353 4.42368e+06 1.87429e+08 9.34625e+09 7.90445e+11 2.74711e+12 5.56785e+12 8.78973e+12 1.18704e+13 1.42811e+13 1.56024e+13 1.56024e+13 1.42811e+13 1.18704e+13 8.78973e+12 5.56784e+12 2.74711e+12 7.90445e+11 9.34625e+09 1.87429e+08 4.42368e+06 104353 2457.83 55.2875
60.4913 2689.46 114200 4.8416e+06 2.05157e+08 1.02289e+10 8.63728e+11 3.00146e+12 6.08311e+12 9.60292e+12 1.29684e+13 1.5602e+13 1.70453e+13 1.70453e+13 1.5602e+13 1.29684e+13 9.60292e+12 6.08311e+12 3.00146e+12 8.63728e+11 1.02289e+10 2.05157e+08 4.8416e+06 114200 2689.46 60.4913
60.4913 2689.46 114200 4.8416e+06 2.05157e+08 1.02289e+10 8.63728e+11 3.00146e+12 6.08311e+12 9.60292e+12 1.29684e+13 1.5602e+13 1.70453e+13 1.70453e+13 1.5602e+13 1.29684e+13 9.60292e+12 6.08311e+12 3.00146e+12 8.63728e+11 1.02289e+10 2.05157e+08 4.8416e+06 114200 2689.46 60.4913
55.2875 2457.83 104353 4.42368e+06 1.87429e+08 9.34625e+09 7.90445e+11 2.74711e+12 5.56784e+12 8.78973e+12 1.18704e+13 1.42811e+13 1.56024e+13 1.56024e+13 1.42811e+13 1.18704e+13 8.78973e+12 5.56785e+12 2.74711e+12 7.90445e+11 9.34625e+09 1.87429e+08 4.42368e+06 104353 2457.83 55.2875
45.8115 2036.04 86424.1 3.66284e+06 1.55161e+08 7.7394e+09 6.56734e+11 2.28295e+12 4.62751e+12 7.30565e+12 9.86653e+12 1.18705e+13 1.29689e+13 1.29689e+13 1.18705e+13 9.86653e+12 7.30565e+12 4.62751e+12 2.28295e+12 6.56734e+11 7.7394e+09 1.55161e+08 3.66284e+06 86424.1 2036.04 45.8115
33.7553 1499.27 63605.5 2.69458e+06 1.14104e+08 5.69438e+09 4.85891e+11 1.68972e+12 3.42558e+12 5.4086e+12 7.30491e+12 8.7889e+12 9.60227e+12 9.60227e+12 8.7889e+12 7.30491e+12 5.4086e+12 3.42558e+12 1.68972e+12 4.85891e+11 5.69438e+09 1.14104e+08 2.69458e+06 63605.5 1499.27 33.7553
21.2722 942.8 39926.5 1.68923e+06 7.14687e+07 3.56936e+09 3.07313e+11 1.06937e+12 2.1685e+12 3.4243e+12 4.62532e+12 5.56527e+12 6.08046e+12 6.08046e+12 5.56527e+12 4.62532e+12 3.42431e+12 2.1685e+12 1.06937e+12 3.07313e+11 3.56936e+09 7.14687e+07 1.68923e+06 39926.5 942.8 21.2722
10.6031 465.609 19552.2 821628 3.45961e+07 1.72767e+09 1.51161e+11 5.26584e+11 1.0683e+12 1.68741e+12 2.2796e+12 2.74313e+12 2.9972e+12 2.9972e+12 2.74313e+12 2.2796e+12 1.68741e+12 1.0683e+12 5.26584e+11 1.51161e+11 1.72767e+09 3.45961e+07 821628 19552.2 465.609 10.6031
3.56489 149.919 6008.13 241020 9.72816e+06 4.74368e+08 4.31407e+10 1.5069e+11 3.06054e+11 4.83733e+11 6.53767e+11 7.86897e+11 8.59885e+11 8.59885e+11 7.86897e+11 6.53767e+11 4.83733e+11 3.06054e+11 1.5069e+11 4.31407e+10 4.74368e+08 9.72815e+06 241020 6008.13 149.919 3.56489
0.609124 21.0455 634.497 16566.4 321738 4.56185e+06 4.5286e+08 1.64699e+09 3.40247e+09 5.42985e+09 7.38312e+09 8.91949e+09 9.76408e+09 9.76408e+09 8.91949e+09 7.38312e+09 5.42985e+09 3.40247e+09 1.64699e+09 4.5286e+08 4.56185e+06 321738 16566.4 634.497 21.0455 0.609124
0.065344 1.83568 42.6487 831.664 13819.2 310780 9.23492e+06 3.28045e+07 6.77709e+07 1.08244e+08 1.47265e+08 1.77967e+08 1.94848e+08 1.94848e+08 1.77967e+08 1.47265e+08 1.08244e+08 6.77709e+07 3.28045e+07 9.23492e+06 310780 13819.2 831.664 42.6487 1.83568 0.065344
0.00528625 0.126324 2.50177 44.9172 811.4 15880.9 228826 779195 1.60206e+06 2.55651e+06 3.47684e+06 4.2008e+06 4.59877e+06 4.59877e+06 4.2008e+06 3.47684e+06 2.55651e+06 1.60206e+06 779195 228826 15880.9 811.4 44.9172 2.50177 0.126324 0.00528625
0.000363402 0.00779765 0.142113 2.45577 41.1708 606.214 5704.52 18545.1 37871.2 60354 82044.7 99105.6 108483 108483 99105.6 82044.7 60354 37871.2 18545.1 5704.52 606.214 41.1708 2.45577 0.142113 0.00779765 0.000363402
2.25801e-05 0.000450131 0.00768318 0.122666 1.76292 20.0711 142.348 441.686 894.386 1422.8 1933.08 2334.47 2555.06 2555.06 2334.47 1933.08 1422.8 894.386 441.686 142.348 20.0711 1.76292 0.122666 0.00768318 0.000450131 2.25802e-05
1.18807e-06 2.23199e-05 0.000354641 0.00510227 0.0625749 0.580298 3.38495 10.0596 20.1824 32.0374 43.4995 52.5176 57.4735 57.4735 52.5176 43.4995 32.0374 20.1824 10.0596 3.38495 0.580298 0.0625749 0.00510227 0.000354641 2.23199e-05 1.18807e-06
