0.0400144 0.741948 11.5348 161.533 1930.31 17548.8 101072 297771 592123 931386 1.25411e+06 1.5045e+06 1.64082e+06 1.64082e+06 1.5045e+06 1.25411e+06 931386 592123 297771 101072 17548.8 1930.31 161.533 11.5348 0.741948 0.0400144
0.765209 15.1484 254.123 3943.5 54865.8 608502 4.24917e+06 1.30646e+07 2.62101e+07 4.12978e+07 5.56204e+07 6.67231e+07 7.27652e+07 7.27652e+07 6.67231e+07 5.56204e+07 4.12978e+07 2.62101e+07 1.30646e+07 4.24917e+06 608502 54865.8 3943.5 254.123 15.1484 0.765209
12.3062 264.407 4786.79 80823 1.30267e+06 1.84738e+07 1.7031e+08 5.48376e+08 1.10901e+09 1.74972e+09 2.35682e+09 2.82709e+09 3.08292e+09 3.08292e+09 2.82709e+09 2.35682e+09 1.74972e+09 1.10901e+09 5.48376e+08 1.7031e+08 1.84738e+07 1.30267e+06 80823 4786.79 264.407 12.3062
177.196 4265.06 85025.2 1.51973e+06 2.64875e+07 4.89147e+08 6.83532e+09 2.30427e+10 4.68982e+10 7.40552e+10 9.97518e+10 1.19645e+11 1.30464e+11 1.30464e+11 1.19645e+11 9.97518e+10 7.40552e+10 4.68982e+10 2.30427e+10 6.83532e+09 4.89147e+08 2.64875e+07 1.51973e+06 85025.2 4265.06 177.196
2152.82 60928.3 1.4327e+06 2.84168e+07 4.75049e+08 9.84542e+09 2.76079e+11 9.70492e+11 1.98385e+12 3.13395e+12 4.22113e+12 5.06238e+12 5.5198e+12 5.5198e+12 5.06238e+12 4.22113e+12 3.13395e+12 1.98385e+12 9.70492e+11 2.76079e+11 9.84542e+09 4.75049e+08 2.84168e+07 1.4327e+06 60928.3 2152.82
19685.1 682600 2.07268e+07 5.49021e+08 1.10581e+10 1.64034e+11 1.36813e+13 4.92035e+13 1.00562e+14 1.58724e+14 2.13676e+14 2.56193e+14 2.79311e+14 2.79311e+14 2.56193e+14 2.13676e+14 1.58724e+14 1.00562e+14 4.92035e+13 1.36813e+13 1.64034e+11 1.10581e+10 5.49021e+08 2.07268e+07 682600 19685.1
113297 4.76254e+06 1.90863e+08 7.65932e+09 3.09323e+11 1.49148e+13 1.3028e+15 4.5214e+15 9.12162e+15 1.43175e+16 1.9229e+16 2.30348e+16 2.51069e+16 2.51069e+16 2.30348e+16 1.9229e+16 1.43175e+16 9.12162e+15 4.5214e+15 1.3028e+15 1.49148e+13 3.09323e+11 7.65932e+09 1.90863e+08 4.76254e+06 113297
333485 1.4629e+07 6.13925e+08 2.57924e+10 1.08611e+12 5.37076e+13 4.54262e+15 1.57296e+16 3.17066e+16 4.97478e+16 6.68003e+16 8.00144e+16 8.72097e+16 8.72097e+16 8.00144e+16 6.68003e+16 4.97478e+16 3.17066e+16 1.57296e+16 4.54262e+15 5.37076e+13 1.08611e+12 2.57924e+10 6.13925e+08 1.4629e+07 333485
662581 2.9323e+07 1.24047e+09 5.2447e+10 2.21814e+12 1.09741e+14 9.17562e+15 3.17458e+16 6.39697e+16 1.00351e+17 1.34736e+17 1.6138e+17 1.75889e+17 1.75889e+17 1.6138e+17 1.34736e+17 1.00351e+17 6.39697e+16 3.17458e+16 9.17562e+15 1.09741e+14 2.21814e+12 5.2447e+10 1.24047e+09 2.9323e+07 662581
1.04137e+06 4.61642e+07 1.95545e+09 8.27444e+10 3.5009e+12 1.73104e+14 1.44052e+16 4.98206e+16 1.00374e+17 1.57444e+17 2.11378e+17 2.53169e+17 2.75924e+17 2.75924e+17 2.53169e+17 2.11378e+17 1.57444e+17 1.00374e+17 4.98206e+16 1.44052e+16 1.73104e+14 3.5009e+12 8.27444e+10 1.95545e+09 4.61642e+07 1.04137e+06
1.40118e+06 6.21281e+07 2.63192e+09 1.11367e+11 4.71151e+12 2.32871e+14 1.93433e+16 6.68877e+16 1.34747e+17 2.11346e+17 2.83733e+17 3.39821e+17 3.70359e+17 3.70359e+17 3.39821e+17 2.83733e+17 2.11346e+17 1.34747e+17 6.68877e+16 1.93433e+16 2.32871e+14 4.71151e+12 1.11367e+11 2.63192e+09 6.21281e+07 1.40118e+06
1.68e+06 7.44872e+07 3.15521e+09 1.33495e+11 5.64694e+12 2.79045e+14 2.31656e+16 8.00994e+16 1.61355e+17 2.53071e+17 3.3974e+17 4.06891e+17 4.43454e+17 4.43454e+17 4.06891e+17 3.3974e+17 2.53071e+17 1.61355e+17 8.00994e+16 2.31656e+16 2.79045e+14 5.64694e+12 1.33495e+11 3.15521e+09 7.44872e+07 1.68e+06
1.83167e+06 8.12073e+07 3.43964e+09 1.45519e+11 6.15507e+12 3.04125e+14 2.52452e+16 8.7288e+16 1.75833e+17 2.75773e+17 3.70213e+17 4.43383e+17 4.83222e+17 4.83222e+17 4.43383e+17 3.70213e+17 2.75773e+17 1.75833e+17 8.7288e+16 2.52452e+16 3.04125e+14 6.15507e+12 1.45519e+11 3.43964e+09 8.12073e+07 1.83167e+06
1.83167e+06 8.12073e+07 3.43964e+09 1.45519e+11 6.15507e+12 3.04125e+14 2.52452e+16 8.7288e+16 1.75833e+17 2.75773e+17 3.70213e+17 4.43383e+17 4.83222e+17 4.83222e+17 4.43383e+17 3.70213e+17 2.75773e+17 1.75833e+17 8.7288e+16 2.52452e+16 3.04125e+14 6.15507e+12 1.45519e+11 3.43964e+09 8.12073e+07 1.83167e+06
1.68e+06 7.44872e+07 3.15521e+09 1.33495e+11 5.64694e+12 2.79045e+14 2.31656e+16 8.00994e+16 1.61355e+17 2.53071e+17 3.3974e+17 4.06891e+17 4.43454e+17 4.43454e+17 4.06891e+17 3.3974e+17 2.53071e+17 1.61355e+17 8.00994e+16 2.31656e+16 2.79045e+14 5.64694e+12 1.33495e+11 3.15521e+09 7.44872e+07 1.68e+06
1.40118e+06 6.21281e+07 2.63192e+09 1.11367e+11 4.71151e+12 2.32871e+14 1.93433e+16 6.68877e+16 1.34747e+17 2.11346e+17 2.83733e+17 3.39821e+17 3.70359e+17 3.70359e+17 3.39821e+17 2.83733e+17 2.11346e+17 1.34747e+17 6.68877e+16 1.93433e+16 2.32871e+14 4.71151e+12 1.11367e+11 2.63192e+09 6.21281e+07 1.40118e+06
1.04137e+06 4.61642e+07 1.95545e+09 8.27444e+10 3.5009e+12 1.73104e+14 1.44052e+16 4.98206e+16 1.00374e+17 1.57444e+17 2.11378e+17 2.53169e+17 2.75924e+17 2.75924e+17 2.53169e+17 2.11378e+17 1.57444e+17 1.00374e+17 4.98206e+16 1.44052e+16 1.73104e+14 3.5009e+12 8.27444e+10 1.95545e+09 4.61642e+07 1.04137e+06
662581 2.9323e+07 1.24047e+09 5.2447e+10 2.21814e+12 1.09741e+14 9.17562e+15 3.17458e+16 6.39697e+16 1.00351e+17 1.34736e+17 1.6138e+17 1.75889e+17 1.75889e+17 1.6138e+17 1.34736e+17 1.00351e+17 6.39697e+16 3.17458e+16 9.17562e+15 1.09741e+14 2.21814e+12 5.2447e+10 1.24047e+09 2.9323e+07 662581
333485 1.4629e+07 6.13925e+08 2.57924e+10 1.08611e+12 5.37076e+13 4.54262e+15 1.57296e+16 3.17066e+16 4.97478e+16 6.68003e+16 8.00144e+16 8.72097e+16 8.72097e+16 8.00144e+16 6.68003e+16 4.97478e+16 3.17066e+16 1.57296e+16 4.54262e+15 5.37076e+13 1.08611e+12 2.57924e+10 6.13925e+08 1.4629e+07 333485
113297 4.76254e+06 1.90863e+08 7.65932e+09 3.09323e+11 1.49148e+13 1.3028e+15 4.5214e+15 9.12162e+15 1.43175e+16 1.9229e+16 2.30348e+16 2.51069e+16 2.51069e+16 2.30348e+16 1.9229e+16 1.43175e+16 9.12162e+15 4.5214e+15 1.3028e+15 1.49148e+13 3.09323e+11 7.65932e+09 1.90863e+08 4.76254e+06 113297
19685.1 682600 2.07268e+07 5.49021e+08 1.10581e+10 1.64034e+11 1.36813e+13 4.92035e+13 1.00562e+14 1.58724e+14 2.13676e+14 2.56193e+14 2.79311e+14 2.79311e+14 2.56193e+14 2.13676e+14 1.58724e+14 1.00562e+14 4.92035e+13 1.36813e+13 1.64034e+11 1.10581e+10 5.49021e+08 2.07268e+07 682600 19685.1
2152.82 60928.3 1.4327e+06 2.84168e+07 4.75049e+08 9.84542e+09 2.76079e+11 9.70492e+11 1.98385e+12 3.13395e+12 4.22113e+12 5.06238e+12 5.5198e+12 5.5198e+12 5.06238e+12 4.22113e+12 3.13395e+12 1.98385e+12 9.70492e+11 2.76079e+11 9.84542e+09 4.75049e+08 2.84168e+07 1.4327e+06 60928.3 2152.82
177.196 4265.06 85025.2 1.51973e+06 2.64875e+07 4.89147e+08 6.83532e+09 2.30427e+10 4.68982e+10 7.40552e+10 9.97518e+10 1.19645e+11 1.30464e+11 1.30464e+11 1.19645e+11 9.97518e+10 7.40552e+10 4.68982e+10 2.30427e+10 6.83532e+09 4.89147e+08 2.64875e+07 1.51973e+06 85025.2 4265.06 177.196
12.3062 264.407 4786.79 80823 1.30267e+06 1.84738e+07 1.7031e+08 5.48376e+08 1.10901e+09 1.74972e+09 2.35682e+09 2.82709e+09 3.08292e+09 3.08292e+09 2.82709e+09 2.35682e+09 1.74972e+09 1.10901e+09 5.48376e+08 1.7031e+08 1.84738e+07 1.30267e+06 80823 4786.79 264.407 12.3062
0.765209 15.1484 254.123 3943.5 54865.8 608502 4.24917e+06 1.30646e+07 2.62101e+07 4.12978e+07 5.56204e+07 6.67231e+07 7.27652e+07 7.27652e+07 6.67231e+07 5.56204e+07 4.12978e+07 2.62101e+07 1.30646e+07 4.24917e+06 608502 54865.8 3943.5 254.123 15.1484 0.765209
0.0400144 0.741948 11.5348 161.533 1930.31 17548.8 101072 297771 592123 931386 1.25411e+06 1.5045e+06 1.64082e+06 1.64082e+06 1.5045e+06 1.25411e+06 931386 592123 297771 101072 17548.8 1930.31 161.533 11.5348 0.741948 0.0400144
