0.00308997 0.0581804 0.926737 13.366 164.298 1526.71 8920.72 26549.5 53329.3 84722.5 115079 138953 152066 152066 138953 115079 84722.5 53329.3 26549.5 8920.72 1526.71 164.298 13.366 0.926737 0.0581804 0.00308997
0.0588196 1.1752 20.1101 321.908 4637.99 52919.1 375988 1.16848e+06 2.36925e+06 3.77246e+06 5.12778e+06 6.1934e+06 6.7787e+06 6.7787e+06 6.1934e+06 5.12778e+06 3.77246e+06 2.36925e+06 1.16848e+06 375988 52919.1 4637.99 321.908 20.1101 1.1752 0.0588196
0.948309 20.3921 372.522 6453.9 108493 1.60134e+06 1.50966e+07 4.9162e+07 1.00543e+08 1.60393e+08 2.18149e+08 2.63555e+08 2.88496e+08 2.88496e+08 2.63555e+08 2.18149e+08 1.60393e+08 1.00543e+08 4.9162e+07 1.50966e+07 1.60134e+06 108493 6453.9 372.522 20.3921 0.948309
13.8207 330.948 6567.47 118163 2.14024e+06 4.2009e+07 6.06479e+08 2.06897e+09 4.26078e+09 6.80671e+09 9.26219e+09 1.11927e+10 1.22533e+10 1.22533e+10 1.11927e+10 9.26219e+09 6.80671e+09 4.26078e+09 2.06897e+09 6.06479e+08 4.2009e+07 2.14024e+06 118163 6567.47 330.948 13.8207
171.176 4818.69 112156 2.19025e+06 3.64512e+07 8.22629e+08 2.45015e+10 8.72085e+10 1.80483e+11 2.88609e+11 3.92879e+11 4.74873e+11 5.19921e+11 5.19921e+11 4.74873e+11 3.92879e+11 2.88609e+11 1.80483e+11 8.72085e+10 2.45015e+10 8.22629e+08 3.64512e+07 2.19025e+06 112156 4818.69 171.176
1598.73 55356.2 1.67202e+06 4.37141e+07 8.4937e+08 1.20459e+10 1.20187e+12 4.3806e+12 9.06713e+12 1.44886e+13 1.97136e+13 2.38213e+13 2.60778e+13 2.60778e+13 2.38213e+13 1.97136e+13 1.44886e+13 9.06714e+12 4.3806e+12 1.20187e+12 1.20459e+10 8.4937e+08 4.37141e+07 1.67202e+06 55356.2 1598.73
9372.49 395054 1.58634e+07 6.3735e+08 2.57527e+10 1.25694e+12 1.14507e+14 4.0072e+14 8.15383e+14 1.29067e+15 1.74611e+15 2.1029e+15 2.29854e+15 2.29854e+15 2.1029e+15 1.74611e+15 1.29067e+15 8.15383e+14 4.0072e+14 1.14507e+14 1.25694e+12 2.57527e+10 6.3735e+08 1.58634e+07 395054 9372.49
27912.7 1.22868e+06 5.17043e+07 2.17638e+09 9.17544e+10 4.58698e+12 4.01902e+14 1.4026e+15 2.85071e+15 4.50947e+15 6.09835e+15 7.3428e+15 8.02507e+15 8.02507e+15 7.3428e+15 6.09835e+15 4.50947e+15 2.85071e+15 1.4026e+15 4.01902e+14 4.58698e+12 9.17544e+10 2.17638e+09 5.17043e+07 1.22868e+06 27912.7
56050.5 2.49055e+06 1.05709e+08 4.48052e+09 1.89825e+11 9.49206e+12 8.18424e+14 2.85299e+15 5.79586e+15 9.16593e+15 1.23935e+16 1.49212e+16 1.6307e+16 1.6307e+16 1.49212e+16 1.23935e+16 9.16593e+15 5.79586e+15 2.85299e+15 8.18424e+14 9.49206e+12 1.89825e+11 4.48052e+09 1.05709e+08 2.49055e+06 56050.5
88983.7 3.96277e+06 1.68511e+08 7.15233e+09 3.03312e+11 1.5157e+13 1.2956e+15 4.51363e+15 9.16709e+15 1.44953e+16 1.95978e+16 2.35936e+16 2.57842e+16 2.57842e+16 2.35936e+16 1.95978e+16 1.44953e+16 9.16709e+15 4.51363e+15 1.2956e+15 1.5157e+13 3.03312e+11 7.15233e+09 1.68511e+08 3.96277e+06 88983.7
120772 5.38209e+06 2.28998e+08 9.7241e+09 4.12528e+11 2.06059e+13 1.75245e+15 6.10299e+15 1.23932e+16 1.95948e+16 2.6491e+16 3.18913e+16 3.48518e+16 3.48518e+16 3.18913e+16 2.6491e+16 1.95948e+16 1.23932e+16 6.10299e+15 1.75245e+15 2.06059e+13 4.12528e+11 9.7241e+09 2.28998e+08 5.38209e+06 120772
145730 6.49612e+06 2.76467e+08 1.17424e+10 4.98248e+11 2.48816e+13 2.11001e+15 7.34672e+15 1.49176e+16 2.3585e+16 3.18845e+16 3.83836e+16 4.19464e+16 4.19464e+16 3.83836e+16 3.18845e+16 2.3585e+16 1.49176e+16 7.34672e+15 2.11001e+15 2.48816e+13 4.98248e+11 1.17424e+10 2.76467e+08 6.49612e+06 145730
159422 7.10727e+06 3.02508e+08 1.28497e+10 5.4528e+11 2.72274e+13 2.30593e+15 8.02815e+15 1.63007e+16 2.57711e+16 3.48394e+16 4.19404e+16 4.58332e+16 4.58332e+16 4.19404e+16 3.48394e+16 2.57711e+16 1.63007e+16 8.02815e+15 2.30593e+15 2.72274e+13 5.4528e+11 1.28497e+10 3.02508e+08 7.10727e+06 159422
159422 7.10727e+06 3.02508e+08 1.28497e+10 5.4528e+11 2.72274e+13 2.30593e+15 8.02815e+15 1.63007e+16 2.57711e+16 3.48394e+16 4.19404e+16 4.58332e+16 4.58332e+16 4.19404e+16 3.48394e+16 2.57711e+16 1.63007e+16 8.02815e+15 2.30593e+15 2.72274e+13 5.4528e+11 1.28497e+10 3.02508e+08 7.10727e+06 159422
145730 6.49612e+06 2.76467e+08 1.17424e+10 4.98248e+11 2.48816e+13 2.11001e+15 7.34672e+15 1.49176e+16 2.3585e+16 3.18845e+16 3.83836e+16 4.19464e+16 4.19464e+16 3.83836e+16 3.18845e+16 2.3585e+16 1.49176e+16 7.34672e+15 2.11001e+15 2.48816e+13 4.98248e+11 1.17424e+10 2.76467e+08 6.49612e+06 145730
120772 5.38209e+06 2.28998e+08 9.7241e+09 4.12528e+11 2.06059e+13 1.75245e+15 6.10299e+15 1.23932e+16 1.95948e+16 2.6491e+16 3.18913e+16 3.48518e+16 3.48518e+16 3.18913e+16 2.6491e+16 1.95948e+16 1.23932e+16 6.10299e+15 1.75245e+15 2.06059e+13 4.12528e+11 9.7241e+09 2.28998e+08 5.38209e+06 120772
88983.7 3.96277e+06 1.68511e+08 7.15233e+09 3.03312e+11 1.5157e+13 1.2956e+15 4.51363e+15 9.16709e+15 1.44953e+16 1.95978e+16 2.35936e+16 2.57842e+16 2.57842e+16 2.35936e+16 1.95978e+16 1.44953e+16 9.16709e+15 4.51363e+15 1.2956e+15 1.5157e+13 3.03312e+11 7.15233e+09 1.68511e+08 3.96277e+06 88983.7
56050.5 2.49055e+06 1.05709e+08 4.48052e+09 1.89825e+11 9.49206e+12 8.18424e+14 2.85299e+15 5.79586e+15 9.16593e+15 1.23935e+16 1.49212e+16 1.6307e+16 1.6307e+16 1.49212e+16 1.23935e+16 9.16593e+15 5.79586e+15 2.85299e+15 8.18424e+14 9.49206e+12 1.89825e+11 4.48052e+09 1.05709e+08 2.49055e+06 56050.5
27912.7 1.22868e+06 5.17043e+07 2.17638e+09 9.17544e+10 4.58698e+12 4.01902e+14 1.4026e+15 2.85071e+15 4.50947e+15 6.09835e+15 7.3428e+15 8.02507e+15 8.02507e+15 7.3428e+15 6.09835e+15 4.50947e+15 2.85071e+15 1.4026e+15 4.01902e+14 4.58698e+12 9.17544e+10 2.17638e+09 5.17043e+07 1.22868e+06 27912.7
9372.49 395054 1.58634e+07 6.3735e+08 2.57527e+10 1.25694e+12 1.14507e+14 4.0072e+14 8.15383e+14 1.29067e+15 1.74611e+15 2.1029e+15 2.29854e+15 2.29854e+15 2.1029e+15 1.74611e+15 1.29067e+15 8.15383e+14 4.0072e+14 1.14507e+14 1.25694e+12 2.57527e+10 6.3735e+08 1.58634e+07 395054 9372.49
1598.73 55356.2 1.67202e+06 4.37141e+07 8.4937e+08 1.20459e+10 1.20187e+12 4.3806e+12 9.06714e+12 1.44886e+13 1.97136e+13 2.38213e+13 2.60778e+13 2.60778e+13 2.38213e+13 1.97136e+13 1.44886e+13 9.06713e+12 4.3806e+12 1.20187e+12 1.20459e+10 8.4937e+08 4.37141e+07 1.67202e+06 55356.2 1598.73
171.176 4818.69 112156 2.19025e+06 3.64512e+07 8.22629e+08 2.45015e+10 8.72085e+10 1.80483e+11 2.88609e+11 3.92879e+11 4.74873e+11 5.19921e+11 5.19921e+11 4.74873e+11 3.92879e+11 2.88609e+11 1.80483e+11 8.72085e+10 2.45015e+10 8.22629e+08 3.64512e+07 2.19025e+06 112156 4818.69 171.176
13.8207 330.948 6567.47 118163 2.14024e+06 4.2009e+07 6.06479e+08 2.06897e+09 4.26078e+09 6.80671e+09 9.26219e+09 1.11927e+10 1.22533e+10 1.22533e+10 1.11927e+10 9.26219e+09 6.80671e+09 4.26078e+09 2.06897e+09 6.06479e+08 4.2009e+07 2.14024e+06 118163 6567.47 330.948 13.8207
0.948309 20.3921 372.522 6453.9 108493 1.60134e+06 1.50966e+07 4.9162e+07 1.00543e+08 1.60393e+08 2.18149e+08 2.63555e+08 2.88496e+08 2.88496e+08 2.63555e+08 2.18149e+08 1.60393e+08 1.00543e+08 4.9162e+07 1.50966e+07 1.60134e+06 108493 6453.9 372.522 20.3921 0.948309
0.0588196 1.1752 20.1101 321.908 4637.99 52919.1 375988 1.16848e+06 2.36925e+06 3.77246e+06 5.12778e+06 6.1934e+06 6.7787e+06 6.7787e+06 6.1934e+06 5.12778e+06 3.77246e+06 2.36925e+06 1.16848e+06 375988 52919.1 4637.99 321.908 20.1101 1.1752 0.0588196
0.00308997 0.0581804 0.926737 13.366 164.298 1526.71 8920.72 26549.5 53329.3 84722.5 115079 138953 152066 152066 138953 115079 84722.5 53329.3 26549.5 8920.72 1526.71 164.298 13.366 0.926737 0.0581804 0.00308997
