0.0569298 1.08157 17.3671 252.186 3119.58 29175.1 171628 514453 1.04053e+06 1.66248e+06 2.26725e+06 2.74417e+06 3.00639e+06 3.00639e+06 2.74417e+06 2.26725e+06 1.66248e+06 1.04053e+06 514453 171628 29175.1 3119.58 252.186 17.3671 1.08157 0.0569298
1.09507 22.1149 381.916 6156.13 89209.8 1.02374e+06 7.31995e+06 2.29208e+07 4.6823e+07 7.50114e+07 1.02397e+08 1.23989e+08 1.35859e+08 1.35859e+08 1.23989e+08 1.02397e+08 7.50114e+07 4.6823e+07 2.29208e+07 7.31995e+06 1.02374e+06 89209.8 6156.13 381.916 22.1149 1.09507
17.8255 388.007 7162.52 125008 2.11166e+06 3.1302e+07 2.96694e+08 9.73888e+08 2.00775e+09 3.22384e+09 4.40443e+09 5.33513e+09 5.84678e+09 5.84678e+09 5.33513e+09 4.40443e+09 3.22384e+09 2.00775e+09 9.73888e+08 2.96694e+08 3.1302e+07 2.11166e+06 125008 7162.52 388.007 17.8255
261.87 6352.36 127522 2.31441e+06 4.21126e+07 8.28119e+08 1.19991e+10 4.128e+10 8.57422e+10 1.37922e+11 1.88555e+11 2.28468e+11 2.50408e+11 2.50408e+11 2.28468e+11 1.88555e+11 1.37922e+11 8.57422e+10 4.128e+10 1.19991e+10 8.28119e+08 4.21126e+07 2.31441e+06 127522 6352.36 261.87
3265.62 93121.6 2.19273e+06 4.32486e+07 7.251e+08 1.63439e+10 4.86801e+11 1.74837e+12 3.65159e+12 5.88162e+12 8.04524e+12 9.75072e+12 1.06882e+13 1.06882e+13 9.75072e+12 8.04524e+12 5.88162e+12 3.65159e+12 1.74837e+12 4.86801e+11 1.63439e+10 7.251e+08 4.32486e+07 2.19273e+06 93121.6 3265.62
30693.3 1.07597e+06 3.28453e+07 8.66344e+08 1.69824e+10 2.42869e+11 2.39419e+13 8.80964e+13 1.84092e+14 2.96371e+14 4.05247e+14 4.91046e+14 5.38199e+14 5.38199e+14 4.91046e+14 4.05247e+14 2.96371e+14 1.84092e+14 8.80964e+13 2.39419e+13 2.42869e+11 1.69824e+10 8.66344e+08 3.28453e+07 1.07597e+06 30693.3
181084 7.7235e+06 3.13063e+08 1.26618e+10 5.13737e+11 2.50965e+13 2.28413e+15 8.05445e+15 1.65222e+16 2.63318e+16 3.58003e+16 4.32489e+16 4.7341e+16 4.7341e+16 4.32489e+16 3.58003e+16 2.63318e+16 1.65222e+16 8.05445e+15 2.28413e+15 2.50965e+13 5.13737e+11 1.26618e+10 3.13063e+08 7.7235e+06 181084
543099 2.42003e+07 1.0284e+09 4.35974e+10 1.84681e+12 9.24724e+13 8.08068e+15 2.84039e+16 5.81805e+16 9.26465e+16 1.25899e+17 1.52054e+17 1.66422e+17 1.66422e+17 1.52054e+17 1.25899e+17 9.26465e+16 5.81805e+16 2.84039e+16 8.08068e+15 9.24724e+13 1.84681e+12 4.35974e+10 1.0284e+09 2.42003e+07 543099
1.09809e+06 4.942e+07 2.11942e+09 9.05252e+10 3.8559e+12 1.93209e+14 1.6592e+16 5.82381e+16 1.19207e+17 1.89742e+17 2.57775e+17 3.11276e+17 3.40665e+17 3.40665e+17 3.11276e+17 2.57775e+17 1.89742e+17 1.19207e+17 5.82381e+16 1.6592e+16 1.93209e+14 3.8559e+12 9.05252e+10 2.11942e+09 4.942e+07 1.09809e+06
1.75314e+06 7.91115e+07 3.4005e+09 1.45499e+11 6.20561e+12 3.1083e+14 2.64472e+16 9.27559e+16 1.8978e+17 3.01985e+17 4.10181e+17 4.95252e+17 5.4198e+17 5.4198e+17 4.95252e+17 4.10181e+17 3.01985e+17 1.8978e+17 9.27559e+16 2.64472e+16 3.1083e+14 6.20561e+12 1.45499e+11 3.4005e+09 7.91115e+07 1.75314e+06
2.38883e+06 1.07898e+08 4.64153e+09 1.98726e+11 8.48015e+12 4.24635e+14 3.59495e+16 1.26025e+17 2.57783e+17 4.10113e+17 5.5697e+17 6.72422e+17 7.35832e+17 7.35832e+17 6.72422e+17 5.5697e+17 4.10113e+17 2.57783e+17 1.26025e+17 3.59495e+16 4.24635e+14 8.48015e+12 1.98726e+11 4.64153e+09 1.07898e+08 2.38883e+06
2.8892e+06 1.3055e+08 5.61789e+09 2.40595e+11 1.02691e+13 5.14124e+14 4.34155e+16 1.52163e+17 3.112e+17 4.95038e+17 6.72242e+17 8.11538e+17 8.88038e+17 8.88038e+17 8.11538e+17 6.72242e+17 4.95038e+17 3.112e+17 1.52163e+17 4.34155e+16 5.14124e+14 1.02691e+13 2.40595e+11 5.61789e+09 1.3055e+08 2.8892e+06
3.16393e+06 1.42986e+08 6.15386e+09 2.63576e+11 1.12509e+13 5.63229e+14 4.75134e+16 1.66509e+17 3.40518e+17 5.41645e+17 7.355e+17 8.87875e+17 9.71556e+17 9.71556e+17 8.87875e+17 7.355e+17 5.41645e+17 3.40518e+17 1.66509e+17 4.75134e+16 5.63228e+14 1.12509e+13 2.63576e+11 6.15386e+09 1.42986e+08 3.16393e+06
3.16393e+06 1.42986e+08 6.15386e+09 2.63576e+11 1.12509e+13 5.63228e+14 4.75134e+16 1.66509e+17 3.40518e+17 5.41645e+17 7.355e+17 8.87875e+17 9.71556e+17 9.71556e+17 8.87875e+17 7.355e+17 5.41645e+17 3.40518e+17 1.66509e+17 4.75134e+16 5.63229e+14 1.12509e+13 2.63576e+11 6.15386e+09 1.42986e+08 3.16393e+06
2.8892e+06 1.3055e+08 5.61789e+09 2.40595e+11 1.02691e+13 5.14124e+14 4.34155e+16 1.52163e+17 3.112e+17 4.95038e+17 6.72242e+17 8.11538e+17 8.88038e+17 8.88038e+17 8.11538e+17 6.72242e+17 4.95038e+17 3.112e+17 1.52163e+17 4.34155e+16 5.14124e+14 1.02691e+13 2.40595e+11 5.61789e+09 1.3055e+08 2.8892e+06
2.38883e+06 1.07898e+08 4.64153e+09 1.98726e+11 8.48015e+12 4.24635e+14 3.59495e+16 1.26025e+17 2.57783e+17 4.10113e+17 5.5697e+17 6.72422e+17 7.35832e+17 7.35832e+17 6.72422e+17 5.5697e+17 4.10113e+17 2.57783e+17 1.26025e+17 3.59495e+16 4.24635e+14 8.48015e+12 1.98726e+11 4.64153e+09 1.07898e+08 2.38883e+06
1.75314e+06 7.91115e+07 3.4005e+09 1.45499e+11 6.20561e+12 3.1083e+14 2.64472e+16 9.27559e+16 1.8978e+17 3.01985e+17 4.10181e+17 4.95252e+17 5.4198e+17 5.4198e+17 4.95252e+17 4.10181e+17 3.01985e+17 1.8978e+17 9.27559e+16 2.64472e+16 3.1083e+14 6.20561e+12 1.45499e+11 3.4005e+09 7.91115e+07 1.75314e+06
1.09809e+06 4.942e+07 2.11942e+09 9.05252e+10 3.8559e+12 1.93209e+14 1.6592e+16 5.82381e+16 1.19207e+17 1.89742e+17 2.57775e+17 3.11276e+17 3.40665e+17 3.40665e+17 3.11276e+17 2.57775e+17 1.89742e+17 1.19207e+17 5.82381e+16 1.6592e+16 1.93209e+14 3.8559e+12 9.05252e+10 2.11942e+09 4.942e+07 1.09809e+06
543099 2.42003e+07 1.0284e+09 4.35974e+10 1.84681e+12 9.24724e+13 8.08068e+15 2.84039e+16 5.81805e+16 9.26465e+16 1.25899e+17 1.52054e+17 1.66422e+17 1.66422e+17 1.52054e+17 1.25899e+17 9.26465e+16 5.81805e+16 2.84039e+16 8.08068e+15 9.24724e+13 1.84681e+12 4.35974e+10 1.0284e+09 2.42003e+07 543099
181084 7.7235e+06 3.13063e+08 1.26618e+10 5.13737e+11 2.50965e+13 2.28413e+15 8.05445e+15 1.65222e+16 2.63318e+16 3.58003e+16 4.32489e+16 4.7341e+16 4.7341e+16 4.32489e+16 3.58003e+16 2.63318e+16 1.65222e+16 8.05445e+15 2.28413e+15 2.50965e+13 5.13737e+11 1.26618e+10 3.13063e+08 7.7235e+06 181084
30693.3 1.07597e+06 3.28453e+07 8.66344e+08 1.69824e+10 2.42869e+11 2.39419e+13 8.80964e+13 1.84092e+14 2.96371e+14 4.05247e+14 4.91046e+14 5.38199e+14 5.38199e+14 4.91046e+14 4.05247e+14 2.96371e+14 1.84092e+14 8.80964e+13 2.39419e+13 2.42869e+11 1.69824e+10 8.66344e+08 3.28453e+07 1.07597e+06 30693.3
3265.62 93121.6 2.19273e+06 4.32486e+07 7.251e+08 1.63439e+10 4.86801e+11 1.74837e+12 3.65159e+12 5.88162e+12 8.04524e+12 9.75072e+12 1.06882e+13 1.06882e+13 9.75072e+12 8.04524e+12 5.88162e+12 3.65159e+12 1.74837e+12 4.86801e+11 1.63439e+10 7.251e+08 4.32486e+07 2.19273e+06 93121.6 3265.62
261.87 6352.36 127522 2.31441e+06 4.21126e+07 8.28119e+08 1.19991e+10 4.128e+10 8.57422e+10 1.37922e+11 1.88555e+11 2.28468e+11 2.50408e+11 2.50408e+11 2.28468e+11 1.88555e+11 1.37922e+11 8.57422e+10 4.128e+10 1.19991e+10 8.28119e+08 4.21126e+07 2.31441e+06 127522 6352.36 261.87
17.8255 388.007 7162.52 125008 2.11166e+06 3.1302e+07 2.96694e+08 9.73888e+08 2.00775e+09 3.22384e+09 4.40443e+09 5.33513e+09 5.84678e+09 5.84678e+09 5.33513e+09 4.40443e+09 3.22384e+09 2.00775e+09 9.73888e+08 2.96694e+08 3.1302e+07 2.11166e+06 125008 7162.52 388.007 17.8255
1.09507 22.1149 381.916 6156.13 89209.8 1.02374e+06 7.31995e+06 2.29208e+07 4.6823e+07 7.50114e+07 1.02397e+08 1.23989e+08 1.35859e+08 1.35859e+08 1.23989e+08 1.02397e+08 7.50114e+07 4.6823e+07 2.29208e+07 7.31995e+06 1.02374e+06 89209.8 6156.13 381.916 22.1149 1.09507
0.0569297 1.08157 17.3671 252.186 3119.58 29175.1 171628 514453 1.04053e+06 1.66248e+06 2.26725e+06 2.74417e+06 3.00639e+06 3.00639e+06 2.74417e+06 2.26725e+06 1.66248e+06 1.04053e+06 514453 171628 29175.1 3119.58 252.186 17.3671 1.08157 0.0569297
