22.8095 421.015 6485.48 89648 1.0561e+06 9.47318e+06 5.38304e+07 1.55467e+08 3.00894e+08 4.58815e+08 5.99451e+08 7.02166e+08 7.55749e+08 7.55749e+08 7.02166e+08 5.99451e+08 4.58815e+08 3.00894e+08 1.55467e+08 5.38304e+07 9.47318e+06 1.0561e+06 89648 6485.48 421.015 22.8095
437.326 8647.02 144155 2.20902e+06 3.02313e+07 3.30029e+08 2.27256e+09 6.84642e+09 1.33544e+10 2.03696e+10 2.6582e+10 3.11004e+10 3.34511e+10 3.34511e+10 3.11004e+10 2.6582e+10 2.03696e+10 1.33544e+10 6.84642e+09 2.27256e+09 3.30029e+08 3.02313e+07 2.20902e+06 144155 8647.02 437.326
7025.32 151381 2.73878e+06 4.58378e+07 7.2541e+08 1.00802e+10 9.1508e+10 2.88544e+11 5.66694e+11 8.64188e+11 1.12613e+12 1.31583e+12 1.41424e+12 1.41424e+12 1.31583e+12 1.12613e+12 8.64188e+11 5.66694e+11 2.88544e+11 9.1508e+10 1.00802e+10 7.2541e+08 4.58378e+07 2.73878e+06 151381 7025.32
100549 2.43424e+06 4.8802e+07 8.72837e+08 1.49956e+10 2.69187e+11 3.69032e+12 1.21753e+13 2.40344e+13 3.66225e+13 4.76458e+13 5.55943e+13 5.97057e+13 5.97057e+13 5.55943e+13 4.76458e+13 3.66225e+13 2.40344e+13 1.21753e+13 3.69032e+12 2.69187e+11 1.49956e+10 8.72837e+08 4.8802e+07 2.43424e+06 100549
1.20931e+06 3.4439e+07 8.16612e+08 1.63664e+10 2.75167e+11 5.50809e+12 1.49777e+14 5.14925e+14 1.01954e+15 1.55151e+15 2.01493e+15 2.34764e+15 2.51922e+15 2.51922e+15 2.34764e+15 2.01493e+15 1.55151e+15 1.01954e+15 5.14925e+14 1.49777e+14 5.50809e+12 2.75167e+11 1.63664e+10 8.16612e+08 3.4439e+07 1.20931e+06
1.09187e+07 3.80546e+08 1.16331e+10 3.11175e+11 6.38748e+12 9.70052e+13 7.49183e+15 2.63605e+16 5.22159e+16 7.94515e+16 1.03215e+17 1.20315e+17 1.2915e+17 1.2915e+17 1.20315e+17 1.03215e+17 7.94515e+16 5.22159e+16 2.63605e+16 7.49183e+15 9.70052e+13 6.38748e+12 3.11175e+11 1.16331e+10 3.80546e+08 1.09187e+07
6.19057e+07 2.61285e+09 1.05185e+11 4.24083e+12 1.72072e+14 8.2915e+15 7.11435e+17 2.43744e+18 4.82423e+18 7.40494e+18 9.73329e+18 1.14649e+19 1.23816e+19 1.23816e+19 1.14649e+19 9.73329e+18 7.40494e+18 4.82423e+18 2.43744e+18 7.11435e+17 8.2915e+15 1.72072e+14 4.24083e+12 1.05185e+11 2.61285e+09 6.19057e+07
1.78513e+08 7.85848e+09 3.31074e+11 1.39647e+13 5.90385e+14 2.91969e+16 2.44738e+18 8.36651e+18 1.65381e+19 2.53619e+19 3.33144e+19 3.92242e+19 4.23515e+19 4.23515e+19 3.92242e+19 3.33144e+19 2.53619e+19 1.65381e+19 8.36651e+18 2.44738e+18 2.91969e+16 5.90385e+14 1.39647e+13 3.31074e+11 7.85848e+09 1.78513e+08
3.45139e+08 1.53121e+10 6.49505e+11 2.75356e+13 1.16761e+15 5.77756e+16 4.84156e+18 1.65306e+19 3.26206e+19 4.99336e+19 6.54818e+19 7.70013e+19 8.30847e+19 8.30847e+19 7.70013e+19 6.54818e+19 4.99336e+19 3.26206e+19 1.65306e+19 4.84156e+18 5.77756e+16 1.16761e+15 2.75356e+13 6.49505e+11 1.53121e+10 3.45139e+08
5.25853e+08 2.33362e+10 9.89623e+11 4.19205e+13 1.77521e+15 8.77799e+16 7.41729e+18 2.53027e+19 4.98403e+19 7.61323e+19 9.96419e+19 1.16994e+20 1.26134e+20 1.26134e+20 1.16994e+20 9.96419e+19 7.61323e+19 4.98403e+19 2.53027e+19 7.41729e+18 8.77799e+16 1.77521e+15 4.19205e+13 9.89623e+11 2.33362e+10 5.25853e+08
6.866e+08 3.04334e+10 1.28872e+12 5.45005e+13 2.30379e+15 1.13861e+17 9.72747e+18 3.3163e+19 6.52157e+19 9.94233e+19 1.29884e+20 1.52284e+20 1.64054e+20 1.64054e+20 1.52284e+20 1.29884e+20 9.94233e+19 6.52157e+19 3.3163e+19 9.72747e+18 1.13861e+17 2.30379e+15 5.45005e+13 1.28872e+12 3.04334e+10 6.866e+08
8.03891e+08 3.55902e+10 1.50509e+12 6.35617e+13 2.68287e+15 1.32563e+17 1.14362e+19 3.8973e+19 7.65464e+19 1.16522e+20 1.52004e+20 1.78022e+20 1.91666e+20 1.91666e+20 1.78022e+20 1.52004e+20 1.16522e+20 7.65464e+19 3.8973e+19 1.14362e+19 1.32563e+17 2.68287e+15 6.35617e+13 1.50509e+12 3.55902e+10 8.03891e+08
8.6504e+08 3.82713e+10 1.61727e+12 6.82453e+13 2.87822e+15 1.42202e+17 1.23374e+19 4.2036e+19 8.25077e+19 1.25495e+20 1.63582e+20 1.91467e+20 2.06074e+20 2.06074e+20 1.91467e+20 1.63582e+20 1.25495e+20 8.25077e+19 4.2036e+19 1.23374e+19 1.42202e+17 2.87822e+15 6.82453e+13 1.61727e+12 3.82713e+10 8.6504e+08
8.6504e+08 3.82713e+10 1.61727e+12 6.82453e+13 2.87822e+15 1.42202e+17 1.23374e+19 4.2036e+19 8.25077e+19 1.25495e+20 1.63582e+20 1.91467e+20 2.06074e+20 2.06074e+20 1.91467e+20 1.63582e+20 1.25495e+20 8.25077e+19 4.2036e+19 1.23374e+19 1.42202e+17 2.87822e+15 6.82453e+13 1.61727e+12 3.82713e+10 8.6504e+08
8.03891e+08 3.55902e+10 1.50509e+12 6.35617e+13 2.68287e+15 1.32563e+17 1.14362e+19 3.8973e+19 7.65464e+19 1.16522e+20 1.52004e+20 1.78022e+20 1.91666e+20 1.91666e+20 1.78022e+20 1.52004e+20 1.16522e+20 7.65464e+19 3.8973e+19 1.14362e+19 1.32563e+17 2.68287e+15 6.35617e+13 1.50509e+12 3.55902e+10 8.03891e+08
6.866e+08 3.04334e+10 1.28872e+12 5.45005e+13 2.30379e+15 1.13861e+17 9.72747e+18 3.3163e+19 6.52157e+19 9.94233e+19 1.29884e+20 1.52284e+20 1.64054e+20 1.64054e+20 1.52284e+20 1.29884e+20 9.94233e+19 6.52157e+19 3.3163e+19 9.72747e+18 1.13861e+17 2.30379e+15 5.45005e+13 1.28872e+12 3.04334e+10 6.866e+08
5.25853e+08 2.33362e+10 9.89623e+11 4.19205e+13 1.77521e+15 8.77799e+16 7.41729e+18 2.53027e+19 4.98403e+19 7.61323e+19 9.96419e+19 1.16994e+20 1.26134e+20 1.26134e+20 1.16994e+20 9.96419e+19 7.61323e+19 4.98403e+19 2.53027e+19 7.41729e+18 8.77799e+16 1.77521e+15 4.19205e+13 9.89623e+11 2.33362e+10 5.25853e+08
3.45139e+08 1.53121e+10 6.49505e+11 2.75356e+13 1.16761e+15 5.77756e+16 4.84156e+18 1.65306e+19 3.26206e+19 4.99336e+19 6.54818e+19 7.70013e+19 8.30847e+19 8.30847e+19 7.70013e+19 6.54818e+19 4.99336e+19 3.26206e+19 1.65306e+19 4.84156e+18 5.77756e+16 1.16761e+15 2.75356e+13 6.49505e+11 1.53121e+10 3.45139e+08
1.78513e+08 7.85848e+09 3.31074e+11 1.39647e+13 5.90385e+14 2.91969e+16 2.44738e+18 8.36651e+18 1.65381e+19 2.53619e+19 3.33144e+19 3.92242e+19 4.23515e+19 4.23515e+19 3.92242e+19 3.33144e+19 2.53619e+19 1.65381e+19 8.36651e+18 2.44738e+18 2.91969e+16 5.90385e+14 1.39647e+13 3.31074e+11 7.85848e+09 1.78513e+08
6.19057e+07 2.61285e+09 1.05185e+11 4.24083e+12 1.72072e+14 8.2915e+15 7.11435e+17 2.43744e+18 4.82423e+18 7.40494e+18 9.73329e+18 1.14649e+19 1.23816e+19 1.23816e+19 1.14649e+19 9.73329e+18 7.40494e+18 4.82423e+18 2.43744e+18 7.11435e+17 8.2915e+15 1.72072e+14 4.24083e+12 1.05185e+11 2.61285e+09 6.19057e+07
1.09187e+07 3.80546e+08 1.16331e+10 3.11175e+11 6.38748e+12 9.70052e+13 7.49183e+15 2.63605e+16 5.22159e+16 7.94515e+16 1.03215e+17 1.20315e+17 1.2915e+17 1.2915e+17 1.20315e+17 1.03215e+17 7.94515e+16 5.22159e+16 2.63605e+16 7.49183e+15 9.70052e+13 6.38748e+12 3.11175e+11 1.16331e+10 3.80546e+08 1.09187e+07
1.20931e+06 3.4439e+07 8.16612e+08 1.63664e+10 2.75167e+11 5.50809e+12 1.49777e+14 5.14925e+14 1.01954e+15 1.55151e+15 2.01493e+15 2.34764e+15 2.51922e+15 2.51922e+15 2.34764e+15 2.01493e+15 1.55151e+15 1.01954e+15 5.14925e+14 1.49777e+14 5.50809e+12 2.75167e+11 1.63664e+10 8.16612e+08 3.4439e+07 1.20931e+06
100549 2.43424e+06 4.8802e+07 8.72837e+08 1.49956e+10 2.69187e+11 3.69032e+12 1.21753e+13 2.40344e+13 3.66225e+13 4.76458e+13 5.55943e+13 5.97057e+13 5.97057e+13 5.55943e+13 4.76458e+13 3.66225e+13 2.40344e+13 1.21753e+13 3.69032e+12 2.69187e+11 1.49956e+10 8.72837e+08 4.8802e+07 2.43424e+06 100549
7025.32 151381 2.73878e+06 4.58378e+07 7.2541e+08 1.00802e+10 9.1508e+10 2.88544e+11 5.66693e+11 8.64188e+11 1.12613e+12 1.31583e+12 1.41424e+12 1.41424e+12 1.31583e+12 1.12613e+12 8.64188e+11 5.66694e+11 2.88544e+11 9.1508e+10 1.00802e+10 7.2541e+08 4.58378e+07 2.73878e+06 151381 7025.32
437.326 8647.02 144155 2.20902e+06 3.02313e+07 3.30029e+08 2.27256e+09 6.84642e+09 1.33544e+10 2.03696e+10 2.6582e+10 3.11004e+10 3.34511e+10 3.34511e+10 3.11004e+10 2.6582e+10 2.03696e+10 1.33544e+10 6.84642e+09 2.27256e+09 3.30029e+08 3.02313e+07 2.20902e+06 144155 8647.02 437.326
22.8095 421.015 6485.48 89648 1.0561e+06 9.47318e+06 5.38304e+07 1.55467e+08 3.00894e+08 4.58815e+08 5.99451e+08 7.02166e+08 7.55749e+08 7.55749e+08 7.02166e+08 5.99451e+08 4.58815e+08 3.00894e+08 1.55467e+08 5.38304e+07 9.47318e+06 1.0561e+06 89648 6485.48 421.015 22.8095
