0.0410458 0.777492 12.4546 180.527 2229.63 20819.2 122280 366040 739557 1.18082e+06 1.60989e+06 1.94845e+06 2.13469e+06 2.13469e+06 1.94845e+06 1.60989e+06 1.18082e+06 739557 366040 122280 20819.2 2229.63 180.527 12.4546 0.777492 0.0410458
0.786752 15.8285 272.563 4385.3 63463.7 727347 5.19335e+06 1.62389e+07 3.31342e+07 5.30428e+07 7.23848e+07 8.7644e+07 9.60383e+07 9.60383e+07 8.7644e+07 7.23848e+07 5.30428e+07 3.31342e+07 1.62389e+07 5.19335e+06 727347 63463.7 4385.3 272.563 15.8285 0.786752
12.7685 276.709 5090.55 88664.7 1.49626e+06 2.21631e+07 2.09843e+08 6.87785e+08 1.41614e+09 2.27211e+09 3.10317e+09 3.75877e+09 4.11943e+09 4.11943e+09 3.75877e+09 3.10317e+09 2.27211e+09 1.41614e+09 6.87785e+08 2.09843e+08 2.21631e+07 1.49626e+06 88664.7 5090.55 276.709 12.7685
187.155 4518.67 90361.8 1.63573e+06 2.97354e+07 5.848e+08 8.46895e+09 2.90901e+10 6.0341e+10 9.69826e+10 1.32544e+11 1.60599e+11 1.76033e+11 1.76033e+11 1.60599e+11 1.32544e+11 9.69826e+10 6.0341e+10 2.90901e+10 8.46895e+09 5.848e+08 2.97354e+07 1.63573e+06 90361.8 4518.67 187.155
2329.71 66126 1.55102e+06 3.0496e+07 5.10194e+08 1.15132e+10 3.43145e+11 1.23036e+12 2.56596e+12 4.12947e+12 5.64684e+12 6.844e+12 7.50263e+12 7.50263e+12 6.844e+12 5.64684e+12 4.12947e+12 2.56596e+12 1.23036e+12 3.43145e+11 1.15132e+10 5.10194e+08 3.0496e+07 1.55102e+06 66126 2329.71
21862.8 763039 2.3211e+07 6.10525e+08 1.19338e+10 1.70191e+11 1.68614e+13 6.19322e+13 1.29219e+14 2.07844e+14 2.84108e+14 3.44263e+14 3.77353e+14 3.77353e+14 3.44263e+14 2.84108e+14 2.07844e+14 1.29219e+14 6.19322e+13 1.68614e+13 1.70191e+11 1.19338e+10 6.10525e+08 2.3211e+07 763039 21862.8
128800 5.4705e+06 2.21054e+08 8.92212e+09 3.61551e+11 1.7658e+13 1.60818e+15 5.66226e+15 1.15983e+16 1.84654e+16 2.50902e+16 3.0302e+16 3.3166e+16 3.3166e+16 3.0302e+16 2.50902e+16 1.84654e+16 1.15983e+16 5.66226e+15 1.60818e+15 1.7658e+13 3.61551e+11 8.92212e+09 2.21054e+08 5.4705e+06 128800
385773 1.71169e+07 7.25093e+08 3.06734e+10 1.29756e+12 6.49429e+13 5.68008e+15 1.99375e+16 4.07829e+16 6.48787e+16 8.81147e+16 1.06391e+17 1.16434e+17 1.16434e+17 1.06391e+17 8.81147e+16 6.48787e+16 4.07829e+16 1.99375e+16 5.68008e+15 6.49429e+13 1.29756e+12 3.06734e+10 7.25093e+08 1.71169e+07 385773
779125 3.49124e+07 1.49238e+09 6.36005e+10 2.70504e+12 1.35471e+14 1.16452e+16 4.08202e+16 8.34473e+16 1.32702e+17 1.80188e+17 2.17534e+17 2.38055e+17 2.38055e+17 2.17534e+17 1.80188e+17 1.32702e+17 8.34473e+16 4.08202e+16 1.16452e+16 1.35471e+14 2.70504e+12 6.36005e+10 1.49238e+09 3.49124e+07 779125
1.243e+06 5.58436e+07 2.39243e+09 1.02134e+11 4.34946e+12 2.1773e+14 1.8542e+16 6.49474e+16 1.32722e+17 2.11012e+17 2.86479e+17 3.45827e+17 3.78435e+17 3.78435e+17 3.45827e+17 2.86479e+17 2.11012e+17 1.32722e+17 6.49474e+16 1.8542e+16 2.1773e+14 4.34946e+12 1.02134e+11 2.39243e+09 5.58436e+07 1.243e+06
1.69313e+06 7.61355e+07 3.26434e+09 1.39445e+11 5.94155e+12 2.97337e+14 2.51882e+16 8.81898e+16 1.8018e+17 2.86425e+17 3.88826e+17 4.6935e+17 5.13591e+17 5.13591e+17 4.6935e+17 3.88826e+17 2.86425e+17 1.8018e+17 8.81898e+16 2.51882e+16 2.97337e+14 5.94155e+12 1.39445e+11 3.26434e+09 7.61355e+07 1.69313e+06
2.0476e+06 9.21117e+07 3.95072e+09 1.68816e+11 7.19482e+12 3.59989e+14 3.04105e+16 1.06451e+17 2.17464e+17 3.45665e+17 4.69219e+17 5.66371e+17 6.19747e+17 6.19747e+17 5.66371e+17 4.69219e+17 3.45665e+17 2.17464e+17 1.06451e+17 3.04105e+16 3.59989e+14 7.19482e+12 1.68816e+11 3.95072e+09 9.21117e+07 2.0476e+06
2.24232e+06 1.00888e+08 4.32774e+09 1.84949e+11 7.8832e+12 3.94398e+14 3.32777e+16 1.16476e+17 2.37932e+17 3.78187e+17 5.13352e+17 6.19631e+17 6.78021e+17 6.78021e+17 6.19631e+17 5.13352e+17 3.78187e+17 2.37932e+17 1.16476e+17 3.32776e+16 3.94398e+14 7.8832e+12 1.84949e+11 4.32774e+09 1.00888e+08 2.24232e+06
2.24232e+06 1.00888e+08 4.32774e+09 1.84949e+11 7.8832e+12 3.94398e+14 3.32776e+16 1.16476e+17 2.37932e+17 3.78187e+17 5.13352e+17 6.19631e+17 6.78021e+17 6.78021e+17 6.19631e+17 5.13352e+17 3.78187e+17 2.37932e+17 1.16476e+17 3.32777e+16 3.94398e+14 7.8832e+12 1.84949e+11 4.32774e+09 1.00888e+08 2.24232e+06
2.0476e+06 9.21117e+07 3.95072e+09 1.68816e+11 7.19482e+12 3.59989e+14 3.04105e+16 1.06451e+17 2.17464e+17 3.45665e+17 4.69219e+17 5.66371e+17 6.19747e+17 6.19747e+17 5.66371e+17 4.69219e+17 3.45665e+17 2.17464e+17 1.06451e+17 3.04105e+16 3.59989e+14 7.19482e+12 1.68816e+11 3.95072e+09 9.21117e+07 2.0476e+06
1.69313e+06 7.61355e+07 3.26434e+09 1.39445e+11 5.94155e+12 2.97337e+14 2.51882e+16 8.81898e+16 1.8018e+17 2.86425e+17 3.88826e+17 4.6935e+17 5.13591e+17 5.13591e+17 4.6935e+17 3.88826e+17 2.86425e+17 1.8018e+17 8.81898e+16 2.51882e+16 2.97337e+14 5.94155e+12 1.39445e+11 3.26434e+09 7.61355e+07 1.69313e+06
1.243e+06 5.58436e+07 2.39243e+09 1.02134e+11 4.34946e+12 2.1773e+14 1.8542e+16 6.49474e+16 1.32722e+17 2.11012e+17 2.86479e+17 3.45827e+17 3.78435e+17 3.78435e+17 3.45827e+17 2.86479e+17 2.11012e+17 1.32722e+17 6.49474e+16 1.8542e+16 2.1773e+14 4.34946e+12 1.02134e+11 2.39243e+09 5.58436e+07 1.243e+06
779125 3.49124e+07 1.49238e+09 6.36005e+10 2.70504e+12 1.35471e+14 1.16452e+16 4.08202e+16 8.34473e+16 1.32702e+17 1.80188e+17 2.17534e+17 2.38055e+17 2.38055e+17 2.17534e+17 1.80188e+17 1.32702e+17 8.34473e+16 4.08202e+16 1.16452e+16 1.35471e+14 2.70504e+12 6.36005e+10 1.49238e+09 3.49124e+07 779125
385773 1.71169e+07 7.25093e+08 3.06734e+10 1.29756e+12 6.49429e+13 5.68008e+15 1.99375e+16 4.07829e+16 6.48787e+16 8.81147e+16 1.06391e+17 1.16434e+17 1.16434e+17 1.06391e+17 8.81147e+16 6.48787e+16 4.07829e+16 1.99375e+16 5.68008e+15 6.49429e+13 1.29756e+12 3.06734e+10 7.25093e+08 1.71169e+07 385773
128800 5.4705e+06 2.21054e+08 8.92212e+09 3.61551e+11 1.7658e+13 1.60818e+15 5.66226e+15 1.15983e+16 1.84654e+16 2.50902e+16 3.0302e+16 3.3166e+16 3.3166e+16 3.0302e+16 2.50902e+16 1.84654e+16 1.15983e+16 5.66226e+15 1.60818e+15 1.7658e+13 3.61551e+11 8.92212e+09 2.21054e+08 5.4705e+06 128800
21862.8 763039 2.3211e+07 6.10525e+08 1.19338e+10 1.70191e+11 1.68614e+13 6.19322e+13 1.29219e+14 2.07844e+14 2.84108e+14 3.44263e+14 3.77353e+14 3.77353e+14 3.44263e+14 2.84108e+14 2.07844e+14 1.29219e+14 6.19322e+13 1.68614e+13 1.70191e+11 1.19338e+10 6.10525e+08 2.3211e+07 763039 21862.8
2329.71 66126 1.55102e+06 3.0496e+07 5.10194e+08 1.15132e+10 3.43145e+11 1.23036e+12 2.56596e+12 4.12947e+12 5.64684e+12 6.844e+12 7.50263e+12 7.50263e+12 6.844e+12 5.64684e+12 4.12947e+12 2.56596e+12 1.23036e+12 3.43145e+11 1.15132e+10 5.10194e+08 3.0496e+07 1.55102e+06 66126 2329.71
187.155 4518.67 90361.8 1.63573e+06 2.97354e+07 5.848e+08 8.46895e+09 2.90901e+10 6.0341e+10 9.69826e+10 1.32544e+11 1.60599e+11 1.76033e+11 1.76033e+11 1.60599e+11 1.32544e+11 9.69826e+10 6.0341e+10 2.90901e+10 8.46895e+09 5.848e+08 2.97354e+07 1.63573e+06 90361.8 4518.67 187.155
12.7685 276.709 5090.55 88664.7 1.49626e+06 2.21631e+07 2.09843e+08 6.87785e+08 1.41614e+09 2.27211e+09 3.10317e+09 3.75877e+09 4.11943e+09 4.11943e+09 3.75876e+09 3.10317e+09 2.27211e+09 1.41614e+09 6.87785e+08 2.09843e+08 2.21631e+07 1.49626e+06 88664.7 5090.55 276.709 12.7685
0.786752 15.8285 272.563 4385.3 63463.7 727347 5.19335e+06 1.62389e+07 3.31342e+07 5.30428e+07 7.23848e+07 8.7644e+07 9.60383e+07 9.60383e+07 8.7644e+07 7.23848e+07 5.30428e+07 3.31342e+07 1.62389e+07 5.19335e+06 727347 63463.7 4385.3 272.563 15.8285 0.786752
0.0410457 0.777492 12.4546 180.527 2229.63 20819.2 122280 366040 739557 1.18082e+06 1.60989e+06 1.94845e+06 2.13469e+06 2.13469e+06 1.94845e+06 1.60989e+06 1.18082e+06 739557 366040 122280 20819.2 2229.63 180.527 12.4546 0.777492 0.0410458
