0.000750862 0.0141742 0.226457 3.27651 40.4038 376.635 2208.42 6604.68 13344.9 21329.6 29128.8 35312.9 38727.6 38727.6 35312.9 29128.8 21329.6 13344.9 6604.68 2208.42 376.635 40.4038 3.27651 0.226457 0.0141742 0.000750862
0.0143211 0.286829 4.9224 79.047 1142.68 13079.9 93247.6 291252 594208 952160 1.30154e+06 1.5786e+06 1.73161e+06 1.73161e+06 1.5786e+06 1.30154e+06 952160 594208 291252 93247.6 13079.9 1142.68 79.047 4.9224 0.286829 0.0143211
0.231433 4.98744 91.3353 1587.01 26768.7 396420 3.74926e+06 1.22733e+07 2.52634e+07 4.05709e+07 5.5505e+07 6.735e+07 7.38935e+07 7.38935e+07 6.735e+07 5.5505e+07 4.05709e+07 2.52634e+07 1.22733e+07 3.74926e+06 396420 26768.7 1587.01 91.3353 4.98744 0.231433
3.38195 81.1412 1613.27 29087.2 528452 1.04104e+07 1.50749e+08 5.17074e+08 1.07209e+09 1.72464e+09 2.3612e+09 2.86627e+09 3.14536e+09 3.14536e+09 2.86627e+09 2.3612e+09 1.72464e+09 1.07209e+09 5.17074e+08 1.50749e+08 1.04104e+07 528452 29087.2 1613.27 81.1412 3.38195
42.0109 1184.84 27620.5 540006 8.99899e+06 2.039e+08 6.09209e+09 2.18075e+10 4.54539e+10 7.32143e+10 1.00302e+11 1.21804e+11 1.33689e+11 1.33689e+11 1.21804e+11 1.00302e+11 7.32143e+10 4.54539e+10 2.18075e+10 6.09209e+09 2.039e+08 8.99899e+06 540006 27620.5 1184.84 42.0109
393.623 13654.3 413035 1.08083e+07 2.09987e+08 2.97593e+09 2.98675e+11 1.09494e+12 2.2826e+12 3.67398e+12 5.0307e+12 6.10728e+12 6.70225e+12 6.70225e+12 6.10728e+12 5.0307e+12 3.67398e+12 2.2826e+12 1.09494e+12 2.98675e+11 2.97593e+09 2.09987e+08 1.08083e+07 413035 13654.3 393.623
2316.1 97796.5 3.9323e+06 1.58118e+08 6.39057e+09 3.11911e+11 2.84643e+13 9.99997e+13 2.04476e+14 3.25283e+14 4.41992e+14 5.3402e+14 5.84692e+14 5.84692e+14 5.3402e+14 4.41992e+14 3.25283e+14 2.04476e+14 9.99997e+13 2.84643e+13 3.11911e+11 6.39057e+09 1.58118e+08 3.9323e+06 97796.5 2316.1
6932.83 305766 1.28869e+07 5.43011e+08 2.29052e+10 1.14512e+12 1.00309e+14 3.51332e+14 7.17397e+14 1.14027e+15 1.54853e+15 1.8703e+15 2.04743e+15 2.04743e+15 1.8703e+15 1.54853e+15 1.14027e+15 7.17397e+14 3.51332e+14 1.00309e+14 1.14512e+12 2.29052e+10 5.43011e+08 1.28869e+07 305766 6932.83
14007.2 623789 2.65253e+07 1.12582e+09 4.77398e+10 2.38736e+12 2.05322e+14 7.18155e+14 1.46552e+15 2.32849e+15 3.16139e+15 3.81773e+15 4.17899e+15 4.17899e+15 3.81773e+15 3.16139e+15 2.32849e+15 1.46552e+15 7.18155e+14 2.05322e+14 2.38736e+12 4.77398e+10 1.12582e+09 2.65253e+07 623789 14007.2
22378.4 999116 4.25781e+07 1.81024e+09 7.68602e+10 3.84107e+12 3.2675e+14 1.14193e+15 2.32944e+15 3.70026e+15 5.02306e+15 6.06532e+15 6.63896e+15 6.63896e+15 6.06532e+15 5.02306e+15 3.70026e+15 2.32944e+15 1.14193e+15 3.2675e+14 3.84107e+12 7.68602e+10 1.81024e+09 4.25781e+07 999116 22378.4
30544 1.36495e+06 5.82171e+07 2.47692e+09 1.05232e+11 5.25657e+12 4.44014e+14 1.55093e+15 3.16299e+15 5.02357e+15 6.81874e+15 8.23307e+15 9.01145e+15 9.01145e+15 8.23307e+15 6.81874e+15 5.02357e+15 3.16299e+15 1.55093e+15 4.44014e+14 5.25657e+12 1.05232e+11 2.47692e+09 5.82171e+07 1.36495e+06 30544
37010.5 1.65468e+06 7.06046e+07 3.00515e+09 1.27722e+11 6.37824e+12 5.36431e+14 1.87313e+15 3.81954e+15 6.06577e+15 8.23285e+15 9.94009e+15 1.08797e+16 1.08797e+16 9.94009e+15 8.23285e+15 6.06577e+15 3.81954e+15 1.87313e+15 5.36431e+14 6.37824e+12 1.27722e+11 3.00515e+09 7.06046e+07 1.65468e+06 37010.5
40577.9 1.81454e+06 7.74412e+07 3.29675e+09 1.4014e+11 6.99752e+12 5.87296e+14 2.05042e+15 4.18079e+15 6.63917e+15 9.01083e+15 1.08792e+16 1.19074e+16 1.19074e+16 1.08792e+16 9.01083e+15 6.63917e+15 4.18079e+15 2.05042e+15 5.87296e+14 6.99752e+12 1.4014e+11 3.29675e+09 7.74412e+07 1.81454e+06 40577.9
40577.9 1.81454e+06 7.74412e+07 3.29675e+09 1.4014e+11 6.99752e+12 5.87296e+14 2.05042e+15 4.18079e+15 6.63917e+15 9.01083e+15 1.08792e+16 1.19074e+16 1.19074e+16 1.08792e+16 9.01083e+15 6.63917e+15 4.18079e+15 2.05042e+15 5.87296e+14 6.99752e+12 1.4014e+11 3.29675e+09 7.74412e+07 1.81454e+06 40577.9
37010.5 1.65468e+06 7.06046e+07 3.00515e+09 1.27722e+11 6.37824e+12 5.36431e+14 1.87313e+15 3.81954e+15 6.06577e+15 8.23285e+15 9.94009e+15 1.08797e+16 1.08797e+16 9.94009e+15 8.23285e+15 6.06577e+15 3.81954e+15 1.87313e+15 5.36431e+14 6.37824e+12 1.27722e+11 3.00515e+09 7.06046e+07 1.65468e+06 37010.5
30544 1.36495e+06 5.82171e+07 2.47692e+09 1.05232e+11 5.25657e+12 4.44014e+14 1.55093e+15 3.16299e+15 5.02357e+15 6.81874e+15 8.23307e+15 9.01145e+15 9.01145e+15 8.23307e+15 6.81874e+15 5.02357e+15 3.16299e+15 1.55093e+15 4.44014e+14 5.25657e+12 1.05232e+11 2.47692e+09 5.82171e+07 1.36495e+06 30544
22378.4 999116 4.25781e+07 1.81024e+09 7.68602e+10 3.84107e+12 3.2675e+14 1.14193e+15 2.32944e+15 3.70026e+15 5.02306e+15 6.06532e+15 6.63896e+15 6.63896e+15 6.06532e+15 5.02306e+15 3.70026e+15 2.32944e+15 1.14193e+15 3.2675e+14 3.84107e+12 7.68602e+10 1.81024e+09 4.25781e+07 999116 22378.4
14007.2 623789 2.65253e+07 1.12582e+09 4.77398e+10 2.38736e+12 2.05322e+14 7.18155e+14 1.46552e+15 2.32849e+15 3.16139e+15 3.81773e+15 4.17899e+15 4.17899e+15 3.81773e+15 3.16139e+15 2.32849e+15 1.46552e+15 7.18155e+14 2.05322e+14 2.38736e+12 4.77398e+10 1.12582e+09 2.65253e+07 623789 14007.2
6932.83 305766 1.28869e+07 5.43011e+08 2.29052e+10 1.14512e+12 1.00309e+14 3.51332e+14 7.17397e+14 1.14027e+15 1.54853e+15 1.8703e+15 2.04743e+15 2.04743e+15 1.8703e+15 1.54853e+15 1.14027e+15 7.17397e+14 3.51332e+14 1.00309e+14 1.14512e+12 2.29052e+10 5.43011e+08 1.28869e+07 305766 6932.83
2316.1 97796.5 3.9323e+06 1.58118e+08 6.39057e+09 3.11911e+11 2.84643e+13 9.99997e+13 2.04476e+14 3.25283e+14 4.41992e+14 5.3402e+14 5.84692e+14 5.84692e+14 5.3402e+14 4.41992e+14 3.25283e+14 2.04476e+14 9.99997e+13 2.84643e+13 3.11911e+11 6.39057e+09 1.58118e+08 3.9323e+06 97796.5 2316.1
393.623 13654.3 413035 1.08083e+07 2.09987e+08 2.97593e+09 2.98675e+11 1.09494e+12 2.2826e+12 3.67398e+12 5.0307e+12 6.10728e+12 6.70225e+12 6.70225e+12 6.10728e+12 5.0307e+12 3.67398e+12 2.2826e+12 1.09494e+12 2.98675e+11 2.97593e+09 2.09987e+08 1.08083e+07 413035 13654.3 393.623
42.0109 1184.84 27620.5 540006 8.99899e+06 2.039e+08 6.09209e+09 2.18075e+10 4.54539e+10 7.32143e+10 1.00302e+11 1.21804e+11 1.33689e+11 1.33689e+11 1.21804e+11 1.00302e+11 7.32143e+10 4.54539e+10 2.18075e+10 6.09209e+09 2.039e+08 8.99899e+06 540006 27620.5 1184.84 42.0109
3.38195 81.1412 1613.27 29087.2 528452 1.04104e+07 1.50749e+08 5.17074e+08 1.07209e+09 1.72464e+09 2.3612e+09 2.86627e+09 3.14536e+09 3.14536e+09 2.86627e+09 2.3612e+09 1.72464e+09 1.07209e+09 5.17074e+08 1.50749e+08 1.04104e+07 528452 29087.2 1613.27 81.1412 3.38195
0.231433 4.98744 91.3353 1587.01 26768.7 396420 3.74926e+06 1.22733e+07 2.52634e+07 4.05709e+07 5.5505e+07 6.735e+07 7.38935e+07 7.38935e+07 6.735e+07 5.5505e+07 4.05709e+07 2.52634e+07 1.22733e+07 3.74926e+06 396420 26768.7 1587.01 91.3353 4.98744 0.231433
0.0143211 0.286829 4.9224 79.047 1142.68 13079.9 93247.6 291252 594208 952160 1.30154e+06 1.5786e+06 1.73161e+06 1.73161e+06 1.5786e+06 1.30154e+06 952160 594208 291252 93247.6 13079.9 1142.68 79.047 4.9224 0.286829 0.0143211
0.000750862 0.0141742 0.226457 3.27651 40.4038 376.635 2208.42 6604.68 13344.9 21329.6 29128.8 35312.9 38727.6 38727.6 35312.9 29128.8 21329.6 13344.9 6604.68 2208.42 376.635 40.4038 3.27651 0.226457 0.0141742 0.000750862
