1.52928 28.6753 452.295 6434.97 78075.6 719156 4.18705e+06 1.2459e+07 2.50083e+07 3.96434e+07 5.36767e+07 6.46112e+07 7.05743e+07 7.05743e+07 6.46112e+07 5.36767e+07 3.96434e+07 2.50083e+07 1.2459e+07 4.18705e+06 719156 78075.6 6434.97 452.295 28.6753 1.52928
29.3963 587.454 9984.7 157452 2.22778e+06 2.50715e+07 1.77078e+08 5.50085e+08 1.11442e+09 1.77013e+09 2.39764e+09 2.88607e+09 3.15227e+09 3.15227e+09 2.88607e+09 2.39764e+09 1.77013e+09 1.11442e+09 5.50085e+08 1.77078e+08 2.50715e+07 2.22778e+06 157452 9984.7 587.454 29.3963
476.424 10307.9 188484 3.22865e+06 5.30058e+07 7.64881e+08 7.13881e+09 2.32341e+10 4.74729e+10 7.55302e+10 1.02333e+11 1.23176e+11 1.34529e+11 1.34529e+11 1.23176e+11 1.02333e+11 7.55302e+10 4.74729e+10 2.32341e+10 7.13881e+09 7.64881e+08 5.30058e+07 3.22865e+06 188484 10307.9 476.424
6930.4 167659 3.36251e+06 6.06496e+07 1.07537e+09 2.03111e+10 2.87932e+11 9.81674e+11 2.01975e+12 3.21733e+12 4.35976e+12 5.24736e+12 5.73056e+12 5.73056e+12 5.24736e+12 4.35976e+12 3.21733e+12 2.01975e+12 9.81674e+11 2.87932e+11 2.03111e+10 1.07537e+09 6.06496e+07 3.36251e+06 167659 6930.4
85210.3 2.4227e+06 5.71928e+07 1.13743e+09 1.91237e+10 4.07753e+11 1.16717e+13 4.15248e+13 8.58636e+13 1.36883e+14 1.85503e+14 2.23247e+14 2.43784e+14 2.43784e+14 2.23247e+14 1.85503e+14 1.36883e+14 8.58636e+13 4.15248e+13 1.16717e+13 4.07753e+11 1.91237e+10 1.13743e+09 5.71928e+07 2.4227e+06 85210.3
788776 2.74947e+07 8.38663e+08 2.22649e+10 4.46699e+11 6.59382e+12 5.77809e+14 2.10486e+15 4.35384e+15 6.93692e+15 9.39737e+15 1.13072e+16 1.23463e+16 1.23463e+16 1.13072e+16 9.39737e+15 6.93692e+15 4.35384e+15 2.10486e+15 5.77809e+14 6.59382e+12 4.46699e+11 2.22649e+10 8.38663e+08 2.74947e+07 788776
4.5924e+06 1.94212e+08 7.82924e+09 3.1577e+11 1.27999e+13 6.20546e+14 5.5022e+16 1.92872e+17 3.93073e+17 6.22291e+17 8.4102e+17 1.01145e+18 1.10449e+18 1.10449e+18 1.01145e+18 8.4102e+17 6.22291e+17 3.93073e+17 1.92872e+17 5.5022e+16 6.20546e+14 1.27999e+13 3.1577e+11 7.82924e+09 1.94212e+08 4.5924e+06
1.36556e+07 6.02876e+08 2.54624e+10 1.07576e+12 4.55025e+13 2.26303e+15 1.93667e+17 6.76944e+17 1.37784e+18 2.17973e+18 2.94467e+18 3.54062e+18 3.86596e+18 3.86596e+18 3.54062e+18 2.94467e+18 2.17973e+18 1.37784e+18 6.76944e+17 1.93667e+17 2.26303e+15 4.55025e+13 1.07576e+12 2.54624e+10 6.02876e+08 1.36556e+07
2.73848e+07 1.22022e+09 5.19755e+10 2.21115e+12 9.39937e+13 4.67905e+15 3.95104e+17 1.37931e+18 2.80533e+18 4.43558e+18 5.98975e+18 7.20005e+18 7.8606e+18 7.8606e+18 7.20005e+18 5.98975e+18 4.43558e+18 2.80533e+18 1.37931e+18 3.95104e+17 4.67905e+15 9.39937e+13 2.21115e+12 5.19755e+10 1.22022e+09 2.73848e+07
4.33661e+07 1.93613e+09 8.26039e+10 3.51826e+12 1.49671e+14 7.44832e+15 6.25516e+17 2.18216e+18 4.43583e+18 7.01028e+18 9.46286e+18 1.13718e+19 1.24132e+19 1.24132e+19 1.13718e+19 9.46286e+18 7.01028e+18 4.43583e+18 2.18216e+18 6.25516e+17 7.44832e+15 1.49671e+14 3.51826e+12 8.26039e+10 1.93613e+09 4.33661e+07
5.86591e+07 2.6198e+09 1.11799e+11 4.76232e+12 2.02602e+14 1.00797e+16 8.45028e+17 2.94683e+18 5.98788e+18 9.45941e+18 1.27645e+19 1.53355e+19 1.67377e+19 1.67377e+19 1.53355e+19 1.27645e+19 9.45941e+18 5.98788e+18 2.94683e+18 8.45028e+17 1.00797e+16 2.02602e+14 4.76232e+12 1.11799e+11 2.6198e+09 5.86591e+07
7.05532e+07 3.15093e+09 1.34456e+11 5.72685e+12 2.43604e+14 1.21176e+16 1.01578e+18 3.5416e+18 7.19459e+18 1.13626e+19 1.53287e+19 1.84127e+19 2.00942e+19 2.00942e+19 1.84127e+19 1.53287e+19 1.13626e+19 7.19459e+18 3.5416e+18 1.01578e+18 1.21176e+16 2.43604e+14 5.72685e+12 1.34456e+11 3.15093e+09 7.05532e+07
7.70312e+07 3.44001e+09 1.46779e+11 6.25116e+12 2.65878e+14 1.32244e+16 1.10887e+18 3.8659e+18 7.85239e+18 1.23997e+19 1.67256e+19 2.00885e+19 2.19218e+19 2.19218e+19 2.00885e+19 1.67256e+19 1.23997e+19 7.85239e+18 3.8659e+18 1.10887e+18 1.32244e+16 2.65878e+14 6.25116e+12 1.46779e+11 3.44001e+09 7.70312e+07
7.70312e+07 3.44001e+09 1.46779e+11 6.25116e+12 2.65878e+14 1.32244e+16 1.10887e+18 3.8659e+18 7.85239e+18 1.23997e+19 1.67256e+19 2.00885e+19 2.19218e+19 2.19218e+19 2.00885e+19 1.67256e+19 1.23997e+19 7.85239e+18 3.8659e+18 1.10887e+18 1.32244e+16 2.65878e+14 6.25116e+12 1.46779e+11 3.44001e+09 7.70312e+07
7.05532e+07 3.15093e+09 1.34456e+11 5.72685e+12 2.43604e+14 1.21176e+16 1.01578e+18 3.5416e+18 7.19459e+18 1.13626e+19 1.53287e+19 1.84127e+19 2.00942e+19 2.00942e+19 1.84127e+19 1.53287e+19 1.13626e+19 7.19459e+18 3.5416e+18 1.01578e+18 1.21176e+16 2.43604e+14 5.72685e+12 1.34456e+11 3.15093e+09 7.05532e+07
5.86591e+07 2.6198e+09 1.11799e+11 4.76232e+12 2.02602e+14 1.00797e+16 8.45028e+17 2.94683e+18 5.98788e+18 9.45941e+18 1.27645e+19 1.53355e+19 1.67377e+19 1.67377e+19 1.53355e+19 1.27645e+19 9.45941e+18 5.98788e+18 2.94683e+18 8.45028e+17 1.00797e+16 2.02602e+14 4.76232e+12 1.11799e+11 2.6198e+09 5.86591e+07
4.33661e+07 1.93613e+09 8.26039e+10 3.51826e+12 1.49671e+14 7.44832e+15 6.25516e+17 2.18216e+18 4.43583e+18 7.01028e+18 9.46286e+18 1.13718e+19 1.24132e+19 1.24132e+19 1.13718e+19 9.46286e+18 7.01028e+18 4.43583e+18 2.18216e+18 6.25516e+17 7.44832e+15 1.49671e+14 3.51826e+12 8.26039e+10 1.93613e+09 4.33661e+07
2.73848e+07 1.22022e+09 5.19755e+10 2.21115e+12 9.39937e+13 4.67905e+15 3.95104e+17 1.37931e+18 2.80533e+18 4.43558e+18 5.98975e+18 7.20005e+18 7.8606e+18 7.8606e+18 7.20005e+18 5.98975e+18 4.43558e+18 2.80533e+18 1.37931e+18 3.95104e+17 4.67905e+15 9.39937e+13 2.21115e+12 5.19755e+10 1.22022e+09 2.73848e+07
1.36556e+07 6.02876e+08 2.54624e+10 1.07576e+12 4.55025e+13 2.26303e+15 1.93667e+17 6.76944e+17 1.37784e+18 2.17973e+18 2.94467e+18 3.54062e+18 3.86596e+18 3.86596e+18 3.54062e+18 2.94467e+18 2.17973e+18 1.37784e+18 6.76944e+17 1.93667e+17 2.26303e+15 4.55025e+13 1.07576e+12 2.54624e+10 6.02876e+08 1.36556e+07
4.5924e+06 1.94212e+08 7.82924e+09 3.1577e+11 1.27999e+13 6.20546e+14 5.5022e+16 1.92872e+17 3.93073e+17 6.22291e+17 8.4102e+17 1.01145e+18 1.10449e+18 1.10449e+18 1.01145e+18 8.4102e+17 6.22291e+17 3.93073e+17 1.92872e+17 5.5022e+16 6.20546e+14 1.27999e+13 3.1577e+11 7.82924e+09 1.94212e+08 4.5924e+06
788776 2.74947e+07 8.38663e+08 2.22649e+10 4.46699e+11 6.59382e+12 5.77809e+14 2.10486e+15 4.35384e+15 6.93692e+15 9.39737e+15 1.13072e+16 1.23463e+16 1.23463e+16 1.13072e+16 9.39737e+15 6.93692e+15 4.35384e+15 2.10486e+15 5.77809e+14 6.59382e+12 4.46699e+11 2.22649e+10 8.38663e+08 2.74947e+07 788776
85210.3 2.4227e+06 5.71928e+07 1.13743e+09 1.91237e+10 4.07753e+11 1.16717e+13 4.15248e+13 8.58636e+13 1.36883e+14 1.85503e+14 2.23247e+14 2.43784e+14 2.43784e+14 2.23247e+14 1.85503e+14 1.36883e+14 8.58636e+13 4.15248e+13 1.16717e+13 4.07753e+11 1.91237e+10 1.13743e+09 5.71928e+07 2.4227e+06 85210.3
6930.4 167659 3.36251e+06 6.06496e+07 1.07537e+09 2.03111e+10 2.87932e+11 9.81674e+11 2.01975e+12 3.21733e+12 4.35976e+12 5.24736e+12 5.73056e+12 5.73056e+12 5.24736e+12 4.35976e+12 3.21733e+12 2.01975e+12 9.81674e+11 2.87932e+11 2.03111e+10 1.07537e+09 6.06496e+07 3.36251e+06 167659 6930.4
476.424 10307.9 188484 3.22865e+06 5.30058e+07 7.64881e+08 7.13881e+09 2.32341e+10 4.74729e+10 7.55302e+10 1.02333e+11 1.23176e+11 1.34529e+11 1.34529e+11 1.23176e+11 1.02333e+11 7.55302e+10 4.74729e+10 2.32341e+10 7.13881e+09 7.64881e+08 5.30058e+07 3.22865e+06 188484 10307.9 476.424
29.3963 587.454 9984.7 157452 2.22778e+06 2.50715e+07 1.77078e+08 5.50085e+08 1.11442e+09 1.77013e+09 2.39764e+09 2.88607e+09 3.15227e+09 3.15227e+09 2.88607e+09 2.39764e+09 1.77013e+09 1.11442e+09 5.50085e+08 1.77078e+08 2.50715e+07 2.22778e+06 157452 9984.7 587.454 29.3963
1.52928 28.6753 452.295 6434.97 78075.6 719156 4.18705e+06 1.2459e+07 2.50083e+07 3.96434e+07 5.36767e+07 6.46112e+07 7.05743e+07 7.05743e+07 6.46112e+07 5.36767e+07 3.96434e+07 2.50083e+07 1.2459e+07 4.18705e+06 719156 78075.6 6434.97 452.295 28.6753 1.52928
