15.5728 288.164 4453.45 61794.3 731108 6.59123e+06 3.7715e+07 1.10248e+08 2.16815e+08 3.3647e+08 4.46891e+08 5.30154e+08 5.74567e+08 5.74567e+08 5.30154e+08 4.46891e+08 3.3647e+08 2.16815e+08 1.10248e+08 3.7715e+07 6.59123e+06 731108 61794.3 4453.45 288.164 15.5728
299.195 5928.43 99113.1 1.52411e+06 2.09429e+07 2.29704e+08 1.59181e+09 4.85488e+09 9.62799e+09 1.49564e+10 1.98541e+10 2.35372e+10 2.54985e+10 2.54985e+10 2.35372e+10 1.98541e+10 1.49564e+10 9.62799e+09 4.85488e+09 1.59181e+09 2.29704e+08 2.09429e+07 1.52411e+06 99113.1 5928.43 299.195
4819.39 104020 1.88606e+06 3.16581e+07 5.02868e+08 7.01787e+09 6.40638e+10 2.04567e+11 4.08749e+11 6.35309e+11 8.42738e+11 9.98291e+11 1.08098e+12 1.08098e+12 9.98291e+11 8.42738e+11 6.35309e+11 4.08749e+11 2.04567e+11 6.40638e+10 7.01787e+09 5.02868e+08 3.16581e+07 1.88606e+06 104020 4819.39
69202.1 1.6774e+06 3.36794e+07 6.03568e+08 1.04007e+10 1.87434e+11 2.58136e+12 8.62787e+12 1.73405e+13 2.69526e+13 3.57209e+13 4.22785e+13 4.5758e+13 4.5758e+13 4.22785e+13 3.57209e+13 2.69526e+13 1.73405e+13 8.62787e+12 2.58136e+12 1.87434e+11 1.04007e+10 6.03568e+08 3.36794e+07 1.6774e+06 69202.1
835526 2.38143e+07 5.65198e+08 1.13391e+10 1.90945e+11 3.83479e+12 1.04633e+14 3.6461e+14 7.35601e+14 1.14285e+15 1.51312e+15 1.78929e+15 1.93556e+15 1.93556e+15 1.78929e+15 1.51312e+15 1.14285e+15 7.35601e+14 3.6461e+14 1.04633e+14 3.83479e+12 1.90945e+11 1.13391e+10 5.65198e+08 2.38143e+07 835526
7.58002e+06 2.64284e+08 8.08175e+09 2.1623e+11 4.43896e+12 6.74429e+13 5.22298e+15 1.86234e+16 3.75773e+16 5.83468e+16 7.72303e+16 9.13219e+16 9.87887e+16 9.87887e+16 9.13219e+16 7.72303e+16 5.83468e+16 3.75773e+16 1.86234e+16 5.22298e+15 6.74429e+13 4.43896e+12 2.1623e+11 8.08175e+09 2.64284e+08 7.58002e+06
4.32705e+07 1.8259e+09 7.34695e+10 2.95971e+12 1.1994e+14 5.76942e+15 4.95871e+17 1.71357e+18 3.43201e+18 5.33581e+18 7.09531e+18 8.43044e+18 9.14674e+18 9.14674e+18 8.43044e+18 7.09531e+18 5.33581e+18 3.43201e+18 1.71357e+18 4.95871e+17 5.76942e+15 1.1994e+14 2.95971e+12 7.34695e+10 1.8259e+09 4.32705e+07
1.26278e+08 5.55895e+09 2.34154e+11 9.87231e+12 4.17057e+14 2.05915e+16 1.72157e+18 5.93413e+18 1.18683e+19 1.84328e+19 2.44923e+19 2.90861e+19 3.15493e+19 3.15493e+19 2.90861e+19 2.44923e+19 1.84328e+19 1.18683e+19 5.93413e+18 1.72157e+18 2.05915e+16 4.17057e+14 9.87231e+12 2.34154e+11 5.55895e+09 1.26278e+08
2.48048e+08 1.10109e+10 4.67286e+11 1.98164e+13 8.40329e+14 4.15191e+16 3.4497e+18 1.18742e+19 2.3713e+19 3.67725e+19 4.87935e+19 5.7885e+19 6.27519e+19 6.27519e+19 5.7885e+19 4.87935e+19 3.67725e+19 2.3713e+19 1.18742e+19 3.4497e+18 4.15191e+16 8.40329e+14 1.98164e+13 4.67286e+11 1.10109e+10 2.48048e+08
3.84565e+08 1.70876e+10 7.25547e+11 3.07686e+13 1.30415e+15 6.43935e+16 5.35878e+18 1.8427e+19 3.67429e+19 5.68813e+19 7.53559e+19 8.92875e+19 9.67306e+19 9.67306e+19 8.92875e+19 7.53559e+19 5.68813e+19 3.67429e+19 1.8427e+19 5.35878e+18 6.43935e+16 1.30415e+15 3.07686e+13 7.25547e+11 1.70876e+10 3.84565e+08
5.1036e+08 2.26645e+10 9.61619e+11 4.07426e+13 1.72511e+15 8.51318e+16 7.11683e+18 2.44545e+19 4.86947e+19 7.52642e+19 9.95597e+19 1.17829e+20 1.27571e+20 1.27571e+20 1.17829e+20 9.95597e+19 7.52642e+19 4.86947e+19 2.44545e+19 7.11683e+18 8.51318e+16 1.72511e+15 4.07426e+13 9.61619e+11 2.26645e+10 5.1036e+08
6.05092e+08 2.68527e+10 1.13841e+12 4.81912e+13 2.03863e+15 1.00567e+17 8.4463e+18 2.90086e+19 5.77037e+19 8.90804e+19 1.17699e+20 1.39172e+20 1.50605e+20 1.50605e+20 1.39172e+20 1.17699e+20 8.90804e+19 5.77037e+19 2.90087e+19 8.4463e+18 1.00567e+17 2.03863e+15 4.81912e+13 1.13841e+12 2.68527e+10 6.05092e+08
6.55579e+08 2.9081e+10 1.23229e+12 5.21396e+13 2.20451e+15 1.08731e+17 9.15782e+18 3.14447e+19 6.2515e+19 9.64443e+19 1.27349e+20 1.50508e+20 1.62829e+20 1.62829e+20 1.50508e+20 1.27349e+20 9.64443e+19 6.2515e+19 3.14447e+19 9.15782e+18 1.08731e+17 2.20451e+15 5.21396e+13 1.23229e+12 2.9081e+10 6.55579e+08
6.55579e+08 2.9081e+10 1.23229e+12 5.21396e+13 2.20451e+15 1.08731e+17 9.15782e+18 3.14447e+19 6.2515e+19 9.64443e+19 1.27349e+20 1.50508e+20 1.62829e+20 1.62829e+20 1.50508e+20 1.27349e+20 9.64443e+19 6.2515e+19 3.14447e+19 9.15782e+18 1.08731e+17 2.20451e+15 5.21396e+13 1.23229e+12 2.9081e+10 6.55579e+08
6.05092e+08 2.68527e+10 1.13841e+12 4.81912e+13 2.03863e+15 1.00567e+17 8.4463e+18 2.90087e+19 5.77037e+19 8.90804e+19 1.17699e+20 1.39172e+20 1.50605e+20 1.50605e+20 1.39172e+20 1.17699e+20 8.90804e+19 5.77037e+19 2.90086e+19 8.4463e+18 1.00567e+17 2.03863e+15 4.81912e+13 1.13841e+12 2.68527e+10 6.05092e+08
5.1036e+08 2.26645e+10 9.61619e+11 4.07426e+13 1.72511e+15 8.51318e+16 7.11683e+18 2.44545e+19 4.86947e+19 7.52642e+19 9.95597e+19 1.17829e+20 1.27571e+20 1.27571e+20 1.17829e+20 9.95597e+19 7.52642e+19 4.86947e+19 2.44545e+19 7.11683e+18 8.51318e+16 1.72511e+15 4.07426e+13 9.61619e+11 2.26645e+10 5.1036e+08
3.84565e+08 1.70876e+10 7.25547e+11 3.07686e+13 1.30415e+15 6.43935e+16 5.35878e+18 1.8427e+19 3.67429e+19 5.68813e+19 7.53559e+19 8.92875e+19 9.67306e+19 9.67306e+19 8.92875e+19 7.53559e+19 5.68813e+19 3.67429e+19 1.8427e+19 5.35878e+18 6.43935e+16 1.30415e+15 3.07686e+13 7.25547e+11 1.70876e+10 3.84565e+08
2.48048e+08 1.10109e+10 4.67286e+11 1.98164e+13 8.40329e+14 4.15191e+16 3.4497e+18 1.18742e+19 2.3713e+19 3.67725e+19 4.87935e+19 5.7885e+19 6.27519e+19 6.27519e+19 5.7885e+19 4.87935e+19 3.67725e+19 2.3713e+19 1.18742e+19 3.4497e+18 4.15191e+16 8.40329e+14 1.98164e+13 4.67286e+11 1.10109e+10 2.48048e+08
1.26278e+08 5.55895e+09 2.34154e+11 9.87231e+12 4.17057e+14 2.05915e+16 1.72157e+18 5.93413e+18 1.18683e+19 1.84328e+19 2.44923e+19 2.90861e+19 3.15493e+19 3.15493e+19 2.90861e+19 2.44923e+19 1.84328e+19 1.18683e+19 5.93413e+18 1.72157e+18 2.05915e+16 4.17057e+14 9.87231e+12 2.34154e+11 5.55895e+09 1.26278e+08
4.32705e+07 1.8259e+09 7.34695e+10 2.95971e+12 1.1994e+14 5.76942e+15 4.95871e+17 1.71357e+18 3.43201e+18 5.33581e+18 7.09531e+18 8.43044e+18 9.14674e+18 9.14674e+18 8.43044e+18 7.09531e+18 5.33581e+18 3.43201e+18 1.71357e+18 4.95871e+17 5.76942e+15 1.1994e+14 2.95971e+12 7.34695e+10 1.8259e+09 4.32705e+07
7.58002e+06 2.64284e+08 8.08175e+09 2.1623e+11 4.43896e+12 6.74429e+13 5.22298e+15 1.86234e+16 3.75773e+16 5.83468e+16 7.72303e+16 9.13219e+16 9.87887e+16 9.87887e+16 9.13219e+16 7.72303e+16 5.83468e+16 3.75773e+16 1.86234e+16 5.22298e+15 6.74429e+13 4.43896e+12 2.1623e+11 8.08175e+09 2.64284e+08 7.58002e+06
835526 2.38143e+07 5.65198e+08 1.13391e+10 1.90945e+11 3.83479e+12 1.04633e+14 3.6461e+14 7.35601e+14 1.14285e+15 1.51312e+15 1.78929e+15 1.93556e+15 1.93556e+15 1.78929e+15 1.51312e+15 1.14285e+15 7.35601e+14 3.6461e+14 1.04633e+14 3.83479e+12 1.90945e+11 1.13391e+10 5.65198e+08 2.38143e+07 835526
69202.1 1.6774e+06 3.36794e+07 6.03568e+08 1.04007e+10 1.87434e+11 2.58136e+12 8.62787e+12 1.73405e+13 2.69526e+13 3.57209e+13 4.22785e+13 4.5758e+13 4.5758e+13 4.22785e+13 3.57209e+13 2.69526e+13 1.73405e+13 8.62787e+12 2.58136e+12 1.87434e+11 1.04007e+10 6.03568e+08 3.36794e+07 1.6774e+06 69202.1
4819.39 104020 1.88606e+06 3.16581e+07 5.02868e+08 7.01787e+09 6.40638e+10 2.04567e+11 4.08749e+11 6.35309e+11 8.42738e+11 9.98291e+11 1.08098e+12 1.08098e+12 9.98291e+11 8.42738e+11 6.35309e+11 4.08749e+11 2.04567e+11 6.40638e+10 7.01787e+09 5.02868e+08 3.16581e+07 1.88606e+06 104020 4819.39
299.195 5928.43 99113.1 1.52411e+06 2.09429e+07 2.29704e+08 1.59181e+09 4.85488e+09 9.62799e+09 1.49564e+10 1.98541e+10 2.35372e+10 2.54985e+10 2.54985e+10 2.35372e+10 1.98541e+10 1.49564e+10 9.62799e+09 4.85488e+09 1.59181e+09 2.29704e+08 2.09429e+07 1.52411e+06 99113.1 5928.43 299.195
15.5728 288.164 4453.45 61794.3 731108 6.59123e+06 3.7715e+07 1.10248e+08 2.16815e+08 3.3647e+08 4.46891e+08 5.30154e+08 5.74567e+08 5.74567e+08 5.30154e+08 4.46891e+08 3.3647e+08 2.16815e+08 1.10248e+08 3.7715e+07 6.59123e+06 731108 61794.3 4453.45 288.164 15.5728
