1.1253 21.1866 335.697 4798.58 58447.8 539318 3.13481e+06 9.26204e+06 1.84089e+07 2.88722e+07 3.87123e+07 4.62539e+07 5.03213e+07 5.03213e+07 4.62539e+07 3.87123e+07 2.88722e+07 1.84089e+07 9.26204e+06 3.13481e+06 539318 58447.8 4798.58 335.697 21.1866 1.12529
21.624 434.006 7411.04 117538 1.67285e+06 1.88974e+07 1.3342e+08 4.11603e+08 8.25646e+08 1.29733e+09 1.73985e+09 2.07851e+09 2.261e+09 2.261e+09 2.07851e+09 1.73985e+09 1.29733e+09 8.25646e+08 4.11603e+08 1.3342e+08 1.88974e+07 1.67285e+06 117538 7411.04 434.006 21.624
350.378 7607.86 139539 2.40236e+06 3.9753e+07 5.77635e+08 5.39926e+09 1.74519e+10 3.53e+10 5.55444e+10 7.44925e+10 8.89723e+10 9.67677e+10 9.67677e+10 8.89723e+10 7.44925e+10 5.55444e+10 3.53e+10 1.74519e+10 5.39926e+09 5.77635e+08 3.9753e+07 2.40236e+06 139539 7607.86 350.378
5101.61 123776 2.48384e+06 4.48514e+07 8.01099e+08 1.53193e+10 2.1822e+11 7.38822e+11 1.50436e+12 2.36915e+12 3.17688e+12 3.79326e+12 4.12479e+12 4.12479e+12 3.79326e+12 3.17688e+12 2.36915e+12 1.50436e+12 7.38822e+11 2.1822e+11 1.53193e+10 8.01099e+08 4.48514e+07 2.48384e+06 123776 5101.61
62850 1.79298e+06 4.23159e+07 8.38612e+08 1.4065e+10 3.05466e+11 8.85678e+12 3.12838e+13 6.39927e+13 1.00818e+14 1.35152e+14 1.61317e+14 1.75377e+14 1.75377e+14 1.61317e+14 1.35152e+14 1.00818e+14 6.39927e+13 3.12838e+13 8.85678e+12 3.05466e+11 1.4065e+10 8.38612e+08 4.23159e+07 1.79298e+06 62850
582804 2.04128e+07 6.2354e+08 1.65165e+10 3.28412e+11 4.78781e+12 4.37932e+14 1.58424e+15 3.24224e+15 5.10597e+15 6.84355e+15 8.16803e+15 8.87991e+15 8.87991e+15 8.16803e+15 6.84355e+15 5.10597e+15 3.24224e+15 1.58424e+15 4.37932e+14 4.78781e+12 3.28412e+11 1.65165e+10 6.2354e+08 2.04128e+07 582804
3.39089e+06 1.44327e+08 5.84105e+09 2.36097e+11 9.58356e+12 4.66599e+14 4.17358e+16 1.45584e+17 2.94564e+17 4.62695e+17 6.20885e+17 7.42713e+17 8.08713e+17 8.08713e+17 7.42713e+17 6.20885e+17 4.62695e+17 2.94564e+17 1.45584e+17 4.17358e+16 4.66599e+14 9.58356e+12 2.36097e+11 5.84105e+09 1.44327e+08 3.39089e+06
1.00133e+07 4.45022e+08 1.88706e+10 7.98961e+11 3.3834e+13 1.68928e+15 1.46073e+17 5.08251e+17 1.02733e+18 1.61294e+18 2.16398e+18 2.58846e+18 2.81847e+18 2.81847e+18 2.58846e+18 2.16398e+18 1.61294e+18 1.02733e+18 5.08251e+17 1.46073e+17 1.68928e+15 3.3834e+13 7.98961e+11 1.88706e+10 4.45022e+08 1.00133e+07
1.98792e+07 8.91635e+08 3.81235e+10 1.6248e+12 6.91208e+13 3.45396e+15 2.95651e+17 1.02769e+18 2.07601e+18 3.25792e+18 4.36944e+18 5.22533e+18 5.68901e+18 5.68901e+18 5.22533e+18 4.36944e+18 3.25792e+18 2.07601e+18 1.02769e+18 2.95651e+17 3.45396e+15 6.91209e+13 1.6248e+12 3.81235e+10 8.91635e+08 1.98792e+07
3.11338e+07 1.39895e+09 5.98957e+10 2.55478e+12 1.08719e+14 5.43105e+15 4.64075e+17 1.61246e+18 3.25581e+18 5.10713e+18 6.84695e+18 8.18587e+18 8.91096e+18 8.91096e+18 8.18587e+18 6.84695e+18 5.10713e+18 3.25581e+18 1.61246e+18 4.64075e+17 5.43105e+15 1.08719e+14 2.55478e+12 5.98957e+10 1.39895e+09 3.11338e+07
4.16849e+07 1.87335e+09 8.02045e+10 3.42033e+12 1.45503e+14 7.26718e+15 6.22077e+17 2.16114e+18 4.36225e+18 6.84015e+18 9.16715e+18 1.09569e+19 1.19258e+19 1.19258e+19 1.09569e+19 9.16715e+18 6.84015e+18 4.36225e+18 2.16114e+18 6.22077e+17 7.26718e+15 1.45503e+14 3.42033e+12 8.02045e+10 1.87335e+09 4.16849e+07
4.97479e+07 2.23531e+09 9.56752e+10 4.07866e+12 1.73438e+14 8.66166e+15 7.43416e+17 2.58264e+18 5.21193e+18 8.17026e+18 1.09469e+19 1.30816e+19 1.42368e+19 1.42368e+19 1.30816e+19 1.09469e+19 8.17026e+18 5.21193e+18 2.58264e+18 7.43416e+17 8.66166e+15 1.73438e+14 4.07866e+12 9.56752e+10 2.23531e+09 4.97479e+07
5.40875e+07 2.42994e+09 1.03985e+11 4.43191e+12 1.88412e+14 9.40919e+15 8.09017e+17 2.81059e+18 5.67136e+18 8.8892e+18 1.19085e+19 1.42292e+19 1.54849e+19 1.54849e+19 1.42292e+19 1.19085e+19 8.8892e+18 5.67136e+18 2.81059e+18 8.09017e+17 9.40919e+15 1.88412e+14 4.43191e+12 1.03985e+11 2.42994e+09 5.40875e+07
5.40875e+07 2.42994e+09 1.03985e+11 4.43191e+12 1.88412e+14 9.40919e+15 8.09017e+17 2.81059e+18 5.67136e+18 8.8892e+18 1.19085e+19 1.42292e+19 1.54849e+19 1.54849e+19 1.42292e+19 1.19085e+19 8.8892e+18 5.67136e+18 2.81059e+18 8.09017e+17 9.40919e+15 1.88412e+14 4.43191e+12 1.03985e+11 2.42994e+09 5.40875e+07
4.97479e+07 2.23531e+09 9.56752e+10 4.07866e+12 1.73438e+14 8.66166e+15 7.43416e+17 2.58264e+18 5.21193e+18 8.17026e+18 1.09469e+19 1.30816e+19 1.42368e+19 1.42368e+19 1.30816e+19 1.09469e+19 8.17026e+18 5.21193e+18 2.58264e+18 7.43416e+17 8.66166e+15 1.73438e+14 4.07866e+12 9.56752e+10 2.23531e+09 4.97479e+07
4.16849e+07 1.87335e+09 8.02045e+10 3.42033e+12 1.45503e+14 7.26718e+15 6.22077e+17 2.16114e+18 4.36225e+18 6.84015e+18 9.16715e+18 1.09569e+19 1.19258e+19 1.19258e+19 1.09569e+19 9.16715e+18 6.84015e+18 4.36225e+18 2.16114e+18 6.22077e+17 7.26718e+15 1.45503e+14 3.42033e+12 8.02045e+10 1.87335e+09 4.16849e+07
3.11338e+07 1.39895e+09 5.98957e+10 2.55478e+12 1.08719e+14 5.43105e+15 4.64075e+17 1.61246e+18 3.25581e+18 5.10713e+18 6.84695e+18 8.18587e+18 8.91096e+18 8.91096e+18 8.18587e+18 6.84695e+18 5.10713e+18 3.25581e+18 1.61246e+18 4.64075e+17 5.43105e+15 1.08719e+14 2.55478e+12 5.98957e+10 1.39895e+09 3.11338e+07
1.98792e+07 8.91635e+08 3.81235e+10 1.6248e+12 6.91208e+13 3.45396e+15 2.95651e+17 1.02769e+18 2.07601e+18 3.25792e+18 4.36944e+18 5.22533e+18 5.68901e+18 5.68901e+18 5.22533e+18 4.36944e+18 3.25792e+18 2.07601e+18 1.02769e+18 2.95651e+17 3.45396e+15 6.91208e+13 1.6248e+12 3.81235e+10 8.91635e+08 1.98792e+07
1.00133e+07 4.45022e+08 1.88706e+10 7.98961e+11 3.3834e+13 1.68928e+15 1.46073e+17 5.08251e+17 1.02733e+18 1.61294e+18 2.16398e+18 2.58846e+18 2.81847e+18 2.81847e+18 2.58846e+18 2.16398e+18 1.61294e+18 1.02733e+18 5.08251e+17 1.46073e+17 1.68928e+15 3.3834e+13 7.98961e+11 1.88706e+10 4.45022e+08 1.00133e+07
3.39089e+06 1.44327e+08 5.84105e+09 2.36097e+11 9.58356e+12 4.66599e+14 4.17358e+16 1.45584e+17 2.94564e+17 4.62695e+17 6.20885e+17 7.42713e+17 8.08713e+17 8.08713e+17 7.42713e+17 6.20885e+17 4.62695e+17 2.94564e+17 1.45584e+17 4.17358e+16 4.66599e+14 9.58356e+12 2.36097e+11 5.84105e+09 1.44327e+08 3.39089e+06
582804 2.04128e+07 6.2354e+08 1.65165e+10 3.28412e+11 4.78781e+12 4.37932e+14 1.58424e+15 3.24224e+15 5.10597e+15 6.84355e+15 8.16803e+15 8.87991e+15 8.87991e+15 8.16803e+15 6.84355e+15 5.10597e+15 3.24224e+15 1.58424e+15 4.37932e+14 4.78781e+12 3.28412e+11 1.65165e+10 6.2354e+08 2.04128e+07 582804
62850 1.79298e+06 4.23159e+07 8.38612e+08 1.4065e+10 3.05466e+11 8.85678e+12 3.12838e+13 6.39927e+13 1.00818e+14 1.35152e+14 1.61317e+14 1.75377e+14 1.75377e+14 1.61317e+14 1.35152e+14 1.00818e+14 6.39927e+13 3.12838e+13 8.85678e+12 3.05466e+11 1.4065e+10 8.38612e+08 4.23159e+07 1.79298e+06 62850
5101.61 123776 2.48384e+06 4.48514e+07 8.01099e+08 1.53193e+10 2.1822e+11 7.38822e+11 1.50436e+12 2.36915e+12 3.17688e+12 3.79326e+12 4.12479e+12 4.12479e+12 3.79326e+12 3.17688e+12 2.36915e+12 1.50436e+12 7.38822e+11 2.1822e+11 1.53193e+10 8.01099e+08 4.48514e+07 2.48384e+06 123776 5101.61
350.378 7607.86 139539 2.40236e+06 3.9753e+07 5.77635e+08 5.39926e+09 1.74519e+10 3.53e+10 5.55444e+10 7.44925e+10 8.89723e+10 9.67677e+10 9.67677e+10 8.89723e+10 7.44925e+10 5.55444e+10 3.53e+10 1.74519e+10 5.39926e+09 5.77635e+08 3.9753e+07 2.40236e+06 139539 7607.86 350.378
21.624 434.006 7411.04 117538 1.67285e+06 1.88974e+07 1.3342e+08 4.11603e+08 8.25646e+08 1.29733e+09 1.73985e+09 2.07851e+09 2.261e+09 2.261e+09 2.07851e+09 1.73985e+09 1.29733e+09 8.25646e+08 4.11603e+08 1.3342e+08 1.88974e+07 1.67285e+06 117538 7411.04 434.006 21.624
1.1253 21.1866 335.697 4798.58 58447.8 539318 3.13481e+06 9.26204e+06 1.84089e+07 2.88722e+07 3.87123e+07 4.62539e+07 5.03213e+07 5.03213e+07 4.62539e+07 3.87123e+07 2.88722e+07 1.84089e+07 9.26204e+06 3.13481e+06 539318 58447.8 4798.58 335.697 21.1866 1.12529
