0.971878 18.2558 288.762 4122.81 50200.4 463835 2.70795e+06 8.08466e+06 1.62946e+07 2.59452e+07 3.52746e+07 4.25954e+07 4.6607e+07 4.6607e+07 4.25954e+07 3.52746e+07 2.59452e+07 1.62946e+07 8.08466e+06 2.70795e+06 463835 50200.4 4122.81 288.762 18.2558 0.971878
18.6807 373.699 6365.76 100739 1.43124e+06 1.61665e+07 1.14515e+08 3.56947e+08 7.26219e+08 1.15884e+09 1.57638e+09 1.90379e+09 2.08312e+09 2.08312e+09 1.90379e+09 1.57638e+09 1.15884e+09 7.26219e+08 3.56947e+08 1.14515e+08 1.61665e+07 1.43124e+06 100739 6365.76 373.699 18.6807
303.004 6556.37 120003 2.06135e+06 3.40007e+07 4.92958e+08 4.61593e+09 1.50757e+10 3.09392e+10 4.94613e+10 6.73134e+10 8.13023e+10 8.89619e+10 8.89619e+10 8.13023e+10 6.73134e+10 4.94613e+10 3.09392e+10 1.50757e+10 4.61593e+09 4.92958e+08 3.40007e+07 2.06135e+06 120003 6556.37 303.004
4416.06 106770 2.14028e+06 3.86301e+07 6.87711e+08 1.3076e+10 1.86132e+11 6.3689e+11 1.31639e+12 2.10741e+12 2.86904e+12 3.46554e+12 3.79204e+12 3.79204e+12 3.46554e+12 2.86904e+12 2.10741e+12 1.31639e+12 6.3689e+11 1.86132e+11 1.3076e+10 6.87711e+08 3.86301e+07 2.14028e+06 106770 4416.06
54443.1 1.54689e+06 3.64765e+07 7.2424e+08 1.21698e+10 2.61733e+11 7.54254e+12 2.69347e+13 5.59607e+13 8.96777e+13 1.22121e+14 1.47519e+14 1.61416e+14 1.61416e+14 1.47519e+14 1.22121e+14 8.96777e+13 5.59607e+13 2.69347e+13 7.54253e+12 2.61733e+11 1.21698e+10 7.2424e+08 3.64765e+07 1.54689e+06 54443.1
505513 1.76144e+07 5.36903e+08 1.42327e+10 2.84475e+11 4.17855e+12 3.72853e+14 1.36337e+15 2.83348e+15 4.53788e+15 6.17692e+15 7.4597e+15 8.1615e+15 8.1615e+15 7.4597e+15 6.17692e+15 4.53788e+15 2.83348e+15 1.36337e+15 3.72853e+14 4.17855e+12 2.84475e+11 1.42327e+10 5.36903e+08 1.76144e+07 505513
2.95257e+06 1.24854e+08 5.03249e+09 2.02925e+11 8.22288e+12 3.98946e+14 3.55214e+16 1.24805e+17 2.55125e+17 4.05239e+17 5.49359e+17 6.62239e+17 7.24077e+17 7.24077e+17 6.62239e+17 5.49359e+17 4.05239e+17 2.55125e+17 1.24805e+17 3.55214e+16 3.98946e+14 8.22288e+12 2.02925e+11 5.03249e+09 1.24854e+08 2.95257e+06
8.81085e+06 3.88993e+08 1.64285e+10 6.94017e+11 2.93499e+13 1.46057e+15 1.25318e+17 4.38988e+17 8.96127e+17 1.42224e+18 1.92711e+18 2.32245e+18 2.53901e+18 2.53901e+18 2.32245e+18 1.92711e+18 1.42224e+18 8.96127e+17 4.38988e+17 1.25318e+17 1.46057e+15 2.93499e+13 6.94017e+11 1.64285e+10 3.88993e+08 8.81085e+06
1.77447e+07 7.908e+08 3.36887e+10 1.4333e+12 6.09282e+13 3.03472e+15 2.56485e+17 8.97234e+17 1.83017e+18 2.90308e+18 3.93211e+18 4.73759e+18 5.17872e+18 5.17872e+18 4.73759e+18 3.93211e+18 2.90308e+18 1.83017e+18 8.97234e+17 2.56485e+17 3.03472e+15 6.09282e+13 1.4333e+12 3.36887e+10 7.908e+08 1.77447e+07
2.82286e+07 1.26072e+09 5.38055e+10 2.29233e+12 9.75398e+13 4.85664e+15 4.07498e+17 1.42439e+18 2.9039e+18 4.60428e+18 6.23417e+18 7.50945e+18 8.20768e+18 8.20768e+18 7.50945e+18 6.23417e+18 4.60428e+18 2.9039e+18 1.42439e+18 4.07498e+17 4.85664e+15 9.75398e+13 2.29233e+12 5.38055e+10 1.26072e+09 2.82286e+07
3.83449e+07 1.7134e+09 7.31561e+10 3.11773e+12 1.32692e+14 6.60507e+15 5.52319e+17 1.92972e+18 3.93265e+18 6.2333e+18 8.43746e+18 1.01614e+19 1.1105e+19 1.1105e+19 1.01614e+19 8.43746e+18 6.2333e+18 3.93265e+18 1.92972e+18 5.52319e+17 6.60507e+15 1.32692e+14 3.11773e+12 7.31561e+10 1.7134e+09 3.83449e+07
4.627e+07 2.06774e+09 8.82919e+10 3.76296e+12 1.60158e+14 7.97076e+15 6.65605e+17 2.32495e+18 4.73698e+18 7.5064e+18 1.01587e+19 1.22324e+19 1.33673e+19 1.33673e+19 1.22324e+19 1.01587e+19 7.5064e+18 4.73698e+18 2.32495e+18 6.65605e+17 7.97076e+15 1.60158e+14 3.76296e+12 8.82919e+10 2.06774e+09 4.627e+07
5.06075e+07 2.26159e+09 9.65688e+10 4.11566e+12 1.75165e+14 8.71686e+15 7.27605e+17 2.54125e+18 5.17707e+18 8.20282e+18 1.11e+19 1.33648e+19 1.46042e+19 1.46042e+19 1.33648e+19 1.11e+19 8.20282e+18 5.17707e+18 2.54125e+18 7.27605e+17 8.71686e+15 1.75165e+14 4.11566e+12 9.65688e+10 2.26159e+09 5.06075e+07
5.06075e+07 2.26159e+09 9.65688e+10 4.11566e+12 1.75165e+14 8.71686e+15 7.27605e+17 2.54125e+18 5.17707e+18 8.20282e+18 1.11e+19 1.33648e+19 1.46042e+19 1.46042e+19 1.33648e+19 1.11e+19 8.20282e+18 5.17707e+18 2.54125e+18 7.27605e+17 8.71686e+15 1.75165e+14 4.11566e+12 9.65688e+10 2.26159e+09 5.06075e+07
4.627e+07 2.06774e+09 8.82919e+10 3.76296e+12 1.60158e+14 7.97076e+15 6.65605e+17 2.32495e+18 4.73698e+18 7.5064e+18 1.01587e+19 1.22324e+19 1.33673e+19 1.33673e+19 1.22324e+19 1.01587e+19 7.5064e+18 4.73698e+18 2.32495e+18 6.65605e+17 7.97076e+15 1.60158e+14 3.76296e+12 8.82919e+10 2.06774e+09 4.627e+07
3.83449e+07 1.7134e+09 7.31561e+10 3.11773e+12 1.32692e+14 6.60507e+15 5.52319e+17 1.92972e+18 3.93265e+18 6.2333e+18 8.43746e+18 1.01614e+19 1.1105e+19 1.1105e+19 1.01614e+19 8.43746e+18 6.2333e+18 3.93265e+18 1.92972e+18 5.52319e+17 6.60507e+15 1.32692e+14 3.11773e+12 7.31561e+10 1.7134e+09 3.83449e+07
2.82286e+07 1.26072e+09 5.38055e+10 2.29233e+12 9.75398e+13 4.85664e+15 4.07498e+17 1.42439e+18 2.9039e+18 4.60428e+18 6.23417e+18 7.50945e+18 8.20768e+18 8.20768e+18 7.50945e+18 6.23417e+18 4.60428e+18 2.9039e+18 1.42439e+18 4.07498e+17 4.85664e+15 9.75398e+13 2.29233e+12 5.38055e+10 1.26072e+09 2.82286e+07
1.77447e+07 7.908e+08 3.36887e+10 1.4333e+12 6.09282e+13 3.03472e+15 2.56485e+17 8.97234e+17 1.83017e+18 2.90308e+18 3.93211e+18 4.73759e+18 5.17872e+18 5.17872e+18 4.73759e+18 3.93211e+18 2.90308e+18 1.83017e+18 8.97234e+17 2.56485e+17 3.03472e+15 6.09282e+13 1.4333e+12 3.36887e+10 7.908e+08 1.77447e+07
8.81085e+06 3.88993e+08 1.64285e+10 6.94017e+11 2.93499e+13 1.46057e+15 1.25318e+17 4.38988e+17 8.96127e+17 1.42224e+18 1.92711e+18 2.32245e+18 2.53901e+18 2.53901e+18 2.32245e+18 1.92711e+18 1.42224e+18 8.96127e+17 4.38988e+17 1.25318e+17 1.46057e+15 2.93499e+13 6.94017e+11 1.64285e+10 3.88993e+08 8.81085e+06
2.95257e+06 1.24854e+08 5.03249e+09 2.02925e+11 8.22288e+12 3.98946e+14 3.55214e+16 1.24805e+17 2.55125e+17 4.05239e+17 5.49359e+17 6.62239e+17 7.24077e+17 7.24077e+17 6.62239e+17 5.49359e+17 4.05239e+17 2.55125e+17 1.24805e+17 3.55214e+16 3.98946e+14 8.22288e+12 2.02925e+11 5.03249e+09 1.24854e+08 2.95257e+06
505513 1.76144e+07 5.36903e+08 1.42327e+10 2.84475e+11 4.17855e+12 3.72853e+14 1.36337e+15 2.83348e+15 4.53788e+15 6.17692e+15 7.4597e+15 8.1615e+15 8.1615e+15 7.4597e+15 6.17692e+15 4.53788e+15 2.83348e+15 1.36337e+15 3.72853e+14 4.17855e+12 2.84475e+11 1.42327e+10 5.36903e+08 1.76144e+07 505513
54443.1 1.54689e+06 3.64765e+07 7.2424e+08 1.21698e+10 2.61733e+11 7.54253e+12 2.69347e+13 5.59607e+13 8.96777e+13 1.22121e+14 1.47519e+14 1.61416e+14 1.61416e+14 1.47519e+14 1.22121e+14 8.96777e+13 5.59607e+13 2.69347e+13 7.54254e+12 2.61733e+11 1.21698e+10 7.2424e+08 3.64765e+07 1.54689e+06 54443.1
4416.06 106770 2.14028e+06 3.86301e+07 6.87711e+08 1.3076e+10 1.86132e+11 6.3689e+11 1.31639e+12 2.10741e+12 2.86904e+12 3.46554e+12 3.79204e+12 3.79204e+12 3.46554e+12 2.86904e+12 2.10741e+12 1.31639e+12 6.3689e+11 1.86132e+11 1.3076e+10 6.87711e+08 3.86301e+07 2.14028e+06 106770 4416.06
303.004 6556.37 120003 2.06135e+06 3.40007e+07 4.92958e+08 4.61593e+09 1.50757e+10 3.09392e+10 4.94613e+10 6.73134e+10 8.13023e+10 8.89619e+10 8.89619e+10 8.13023e+10 6.73134e+10 4.94613e+10 3.09392e+10 1.50757e+10 4.61593e+09 4.92958e+08 3.40007e+07 2.06135e+06 120003 6556.37 303.004
18.6807 373.698 6365.76 100739 1.43124e+06 1.61665e+07 1.14515e+08 3.56947e+08 7.26219e+08 1.15884e+09 1.57638e+09 1.90379e+09 2.08312e+09 2.08312e+09 1.90379e+09 1.57638e+09 1.15884e+09 7.26219e+08 3.56947e+08 1.14515e+08 1.61665e+07 1.43124e+06 100739 6365.76 373.699 18.6807
0.971879 18.2558 288.762 4122.81 50200.4 463835 2.70795e+06 8.08466e+06 1.62946e+07 2.59452e+07 3.52746e+07 4.25954e+07 4.6607e+07 4.6607e+07 4.25954e+07 3.52746e+07 2.59452e+07 1.62946e+07 8.08466e+06 2.70795e+06 463835 50200.4 4122.81 288.762 18.2558 0.971878
