12.1191 224.399 3471.21 48220.2 571234 5.15705e+06 2.95607e+07 8.66707e+07 1.71149e+08 2.66854e+08 3.56051e+08 4.23926e+08 4.60367e+08 4.60367e+08 4.23926e+08 3.56051e+08 2.66854e+08 1.71149e+08 8.66707e+07 2.95607e+07 5.15705e+06 571234 48220.2 3471.21 224.399 12.1191
232.9 4617 77247.3 1.18916e+06 1.63617e+07 1.79708e+08 1.24742e+09 3.8162e+09 7.60048e+09 1.1865e+10 1.58261e+10 1.88338e+10 2.04464e+10 2.04464e+10 1.88338e+10 1.58261e+10 1.1865e+10 7.60048e+09 3.8162e+09 1.24742e+09 1.79708e+08 1.63617e+07 1.18916e+06 77247.3 4617 232.9
3753.33 81031.3 1.46995e+06 2.46951e+07 3.92782e+08 5.48967e+09 5.01918e+10 1.60774e+11 3.22678e+11 5.04125e+11 6.72103e+11 7.99371e+11 8.67518e+11 8.67518e+11 7.99371e+11 6.72103e+11 5.04125e+11 3.22678e+11 1.60774e+11 5.01918e+10 5.48967e+09 3.92782e+08 2.46951e+07 1.46995e+06 81031.3 3753.33
53934.4 1.30743e+06 2.62549e+07 4.70713e+08 8.12022e+09 1.46583e+11 2.02177e+12 6.77933e+12 1.36887e+13 2.1392e+13 2.85022e+13 3.3878e+13 3.67527e+13 3.67527e+13 3.3878e+13 2.85022e+13 2.1392e+13 1.36887e+13 6.77933e+12 2.02177e+12 1.46583e+11 8.12022e+09 4.70713e+08 2.62549e+07 1.30743e+06 53934.4
651837 1.85784e+07 4.40906e+08 8.8448e+09 1.48977e+11 2.9974e+12 8.19178e+13 2.86408e+14 5.8064e+14 9.0724e+14 1.20789e+15 1.43476e+15 1.55591e+15 1.55591e+15 1.43476e+15 1.20789e+15 9.0724e+14 5.8064e+14 2.86408e+14 8.19178e+13 2.9974e+12 1.48977e+11 8.8448e+09 4.40906e+08 1.85784e+07 651837
5.92107e+06 2.06427e+08 6.31167e+09 1.6883e+11 3.46408e+12 5.2608e+13 4.08619e+15 1.46178e+16 2.96362e+16 4.62748e+16 6.15888e+16 7.31474e+16 7.93219e+16 7.93219e+16 7.31474e+16 6.15888e+16 4.62748e+16 2.96362e+16 1.46178e+16 4.08619e+15 5.2608e+13 3.46408e+12 1.6883e+11 6.31167e+09 2.06427e+08 5.92107e+06
3.38599e+07 1.42856e+09 5.74689e+10 2.31444e+12 9.37545e+13 4.50853e+15 3.87899e+17 1.34329e+18 2.69876e+18 4.21094e+18 5.6191e+18 6.69492e+18 7.27482e+18 7.27482e+18 6.69492e+18 5.6191e+18 4.21094e+18 2.69876e+18 1.34329e+18 3.87899e+17 4.50853e+15 9.37545e+13 2.31444e+12 5.74689e+10 1.42856e+09 3.38599e+07
9.9109e+07 4.36248e+09 1.83728e+11 7.74468e+12 3.27086e+14 1.61443e+16 1.34969e+18 4.66209e+18 9.35384e+18 1.45816e+19 1.94453e+19 2.31588e+19 2.51598e+19 2.51598e+19 2.31588e+19 1.94453e+19 1.45816e+19 9.35384e+18 4.66209e+18 1.34969e+18 1.61443e+16 3.27086e+14 7.74468e+12 1.83728e+11 4.36248e+09 9.9109e+07
1.9547e+08 8.67751e+09 3.6827e+11 1.56172e+13 6.62214e+14 3.27095e+16 2.71352e+18 9.36057e+18 1.87572e+19 2.92051e+19 3.8906e+19 4.63006e+19 5.02809e+19 5.02809e+19 4.63006e+19 3.8906e+19 2.92051e+19 1.87572e+19 9.36057e+18 2.71352e+18 3.27095e+16 6.62214e+14 1.56172e+13 3.6827e+11 8.67751e+09 1.9547e+08
3.04457e+08 1.35319e+10 5.74723e+11 2.43784e+13 1.0335e+15 5.1018e+16 4.23153e+18 1.45842e+19 2.91895e+19 4.53904e+19 6.03979e+19 7.18152e+19 7.79529e+19 7.79529e+19 7.18152e+19 6.03979e+19 4.53904e+19 2.91895e+19 1.45842e+19 4.23153e+18 5.1018e+16 1.0335e+15 2.43784e+13 5.74723e+11 1.35319e+10 3.04457e+08
4.05869e+08 1.80332e+10 7.65513e+11 3.245e+13 1.37464e+15 6.78239e+16 5.64091e+18 1.94299e+19 3.8848e+19 6.03404e+19 8.02061e+19 9.52918e+19 1.03391e+20 1.03391e+20 9.52918e+19 8.02061e+19 6.03404e+19 3.8848e+19 1.94299e+19 5.64091e+18 6.78239e+16 1.37464e+15 3.245e+13 7.65513e+11 1.80332e+10 4.05869e+08
4.82929e+08 2.1446e+10 9.09844e+11 3.85431e+13 1.63162e+15 8.04774e+16 6.71462e+18 2.31194e+19 4.619e+19 7.16828e+19 9.52068e+19 1.13045e+20 1.22614e+20 1.22614e+20 1.13045e+20 9.52068e+19 7.16828e+19 4.619e+19 2.31194e+19 6.71462e+18 8.04774e+16 1.63162e+15 3.85431e+13 9.09844e+11 2.1446e+10 4.82929e+08
5.24261e+08 2.3274e+10 9.87047e+11 4.17978e+13 1.7687e+15 8.72251e+16 7.29221e+18 2.51035e+19 5.01342e+19 7.77682e+19 1.03245e+20 1.2255e+20 1.329e+20 1.329e+20 1.2255e+20 1.03245e+20 7.77682e+19 5.01342e+19 2.51035e+19 7.29221e+18 8.72251e+16 1.7687e+15 4.17978e+13 9.87047e+11 2.3274e+10 5.24261e+08
5.24261e+08 2.3274e+10 9.87047e+11 4.17978e+13 1.7687e+15 8.72251e+16 7.29221e+18 2.51035e+19 5.01342e+19 7.77682e+19 1.03245e+20 1.2255e+20 1.329e+20 1.329e+20 1.2255e+20 1.03245e+20 7.77682e+19 5.01342e+19 2.51035e+19 7.29221e+18 8.72251e+16 1.7687e+15 4.17978e+13 9.87047e+11 2.3274e+10 5.24261e+08
4.82929e+08 2.1446e+10 9.09844e+11 3.85431e+13 1.63162e+15 8.04774e+16 6.71462e+18 2.31194e+19 4.619e+19 7.16828e+19 9.52068e+19 1.13045e+20 1.22614e+20 1.22614e+20 1.13045e+20 9.52068e+19 7.16828e+19 4.619e+19 2.31194e+19 6.71462e+18 8.04774e+16 1.63162e+15 3.85431e+13 9.09844e+11 2.1446e+10 4.82929e+08
4.05869e+08 1.80332e+10 7.65513e+11 3.245e+13 1.37464e+15 6.78239e+16 5.64091e+18 1.94299e+19 3.8848e+19 6.03404e+19 8.02061e+19 9.52918e+19 1.03391e+20 1.03391e+20 9.52918e+19 8.02061e+19 6.03404e+19 3.8848e+19 1.94299e+19 5.64091e+18 6.78239e+16 1.37464e+15 3.245e+13 7.65513e+11 1.80332e+10 4.05869e+08
3.04457e+08 1.35319e+10 5.74723e+11 2.43784e+13 1.0335e+15 5.1018e+16 4.23153e+18 1.45842e+19 2.91895e+19 4.53904e+19 6.03979e+19 7.18152e+19 7.79529e+19 7.79529e+19 7.18152e+19 6.03979e+19 4.53904e+19 2.91895e+19 1.45842e+19 4.23153e+18 5.1018e+16 1.0335e+15 2.43784e+13 5.74723e+11 1.35319e+10 3.04457e+08
1.9547e+08 8.67751e+09 3.6827e+11 1.56172e+13 6.62214e+14 3.27095e+16 2.71352e+18 9.36057e+18 1.87572e+19 2.92051e+19 3.8906e+19 4.63006e+19 5.02809e+19 5.02809e+19 4.63006e+19 3.8906e+19 2.92051e+19 1.87572e+19 9.36057e+18 2.71352e+18 3.27095e+16 6.62214e+14 1.56172e+13 3.6827e+11 8.67751e+09 1.9547e+08
9.9109e+07 4.36248e+09 1.83728e+11 7.74468e+12 3.27086e+14 1.61443e+16 1.34969e+18 4.66209e+18 9.35384e+18 1.45816e+19 1.94453e+19 2.31588e+19 2.51598e+19 2.51598e+19 2.31588e+19 1.94453e+19 1.45816e+19 9.35384e+18 4.66209e+18 1.34969e+18 1.61443e+16 3.27086e+14 7.74468e+12 1.83728e+11 4.36248e+09 9.9109e+07
3.38599e+07 1.42856e+09 5.74689e+10 2.31444e+12 9.37545e+13 4.50853e+15 3.87899e+17 1.34329e+18 2.69876e+18 4.21094e+18 5.6191e+18 6.69492e+18 7.27482e+18 7.27482e+18 6.69492e+18 5.6191e+18 4.21094e+18 2.69876e+18 1.34329e+18 3.87899e+17 4.50853e+15 9.37545e+13 2.31444e+12 5.74689e+10 1.42856e+09 3.38599e+07
5.92107e+06 2.06427e+08 6.31167e+09 1.6883e+11 3.46408e+12 5.2608e+13 4.08619e+15 1.46178e+16 2.96362e+16 4.62748e+16 6.15888e+16 7.31474e+16 7.93219e+16 7.93219e+16 7.31474e+16 6.15888e+16 4.62748e+16 2.96362e+16 1.46178e+16 4.08619e+15 5.2608e+13 3.46408e+12 1.6883e+11 6.31167e+09 2.06427e+08 5.92107e+06
651837 1.85784e+07 4.40906e+08 8.8448e+09 1.48977e+11 2.9974e+12 8.19178e+13 2.86408e+14 5.8064e+14 9.0724e+14 1.20789e+15 1.43476e+15 1.55591e+15 1.55591e+15 1.43476e+15 1.20789e+15 9.0724e+14 5.8064e+14 2.86408e+14 8.19178e+13 2.9974e+12 1.48977e+11 8.8448e+09 4.40906e+08 1.85784e+07 651837
53934.4 1.30743e+06 2.62549e+07 4.70713e+08 8.12022e+09 1.46583e+11 2.02177e+12 6.77933e+12 1.36887e+13 2.1392e+13 2.85022e+13 3.3878e+13 3.67527e+13 3.67527e+13 3.3878e+13 2.85022e+13 2.1392e+13 1.36887e+13 6.77933e+12 2.02177e+12 1.46583e+11 8.12022e+09 4.70713e+08 2.62549e+07 1.30743e+06 53934.4
3753.33 81031.3 1.46995e+06 2.46951e+07 3.92782e+08 5.48967e+09 5.01918e+10 1.60774e+11 3.22678e+11 5.04125e+11 6.72103e+11 7.99371e+11 8.67518e+11 8.67518e+11 7.99371e+11 6.72103e+11 5.04125e+11 3.22678e+11 1.60774e+11 5.01918e+10 5.48967e+09 3.92782e+08 2.46951e+07 1.46995e+06 81031.3 3753.33
232.9 4617 77247.3 1.18916e+06 1.63617e+07 1.79708e+08 1.24742e+09 3.8162e+09 7.60048e+09 1.1865e+10 1.58261e+10 1.88338e+10 2.04464e+10 2.04464e+10 1.88338e+10 1.58261e+10 1.1865e+10 7.60048e+09 3.8162e+09 1.24742e+09 1.79708e+08 1.63617e+07 1.18916e+06 77247.3 4617 232.9
12.1191 224.399 3471.21 48220.2 571234 5.15705e+06 2.95607e+07 8.66707e+07 1.71149e+08 2.66854e+08 3.56051e+08 4.23926e+08 4.60367e+08 4.60367e+08 4.23926e+08 3.56051e+08 2.66854e+08 1.71149e+08 8.66707e+07 2.95607e+07 5.15705e+06 571234 48220.2 3471.21 224.399 12.1191
