2.18544 40.9094 643.543 9125.9 110360 1.01362e+06 5.88682e+06 1.7465e+07 3.4929e+07 5.5153e+07 7.44049e+07 8.93111e+07 9.7405e+07 9.7405e+07 8.93111e+07 7.44049e+07 5.5153e+07 3.4929e+07 1.7465e+07 5.88682e+06 1.01362e+06 110360 9125.9 643.543 40.9094 2.18544
42.014 838.735 14225.1 223577 3.15123e+06 3.53443e+07 2.48974e+08 7.7108e+08 1.55627e+09 2.46189e+09 3.32201e+09 3.98709e+09 4.34794e+09 4.34794e+09 3.98709e+09 3.32201e+09 2.46189e+09 1.55627e+09 7.7108e+08 2.48974e+08 3.53443e+07 3.15123e+06 223577 14225.1 838.735 42.014
680.469 14720.1 268886 4.59357e+06 7.50845e+07 1.07875e+09 1.00381e+10 3.25686e+10 6.62858e+10 1.05015e+11 1.4172e+11 1.70066e+11 1.85434e+11 1.85434e+11 1.70066e+11 1.4172e+11 1.05015e+11 6.62858e+10 3.25686e+10 1.00381e+10 1.07875e+09 7.50845e+07 4.59357e+06 268886 14720.1 680.469
9882.4 239183 4.79854e+06 8.64842e+07 1.52756e+09 2.86734e+10 4.04941e+11 1.37617e+12 2.81992e+12 4.4721e+12 6.03517e+12 7.24085e+12 7.894e+12 7.894e+12 7.24085e+12 6.03517e+12 4.4721e+12 2.81992e+12 1.37617e+12 4.04941e+11 2.86734e+10 1.52756e+09 8.64842e+07 4.79854e+06 239183 9882.4
121215 3.4483e+06 8.14811e+07 1.62269e+09 2.72901e+10 5.77171e+11 1.64193e+13 5.8221e+13 1.19878e+14 1.9023e+14 2.56692e+14 3.07902e+14 3.35621e+14 3.35621e+14 3.07902e+14 2.56692e+14 1.9023e+14 1.19878e+14 5.8221e+13 1.64193e+13 5.77171e+11 2.72901e+10 1.62269e+09 8.14811e+07 3.4483e+06 121215
1.11901e+06 3.90171e+07 1.19084e+09 3.16552e+10 6.3721e+11 9.44411e+12 8.13935e+14 2.95503e+15 6.08668e+15 9.65363e+15 1.30223e+16 1.5618e+16 1.70231e+16 1.70231e+16 1.5618e+16 1.30223e+16 9.65363e+15 6.08668e+15 2.95503e+15 8.13935e+14 9.44411e+12 6.3721e+11 3.16552e+10 1.19084e+09 3.90171e+07 1.11901e+06
6.49653e+06 2.74745e+08 1.10767e+10 4.46819e+11 1.81168e+13 8.77642e+14 7.74981e+16 2.71085e+17 5.50967e+17 8.69687e+17 1.17217e+18 1.40678e+18 1.53446e+18 1.53446e+18 1.40678e+18 1.17217e+18 8.69687e+17 5.50967e+17 2.71085e+17 7.74981e+16 8.77642e+14 1.81168e+13 4.46819e+11 1.10767e+10 2.74745e+08 6.49653e+06
1.92569e+07 8.50116e+08 3.59038e+10 1.51697e+12 6.41734e+13 3.18959e+15 2.72216e+17 9.49616e+17 1.92771e+18 3.04083e+18 4.09697e+18 4.91607e+18 5.36186e+18 5.36186e+18 4.91607e+18 4.09697e+18 3.04083e+18 1.92771e+18 9.49616e+17 2.72216e+17 3.18959e+15 6.41734e+13 1.51697e+12 3.59038e+10 8.50116e+08 1.92569e+07
3.84732e+07 1.71398e+09 7.29951e+10 3.10501e+12 1.31985e+14 6.56628e+15 5.53769e+17 1.92952e+18 3.91399e+18 6.17047e+18 8.30994e+18 9.96832e+18 1.08706e+19 1.08706e+19 9.96832e+18 8.30994e+18 6.17047e+18 3.91399e+18 1.92952e+18 5.53769e+17 6.56628e+15 1.31985e+14 3.10501e+12 7.29951e+10 1.71398e+09 3.84732e+07
6.06823e+07 2.7083e+09 1.15509e+11 4.91828e+12 2.0918e+14 1.04035e+16 8.73956e+17 3.04324e+18 6.16965e+18 9.72131e+18 1.30859e+19 1.56921e+19 1.71095e+19 1.71095e+19 1.56921e+19 1.30859e+19 9.72131e+18 6.16965e+18 3.04324e+18 8.73956e+17 1.04035e+16 2.0918e+14 4.91828e+12 1.15509e+11 2.7083e+09 6.06823e+07
8.17787e+07 3.65056e+09 1.55707e+11 6.62958e+12 2.81923e+14 1.40177e+16 1.17721e+18 4.09787e+18 8.30417e+18 1.30786e+19 1.75979e+19 2.10961e+19 2.29977e+19 2.29977e+19 2.10961e+19 1.75979e+19 1.30786e+19 8.30417e+18 4.09787e+18 1.17721e+18 1.40177e+16 2.81923e+14 6.62958e+12 1.55707e+11 3.65056e+09 8.17787e+07
9.80814e+07 4.37768e+09 1.86686e+11 7.9467e+12 3.37844e+14 1.67954e+16 1.41192e+18 4.91415e+18 9.95544e+18 1.56741e+19 2.10836e+19 2.52686e+19 2.75427e+19 2.75427e+19 2.52686e+19 2.10836e+19 1.56741e+19 9.95544e+18 4.91415e+18 1.41192e+18 1.67954e+16 3.37844e+14 7.9467e+12 1.86686e+11 4.37768e+09 9.80814e+07
1.06922e+08 4.77164e+09 2.03455e+11 8.6591e+12 3.68064e+14 1.82963e+16 1.53946e+18 5.35775e+18 1.08525e+19 1.70835e+19 2.29756e+19 2.75326e+19 3.00083e+19 3.00083e+19 2.75326e+19 2.29756e+19 1.70835e+19 1.08525e+19 5.35775e+18 1.53946e+18 1.82963e+16 3.68064e+14 8.6591e+12 2.03455e+11 4.77164e+09 1.06922e+08
1.06922e+08 4.77164e+09 2.03455e+11 8.6591e+12 3.68064e+14 1.82963e+16 1.53946e+18 5.35775e+18 1.08525e+19 1.70835e+19 2.29756e+19 2.75326e+19 3.00083e+19 3.00083e+19 2.75326e+19 2.29756e+19 1.70835e+19 1.08525e+19 5.35775e+18 1.53946e+18 1.82963e+16 3.68064e+14 8.6591e+12 2.03455e+11 4.77164e+09 1.06922e+08
9.80814e+07 4.37768e+09 1.86686e+11 7.9467e+12 3.37844e+14 1.67954e+16 1.41192e+18 4.91415e+18 9.95544e+18 1.56741e+19 2.10836e+19 2.52686e+19 2.75427e+19 2.75427e+19 2.52686e+19 2.10836e+19 1.56741e+19 9.95544e+18 4.91415e+18 1.41192e+18 1.67954e+16 3.37844e+14 7.9467e+12 1.86686e+11 4.37768e+09 9.80814e+07
8.17787e+07 3.65056e+09 1.55707e+11 6.62958e+12 2.81923e+14 1.40177e+16 1.17721e+18 4.09787e+18 8.30417e+18 1.30786e+19 1.75979e+19 2.10961e+19 2.29977e+19 2.29977e+19 2.10961e+19 1.75979e+19 1.30786e+19 8.30417e+18 4.09787e+18 1.17721e+18 1.40177e+16 2.81923e+14 6.62958e+12 1.55707e+11 3.65056e+09 8.17787e+07
6.06823e+07 2.7083e+09 1.15509e+11 4.91828e+12 2.0918e+14 1.04035e+16 8.73956e+17 3.04324e+18 6.16965e+18 9.72131e+18 1.30859e+19 1.56921e+19 1.71095e+19 1.71095e+19 1.56921e+19 1.30859e+19 9.72131e+18 6.16965e+18 3.04324e+18 8.73956e+17 1.04035e+16 2.0918e+14 4.91828e+12 1.15509e+11 2.7083e+09 6.06823e+07
3.84732e+07 1.71398e+09 7.29951e+10 3.10501e+12 1.31985e+14 6.56628e+15 5.53769e+17 1.92952e+18 3.91399e+18 6.17047e+18 8.30994e+18 9.96832e+18 1.08706e+19 1.08706e+19 9.96832e+18 8.30994e+18 6.17047e+18 3.91399e+18 1.92952e+18 5.53769e+17 6.56628e+15 1.31985e+14 3.10501e+12 7.29951e+10 1.71398e+09 3.84732e+07
1.92569e+07 8.50116e+08 3.59038e+10 1.51697e+12 6.41734e+13 3.18959e+15 2.72216e+17 9.49616e+17 1.92771e+18 3.04083e+18 4.09697e+18 4.91607e+18 5.36186e+18 5.36186e+18 4.91607e+18 4.09697e+18 3.04083e+18 1.92771e+18 9.49616e+17 2.72216e+17 3.18959e+15 6.41734e+13 1.51697e+12 3.59038e+10 8.50116e+08 1.92569e+07
6.49653e+06 2.74745e+08 1.10767e+10 4.46819e+11 1.81168e+13 8.77642e+14 7.74981e+16 2.71085e+17 5.50967e+17 8.69687e+17 1.17217e+18 1.40678e+18 1.53446e+18 1.53446e+18 1.40678e+18 1.17217e+18 8.69687e+17 5.50967e+17 2.71085e+17 7.74981e+16 8.77642e+14 1.81168e+13 4.46819e+11 1.10767e+10 2.74745e+08 6.49653e+06
1.11901e+06 3.90171e+07 1.19084e+09 3.16552e+10 6.3721e+11 9.44411e+12 8.13935e+14 2.95503e+15 6.08668e+15 9.65363e+15 1.30223e+16 1.5618e+16 1.70231e+16 1.70231e+16 1.5618e+16 1.30223e+16 9.65363e+15 6.08668e+15 2.95503e+15 8.13935e+14 9.44411e+12 6.3721e+11 3.16552e+10 1.19084e+09 3.90171e+07 1.11901e+06
121215 3.4483e+06 8.14811e+07 1.62269e+09 2.72901e+10 5.77171e+11 1.64193e+13 5.8221e+13 1.19878e+14 1.9023e+14 2.56692e+14 3.07902e+14 3.35621e+14 3.35621e+14 3.07902e+14 2.56692e+14 1.9023e+14 1.19878e+14 5.8221e+13 1.64193e+13 5.77171e+11 2.72901e+10 1.62269e+09 8.14811e+07 3.4483e+06 121215
9882.4 239183 4.79854e+06 8.64842e+07 1.52756e+09 2.86734e+10 4.04941e+11 1.37617e+12 2.81992e+12 4.4721e+12 6.03517e+12 7.24085e+12 7.894e+12 7.894e+12 7.24085e+12 6.03517e+12 4.4721e+12 2.81992e+12 1.37617e+12 4.04941e+11 2.86734e+10 1.52756e+09 8.64842e+07 4.79854e+06 239183 9882.4
680.469 14720.1 268886 4.59357e+06 7.50845e+07 1.07875e+09 1.00381e+10 3.25686e+10 6.62858e+10 1.05015e+11 1.4172e+11 1.70066e+11 1.85434e+11 1.85434e+11 1.70066e+11 1.4172e+11 1.05015e+11 6.62858e+10 3.25686e+10 1.00381e+10 1.07875e+09 7.50845e+07 4.59357e+06 268886 14720.1 680.469
42.014 838.735 14225.1 223577 3.15123e+06 3.53443e+07 2.48974e+08 7.7108e+08 1.55627e+09 2.46189e+09 3.32201e+09 3.98709e+09 4.34794e+09 4.34794e+09 3.98709e+09 3.32201e+09 2.46189e+09 1.55627e+09 7.7108e+08 2.48974e+08 3.53443e+07 3.15123e+06 223577 14225.1 838.735 42.014
2.18544 40.9094 643.543 9125.9 110360 1.01362e+06 5.88682e+06 1.7465e+07 3.4929e+07 5.5153e+07 7.44049e+07 8.93111e+07 9.7405e+07 9.7405e+07 8.93111e+07 7.44049e+07 5.5153e+07 3.4929e+07 1.7465e+07 5.88682e+06 1.01362e+06 110360 9125.9 643.543 40.9093 2.18544
