0.000337726 0.00634804 0.100921 1.45272 17.824 165.34 964.47 2864.94 5742.99 9106.42 12350.5 14897.1 16294.3 16294.3 14897.1 12350.5 9106.42 5742.99 2864.94 964.47 165.34 17.824 1.45272 0.100921 0.00634804 0.000337726
0.00642065 0.128064 2.1872 34.9404 502.419 5722.18 40587 125880 254683 404702 549209 662613 724833 724833 662613 549209 404702 254683 125880 40587 5722.18 502.419 34.9404 2.1872 0.128064 0.00642065
0.103366 2.21915 40.4676 699.733 11738.3 172923 1.62752e+06 5.28874e+06 1.0791e+07 1.71778e+07 2.33235e+07 2.81456e+07 3.07914e+07 3.07914e+07 2.81456e+07 2.33235e+07 1.71778e+07 1.0791e+07 5.28874e+06 1.62752e+06 172923 11738.3 699.733 40.4676 2.21915 0.103366
1.50412 35.9623 712.577 12800.6 231390 4.53193e+06 6.53202e+07 2.22336e+08 4.5674e+08 7.28004e+08 9.88859e+08 1.19354e+09 1.30585e+09 1.30585e+09 1.19354e+09 9.88859e+08 7.28004e+08 4.5674e+08 2.22336e+08 6.53202e+07 4.53193e+06 231390 12800.6 712.577 35.9623 1.50412
18.5985 522.766 12151.4 237046 3.94047e+06 8.87048e+07 2.63734e+09 9.36473e+09 1.93299e+10 3.08368e+10 4.18996e+10 5.0581e+10 5.53452e+10 5.53452e+10 5.05809e+10 4.18996e+10 3.08368e+10 1.93299e+10 9.36473e+09 2.63734e+09 8.87048e+07 3.94047e+06 237046 12151.4 522.766 18.5985
173.412 5995.16 180845 4.72369e+06 9.17521e+07 1.30107e+09 1.29364e+11 4.70329e+11 9.70861e+11 1.54759e+12 2.10172e+12 2.53644e+12 2.77499e+12 2.77499e+12 2.53644e+12 2.10172e+12 1.54759e+12 9.70861e+11 4.70329e+11 1.29364e+11 1.30107e+09 9.17521e+07 4.72369e+06 180845 5995.16 173.412
1014.88 42710.5 1.71279e+06 6.8749e+07 2.7762e+09 1.35442e+11 1.23239e+13 4.30464e+13 8.74043e+13 1.3808e+14 1.86511e+14 2.2438e+14 2.45121e+14 2.45121e+14 2.2438e+14 1.86511e+14 1.3808e+14 8.74043e+13 4.30464e+13 1.23239e+13 1.35442e+11 2.7762e+09 6.8749e+07 1.71279e+06 42710.5 1014.88
3016.78 132572 5.57084e+06 2.34237e+08 9.8678e+09 4.93054e+11 4.31755e+13 1.50409e+14 3.0507e+14 4.81658e+14 6.50361e+14 7.82244e+14 8.54471e+14 8.54471e+14 7.82245e+14 6.50361e+14 4.81658e+14 3.0507e+14 1.50409e+14 4.31755e+13 4.93054e+11 9.8678e+09 2.34237e+08 5.57084e+06 132572 3016.78
6046.01 268160 1.13639e+07 4.81066e+08 2.03628e+10 1.01761e+12 8.77378e+13 3.05325e+14 6.19019e+14 9.77105e+14 1.31916e+15 1.58654e+15 1.73296e+15 1.73296e+15 1.58654e+15 1.31916e+15 9.77105e+14 6.19019e+14 3.05325e+14 8.77378e+13 1.01761e+12 2.03628e+10 4.81066e+08 1.13639e+07 268160 6046.01
9581.27 425861 1.80784e+07 7.66284e+08 3.2463e+10 1.62116e+12 1.38627e+14 4.82143e+14 9.77279e+14 1.54241e+15 2.08221e+15 2.50414e+15 2.7352e+15 2.7352e+15 2.50414e+15 2.08221e+15 1.54241e+15 9.77279e+14 4.82143e+14 1.38627e+14 1.62116e+12 3.2463e+10 7.66284e+08 1.80784e+07 425861 9581.27
12985.7 577523 2.45288e+07 1.04009e+09 4.40757e+10 2.20007e+12 1.87227e+14 6.50953e+14 1.31927e+15 2.08202e+15 2.81053e+15 3.37996e+15 3.69179e+15 3.69179e+15 3.37996e+15 2.81053e+15 2.08202e+15 1.31927e+15 6.50953e+14 1.87227e+14 2.20007e+12 4.40757e+10 1.04009e+09 2.45288e+07 577523 12985.7
15654.4 696365 2.95822e+07 1.25459e+09 5.31739e+10 2.65354e+12 2.25198e+14 7.82825e+14 1.58642e+15 2.50352e+15 3.37943e+15 4.06406e+15 4.43897e+15 4.43897e+15 4.06406e+15 3.37943e+15 2.50352e+15 1.58642e+15 7.82825e+14 2.25198e+14 2.65354e+12 5.31739e+10 1.25459e+09 2.95822e+07 696365 15654.4
17117.1 761501 3.2352e+07 1.37216e+09 5.81612e+10 2.90209e+12 2.45984e+14 8.55006e+14 1.73264e+15 2.73422e+15 3.6908e+15 4.43849e+15 4.84792e+15 4.84792e+15 4.43848e+15 3.6908e+15 2.73422e+15 1.73264e+15 8.55006e+14 2.45984e+14 2.90209e+12 5.81612e+10 1.37216e+09 3.2352e+07 761501 17117.1
17117.1 761501 3.2352e+07 1.37216e+09 5.81612e+10 2.90209e+12 2.45984e+14 8.55006e+14 1.73264e+15 2.73422e+15 3.6908e+15 4.43848e+15 4.84792e+15 4.84792e+15 4.43849e+15 3.6908e+15 2.73422e+15 1.73264e+15 8.55006e+14 2.45984e+14 2.90209e+12 5.81612e+10 1.37216e+09 3.2352e+07 761501 17117.1
15654.4 696365 2.95822e+07 1.25459e+09 5.31739e+10 2.65354e+12 2.25198e+14 7.82825e+14 1.58642e+15 2.50352e+15 3.37943e+15 4.06406e+15 4.43897e+15 4.43897e+15 4.06406e+15 3.37943e+15 2.50352e+15 1.58642e+15 7.82825e+14 2.25198e+14 2.65354e+12 5.31739e+10 1.25459e+09 2.95822e+07 696365 15654.4
12985.7 577523 2.45288e+07 1.04009e+09 4.40757e+10 2.20007e+12 1.87227e+14 6.50953e+14 1.31927e+15 2.08202e+15 2.81053e+15 3.37996e+15 3.69179e+15 3.69179e+15 3.37996e+15 2.81053e+15 2.08202e+15 1.31927e+15 6.50953e+14 1.87227e+14 2.20007e+12 4.40757e+10 1.04009e+09 2.45288e+07 577523 12985.7
9581.27 425861 1.80784e+07 7.66284e+08 3.2463e+10 1.62116e+12 1.38627e+14 4.82143e+14 9.77279e+14 1.54241e+15 2.08221e+15 2.50414e+15 2.7352e+15 2.7352e+15 2.50414e+15 2.08221e+15 1.54241e+15 9.77279e+14 4.82143e+14 1.38627e+14 1.62116e+12 3.2463e+10 7.66284e+08 1.80784e+07 425861 9581.27
6046.01 268160 1.13639e+07 4.81066e+08 2.03628e+10 1.01761e+12 8.77378e+13 3.05325e+14 6.19019e+14 9.77105e+14 1.31916e+15 1.58654e+15 1.73296e+15 1.73296e+15 1.58654e+15 1.31916e+15 9.77105e+14 6.19019e+14 3.05325e+14 8.77378e+13 1.01761e+12 2.03628e+10 4.81066e+08 1.13639e+07 268160 6046.01
3016.78 132572 5.57084e+06 2.34237e+08 9.8678e+09 4.93054e+11 4.31755e+13 1.50409e+14 3.0507e+14 4.81658e+14 6.50361e+14 7.82245e+14 8.54471e+14 8.54471e+14 7.82244e+14 6.50361e+14 4.81658e+14 3.0507e+14 1.50409e+14 4.31755e+13 4.93054e+11 9.8678e+09 2.34237e+08 5.57084e+06 132572 3016.78
1014.88 42710.5 1.71279e+06 6.8749e+07 2.7762e+09 1.35442e+11 1.23239e+13 4.30464e+13 8.74043e+13 1.3808e+14 1.86511e+14 2.2438e+14 2.45121e+14 2.45121e+14 2.2438e+14 1.86511e+14 1.3808e+14 8.74043e+13 4.30464e+13 1.23239e+13 1.35442e+11 2.7762e+09 6.8749e+07 1.71279e+06 42710.5 1014.88
173.412 5995.16 180845 4.72369e+06 9.17521e+07 1.30107e+09 1.29364e+11 4.70329e+11 9.70861e+11 1.54759e+12 2.10172e+12 2.53644e+12 2.77499e+12 2.77499e+12 2.53644e+12 2.10172e+12 1.54759e+12 9.70861e+11 4.70329e+11 1.29364e+11 1.30107e+09 9.17521e+07 4.72369e+06 180845 5995.16 173.412
18.5985 522.766 12151.4 237046 3.94047e+06 8.87048e+07 2.63734e+09 9.36473e+09 1.93299e+10 3.08368e+10 4.18996e+10 5.05809e+10 5.53452e+10 5.53452e+10 5.0581e+10 4.18996e+10 3.08368e+10 1.93299e+10 9.36473e+09 2.63734e+09 8.87048e+07 3.94047e+06 237046 12151.4 522.766 18.5985
1.50412 35.9623 712.577 12800.6 231390 4.53193e+06 6.53202e+07 2.22336e+08 4.5674e+08 7.28004e+08 9.88859e+08 1.19354e+09 1.30585e+09 1.30585e+09 1.19354e+09 9.88859e+08 7.28004e+08 4.5674e+08 2.22336e+08 6.53202e+07 4.53193e+06 231390 12800.6 712.577 35.9623 1.50412
0.103366 2.21915 40.4676 699.733 11738.3 172923 1.62752e+06 5.28874e+06 1.0791e+07 1.71778e+07 2.33235e+07 2.81456e+07 3.07914e+07 3.07914e+07 2.81456e+07 2.33235e+07 1.71778e+07 1.0791e+07 5.28874e+06 1.62752e+06 172923 11738.3 699.733 40.4676 2.21915 0.103366
0.00642065 0.128064 2.1872 34.9404 502.419 5722.18 40587 125880 254683 404702 549209 662613 724833 724833 662613 549209 404702 254683 125880 40587 5722.18 502.419 34.9404 2.1872 0.128064 0.00642065
0.000337726 0.00634804 0.100921 1.45272 17.824 165.34 964.47 2864.94 5742.99 9106.42 12350.5 14897.1 16294.3 16294.3 14897.1 12350.5 9106.42 5742.99 2864.94 964.47 165.34 17.824 1.45272 0.100921 0.00634804 0.000337726
