1.04373e-07 1.9609e-06 3.11623e-05 0.000448453 0.00550121 0.0510232 0.297624 0.884376 1.77398 2.81551 3.82227 4.61423 5.04942 5.04942 4.61423 3.82227 2.81551 1.77398 0.884376 0.297624 0.0510232 0.00550121 0.000448453 3.11623e-05 1.9609e-06 1.04373e-07
1.9832e-06 3.9532e-05 0.000674828 0.010777 0.154938 1.76441 12.5142 38.824 78.6005 125.015 169.825 205.066 224.432 224.432 205.066 169.825 125.015 78.6005 38.824 12.5142 1.76441 0.154938 0.010777 0.000674828 3.9532e-05 1.9832e-06
3.19134e-05 0.000684632 0.0124764 0.215641 3.61689 53.2793 501.434 1629.88 3327.69 5302.14 7206.5 8704.1 9527.14 9527.14 8704.1 7206.5 5302.14 3327.69 1629.88 501.434 53.2793 3.61689 0.215641 0.0124764 0.000684632 3.19134e-05
0.000464249 0.0110906 0.219577 3.94187 71.2373 1395.36 20112.2 68474.5 140754 224561 305349 368887 403811 403811 368887 305349 224561 140754 68474.5 20112.2 1395.36 71.2373 3.94187 0.219577 0.0110906 0.000464249
0.00573951 0.161189 3.74353 72.9672 1212.11 27291.8 811639 2.88261e+06 5.95371e+06 9.50706e+06 1.29319e+07 1.56261e+07 1.71073e+07 1.71073e+07 1.56261e+07 1.29319e+07 9.50706e+06 5.95371e+06 2.88261e+06 811639 27291.8 1212.11 72.9672 3.74353 0.161189 0.00573951
0.0535116 1.84843 55.713 1454.11 28219.8 399733 3.9795e+07 1.44703e+08 2.98861e+08 4.76827e+08 6.48234e+08 7.8303e+08 8.57123e+08 8.57123e+08 7.8303e+08 6.48234e+08 4.76827e+08 2.98861e+08 1.44703e+08 3.9795e+07 399733 28219.8 1454.11 55.713 1.84843 0.0535116
0.313206 13.1696 527.714 21167.6 854324 4.16657e+07 3.79119e+09 1.32405e+10 2.68863e+10 4.24867e+10 5.74121e+10 6.90957e+10 7.55006e+10 7.55006e+10 6.90957e+10 5.74121e+10 4.24867e+10 2.68863e+10 1.32405e+10 3.79119e+09 4.16657e+07 854323 21167.6 527.714 13.1696 0.313206
0.931511 40.8983 1717.2 72153 3.03791e+06 1.51727e+08 1.32819e+10 4.62619e+10 9.38346e+10 1.48186e+11 2.00161e+11 2.40835e+11 2.63128e+11 2.63128e+11 2.40835e+11 2.00161e+11 1.48186e+11 9.38346e+10 4.62619e+10 1.32819e+10 1.51727e+08 3.03791e+06 72153 1717.2 40.8983 0.931511
1.8686 82.8031 3506.09 148320 6.2746e+06 3.13407e+08 2.69974e+10 9.39306e+10 1.90437e+11 3.00666e+11 4.06057e+11 4.88523e+11 5.33719e+11 5.33719e+11 4.88524e+11 4.06057e+11 3.00666e+11 1.90437e+11 9.39306e+10 2.69974e+10 3.13407e+08 6.2746e+06 148320 3506.09 82.8031 1.8686
2.96481 131.66 5584.66 236557 1.00162e+07 4.99907e+08 4.26785e+10 1.48396e+11 3.00787e+11 4.74819e+11 6.41198e+11 7.71377e+11 8.42719e+11 8.42719e+11 7.71377e+11 6.41198e+11 4.74819e+11 3.00787e+11 1.48396e+11 4.26785e+10 4.99907e+08 1.00162e+07 236557 5584.66 131.66 2.96481
4.0234 178.781 7587.42 321527 1.36187e+07 6.79357e+08 5.76775e+10 2.00471e+11 4.06274e+11 6.41284e+11 8.65944e+11 1.04172e+12 1.13804e+12 1.13804e+12 1.04172e+12 8.65944e+11 6.41284e+11 4.06274e+11 2.00471e+11 5.76775e+10 6.79357e+08 1.36187e+07 321527 7587.42 178.781 4.0234
4.8554 215.806 9160.93 388289 1.64498e+07 8.20346e+08 6.94152e+10 2.41211e+11 4.88793e+11 7.71495e+11 1.04174e+12 1.25317e+12 1.36903e+12 1.36903e+12 1.25317e+12 1.04174e+12 7.71495e+11 4.88793e+11 2.41211e+11 6.94152e+10 8.20346e+08 1.64498e+07 388289 9160.93 215.806 4.8554
5.31229 236.138 10025.1 424961 1.80052e+07 8.97792e+08 7.58479e+10 2.63535e+11 5.34007e+11 8.42838e+11 1.13805e+12 1.36902e+12 1.49559e+12 1.49559e+12 1.36902e+12 1.13805e+12 8.42838e+11 5.34007e+11 2.63535e+11 7.58479e+10 8.97792e+08 1.80052e+07 424961 10025.1 236.138 5.31229
5.31229 236.138 10025.1 424961 1.80052e+07 8.97792e+08 7.58479e+10 2.63535e+11 5.34007e+11 8.42838e+11 1.13805e+12 1.36902e+12 1.49559e+12 1.49559e+12 1.36902e+12 1.13805e+12 8.42838e+11 5.34007e+11 2.63535e+11 7.58479e+10 8.97792e+08 1.80052e+07 424961 10025.1 236.138 5.31229
4.8554 215.806 9160.93 388289 1.64498e+07 8.20346e+08 6.94152e+10 2.41211e+11 4.88793e+11 7.71495e+11 1.04174e+12 1.25317e+12 1.36903e+12 1.36903e+12 1.25317e+12 1.04174e+12 7.71495e+11 4.88793e+11 2.41211e+11 6.94152e+10 8.20346e+08 1.64498e+07 388289 9160.93 215.806 4.8554
4.0234 178.781 7587.42 321527 1.36187e+07 6.79357e+08 5.76775e+10 2.00471e+11 4.06274e+11 6.41284e+11 8.65944e+11 1.04172e+12 1.13804e+12 1.13804e+12 1.04172e+12 8.65944e+11 6.41284e+11 4.06274e+11 2.00471e+11 5.76775e+10 6.79357e+08 1.36187e+07 321527 7587.42 178.781 4.0234
2.96481 131.66 5584.66 236557 1.00162e+07 4.99907e+08 4.26785e+10 1.48396e+11 3.00787e+11 4.74819e+11 6.41198e+11 7.71377e+11 8.42719e+11 8.42719e+11 7.71377e+11 6.41198e+11 4.74819e+11 3.00787e+11 1.48396e+11 4.26785e+10 4.99907e+08 1.00162e+07 236557 5584.66 131.66 2.96481
1.8686 82.8031 3506.09 148320 6.2746e+06 3.13407e+08 2.69974e+10 9.39306e+10 1.90437e+11 3.00666e+11 4.06057e+11 4.88524e+11 5.33719e+11 5.33719e+11 4.88523e+11 4.06057e+11 3.00666e+11 1.90437e+11 9.39306e+10 2.69974e+10 3.13407e+08 6.2746e+06 148320 3506.09 82.8031 1.8686
0.931511 40.8983 1717.2 72153 3.03791e+06 1.51727e+08 1.32819e+10 4.62619e+10 9.38346e+10 1.48186e+11 2.00161e+11 2.40835e+11 2.63128e+11 2.63128e+11 2.40835e+11 2.00161e+11 1.48186e+11 9.38346e+10 4.62619e+10 1.32819e+10 1.51727e+08 3.03791e+06 72153 1717.2 40.8983 0.931511
0.313206 13.1696 527.714 21167.6 854323 4.16657e+07 3.79119e+09 1.32405e+10 2.68863e+10 4.24867e+10 5.74121e+10 6.90957e+10 7.55006e+10 7.55006e+10 6.90957e+10 5.74121e+10 4.24867e+10 2.68863e+10 1.32405e+10 3.79119e+09 4.16657e+07 854323 21167.6 527.714 13.1696 0.313206
0.0535116 1.84843 55.713 1454.11 28219.8 399733 3.9795e+07 1.44703e+08 2.98861e+08 4.76827e+08 6.48234e+08 7.8303e+08 8.57123e+08 8.57123e+08 7.8303e+08 6.48234e+08 4.76827e+08 2.98861e+08 1.44703e+08 3.9795e+07 399733 28219.8 1454.11 55.713 1.84843 0.0535116
0.00573951 0.161189 3.74353 72.9672 1212.11 27291.8 811639 2.88261e+06 5.95371e+06 9.50706e+06 1.29319e+07 1.56261e+07 1.71073e+07 1.71073e+07 1.56261e+07 1.29319e+07 9.50706e+06 5.95371e+06 2.88261e+06 811639 27291.8 1212.11 72.9672 3.74353 0.161189 0.00573951
0.000464249 0.0110906 0.219577 3.94187 71.2373 1395.36 20112.2 68474.5 140754 224561 305349 368887 403811 403811 368887 305349 224561 140754 68474.5 20112.2 1395.36 71.2373 3.94187 0.219577 0.0110906 0.000464249
3.19134e-05 0.000684632 0.0124764 0.215641 3.61689 53.2793 501.434 1629.88 3327.69 5302.14 7206.5 8704.1 9527.14 9527.14 8704.1 7206.5 5302.14 3327.69 1629.88 501.434 53.2793 3.61689 0.215641 0.0124764 0.000684632 3.19134e-05
1.9832e-06 3.9532e-05 0.000674828 0.010777 0.154938 1.76441 12.5142 38.824 78.6005 125.015 169.825 205.066 224.432 224.432 205.066 169.825 125.015 78.6005 38.824 12.5142 1.76441 0.154938 0.010777 0.000674828 3.9532e-05 1.9832e-06
1.04373e-07 1.9609e-06 3.11623e-05 0.000448453 0.00550121 0.0510232 0.297624 0.884376 1.77398 2.81551 3.82227 4.61423 5.04942 5.04942 4.61423 3.82227 2.81551 1.77398 0.884376 0.297624 0.0510232 0.00550121 0.000448453 3.11623e-05 1.9609e-06 1.04373e-07
