15.2039 281.255 4345.16 60268.6 712760 6.42276e+06 3.67285e+07 1.0726e+08 2.10702e+08 3.26636e+08 4.33464e+08 5.1394e+08 5.56845e+08 5.56845e+08 5.1394e+08 4.33464e+08 3.26636e+08 2.10702e+08 1.0726e+08 3.67285e+07 6.42276e+06 712760 60268.6 4345.16 281.255 15.2039
292.014 5784.59 96677.5 1.48614e+06 2.04135e+07 2.23801e+08 1.55002e+09 4.7228e+09 9.35514e+09 1.45167e+10 1.92541e+10 2.28133e+10 2.47079e+10 2.47079e+10 2.28133e+10 1.92541e+10 1.45167e+10 9.35514e+09 4.7228e+09 1.55002e+09 2.23801e+08 2.04135e+07 1.48614e+06 96677.5 5784.59 292.014
4701.96 101461 1.83914e+06 3.08613e+07 4.90051e+08 6.8365e+09 6.23777e+10 1.98981e+11 3.97105e+11 6.16519e+11 8.17114e+11 9.67418e+11 1.04729e+12 1.04729e+12 9.67418e+11 8.17114e+11 6.16519e+11 3.97105e+11 1.98981e+11 6.23777e+10 6.8365e+09 4.90051e+08 3.08613e+07 1.83914e+06 101461 4701.96
67488.8 1.63552e+06 3.28304e+07 5.88205e+08 1.01333e+10 1.82564e+11 2.51334e+12 8.39159e+12 1.68442e+13 2.6151e+13 3.46289e+13 4.09646e+13 4.43255e+13 4.43255e+13 4.09646e+13 3.46289e+13 2.6151e+13 1.68442e+13 8.39159e+12 2.51334e+12 1.82564e+11 1.01333e+10 5.88205e+08 3.28304e+07 1.63552e+06 67488.8
814494 2.32104e+07 5.50753e+08 1.1047e+10 1.85988e+11 3.73464e+12 1.01878e+14 3.54611e+14 7.14476e+14 1.10871e+15 1.46665e+15 1.73347e+15 1.87476e+15 1.87476e+15 1.73347e+15 1.46665e+15 1.10871e+15 7.14476e+14 3.54611e+14 1.01878e+14 3.73464e+12 1.85988e+11 1.1047e+10 5.50753e+08 2.32104e+07 814494
7.38569e+06 2.57471e+08 7.87224e+09 2.10595e+11 4.32261e+12 6.56672e+13 5.08585e+15 1.8114e+16 3.65009e+16 5.66097e+16 7.48702e+16 8.84906e+16 9.57076e+16 9.57076e+16 8.84906e+16 7.48702e+16 5.66097e+16 3.65009e+16 1.8114e+16 5.08585e+15 6.56672e+13 4.32261e+12 2.10595e+11 7.87224e+09 2.57471e+08 7.38569e+06
4.21351e+07 1.77783e+09 7.15305e+10 2.88151e+12 1.16774e+14 5.6178e+15 4.82819e+17 1.6672e+18 3.33618e+18 5.1828e+18 6.88812e+18 8.18178e+18 8.87581e+18 8.87581e+18 8.18178e+18 6.88812e+18 5.1828e+18 3.33618e+18 1.6672e+18 4.82819e+17 5.6178e+15 1.16774e+14 2.88151e+12 7.15305e+10 1.77783e+09 4.21351e+07
1.22844e+08 5.40718e+09 2.27738e+11 9.6011e+12 4.05586e+14 2.00268e+16 1.67487e+18 5.76921e+18 1.15292e+19 1.78941e+19 2.37663e+19 2.8218e+19 3.06054e+19 3.06054e+19 2.8218e+19 2.37663e+19 1.78941e+19 1.15292e+19 5.76921e+18 1.67487e+18 2.00268e+16 4.05586e+14 9.6011e+12 2.27738e+11 5.40718e+09 1.22844e+08
2.41023e+08 1.06975e+10 4.53916e+11 1.9247e+13 8.16099e+14 4.03241e+16 3.35282e+18 1.15339e+19 2.30176e+19 3.56758e+19 4.73259e+19 5.61402e+19 6.08608e+19 6.08608e+19 5.61402e+19 4.73259e+19 3.56758e+19 2.30176e+19 1.15339e+19 3.35282e+18 4.03241e+16 8.16099e+14 1.9247e+13 4.53916e+11 1.06975e+10 2.41023e+08
3.7326e+08 1.65824e+10 7.03967e+11 2.98485e+13 1.26498e+15 6.2463e+16 5.20378e+18 1.78854e+19 3.5644e+19 5.51631e+19 7.30767e+19 8.6597e+19 9.38265e+19 9.38265e+19 8.6597e+19 7.30767e+19 5.51631e+19 3.5644e+19 1.78854e+19 5.20378e+18 6.2463e+16 1.26498e+15 2.98485e+13 7.03967e+11 1.65824e+10 3.7326e+08
4.94918e+08 2.19747e+10 9.32177e+11 3.94884e+13 1.67177e+15 8.25068e+16 6.90674e+18 2.37238e+19 4.72229e+19 7.29829e+19 9.65605e+19 1.14315e+20 1.23794e+20 1.23794e+20 1.14315e+20 9.65605e+19 7.29829e+19 4.72229e+19 2.37238e+19 6.90674e+18 8.25068e+16 1.67177e+15 3.94884e+13 9.32177e+11 2.19747e+10 4.94918e+08
5.86438e+08 2.60203e+10 1.10292e+12 4.66814e+13 1.97451e+15 9.74161e+16 8.19408e+18 2.81346e+19 5.59532e+19 8.63865e+19 1.14184e+20 1.35078e+20 1.4622e+20 1.4622e+20 1.35078e+20 1.14184e+20 8.63865e+19 5.59532e+19 2.81346e+19 8.19408e+18 9.74161e+16 1.97451e+15 4.66814e+13 1.10292e+12 2.60203e+10 5.86438e+08
6.35186e+08 2.81715e+10 1.19355e+12 5.0493e+13 2.13465e+15 1.05301e+17 8.88302e+18 3.04943e+19 6.06177e+19 9.35363e+19 1.2357e+20 1.46124e+20 1.58143e+20 1.58143e+20 1.46124e+20 1.2357e+20 9.35363e+19 6.06177e+19 3.04943e+19 8.88302e+18 1.05301e+17 2.13465e+15 5.0493e+13 1.19355e+12 2.81715e+10 6.35186e+08
6.35186e+08 2.81715e+10 1.19355e+12 5.0493e+13 2.13465e+15 1.05301e+17 8.88302e+18 3.04943e+19 6.06177e+19 9.35363e+19 1.2357e+20 1.46124e+20 1.58143e+20 1.58143e+20 1.46124e+20 1.2357e+20 9.35363e+19 6.06177e+19 3.04943e+19 8.88302e+18 1.05301e+17 2.13465e+15 5.0493e+13 1.19355e+12 2.81715e+10 6.35186e+08
5.86438e+08 2.60203e+10 1.10292e+12 4.66814e+13 1.97451e+15 9.74161e+16 8.19408e+18 2.81346e+19 5.59532e+19 8.63865e+19 1.14184e+20 1.35078e+20 1.4622e+20 1.4622e+20 1.35078e+20 1.14184e+20 8.63865e+19 5.59532e+19 2.81346e+19 8.19408e+18 9.74161e+16 1.97451e+15 4.66814e+13 1.10292e+12 2.60203e+10 5.86438e+08
4.94918e+08 2.19747e+10 9.32177e+11 3.94884e+13 1.67177e+15 8.25068e+16 6.90674e+18 2.37238e+19 4.72229e+19 7.29829e+19 9.65605e+19 1.14315e+20 1.23794e+20 1.23794e+20 1.14315e+20 9.65605e+19 7.29829e+19 4.72229e+19 2.37238e+19 6.90674e+18 8.25068e+16 1.67177e+15 3.94884e+13 9.32177e+11 2.19747e+10 4.94918e+08
3.7326e+08 1.65824e+10 7.03967e+11 2.98485e+13 1.26498e+15 6.2463e+16 5.20378e+18 1.78854e+19 3.5644e+19 5.51631e+19 7.30767e+19 8.6597e+19 9.38265e+19 9.38265e+19 8.6597e+19 7.30767e+19 5.51631e+19 3.5644e+19 1.78854e+19 5.20378e+18 6.2463e+16 1.26498e+15 2.98485e+13 7.03967e+11 1.65824e+10 3.7326e+08
2.41023e+08 1.06975e+10 4.53916e+11 1.9247e+13 8.16099e+14 4.03241e+16 3.35282e+18 1.15339e+19 2.30176e+19 3.56758e+19 4.73259e+19 5.61402e+19 6.08608e+19 6.08608e+19 5.61402e+19 4.73259e+19 3.56758e+19 2.30176e+19 1.15339e+19 3.35282e+18 4.03241e+16 8.16099e+14 1.9247e+13 4.53916e+11 1.06975e+10 2.41023e+08
1.22844e+08 5.40718e+09 2.27738e+11 9.6011e+12 4.05586e+14 2.00268e+16 1.67487e+18 5.76921e+18 1.15292e+19 1.78941e+19 2.37663e+19 2.8218e+19 3.06054e+19 3.06054e+19 2.8218e+19 2.37663e+19 1.78941e+19 1.15292e+19 5.76921e+18 1.67487e+18 2.00268e+16 4.05586e+14 9.6011e+12 2.27738e+11 5.40718e+09 1.22844e+08
4.21351e+07 1.77783e+09 7.15305e+10 2.88151e+12 1.16774e+14 5.6178e+15 4.82819e+17 1.6672e+18 3.33618e+18 5.1828e+18 6.88812e+18 8.18178e+18 8.87581e+18 8.87581e+18 8.18178e+18 6.88812e+18 5.1828e+18 3.33618e+18 1.6672e+18 4.82819e+17 5.6178e+15 1.16774e+14 2.88151e+12 7.15305e+10 1.77783e+09 4.21351e+07
7.38569e+06 2.57471e+08 7.87224e+09 2.10595e+11 4.32261e+12 6.56672e+13 5.08585e+15 1.8114e+16 3.65009e+16 5.66097e+16 7.48702e+16 8.84906e+16 9.57076e+16 9.57076e+16 8.84906e+16 7.48702e+16 5.66097e+16 3.65009e+16 1.8114e+16 5.08585e+15 6.56672e+13 4.32261e+12 2.10595e+11 7.87224e+09 2.57471e+08 7.38569e+06
814494 2.32104e+07 5.50753e+08 1.1047e+10 1.85988e+11 3.73464e+12 1.01878e+14 3.54611e+14 7.14476e+14 1.10871e+15 1.46665e+15 1.73347e+15 1.87476e+15 1.87476e+15 1.73347e+15 1.46665e+15 1.10871e+15 7.14476e+14 3.54611e+14 1.01878e+14 3.73464e+12 1.85988e+11 1.1047e+10 5.50753e+08 2.32104e+07 814494
67488.8 1.63552e+06 3.28304e+07 5.88205e+08 1.01333e+10 1.82564e+11 2.51334e+12 8.39159e+12 1.68442e+13 2.6151e+13 3.46289e+13 4.09646e+13 4.43255e+13 4.43255e+13 4.09646e+13 3.46289e+13 2.6151e+13 1.68442e+13 8.39159e+12 2.51334e+12 1.82564e+11 1.01333e+10 5.88205e+08 3.28304e+07 1.63552e+06 67488.8
4701.96 101461 1.83914e+06 3.08613e+07 4.90051e+08 6.8365e+09 6.23777e+10 1.98981e+11 3.97105e+11 6.16519e+11 8.17114e+11 9.67418e+11 1.04729e+12 1.04729e+12 9.67418e+11 8.17114e+11 6.16519e+11 3.97105e+11 1.98981e+11 6.23777e+10 6.8365e+09 4.90051e+08 3.08613e+07 1.83914e+06 101461 4701.96
292.014 5784.59 96677.5 1.48614e+06 2.04135e+07 2.23801e+08 1.55002e+09 4.7228e+09 9.35514e+09 1.45167e+10 1.92541e+10 2.28133e+10 2.47079e+10 2.47079e+10 2.28133e+10 1.92541e+10 1.45167e+10 9.35514e+09 4.7228e+09 1.55002e+09 2.23801e+08 2.04135e+07 1.48614e+06 96677.5 5784.59 292.014
15.2039 281.255 4345.16 60268.6 712760 6.42276e+06 3.67285e+07 1.0726e+08 2.10702e+08 3.26636e+08 4.33464e+08 5.1394e+08 5.56845e+08 5.56845e+08 5.1394e+08 4.33464e+08 3.26636e+08 2.10702e+08 1.0726e+08 3.67285e+07 6.42276e+06 712760 60268.6 4345.16 281.255 15.2039
