2.7355e-05 0.000512701 0.00811693 0.116278 1.42016 13.1253 76.3492 226.195 452.112 714.81 966.973 1164.15 1272.07 1272.07 1164.15 966.973 714.81 452.112 226.195 76.3492 13.1253 1.42016 0.116278 0.00811693 0.000512701 2.7355e-05
0.00052013 0.0103535 0.176195 2.80035 40.0456 454.032 3210.37 9929.51 20028.5 31729.2 42943.5 51708.5 56505 56505 51708.5 42943.5 31729.2 20028.5 9929.51 3210.37 454.032 40.0456 2.80035 0.176195 0.0103535 0.00052013
0.0083658 0.179465 3.26605 56.2249 937.011 13720.1 128655 416872 847866 1.34536e+06 1.82158e+06 2.19366e+06 2.39727e+06 2.39727e+06 2.19366e+06 1.82158e+06 1.34536e+06 847866 416872 128655 13720.1 937.011 56.2249 3.26605 0.179465 0.0083658
0.12145 2.90417 57.5454 1032.04 18540.4 359874 5.16152e+06 1.7516e+07 3.58625e+07 5.69703e+07 7.71575e+07 9.29281e+07 1.01558e+08 1.01558e+08 9.29281e+07 7.71575e+07 5.69703e+07 3.58625e+07 1.7516e+07 5.16152e+06 359874 18540.4 1032.04 57.5454 2.90417 0.12145
1.49668 42.0772 978.939 19129.3 317997 7.0679e+06 2.08368e+08 7.37553e+08 1.51706e+09 2.41168e+09 3.2669e+09 3.935e+09 4.30058e+09 4.30058e+09 3.935e+09 3.2669e+09 2.41168e+09 1.51706e+09 7.37553e+08 2.08368e+08 7.0679e+06 317997 19129.3 978.939 42.0772 1.49668
13.9039 480.54 14499.4 379274 7.40263e+06 1.05617e+08 1.02352e+10 3.70894e+10 7.62881e+10 1.21178e+11 1.64065e+11 1.97561e+11 2.15888e+11 2.15888e+11 1.97561e+11 1.64065e+11 1.21178e+11 7.62881e+10 3.70894e+10 1.02352e+10 1.05617e+08 7.40263e+06 379274 14499.4 480.54 13.9039
81.0958 3410.05 136663 5.48318e+06 2.21379e+08 1.07825e+10 9.75201e+11 3.39897e+12 6.88472e+12 1.08501e+13 1.4625e+13 1.75675e+13 1.91759e+13 1.91759e+13 1.75675e+13 1.4625e+13 1.08501e+13 6.88472e+12 3.39897e+12 9.75201e+11 1.07825e+10 2.21379e+08 5.48318e+06 136663 3410.05 81.0958
240.373 10553 443099 1.86203e+07 7.84156e+08 3.91228e+10 3.41003e+12 1.18556e+13 2.39904e+13 3.77889e+13 5.09214e+13 6.11569e+13 6.67517e+13 6.67517e+13 6.11569e+13 5.09214e+13 3.77889e+13 2.39904e+13 1.18556e+13 3.41003e+12 3.91228e+10 7.84156e+08 1.86203e+07 443099 10553 240.373
480.311 21279.8 900931 3.81112e+07 1.61236e+09 8.04587e+10 6.91317e+12 2.40119e+13 4.85718e+13 7.64942e+13 1.03067e+14 1.23777e+14 1.35097e+14 1.35097e+14 1.23777e+14 1.03067e+14 7.64942e+13 4.85718e+13 2.40119e+13 6.91317e+12 8.04587e+10 1.61236e+09 3.81112e+07 900931 21279.8 480.311
758.952 33691.2 1.42868e+06 6.05036e+07 2.56149e+09 1.27732e+11 1.08968e+13 3.783e+13 7.65093e+13 1.20481e+14 1.62325e+14 1.94937e+14 2.12762e+14 2.12762e+14 1.94937e+14 1.62325e+14 1.20481e+14 7.65093e+13 3.783e+13 1.08968e+13 1.27732e+11 2.56149e+09 6.05036e+07 1.42868e+06 33691.2 758.952
1026.03 45569 1.93307e+06 8.18854e+07 3.46732e+09 1.72827e+11 1.46863e+13 5.09724e+13 1.03079e+14 1.62312e+14 2.18679e+14 2.62608e+14 2.86619e+14 2.86619e+14 2.62608e+14 2.18679e+14 1.62312e+14 1.03079e+14 5.09724e+13 1.46863e+13 1.72827e+11 3.46732e+09 8.18854e+07 1.93307e+06 45569 1026.03
1234.6 54839.9 2.32661e+06 9.8565e+07 4.1739e+09 2.07995e+11 1.7638e+13 6.12084e+13 1.23772e+14 1.94892e+14 2.62568e+14 3.15311e+14 3.4414e+14 3.4414e+14 3.15311e+14 2.62568e+14 1.94892e+14 1.23772e+14 6.12084e+13 1.7638e+13 2.07995e+11 4.1739e+09 9.8565e+07 2.32661e+06 54839.9 1234.6
1348.64 59908.3 2.54175e+06 1.07683e+08 4.56014e+09 2.27218e+11 1.92506e+13 6.68005e+13 1.35077e+14 2.1269e+14 2.86545e+14 3.44104e+14 3.75564e+14 3.75564e+14 3.44104e+14 2.86545e+14 2.1269e+14 1.35077e+14 6.68005e+13 1.92506e+13 2.27218e+11 4.56014e+09 1.07683e+08 2.54175e+06 59908.3 1348.64
1348.64 59908.3 2.54175e+06 1.07683e+08 4.56014e+09 2.27218e+11 1.92506e+13 6.68005e+13 1.35077e+14 2.1269e+14 2.86545e+14 3.44104e+14 3.75564e+14 3.75564e+14 3.44104e+14 2.86545e+14 2.1269e+14 1.35077e+14 6.68005e+13 1.92506e+13 2.27218e+11 4.56014e+09 1.07683e+08 2.54175e+06 59908.3 1348.64
1234.6 54839.9 2.32661e+06 9.8565e+07 4.1739e+09 2.07995e+11 1.7638e+13 6.12084e+13 1.23772e+14 1.94892e+14 2.62568e+14 3.15311e+14 3.4414e+14 3.4414e+14 3.15311e+14 2.62568e+14 1.94892e+14 1.23772e+14 6.12084e+13 1.7638e+13 2.07995e+11 4.1739e+09 9.8565e+07 2.32661e+06 54839.9 1234.6
1026.03 45569 1.93307e+06 8.18854e+07 3.46732e+09 1.72827e+11 1.46863e+13 5.09724e+13 1.03079e+14 1.62312e+14 2.18679e+14 2.62608e+14 2.86619e+14 2.86619e+14 2.62608e+14 2.18679e+14 1.62312e+14 1.03079e+14 5.09724e+13 1.46863e+13 1.72827e+11 3.46732e+09 8.18854e+07 1.93307e+06 45569 1026.03
758.952 33691.2 1.42868e+06 6.05036e+07 2.56149e+09 1.27732e+11 1.08968e+13 3.783e+13 7.65093e+13 1.20481e+14 1.62325e+14 1.94937e+14 2.12762e+14 2.12762e+14 1.94937e+14 1.62325e+14 1.20481e+14 7.65093e+13 3.783e+13 1.08968e+13 1.27732e+11 2.56149e+09 6.05036e+07 1.42868e+06 33691.2 758.952
480.311 21279.8 900931 3.81112e+07 1.61236e+09 8.04587e+10 6.91317e+12 2.40119e+13 4.85718e+13 7.64942e+13 1.03067e+14 1.23777e+14 1.35097e+14 1.35097e+14 1.23777e+14 1.03067e+14 7.64942e+13 4.85718e+13 2.40119e+13 6.91317e+12 8.04587e+10 1.61236e+09 3.81112e+07 900931 21279.8 480.311
240.373 10553 443099 1.86203e+07 7.84156e+08 3.91228e+10 3.41003e+12 1.18556e+13 2.39904e+13 3.77889e+13 5.09214e+13 6.11569e+13 6.67517e+13 6.67517e+13 6.11569e+13 5.09214e+13 3.77889e+13 2.39904e+13 1.18556e+13 3.41003e+12 3.91228e+10 7.84156e+08 1.86203e+07 443099 10553 240.373
81.0958 3410.05 136663 5.48318e+06 2.21379e+08 1.07825e+10 9.75201e+11 3.39897e+12 6.88472e+12 1.08501e+13 1.4625e+13 1.75675e+13 1.91759e+13 1.91759e+13 1.75675e+13 1.4625e+13 1.08501e+13 6.88472e+12 3.39897e+12 9.75201e+11 1.07825e+10 2.21379e+08 5.48318e+06 136663 3410.05 81.0958
13.9039 480.54 14499.4 379274 7.40263e+06 1.05617e+08 1.02352e+10 3.70894e+10 7.62881e+10 1.21178e+11 1.64065e+11 1.97561e+11 2.15888e+11 2.15888e+11 1.97561e+11 1.64065e+11 1.21178e+11 7.62881e+10 3.70894e+10 1.02352e+10 1.05617e+08 7.40263e+06 379274 14499.4 480.54 13.9039
1.49668 42.0772 978.939 19129.3 317997 7.0679e+06 2.08368e+08 7.37553e+08 1.51706e+09 2.41168e+09 3.2669e+09 3.935e+09 4.30058e+09 4.30058e+09 3.935e+09 3.2669e+09 2.41168e+09 1.51706e+09 7.37553e+08 2.08368e+08 7.0679e+06 317997 19129.3 978.939 42.0772 1.49668
0.12145 2.90417 57.5454 1032.04 18540.4 359874 5.16152e+06 1.7516e+07 3.58625e+07 5.69703e+07 7.71575e+07 9.29281e+07 1.01558e+08 1.01558e+08 9.29281e+07 7.71575e+07 5.69703e+07 3.58625e+07 1.7516e+07 5.16152e+06 359874 18540.4 1032.04 57.5454 2.90417 0.12145
0.0083658 0.179465 3.26605 56.2249 937.011 13720.1 128655 416872 847866 1.34536e+06 1.82158e+06 2.19366e+06 2.39727e+06 2.39727e+06 2.19366e+06 1.82158e+06 1.34536e+06 847866 416872 128655 13720.1 937.011 56.2249 3.26605 0.179465 0.0083658
0.00052013 0.0103535 0.176195 2.80035 40.0456 454.032 3210.37 9929.51 20028.5 31729.2 42943.5 51708.5 56505 56505 51708.5 42943.5 31729.2 20028.5 9929.51 3210.37 454.032 40.0456 2.80035 0.176195 0.0103535 0.00052013
2.7355e-05 0.000512701 0.00811693 0.116278 1.42016 13.1253 76.3492 226.195 452.112 714.81 966.973 1164.15 1272.07 1272.07 1164.15 966.973 714.81 452.112 226.195 76.3492 13.1253 1.42016 0.116278 0.00811693 0.000512701 2.7355e-05
