0.0176904 0.335384 5.37892 78.073 965.536 9026.32 53074 159095 321983 515016 703308 852271 934362 934362 852271 703308 515016 321983 159095 53074 9026.32 965.536 78.073 5.37892 0.335384 0.0176904
0.339155 6.82792 117.699 1896.33 27485.5 315428 2.25475e+06 7.0603e+06 1.44313e+07 2.31453e+07 3.16389e+07 3.83581e+07 4.20612e+07 4.20612e+07 3.83581e+07 3.16389e+07 2.31453e+07 1.44313e+07 7.0603e+06 2.25475e+06 315428 27485.5 1896.33 117.699 6.82792 0.339155
5.50698 119.387 2197.77 38326 647891 9.61259e+06 9.11224e+07 2.99102e+08 6.16969e+08 9.91807e+08 1.35697e+09 1.64585e+09 1.80507e+09 1.80507e+09 1.64585e+09 1.35697e+09 9.91807e+08 6.16969e+08 2.99102e+08 9.11224e+07 9.61259e+06 647891 38326 2197.77 119.387 5.50698
80.7859 1950.79 39016.7 706640 1.2866e+07 2.53607e+08 3.67784e+09 1.26521e+10 2.62938e+10 4.23455e+10 5.79788e+10 7.03483e+10 7.71667e+10 7.71667e+10 7.03483e+10 5.79788e+10 4.23455e+10 2.62938e+10 1.26521e+10 3.67784e+09 2.53607e+08 1.2866e+07 706640 39016.7 1950.79 80.7859
1006.73 28578.1 670263 1.31746e+07 2.20418e+08 4.98909e+09 1.49012e+11 5.35127e+11 1.11823e+12 1.80335e+12 2.47067e+12 2.99878e+12 3.28991e+12 3.28991e+12 2.99878e+12 2.47067e+12 1.80335e+12 1.11823e+12 5.35127e+11 1.49012e+11 4.98909e+09 2.20418e+08 1.31746e+07 670263 28578.1 1006.73
9458.93 330195 1.00445e+07 2.64128e+08 5.15709e+09 7.34338e+10 7.3188e+12 2.69248e+13 5.6288e+13 9.07242e+13 1.24246e+14 1.50767e+14 1.65385e+14 1.65385e+14 1.50767e+14 1.24246e+14 9.07242e+13 5.6288e+13 2.69248e+13 7.3188e+12 7.34338e+10 5.15709e+09 2.64128e+08 1.00445e+07 330195 9458.93
55797.3 2.37051e+06 9.58044e+07 3.86704e+09 1.56694e+11 7.65439e+12 6.98065e+14 2.46025e+15 5.04575e+15 8.04382e+15 1.09427e+16 1.32277e+16 1.44849e+16 1.44849e+16 1.32277e+16 1.09427e+16 8.04382e+15 5.04575e+15 2.46025e+15 6.98065e+14 7.65439e+12 1.56694e+11 3.86704e+09 9.58044e+07 2.37051e+06 55797.3
167378 7.42897e+06 3.14769e+08 1.3317e+10 5.63343e+11 2.81995e+13 2.46806e+15 8.67077e+15 1.77571e+16 2.82837e+16 3.84567e+16 4.64729e+16 5.0883e+16 5.0883e+16 4.64729e+16 3.84567e+16 2.82837e+16 1.77571e+16 8.67077e+15 2.46806e+15 2.81995e+13 5.63343e+11 1.3317e+10 3.14769e+08 7.42897e+06 167378
338672 1.51816e+07 6.4915e+08 2.76699e+10 1.17695e+12 5.89493e+13 5.0668e+15 1.77752e+16 3.63775e+16 5.79181e+16 7.87294e+16 9.51258e+16 1.04146e+17 1.04146e+17 9.51258e+16 7.87294e+16 5.79181e+16 3.63775e+16 1.77752e+16 5.0668e+15 5.89493e+13 1.17695e+12 2.76699e+10 6.4915e+08 1.51816e+07 338672
541368 2.43329e+07 1.04285e+09 4.45316e+10 1.89674e+12 9.49574e+13 8.07932e+15 2.83202e+16 5.79344e+16 9.22151e+16 1.25328e+17 1.51413e+17 1.65761e+17 1.65761e+17 1.51413e+17 1.25328e+17 9.22151e+16 5.79344e+16 2.83202e+16 8.07932e+15 9.49574e+13 1.89674e+12 4.45316e+10 1.04285e+09 2.43329e+07 541368
738736 3.32365e+07 1.42566e+09 6.09217e+10 2.59642e+12 1.29942e+14 1.09898e+16 3.85033e+16 7.87461e+16 1.2532e+17 1.703e+17 2.05729e+17 2.25217e+17 2.25217e+17 2.05729e+17 1.703e+17 1.2532e+17 7.87461e+16 3.85033e+16 1.09898e+16 1.29942e+14 2.59642e+12 6.09217e+10 1.42566e+09 3.32365e+07 738736
894616 4.02678e+07 1.72796e+09 7.38657e+10 3.14905e+12 1.57566e+14 1.32817e+16 4.65203e+16 9.51286e+16 1.51376e+17 2.05692e+17 2.48473e+17 2.72003e+17 2.72003e+17 2.48473e+17 2.05692e+17 1.51376e+17 9.51286e+16 4.65203e+16 1.32817e+16 1.57566e+14 3.14905e+12 7.38657e+10 1.72796e+09 4.02678e+07 894616
980416 4.4138e+07 1.89437e+09 8.09912e+10 3.45328e+12 1.72772e+14 1.45418e+16 5.09277e+16 1.04134e+17 1.65699e+17 2.25147e+17 2.71967e+17 2.97719e+17 2.97719e+17 2.71967e+17 2.25147e+17 1.65699e+17 1.04134e+17 5.09277e+16 1.45418e+16 1.72772e+14 3.45328e+12 8.09912e+10 1.89437e+09 4.4138e+07 980416
980416 4.4138e+07 1.89437e+09 8.09912e+10 3.45328e+12 1.72772e+14 1.45418e+16 5.09277e+16 1.04134e+17 1.65699e+17 2.25147e+17 2.71967e+17 2.97719e+17 2.97719e+17 2.71967e+17 2.25147e+17 1.65699e+17 1.04134e+17 5.09277e+16 1.45418e+16 1.72772e+14 3.45328e+12 8.09912e+10 1.89437e+09 4.4138e+07 980416
894616 4.02678e+07 1.72796e+09 7.38657e+10 3.14905e+12 1.57566e+14 1.32817e+16 4.65203e+16 9.51286e+16 1.51376e+17 2.05692e+17 2.48473e+17 2.72003e+17 2.72003e+17 2.48473e+17 2.05692e+17 1.51376e+17 9.51286e+16 4.65203e+16 1.32817e+16 1.57566e+14 3.14905e+12 7.38657e+10 1.72796e+09 4.02678e+07 894616
738736 3.32365e+07 1.42566e+09 6.09217e+10 2.59642e+12 1.29942e+14 1.09898e+16 3.85033e+16 7.87461e+16 1.2532e+17 1.703e+17 2.05729e+17 2.25217e+17 2.25217e+17 2.05729e+17 1.703e+17 1.2532e+17 7.87461e+16 3.85033e+16 1.09898e+16 1.29942e+14 2.59642e+12 6.09217e+10 1.42566e+09 3.32365e+07 738736
541368 2.43329e+07 1.04285e+09 4.45316e+10 1.89674e+12 9.49574e+13 8.07932e+15 2.83202e+16 5.79344e+16 9.22151e+16 1.25328e+17 1.51413e+17 1.65761e+17 1.65761e+17 1.51413e+17 1.25328e+17 9.22151e+16 5.79344e+16 2.83202e+16 8.07932e+15 9.49574e+13 1.89674e+12 4.45316e+10 1.04285e+09 2.43329e+07 541368
338672 1.51816e+07 6.4915e+08 2.76699e+10 1.17695e+12 5.89493e+13 5.0668e+15 1.77752e+16 3.63775e+16 5.79181e+16 7.87294e+16 9.51258e+16 1.04146e+17 1.04146e+17 9.51258e+16 7.87294e+16 5.79181e+16 3.63775e+16 1.77752e+16 5.0668e+15 5.89493e+13 1.17695e+12 2.76699e+10 6.4915e+08 1.51816e+07 338672
167378 7.42897e+06 3.14769e+08 1.3317e+10 5.63343e+11 2.81995e+13 2.46806e+15 8.67077e+15 1.77571e+16 2.82837e+16 3.84567e+16 4.64729e+16 5.0883e+16 5.0883e+16 4.64729e+16 3.84567e+16 2.82837e+16 1.77571e+16 8.67077e+15 2.46806e+15 2.81995e+13 5.63343e+11 1.3317e+10 3.14769e+08 7.42897e+06 167378
55797.3 2.37051e+06 9.58044e+07 3.86704e+09 1.56694e+11 7.65439e+12 6.98065e+14 2.46025e+15 5.04575e+15 8.04382e+15 1.09427e+16 1.32277e+16 1.44849e+16 1.44849e+16 1.32277e+16 1.09427e+16 8.04382e+15 5.04575e+15 2.46025e+15 6.98065e+14 7.65439e+12 1.56694e+11 3.86704e+09 9.58044e+07 2.37051e+06 55797.3
9458.93 330195 1.00445e+07 2.64128e+08 5.15709e+09 7.34338e+10 7.3188e+12 2.69248e+13 5.6288e+13 9.07242e+13 1.24246e+14 1.50767e+14 1.65385e+14 1.65385e+14 1.50767e+14 1.24246e+14 9.07242e+13 5.6288e+13 2.69248e+13 7.3188e+12 7.34338e+10 5.15709e+09 2.64128e+08 1.00445e+07 330195 9458.93
1006.73 28578.1 670263 1.31746e+07 2.20418e+08 4.98909e+09 1.49012e+11 5.35127e+11 1.11823e+12 1.80335e+12 2.47067e+12 2.99878e+12 3.28991e+12 3.28991e+12 2.99878e+12 2.47067e+12 1.80335e+12 1.11823e+12 5.35127e+11 1.49012e+11 4.98909e+09 2.20418e+08 1.31746e+07 670263 28578.1 1006.73
80.7859 1950.79 39016.7 706640 1.2866e+07 2.53607e+08 3.67784e+09 1.26521e+10 2.62938e+10 4.23455e+10 5.79788e+10 7.03483e+10 7.71667e+10 7.71667e+10 7.03483e+10 5.79788e+10 4.23455e+10 2.62938e+10 1.26521e+10 3.67784e+09 2.53607e+08 1.2866e+07 706640 39016.7 1950.79 80.7859
5.50698 119.387 2197.77 38326 647891 9.61259e+06 9.11224e+07 2.99102e+08 6.16969e+08 9.91807e+08 1.35697e+09 1.64585e+09 1.80507e+09 1.80507e+09 1.64585e+09 1.35697e+09 9.91807e+08 6.16969e+08 2.99102e+08 9.11224e+07 9.61259e+06 647891 38326 2197.77 119.387 5.50698
0.339155 6.82792 117.699 1896.33 27485.5 315428 2.25475e+06 7.0603e+06 1.44313e+07 2.31453e+07 3.16389e+07 3.83581e+07 4.20612e+07 4.20612e+07 3.83581e+07 3.16389e+07 2.31453e+07 1.44313e+07 7.0603e+06 2.25475e+06 315428 27485.5 1896.33 117.699 6.82792 0.339155
0.0176904 0.335384 5.37892 78.073 965.536 9026.32 53074 159095 321983 515016 703308 852271 934362 934362 852271 703308 515016 321983 159095 53074 9026.32 965.536 78.073 5.37892 0.335384 0.0176904
