0.277187 5.24121 83.6353 1205.96 14815.3 137696 805213 2.3955e+06 4.80099e+06 7.5971e+06 1.02703e+07 1.23484e+07 1.34801e+07 1.34801e+07 1.23484e+07 1.02703e+07 7.5971e+06 4.80099e+06 2.3955e+06 805213 137696 14815.3 1205.96 83.6353 5.24121 0.277187
5.32234 107.068 1838.76 29426.3 423119 4.8219e+06 3.42691e+07 1.06476e+08 2.15444e+08 3.41688e+08 4.62184e+08 5.55783e+08 6.06732e+08 6.06732e+08 5.55783e+08 4.62184e+08 3.41688e+08 2.15444e+08 1.06476e+08 3.42691e+07 4.8219e+06 423119 29426.3 1838.76 107.068 5.32234
86.3731 1875.25 34486.7 598175 1.00175e+07 1.47259e+08 1.38697e+09 4.51627e+09 9.21826e+09 1.46468e+10 1.98203e+10 2.38359e+10 2.60208e+10 2.60208e+10 2.38359e+10 1.98203e+10 1.46468e+10 9.21826e+09 4.51627e+09 1.38697e+09 1.47259e+08 1.00175e+07 598175 34486.7 1875.25 86.3731
1263.09 30591.6 613234 1.10972e+07 2.00357e+08 3.8964e+09 5.60521e+10 1.91235e+11 3.93093e+11 6.254e+11 8.46524e+11 1.01804e+12 1.11131e+12 1.11131e+12 1.01804e+12 8.46524e+11 6.254e+11 3.93093e+11 1.91235e+11 5.60521e+10 3.8964e+09 2.00357e+08 1.10972e+07 613234 30591.6 1263.09
15660.8 445947 1.04969e+07 2.07219e+08 3.47211e+09 7.71476e+10 2.27399e+12 8.0965e+12 1.67267e+13 2.66344e+13 3.60564e+13 4.33596e+13 4.73294e+13 4.73294e+13 4.33596e+13 3.60564e+13 2.66344e+13 1.67267e+13 8.0965e+12 2.27399e+12 7.71476e+10 3.47211e+09 2.07219e+08 1.04969e+07 445947 15660.8
146269 5.11834e+06 1.56117e+08 4.12126e+09 8.11722e+10 1.16885e+12 1.1207e+14 4.08743e+14 8.44856e+14 1.34467e+15 1.81982e+15 2.18811e+15 2.38829e+15 2.38829e+15 2.18811e+15 1.81982e+15 1.34467e+15 8.44856e+14 4.08743e+14 1.1207e+14 1.16885e+12 8.11722e+10 4.12126e+09 1.56117e+08 5.11834e+06 146269
857171 3.64829e+07 1.47669e+09 5.96848e+10 2.42173e+12 1.18183e+14 1.06863e+16 3.74682e+16 7.63038e+16 1.20687e+17 1.6297e+17 1.95874e+17 2.13824e+17 2.13824e+17 1.95874e+17 1.6297e+17 1.20687e+17 7.63038e+16 3.74682e+16 1.06863e+16 1.18183e+14 2.42173e+12 5.96848e+10 1.47669e+09 3.64829e+07 857171
2.55012e+06 1.13364e+08 4.8092e+09 2.03672e+11 8.6246e+12 4.31471e+14 3.75873e+16 1.3142e+17 2.67324e+17 4.22571e+17 5.70455e+17 6.8555e+17 7.48344e+17 7.48344e+17 6.8555e+17 5.70455e+17 4.22571e+17 2.67324e+17 1.3142e+17 3.75873e+16 4.31471e+14 8.6246e+12 2.03672e+11 4.8092e+09 1.13364e+08 2.55012e+06
5.10666e+06 2.2919e+08 9.80775e+09 4.18291e+11 1.78017e+13 8.9126e+14 7.65903e+16 2.67485e+17 5.43784e+17 8.5926e+17 1.15969e+18 1.39346e+18 1.52099e+18 1.52099e+18 1.39346e+18 1.15969e+18 8.5926e+17 5.43784e+17 2.67485e+17 7.65903e+16 8.9126e+14 1.78017e+13 4.18291e+11 9.80775e+09 2.2919e+08 5.10666e+06
8.07105e+06 3.63037e+08 1.55634e+10 6.6461e+11 2.83073e+13 1.41677e+15 1.211e+17 4.22702e+17 8.5902e+17 1.35698e+18 1.83102e+18 2.19979e+18 2.40094e+18 2.40094e+18 2.19979e+18 1.83102e+18 1.35698e+18 8.5902e+17 4.22702e+17 1.211e+17 1.41677e+15 2.83073e+13 6.6461e+11 1.55634e+10 3.63037e+08 8.07105e+06
1.08971e+07 4.90417e+08 2.10321e+10 8.98331e+11 3.82653e+13 1.91473e+15 1.63415e+17 5.70267e+17 1.15864e+18 1.82988e+18 2.46865e+18 2.96544e+18 3.23637e+18 3.23637e+18 2.96544e+18 2.46865e+18 1.82988e+18 1.15864e+18 5.70267e+17 1.63415e+17 1.91473e+15 3.82653e+13 8.98331e+11 2.10321e+10 4.90417e+08 1.08971e+07
1.30884e+07 5.89094e+08 2.52648e+10 1.07908e+12 4.59601e+13 2.29948e+15 1.96277e+17 6.84885e+17 1.39133e+18 2.19705e+18 2.9636e+18 3.55964e+18 3.88464e+18 3.88464e+18 3.55964e+18 2.9636e+18 2.19705e+18 1.39133e+18 6.84885e+17 1.96277e+17 2.29948e+15 4.59601e+13 1.07908e+12 2.52648e+10 5.89094e+08 1.30884e+07
1.42795e+07 6.42702e+08 2.7563e+10 1.17716e+12 5.01334e+13 2.50816e+15 2.14176e+17 7.47327e+17 1.51808e+18 2.39704e+18 3.23314e+18 3.88318e+18 4.2376e+18 4.2376e+18 3.88318e+18 3.23314e+18 2.39704e+18 1.51808e+18 7.47327e+17 2.14176e+17 2.50816e+15 5.01334e+13 1.17716e+12 2.7563e+10 6.42702e+08 1.42795e+07
1.42795e+07 6.42702e+08 2.7563e+10 1.17716e+12 5.01334e+13 2.50816e+15 2.14176e+17 7.47327e+17 1.51808e+18 2.39704e+18 3.23314e+18 3.88318e+18 4.2376e+18 4.2376e+18 3.88318e+18 3.23314e+18 2.39704e+18 1.51808e+18 7.47327e+17 2.14176e+17 2.50816e+15 5.01334e+13 1.17716e+12 2.7563e+10 6.42702e+08 1.42795e+07
1.30884e+07 5.89094e+08 2.52648e+10 1.07908e+12 4.59601e+13 2.29948e+15 1.96277e+17 6.84885e+17 1.39133e+18 2.19705e+18 2.9636e+18 3.55964e+18 3.88464e+18 3.88464e+18 3.55964e+18 2.9636e+18 2.19705e+18 1.39133e+18 6.84885e+17 1.96277e+17 2.29948e+15 4.59601e+13 1.07908e+12 2.52648e+10 5.89094e+08 1.30884e+07
1.08971e+07 4.90417e+08 2.10321e+10 8.98331e+11 3.82653e+13 1.91473e+15 1.63415e+17 5.70267e+17 1.15864e+18 1.82988e+18 2.46865e+18 2.96544e+18 3.23637e+18 3.23637e+18 2.96544e+18 2.46865e+18 1.82988e+18 1.15864e+18 5.70267e+17 1.63415e+17 1.91473e+15 3.82653e+13 8.98331e+11 2.10321e+10 4.90417e+08 1.08971e+07
8.07105e+06 3.63037e+08 1.55634e+10 6.6461e+11 2.83073e+13 1.41677e+15 1.211e+17 4.22702e+17 8.5902e+17 1.35698e+18 1.83102e+18 2.19979e+18 2.40094e+18 2.40094e+18 2.19979e+18 1.83102e+18 1.35698e+18 8.5902e+17 4.22702e+17 1.211e+17 1.41677e+15 2.83073e+13 6.6461e+11 1.55634e+10 3.63037e+08 8.07105e+06
5.10666e+06 2.2919e+08 9.80775e+09 4.18291e+11 1.78017e+13 8.9126e+14 7.65903e+16 2.67485e+17 5.43784e+17 8.5926e+17 1.15969e+18 1.39346e+18 1.52099e+18 1.52099e+18 1.39346e+18 1.15969e+18 8.5926e+17 5.43784e+17 2.67485e+17 7.65903e+16 8.9126e+14 1.78017e+13 4.18291e+11 9.80775e+09 2.2919e+08 5.10666e+06
2.55012e+06 1.13364e+08 4.8092e+09 2.03672e+11 8.6246e+12 4.31471e+14 3.75873e+16 1.3142e+17 2.67324e+17 4.22571e+17 5.70455e+17 6.8555e+17 7.48344e+17 7.48344e+17 6.8555e+17 5.70455e+17 4.22571e+17 2.67324e+17 1.3142e+17 3.75873e+16 4.31471e+14 8.6246e+12 2.03672e+11 4.8092e+09 1.13364e+08 2.55012e+06
857171 3.64829e+07 1.47669e+09 5.96848e+10 2.42173e+12 1.18183e+14 1.06863e+16 3.74682e+16 7.63038e+16 1.20687e+17 1.6297e+17 1.95874e+17 2.13824e+17 2.13824e+17 1.95874e+17 1.6297e+17 1.20687e+17 7.63038e+16 3.74682e+16 1.06863e+16 1.18183e+14 2.42173e+12 5.96848e+10 1.47669e+09 3.64829e+07 857171
146269 5.11834e+06 1.56117e+08 4.12126e+09 8.11722e+10 1.16885e+12 1.1207e+14 4.08743e+14 8.44856e+14 1.34467e+15 1.81982e+15 2.18811e+15 2.38829e+15 2.38829e+15 2.18811e+15 1.81982e+15 1.34467e+15 8.44856e+14 4.08743e+14 1.1207e+14 1.16885e+12 8.11722e+10 4.12126e+09 1.56117e+08 5.11834e+06 146269
15660.8 445947 1.04969e+07 2.07219e+08 3.47211e+09 7.71476e+10 2.27399e+12 8.0965e+12 1.67267e+13 2.66344e+13 3.60564e+13 4.33596e+13 4.73294e+13 4.73294e+13 4.33596e+13 3.60564e+13 2.66344e+13 1.67267e+13 8.0965e+12 2.27399e+12 7.71476e+10 3.47211e+09 2.07219e+08 1.04969e+07 445947 15660.8
1263.09 30591.6 613234 1.10972e+07 2.00357e+08 3.8964e+09 5.60521e+10 1.91235e+11 3.93093e+11 6.254e+11 8.46524e+11 1.01804e+12 1.11131e+12 1.11131e+12 1.01804e+12 8.46524e+11 6.254e+11 3.93093e+11 1.91235e+11 5.60521e+10 3.8964e+09 2.00357e+08 1.10972e+07 613234 30591.6 1263.09
86.3731 1875.25 34486.7 598175 1.00175e+07 1.47259e+08 1.38697e+09 4.51627e+09 9.21826e+09 1.46468e+10 1.98203e+10 2.38359e+10 2.60208e+10 2.60208e+10 2.38359e+10 1.98203e+10 1.46468e+10 9.21826e+09 4.51627e+09 1.38697e+09 1.47259e+08 1.00175e+07 598175 34486.7 1875.25 86.3731
5.32234 107.068 1838.76 29426.3 423119 4.8219e+06 3.42691e+07 1.06476e+08 2.15444e+08 3.41688e+08 4.62184e+08 5.55783e+08 6.06732e+08 6.06732e+08 5.55783e+08 4.62184e+08 3.41688e+08 2.15444e+08 1.06476e+08 3.42691e+07 4.8219e+06 423119 29426.3 1838.76 107.068 5.32234
0.277186 5.24121 83.6353 1205.96 14815.3 137696 805213 2.3955e+06 4.80099e+06 7.5971e+06 1.02703e+07 1.23484e+07 1.34801e+07 1.34801e+07 1.23484e+07 1.02703e+07 7.5971e+06 4.80099e+06 2.3955e+06 805213 137696 14815.3 1205.96 83.6353 5.24121 0.277187
