6.68141 124.02 1925.37 26865 319766 2.9004e+06 1.67094e+07 4.93478e+07 9.83432e+07 1.54846e+08 2.08469e+08 2.49911e+08 2.72393e+08 2.72393e+08 2.49911e+08 2.08469e+08 1.54846e+08 9.83432e+07 4.93478e+07 1.67094e+07 2.9004e+06 319766 26865 1925.37 124.02 6.68141
128.539 2552.64 42834.3 662203 9.15762e+06 1.0109e+08 7.05216e+08 2.17354e+09 4.3703e+09 6.89258e+09 9.28018e+09 1.11226e+10 1.21213e+10 1.21213e+10 1.11226e+10 9.28018e+09 6.89258e+09 4.3703e+09 2.17354e+09 7.05216e+08 1.0109e+08 9.15762e+06 662203 42834.3 2552.64 128.539
2075.65 44851.5 815051 1.37391e+07 2.19675e+08 3.08789e+09 2.83752e+10 9.15906e+10 1.85662e+11 2.93184e+11 3.9472e+11 4.72961e+11 5.15334e+11 5.15334e+11 4.72961e+11 3.9472e+11 2.93184e+11 1.85662e+11 9.15906e+10 2.83752e+10 3.08789e+09 2.19675e+08 1.37391e+07 815051 44851.5 2075.65
29916.6 725389 1.45728e+07 2.61636e+08 4.53287e+09 8.24007e+10 1.14272e+12 3.86228e+12 7.88026e+12 1.24537e+13 1.67637e+13 2.00804e+13 2.18751e+13 2.18751e+13 2.00804e+13 1.67637e+13 1.24537e+13 7.88026e+12 3.86228e+12 1.14272e+12 8.24007e+10 4.53287e+09 2.61636e+08 1.45728e+07 725389 29916.6
362961 1.03455e+07 2.45458e+08 4.92082e+09 8.29049e+10 1.68119e+12 4.62763e+13 1.63142e+14 3.34375e+14 5.28625e+14 7.11375e+14 8.51833e+14 9.27768e+14 9.27768e+14 8.51833e+14 7.11375e+14 5.28625e+14 3.34375e+14 1.63142e+14 4.62763e+13 1.68119e+12 8.29049e+10 4.92082e+09 2.45458e+08 1.03455e+07 362961
3.31177e+06 1.15474e+08 3.53016e+09 9.43523e+10 1.93093e+12 2.92248e+13 2.30427e+15 8.31202e+15 1.70362e+16 2.6912e+16 3.61977e+16 4.33331e+16 4.71905e+16 4.71905e+16 4.33331e+16 3.61977e+16 2.6912e+16 1.70362e+16 8.31202e+15 2.30427e+15 2.92248e+13 1.93093e+12 9.43523e+10 3.53016e+09 1.15474e+08 3.31177e+06
1.90389e+07 8.03394e+08 3.232e+10 1.30136e+12 5.26904e+13 2.53418e+15 2.18919e+17 7.62297e+17 1.54281e+18 2.42623e+18 3.26052e+18 3.90533e+18 4.25555e+18 4.25555e+18 3.90533e+18 3.26052e+18 2.42623e+18 1.54281e+18 7.62297e+17 2.18919e+17 2.53418e+15 5.26904e+13 1.30136e+12 3.232e+10 8.03394e+08 1.90389e+07
5.61388e+07 2.47195e+09 1.04135e+11 4.38999e+12 1.8538e+14 9.15149e+15 7.66128e+17 2.66053e+18 5.3772e+18 8.44849e+18 1.13465e+19 1.35849e+19 1.48002e+19 1.48002e+19 1.35849e+19 1.13465e+19 8.44849e+18 5.3772e+18 2.66053e+18 7.66128e+17 9.15149e+15 1.8538e+14 4.38999e+12 1.04135e+11 2.47195e+09 5.61388e+07
1.11743e+08 4.96421e+09 2.10824e+11 8.94542e+12 3.79454e+14 1.87485e+16 1.55242e+18 5.3838e+18 1.08696e+19 1.70614e+19 2.2895e+19 2.73952e+19 2.98365e+19 2.98365e+19 2.73952e+19 2.2895e+19 1.70614e+19 1.08696e+19 5.3838e+18 1.55242e+18 1.87485e+16 3.79454e+14 8.94542e+12 2.10824e+11 4.96421e+09 1.11743e+08
1.75761e+08 7.8209e+09 3.32554e+11 1.41212e+13 5.99199e+14 2.95916e+16 2.44136e+18 8.45911e+18 1.70621e+19 2.67551e+19 3.58711e+19 4.28931e+19 4.66986e+19 4.66986e+19 4.28931e+19 3.58711e+19 2.67551e+19 1.70621e+19 8.45911e+18 2.44136e+18 2.95916e+16 5.99199e+14 1.41212e+13 3.32554e+11 7.8209e+09 1.75761e+08
2.36418e+08 1.05205e+10 4.47306e+11 1.89898e+13 8.05542e+14 3.97648e+16 3.27933e+18 1.13557e+19 2.2886e+19 3.58558e+19 4.80332e+19 5.74001e+19 6.24715e+19 6.24715e+19 5.74001e+19 4.80332e+19 3.58558e+19 2.2886e+19 1.13557e+19 3.27933e+18 3.97648e+16 8.05542e+14 1.89898e+13 4.47306e+11 1.05205e+10 2.36418e+08
2.8323e+08 1.26007e+10 5.35595e+11 2.27306e+13 9.63872e+14 4.75668e+16 3.92577e+18 1.35891e+19 2.73708e+19 4.28535e+19 5.73717e+19 6.85266e+19 7.45616e+19 7.45616e+19 6.85266e+19 5.73717e+19 4.28535e+19 2.73708e+19 1.35891e+19 3.92577e+18 4.75668e+16 9.63872e+14 2.27306e+13 5.35595e+11 1.26007e+10 2.8323e+08
3.08601e+08 1.37271e+10 5.8336e+11 2.47525e+13 1.04937e+15 5.17786e+16 4.27639e+18 1.48e+19 2.98005e+19 4.66409e+19 6.24211e+19 7.45383e+19 8.10912e+19 8.10912e+19 7.45383e+19 6.24211e+19 4.66409e+19 2.98005e+19 1.48e+19 4.27639e+18 5.17786e+16 1.04937e+15 2.47525e+13 5.8336e+11 1.37271e+10 3.08601e+08
3.08601e+08 1.37271e+10 5.8336e+11 2.47525e+13 1.04937e+15 5.17786e+16 4.27639e+18 1.48e+19 2.98005e+19 4.66409e+19 6.24211e+19 7.45383e+19 8.10912e+19 8.10912e+19 7.45383e+19 6.24211e+19 4.66409e+19 2.98005e+19 1.48e+19 4.27639e+18 5.17786e+16 1.04937e+15 2.47525e+13 5.8336e+11 1.37271e+10 3.08601e+08
2.8323e+08 1.26007e+10 5.35595e+11 2.27306e+13 9.63872e+14 4.75668e+16 3.92577e+18 1.35891e+19 2.73708e+19 4.28535e+19 5.73717e+19 6.85266e+19 7.45616e+19 7.45616e+19 6.85266e+19 5.73717e+19 4.28535e+19 2.73708e+19 1.35891e+19 3.92577e+18 4.75668e+16 9.63872e+14 2.27306e+13 5.35595e+11 1.26007e+10 2.8323e+08
2.36418e+08 1.05205e+10 4.47306e+11 1.89898e+13 8.05542e+14 3.97648e+16 3.27933e+18 1.13557e+19 2.2886e+19 3.58558e+19 4.80332e+19 5.74001e+19 6.24715e+19 6.24715e+19 5.74001e+19 4.80332e+19 3.58558e+19 2.2886e+19 1.13557e+19 3.27933e+18 3.97648e+16 8.05542e+14 1.89898e+13 4.47306e+11 1.05205e+10 2.36418e+08
1.75761e+08 7.8209e+09 3.32554e+11 1.41212e+13 5.99199e+14 2.95916e+16 2.44136e+18 8.45911e+18 1.70621e+19 2.67551e+19 3.58711e+19 4.28931e+19 4.66986e+19 4.66986e+19 4.28931e+19 3.58711e+19 2.67551e+19 1.70621e+19 8.45911e+18 2.44136e+18 2.95916e+16 5.99199e+14 1.41212e+13 3.32554e+11 7.8209e+09 1.75761e+08
1.11743e+08 4.96421e+09 2.10824e+11 8.94542e+12 3.79454e+14 1.87485e+16 1.55242e+18 5.3838e+18 1.08696e+19 1.70614e+19 2.2895e+19 2.73952e+19 2.98365e+19 2.98365e+19 2.73952e+19 2.2895e+19 1.70614e+19 1.08696e+19 5.3838e+18 1.55242e+18 1.87485e+16 3.79454e+14 8.94542e+12 2.10824e+11 4.96421e+09 1.11743e+08
5.61388e+07 2.47195e+09 1.04135e+11 4.38999e+12 1.8538e+14 9.15149e+15 7.66128e+17 2.66053e+18 5.3772e+18 8.44849e+18 1.13465e+19 1.35849e+19 1.48002e+19 1.48002e+19 1.35849e+19 1.13465e+19 8.44849e+18 5.3772e+18 2.66053e+18 7.66128e+17 9.15149e+15 1.8538e+14 4.38999e+12 1.04135e+11 2.47195e+09 5.61388e+07
1.90389e+07 8.03394e+08 3.232e+10 1.30136e+12 5.26904e+13 2.53418e+15 2.18919e+17 7.62297e+17 1.54281e+18 2.42623e+18 3.26052e+18 3.90533e+18 4.25555e+18 4.25555e+18 3.90533e+18 3.26052e+18 2.42623e+18 1.54281e+18 7.62297e+17 2.18919e+17 2.53418e+15 5.26904e+13 1.30136e+12 3.232e+10 8.03394e+08 1.90389e+07
3.31177e+06 1.15474e+08 3.53016e+09 9.43523e+10 1.93093e+12 2.92248e+13 2.30427e+15 8.31202e+15 1.70362e+16 2.6912e+16 3.61977e+16 4.33331e+16 4.71905e+16 4.71905e+16 4.33331e+16 3.61977e+16 2.6912e+16 1.70362e+16 8.31202e+15 2.30427e+15 2.92248e+13 1.93093e+12 9.43523e+10 3.53016e+09 1.15474e+08 3.31177e+06
362961 1.03455e+07 2.45458e+08 4.92082e+09 8.29049e+10 1.68119e+12 4.62763e+13 1.63142e+14 3.34375e+14 5.28625e+14 7.11375e+14 8.51833e+14 9.27768e+14 9.27768e+14 8.51833e+14 7.11375e+14 5.28625e+14 3.34375e+14 1.63142e+14 4.62763e+13 1.68119e+12 8.29049e+10 4.92082e+09 2.45458e+08 1.03455e+07 362961
29916.6 725389 1.45728e+07 2.61636e+08 4.53287e+09 8.24007e+10 1.14272e+12 3.86228e+12 7.88026e+12 1.24537e+13 1.67637e+13 2.00804e+13 2.18751e+13 2.18751e+13 2.00804e+13 1.67637e+13 1.24537e+13 7.88026e+12 3.86228e+12 1.14272e+12 8.24007e+10 4.53287e+09 2.61636e+08 1.45728e+07 725389 29916.6
2075.65 44851.5 815051 1.37391e+07 2.19675e+08 3.08789e+09 2.83752e+10 9.15906e+10 1.85662e+11 2.93184e+11 3.9472e+11 4.72961e+11 5.15334e+11 5.15334e+11 4.72961e+11 3.9472e+11 2.93184e+11 1.85662e+11 9.15906e+10 2.83752e+10 3.08789e+09 2.19675e+08 1.37391e+07 815051 44851.5 2075.65
128.539 2552.64 42834.3 662203 9.15762e+06 1.0109e+08 7.05216e+08 2.17354e+09 4.3703e+09 6.89258e+09 9.28018e+09 1.11226e+10 1.21213e+10 1.21213e+10 1.11226e+10 9.28018e+09 6.89258e+09 4.3703e+09 2.17354e+09 7.05216e+08 1.0109e+08 9.15762e+06 662203 42834.3 2552.64 128.539
6.68142 124.02 1925.37 26865 319766 2.9004e+06 1.67094e+07 4.93478e+07 9.83432e+07 1.54846e+08 2.08469e+08 2.49911e+08 2.72393e+08 2.72393e+08 2.49911e+08 2.08469e+08 1.54846e+08 9.83432e+07 4.93478e+07 1.67094e+07 2.9004e+06 319766 26865 1925.37 124.02 6.68141
