0.00338661 0.0640394 1.02487 14.8515 183.412 1712.29 10055.9 30127.9 60986.3 97634.3 133499 161971 177702 177702 161971 133499 97634.3 60986.3 30127.9 10055.9 1712.29 183.412 14.8515 1.02487 0.0640394 0.00338661
0.064711 1.29854 22.3257 359.092 5198.42 59589.4 425465 1.33143e+06 2.72174e+06 4.3689e+06 5.97986e+06 7.2589e+06 7.96574e+06 7.96574e+06 7.2589e+06 5.97986e+06 4.3689e+06 2.72174e+06 1.33143e+06 425465 59589.4 5198.42 359.092 22.3257 1.29854 0.064711
1.04765 22.6241 415.132 7224.95 122029 1.80937e+06 1.71361e+07 5.6208e+07 1.15945e+08 1.86542e+08 2.55561e+08 3.10373e+08 3.40673e+08 3.40673e+08 3.10373e+08 2.55561e+08 1.86542e+08 1.15945e+08 5.6208e+07 1.71361e+07 1.80937e+06 122029 7224.95 415.132 22.6241 1.04765
15.3346 368.713 7345.96 132678 2.41352e+06 4.75896e+07 6.89872e+08 2.37131e+09 4.92778e+09 7.9427e+09 1.08901e+10 1.32317e+10 1.45264e+10 1.45264e+10 1.32317e+10 1.08901e+10 7.9427e+09 4.92778e+09 2.37131e+09 6.89872e+08 4.75896e+07 2.41352e+06 132678 7345.96 368.713 15.3346
190.775 5392.14 125956 2.46699e+06 4.11718e+07 9.33352e+08 2.79015e+10 1.00105e+11 2.09155e+11 3.37588e+11 4.63186e+11 5.63013e+11 6.18227e+11 6.18227e+11 5.63013e+11 4.63186e+11 3.37588e+11 2.09155e+11 1.00105e+11 2.79015e+10 9.33352e+08 4.11718e+07 2.46699e+06 125956 5392.14 190.776
1790.09 62227.3 1.88589e+06 4.94289e+07 9.61731e+08 1.3648e+10 1.36848e+12 5.02878e+12 1.05098e+13 1.69521e+13 2.32479e+13 2.82503e+13 3.10165e+13 3.10165e+13 2.82503e+13 2.32479e+13 1.69521e+13 1.05098e+13 5.02878e+12 1.36848e+12 1.3648e+10 9.61731e+08 4.94289e+07 1.88589e+06 62227.3 1790.09
10549 446336 1.79773e+07 7.23776e+08 2.92757e+10 1.42923e+12 1.30454e+14 4.59163e+14 9.40819e+14 1.49941e+15 2.04026e+15 2.46735e+15 2.7027e+15 2.7027e+15 2.46735e+15 2.04026e+15 1.49941e+15 9.40819e+14 4.59163e+14 1.30454e+14 1.42923e+12 2.92757e+10 7.23776e+08 1.79773e+07 446336 10549
31632 1.3981e+06 5.90314e+07 2.49081e+09 1.05167e+11 5.2597e+12 4.60599e+14 1.61609e+15 3.30655e+15 5.26503e+15 7.16001e+15 8.65577e+15 9.47981e+15 9.47981e+15 8.65577e+15 7.16001e+15 5.26503e+15 3.30655e+15 1.61609e+15 4.60599e+14 5.2597e+12 1.05167e+11 2.49081e+09 5.90314e+07 1.3981e+06 31632
64025.1 2.85779e+06 1.21759e+08 5.17577e+09 2.19716e+11 1.09929e+13 9.44756e+14 3.3101e+15 6.76802e+15 1.07723e+16 1.46456e+16 1.77023e+16 1.93861e+16 1.93861e+16 1.77023e+16 1.46456e+16 1.07723e+16 6.76802e+15 3.3101e+15 9.44757e+14 1.09929e+13 2.19716e+11 5.17577e+09 1.21759e+08 2.85779e+06 64025.1
102449 4.58501e+06 1.95799e+08 8.33813e+09 3.54451e+11 1.77235e+13 1.50623e+15 5.27276e+15 1.07766e+16 1.71482e+16 2.33101e+16 2.81722e+16 3.08504e+16 3.08504e+16 2.81722e+16 2.33101e+16 1.71482e+16 1.07766e+16 5.27276e+15 1.50623e+15 1.77235e+13 3.54451e+11 8.33813e+09 1.95799e+08 4.58501e+06 102449
139997 6.27173e+06 2.68071e+08 1.14248e+10 4.85995e+11 2.42909e+13 2.04962e+15 7.171e+15 1.46526e+16 2.33119e+16 3.1685e+16 3.82915e+16 4.19303e+16 4.19303e+16 3.82915e+16 3.1685e+16 2.33119e+16 1.46526e+16 7.171e+15 2.04962e+15 2.42909e+13 4.85995e+11 1.14248e+10 2.68071e+08 6.27173e+06 139997
169764 7.60902e+06 3.25382e+08 1.38732e+10 5.90384e+11 2.95011e+13 2.47845e+15 8.66848e+15 1.77097e+16 2.81729e+16 3.82894e+16 4.62709e+16 5.0667e+16 5.0667e+16 4.62709e+16 3.82894e+16 2.81729e+16 1.77097e+16 8.66848e+15 2.47845e+15 2.95011e+13 5.90384e+11 1.38732e+10 3.25382e+08 7.60902e+06 169764
186195 8.3473e+06 3.5703e+08 1.52256e+10 6.48056e+11 3.23791e+13 2.71464e+15 9.4931e+15 1.9393e+16 3.08493e+16 4.19256e+16 5.0664e+16 5.54769e+16 5.54769e+16 5.0664e+16 4.19256e+16 3.08493e+16 1.9393e+16 9.4931e+15 2.71464e+15 3.23791e+13 6.48056e+11 1.52256e+10 3.5703e+08 8.3473e+06 186195
186195 8.3473e+06 3.5703e+08 1.52256e+10 6.48056e+11 3.23791e+13 2.71464e+15 9.4931e+15 1.9393e+16 3.08493e+16 4.19256e+16 5.0664e+16 5.54769e+16 5.54769e+16 5.0664e+16 4.19256e+16 3.08493e+16 1.9393e+16 9.4931e+15 2.71464e+15 3.23791e+13 6.48056e+11 1.52256e+10 3.5703e+08 8.3473e+06 186195
169764 7.60902e+06 3.25382e+08 1.38732e+10 5.90384e+11 2.95011e+13 2.47845e+15 8.66848e+15 1.77097e+16 2.81729e+16 3.82894e+16 4.62709e+16 5.0667e+16 5.0667e+16 4.62709e+16 3.82894e+16 2.81729e+16 1.77097e+16 8.66848e+15 2.47845e+15 2.95011e+13 5.90384e+11 1.38732e+10 3.25382e+08 7.60902e+06 169764
139997 6.27173e+06 2.68071e+08 1.14248e+10 4.85995e+11 2.42909e+13 2.04962e+15 7.171e+15 1.46526e+16 2.33119e+16 3.1685e+16 3.82915e+16 4.19303e+16 4.19303e+16 3.82915e+16 3.1685e+16 2.33119e+16 1.46526e+16 7.171e+15 2.04962e+15 2.42909e+13 4.85995e+11 1.14248e+10 2.68071e+08 6.27173e+06 139997
102449 4.58501e+06 1.95799e+08 8.33813e+09 3.54451e+11 1.77235e+13 1.50623e+15 5.27276e+15 1.07766e+16 1.71482e+16 2.33101e+16 2.81722e+16 3.08504e+16 3.08504e+16 2.81722e+16 2.33101e+16 1.71482e+16 1.07766e+16 5.27276e+15 1.50623e+15 1.77235e+13 3.54451e+11 8.33813e+09 1.95799e+08 4.58501e+06 102449
64025.1 2.85779e+06 1.21759e+08 5.17577e+09 2.19716e+11 1.09929e+13 9.44757e+14 3.3101e+15 6.76802e+15 1.07723e+16 1.46456e+16 1.77023e+16 1.93861e+16 1.93861e+16 1.77023e+16 1.46456e+16 1.07723e+16 6.76802e+15 3.3101e+15 9.44756e+14 1.09929e+13 2.19716e+11 5.17577e+09 1.21759e+08 2.85779e+06 64025.1
31632 1.3981e+06 5.90314e+07 2.49081e+09 1.05167e+11 5.2597e+12 4.60599e+14 1.61609e+15 3.30655e+15 5.26503e+15 7.16001e+15 8.65577e+15 9.47981e+15 9.47981e+15 8.65577e+15 7.16001e+15 5.26503e+15 3.30655e+15 1.61609e+15 4.60599e+14 5.2597e+12 1.05167e+11 2.49081e+09 5.90314e+07 1.3981e+06 31632
10549 446336 1.79773e+07 7.23776e+08 2.92757e+10 1.42923e+12 1.30454e+14 4.59163e+14 9.40819e+14 1.49941e+15 2.04026e+15 2.46735e+15 2.7027e+15 2.7027e+15 2.46735e+15 2.04026e+15 1.49941e+15 9.40819e+14 4.59163e+14 1.30454e+14 1.42923e+12 2.92757e+10 7.23776e+08 1.79773e+07 446336 10549
1790.09 62227.3 1.88589e+06 4.94289e+07 9.61731e+08 1.3648e+10 1.36848e+12 5.02878e+12 1.05098e+13 1.69521e+13 2.32479e+13 2.82503e+13 3.10165e+13 3.10165e+13 2.82503e+13 2.32479e+13 1.69521e+13 1.05098e+13 5.02878e+12 1.36848e+12 1.3648e+10 9.61731e+08 4.94289e+07 1.88589e+06 62227.3 1790.09
190.775 5392.14 125956 2.46699e+06 4.11718e+07 9.33352e+08 2.79015e+10 1.00105e+11 2.09155e+11 3.37588e+11 4.63186e+11 5.63013e+11 6.18227e+11 6.18227e+11 5.63013e+11 4.63186e+11 3.37588e+11 2.09155e+11 1.00105e+11 2.79015e+10 9.33352e+08 4.11718e+07 2.46699e+06 125956 5392.14 190.775
15.3346 368.713 7345.96 132678 2.41352e+06 4.75896e+07 6.89872e+08 2.37131e+09 4.92778e+09 7.9427e+09 1.08901e+10 1.32317e+10 1.45264e+10 1.45264e+10 1.32317e+10 1.08901e+10 7.9427e+09 4.92778e+09 2.37131e+09 6.89872e+08 4.75896e+07 2.41352e+06 132678 7345.96 368.713 15.3346
1.04765 22.6241 415.132 7224.95 122029 1.80937e+06 1.71361e+07 5.6208e+07 1.15945e+08 1.86542e+08 2.55561e+08 3.10373e+08 3.40673e+08 3.40673e+08 3.10373e+08 2.55561e+08 1.86542e+08 1.15945e+08 5.6208e+07 1.71361e+07 1.80937e+06 122029 7224.95 415.132 22.6241 1.04765
0.064711 1.29854 22.3257 359.092 5198.42 59589.4 425465 1.33143e+06 2.72174e+06 4.3689e+06 5.97986e+06 7.2589e+06 7.96574e+06 7.96574e+06 7.2589e+06 5.97986e+06 4.3689e+06 2.72174e+06 1.33143e+06 425465 59589.4 5198.42 359.092 22.3257 1.29854 0.064711
0.00338661 0.0640394 1.02487 14.8515 183.412 1712.29 10055.9 30127.9 60986.3 97634.3 133499 161971 177702 177702 161971 133499 97634.3 60986.3 30127.9 10055.9 1712.29 183.412 14.8515 1.02487 0.0640394 0.00338661
