0.00235145 0.0443229 0.706912 10.2094 125.667 1169.29 6842.12 20403.2 41080 65420 89050.8 107695 117957 117957 107695 89050.8 65420 41080 20403.2 6842.12 1169.29 125.667 10.2094 0.706912 0.0443229 0.00235145
0.044797 0.895946 15.3502 246.053 3550.15 40562.4 288599 898717 1.82678e+06 2.91607e+06 3.97259e+06 4.80607e+06 5.26487e+06 5.26487e+06 4.80607e+06 3.97259e+06 2.91607e+06 1.82678e+06 898717 288599 40562.4 3550.15 246.053 15.3502 0.895946 0.044797
0.722936 15.5596 284.536 4935.72 83093.7 1.22822e+06 1.15947e+07 3.78375e+07 7.75838e+07 1.24096e+08 1.69175e+08 2.0474e+08 2.24319e+08 2.24319e+08 2.0474e+08 1.69175e+08 1.24096e+08 7.75838e+07 3.78375e+07 1.15947e+07 1.22822e+06 83093.7 4935.72 284.536 15.5596 0.722936
10.548 252.779 5020.14 90402 1.6396e+06 3.22344e+07 4.65968e+08 1.59312e+09 3.28977e+09 5.2701e+09 7.18873e+09 8.70265e+09 9.53625e+09 9.53625e+09 8.70265e+09 7.18872e+09 5.2701e+09 3.28977e+09 1.59312e+09 4.65968e+08 3.22344e+07 1.6396e+06 90402 5020.14 252.779 10.548
130.805 3685.02 85823.7 1.67675e+06 2.79201e+07 6.31243e+08 1.88277e+10 6.71685e+10 1.39406e+11 2.23571e+11 3.05115e+11 3.69478e+11 4.04924e+11 4.04924e+11 3.69478e+11 3.05115e+11 2.23571e+11 1.39406e+11 6.71685e+10 1.88277e+10 6.31243e+08 2.79201e+07 1.67675e+06 85823.7 3685.02 130.805
1223.31 42389.8 1.28115e+06 3.3507e+07 6.50975e+08 9.22843e+09 9.23353e+11 3.37338e+12 7.00245e+12 1.12219e+13 1.53074e+13 1.85311e+13 2.03062e+13 2.03062e+13 1.85311e+13 1.53074e+13 1.12219e+13 7.00245e+12 3.37338e+12 9.23353e+11 9.22843e+09 6.50975e+08 3.3507e+07 1.28115e+06 42389.8 1223.31
7182.5 302972 1.21729e+07 4.8925e+08 1.97712e+10 9.65042e+11 8.79846e+13 3.08393e+14 6.2876e+14 9.97263e+14 1.35153e+15 1.62979e+15 1.78261e+15 1.78261e+15 1.62979e+15 1.35153e+15 9.97263e+14 6.2876e+14 3.08393e+14 8.79846e+13 9.65042e+11 1.97712e+10 4.8925e+08 1.21729e+07 302972 7182.5
21434.1 944277 3.97627e+07 1.67449e+09 7.06124e+10 3.53029e+12 3.09316e+14 1.08108e+15 2.20139e+15 3.48905e+15 4.72636e+15 5.69787e+15 6.23137e+15 6.23137e+15 5.69787e+15 4.72636e+15 3.48905e+15 2.20139e+15 1.08108e+15 3.09316e+14 3.53029e+12 7.06124e+10 1.67449e+09 3.97627e+07 944277 21434.1
43145.8 1.91895e+06 8.15126e+07 3.45697e+09 1.46518e+11 7.32712e+12 6.31189e+14 2.20334e+15 4.48431e+15 7.10514e+15 9.62297e+15 1.15997e+16 1.26851e+16 1.26851e+16 1.15997e+16 9.62297e+15 7.10514e+15 4.48431e+15 2.20334e+15 6.31189e+14 7.32712e+12 1.46518e+11 3.45697e+09 8.15126e+07 1.91895e+06 43145.8
68667.3 3.06127e+06 1.30295e+08 5.53424e+09 2.34815e+11 1.1735e+13 1.0013e+15 3.49289e+15 7.1067e+15 1.12582e+16 1.5246e+16 1.83766e+16 2.00955e+16 2.00955e+16 1.83766e+16 1.5246e+16 1.12582e+16 7.1067e+15 3.49289e+15 1.0013e+15 1.1735e+13 2.34815e+11 5.53424e+09 1.30295e+08 3.06127e+06 68667.3
93403.4 4.16728e+06 1.77491e+08 7.54309e+09 3.20201e+11 1.59953e+13 1.35686e+15 4.73118e+15 9.62441e+15 1.5245e+16 2.06435e+16 2.48813e+16 2.72082e+16 2.72082e+16 2.48814e+16 2.06435e+16 1.5245e+16 9.62441e+15 4.73118e+15 1.35686e+15 1.59953e+13 3.20201e+11 7.54309e+09 1.77491e+08 4.16728e+06 93403.4
112890 5.03843e+06 2.14663e+08 9.12551e+09 3.87476e+11 1.93512e+13 1.63589e+15 5.70274e+15 1.15996e+16 1.83725e+16 2.48775e+16 2.99838e+16 3.27874e+16 3.27874e+16 2.99838e+16 2.48775e+16 1.83725e+16 1.15996e+16 5.70274e+15 1.63589e+15 1.93512e+13 3.87476e+11 9.12551e+09 2.14663e+08 5.03843e+06 112890
123603 5.51741e+06 2.35104e+08 9.99577e+09 4.24481e+11 2.11968e+13 1.78906e+15 6.23596e+15 1.26836e+16 2.00888e+16 2.7201e+16 3.27838e+16 3.5849e+16 3.5849e+16 3.27838e+16 2.7201e+16 2.00888e+16 1.26836e+16 6.23596e+15 1.78906e+15 2.11968e+13 4.24481e+11 9.99577e+09 2.35103e+08 5.51741e+06 123603
123603 5.51741e+06 2.35103e+08 9.99577e+09 4.24481e+11 2.11968e+13 1.78906e+15 6.23596e+15 1.26836e+16 2.00888e+16 2.7201e+16 3.27838e+16 3.5849e+16 3.5849e+16 3.27838e+16 2.7201e+16 2.00888e+16 1.26836e+16 6.23596e+15 1.78906e+15 2.11968e+13 4.24481e+11 9.99577e+09 2.35104e+08 5.51741e+06 123603
112890 5.03843e+06 2.14663e+08 9.12551e+09 3.87476e+11 1.93512e+13 1.63589e+15 5.70274e+15 1.15996e+16 1.83725e+16 2.48775e+16 2.99838e+16 3.27874e+16 3.27874e+16 2.99838e+16 2.48775e+16 1.83725e+16 1.15996e+16 5.70274e+15 1.63589e+15 1.93512e+13 3.87476e+11 9.12551e+09 2.14663e+08 5.03843e+06 112890
93403.4 4.16728e+06 1.77491e+08 7.54309e+09 3.20201e+11 1.59953e+13 1.35686e+15 4.73118e+15 9.62441e+15 1.5245e+16 2.06435e+16 2.48814e+16 2.72082e+16 2.72082e+16 2.48813e+16 2.06435e+16 1.5245e+16 9.62441e+15 4.73118e+15 1.35686e+15 1.59953e+13 3.20201e+11 7.54309e+09 1.77491e+08 4.16728e+06 93403.4
68667.3 3.06127e+06 1.30295e+08 5.53424e+09 2.34815e+11 1.1735e+13 1.0013e+15 3.49289e+15 7.1067e+15 1.12582e+16 1.5246e+16 1.83766e+16 2.00955e+16 2.00955e+16 1.83766e+16 1.5246e+16 1.12582e+16 7.1067e+15 3.49289e+15 1.0013e+15 1.1735e+13 2.34815e+11 5.53424e+09 1.30295e+08 3.06127e+06 68667.3
43145.8 1.91895e+06 8.15126e+07 3.45697e+09 1.46518e+11 7.32712e+12 6.31189e+14 2.20334e+15 4.48431e+15 7.10514e+15 9.62297e+15 1.15997e+16 1.26851e+16 1.26851e+16 1.15997e+16 9.62297e+15 7.10514e+15 4.48431e+15 2.20334e+15 6.31189e+14 7.32712e+12 1.46518e+11 3.45697e+09 8.15126e+07 1.91895e+06 43145.8
21434.1 944277 3.97627e+07 1.67449e+09 7.06124e+10 3.53029e+12 3.09316e+14 1.08108e+15 2.20139e+15 3.48905e+15 4.72636e+15 5.69787e+15 6.23137e+15 6.23137e+15 5.69787e+15 4.72636e+15 3.48905e+15 2.20139e+15 1.08108e+15 3.09316e+14 3.53029e+12 7.06124e+10 1.67449e+09 3.97627e+07 944277 21434.1
7182.5 302972 1.21729e+07 4.8925e+08 1.97712e+10 9.65042e+11 8.79846e+13 3.08393e+14 6.2876e+14 9.97263e+14 1.35153e+15 1.62979e+15 1.78261e+15 1.78261e+15 1.62979e+15 1.35153e+15 9.97263e+14 6.2876e+14 3.08393e+14 8.79846e+13 9.65042e+11 1.97712e+10 4.8925e+08 1.21729e+07 302972 7182.5
1223.31 42389.8 1.28115e+06 3.3507e+07 6.50975e+08 9.22843e+09 9.23353e+11 3.37338e+12 7.00245e+12 1.12219e+13 1.53074e+13 1.85311e+13 2.03062e+13 2.03062e+13 1.85311e+13 1.53074e+13 1.12219e+13 7.00245e+12 3.37338e+12 9.23353e+11 9.22843e+09 6.50975e+08 3.3507e+07 1.28115e+06 42389.8 1223.31
130.805 3685.02 85823.7 1.67675e+06 2.79201e+07 6.31243e+08 1.88277e+10 6.71685e+10 1.39406e+11 2.23571e+11 3.05115e+11 3.69478e+11 4.04924e+11 4.04924e+11 3.69478e+11 3.05115e+11 2.23571e+11 1.39406e+11 6.71685e+10 1.88277e+10 6.31243e+08 2.79201e+07 1.67675e+06 85823.7 3685.02 130.805
10.548 252.779 5020.14 90402 1.6396e+06 3.22344e+07 4.65968e+08 1.59312e+09 3.28977e+09 5.2701e+09 7.18872e+09 8.70265e+09 9.53625e+09 9.53625e+09 8.70265e+09 7.18872e+09 5.2701e+09 3.28977e+09 1.59312e+09 4.65968e+08 3.22344e+07 1.6396e+06 90402 5020.14 252.779 10.548
0.722936 15.5596 284.536 4935.72 83093.7 1.22822e+06 1.15947e+07 3.78375e+07 7.75838e+07 1.24096e+08 1.69175e+08 2.0474e+08 2.24319e+08 2.24319e+08 2.0474e+08 1.69175e+08 1.24096e+08 7.75838e+07 3.78375e+07 1.15947e+07 1.22822e+06 83093.7 4935.72 284.536 15.5596 0.722936
0.044797 0.895946 15.3502 246.053 3550.15 40562.4 288599 898717 1.82678e+06 2.91607e+06 3.97259e+06 4.80607e+06 5.26487e+06 5.26487e+06 4.80607e+06 3.97259e+06 2.91607e+06 1.82678e+06 898717 288599 40562.4 3550.15 246.053 15.3502 0.895946 0.044797
0.00235145 0.0443229 0.706912 10.2094 125.667 1169.29 6842.12 20403.2 41080 65420 89050.8 107695 117957 117957 107695 89050.8 65420 41080 20403.2 6842.12 1169.29 125.667 10.2094 0.706912 0.0443229 0.00235145
