0.000149957 0.00279419 0.0438172 0.620424 7.49383 68.6739 397.301 1172.7 2335.28 3678.46 4959.48 5955.7 6498.93 6498.93 5955.7 4959.48 3678.46 2335.28 1172.7 397.301 68.6739 7.49383 0.620424 0.0438172 0.00279419 0.000149957
0.00285796 0.0567072 0.957673 15.035 212.05 2377.67 16701.7 51458.2 103397 163168 220070 264291 288398 288398 264291 220070 163168 103397 51458.2 16701.7 2377.67 212.05 15.035 0.957673 0.0567072 0.00285796
0.0459378 0.985803 17.8845 304.784 4994.7 71986.8 669234 2.15975e+06 4.37519e+06 6.91448e+06 9.32808e+06 1.12027e+07 1.22245e+07 1.22245e+07 1.12027e+07 9.32808e+06 6.91448e+06 4.37519e+06 2.15975e+06 669234 71986.8 4994.7 304.784 17.8845 0.985803 0.0459378
0.663789 15.9184 316.224 5658.87 100105 1.89609e+06 2.68494e+07 9.07338e+07 1.85004e+08 2.92663e+08 3.94873e+08 4.7423e+08 5.17475e+08 5.17475e+08 4.7423e+08 3.94873e+08 2.92663e+08 1.85004e+08 9.07338e+07 2.68494e+07 1.89608e+06 100105 5658.87 316.224 15.9184 0.663789
8.11806 228.904 5351.52 105305 1.75462e+06 3.76682e+07 1.08405e+09 3.82051e+09 7.82476e+09 1.2385e+10 1.67111e+10 2.00691e+10 2.18988e+10 2.18988e+10 2.00691e+10 1.67111e+10 1.2385e+10 7.82476e+09 3.82051e+09 1.08405e+09 3.76682e+07 1.75462e+06 105305 5351.52 228.904 8.11806
74.786 2588.25 78313.9 2.06053e+06 4.08354e+07 5.93922e+08 5.34724e+10 1.92868e+11 3.94985e+11 6.24677e+11 8.42473e+11 1.01151e+12 1.10361e+12 1.10361e+12 1.01151e+12 8.42473e+11 6.24677e+11 3.94985e+11 1.92868e+11 5.34724e+10 5.93922e+08 4.08354e+07 2.06053e+06 78313.9 2588.25 74.786
433.065 18204.5 729431 2.92642e+07 1.18156e+09 5.72722e+10 5.0939e+12 1.77062e+13 3.57666e+13 5.62122e+13 7.55836e+13 9.06242e+13 9.88245e+13 9.88244e+13 9.06242e+13 7.55836e+13 5.62122e+13 3.57666e+13 1.77062e+13 5.0939e+12 5.72722e+10 1.18156e+09 2.92642e+07 729431 18204.5 433.065
1277.94 56074.6 2.35345e+06 9.88702e+07 4.16307e+09 2.06823e+11 1.77754e+13 6.16446e+13 1.24418e+14 1.95465e+14 2.62775e+14 3.15039e+14 3.43536e+14 3.43536e+14 3.15039e+14 2.62776e+14 1.95465e+14 1.24418e+14 6.16446e+13 1.77754e+13 2.06823e+11 4.16307e+09 9.88702e+07 2.35345e+06 56074.6 1277.94
2543.29 112602 4.76451e+06 2.01459e+08 8.52046e+09 4.23457e+11 3.59421e+13 1.24544e+14 2.51296e+14 3.94742e+14 5.30643e+14 6.36166e+14 6.93702e+14 6.93702e+14 6.36166e+14 5.30643e+14 3.94742e+14 2.51296e+14 1.24544e+14 3.59421e+13 4.23457e+11 8.52046e+09 2.01459e+08 4.76451e+06 112602 2543.29
4003.12 177558 7.52377e+06 3.18432e+08 1.34747e+10 6.69272e+11 5.64957e+13 1.95694e+14 3.94806e+14 6.20135e+14 8.33612e+14 9.9937e+14 1.08975e+15 1.08975e+15 9.9937e+14 8.33612e+14 6.20135e+14 3.94806e+14 1.95694e+14 5.64957e+13 6.69272e+11 1.34747e+10 3.18432e+08 7.52377e+06 177558 4003.12
5393.25 239297 1.01421e+07 4.29297e+08 1.81664e+10 9.01958e+11 7.59505e+13 2.6304e+14 5.30646e+14 8.33481e+14 1.12039e+15 1.34316e+15 1.46463e+15 1.46463e+15 1.34316e+15 1.12039e+15 8.33481e+14 5.30646e+14 2.6304e+14 7.59505e+13 9.01958e+11 1.81664e+10 4.29297e+08 1.01421e+07 239297 5393.25
6472.85 287210 1.21729e+07 5.15242e+08 2.18024e+10 1.08226e+12 9.1041e+13 3.15282e+14 6.36023e+14 9.98987e+14 1.34286e+15 1.60986e+15 1.75545e+15 1.75545e+15 1.60986e+15 1.34286e+15 9.98987e+14 6.36024e+14 3.15282e+14 9.1041e+13 1.08226e+12 2.18024e+10 5.15242e+08 1.21729e+07 287210 6472.85
7060.98 313304 1.32786e+07 5.62029e+08 2.37814e+10 1.1804e+12 9.92628e+13 3.43748e+14 6.93442e+14 1.08917e+15 1.46408e+15 1.75519e+15 1.91392e+15 1.91392e+15 1.75519e+15 1.46408e+15 1.08917e+15 6.93442e+14 3.43748e+14 9.92628e+13 1.1804e+12 2.37814e+10 5.62029e+08 1.32786e+07 313304 7060.98
7060.98 313304 1.32786e+07 5.62029e+08 2.37814e+10 1.1804e+12 9.92628e+13 3.43748e+14 6.93442e+14 1.08917e+15 1.46408e+15 1.75519e+15 1.91392e+15 1.91392e+15 1.75519e+15 1.46408e+15 1.08917e+15 6.93442e+14 3.43748e+14 9.92628e+13 1.1804e+12 2.37814e+10 5.62029e+08 1.32786e+07 313304 7060.98
6472.85 287210 1.21729e+07 5.15242e+08 2.18024e+10 1.08226e+12 9.1041e+13 3.15282e+14 6.36024e+14 9.98987e+14 1.34286e+15 1.60986e+15 1.75545e+15 1.75545e+15 1.60986e+15 1.34286e+15 9.98987e+14 6.36023e+14 3.15282e+14 9.1041e+13 1.08226e+12 2.18024e+10 5.15242e+08 1.21729e+07 287210 6472.85
5393.25 239297 1.01421e+07 4.29297e+08 1.81664e+10 9.01958e+11 7.59505e+13 2.6304e+14 5.30646e+14 8.33481e+14 1.12039e+15 1.34316e+15 1.46463e+15 1.46463e+15 1.34316e+15 1.12039e+15 8.33481e+14 5.30646e+14 2.6304e+14 7.59505e+13 9.01958e+11 1.81664e+10 4.29297e+08 1.01421e+07 239297 5393.25
4003.12 177558 7.52377e+06 3.18432e+08 1.34747e+10 6.69272e+11 5.64957e+13 1.95694e+14 3.94806e+14 6.20135e+14 8.33612e+14 9.9937e+14 1.08975e+15 1.08975e+15 9.9937e+14 8.33612e+14 6.20135e+14 3.94806e+14 1.95694e+14 5.64957e+13 6.69272e+11 1.34747e+10 3.18432e+08 7.52377e+06 177558 4003.12
2543.29 112602 4.76451e+06 2.01459e+08 8.52046e+09 4.23457e+11 3.59421e+13 1.24544e+14 2.51296e+14 3.94742e+14 5.30643e+14 6.36166e+14 6.93702e+14 6.93702e+14 6.36166e+14 5.30643e+14 3.94742e+14 2.51296e+14 1.24544e+14 3.59421e+13 4.23457e+11 8.52046e+09 2.01459e+08 4.76451e+06 112602 2543.29
1277.94 56074.6 2.35345e+06 9.88702e+07 4.16307e+09 2.06823e+11 1.77754e+13 6.16446e+13 1.24418e+14 1.95465e+14 2.62776e+14 3.15039e+14 3.43536e+14 3.43536e+14 3.15039e+14 2.62775e+14 1.95465e+14 1.24418e+14 6.16446e+13 1.77754e+13 2.06823e+11 4.16307e+09 9.88702e+07 2.35345e+06 56074.6 1277.94
433.065 18204.5 729431 2.92642e+07 1.18156e+09 5.72722e+10 5.0939e+12 1.77062e+13 3.57666e+13 5.62122e+13 7.55836e+13 9.06242e+13 9.88244e+13 9.88245e+13 9.06242e+13 7.55836e+13 5.62122e+13 3.57666e+13 1.77062e+13 5.0939e+12 5.72722e+10 1.18156e+09 2.92642e+07 729431 18204.5 433.065
74.786 2588.25 78313.9 2.06053e+06 4.08354e+07 5.93922e+08 5.34724e+10 1.92868e+11 3.94985e+11 6.24677e+11 8.42473e+11 1.01151e+12 1.10361e+12 1.10361e+12 1.01151e+12 8.42473e+11 6.24677e+11 3.94985e+11 1.92868e+11 5.34724e+10 5.93922e+08 4.08354e+07 2.06053e+06 78313.9 2588.25 74.786
8.11806 228.904 5351.52 105305 1.75462e+06 3.76682e+07 1.08405e+09 3.82051e+09 7.82476e+09 1.2385e+10 1.67111e+10 2.00691e+10 2.18988e+10 2.18988e+10 2.00691e+10 1.67111e+10 1.2385e+10 7.82476e+09 3.82051e+09 1.08405e+09 3.76682e+07 1.75462e+06 105305 5351.52 228.904 8.11806
0.663789 15.9184 316.224 5658.87 100105 1.89608e+06 2.68494e+07 9.07338e+07 1.85004e+08 2.92663e+08 3.94873e+08 4.7423e+08 5.17475e+08 5.17475e+08 4.7423e+08 3.94873e+08 2.92663e+08 1.85004e+08 9.07338e+07 2.68494e+07 1.89609e+06 100105 5658.87 316.224 15.9184 0.663789
0.0459378 0.985803 17.8845 304.784 4994.7 71986.8 669234 2.15975e+06 4.37519e+06 6.91448e+06 9.32808e+06 1.12027e+07 1.22245e+07 1.22245e+07 1.12027e+07 9.32808e+06 6.91448e+06 4.37519e+06 2.15975e+06 669234 71986.8 4994.7 304.784 17.8845 0.985803 0.0459378
0.00285796 0.0567072 0.957673 15.035 212.05 2377.67 16701.7 51458.2 103397 163168 220070 264291 288398 288398 264291 220070 163168 103397 51458.2 16701.7 2377.67 212.05 15.035 0.957673 0.0567072 0.00285796
0.000149957 0.00279419 0.0438172 0.620424 7.49383 68.6739 397.301 1172.7 2335.28 3678.46 4959.48 5955.7 6498.93 6498.93 5955.7 4959.48 3678.46 2335.28 1172.7 397.301 68.6739 7.49383 0.620424 0.0438172 0.00279419 0.000149957
