0.000102055 0.00192306 0.0306679 0.442948 5.45299 50.7472 297.048 886.625 1787.77 2852.21 3889.56 4710.88 5164.03 5164.03 4710.88 3889.56 2852.21 1787.77 886.625 297.048 50.7472 5.45299 0.442948 0.0306679 0.00192306 0.000102055
0.001943 0.0388401 0.665262 10.6641 153.899 1758.78 12517.4 39015.6 79423.5 127018 173364 210058 230307 230307 210058 173364 127018 79423.5 39015.6 12517.4 1758.78 153.899 10.6641 0.665262 0.0388401 0.001943
0.0313419 0.674054 12.3194 213.674 3598.33 53207.8 502448 1.64115e+06 3.37018e+06 5.40092e+06 7.3772e+06 8.94222e+06 9.80606e+06 9.80606e+06 8.94222e+06 7.3772e+06 5.40092e+06 3.37018e+06 1.64115e+06 502448 53207.8 3598.33 213.674 12.3194 0.674054 0.0313419
0.45721 10.9467 217.21 3909.38 70917.3 1.39523e+06 2.01771e+07 6.90466e+07 1.42799e+08 2.29209e+08 3.13286e+08 3.79888e+08 4.16661e+08 4.16661e+08 3.79888e+08 3.13286e+08 2.29209e+08 1.42799e+08 6.90466e+07 2.01771e+07 1.39523e+06 70917.3 3909.38 217.21 10.9467 0.45721
5.67011 159.582 3712.9 72467.9 1.2059e+06 2.72945e+07 8.14749e+08 2.90925e+09 6.04756e+09 9.71839e+09 1.32908e+10 1.6122e+10 1.76857e+10 1.76857e+10 1.6122e+10 1.32908e+10 9.71839e+09 6.04756e+09 2.90925e+09 8.14749e+08 2.72945e+07 1.2059e+06 72467.9 3712.9 159.582 5.67011
53.0398 1836.13 55440.8 1.4486e+06 2.81086e+07 3.97934e+08 3.99307e+10 1.46003e+11 3.03523e+11 4.87371e+11 6.66162e+11 8.07805e+11 8.8602e+11 8.8602e+11 8.07805e+11 6.66162e+11 4.87371e+11 3.03523e+11 1.46003e+11 3.99307e+10 3.97934e+08 2.81086e+07 1.4486e+06 55440.8 1836.13 53.0398
311.564 13129.4 527033 2.11657e+07 8.54765e+08 4.17068e+10 3.80435e+12 1.33381e+13 2.72115e+13 4.32001e+13 5.86067e+13 7.07341e+13 7.74052e+13 7.74052e+13 7.07341e+13 5.86067e+13 4.32001e+13 2.72115e+13 1.33381e+13 3.80435e+12 4.17068e+10 8.54765e+08 2.11657e+07 527033 13129.4 311.564
930.804 40965.4 1.72343e+06 7.25195e+07 3.05608e+09 1.52718e+11 1.33791e+13 4.67699e+13 9.52919e+13 1.51161e+14 2.04961e+14 2.4729e+14 2.70569e+14 2.70569e+14 2.4729e+14 2.04961e+14 1.51161e+14 9.52919e+13 4.67699e+13 1.33791e+13 1.52718e+11 3.05608e+09 7.25195e+07 1.72343e+06 40965.4 930.804
1876.84 83392.5 3.53915e+06 1.49982e+08 6.35276e+09 3.17512e+11 2.73233e+13 9.53918e+13 1.94247e+14 3.08024e+14 4.17559e+14 5.03724e+14 5.51105e+14 5.51105e+14 5.03724e+14 4.17559e+14 3.08024e+14 1.94247e+14 9.53918e+13 2.73233e+13 3.17512e+11 6.35276e+09 1.49982e+08 3.53915e+06 83392.5 1876.84
2993.18 133315 5.66949e+06 2.40643e+08 1.02047e+10 5.09662e+11 4.33946e+13 1.51382e+14 3.08154e+14 4.88549e+14 6.62186e+14 7.98763e+14 8.7386e+14 8.7386e+14 7.98763e+14 6.62186e+14 4.88549e+14 3.08154e+14 1.51382e+14 4.33946e+13 5.09662e+11 1.02047e+10 2.40643e+08 5.66949e+06 133315 2993.18
4079.83 181867 7.74011e+06 3.28742e+08 1.39485e+10 6.96295e+11 5.88766e+13 2.05287e+14 4.1779e+14 6.62276e+14 8.97576e+14 1.08264e+15 1.18439e+15 1.18439e+15 1.08264e+15 8.97576e+14 6.62276e+14 4.1779e+14 2.05287e+14 5.88766e+13 6.96295e+11 1.39485e+10 3.28742e+08 7.74011e+06 181867 4079.83
4939.21 220265 9.37789e+06 3.98447e+08 1.69118e+10 8.43975e+11 7.10584e+13 2.47683e+14 5.04006e+14 7.98877e+14 1.08265e+15 1.30583e+15 1.42853e+15 1.42853e+15 1.30583e+15 1.08265e+15 7.98877e+14 5.04006e+14 2.47683e+14 7.10584e+13 8.43975e+11 1.69118e+10 3.98447e+08 9.37789e+06 220265 4939.21
5412.99 241437 1.02811e+07 4.36899e+08 1.8547e+10 9.25454e+11 7.77572e+13 2.70992e+14 5.51401e+14 8.73966e+14 1.18438e+15 1.4285e+15 1.56272e+15 1.56272e+15 1.4285e+15 1.18438e+15 8.73966e+14 5.51401e+14 2.70992e+14 7.77572e+13 9.25454e+11 1.8547e+10 4.36899e+08 1.02811e+07 241437 5412.99
5412.99 241437 1.02811e+07 4.36899e+08 1.8547e+10 9.25454e+11 7.77572e+13 2.70992e+14 5.51401e+14 8.73966e+14 1.18438e+15 1.4285e+15 1.56272e+15 1.56272e+15 1.4285e+15 1.18438e+15 8.73966e+14 5.51401e+14 2.70992e+14 7.77572e+13 9.25454e+11 1.8547e+10 4.36899e+08 1.02811e+07 241437 5412.99
4939.21 220265 9.37789e+06 3.98447e+08 1.69118e+10 8.43975e+11 7.10584e+13 2.47683e+14 5.04006e+14 7.98877e+14 1.08265e+15 1.30583e+15 1.42853e+15 1.42853e+15 1.30583e+15 1.08265e+15 7.98877e+14 5.04006e+14 2.47683e+14 7.10584e+13 8.43975e+11 1.69118e+10 3.98447e+08 9.37789e+06 220265 4939.21
4079.83 181867 7.74011e+06 3.28742e+08 1.39485e+10 6.96295e+11 5.88766e+13 2.05287e+14 4.1779e+14 6.62276e+14 8.97576e+14 1.08264e+15 1.18439e+15 1.18439e+15 1.08264e+15 8.97576e+14 6.62276e+14 4.1779e+14 2.05287e+14 5.88766e+13 6.96295e+11 1.39485e+10 3.28742e+08 7.74011e+06 181867 4079.83
2993.18 133315 5.66949e+06 2.40643e+08 1.02047e+10 5.09662e+11 4.33946e+13 1.51382e+14 3.08154e+14 4.88549e+14 6.62186e+14 7.98763e+14 8.7386e+14 8.7386e+14 7.98763e+14 6.62186e+14 4.88549e+14 3.08154e+14 1.51382e+14 4.33946e+13 5.09662e+11 1.02047e+10 2.40643e+08 5.66949e+06 133315 2993.18
1876.84 83392.5 3.53915e+06 1.49982e+08 6.35276e+09 3.17512e+11 2.73233e+13 9.53918e+13 1.94247e+14 3.08024e+14 4.17559e+14 5.03724e+14 5.51105e+14 5.51105e+14 5.03724e+14 4.17559e+14 3.08024e+14 1.94247e+14 9.53918e+13 2.73233e+13 3.17512e+11 6.35276e+09 1.49982e+08 3.53915e+06 83392.5 1876.84
930.804 40965.4 1.72343e+06 7.25195e+07 3.05608e+09 1.52718e+11 1.33791e+13 4.67699e+13 9.52919e+13 1.51161e+14 2.04961e+14 2.4729e+14 2.70569e+14 2.70569e+14 2.4729e+14 2.04961e+14 1.51161e+14 9.52919e+13 4.67699e+13 1.33791e+13 1.52718e+11 3.05608e+09 7.25195e+07 1.72343e+06 40965.4 930.804
311.564 13129.4 527033 2.11657e+07 8.54765e+08 4.17068e+10 3.80435e+12 1.33381e+13 2.72115e+13 4.32001e+13 5.86067e+13 7.07341e+13 7.74052e+13 7.74052e+13 7.07341e+13 5.86067e+13 4.32001e+13 2.72115e+13 1.33381e+13 3.80435e+12 4.17068e+10 8.54765e+08 2.11657e+07 527033 13129.4 311.564
53.0398 1836.13 55440.8 1.4486e+06 2.81086e+07 3.97934e+08 3.99307e+10 1.46003e+11 3.03523e+11 4.87371e+11 6.66162e+11 8.07805e+11 8.8602e+11 8.8602e+11 8.07805e+11 6.66162e+11 4.87371e+11 3.03523e+11 1.46003e+11 3.99307e+10 3.97934e+08 2.81086e+07 1.4486e+06 55440.8 1836.13 53.0398
5.67011 159.582 3712.9 72467.9 1.2059e+06 2.72945e+07 8.14749e+08 2.90925e+09 6.04756e+09 9.71839e+09 1.32908e+10 1.6122e+10 1.76857e+10 1.76857e+10 1.6122e+10 1.32908e+10 9.71839e+09 6.04756e+09 2.90925e+09 8.14749e+08 2.72945e+07 1.2059e+06 72467.9 3712.9 159.582 5.67011
0.45721 10.9467 217.21 3909.38 70917.3 1.39523e+06 2.01771e+07 6.90466e+07 1.42799e+08 2.29209e+08 3.13286e+08 3.79888e+08 4.16661e+08 4.16661e+08 3.79888e+08 3.13286e+08 2.29209e+08 1.42799e+08 6.90466e+07 2.01771e+07 1.39523e+06 70917.3 3909.38 217.21 10.9467 0.45721
0.0313419 0.674054 12.3194 213.674 3598.33 53207.8 502448 1.64115e+06 3.37018e+06 5.40092e+06 7.3772e+06 8.94222e+06 9.80606e+06 9.80606e+06 8.94222e+06 7.3772e+06 5.40092e+06 3.37018e+06 1.64115e+06 502448 53207.8 3598.33 213.674 12.3194 0.674054 0.0313419
0.001943 0.03884 0.665262 10.6641 153.899 1758.78 12517.4 39015.6 79423.5 127018 173364 210058 230307 230307 210058 173364 127018 79423.5 39015.6 12517.4 1758.78 153.899 10.6641 0.665262 0.0388401 0.001943
0.000102055 0.00192306 0.0306679 0.442948 5.45299 50.7472 297.048 886.625 1787.77 2852.21 3889.56 4710.88 5164.03 5164.03 4710.88 3889.56 2852.21 1787.77 886.625 297.048 50.7472 5.45299 0.442948 0.0306679 0.00192306 0.000102055
