5.58117e-06 0.000104114 0.00163586 0.0232199 0.281134 2.58105 14.9495 44.1596 88.0061 138.735 187.187 224.915 245.505 245.505 224.915 187.187 138.735 88.0061 44.1596 14.9495 2.58105 0.281134 0.0232199 0.00163586 0.000104114 5.58117e-06
0.000106311 0.00211053 0.0356966 0.561858 7.94791 89.3337 628.405 1937.65 3896.49 6154.03 8306.46 9981.42 10895.3 10895.3 9981.42 8306.46 6154.03 3896.49 1937.65 628.405 89.3337 7.94791 0.561858 0.0356966 0.00211053 0.00010631
0.00170899 0.0366653 0.665514 11.3647 186.91 2703.21 25178.1 81321.3 164874 260786 352095 423114 461857 461857 423114 352095 260786 164874 81321.3 25178.1 2703.21 186.91 11.3647 0.665514 0.0366653 0.00170899
0.0247192 0.592329 11.7581 210.472 3735.15 71126.8 1.01005e+06 3.41622e+06 6.97143e+06 1.1038e+07 1.49052e+07 1.7912e+07 1.95521e+07 1.95521e+07 1.7912e+07 1.49052e+07 1.1038e+07 6.97143e+06 3.41622e+06 1.01005e+06 71126.8 3735.15 210.472 11.7581 0.592329 0.0247192
0.30281 8.53156 199.216 3913.45 65158.9 1.40927e+06 4.07774e+07 1.43837e+08 2.94846e+08 4.67106e+08 6.30807e+08 7.5806e+08 8.27467e+08 8.27467e+08 7.5806e+08 6.30807e+08 4.67106e+08 2.94846e+08 1.43837e+08 4.07774e+07 1.40927e+06 65158.9 3913.45 199.216 8.53156 0.30281
2.79464 96.6773 2923.05 76801.1 1.51678e+06 2.19618e+07 2.00949e+09 7.25472e+09 1.48702e+10 2.35387e+10 3.17721e+10 3.81713e+10 4.16615e+10 4.16615e+10 3.81713e+10 3.17721e+10 2.35387e+10 1.48702e+10 7.25472e+09 2.00949e+09 2.19618e+07 1.51678e+06 76801.1 2923.05 96.6773 2.79464
16.2081 681.296 27296.9 1.09505e+06 4.42105e+07 2.14515e+09 1.91476e+11 6.65894e+11 1.34578e+12 2.1162e+12 2.84686e+12 3.41464e+12 3.72438e+12 3.72438e+12 3.41464e+12 2.84686e+12 2.1162e+12 1.34578e+12 6.65894e+11 1.91476e+11 2.14515e+09 4.42105e+07 1.09505e+06 27296.9 681.296 16.2081
47.8739 2100.63 88161.9 3.70364e+06 1.55942e+08 7.75413e+09 6.68423e+11 2.31912e+12 4.68292e+12 7.3607e+12 9.90003e+12 1.18733e+13 1.29498e+13 1.29498e+13 1.18733e+13 9.90003e+12 7.36069e+12 4.68292e+12 2.31912e+12 6.68423e+11 7.75413e+09 1.55942e+08 3.70364e+06 88161.9 2100.63 47.8739
95.3588 4221.98 178645 7.55365e+06 3.1947e+08 1.58906e+10 1.35224e+12 4.68767e+12 9.46277e+12 1.48716e+13 2.00007e+13 2.39864e+13 2.61607e+13 2.61607e+13 2.39864e+13 2.00007e+13 1.48716e+13 9.46277e+12 4.68767e+12 1.35224e+12 1.58906e+10 3.1947e+08 7.55365e+06 178645 4221.98 95.3588
150.223 6663.38 282361 1.19509e+07 5.05722e+08 2.51391e+10 2.12672e+12 7.36961e+12 1.48746e+13 2.33752e+13 3.1436e+13 3.77e+13 4.11172e+13 4.11172e+13 3.77e+13 3.1436e+13 2.33752e+13 1.48746e+13 7.3696e+12 2.12672e+12 2.51391e+10 5.05722e+08 1.19509e+07 282361 6663.38 150.223
202.548 8987.6 380946 1.61257e+07 6.82424e+08 3.39092e+10 2.8606e+12 9.91083e+12 2.00024e+13 3.14325e+13 4.22712e+13 5.06938e+13 5.52887e+13 5.52887e+13 5.06938e+13 4.22712e+13 3.14325e+13 2.00024e+13 9.91083e+12 2.8606e+12 3.39092e+10 6.82424e+08 1.61257e+07 380946 8987.6 202.548
243.238 10793.8 457517 1.9367e+07 8.1958e+08 4.07157e+10 3.4304e+12 1.18839e+13 2.39839e+13 3.76887e+13 5.06843e+13 6.0783e+13 6.62923e+13 6.62923e+13 6.0783e+13 5.06843e+13 3.76887e+13 2.39839e+13 1.18839e+13 3.4304e+12 4.07157e+10 8.1958e+08 1.9367e+07 457517 10793.8 243.238
265.426 11778.4 499249 2.11333e+07 8.94311e+08 4.44241e+10 3.74104e+12 1.29597e+13 2.61547e+13 4.10997e+13 5.52713e+13 6.62839e+13 7.22917e+13 7.22917e+13 6.62839e+13 5.52713e+13 4.10997e+13 2.61547e+13 1.29597e+13 3.74104e+12 4.44241e+10 8.94311e+08 2.11333e+07 499249 11778.4 265.426
265.426 11778.4 499249 2.11333e+07 8.94311e+08 4.44241e+10 3.74104e+12 1.29597e+13 2.61547e+13 4.10997e+13 5.52713e+13 6.62839e+13 7.22917e+13 7.22917e+13 6.62839e+13 5.52713e+13 4.10997e+13 2.61547e+13 1.29597e+13 3.74104e+12 4.44241e+10 8.94311e+08 2.11333e+07 499249 11778.4 265.426
243.238 10793.8 457517 1.9367e+07 8.1958e+08 4.07157e+10 3.4304e+12 1.18839e+13 2.39839e+13 3.76887e+13 5.06843e+13 6.0783e+13 6.62923e+13 6.62923e+13 6.0783e+13 5.06843e+13 3.76887e+13 2.39839e+13 1.18839e+13 3.4304e+12 4.07157e+10 8.1958e+08 1.9367e+07 457517 10793.8 243.238
202.548 8987.6 380946 1.61257e+07 6.82424e+08 3.39092e+10 2.8606e+12 9.91083e+12 2.00024e+13 3.14325e+13 4.22712e+13 5.06938e+13 5.52887e+13 5.52887e+13 5.06938e+13 4.22712e+13 3.14325e+13 2.00024e+13 9.91083e+12 2.8606e+12 3.39092e+10 6.82424e+08 1.61257e+07 380946 8987.6 202.548
150.223 6663.38 282361 1.19509e+07 5.05722e+08 2.51391e+10 2.12672e+12 7.3696e+12 1.48746e+13 2.33752e+13 3.1436e+13 3.77e+13 4.11172e+13 4.11172e+13 3.77e+13 3.1436e+13 2.33752e+13 1.48746e+13 7.36961e+12 2.12672e+12 2.51391e+10 5.05722e+08 1.19509e+07 282361 6663.38 150.223
95.3588 4221.98 178645 7.55365e+06 3.1947e+08 1.58906e+10 1.35224e+12 4.68767e+12 9.46277e+12 1.48716e+13 2.00007e+13 2.39864e+13 2.61607e+13 2.61607e+13 2.39864e+13 2.00007e+13 1.48716e+13 9.46277e+12 4.68767e+12 1.35224e+12 1.58906e+10 3.1947e+08 7.55365e+06 178645 4221.98 95.3588
47.8739 2100.63 88161.9 3.70364e+06 1.55942e+08 7.75413e+09 6.68423e+11 2.31912e+12 4.68292e+12 7.36069e+12 9.90003e+12 1.18733e+13 1.29498e+13 1.29498e+13 1.18733e+13 9.90003e+12 7.3607e+12 4.68292e+12 2.31912e+12 6.68423e+11 7.75413e+09 1.55942e+08 3.70364e+06 88161.9 2100.63 47.8739
16.2081 681.296 27296.9 1.09505e+06 4.42105e+07 2.14515e+09 1.91476e+11 6.65894e+11 1.34578e+12 2.1162e+12 2.84686e+12 3.41464e+12 3.72438e+12 3.72438e+12 3.41464e+12 2.84686e+12 2.1162e+12 1.34578e+12 6.65894e+11 1.91476e+11 2.14515e+09 4.42105e+07 1.09505e+06 27296.9 681.296 16.2081
2.79464 96.6773 2923.05 76801.1 1.51678e+06 2.19618e+07 2.00949e+09 7.25472e+09 1.48702e+10 2.35387e+10 3.17721e+10 3.81713e+10 4.16615e+10 4.16615e+10 3.81713e+10 3.17721e+10 2.35387e+10 1.48702e+10 7.25472e+09 2.00949e+09 2.19618e+07 1.51678e+06 76801.1 2923.05 96.6773 2.79464
0.30281 8.53156 199.216 3913.45 65158.9 1.40927e+06 4.07774e+07 1.43837e+08 2.94846e+08 4.67106e+08 6.30807e+08 7.5806e+08 8.27467e+08 8.27467e+08 7.5806e+08 6.30807e+08 4.67106e+08 2.94846e+08 1.43837e+08 4.07774e+07 1.40927e+06 65158.9 3913.45 199.216 8.53156 0.30281
0.0247192 0.592329 11.7581 210.472 3735.15 71126.8 1.01005e+06 3.41622e+06 6.97143e+06 1.1038e+07 1.49052e+07 1.7912e+07 1.95521e+07 1.95521e+07 1.7912e+07 1.49052e+07 1.1038e+07 6.97143e+06 3.41622e+06 1.01005e+06 71126.8 3735.15 210.472 11.7581 0.592329 0.0247192
0.00170899 0.0366653 0.665514 11.3647 186.91 2703.21 25178.1 81321.3 164874 260786 352095 423114 461857 461857 423114 352095 260786 164874 81321.3 25178.1 2703.21 186.91 11.3647 0.665514 0.0366653 0.00170899
0.00010631 0.00211053 0.0356966 0.561858 7.94791 89.3337 628.405 1937.65 3896.49 6154.03 8306.46 9981.42 10895.3 10895.3 9981.42 8306.46 6154.03 3896.49 1937.65 628.405 89.3337 7.94791 0.561858 0.0356966 0.00211053 0.00010631
5.58117e-06 0.000104114 0.00163586 0.0232199 0.281134 2.58105 14.9495 44.1596 88.0061 138.735 187.187 224.915 245.505 245.505 224.915 187.187 138.735 88.0061 44.1596 14.9495 2.58105 0.281134 0.0232199 0.00163586 0.000104114 5.58117e-06
