0.00205896 0.0388538 0.620475 8.97278 110.588 1030.33 6037.72 18040.1 36407.1 58116.2 79273.2 96017 105251 105251 96017 79273.2 58116.2 36407.1 18040.1 6037.72 1030.33 110.588 8.97278 0.620475 0.0388538 0.00205896
0.0392626 0.786141 13.4859 216.454 3127.23 35776.9 254906 795423 1.62081e+06 2.59373e+06 3.54115e+06 4.29094e+06 4.7045e+06 4.7045e+06 4.29094e+06 3.54115e+06 2.59373e+06 1.62081e+06 795423 254906 35776.9 3127.23 216.454 13.4859 0.786141 0.0392626
0.634308 13.6667 250.209 4345.62 73256.5 1.08422e+06 1.02486e+07 3.35161e+07 6.89011e+07 1.10496e+08 1.50978e+08 1.83021e+08 2.00698e+08 2.00698e+08 1.83021e+08 1.50978e+08 1.10496e+08 6.89011e+07 3.35161e+07 1.02486e+07 1.08422e+06 73256.5 4345.62 250.209 13.6667 0.634308
9.26557 222.273 4418.65 79650 1.44633e+06 2.84725e+07 4.12072e+08 1.41199e+09 2.92369e+09 4.69648e+09 6.42147e+09 7.78722e+09 8.54086e+09 8.54086e+09 7.78722e+09 6.42147e+09 4.69648e+09 2.92369e+09 1.41199e+09 4.12072e+08 2.84725e+07 1.44633e+06 79650 4418.65 222.273 9.26557
115.043 3244.17 75622.4 1.47849e+06 2.46364e+07 5.57752e+08 1.66538e+10 5.95521e+10 1.23953e+11 1.99357e+11 2.72741e+11 3.30865e+11 3.62947e+11 3.62947e+11 3.30865e+11 2.72741e+11 1.99357e+11 1.23953e+11 5.95521e+10 1.66538e+10 5.57752e+08 2.46364e+07 1.47849e+06 75622.4 3244.17 115.043
1077.3 37366.2 1.13024e+06 2.95772e+07 5.74773e+08 8.14871e+09 8.16646e+11 2.99066e+12 6.226e+12 1.00063e+13 1.36828e+13 1.65939e+13 1.82004e+13 1.82004e+13 1.65939e+13 1.36828e+13 1.00063e+13 6.226e+12 2.99066e+12 8.16646e+11 8.14871e+09 5.74773e+08 2.95772e+07 1.13024e+06 37366.2 1077.3
6334.64 267452 1.07535e+07 4.32408e+08 1.74778e+10 8.53117e+11 7.78262e+13 2.73237e+14 5.58217e+14 8.87178e+14 1.20445e+15 1.45427e+15 1.5917e+15 1.5917e+15 1.45427e+15 1.20445e+15 8.87178e+14 5.58217e+14 2.73237e+14 7.78262e+13 8.53117e+11 1.74779e+10 4.32408e+08 1.07535e+07 267452 6334.64
18942.3 835334 3.52036e+07 1.48334e+09 6.25726e+10 3.12852e+12 2.74069e+14 9.59354e+14 1.95733e+15 3.1083e+15 4.2177e+15 5.09092e+15 5.57117e+15 5.57117e+15 5.09092e+15 4.2177e+15 3.1083e+15 1.95733e+15 9.59354e+14 2.74069e+14 3.12852e+12 6.25726e+10 1.48334e+09 3.52036e+07 835334 18942.3
38221.9 1.70187e+06 7.23592e+07 3.07095e+09 1.30219e+11 6.51261e+12 5.60449e+14 1.95923e+15 3.99499e+15 6.34194e+15 8.60356e+15 1.03834e+16 1.13622e+16 1.13622e+16 1.03834e+16 8.60356e+15 6.34194e+15 3.99499e+15 1.95923e+15 5.60449e+14 6.51261e+12 1.30219e+11 3.07095e+09 7.23592e+07 1.70187e+06 38221.9
60979.6 2.72192e+06 1.15975e+08 4.93013e+09 2.09309e+11 1.04614e+13 8.90969e+14 3.11225e+15 6.34389e+15 1.00686e+16 1.36574e+16 1.64813e+16 1.80343e+16 1.80343e+16 1.64813e+16 1.36574e+16 1.00686e+16 6.34389e+15 3.11225e+15 8.90969e+14 1.04614e+13 2.09309e+11 4.93013e+09 1.15975e+08 2.72192e+06 60979.6
83123.8 3.71363e+06 1.58354e+08 6.7361e+09 2.86145e+11 1.42955e+13 1.20956e+15 4.22305e+15 8.60625e+15 1.36575e+16 1.85237e+16 2.23527e+16 2.44583e+16 2.44583e+16 2.23527e+16 1.85237e+16 1.36575e+16 8.60625e+15 4.22305e+15 1.20956e+15 1.42955e+13 2.86145e+11 6.7361e+09 1.58354e+08 3.71363e+06 83123.8
100623 4.4973e+06 1.91845e+08 8.16368e+09 3.46903e+11 1.73264e+13 1.46024e+15 5.09681e+15 1.03856e+16 1.64798e+16 2.23505e+16 2.69696e+16 2.95096e+16 2.95096e+16 2.69696e+16 2.23505e+16 1.64798e+16 1.03856e+16 5.09681e+15 1.46024e+15 1.73264e+13 3.46903e+11 8.16368e+09 1.91845e+08 4.4973e+06 100623
110264 4.92908e+06 2.10302e+08 8.95054e+09 3.80399e+11 1.89971e+13 1.59807e+15 5.57712e+15 1.13636e+16 1.80311e+16 2.44538e+16 2.95072e+16 3.22859e+16 3.22859e+16 2.95072e+16 2.44538e+16 1.80311e+16 1.13636e+16 5.57712e+15 1.59807e+15 1.89971e+13 3.80399e+11 8.95054e+09 2.10302e+08 4.92908e+06 110264
110264 4.92908e+06 2.10302e+08 8.95054e+09 3.80399e+11 1.89971e+13 1.59807e+15 5.57712e+15 1.13636e+16 1.80311e+16 2.44538e+16 2.95072e+16 3.22859e+16 3.22859e+16 2.95072e+16 2.44538e+16 1.80311e+16 1.13636e+16 5.57712e+15 1.59807e+15 1.89971e+13 3.80399e+11 8.95054e+09 2.10302e+08 4.92908e+06 110264
100623 4.4973e+06 1.91845e+08 8.16368e+09 3.46903e+11 1.73264e+13 1.46024e+15 5.09681e+15 1.03856e+16 1.64798e+16 2.23505e+16 2.69696e+16 2.95096e+16 2.95096e+16 2.69696e+16 2.23505e+16 1.64798e+16 1.03856e+16 5.09681e+15 1.46024e+15 1.73264e+13 3.46903e+11 8.16368e+09 1.91845e+08 4.4973e+06 100623
83123.8 3.71363e+06 1.58354e+08 6.7361e+09 2.86145e+11 1.42955e+13 1.20956e+15 4.22305e+15 8.60625e+15 1.36575e+16 1.85237e+16 2.23527e+16 2.44583e+16 2.44583e+16 2.23527e+16 1.85237e+16 1.36575e+16 8.60625e+15 4.22305e+15 1.20956e+15 1.42955e+13 2.86145e+11 6.7361e+09 1.58354e+08 3.71363e+06 83123.8
60979.6 2.72192e+06 1.15975e+08 4.93013e+09 2.09309e+11 1.04614e+13 8.90969e+14 3.11225e+15 6.34389e+15 1.00686e+16 1.36574e+16 1.64813e+16 1.80343e+16 1.80343e+16 1.64813e+16 1.36574e+16 1.00686e+16 6.34389e+15 3.11225e+15 8.90969e+14 1.04614e+13 2.09309e+11 4.93013e+09 1.15975e+08 2.72192e+06 60979.6
38221.9 1.70187e+06 7.23592e+07 3.07095e+09 1.30219e+11 6.51261e+12 5.60449e+14 1.95923e+15 3.99499e+15 6.34194e+15 8.60356e+15 1.03834e+16 1.13622e+16 1.13622e+16 1.03834e+16 8.60356e+15 6.34194e+15 3.99499e+15 1.95923e+15 5.60449e+14 6.51261e+12 1.30219e+11 3.07095e+09 7.23592e+07 1.70187e+06 38221.9
18942.3 835334 3.52036e+07 1.48334e+09 6.25726e+10 3.12852e+12 2.74069e+14 9.59354e+14 1.95733e+15 3.1083e+15 4.2177e+15 5.09092e+15 5.57117e+15 5.57117e+15 5.09092e+15 4.2177e+15 3.1083e+15 1.95733e+15 9.59354e+14 2.74069e+14 3.12852e+12 6.25726e+10 1.48334e+09 3.52036e+07 835334 18942.3
6334.64 267452 1.07535e+07 4.32408e+08 1.74778e+10 8.53117e+11 7.78262e+13 2.73237e+14 5.58217e+14 8.87178e+14 1.20445e+15 1.45427e+15 1.5917e+15 1.5917e+15 1.45427e+15 1.20445e+15 8.87178e+14 5.58217e+14 2.73237e+14 7.78262e+13 8.53117e+11 1.74778e+10 4.32408e+08 1.07535e+07 267452 6334.64
1077.3 37366.2 1.13024e+06 2.95772e+07 5.74773e+08 8.14871e+09 8.16646e+11 2.99066e+12 6.226e+12 1.00063e+13 1.36828e+13 1.65939e+13 1.82004e+13 1.82004e+13 1.65939e+13 1.36828e+13 1.00063e+13 6.226e+12 2.99066e+12 8.16646e+11 8.14871e+09 5.74773e+08 2.95772e+07 1.13024e+06 37366.2 1077.3
115.043 3244.17 75622.4 1.47849e+06 2.46364e+07 5.57752e+08 1.66538e+10 5.95521e+10 1.23953e+11 1.99357e+11 2.72741e+11 3.30865e+11 3.62947e+11 3.62947e+11 3.30865e+11 2.72741e+11 1.99357e+11 1.23953e+11 5.95521e+10 1.66538e+10 5.57752e+08 2.46364e+07 1.47849e+06 75622.4 3244.17 115.043
9.26557 222.273 4418.65 79650 1.44633e+06 2.84725e+07 4.12072e+08 1.41199e+09 2.92369e+09 4.69648e+09 6.42147e+09 7.78722e+09 8.54086e+09 8.54086e+09 7.78722e+09 6.42147e+09 4.69648e+09 2.92369e+09 1.41199e+09 4.12072e+08 2.84725e+07 1.44633e+06 79650 4418.65 222.273 9.26557
0.634308 13.6667 250.209 4345.62 73256.5 1.08422e+06 1.02486e+07 3.35161e+07 6.89011e+07 1.10496e+08 1.50978e+08 1.83021e+08 2.00698e+08 2.00698e+08 1.83021e+08 1.50978e+08 1.10496e+08 6.89011e+07 3.35161e+07 1.02486e+07 1.08422e+06 73256.5 4345.62 250.209 13.6667 0.634308
0.0392626 0.786141 13.4859 216.454 3127.23 35776.9 254906 795423 1.62081e+06 2.59373e+06 3.54115e+06 4.29094e+06 4.7045e+06 4.7045e+06 4.29094e+06 3.54115e+06 2.59373e+06 1.62081e+06 795423 254906 35776.9 3127.23 216.454 13.4859 0.786141 0.0392626
0.00205896 0.0388538 0.620475 8.97278 110.588 1030.33 6037.72 18040.1 36407.1 58116.2 79273.2 96017 105251 105251 96017 79273.2 58116.2 36407.1 18040.1 6037.72 1030.33 110.588 8.97278 0.620475 0.0388538 0.00205896
