1.35161e-05 0.000254347 0.0040502 0.0584125 0.718061 6.67294 38.9999 116.176 233.726 372.061 506.431 612.546 671.002 671.002 612.546 506.431 372.061 233.726 116.176 38.9999 6.67294 0.718061 0.0584125 0.0040502 0.000254347 1.35161e-05
0.000257031 0.00513093 0.0877529 1.40456 20.24 230.975 1641.4 5105.52 10368.4 16542.9 22534.5 27265.9 29872.6 29872.6 27265.9 22534.5 16542.9 10368.4 5105.52 1641.4 230.975 20.24 1.40456 0.0877529 0.00513093 0.000257031
0.00414082 0.0889341 1.62311 28.1111 472.7 6979.89 65819.6 214522 439414 702452 957508 1.15893e+06 1.26993e+06 1.26993e+06 1.15893e+06 957508 702452 439414 214522 65819.6 6979.89 472.7 28.1111 1.62311 0.0889341 0.00414082
0.0603265 1.44247 28.5853 513.834 9308.2 182871 2.64127e+06 9.01795e+06 1.86006e+07 2.97788e+07 4.06141e+07 4.91732e+07 5.38908e+07 5.38908e+07 4.91732e+07 4.06141e+07 2.97788e+07 1.86006e+07 9.01795e+06 2.64127e+06 182871 9308.2 513.834 28.5853 1.44247 0.0603265
0.747133 21.0005 488.033 9515.9 158195 3.57549e+06 1.06612e+08 3.79766e+08 7.87197e+08 1.26159e+09 1.72146e+09 2.08486e+09 2.28522e+09 2.28522e+09 2.08486e+09 1.72146e+09 1.26159e+09 7.87197e+08 3.79766e+08 1.06612e+08 3.57549e+06 158195 9515.9 488.033 21.0005 0.747133
6.97911 241.298 7277.83 190000 3.68483e+06 5.21453e+07 5.22498e+09 1.90571e+10 3.95032e+10 6.32566e+10 8.62663e+10 1.04443e+11 1.14462e+11 1.14462e+11 1.04443e+11 8.62663e+10 6.32566e+10 3.95032e+10 1.90571e+10 5.22498e+09 5.21453e+07 3.68483e+06 190000 7277.83 241.298 6.97911
40.9332 1722.82 69087 2.77257e+06 1.11925e+08 5.46039e+09 4.97748e+11 1.74197e+12 3.54623e+12 5.61822e+12 7.60866e+12 9.17182e+12 1.00305e+13 1.00305e+13 9.17182e+12 7.60866e+12 5.61822e+12 3.54623e+12 1.74197e+12 4.97748e+11 5.46039e+09 1.11925e+08 2.77257e+06 69087 1722.82 40.9332
122.047 5364.28 225428 9.4779e+06 3.992e+08 1.99446e+10 1.7473e+12 6.0978e+12 1.23984e+13 1.96281e+13 2.65691e+13 3.2018e+13 3.50104e+13 3.50104e+13 3.2018e+13 2.65691e+13 1.96281e+13 1.23984e+13 6.0978e+12 1.7473e+12 1.99446e+10 3.992e+08 9.4779e+06 225428 5364.28 122.047
245.54 10894 461759 1.95495e+07 8.27484e+08 4.13465e+10 3.56068e+12 1.24111e+13 2.52221e+13 3.9917e+13 5.4022e+13 6.50929e+13 7.11722e+13 7.11722e+13 6.50929e+13 5.4022e+13 3.9917e+13 2.52221e+13 1.24111e+13 3.56068e+12 4.13465e+10 8.27484e+08 1.95495e+07 461759 10894 245.54
390.733 17375.5 737908 3.12864e+07 1.32565e+09 6.61876e+10 5.64324e+12 1.9656e+13 3.99331e+13 6.31874e+13 8.55051e+13 1.0302e+14 1.12638e+14 1.12638e+14 1.0302e+14 8.55051e+13 6.31875e+13 3.99331e+13 1.9656e+13 5.64324e+12 6.61876e+10 1.32565e+09 3.12864e+07 737908 17375.5 390.733
531.606 23657.7 1.00536e+06 4.26496e+07 1.80798e+09 9.02234e+10 7.64332e+12 2.66102e+13 5.40508e+13 8.55163e+13 1.15712e+14 1.39408e+14 1.52419e+14 1.52419e+14 1.39408e+14 1.15712e+14 8.55163e+13 5.40508e+13 2.66102e+13 7.64332e+12 9.02234e+10 1.80798e+09 4.26496e+07 1.00536e+06 23657.7 531.606
642.743 28613.3 1.21635e+06 5.16157e+07 2.1887e+09 1.0919e+11 9.21348e+12 3.20676e+13 6.51283e+13 1.03035e+14 1.3941e+14 1.67954e+14 1.83627e+14 1.83627e+14 1.67954e+14 1.3941e+14 1.03035e+14 6.51283e+13 3.20676e+13 9.21348e+12 1.0919e+11 2.1887e+09 5.16157e+07 1.21635e+06 28613.3 642.743
703.92 31341.4 1.33253e+06 5.65538e+07 2.39843e+09 1.19636e+11 1.00757e+13 3.50639e+13 7.12096e+13 1.12652e+14 1.52418e+14 1.83624e+14 2.00757e+14 2.00757e+14 1.83624e+14 1.52418e+14 1.12652e+14 7.12096e+13 3.50639e+13 1.00757e+13 1.19636e+11 2.39843e+09 5.65538e+07 1.33253e+06 31341.4 703.92
703.92 31341.4 1.33253e+06 5.65538e+07 2.39843e+09 1.19636e+11 1.00757e+13 3.50639e+13 7.12096e+13 1.12652e+14 1.52418e+14 1.83624e+14 2.00757e+14 2.00757e+14 1.83624e+14 1.52418e+14 1.12652e+14 7.12096e+13 3.50639e+13 1.00757e+13 1.19636e+11 2.39843e+09 5.65538e+07 1.33253e+06 31341.4 703.92
642.743 28613.3 1.21635e+06 5.16157e+07 2.1887e+09 1.0919e+11 9.21348e+12 3.20676e+13 6.51283e+13 1.03035e+14 1.3941e+14 1.67954e+14 1.83627e+14 1.83627e+14 1.67954e+14 1.3941e+14 1.03035e+14 6.51283e+13 3.20676e+13 9.21348e+12 1.0919e+11 2.1887e+09 5.16157e+07 1.21635e+06 28613.3 642.743
531.606 23657.7 1.00536e+06 4.26496e+07 1.80798e+09 9.02234e+10 7.64332e+12 2.66102e+13 5.40508e+13 8.55163e+13 1.15712e+14 1.39408e+14 1.52419e+14 1.52419e+14 1.39408e+14 1.15712e+14 8.55163e+13 5.40508e+13 2.66102e+13 7.64332e+12 9.02234e+10 1.80798e+09 4.26496e+07 1.00536e+06 23657.7 531.606
390.733 17375.5 737908 3.12864e+07 1.32565e+09 6.61876e+10 5.64324e+12 1.9656e+13 3.99331e+13 6.31875e+13 8.55051e+13 1.0302e+14 1.12638e+14 1.12638e+14 1.0302e+14 8.55051e+13 6.31874e+13 3.99331e+13 1.9656e+13 5.64324e+12 6.61876e+10 1.32565e+09 3.12864e+07 737908 17375.5 390.733
245.54 10894 461759 1.95495e+07 8.27484e+08 4.13465e+10 3.56068e+12 1.24111e+13 2.52221e+13 3.9917e+13 5.4022e+13 6.50929e+13 7.11722e+13 7.11722e+13 6.50929e+13 5.4022e+13 3.9917e+13 2.52221e+13 1.24111e+13 3.56068e+12 4.13465e+10 8.27484e+08 1.95495e+07 461759 10894 245.54
122.047 5364.28 225428 9.4779e+06 3.992e+08 1.99446e+10 1.7473e+12 6.0978e+12 1.23984e+13 1.96281e+13 2.65691e+13 3.2018e+13 3.50104e+13 3.50104e+13 3.2018e+13 2.65691e+13 1.96281e+13 1.23984e+13 6.0978e+12 1.7473e+12 1.99446e+10 3.992e+08 9.4779e+06 225428 5364.28 122.047
40.9332 1722.82 69087 2.77257e+06 1.11925e+08 5.46039e+09 4.97748e+11 1.74197e+12 3.54623e+12 5.61822e+12 7.60866e+12 9.17182e+12 1.00305e+13 1.00305e+13 9.17182e+12 7.60866e+12 5.61822e+12 3.54623e+12 1.74197e+12 4.97748e+11 5.46039e+09 1.11925e+08 2.77257e+06 69087 1722.82 40.9332
6.97911 241.298 7277.83 190000 3.68483e+06 5.21453e+07 5.22498e+09 1.90571e+10 3.95032e+10 6.32566e+10 8.62663e+10 1.04443e+11 1.14462e+11 1.14462e+11 1.04443e+11 8.62663e+10 6.32566e+10 3.95032e+10 1.90571e+10 5.22498e+09 5.21453e+07 3.68483e+06 190000 7277.83 241.298 6.97911
0.747133 21.0005 488.033 9515.9 158195 3.57549e+06 1.06612e+08 3.79766e+08 7.87197e+08 1.26159e+09 1.72146e+09 2.08486e+09 2.28522e+09 2.28522e+09 2.08486e+09 1.72146e+09 1.26159e+09 7.87197e+08 3.79766e+08 1.06612e+08 3.57549e+06 158195 9515.9 488.033 21.0005 0.747133
0.0603265 1.44247 28.5853 513.834 9308.2 182871 2.64127e+06 9.01795e+06 1.86006e+07 2.97788e+07 4.06141e+07 4.91732e+07 5.38908e+07 5.38908e+07 4.91732e+07 4.06141e+07 2.97788e+07 1.86006e+07 9.01795e+06 2.64127e+06 182871 9308.2 513.834 28.5853 1.44247 0.0603265
0.00414082 0.0889341 1.62311 28.1111 472.7 6979.89 65819.6 214522 439414 702452 957508 1.15893e+06 1.26993e+06 1.26993e+06 1.15893e+06 957508 702452 439414 214522 65819.6 6979.89 472.7 28.1111 1.62311 0.0889341 0.00414081
0.000257031 0.00513093 0.0877529 1.40456 20.24 230.975 1641.4 5105.52 10368.4 16542.9 22534.5 27265.9 29872.6 29872.6 27265.9 22534.5 16542.9 10368.4 5105.52 1641.4 230.975 20.24 1.40456 0.0877529 0.00513093 0.000257031
1.35161e-05 0.000254347 0.0040502 0.0584125 0.718061 6.67294 38.9999 116.176 233.726 372.061 506.431 612.546 671.002 671.002 612.546 506.431 372.061 233.726 116.176 38.9999 6.67294 0.718061 0.0584125 0.0040502 0.000254347 1.35161e-05
