0.00325801 0.0613023 0.969282 13.8208 168.065 1551.39 9051.61 27009.1 54440.2 86749.9 118089 142772 156337 156337 142772 118089 86749.9 54440.2 27009.1 9051.61 1551.39 168.065 13.8208 0.969282 0.0613023 0.00325801
0.0627939 1.26107 21.4956 339.829 4821.37 54400.1 385089 1.19995e+06 2.4422e+06 3.9013e+06 5.31507e+06 6.42829e+06 7.04001e+06 7.04001e+06 6.42829e+06 5.31507e+06 3.9013e+06 2.4422e+06 1.19995e+06 385089 54400.1 4821.37 339.829 21.4956 1.26107 0.0627939
1.01936 22.1697 406.366 6975.08 114859 1.66291e+06 1.55586e+07 5.08043e+07 1.04321e+08 1.66995e+08 2.27667e+08 2.75432e+08 3.01678e+08 3.01678e+08 2.75432e+08 2.27667e+08 1.66995e+08 1.04321e+08 5.08043e+07 1.55586e+07 1.66291e+06 114859 6975.08 406.366 22.1697 1.01936
14.8523 361.169 7255.06 130911 2.32621e+06 4.41393e+07 6.27661e+08 2.14737e+09 4.44141e+09 7.12095e+09 9.71342e+09 1.17541e+10 1.28755e+10 1.28755e+10 1.17541e+10 9.71342e+09 7.12095e+09 4.44141e+09 2.14737e+09 6.27661e+08 4.41393e+07 2.32621e+06 130911 7255.06 361.169 14.8523
182.988 5230.58 123641 2.45585e+06 4.12156e+07 8.83559e+08 2.54241e+10 9.07788e+10 1.88748e+11 3.02969e+11 4.13452e+11 5.0042e+11 5.48204e+11 5.48204e+11 5.0042e+11 4.13452e+11 3.02969e+11 1.88748e+11 9.07788e+10 2.54241e+10 8.83559e+08 4.12156e+07 2.45585e+06 123641 5230.58 182.988
1697.98 59522.7 1.81873e+06 4.82423e+07 9.64194e+08 1.4139e+10 1.25642e+12 4.59279e+12 9.55082e+12 1.53191e+13 2.08946e+13 2.52818e+13 2.76918e+13 2.76918e+13 2.52818e+13 2.08946e+13 1.53191e+13 9.55082e+12 4.59279e+12 1.25642e+12 1.4139e+10 9.64194e+08 4.82423e+07 1.81873e+06 59522.7 1697.98
9912.35 421674 1.70354e+07 6.87195e+08 2.7834e+10 1.34894e+12 1.19818e+14 4.20583e+14 8.59289e+14 1.36491e+15 1.85115e+15 2.2328e+15 2.44224e+15 2.44224e+15 2.2328e+15 1.85115e+15 1.36491e+15 8.59289e+14 4.20583e+14 1.19818e+14 1.34894e+12 2.7834e+10 6.87195e+08 1.70354e+07 421674 9912.35
29568.5 1.31355e+06 5.56098e+07 2.35031e+09 9.93511e+10 4.93828e+12 4.22472e+14 1.4786e+15 3.01696e+15 4.78857e+15 6.49154e+15 7.82792e+15 8.56122e+15 8.56122e+15 7.82792e+15 6.49154e+15 4.78857e+15 3.01696e+15 1.4786e+15 4.22472e+14 4.93828e+12 9.93511e+10 2.35031e+09 5.56098e+07 1.31355e+06 29568.5
59567.2 2.67197e+06 1.14126e+08 4.85845e+09 2.06455e+11 1.02699e+13 8.64503e+14 3.02174e+15 6.16184e+15 9.77657e+15 1.32504e+16 1.5976e+16 1.74716e+16 1.74716e+16 1.5976e+16 1.32504e+16 9.77657e+15 6.16184e+15 3.02174e+15 8.64503e+14 1.02699e+13 2.06455e+11 4.85845e+09 1.14126e+08 2.67197e+06 59567.2
94860.2 4.26561e+06 1.82571e+08 7.78436e+09 3.31164e+11 1.64667e+13 1.37406e+15 4.79932e+15 9.78306e+15 1.55184e+16 2.10292e+16 2.53525e+16 2.77246e+16 2.77246e+16 2.53525e+16 2.10292e+16 1.55184e+16 9.78306e+15 4.79932e+15 1.37406e+15 1.64667e+13 3.31164e+11 7.78436e+09 1.82571e+08 4.26561e+06 94860.2
129050 5.80774e+06 2.4874e+08 1.06112e+10 4.51616e+11 2.24488e+13 1.86393e+15 6.50753e+15 1.32622e+16 2.1034e+16 2.85003e+16 3.43573e+16 3.75707e+16 3.75706e+16 3.43573e+16 2.85003e+16 2.1034e+16 1.32622e+16 6.50753e+15 1.86393e+15 2.24488e+13 4.51616e+11 1.06112e+10 2.4874e+08 5.80774e+06 129050
155948 7.02059e+06 3.00769e+08 1.28337e+10 5.46307e+11 2.71502e+13 2.24821e+15 7.84735e+15 1.59906e+16 2.5359e+16 3.43583e+16 4.14174e+16 4.52901e+16 4.52901e+16 4.14174e+16 3.43583e+16 2.5359e+16 1.59906e+16 7.84735e+15 2.24821e+15 2.71502e+13 5.46307e+11 1.28337e+10 3.00769e+08 7.02059e+06 155948
170718 7.68652e+06 3.29333e+08 1.40537e+10 5.98287e+11 2.97305e+13 2.459e+15 8.58222e+15 1.74871e+16 2.7731e+16 3.75709e+16 4.52891e+16 4.95233e+16 4.95233e+16 4.52891e+16 3.75709e+16 2.7731e+16 1.74871e+16 8.58222e+15 2.459e+15 2.97305e+13 5.98287e+11 1.40537e+10 3.29333e+08 7.68652e+06 170718
170718 7.68652e+06 3.29333e+08 1.40537e+10 5.98287e+11 2.97305e+13 2.459e+15 8.58222e+15 1.74871e+16 2.7731e+16 3.75709e+16 4.52891e+16 4.95233e+16 4.95233e+16 4.52891e+16 3.75709e+16 2.7731e+16 1.74871e+16 8.58222e+15 2.459e+15 2.97305e+13 5.98287e+11 1.40537e+10 3.29333e+08 7.68652e+06 170718
155948 7.02059e+06 3.00769e+08 1.28337e+10 5.46307e+11 2.71502e+13 2.24821e+15 7.84735e+15 1.59906e+16 2.5359e+16 3.43583e+16 4.14174e+16 4.52901e+16 4.52901e+16 4.14174e+16 3.43583e+16 2.5359e+16 1.59906e+16 7.84735e+15 2.24821e+15 2.71502e+13 5.46307e+11 1.28337e+10 3.00769e+08 7.02059e+06 155948
129050 5.80774e+06 2.4874e+08 1.06112e+10 4.51616e+11 2.24488e+13 1.86393e+15 6.50753e+15 1.32622e+16 2.1034e+16 2.85003e+16 3.43573e+16 3.75706e+16 3.75706e+16 3.43573e+16 2.85003e+16 2.1034e+16 1.32622e+16 6.50753e+15 1.86393e+15 2.24488e+13 4.51616e+11 1.06112e+10 2.4874e+08 5.80774e+06 129050
94860.2 4.26561e+06 1.82571e+08 7.78436e+09 3.31164e+11 1.64667e+13 1.37406e+15 4.79932e+15 9.78306e+15 1.55184e+16 2.10292e+16 2.53525e+16 2.77246e+16 2.77246e+16 2.53525e+16 2.10292e+16 1.55184e+16 9.78306e+15 4.79932e+15 1.37406e+15 1.64667e+13 3.31164e+11 7.78436e+09 1.82571e+08 4.26561e+06 94860.2
59567.2 2.67197e+06 1.14126e+08 4.85845e+09 2.06455e+11 1.02699e+13 8.64503e+14 3.02174e+15 6.16184e+15 9.77657e+15 1.32504e+16 1.5976e+16 1.74716e+16 1.74716e+16 1.5976e+16 1.32504e+16 9.77657e+15 6.16184e+15 3.02174e+15 8.64503e+14 1.02699e+13 2.06455e+11 4.85845e+09 1.14126e+08 2.67197e+06 59567.2
29568.5 1.31355e+06 5.56098e+07 2.35031e+09 9.93511e+10 4.93828e+12 4.22472e+14 1.4786e+15 3.01696e+15 4.78857e+15 6.49154e+15 7.82792e+15 8.56122e+15 8.56122e+15 7.82792e+15 6.49154e+15 4.78857e+15 3.01696e+15 1.4786e+15 4.22472e+14 4.93828e+12 9.93511e+10 2.35031e+09 5.56098e+07 1.31355e+06 29568.5
9912.35 421674 1.70354e+07 6.87195e+08 2.7834e+10 1.34894e+12 1.19818e+14 4.20583e+14 8.59289e+14 1.36491e+15 1.85115e+15 2.2328e+15 2.44224e+15 2.44224e+15 2.2328e+15 1.85115e+15 1.36491e+15 8.59289e+14 4.20583e+14 1.19818e+14 1.34894e+12 2.7834e+10 6.87195e+08 1.70354e+07 421674 9912.35
1697.98 59522.7 1.81873e+06 4.82423e+07 9.64194e+08 1.4139e+10 1.25642e+12 4.59279e+12 9.55082e+12 1.53191e+13 2.08946e+13 2.52818e+13 2.76918e+13 2.76918e+13 2.52818e+13 2.08946e+13 1.53191e+13 9.55082e+12 4.59279e+12 1.25642e+12 1.4139e+10 9.64194e+08 4.82423e+07 1.81873e+06 59522.7 1697.98
182.988 5230.58 123641 2.45585e+06 4.12156e+07 8.83559e+08 2.54241e+10 9.07788e+10 1.88748e+11 3.02969e+11 4.13452e+11 5.0042e+11 5.48204e+11 5.48204e+11 5.0042e+11 4.13452e+11 3.02969e+11 1.88748e+11 9.07788e+10 2.54241e+10 8.83559e+08 4.12156e+07 2.45585e+06 123641 5230.58 182.988
14.8523 361.169 7255.06 130911 2.32621e+06 4.41393e+07 6.27661e+08 2.14737e+09 4.44141e+09 7.12095e+09 9.71342e+09 1.17541e+10 1.28755e+10 1.28755e+10 1.17541e+10 9.71342e+09 7.12095e+09 4.44141e+09 2.14737e+09 6.27661e+08 4.41393e+07 2.32621e+06 130911 7255.06 361.169 14.8523
1.01936 22.1697 406.366 6975.08 114859 1.66291e+06 1.55586e+07 5.08043e+07 1.04321e+08 1.66995e+08 2.27667e+08 2.75432e+08 3.01678e+08 3.01678e+08 2.75432e+08 2.27667e+08 1.66995e+08 1.04321e+08 5.08043e+07 1.55586e+07 1.66291e+06 114859 6975.08 406.366 22.1697 1.01936
0.0627939 1.26107 21.4956 339.829 4821.37 54400.1 385089 1.19995e+06 2.4422e+06 3.9013e+06 5.31507e+06 6.42829e+06 7.04001e+06 7.04001e+06 6.42829e+06 5.31507e+06 3.9013e+06 2.4422e+06 1.19995e+06 385089 54400.1 4821.37 339.829 21.4956 1.26107 0.0627939
0.00325801 0.0613023 0.969282 13.8208 168.065 1551.39 9051.61 27009.1 54440.2 86749.9 118089 142772 156337 156337 142772 118089 86749.9 54440.2 27009.1 9051.61 1551.39 168.065 13.8208 0.969282 0.0613023 0.00325801
