8.51734e-05 0.00160106 0.0254382 0.365828 4.48549 41.6127 243.018 723.728 1455.52 2315.81 3150.25 3808.28 4170.38 4170.38 3808.28 3150.25 2315.81 1455.52 723.728 243.018 41.6127 4.48549 0.365828 0.0254382 0.00160106 8.51733e-05
0.00162314 0.0323964 0.553151 8.82571 126.732 1442.57 10240.2 31843.5 64648.2 103095 140347 169719 185884 185884 169719 140347 103095 64648.2 31843.5 10240.2 1442.57 126.732 8.82571 0.553151 0.0323964 0.00162314
0.0261806 0.562914 10.2717 177.432 2969.59 43668 411053 1.33939e+06 2.74275e+06 4.38236e+06 5.96973e+06 7.22134e+06 7.91021e+06 7.91021e+06 7.22134e+06 5.96973e+06 4.38236e+06 2.74275e+06 1.33939e+06 411053 43668 2969.59 177.432 10.2717 0.562914 0.0261806
0.381341 9.13697 181.387 3260.1 58782.8 1.1466e+06 1.65088e+07 5.63517e+07 1.16202e+08 1.85938e+08 2.53424e+08 3.06643e+08 3.3594e+08 3.3594e+08 3.06643e+08 2.53424e+08 1.85938e+08 1.16202e+08 5.63517e+07 1.65088e+07 1.1466e+06 58782.8 3260.1 181.387 9.13697 0.381341
4.71678 132.867 3095.87 60547.5 1.00751e+06 2.25142e+07 6.66756e+08 2.37459e+09 4.921e+09 7.88238e+09 1.07481e+10 1.30086e+10 1.42532e+10 1.42532e+10 1.30086e+10 1.07481e+10 7.88238e+09 4.921e+09 2.37459e+09 6.66756e+08 2.25142e+07 1.00751e+06 60547.5 3095.87 132.867 4.71678
43.9889 1523.45 46040.8 1.20529e+06 2.35063e+07 3.34609e+08 3.2733e+10 1.19358e+11 2.47363e+11 3.95902e+11 5.39542e+11 6.52807e+11 7.15159e+11 7.15159e+11 6.52807e+11 5.39542e+11 3.95902e+11 2.47363e+11 1.19358e+11 3.2733e+10 3.34609e+08 2.35063e+07 1.20529e+06 46040.8 1523.45 43.9889
257.663 10857.2 435827 1.75043e+07 7.07017e+08 3.44454e+10 3.12191e+12 1.0927e+13 2.22485e+13 3.52475e+13 4.77277e+13 5.75217e+13 6.28985e+13 6.28985e+13 5.75217e+13 4.77277e+13 3.52475e+13 2.22485e+13 1.0927e+13 3.12191e+12 3.44454e+10 7.07017e+08 1.75043e+07 435827 10857.2 257.663
767.896 33789.9 1.4214e+06 5.98084e+07 2.52053e+09 1.25793e+11 1.09647e+13 3.827e+13 7.78279e+13 1.23213e+14 1.66766e+14 2.00932e+14 2.19686e+14 2.19686e+14 2.00932e+14 1.66765e+14 1.23213e+14 7.78279e+13 3.827e+13 1.09647e+13 1.25793e+11 2.52053e+09 5.98084e+07 1.4214e+06 33789.9 767.896
1544.29 68597 2.91057e+06 1.23325e+08 5.22318e+09 2.60737e+11 2.23514e+13 7.79203e+13 1.58383e+14 2.5067e+14 3.39212e+14 4.08664e+14 4.46783e+14 4.46783e+14 4.08664e+14 3.39212e+14 2.5067e+14 1.58383e+14 7.79203e+13 2.23514e+13 2.60737e+11 5.22318e+09 1.23325e+08 2.91057e+06 68597 1544.29
2456.19 109354 4.64882e+06 1.97263e+08 8.36324e+09 4.172e+11 3.54275e+13 1.23421e+14 2.50795e+14 3.96862e+14 5.36983e+14 6.46886e+14 7.07204e+14 7.07204e+14 6.46886e+14 5.36982e+14 3.96862e+14 2.50795e+14 1.23421e+14 3.54275e+13 4.172e+11 8.36324e+09 1.97263e+08 4.64882e+06 109354 2456.19
3339.78 148802 6.32986e+06 2.68734e+08 1.13984e+10 5.68343e+11 4.79791e+13 1.67076e+14 3.39444e+14 5.37083e+14 7.26662e+14 8.7535e+14 9.56952e+14 9.56952e+14 8.7535e+14 7.26662e+14 5.37083e+14 3.39444e+14 1.67076e+14 4.79791e+13 5.68343e+11 1.13984e+10 2.68734e+08 6.32986e+06 148802 3339.78
4035.89 179875 7.65395e+06 3.25037e+08 1.37899e+10 6.87404e+11 5.78258e+13 2.01314e+14 4.08961e+14 6.47035e+14 8.75389e+14 1.05448e+15 1.15277e+15 1.15277e+15 1.05448e+15 8.75389e+14 6.47035e+14 4.08961e+14 2.01314e+14 5.78258e+13 6.87404e+11 1.37899e+10 3.25037e+08 7.65395e+06 179875 4035.89
4418.68 196963 8.3822e+06 3.56007e+08 1.51056e+10 7.52899e+11 6.32301e+13 2.20102e+14 4.47106e+14 7.07365e+14 9.56992e+14 1.15277e+15 1.26021e+15 1.26021e+15 1.15277e+15 9.56992e+14 7.07365e+14 4.47106e+14 2.20102e+14 6.32301e+13 7.52899e+11 1.51056e+10 3.56007e+08 8.3822e+06 196963 4418.68
4418.68 196963 8.3822e+06 3.56007e+08 1.51056e+10 7.52899e+11 6.32301e+13 2.20102e+14 4.47106e+14 7.07365e+14 9.56992e+14 1.15277e+15 1.26021e+15 1.26021e+15 1.15277e+15 9.56992e+14 7.07365e+14 4.47106e+14 2.20102e+14 6.32301e+13 7.52899e+11 1.51056e+10 3.56007e+08 8.3822e+06 196963 4418.68
4035.89 179875 7.65395e+06 3.25037e+08 1.37899e+10 6.87404e+11 5.78258e+13 2.01314e+14 4.08961e+14 6.47035e+14 8.75389e+14 1.05448e+15 1.15277e+15 1.15277e+15 1.05448e+15 8.75389e+14 6.47035e+14 4.08961e+14 2.01314e+14 5.78258e+13 6.87404e+11 1.37899e+10 3.25037e+08 7.65395e+06 179875 4035.89
3339.78 148802 6.32986e+06 2.68734e+08 1.13984e+10 5.68343e+11 4.79791e+13 1.67076e+14 3.39444e+14 5.37083e+14 7.26662e+14 8.7535e+14 9.56952e+14 9.56952e+14 8.7535e+14 7.26662e+14 5.37083e+14 3.39444e+14 1.67076e+14 4.79791e+13 5.68343e+11 1.13984e+10 2.68734e+08 6.32986e+06 148802 3339.78
2456.19 109354 4.64882e+06 1.97263e+08 8.36324e+09 4.172e+11 3.54275e+13 1.23421e+14 2.50795e+14 3.96862e+14 5.36982e+14 6.46886e+14 7.07204e+14 7.07204e+14 6.46886e+14 5.36983e+14 3.96862e+14 2.50795e+14 1.23421e+14 3.54275e+13 4.172e+11 8.36324e+09 1.97263e+08 4.64882e+06 109354 2456.19
1544.29 68597 2.91057e+06 1.23325e+08 5.22318e+09 2.60737e+11 2.23514e+13 7.79203e+13 1.58383e+14 2.5067e+14 3.39212e+14 4.08664e+14 4.46783e+14 4.46783e+14 4.08664e+14 3.39212e+14 2.5067e+14 1.58383e+14 7.79203e+13 2.23514e+13 2.60737e+11 5.22318e+09 1.23325e+08 2.91057e+06 68597 1544.29
767.896 33789.9 1.4214e+06 5.98084e+07 2.52053e+09 1.25793e+11 1.09647e+13 3.827e+13 7.78279e+13 1.23213e+14 1.66765e+14 2.00932e+14 2.19686e+14 2.19686e+14 2.00932e+14 1.66766e+14 1.23213e+14 7.78279e+13 3.827e+13 1.09647e+13 1.25793e+11 2.52053e+09 5.98084e+07 1.4214e+06 33789.9 767.896
257.663 10857.2 435827 1.75043e+07 7.07017e+08 3.44454e+10 3.12191e+12 1.0927e+13 2.22485e+13 3.52475e+13 4.77277e+13 5.75217e+13 6.28985e+13 6.28985e+13 5.75217e+13 4.77277e+13 3.52475e+13 2.22485e+13 1.0927e+13 3.12191e+12 3.44454e+10 7.07017e+08 1.75043e+07 435827 10857.2 257.663
43.9889 1523.45 46040.8 1.20529e+06 2.35063e+07 3.34609e+08 3.2733e+10 1.19358e+11 2.47363e+11 3.95902e+11 5.39542e+11 6.52807e+11 7.15159e+11 7.15159e+11 6.52807e+11 5.39542e+11 3.95902e+11 2.47363e+11 1.19358e+11 3.2733e+10 3.34609e+08 2.35063e+07 1.20529e+06 46040.8 1523.45 43.9889
4.71678 132.867 3095.87 60547.5 1.00751e+06 2.25142e+07 6.66756e+08 2.37459e+09 4.921e+09 7.88238e+09 1.07481e+10 1.30086e+10 1.42532e+10 1.42532e+10 1.30086e+10 1.07481e+10 7.88238e+09 4.921e+09 2.37459e+09 6.66756e+08 2.25142e+07 1.00751e+06 60547.5 3095.87 132.867 4.71678
0.381341 9.13697 181.387 3260.1 58782.8 1.1466e+06 1.65088e+07 5.63517e+07 1.16202e+08 1.85938e+08 2.53424e+08 3.06643e+08 3.3594e+08 3.3594e+08 3.06643e+08 2.53424e+08 1.85938e+08 1.16202e+08 5.63517e+07 1.65088e+07 1.1466e+06 58782.8 3260.1 181.387 9.13697 0.381341
0.0261806 0.562914 10.2717 177.432 2969.59 43668 411053 1.33939e+06 2.74275e+06 4.38236e+06 5.96973e+06 7.22134e+06 7.91021e+06 7.91021e+06 7.22134e+06 5.96973e+06 4.38236e+06 2.74275e+06 1.33939e+06 411053 43668 2969.59 177.432 10.2717 0.562914 0.0261806
0.00162314 0.0323964 0.553151 8.82571 126.732 1442.57 10240.2 31843.5 64648.2 103095 140347 169719 185884 185884 169719 140347 103095 64648.2 31843.5 10240.2 1442.57 126.732 8.82571 0.553151 0.0323964 0.00162314
8.51733e-05 0.00160106 0.0254382 0.365828 4.48549 41.6127 243.018 723.728 1455.52 2315.81 3150.25 3808.28 4170.38 4170.38 3808.28 3150.25 2315.81 1455.52 723.728 243.018 41.6127 4.48549 0.365828 0.0254382 0.00160106 8.51733e-05
