8.41432e-06 0.000158298 0.00251996 0.0363319 0.44649 4.14806 24.2366 72.1764 145.162 231.014 314.375 380.192 416.444 416.444 380.192 314.375 231.014 145.162 72.1764 24.2366 4.14806 0.44649 0.0363319 0.00251996 0.000158298 8.41432e-06
0.000159975 0.00319262 0.0545862 0.873419 12.5821 143.542 1019.79 3171.01 6437.59 10268.2 13984 16917.4 18533.3 18533.3 16917.4 13984 10268.2 6437.59 3171.01 1019.79 143.542 12.5821 0.873419 0.0545862 0.00319262 0.000159975
0.00257655 0.0553237 1.00942 17.4773 293.792 4336.75 40883.9 133206 272755 435890 594013 718856 787641 787641 718856 594013 435890 272755 133206 40883.9 4336.75 293.792 17.4773 1.00942 0.0553237 0.00257655
0.0375267 0.897083 17.7733 319.41 5784.44 113603 1.64036e+06 5.59861e+06 1.15434e+07 1.84743e+07 2.51899e+07 3.04933e+07 3.34161e+07 3.34161e+07 3.04933e+07 2.51899e+07 1.84743e+07 1.15434e+07 5.59861e+06 1.64036e+06 113603 5784.44 319.41 17.7733 0.897083 0.0375267
0.464627 13.0566 303.358 5914.1 98303.2 2.221e+06 6.6204e+07 2.35739e+08 4.88456e+08 7.82539e+08 1.0675e+09 1.29263e+09 1.41673e+09 1.41673e+09 1.29263e+09 1.0675e+09 7.82539e+08 4.88456e+08 2.35739e+08 6.6204e+07 2.221e+06 98303.2 5914.1 303.358 13.0566 0.464627
4.33893 149.977 4522.49 118049 2.28933e+06 3.23993e+07 3.24454e+09 1.18292e+10 2.45104e+10 3.92342e+10 5.34911e+10 6.47502e+10 7.09557e+10 7.09557e+10 6.47502e+10 5.34911e+10 3.92342e+10 2.45104e+10 1.18292e+10 3.24454e+09 3.23993e+07 2.28933e+06 118049 4522.49 149.977 4.33893
25.4412 1070.5 42918.5 1.7221e+06 6.95109e+07 3.39093e+09 3.09058e+11 1.08129e+12 2.2005e+12 3.48514e+12 4.71872e+12 5.68724e+12 6.21917e+12 6.21917e+12 5.68724e+12 4.71872e+12 3.48514e+12 2.2005e+12 1.08129e+12 3.09058e+11 3.39093e+09 6.95109e+07 1.7221e+06 42918.5 1070.5 25.4412
75.8339 3332.14 139995 5.88487e+06 2.47832e+08 1.23809e+10 1.0846e+12 3.784e+12 7.69137e+12 1.21726e+13 1.64733e+13 1.98485e+13 2.17017e+13 2.17017e+13 1.98485e+13 1.64733e+13 1.21726e+13 7.69137e+12 3.784e+12 1.0846e+12 1.23809e+10 2.47832e+08 5.88487e+06 139995 3332.14 75.8339
152.522 6764.93 286666 1.2134e+07 5.13524e+08 2.56563e+10 2.20949e+12 7.69931e+12 1.56416e+13 2.47474e+13 3.34842e+13 4.03398e+13 4.41038e+13 4.41038e+13 4.03398e+13 3.34842e+13 2.47474e+13 1.56416e+13 7.69931e+12 2.20949e+12 2.56563e+10 5.13524e+08 1.2134e+07 286666 6764.93 152.522
242.649 10786.8 457969 1.94129e+07 8.22411e+08 4.10569e+10 3.50075e+12 1.21902e+13 2.47578e+13 3.91635e+13 5.29836e+13 6.38269e+13 6.97799e+13 6.97799e+13 6.38269e+13 5.29836e+13 3.91635e+13 2.47578e+13 1.21902e+13 3.50075e+12 4.10569e+10 8.22411e+08 1.94129e+07 457969 10786.8 242.649
330.069 14683.8 623824 2.64576e+07 1.12137e+09 5.59528e+10 4.74042e+12 1.64994e+13 3.35031e+13 5.29913e+13 7.16855e+13 8.63522e+13 9.4404e+13 9.4404e+13 8.63522e+13 7.16855e+13 5.29913e+13 3.35031e+13 1.64994e+13 4.74042e+12 5.59528e+10 1.12137e+09 2.64576e+07 623824 14683.8 330.069
399.022 17757.3 754635 3.2015e+07 1.3573e+09 6.77045e+10 5.7134e+12 1.98803e+13 4.03634e+13 6.38377e+13 8.63543e+13 1.04019e+14 1.13717e+14 1.13717e+14 1.04019e+14 8.63543e+13 6.38377e+13 4.03634e+13 1.98803e+13 5.7134e+12 6.77045e+10 1.3573e+09 3.2015e+07 754635 17757.3 399.022
436.975 19449.1 826656 3.50754e+07 1.48726e+09 7.41767e+10 6.24763e+12 2.17362e+13 4.41291e+13 6.97911e+13 9.44054e+13 1.13716e+14 1.24316e+14 1.24316e+14 1.13716e+14 9.44054e+13 6.97911e+13 4.41291e+13 2.17362e+13 6.24763e+12 7.41767e+10 1.48726e+09 3.50754e+07 826656 19449.1 436.975
436.975 19449.1 826656 3.50754e+07 1.48726e+09 7.41767e+10 6.24763e+12 2.17362e+13 4.41291e+13 6.97911e+13 9.44054e+13 1.13716e+14 1.24316e+14 1.24316e+14 1.13716e+14 9.44054e+13 6.97911e+13 4.41291e+13 2.17362e+13 6.24763e+12 7.41767e+10 1.48726e+09 3.50754e+07 826656 19449.1 436.975
399.022 17757.3 754635 3.2015e+07 1.3573e+09 6.77045e+10 5.7134e+12 1.98803e+13 4.03634e+13 6.38377e+13 8.63543e+13 1.04019e+14 1.13717e+14 1.13717e+14 1.04019e+14 8.63543e+13 6.38377e+13 4.03634e+13 1.98803e+13 5.7134e+12 6.77045e+10 1.3573e+09 3.2015e+07 754635 17757.3 399.022
330.069 14683.8 623824 2.64576e+07 1.12137e+09 5.59528e+10 4.74042e+12 1.64994e+13 3.35031e+13 5.29913e+13 7.16855e+13 8.63522e+13 9.4404e+13 9.4404e+13 8.63522e+13 7.16855e+13 5.29913e+13 3.35031e+13 1.64994e+13 4.74042e+12 5.59528e+10 1.12137e+09 2.64576e+07 623824 14683.8 330.069
242.649 10786.8 457969 1.94129e+07 8.22411e+08 4.10569e+10 3.50075e+12 1.21902e+13 2.47578e+13 3.91635e+13 5.29836e+13 6.38269e+13 6.97799e+13 6.97799e+13 6.38269e+13 5.29836e+13 3.91635e+13 2.47578e+13 1.21902e+13 3.50075e+12 4.10569e+10 8.22411e+08 1.94129e+07 457969 10786.8 242.649
152.522 6764.93 286666 1.2134e+07 5.13524e+08 2.56563e+10 2.20949e+12 7.69931e+12 1.56416e+13 2.47474e+13 3.34842e+13 4.03398e+13 4.41038e+13 4.41038e+13 4.03398e+13 3.34842e+13 2.47474e+13 1.56416e+13 7.69931e+12 2.20949e+12 2.56563e+10 5.13524e+08 1.2134e+07 286666 6764.93 152.522
75.8339 3332.14 139995 5.88487e+06 2.47832e+08 1.23809e+10 1.0846e+12 3.784e+12 7.69137e+12 1.21726e+13 1.64733e+13 1.98485e+13 2.17017e+13 2.17017e+13 1.98485e+13 1.64733e+13 1.21726e+13 7.69137e+12 3.784e+12 1.0846e+12 1.23809e+10 2.47832e+08 5.88487e+06 139995 3332.14 75.8339
25.4412 1070.5 42918.5 1.7221e+06 6.95109e+07 3.39093e+09 3.09058e+11 1.08129e+12 2.2005e+12 3.48514e+12 4.71872e+12 5.68724e+12 6.21917e+12 6.21917e+12 5.68724e+12 4.71872e+12 3.48514e+12 2.2005e+12 1.08129e+12 3.09058e+11 3.39093e+09 6.95109e+07 1.7221e+06 42918.5 1070.5 25.4412
4.33893 149.977 4522.49 118049 2.28933e+06 3.23993e+07 3.24454e+09 1.18292e+10 2.45104e+10 3.92342e+10 5.34911e+10 6.47502e+10 7.09557e+10 7.09557e+10 6.47502e+10 5.34911e+10 3.92342e+10 2.45104e+10 1.18292e+10 3.24454e+09 3.23993e+07 2.28933e+06 118049 4522.49 149.977 4.33893
0.464627 13.0566 303.358 5914.1 98303.2 2.221e+06 6.6204e+07 2.35739e+08 4.88456e+08 7.82539e+08 1.0675e+09 1.29263e+09 1.41673e+09 1.41673e+09 1.29263e+09 1.0675e+09 7.82539e+08 4.88456e+08 2.35739e+08 6.6204e+07 2.221e+06 98303.2 5914.1 303.358 13.0566 0.464627
0.0375267 0.897083 17.7733 319.41 5784.44 113603 1.64036e+06 5.59861e+06 1.15434e+07 1.84743e+07 2.51899e+07 3.04933e+07 3.34161e+07 3.34161e+07 3.04933e+07 2.51899e+07 1.84743e+07 1.15434e+07 5.59861e+06 1.64036e+06 113603 5784.44 319.41 17.7733 0.897083 0.0375267
0.00257655 0.0553237 1.00942 17.4773 293.792 4336.75 40883.9 133206 272755 435890 594013 718856 787641 787641 718856 594013 435890 272755 133206 40883.9 4336.75 293.792 17.4773 1.00942 0.0553237 0.00257655
0.000159975 0.00319262 0.0545862 0.873419 12.5821 143.542 1019.79 3171.01 6437.59 10268.2 13984 16917.4 18533.3 18533.3 16917.4 13984 10268.2 6437.59 3171.01 1019.79 143.542 12.5821 0.873419 0.0545862 0.00319262 0.000159975
8.41432e-06 0.000158298 0.00251996 0.0363319 0.44649 4.14806 24.2366 72.1764 145.162 231.014 314.375 380.192 416.444 416.444 380.192 314.375 231.014 145.162 72.1764 24.2366 4.14806 0.44649 0.0363319 0.00251996 0.000158298 8.41431e-06
