0.0197945 0.367547 5.71781 80.0653 956.715 8704.68 50250.9 148720 297360 470281 636163 765713 836533 836533 765713 636163 470281 297360 148720 50250.9 8704.68 956.715 80.0653 5.71781 0.367547 0.0197945
0.379841 7.53556 126.563 1963.49 27290.7 302594 2.11652e+06 6.53762e+06 1.31905e+07 2.09006e+07 2.82835e+07 3.4045e+07 3.71936e+07 3.71936e+07 3.4045e+07 2.82835e+07 2.09006e+07 1.31905e+07 6.53762e+06 2.11652e+06 302594 27290.7 1963.49 126.563 7.53556 0.379841
6.12638 132.03 2395.99 40470.4 651010 9.21323e+06 8.49822e+07 2.74929e+08 5.59308e+08 8.87594e+08 1.20145e+09 1.44623e+09 1.57997e+09 1.57997e+09 1.44623e+09 1.20145e+09 8.87594e+08 5.59308e+08 2.74929e+08 8.49822e+07 9.21323e+06 651010 40470.4 2395.99 132.03 6.12638
88.3701 2134.71 42718.7 765505 1.33228e+07 2.44797e+08 3.41563e+09 1.15711e+10 2.36968e+10 3.76459e+10 5.09662e+10 6.13501e+10 6.7022e+10 6.7022e+10 6.13501e+10 5.09662e+10 3.76459e+10 2.36968e+10 1.15711e+10 3.41563e+09 2.44797e+08 1.33228e+07 765505 42718.7 2134.71 88.3701
1074.65 30518.4 720632 1.43626e+07 2.40982e+08 4.95509e+09 1.38083e+11 4.87915e+11 1.0039e+12 1.59588e+12 2.16076e+12 2.60097e+12 2.84137e+12 2.84137e+12 2.60097e+12 2.16076e+12 1.59588e+12 1.0039e+12 4.87915e+11 1.38083e+11 4.95509e+09 2.40982e+08 1.43626e+07 720632 30518.4 1074.65
9834.79 341941 1.04157e+07 2.76991e+08 5.61617e+09 8.39861e+10 6.85297e+12 2.47738e+13 5.09634e+13 8.09415e+13 1.09526e+14 1.31796e+14 1.43956e+14 1.43956e+14 1.31796e+14 1.09526e+14 8.09415e+13 5.09634e+13 2.47738e+13 6.85297e+12 8.39861e+10 5.61617e+09 2.76991e+08 1.04157e+07 341941 9834.79
56704 2.38796e+06 9.58664e+07 3.85252e+09 1.5572e+11 7.4976e+12 6.5219e+14 2.27216e+15 4.60562e+15 7.26189e+15 9.78956e+15 1.1758e+16 1.28331e+16 1.28331e+16 1.1758e+16 9.78956e+15 7.26189e+15 4.60562e+15 2.27216e+15 6.5219e+14 7.4976e+12 1.5572e+11 3.85252e+09 9.58664e+07 2.38796e+06 56704
167629 7.36717e+06 3.09742e+08 1.30332e+10 5.49443e+11 2.71404e+13 2.28367e+15 7.93576e+15 1.6068e+16 2.53197e+16 3.41208e+16 4.09738e+16 4.47164e+16 4.47164e+16 4.09738e+16 3.41208e+16 2.53197e+16 1.6068e+16 7.93576e+15 2.28367e+15 2.71404e+13 5.49443e+11 1.30332e+10 3.09742e+08 7.36717e+06 167629
334861 1.48503e+07 6.29525e+08 2.6665e+10 1.12936e+12 5.58242e+13 4.63607e+15 1.6093e+16 3.25675e+16 5.13027e+16 6.91206e+16 8.29924e+16 9.05675e+16 9.05675e+16 8.29924e+16 6.91206e+16 5.13027e+16 3.25675e+16 1.6093e+16 4.63607e+15 5.58242e+13 1.12936e+12 2.6665e+10 6.29525e+08 1.48503e+07 334861
529152 2.35107e+07 9.98159e+08 4.23237e+10 1.7937e+12 8.86164e+13 7.31344e+15 2.53721e+16 5.13291e+16 8.08389e+16 1.08898e+17 1.30739e+17 1.42666e+17 1.42666e+17 1.30739e+17 1.08898e+17 8.08389e+16 5.13291e+16 2.53721e+16 7.31344e+15 8.86164e+13 1.7937e+12 4.23237e+10 9.98159e+08 2.35107e+07 529152
715287 3.17921e+07 1.35009e+09 5.72547e+10 2.42665e+12 1.1984e+14 9.85951e+15 3.41937e+16 6.91614e+16 1.08906e+17 1.46691e+17 1.76099e+17 1.92156e+17 1.92156e+17 1.76099e+17 1.46691e+17 1.08906e+17 6.91614e+16 3.41937e+16 9.85951e+15 1.1984e+14 2.42665e+12 5.72547e+10 1.35009e+09 3.17921e+07 715287
860489 3.82472e+07 1.62423e+09 6.88792e+10 2.91926e+12 1.44134e+14 1.18408e+16 4.10576e+16 8.30345e+16 1.30739e+17 1.76085e+17 2.11376e+17 2.30644e+17 2.30644e+17 2.11376e+17 1.76085e+17 1.30739e+17 8.30345e+16 4.10576e+16 1.18408e+16 1.44134e+14 2.91926e+12 6.88792e+10 1.62423e+09 3.82472e+07 860489
939803 4.1772e+07 1.77388e+09 7.52233e+10 3.18803e+12 1.57388e+14 1.29223e+16 4.48041e+16 9.06061e+16 1.42654e+17 1.92126e+17 2.30626e+17 2.51646e+17 2.51646e+17 2.30626e+17 1.92126e+17 1.42654e+17 9.06061e+16 4.48041e+16 1.29223e+16 1.57388e+14 3.18803e+12 7.52233e+10 1.77388e+09 4.1772e+07 939803
939803 4.1772e+07 1.77388e+09 7.52233e+10 3.18803e+12 1.57388e+14 1.29223e+16 4.48041e+16 9.06061e+16 1.42654e+17 1.92126e+17 2.30626e+17 2.51646e+17 2.51646e+17 2.30626e+17 1.92126e+17 1.42654e+17 9.06061e+16 4.48041e+16 1.29223e+16 1.57388e+14 3.18803e+12 7.52233e+10 1.77388e+09 4.1772e+07 939803
860489 3.82472e+07 1.62423e+09 6.88792e+10 2.91926e+12 1.44134e+14 1.18408e+16 4.10576e+16 8.30345e+16 1.30739e+17 1.76085e+17 2.11376e+17 2.30644e+17 2.30644e+17 2.11376e+17 1.76085e+17 1.30739e+17 8.30345e+16 4.10576e+16 1.18408e+16 1.44134e+14 2.91926e+12 6.88792e+10 1.62423e+09 3.82472e+07 860489
715287 3.17921e+07 1.35009e+09 5.72547e+10 2.42665e+12 1.1984e+14 9.85951e+15 3.41937e+16 6.91614e+16 1.08906e+17 1.46691e+17 1.76099e+17 1.92156e+17 1.92156e+17 1.76099e+17 1.46691e+17 1.08906e+17 6.91614e+16 3.41937e+16 9.85951e+15 1.1984e+14 2.42665e+12 5.72547e+10 1.35009e+09 3.17921e+07 715287
529152 2.35107e+07 9.98159e+08 4.23237e+10 1.7937e+12 8.86164e+13 7.31344e+15 2.53721e+16 5.13291e+16 8.08389e+16 1.08898e+17 1.30739e+17 1.42666e+17 1.42666e+17 1.30739e+17 1.08898e+17 8.08389e+16 5.13291e+16 2.53721e+16 7.31344e+15 8.86164e+13 1.7937e+12 4.23237e+10 9.98159e+08 2.35107e+07 529152
334861 1.48503e+07 6.29525e+08 2.6665e+10 1.12936e+12 5.58242e+13 4.63607e+15 1.6093e+16 3.25675e+16 5.13027e+16 6.91206e+16 8.29924e+16 9.05675e+16 9.05675e+16 8.29924e+16 6.91206e+16 5.13027e+16 3.25675e+16 1.6093e+16 4.63607e+15 5.58242e+13 1.12936e+12 2.6665e+10 6.29525e+08 1.48503e+07 334861
167629 7.36717e+06 3.09742e+08 1.30332e+10 5.49443e+11 2.71404e+13 2.28367e+15 7.93576e+15 1.6068e+16 2.53197e+16 3.41208e+16 4.09738e+16 4.47164e+16 4.47164e+16 4.09738e+16 3.41208e+16 2.53197e+16 1.6068e+16 7.93576e+15 2.28367e+15 2.71404e+13 5.49443e+11 1.30332e+10 3.09742e+08 7.36717e+06 167629
56704 2.38796e+06 9.58664e+07 3.85252e+09 1.5572e+11 7.4976e+12 6.5219e+14 2.27216e+15 4.60562e+15 7.26189e+15 9.78956e+15 1.1758e+16 1.28331e+16 1.28331e+16 1.1758e+16 9.78956e+15 7.26189e+15 4.60562e+15 2.27216e+15 6.5219e+14 7.4976e+12 1.5572e+11 3.85252e+09 9.58664e+07 2.38796e+06 56704
9834.79 341941 1.04157e+07 2.76991e+08 5.61617e+09 8.39861e+10 6.85297e+12 2.47738e+13 5.09634e+13 8.09415e+13 1.09526e+14 1.31796e+14 1.43956e+14 1.43956e+14 1.31796e+14 1.09526e+14 8.09415e+13 5.09634e+13 2.47738e+13 6.85297e+12 8.39861e+10 5.61617e+09 2.76991e+08 1.04157e+07 341941 9834.79
1074.65 30518.4 720632 1.43626e+07 2.40982e+08 4.95509e+09 1.38083e+11 4.87915e+11 1.0039e+12 1.59588e+12 2.16076e+12 2.60097e+12 2.84137e+12 2.84137e+12 2.60097e+12 2.16076e+12 1.59588e+12 1.0039e+12 4.87915e+11 1.38083e+11 4.95509e+09 2.40982e+08 1.43626e+07 720632 30518.4 1074.65
88.3701 2134.71 42718.7 765505 1.33228e+07 2.44797e+08 3.41563e+09 1.15711e+10 2.36968e+10 3.76459e+10 5.09662e+10 6.13501e+10 6.7022e+10 6.7022e+10 6.13501e+10 5.09662e+10 3.76459e+10 2.36968e+10 1.15711e+10 3.41563e+09 2.44797e+08 1.33228e+07 765505 42718.7 2134.71 88.3701
6.12638 132.03 2395.99 40470.4 651010 9.21323e+06 8.49822e+07 2.74929e+08 5.59308e+08 8.87594e+08 1.20145e+09 1.44623e+09 1.57997e+09 1.57997e+09 1.44623e+09 1.20145e+09 8.87594e+08 5.59308e+08 2.74929e+08 8.49822e+07 9.21323e+06 651010 40470.4 2395.99 132.03 6.12638
0.379841 7.53556 126.563 1963.49 27290.7 302594 2.11652e+06 6.53762e+06 1.31905e+07 2.09006e+07 2.82835e+07 3.4045e+07 3.71936e+07 3.71936e+07 3.4045e+07 2.82835e+07 2.09006e+07 1.31905e+07 6.53762e+06 2.11652e+06 302594 27290.7 1963.49 126.563 7.53556 0.379841
0.0197945 0.367547 5.71781 80.0653 956.715 8704.68 50250.9 148720 297360 470281 636163 765713 836533 836533 765713 636163 470281 297360 148720 50250.9 8704.68 956.715 80.0653 5.71781 0.367547 0.0197945
