5.46578e-06 0.00010219 0.00161126 0.0229667 0.279185 2.57123 14.9252 44.166 88.1844 139.28 188.242 226.47 247.372 247.372 226.47 188.242 139.28 88.1844 44.166 14.9252 2.57123 0.279185 0.0229667 0.00161126 0.00010219 5.46578e-06
0.000104055 0.00206862 0.0350888 0.554732 7.88575 88.9904 627.585 1938.7 3906.23 6181.65 8358.52 10057.3 10986 10986 10057.3 8358.52 6181.65 3906.23 1938.7 627.585 88.9904 7.88575 0.554732 0.0350888 0.00206862 0.000104055
0.00167346 0.0359108 0.65272 11.1875 185.084 2691.71 25151 81390 165351 262082 354499 426592 465998 465998 426592 354499 262082 165351 81390 25151 2691.71 185.084 11.1875 0.65272 0.0359108 0.00167346
0.0242483 0.580675 11.5209 206.444 3683.66 70738.7 1.00908e+06 3.4198e+06 6.9936e+06 1.10971e+07 1.50138e+07 1.80685e+07 1.97381e+07 1.97381e+07 1.80685e+07 1.50138e+07 1.10971e+07 6.9936e+06 3.4198e+06 1.00908e+06 70738.8 3683.66 206.444 11.5209 0.580675 0.0242483
0.297865 8.38643 195.567 3834.02 63808.4 1.39646e+06 4.07389e+07 1.44001e+08 2.95838e+08 4.69735e+08 6.35629e+08 7.64997e+08 8.35705e+08 8.35705e+08 7.64997e+08 6.35629e+08 4.69735e+08 2.95838e+08 1.44001e+08 4.07389e+07 1.39646e+06 63808.4 3834.02 195.567 8.38643 0.297865
2.75742 95.3712 2881.57 75580.1 1.48544e+06 2.138e+07 2.00472e+09 7.25342e+09 1.49009e+10 2.36406e+10 3.19732e+10 3.84698e+10 4.20204e+10 4.20204e+10 3.84698e+10 3.19732e+10 2.36406e+10 1.49009e+10 7.25342e+09 2.00472e+09 2.138e+07 1.48544e+06 75580.1 2881.57 95.3712 2.75742
16.0361 674.295 27023.2 1.08423e+06 4.37757e+07 2.12747e+09 1.91002e+11 6.65152e+11 1.34627e+12 2.1201e+12 2.85583e+12 3.42872e+12 3.74166e+12 3.74166e+12 3.42872e+12 2.85583e+12 2.1201e+12 1.34627e+12 6.65152e+11 1.91002e+11 2.12747e+09 4.37757e+07 1.08423e+06 27023.2 674.295 16.0361
47.4606 2083.4 87469.7 3.67547e+06 1.54778e+08 7.70724e+09 6.67526e+11 2.31895e+12 4.68916e+12 7.38101e+12 9.93984e+12 1.19322e+13 1.30205e+13 1.30205e+13 1.19322e+13 9.93984e+12 7.38101e+12 4.68916e+12 2.31895e+12 6.67526e+11 7.70724e+09 1.54778e+08 3.67547e+06 87469.7 2083.4 47.4606
94.7222 4195.97 177622 7.51295e+06 3.17823e+08 1.58305e+10 1.35238e+12 4.69378e+12 9.4881e+12 1.49323e+13 2.01071e+13 2.41362e+13 2.6337e+13 2.6337e+13 2.41362e+13 2.01071e+13 1.49323e+13 9.4881e+12 4.69378e+12 1.35238e+12 1.58305e+10 3.17823e+08 7.51295e+06 177622 4195.97 94.7222
149.51 6635.75 281340 1.19127e+07 5.04273e+08 2.51011e+10 2.13014e+12 7.38989e+12 1.49356e+13 2.35035e+13 3.16473e+13 3.79879e+13 4.14514e+13 4.14514e+13 3.79879e+13 3.16473e+13 2.35035e+13 1.49356e+13 7.38989e+12 2.13014e+12 2.51011e+10 5.04273e+08 1.19127e+07 281340 6635.75 149.51
201.932 8966.34 380277 1.61055e+07 6.81848e+08 3.3926e+10 2.86905e+12 9.95097e+12 2.011e+13 3.16449e+13 4.26086e+13 5.11447e+13 5.58074e+13 5.58074e+13 5.11447e+13 4.26086e+13 3.16449e+13 2.011e+13 9.95097e+12 2.86905e+12 3.3926e+10 6.81848e+08 1.61055e+07 380277 8966.34 201.932
242.809 10782.6 457347 1.93707e+07 8.20118e+08 4.07966e+10 3.44397e+12 1.19436e+13 2.41359e+13 3.79791e+13 5.11368e+13 6.13811e+13 6.69768e+13 6.69768e+13 6.13811e+13 5.11368e+13 3.79791e+13 2.41359e+13 1.19436e+13 3.44397e+12 4.07966e+10 8.20118e+08 1.93707e+07 457347 10782.6 242.809
265.137 11774.6 499433 2.11536e+07 8.95613e+08 4.45477e+10 3.75783e+12 1.30314e+13 2.63337e+13 4.14372e+13 5.57926e+13 6.69695e+13 7.30747e+13 7.30747e+13 6.69695e+13 5.57926e+13 4.14372e+13 2.63337e+13 1.30314e+13 3.75783e+12 4.45477e+10 8.95613e+08 2.11536e+07 499433 11774.6 265.137
265.137 11774.6 499433 2.11536e+07 8.95613e+08 4.45477e+10 3.75783e+12 1.30314e+13 2.63337e+13 4.14372e+13 5.57926e+13 6.69695e+13 7.30747e+13 7.30747e+13 6.69695e+13 5.57926e+13 4.14372e+13 2.63337e+13 1.30314e+13 3.75783e+12 4.45477e+10 8.95613e+08 2.11536e+07 499433 11774.6 265.137
242.809 10782.6 457347 1.93707e+07 8.20118e+08 4.07966e+10 3.44397e+12 1.19436e+13 2.41359e+13 3.79791e+13 5.11368e+13 6.13811e+13 6.69768e+13 6.69768e+13 6.13811e+13 5.11368e+13 3.79791e+13 2.41359e+13 1.19436e+13 3.44397e+12 4.07966e+10 8.20118e+08 1.93707e+07 457347 10782.6 242.809
201.932 8966.34 380277 1.61055e+07 6.81848e+08 3.3926e+10 2.86905e+12 9.95097e+12 2.011e+13 3.16449e+13 4.26086e+13 5.11447e+13 5.58074e+13 5.58074e+13 5.11447e+13 4.26086e+13 3.16449e+13 2.011e+13 9.95097e+12 2.86905e+12 3.3926e+10 6.81848e+08 1.61055e+07 380277 8966.34 201.932
149.51 6635.75 281340 1.19127e+07 5.04273e+08 2.51011e+10 2.13014e+12 7.38989e+12 1.49356e+13 2.35035e+13 3.16473e+13 3.79879e+13 4.14514e+13 4.14514e+13 3.79879e+13 3.16473e+13 2.35035e+13 1.49356e+13 7.38989e+12 2.13014e+12 2.51011e+10 5.04273e+08 1.19127e+07 281340 6635.75 149.51
94.7222 4195.97 177622 7.51295e+06 3.17823e+08 1.58305e+10 1.35238e+12 4.69378e+12 9.4881e+12 1.49323e+13 2.01071e+13 2.41362e+13 2.6337e+13 2.6337e+13 2.41362e+13 2.01071e+13 1.49323e+13 9.4881e+12 4.69378e+12 1.35238e+12 1.58305e+10 3.17823e+08 7.51295e+06 177622 4195.97 94.7222
47.4606 2083.4 87469.7 3.67547e+06 1.54778e+08 7.70724e+09 6.67526e+11 2.31895e+12 4.68916e+12 7.38101e+12 9.93984e+12 1.19322e+13 1.30205e+13 1.30205e+13 1.19322e+13 9.93984e+12 7.38101e+12 4.68916e+12 2.31895e+12 6.67526e+11 7.70724e+09 1.54778e+08 3.67547e+06 87469.7 2083.4 47.4606
16.0361 674.295 27023.2 1.08423e+06 4.37757e+07 2.12747e+09 1.91002e+11 6.65152e+11 1.34627e+12 2.1201e+12 2.85583e+12 3.42872e+12 3.74166e+12 3.74166e+12 3.42872e+12 2.85583e+12 2.1201e+12 1.34627e+12 6.65152e+11 1.91002e+11 2.12747e+09 4.37757e+07 1.08423e+06 27023.2 674.295 16.0361
2.75742 95.3712 2881.57 75580.1 1.48544e+06 2.138e+07 2.00472e+09 7.25342e+09 1.49009e+10 2.36406e+10 3.19732e+10 3.84698e+10 4.20204e+10 4.20204e+10 3.84698e+10 3.19732e+10 2.36406e+10 1.49009e+10 7.25342e+09 2.00472e+09 2.138e+07 1.48544e+06 75580.1 2881.57 95.3712 2.75742
0.297865 8.38643 195.567 3834.02 63808.4 1.39646e+06 4.07389e+07 1.44001e+08 2.95838e+08 4.69735e+08 6.35629e+08 7.64997e+08 8.35705e+08 8.35705e+08 7.64997e+08 6.35629e+08 4.69735e+08 2.95838e+08 1.44001e+08 4.07389e+07 1.39646e+06 63808.4 3834.02 195.567 8.38643 0.297865
0.0242483 0.580675 11.5209 206.444 3683.66 70738.8 1.00908e+06 3.4198e+06 6.9936e+06 1.10971e+07 1.50138e+07 1.80685e+07 1.97381e+07 1.97381e+07 1.80685e+07 1.50138e+07 1.10971e+07 6.9936e+06 3.4198e+06 1.00908e+06 70738.7 3683.66 206.444 11.5209 0.580675 0.0242483
0.00167346 0.0359108 0.65272 11.1875 185.084 2691.71 25151 81390 165351 262082 354499 426592 465998 465998 426592 354499 262082 165351 81390 25151 2691.71 185.084 11.1875 0.65272 0.0359108 0.00167346
0.000104055 0.00206862 0.0350888 0.554732 7.88575 88.9904 627.585 1938.7 3906.23 6181.65 8358.52 10057.3 10986 10986 10057.3 8358.52 6181.65 3906.23 1938.7 627.585 88.9904 7.88575 0.554732 0.0350888 0.00206862 0.000104055
5.46578e-06 0.000102191 0.00161126 0.0229667 0.279185 2.57123 14.9252 44.166 88.1844 139.28 188.242 226.47 247.372 247.372 226.47 188.242 139.28 88.1844 44.166 14.9252 2.57123 0.279185 0.0229667 0.00161126 0.00010219 5.46578e-06
