0.0321318 0.595658 9.25235 129.391 1544.15 14027.3 80797.3 238302 474570 747615 1.00799e+06 1.21041e+06 1.32075e+06 1.32075e+06 1.21041e+06 1.00799e+06 747615 474570 238302 80797.3 14027.3 1544.15 129.391 9.25235 0.595658 0.0321318
0.615251 12.1834 204.283 3165.42 43955.6 486808 3.39849e+06 1.04606e+07 2.10181e+07 3.3169e+07 4.47332e+07 5.37157e+07 5.86104e+07 5.86104e+07 5.37157e+07 4.47332e+07 3.3169e+07 2.10181e+07 1.04606e+07 3.39849e+06 486808 43955.6 3165.42 204.283 12.1834 0.615251
9.90232 212.96 3856.89 65056.9 1.04592e+06 1.47953e+07 1.36278e+08 4.39286e+08 8.89805e+08 1.40615e+09 1.89671e+09 2.27747e+09 2.48489e+09 2.48489e+09 2.27747e+09 1.89671e+09 1.40615e+09 8.89805e+08 4.39286e+08 1.36278e+08 1.47953e+07 1.04592e+06 65056.9 3856.89 212.96 9.90232
142.584 3436.74 68609.8 1.22699e+06 2.13396e+07 3.92349e+08 5.47155e+09 1.84663e+10 3.76464e+10 5.95461e+10 8.03238e+10 9.64426e+10 1.05221e+11 1.05221e+11 9.64426e+10 8.03238e+10 5.95461e+10 3.76464e+10 1.84663e+10 5.47155e+09 3.92349e+08 2.13396e+07 1.22699e+06 68609.8 3436.74 142.584
1731.32 49065.3 1.15581e+06 2.29753e+07 3.84605e+08 7.92126e+09 2.21047e+11 7.77973e+11 1.59308e+12 2.52102e+12 3.40062e+12 4.08271e+12 4.45409e+12 4.45409e+12 4.08271e+12 3.40062e+12 2.52102e+12 1.59308e+12 7.77973e+11 2.21047e+11 7.92126e+09 3.84605e+08 2.29753e+07 1.15581e+06 49065.3 1731.32
15820.2 549097 1.66937e+07 4.42997e+08 8.95512e+09 1.3343e+11 1.09641e+13 3.94765e+13 8.08206e+13 1.27783e+14 1.72272e+14 2.06766e+14 2.25546e+14 2.25546e+14 2.06766e+14 1.72272e+14 1.27783e+14 8.08206e+13 3.94765e+13 1.09641e+13 1.3343e+11 8.95512e+09 4.42997e+08 1.66937e+07 549097 15820.2
91031.6 3.82842e+06 1.53496e+08 6.16199e+09 2.48903e+11 1.19886e+13 1.04375e+15 3.62559e+15 7.32324e+15 1.15085e+16 1.54719e+16 1.85475e+16 2.02236e+16 2.02236e+16 1.85475e+16 1.54719e+16 1.15085e+16 7.32324e+15 3.62559e+15 1.04375e+15 1.19886e+13 2.48903e+11 6.16199e+09 1.53496e+08 3.82842e+06 91031.6
268207 1.17708e+07 4.94202e+08 2.07703e+10 8.74855e+11 4.32215e+13 3.64333e+15 1.26259e+16 2.54793e+16 4.00224e+16 5.37929e+16 6.44783e+16 7.03015e+16 7.03015e+16 6.44783e+16 5.37929e+16 4.00224e+16 2.54793e+16 1.26259e+16 3.64333e+15 4.32215e+13 8.74855e+11 2.07703e+10 4.94202e+08 1.17708e+07 268207
533652 2.36292e+07 1.00011e+09 4.23033e+10 1.78973e+12 8.84697e+13 7.36899e+15 2.55141e+16 5.14681e+16 8.08275e+16 1.08624e+17 1.30191e+17 1.41944e+17 1.41944e+17 1.30191e+17 1.08624e+17 8.08275e+16 5.14681e+16 2.55141e+16 7.36899e+15 8.84697e+13 1.78973e+12 4.23033e+10 1.00011e+09 2.36292e+07 533652
840001 3.72584e+07 1.57911e+09 6.68529e+10 2.82966e+12 1.39796e+14 1.1584e+16 4.00903e+16 8.08545e+16 1.2696e+17 1.70605e+17 2.04467e+17 2.2292e+17 2.2292e+17 2.04467e+17 1.70605e+17 1.2696e+17 8.08545e+16 4.00903e+16 1.1584e+16 1.39796e+14 2.82966e+12 6.68529e+10 1.57911e+09 3.72584e+07 840001
1.13174e+06 5.02112e+07 2.12837e+09 9.01095e+10 3.81386e+12 1.88344e+14 1.55719e+16 5.388e+16 1.08652e+17 1.70593e+17 2.29225e+17 2.74712e+17 2.99498e+17 2.99498e+17 2.74712e+17 2.29225e+17 1.70593e+17 1.08652e+17 5.388e+16 1.55719e+16 1.88344e+14 3.81386e+12 9.01095e+10 2.12837e+09 5.02112e+07 1.13174e+06
1.35827e+06 6.02599e+07 2.55417e+09 1.08127e+11 4.57601e+12 2.25931e+14 1.86634e+16 6.45704e+16 1.30201e+17 2.04417e+17 2.74662e+17 3.29157e+17 3.58851e+17 3.58851e+17 3.29157e+17 2.74662e+17 2.04417e+17 1.30201e+17 6.45704e+16 1.86634e+16 2.25931e+14 4.57601e+12 1.08127e+11 2.55417e+09 6.02599e+07 1.35827e+06
1.48165e+06 6.5731e+07 2.78591e+09 1.17931e+11 4.99059e+12 2.46376e+14 2.0347e+16 7.03925e+16 1.41937e+17 2.22836e+17 2.99405e+17 3.58805e+17 3.91172e+17 3.91172e+17 3.58805e+17 2.99405e+17 2.22836e+17 1.41937e+17 7.03925e+16 2.0347e+16 2.46376e+14 4.99059e+12 1.17931e+11 2.78591e+09 6.5731e+07 1.48165e+06
1.48165e+06 6.5731e+07 2.78591e+09 1.17931e+11 4.99059e+12 2.46376e+14 2.0347e+16 7.03925e+16 1.41937e+17 2.22836e+17 2.99405e+17 3.58805e+17 3.91172e+17 3.91172e+17 3.58805e+17 2.99405e+17 2.22836e+17 1.41937e+17 7.03925e+16 2.0347e+16 2.46376e+14 4.99059e+12 1.17931e+11 2.78591e+09 6.5731e+07 1.48165e+06
1.35827e+06 6.02599e+07 2.55417e+09 1.08127e+11 4.57601e+12 2.25931e+14 1.86634e+16 6.45704e+16 1.30201e+17 2.04417e+17 2.74662e+17 3.29157e+17 3.58851e+17 3.58851e+17 3.29157e+17 2.74662e+17 2.04417e+17 1.30201e+17 6.45704e+16 1.86634e+16 2.25931e+14 4.57601e+12 1.08127e+11 2.55417e+09 6.02599e+07 1.35827e+06
1.13174e+06 5.02112e+07 2.12837e+09 9.01095e+10 3.81386e+12 1.88344e+14 1.55719e+16 5.388e+16 1.08652e+17 1.70593e+17 2.29225e+17 2.74712e+17 2.99498e+17 2.99498e+17 2.74712e+17 2.29225e+17 1.70593e+17 1.08652e+17 5.388e+16 1.55719e+16 1.88344e+14 3.81386e+12 9.01095e+10 2.12837e+09 5.02112e+07 1.13174e+06
840001 3.72584e+07 1.57911e+09 6.68529e+10 2.82966e+12 1.39796e+14 1.1584e+16 4.00903e+16 8.08545e+16 1.2696e+17 1.70605e+17 2.04467e+17 2.2292e+17 2.2292e+17 2.04467e+17 1.70605e+17 1.2696e+17 8.08545e+16 4.00903e+16 1.1584e+16 1.39796e+14 2.82966e+12 6.68529e+10 1.57911e+09 3.72584e+07 840001
533652 2.36292e+07 1.00011e+09 4.23033e+10 1.78973e+12 8.84697e+13 7.36899e+15 2.55141e+16 5.14681e+16 8.08275e+16 1.08624e+17 1.30191e+17 1.41944e+17 1.41944e+17 1.30191e+17 1.08624e+17 8.08275e+16 5.14681e+16 2.55141e+16 7.36899e+15 8.84697e+13 1.78973e+12 4.23033e+10 1.00011e+09 2.36292e+07 533652
268207 1.17708e+07 4.94202e+08 2.07703e+10 8.74855e+11 4.32215e+13 3.64333e+15 1.26259e+16 2.54793e+16 4.00224e+16 5.37929e+16 6.44783e+16 7.03015e+16 7.03015e+16 6.44783e+16 5.37929e+16 4.00224e+16 2.54793e+16 1.26259e+16 3.64333e+15 4.32215e+13 8.74855e+11 2.07703e+10 4.94202e+08 1.17708e+07 268207
91031.6 3.82842e+06 1.53496e+08 6.16199e+09 2.48903e+11 1.19886e+13 1.04375e+15 3.62559e+15 7.32324e+15 1.15085e+16 1.54719e+16 1.85475e+16 2.02236e+16 2.02236e+16 1.85475e+16 1.54719e+16 1.15085e+16 7.32324e+15 3.62559e+15 1.04375e+15 1.19886e+13 2.48903e+11 6.16199e+09 1.53496e+08 3.82842e+06 91031.6
15820.2 549097 1.66937e+07 4.42997e+08 8.95512e+09 1.3343e+11 1.09641e+13 3.94765e+13 8.08206e+13 1.27783e+14 1.72272e+14 2.06766e+14 2.25546e+14 2.25546e+14 2.06766e+14 1.72272e+14 1.27783e+14 8.08206e+13 3.94765e+13 1.09641e+13 1.3343e+11 8.95512e+09 4.42997e+08 1.66937e+07 549097 15820.2
1731.32 49065.3 1.15581e+06 2.29753e+07 3.84605e+08 7.92126e+09 2.21047e+11 7.77973e+11 1.59308e+12 2.52102e+12 3.40062e+12 4.08271e+12 4.45409e+12 4.45409e+12 4.08271e+12 3.40062e+12 2.52102e+12 1.59308e+12 7.77973e+11 2.21047e+11 7.92126e+09 3.84605e+08 2.29753e+07 1.15581e+06 49065.3 1731.32
142.584 3436.74 68609.8 1.22699e+06 2.13396e+07 3.92349e+08 5.47155e+09 1.84663e+10 3.76464e+10 5.95461e+10 8.03238e+10 9.64426e+10 1.05221e+11 1.05221e+11 9.64426e+10 8.03238e+10 5.95461e+10 3.76464e+10 1.84663e+10 5.47155e+09 3.92349e+08 2.13396e+07 1.22699e+06 68609.8 3436.74 142.584
9.90232 212.96 3856.89 65056.9 1.04592e+06 1.47953e+07 1.36278e+08 4.39286e+08 8.89805e+08 1.40615e+09 1.89671e+09 2.27747e+09 2.48489e+09 2.48489e+09 2.27747e+09 1.89671e+09 1.40615e+09 8.89805e+08 4.39286e+08 1.36278e+08 1.47953e+07 1.04592e+06 65056.9 3856.89 212.96 9.90232
0.615251 12.1834 204.283 3165.42 43955.6 486808 3.39849e+06 1.04606e+07 2.10181e+07 3.3169e+07 4.47332e+07 5.37157e+07 5.86104e+07 5.86104e+07 5.37157e+07 4.47332e+07 3.3169e+07 2.10181e+07 1.04606e+07 3.39849e+06 486808 43955.6 3165.42 204.283 12.1834 0.615251
0.0321318 0.595658 9.25235 129.391 1544.15 14027.3 80797.3 238302 474570 747615 1.00799e+06 1.21041e+06 1.32075e+06 1.32075e+06 1.21041e+06 1.00799e+06 747615 474570 238302 80797.3 14027.3 1544.15 129.391 9.25235 0.595658 0.0321318
