9.14844e-05 0.00171591 0.0271837 0.389663 4.76275 44.0629 256.685 762.221 1527.83 2422.64 3285.76 3963.36 4335.15 4335.15 3963.36 3285.76 2422.64 1527.83 762.221 256.685 44.0629 4.76275 0.389663 0.0271837 0.00171591 9.14845e-05
0.00174206 0.0347073 0.591057 9.39884 134.479 1525.96 10803.9 33495.9 67765.1 107683 146136 176315 192873 192873 176315 146136 107683 67765.1 33495.9 10803.9 1525.96 134.479 9.39884 0.591057 0.0347073 0.00174206
0.0280604 0.602602 10.9759 189.036 3151.06 46159.9 433304 1.40749e+06 2.87162e+06 4.57123e+06 6.20679e+06 7.49016e+06 8.19433e+06 8.19433e+06 7.49016e+06 6.20679e+06 4.57123e+06 2.87162e+06 1.40749e+06 433304 46159.9 3151.06 189.036 10.9759 0.602602 0.0280604
0.407881 9.76541 193.711 3476.36 62449.8 1.21189e+06 1.73926e+07 5.91754e+07 1.21555e+08 1.93748e+08 2.63175e+08 3.1765e+08 3.47543e+08 3.47543e+08 3.1765e+08 2.63175e+08 1.93748e+08 1.21555e+08 5.91754e+07 1.73926e+07 1.21189e+06 62449.8 3476.36 193.711 9.76541 0.407881
5.0321 141.648 3299.47 64543 1.07345e+06 2.38268e+07 7.02283e+08 2.49258e+09 5.14466e+09 8.20721e+09 1.11516e+10 1.34622e+10 1.47302e+10 1.47302e+10 1.34622e+10 1.11516e+10 8.20721e+09 5.14466e+09 2.49258e+09 7.02283e+08 2.38268e+07 1.07345e+06 64543 3299.47 141.648 5.0321
46.7997 1619.31 48911.3 1.28067e+06 2.50259e+07 3.57247e+08 3.45027e+10 1.25369e+11 2.5876e+11 4.12459e+11 5.60132e+11 6.75983e+11 7.39552e+11 7.39552e+11 6.75983e+11 5.60132e+11 4.12459e+11 2.5876e+11 1.25369e+11 3.45027e+10 3.57247e+08 2.50259e+07 1.28067e+06 48911.3 1619.31 46.7997
273.355 11505.6 461454 1.85233e+07 7.47999e+08 3.64159e+10 3.29022e+12 1.1489e+13 2.33269e+13 3.68518e+13 4.97779e+13 5.98855e+13 6.54216e+13 6.54216e+13 5.98855e+13 4.97779e+13 3.68518e+13 2.33269e+13 1.1489e+13 3.29022e+12 3.64159e+10 7.48e+08 1.85233e+07 461454 11505.6 273.355
812.158 35693.3 1.49996e+06 6.30694e+07 2.65688e+09 1.32508e+11 1.1529e+13 4.01514e+13 8.14345e+13 1.28573e+14 1.7361e+14 2.08818e+14 2.281e+14 2.281e+14 2.08818e+14 1.7361e+14 1.28573e+14 8.14345e+13 4.01514e+13 1.1529e+13 1.32508e+11 2.65688e+09 6.30694e+07 1.49996e+06 35693.3 812.158
1627.63 72197.2 3.05969e+06 1.29528e+08 5.48259e+09 2.735e+11 2.34333e+13 8.15236e+13 1.65274e+14 2.60883e+14 3.52215e+14 4.23611e+14 4.62711e+14 4.62711e+14 4.23611e+14 3.52215e+14 2.60883e+14 1.65274e+14 8.15236e+13 2.34333e+13 2.735e+11 5.48259e+09 1.29528e+08 3.05969e+06 72197.2 1627.63
2579.7 114671 4.86825e+06 2.06352e+08 8.74178e+09 4.35788e+11 3.7033e+13 1.28762e+14 2.60982e+14 4.11904e+14 5.56064e+14 6.68752e+14 7.30463e+14 7.30463e+14 6.68752e+14 5.56064e+14 4.11904e+14 2.60982e+14 1.28762e+14 3.7033e+13 4.35788e+11 8.74178e+09 2.06352e+08 4.86825e+06 114671 2579.7
3496.94 155537 6.6064e+06 2.80135e+08 1.1871e+10 5.91515e+11 5.00252e+13 1.73877e+14 3.52376e+14 5.56107e+14 7.50701e+14 9.02809e+14 9.86107e+14 9.86107e+14 9.02809e+14 7.50701e+14 5.56107e+14 3.52376e+14 1.73877e+14 5.00252e+13 5.91515e+11 1.1871e+10 2.80135e+08 6.6064e+06 155537 3496.94
4216.23 187572 7.96868e+06 3.37959e+08 1.43235e+10 7.13541e+11 6.01792e+13 2.09129e+14 4.23787e+14 6.68777e+14 9.02774e+14 1.08568e+15 1.18584e+15 1.18584e+15 1.08568e+15 9.02774e+14 6.68777e+14 4.23787e+14 2.0913e+14 6.01792e+13 7.13541e+11 1.43235e+10 3.37959e+08 7.96868e+06 187572 4216.23
4610.6 205135 8.71554e+06 3.69662e+08 1.56683e+10 7.80443e+11 6.57386e+13 2.28429e+14 4.6288e+14 7.30457e+14 9.86024e+14 1.18579e+15 1.29518e+15 1.29518e+15 1.18579e+15 9.86024e+14 7.30457e+14 4.6288e+14 2.28429e+14 6.57386e+13 7.80443e+11 1.56683e+10 3.69662e+08 8.71554e+06 205135 4610.6
4610.6 205135 8.71554e+06 3.69662e+08 1.56683e+10 7.80443e+11 6.57386e+13 2.28429e+14 4.6288e+14 7.30457e+14 9.86024e+14 1.18579e+15 1.29518e+15 1.29518e+15 1.18579e+15 9.86024e+14 7.30457e+14 4.6288e+14 2.28429e+14 6.57386e+13 7.80443e+11 1.56683e+10 3.69662e+08 8.71554e+06 205135 4610.6
4216.23 187572 7.96868e+06 3.37959e+08 1.43235e+10 7.13541e+11 6.01792e+13 2.0913e+14 4.23787e+14 6.68777e+14 9.02774e+14 1.08568e+15 1.18584e+15 1.18584e+15 1.08568e+15 9.02774e+14 6.68777e+14 4.23787e+14 2.09129e+14 6.01792e+13 7.13541e+11 1.43235e+10 3.37959e+08 7.96868e+06 187572 4216.23
3496.94 155537 6.6064e+06 2.80135e+08 1.1871e+10 5.91515e+11 5.00252e+13 1.73877e+14 3.52376e+14 5.56107e+14 7.50701e+14 9.02809e+14 9.86107e+14 9.86107e+14 9.02809e+14 7.50701e+14 5.56107e+14 3.52376e+14 1.73877e+14 5.00252e+13 5.91515e+11 1.1871e+10 2.80135e+08 6.6064e+06 155537 3496.94
2579.7 114671 4.86825e+06 2.06352e+08 8.74178e+09 4.35788e+11 3.7033e+13 1.28762e+14 2.60982e+14 4.11904e+14 5.56064e+14 6.68752e+14 7.30463e+14 7.30463e+14 6.68752e+14 5.56064e+14 4.11904e+14 2.60982e+14 1.28762e+14 3.7033e+13 4.35788e+11 8.74178e+09 2.06352e+08 4.86825e+06 114671 2579.7
1627.63 72197.2 3.05969e+06 1.29528e+08 5.48259e+09 2.735e+11 2.34333e+13 8.15236e+13 1.65274e+14 2.60883e+14 3.52215e+14 4.23611e+14 4.62711e+14 4.62711e+14 4.23611e+14 3.52215e+14 2.60883e+14 1.65274e+14 8.15236e+13 2.34333e+13 2.735e+11 5.48259e+09 1.29528e+08 3.05969e+06 72197.2 1627.63
812.158 35693.3 1.49996e+06 6.30694e+07 2.65688e+09 1.32508e+11 1.1529e+13 4.01514e+13 8.14345e+13 1.28573e+14 1.7361e+14 2.08818e+14 2.281e+14 2.281e+14 2.08818e+14 1.7361e+14 1.28573e+14 8.14345e+13 4.01514e+13 1.1529e+13 1.32508e+11 2.65688e+09 6.30694e+07 1.49996e+06 35693.3 812.158
273.355 11505.6 461454 1.85233e+07 7.48e+08 3.64159e+10 3.29022e+12 1.1489e+13 2.33269e+13 3.68518e+13 4.97779e+13 5.98855e+13 6.54216e+13 6.54216e+13 5.98855e+13 4.97779e+13 3.68518e+13 2.33269e+13 1.1489e+13 3.29022e+12 3.64159e+10 7.47999e+08 1.85233e+07 461454 11505.6 273.355
46.7997 1619.31 48911.3 1.28067e+06 2.50259e+07 3.57247e+08 3.45027e+10 1.25369e+11 2.5876e+11 4.12459e+11 5.60132e+11 6.75983e+11 7.39552e+11 7.39552e+11 6.75983e+11 5.60132e+11 4.12459e+11 2.5876e+11 1.25369e+11 3.45027e+10 3.57247e+08 2.50259e+07 1.28067e+06 48911.3 1619.31 46.7997
5.0321 141.648 3299.47 64543 1.07345e+06 2.38268e+07 7.02283e+08 2.49258e+09 5.14466e+09 8.20721e+09 1.11516e+10 1.34622e+10 1.47302e+10 1.47302e+10 1.34622e+10 1.11516e+10 8.20721e+09 5.14466e+09 2.49258e+09 7.02283e+08 2.38268e+07 1.07345e+06 64543 3299.47 141.648 5.0321
0.407881 9.76541 193.711 3476.36 62449.8 1.21189e+06 1.73926e+07 5.91754e+07 1.21555e+08 1.93748e+08 2.63175e+08 3.1765e+08 3.47543e+08 3.47543e+08 3.1765e+08 2.63175e+08 1.93748e+08 1.21555e+08 5.91754e+07 1.73926e+07 1.21189e+06 62449.8 3476.36 193.711 9.76541 0.407881
0.0280604 0.602602 10.9759 189.036 3151.06 46159.9 433304 1.40749e+06 2.87162e+06 4.57123e+06 6.20679e+06 7.49016e+06 8.19433e+06 8.19433e+06 7.49016e+06 6.20679e+06 4.57123e+06 2.87162e+06 1.40749e+06 433304 46159.9 3151.06 189.036 10.9759 0.602602 0.0280604
0.00174206 0.0347073 0.591057 9.39884 134.479 1525.96 10803.9 33495.9 67765.1 107683 146136 176315 192873 192873 176315 146136 107683 67765.1 33495.9 10803.9 1525.96 134.479 9.39884 0.591057 0.0347073 0.00174206
9.14844e-05 0.00171591 0.0271837 0.389663 4.76275 44.0629 256.685 762.221 1527.83 2422.64 3285.76 3963.36 4335.15 4335.15 3963.36 3285.76 2422.64 1527.83 762.221 256.685 44.0629 4.76275 0.389663 0.0271837 0.00171591 9.14845e-05
