2.21664e-05 0.000416069 0.00660169 0.0948184 1.16096 10.7517 62.6451 185.921 372.381 590.027 799.743 964.259 1054.49 1054.49 964.259 799.743 590.027 372.381 185.921 62.6451 10.7517 1.16096 0.0948184 0.00660169 0.000416069 2.21664e-05
0.000421403 0.00839651 0.143157 2.28151 32.7243 371.951 2634.73 8163.88 16502.5 26202.4 35536.2 42855.8 46870.1 46870.1 42855.8 35536.2 26202.4 16502.5 8163.88 2634.73 371.951 32.7243 2.28151 0.143157 0.00839651 0.000421403
0.00678085 0.145505 2.65059 45.7364 764.942 11238 105601 342815 698806 1.11146e+06 1.5081e+06 1.81909e+06 1.98965e+06 1.98965e+06 1.81909e+06 1.5081e+06 1.11146e+06 698806 342815 105601 11238 764.942 45.7364 2.65059 0.145505 0.00678085
0.0985625 2.35631 46.6821 837.857 15102.2 294587 4.23675e+06 1.44058e+07 2.95636e+07 4.70797e+07 6.39045e+07 7.70958e+07 8.43312e+07 8.43312e+07 7.70958e+07 6.39045e+07 4.70797e+07 2.95636e+07 1.44058e+07 4.23675e+06 294587 15102.2 837.857 46.6821 2.35631 0.0985625
1.21687 34.2006 795.158 15521.3 257984 5.77404e+06 1.71023e+08 6.06594e+08 1.25074e+09 1.99341e+09 2.70658e+09 3.26579e+09 3.57255e+09 3.57255e+09 3.2658e+09 2.70658e+09 1.99341e+09 1.25074e+09 6.06594e+08 1.71023e+08 5.77404e+06 257984 15521.3 795.158 34.2006 1.21687
11.3276 391.487 11808.5 308590 6.00622e+06 8.53935e+07 8.393e+09 3.04776e+10 6.28419e+10 1.00075e+11 1.35806e+11 1.63815e+11 1.79178e+11 1.79178e+11 1.63815e+11 1.35806e+11 1.00075e+11 6.28419e+10 3.04776e+10 8.393e+09 8.53935e+07 6.00622e+06 308590 11808.5 391.487 11.3276
66.2007 2784.36 111604 4.47792e+06 1.80781e+08 8.81185e+09 7.99598e+11 2.79054e+12 5.66118e+12 8.93645e+12 1.20633e+13 1.45065e+13 1.58441e+13 1.58441e+13 1.45065e+13 1.20633e+13 8.93645e+12 5.66118e+12 2.79054e+12 7.99598e+11 8.81185e+09 1.80781e+08 4.47792e+06 111604 2784.36 66.2007
196.6 8633.86 362600 1.52394e+07 6.41792e+08 3.20409e+10 2.79932e+12 9.74402e+12 1.97469e+13 3.11534e+13 4.20393e+13 5.05432e+13 5.51984e+13 5.51984e+13 5.05432e+13 4.20393e+13 3.11534e+13 1.97469e+13 9.74401e+12 2.79932e+12 3.20409e+10 6.41792e+08 1.52394e+07 362600 8633.86 196.6
393.693 17449.1 738984 3.12675e+07 1.323e+09 6.60596e+10 5.68412e+12 1.97651e+13 4.00388e+13 6.31525e+13 8.52085e+13 1.02437e+14 1.11868e+14 1.11868e+14 1.02437e+14 8.52085e+13 6.31525e+13 4.00388e+13 1.97651e+13 5.68412e+12 6.60596e+10 1.323e+09 3.12675e+07 738984 17449.1 393.693
623.474 27690.6 1.17472e+06 4.97649e+07 2.10736e+09 1.05148e+11 8.9747e+12 3.11898e+13 6.31685e+13 9.96227e+13 1.34406e+14 1.61575e+14 1.76447e+14 1.76447e+14 1.61575e+14 1.34406e+14 9.96227e+13 6.31685e+13 3.11898e+13 8.9747e+12 1.05148e+11 2.10736e+09 4.97649e+07 1.17472e+06 27690.6 623.474
844.578 37531.7 1.59294e+06 6.75058e+07 2.85939e+09 1.42604e+11 1.21144e+13 4.20873e+13 8.52284e+13 1.34404e+14 1.81324e+14 2.17972e+14 2.38032e+14 2.38032e+14 2.17972e+14 1.81324e+14 1.34404e+14 8.52284e+13 4.20873e+13 1.21144e+13 1.42604e+11 2.85939e+09 6.75058e+07 1.59294e+06 37531.7 844.578
1017.81 45239.1 1.92041e+06 8.13963e+07 3.44824e+09 1.71927e+11 1.4566e+13 5.05952e+13 1.0245e+14 1.61556e+14 2.17949e+14 2.61996e+14 2.86106e+14 2.86106e+14 2.61996e+14 2.17949e+14 1.61556e+14 1.0245e+14 5.05952e+13 1.4566e+13 1.71927e+11 3.44824e+09 8.13963e+07 1.92041e+06 45239.1 1017.81
1112.74 49462.3 2.09984e+06 8.90078e+07 3.77094e+09 1.87995e+11 1.59076e+13 5.52506e+13 1.11873e+14 1.76412e+14 2.37989e+14 2.86083e+14 3.12409e+14 3.12409e+14 2.86084e+14 2.37989e+14 1.76412e+14 1.11873e+14 5.52506e+13 1.59076e+13 1.87995e+11 3.77094e+09 8.90078e+07 2.09984e+06 49462.3 1112.74
1112.74 49462.3 2.09984e+06 8.90078e+07 3.77094e+09 1.87995e+11 1.59076e+13 5.52506e+13 1.11873e+14 1.76412e+14 2.37989e+14 2.86084e+14 3.12409e+14 3.12409e+14 2.86083e+14 2.37989e+14 1.76412e+14 1.11873e+14 5.52506e+13 1.59076e+13 1.87995e+11 3.77094e+09 8.90078e+07 2.09984e+06 49462.3 1112.74
1017.81 45239.1 1.92041e+06 8.13963e+07 3.44824e+09 1.71927e+11 1.4566e+13 5.05952e+13 1.0245e+14 1.61556e+14 2.17949e+14 2.61996e+14 2.86106e+14 2.86106e+14 2.61996e+14 2.17949e+14 1.61556e+14 1.0245e+14 5.05952e+13 1.4566e+13 1.71927e+11 3.44824e+09 8.13963e+07 1.92041e+06 45239.1 1017.81
844.578 37531.7 1.59294e+06 6.75058e+07 2.85939e+09 1.42604e+11 1.21144e+13 4.20873e+13 8.52284e+13 1.34404e+14 1.81324e+14 2.17972e+14 2.38032e+14 2.38032e+14 2.17972e+14 1.81324e+14 1.34404e+14 8.52284e+13 4.20873e+13 1.21144e+13 1.42604e+11 2.85939e+09 6.75058e+07 1.59294e+06 37531.7 844.578
623.474 27690.6 1.17472e+06 4.97649e+07 2.10736e+09 1.05148e+11 8.9747e+12 3.11898e+13 6.31685e+13 9.96227e+13 1.34406e+14 1.61575e+14 1.76447e+14 1.76447e+14 1.61575e+14 1.34406e+14 9.96227e+13 6.31685e+13 3.11898e+13 8.9747e+12 1.05148e+11 2.10736e+09 4.97649e+07 1.17472e+06 27690.6 623.474
393.693 17449.1 738984 3.12675e+07 1.323e+09 6.60596e+10 5.68412e+12 1.97651e+13 4.00388e+13 6.31525e+13 8.52085e+13 1.02437e+14 1.11868e+14 1.11868e+14 1.02437e+14 8.52085e+13 6.31525e+13 4.00388e+13 1.97651e+13 5.68412e+12 6.60596e+10 1.323e+09 3.12675e+07 738984 17449.1 393.693
196.6 8633.86 362600 1.52394e+07 6.41792e+08 3.20409e+10 2.79932e+12 9.74401e+12 1.97469e+13 3.11534e+13 4.20393e+13 5.05432e+13 5.51984e+13 5.51984e+13 5.05432e+13 4.20393e+13 3.11534e+13 1.97469e+13 9.74402e+12 2.79932e+12 3.20409e+10 6.41792e+08 1.52394e+07 362600 8633.86 196.6
66.2007 2784.36 111604 4.47792e+06 1.80781e+08 8.81185e+09 7.99598e+11 2.79054e+12 5.66118e+12 8.93645e+12 1.20633e+13 1.45065e+13 1.58441e+13 1.58441e+13 1.45065e+13 1.20633e+13 8.93645e+12 5.66118e+12 2.79054e+12 7.99598e+11 8.81185e+09 1.80781e+08 4.47792e+06 111604 2784.36 66.2007
11.3276 391.487 11808.5 308590 6.00622e+06 8.53935e+07 8.393e+09 3.04776e+10 6.28419e+10 1.00075e+11 1.35806e+11 1.63815e+11 1.79178e+11 1.79178e+11 1.63815e+11 1.35806e+11 1.00075e+11 6.28419e+10 3.04776e+10 8.393e+09 8.53935e+07 6.00622e+06 308590 11808.5 391.487 11.3276
1.21687 34.2006 795.158 15521.3 257984 5.77404e+06 1.71023e+08 6.06594e+08 1.25074e+09 1.99341e+09 2.70658e+09 3.2658e+09 3.57255e+09 3.57255e+09 3.26579e+09 2.70658e+09 1.99341e+09 1.25074e+09 6.06594e+08 1.71023e+08 5.77404e+06 257984 15521.3 795.158 34.2006 1.21687
0.0985625 2.35631 46.6821 837.857 15102.2 294587 4.23675e+06 1.44058e+07 2.95636e+07 4.70797e+07 6.39045e+07 7.70958e+07 8.43312e+07 8.43312e+07 7.70958e+07 6.39045e+07 4.70797e+07 2.95636e+07 1.44058e+07 4.23675e+06 294587 15102.2 837.857 46.6821 2.35631 0.0985625
0.00678085 0.145505 2.65059 45.7364 764.942 11238 105601 342815 698806 1.11146e+06 1.5081e+06 1.81909e+06 1.98965e+06 1.98965e+06 1.81909e+06 1.5081e+06 1.11146e+06 698806 342815 105601 11238 764.942 45.7364 2.65059 0.145505 0.00678085
0.000421403 0.00839651 0.143157 2.28151 32.7243 371.951 2634.73 8163.88 16502.5 26202.4 35536.2 42855.8 46870.1 46870.1 42855.8 35536.2 26202.4 16502.5 8163.88 2634.73 371.951 32.7243 2.28151 0.143157 0.00839651 0.000421403
2.21664e-05 0.000416069 0.00660169 0.0948184 1.16096 10.7517 62.6451 185.921 372.381 590.027 799.743 964.259 1054.49 1054.49 964.259 799.743 590.027 372.381 185.921 62.6451 10.7517 1.16096 0.0948184 0.00660169 0.000416069 2.21664e-05
