0.000196902 0.00369941 0.058779 0.845569 10.3684 96.1291 560.49 1664.09 3333.92 5283.52 7162.3 8636.15 9444.45 9444.45 8636.15 7162.3 5283.52 3333.92 1664.09 560.49 96.1291 10.3684 0.845569 0.058779 0.00369941 0.000196902
0.00374285 0.0746256 1.27385 20.3362 292.217 3326.16 23580.9 73097.2 147804 234730 318386 383990 419968 419968 383990 318386 234730 147804 73097.2 23580.9 3326.16 292.217 20.3362 1.27385 0.0746256 0.00374285
0.0602411 1.29297 23.569 407.291 6827.07 100500 945397 3.07044e+06 6.26094e+06 9.96038e+06 1.35168e+07 1.63053e+07 1.78345e+07 1.78345e+07 1.63053e+07 1.35168e+07 9.96038e+06 6.26094e+06 3.07044e+06 945397 100500 6827.07 407.291 23.569 1.29297 0.0602411
0.876255 20.9469 414.977 7452.08 134607 2.63375e+06 3.79381e+07 1.29059e+08 2.64948e+08 4.2203e+08 5.72937e+08 6.91253e+08 7.56146e+08 7.56146e+08 6.91253e+08 5.72937e+08 4.2203e+08 2.64948e+08 1.29059e+08 3.79381e+07 2.63375e+06 134607 7452.08 414.977 20.9469 0.876255
10.8297 304.352 7073.84 137996 2.29359e+06 5.15624e+07 1.53166e+09 5.43536e+09 1.12114e+10 1.78733e+10 2.42716e+10 2.92886e+10 3.20405e+10 3.20405e+10 2.92886e+10 2.42716e+10 1.78733e+10 1.12114e+10 5.43536e+09 1.53166e+09 5.15624e+07 2.29359e+06 137996 7073.84 304.352 10.8297
100.924 3488.42 105215 2.74824e+06 5.34e+07 7.57577e+08 7.51388e+10 2.73009e+11 5.6315e+11 8.9707e+11 1.21757e+12 1.46882e+12 1.60661e+12 1.60661e+12 1.46882e+12 1.21757e+12 8.9707e+11 5.6315e+11 2.73009e+11 7.51388e+10 7.57577e+08 5.34e+07 2.74824e+06 105215 3488.42 100.924
590.351 24838.4 995880 3.99677e+07 1.61384e+09 7.87205e+10 7.15824e+12 2.49922e+13 5.07198e+13 8.00867e+13 1.08131e+14 1.30047e+14 1.42046e+14 1.42046e+14 1.30047e+14 1.08131e+14 8.00867e+13 5.07198e+13 2.49922e+13 7.15824e+12 7.87205e+10 1.61384e+09 3.99677e+07 995880 24838.4 590.351
1753.95 77055.9 3.23725e+06 1.36094e+08 5.73266e+09 2.8639e+11 2.50677e+13 8.72917e+13 1.76964e+14 2.79264e+14 3.76924e+14 4.53226e+14 4.94998e+14 4.94998e+14 4.53226e+14 3.76924e+14 2.79264e+14 1.76964e+14 8.72916e+13 2.50677e+13 2.8639e+11 5.73266e+09 1.36094e+08 3.23725e+06 77055.9 1753.95
3513.17 155774 6.59954e+06 2.7932e+08 1.18215e+10 5.90663e+11 5.09151e+13 1.77114e+14 3.5891e+14 5.66262e+14 7.64184e+14 9.1881e+14 1.00346e+15 1.00346e+15 9.1881e+14 7.64184e+14 5.66262e+14 3.5891e+14 1.77114e+14 5.09151e+13 5.90663e+11 1.18215e+10 2.7932e+08 6.59954e+06 155774 3513.17
5564.41 247240 1.04926e+07 4.44644e+08 1.88337e+10 9.4036e+11 8.04074e+13 2.7955e+14 5.66366e+14 8.93464e+14 1.20566e+15 1.44956e+15 1.58308e+15 1.58308e+15 1.44956e+15 1.20566e+15 8.93464e+14 5.66366e+14 2.7955e+14 8.04074e+13 9.4036e+11 1.88337e+10 4.44644e+08 1.04926e+07 247240 5564.41
7538.11 335128 1.42292e+07 6.03202e+08 2.55567e+10 1.27546e+12 1.08552e+14 3.77275e+14 7.64261e+14 1.20557e+15 1.62676e+15 1.95579e+15 2.13591e+15 2.13591e+15 1.95579e+15 1.62676e+15 1.20557e+15 7.64261e+14 3.77275e+14 1.08552e+14 1.27546e+12 2.55567e+10 6.03202e+08 1.42292e+07 335128 7538.11
9084.26 403951 1.71545e+07 7.27328e+08 3.08201e+10 1.53774e+12 1.30529e+14 4.53575e+14 9.1876e+14 1.44922e+15 1.95549e+15 2.35099e+15 2.56749e+15 2.56749e+15 2.35099e+15 1.95549e+15 1.44922e+15 9.1876e+14 4.53575e+14 1.30529e+14 1.53774e+12 3.08201e+10 7.27328e+08 1.71545e+07 403951 9084.26
9931.39 441656 1.87572e+07 7.95334e+08 3.3704e+10 1.68144e+12 1.42555e+14 4.95324e+14 1.0033e+15 1.58254e+15 2.13536e+15 2.56722e+15 2.80362e+15 2.80362e+15 2.56722e+15 2.13536e+15 1.58254e+15 1.0033e+15 4.95324e+14 1.42555e+14 1.68144e+12 3.3704e+10 7.95334e+08 1.87572e+07 441656 9931.39
9931.39 441656 1.87572e+07 7.95334e+08 3.3704e+10 1.68144e+12 1.42555e+14 4.95324e+14 1.0033e+15 1.58254e+15 2.13536e+15 2.56722e+15 2.80362e+15 2.80362e+15 2.56722e+15 2.13536e+15 1.58254e+15 1.0033e+15 4.95324e+14 1.42555e+14 1.68144e+12 3.3704e+10 7.95334e+08 1.87572e+07 441656 9931.39
9084.26 403951 1.71545e+07 7.27328e+08 3.08201e+10 1.53774e+12 1.30529e+14 4.53575e+14 9.1876e+14 1.44922e+15 1.95549e+15 2.35099e+15 2.56749e+15 2.56749e+15 2.35099e+15 1.95549e+15 1.44922e+15 9.1876e+14 4.53575e+14 1.30529e+14 1.53774e+12 3.08201e+10 7.27328e+08 1.71545e+07 403951 9084.26
7538.11 335128 1.42292e+07 6.03202e+08 2.55567e+10 1.27546e+12 1.08552e+14 3.77275e+14 7.64261e+14 1.20557e+15 1.62676e+15 1.95579e+15 2.13591e+15 2.13591e+15 1.95579e+15 1.62676e+15 1.20557e+15 7.64261e+14 3.77275e+14 1.08552e+14 1.27546e+12 2.55567e+10 6.03202e+08 1.42292e+07 335128 7538.11
5564.41 247240 1.04926e+07 4.44644e+08 1.88337e+10 9.4036e+11 8.04074e+13 2.7955e+14 5.66366e+14 8.93464e+14 1.20566e+15 1.44956e+15 1.58308e+15 1.58308e+15 1.44956e+15 1.20566e+15 8.93464e+14 5.66366e+14 2.7955e+14 8.04074e+13 9.4036e+11 1.88337e+10 4.44644e+08 1.04926e+07 247240 5564.41
3513.17 155774 6.59954e+06 2.7932e+08 1.18215e+10 5.90663e+11 5.09151e+13 1.77114e+14 3.5891e+14 5.66262e+14 7.64184e+14 9.1881e+14 1.00346e+15 1.00346e+15 9.1881e+14 7.64184e+14 5.66262e+14 3.5891e+14 1.77114e+14 5.09151e+13 5.90663e+11 1.18215e+10 2.7932e+08 6.59954e+06 155774 3513.17
1753.95 77055.9 3.23725e+06 1.36094e+08 5.73266e+09 2.8639e+11 2.50677e+13 8.72916e+13 1.76964e+14 2.79264e+14 3.76924e+14 4.53226e+14 4.94998e+14 4.94998e+14 4.53226e+14 3.76924e+14 2.79264e+14 1.76964e+14 8.72917e+13 2.50677e+13 2.8639e+11 5.73266e+09 1.36094e+08 3.23725e+06 77055.9 1753.95
590.351 24838.4 995880 3.99677e+07 1.61384e+09 7.87205e+10 7.15824e+12 2.49922e+13 5.07198e+13 8.00867e+13 1.08131e+14 1.30047e+14 1.42046e+14 1.42046e+14 1.30047e+14 1.08131e+14 8.00867e+13 5.07198e+13 2.49922e+13 7.15824e+12 7.87205e+10 1.61384e+09 3.99677e+07 995880 24838.4 590.351
100.924 3488.42 105215 2.74824e+06 5.34e+07 7.57577e+08 7.51388e+10 2.73009e+11 5.6315e+11 8.9707e+11 1.21757e+12 1.46882e+12 1.60661e+12 1.60661e+12 1.46882e+12 1.21757e+12 8.9707e+11 5.6315e+11 2.73009e+11 7.51388e+10 7.57577e+08 5.34e+07 2.74824e+06 105215 3488.42 100.924
10.8297 304.352 7073.84 137996 2.29359e+06 5.15624e+07 1.53166e+09 5.43536e+09 1.12114e+10 1.78733e+10 2.42716e+10 2.92886e+10 3.20405e+10 3.20405e+10 2.92886e+10 2.42716e+10 1.78733e+10 1.12114e+10 5.43536e+09 1.53166e+09 5.15624e+07 2.29359e+06 137996 7073.84 304.352 10.8297
0.876255 20.9469 414.977 7452.08 134607 2.63375e+06 3.79381e+07 1.29059e+08 2.64948e+08 4.2203e+08 5.72937e+08 6.91253e+08 7.56146e+08 7.56146e+08 6.91253e+08 5.72937e+08 4.2203e+08 2.64948e+08 1.29059e+08 3.79381e+07 2.63375e+06 134607 7452.08 414.977 20.9469 0.876255
0.0602411 1.29297 23.569 407.291 6827.07 100500 945397 3.07044e+06 6.26094e+06 9.96038e+06 1.35168e+07 1.63053e+07 1.78345e+07 1.78345e+07 1.63053e+07 1.35168e+07 9.96038e+06 6.26094e+06 3.07044e+06 945397 100500 6827.07 407.291 23.569 1.29297 0.0602411
0.00374285 0.0746256 1.27385 20.3362 292.217 3326.16 23580.9 73097.2 147804 234730 318386 383990 419968 419968 383990 318386 234730 147804 73097.2 23580.9 3326.16 292.217 20.3362 1.27385 0.0746256 0.00374285
0.000196902 0.00369941 0.058779 0.845569 10.3684 96.1291 560.49 1664.09 3333.92 5283.52 7162.3 8636.15 9444.45 9444.45 8636.15 7162.3 5283.52 3333.92 1664.09 560.49 96.1291 10.3684 0.845569 0.058779 0.00369941 0.000196902
