1.63784 30.7963 487.068 6945.52 84397.5 777506 4.51697e+06 1.33534e+07 2.65582e+07 4.16712e+07 5.58826e+07 6.67689e+07 7.26371e+07 7.26371e+07 6.67689e+07 5.58826e+07 4.16712e+07 2.65582e+07 1.33534e+07 4.51697e+06 777506 84397.5 6945.52 487.068 30.7963 1.63784
31.516 631.66 10766.8 170255 2.41473e+06 2.72062e+07 1.91887e+08 5.92242e+08 1.18866e+09 1.86834e+09 2.50579e+09 2.99331e+09 3.25584e+09 3.25584e+09 2.99331e+09 2.50579e+09 1.86834e+09 1.18866e+09 5.92242e+08 1.91887e+08 2.72062e+07 2.41473e+06 170255 10766.8 631.66 31.516
511.206 11090.6 203281 3.49131e+06 5.75094e+07 8.32029e+08 7.76285e+09 2.51019e+10 5.08004e+10 7.99554e+10 1.07231e+11 1.28057e+11 1.3926e+11 1.3926e+11 1.28057e+11 1.07231e+11 7.99554e+10 5.08004e+10 2.51019e+10 7.76285e+09 8.32029e+08 5.75094e+07 3.49131e+06 203281 11090.6 511.206
7442.44 180505 3.62571e+06 6.54754e+07 1.16467e+09 2.21086e+10 3.13851e+11 1.06303e+12 2.16566e+12 3.41138e+12 4.5742e+12 5.46069e+12 5.93709e+12 5.93709e+12 5.46069e+12 4.5742e+12 3.41138e+12 2.16566e+12 1.06303e+12 3.13851e+11 2.21086e+10 1.16467e+09 6.54754e+07 3.62571e+06 180505 7442.44
91579.1 2.61116e+06 6.17239e+07 1.2269e+09 2.06138e+10 4.42912e+11 1.27444e+13 4.50364e+13 9.21761e+13 1.45251e+14 1.94698e+14 2.32338e+14 2.52543e+14 2.52543e+14 2.32338e+14 1.94698e+14 1.45251e+14 9.21761e+13 4.50364e+13 1.27444e+13 4.42912e+11 2.06138e+10 1.2269e+09 6.17239e+07 2.61116e+06 91579.1
847885 2.96615e+07 9.06767e+08 2.40783e+10 4.81601e+11 7.07295e+12 6.31249e+14 2.28459e+15 4.67826e+15 7.36908e+15 9.87588e+15 1.17846e+16 1.28095e+16 1.28095e+16 1.17846e+16 9.87588e+15 7.36908e+15 4.67826e+15 2.28459e+15 6.31249e+14 7.07295e+12 4.81601e+11 2.40783e+10 9.06767e+08 2.96615e+07 847885
4.92785e+06 2.09345e+08 8.4694e+09 3.42433e+11 1.3906e+13 6.76101e+14 6.01556e+16 2.0996e+17 4.25092e+17 6.67995e+17 8.96527e+17 1.07247e+18 1.16775e+18 1.16775e+18 1.07247e+18 8.96527e+17 6.67995e+17 4.25092e+17 2.0996e+17 6.01556e+16 6.76101e+14 1.3906e+13 3.42433e+11 8.4694e+09 2.09345e+08 4.92785e+06
1.45577e+07 6.45663e+08 2.73668e+10 1.15899e+12 4.9104e+13 2.44896e+15 2.10723e+17 7.33584e+17 1.48364e+18 2.33017e+18 3.12662e+18 3.7399e+18 4.0721e+18 4.0721e+18 3.7399e+18 3.12662e+18 2.33017e+18 1.48364e+18 7.33584e+17 2.10723e+17 2.44896e+15 4.9104e+13 1.15899e+12 2.73668e+10 6.45663e+08 1.45577e+07
2.89199e+07 1.29435e+09 5.53168e+10 2.3582e+12 1.00372e+14 5.01048e+15 4.26823e+17 1.48433e+18 2.99988e+18 4.70895e+18 6.31579e+18 7.55247e+18 8.22214e+18 8.22214e+18 7.55247e+18 6.31579e+18 4.70895e+18 2.99988e+18 1.48433e+18 4.26823e+17 5.01048e+15 1.00372e+14 2.3582e+12 5.53168e+10 1.29435e+09 2.89199e+07
4.5315e+07 2.03159e+09 8.69371e+10 3.70909e+12 1.5792e+14 7.88094e+15 6.70275e+17 2.32983e+18 4.70611e+18 7.38326e+18 9.89802e+18 1.18321e+19 1.28789e+19 1.28789e+19 1.18321e+19 9.89802e+18 7.38326e+18 4.70611e+18 2.32983e+18 6.70275e+17 7.88094e+15 1.5792e+14 3.70909e+12 8.69371e+10 2.03159e+09 4.5315e+07
6.06873e+07 2.72095e+09 1.16426e+11 4.96593e+12 2.11351e+14 1.05452e+16 8.98649e+17 3.12304e+18 6.30579e+18 9.88834e+18 1.32507e+19 1.58348e+19 1.72328e+19 1.72328e+19 1.58348e+19 1.32507e+19 9.88834e+18 6.30579e+18 3.12304e+18 8.98649e+17 1.05452e+16 2.11351e+14 4.96593e+12 1.16426e+11 2.72095e+09 6.06873e+07
7.24315e+07 3.2467e+09 1.38876e+11 5.92118e+12 2.51893e+14 1.25667e+16 1.07397e+18 3.73213e+18 7.53358e+18 1.18097e+19 1.58204e+19 1.8901e+19 2.0567e+19 2.0567e+19 1.8901e+19 1.58204e+19 1.18097e+19 7.53358e+18 3.73213e+18 1.07397e+18 1.25667e+16 2.51893e+14 5.92118e+12 1.38876e+11 3.2467e+09 7.24315e+07
7.87502e+07 3.52926e+09 1.50928e+11 6.43342e+12 2.73608e+14 1.36495e+16 1.16871e+18 4.0614e+18 8.19712e+18 1.28476e+19 1.72078e+19 2.05559e+19 2.23662e+19 2.23662e+19 2.05559e+19 1.72078e+19 1.28476e+19 8.19712e+18 4.0614e+18 1.16871e+18 1.36495e+16 2.73608e+14 6.43342e+12 1.50928e+11 3.52926e+09 7.87502e+07
7.87502e+07 3.52926e+09 1.50928e+11 6.43342e+12 2.73608e+14 1.36495e+16 1.16871e+18 4.0614e+18 8.19712e+18 1.28476e+19 1.72078e+19 2.05559e+19 2.23662e+19 2.23662e+19 2.05559e+19 1.72078e+19 1.28476e+19 8.19712e+18 4.0614e+18 1.16871e+18 1.36495e+16 2.73608e+14 6.43342e+12 1.50928e+11 3.52926e+09 7.87502e+07
7.24315e+07 3.2467e+09 1.38876e+11 5.92118e+12 2.51893e+14 1.25667e+16 1.07397e+18 3.73213e+18 7.53358e+18 1.18097e+19 1.58204e+19 1.8901e+19 2.0567e+19 2.0567e+19 1.8901e+19 1.58204e+19 1.18097e+19 7.53358e+18 3.73213e+18 1.07397e+18 1.25667e+16 2.51893e+14 5.92118e+12 1.38876e+11 3.2467e+09 7.24315e+07
6.06873e+07 2.72095e+09 1.16426e+11 4.96593e+12 2.11351e+14 1.05452e+16 8.98649e+17 3.12304e+18 6.30579e+18 9.88834e+18 1.32507e+19 1.58348e+19 1.72328e+19 1.72328e+19 1.58348e+19 1.32507e+19 9.88834e+18 6.30579e+18 3.12304e+18 8.98649e+17 1.05452e+16 2.11351e+14 4.96593e+12 1.16426e+11 2.72095e+09 6.06873e+07
4.5315e+07 2.03159e+09 8.69371e+10 3.70909e+12 1.5792e+14 7.88094e+15 6.70275e+17 2.32983e+18 4.70611e+18 7.38326e+18 9.89802e+18 1.18321e+19 1.28789e+19 1.28789e+19 1.18321e+19 9.89802e+18 7.38326e+18 4.70611e+18 2.32983e+18 6.70275e+17 7.88094e+15 1.5792e+14 3.70909e+12 8.69371e+10 2.03159e+09 4.5315e+07
2.89199e+07 1.29435e+09 5.53168e+10 2.3582e+12 1.00372e+14 5.01048e+15 4.26823e+17 1.48433e+18 2.99988e+18 4.70895e+18 6.31579e+18 7.55247e+18 8.22214e+18 8.22214e+18 7.55247e+18 6.31579e+18 4.70895e+18 2.99988e+18 1.48433e+18 4.26823e+17 5.01048e+15 1.00372e+14 2.3582e+12 5.53168e+10 1.29435e+09 2.89199e+07
1.45577e+07 6.45663e+08 2.73668e+10 1.15899e+12 4.9104e+13 2.44896e+15 2.10723e+17 7.33584e+17 1.48364e+18 2.33017e+18 3.12662e+18 3.7399e+18 4.0721e+18 4.0721e+18 3.7399e+18 3.12662e+18 2.33017e+18 1.48364e+18 7.33584e+17 2.10723e+17 2.44896e+15 4.9104e+13 1.15899e+12 2.73668e+10 6.45663e+08 1.45577e+07
4.92785e+06 2.09345e+08 8.4694e+09 3.42433e+11 1.3906e+13 6.76101e+14 6.01556e+16 2.0996e+17 4.25092e+17 6.67995e+17 8.96527e+17 1.07247e+18 1.16775e+18 1.16775e+18 1.07247e+18 8.96527e+17 6.67995e+17 4.25092e+17 2.0996e+17 6.01556e+16 6.76101e+14 1.3906e+13 3.42433e+11 8.4694e+09 2.09345e+08 4.92785e+06
847885 2.96615e+07 9.06767e+08 2.40783e+10 4.81601e+11 7.07295e+12 6.31249e+14 2.28459e+15 4.67826e+15 7.36908e+15 9.87588e+15 1.17846e+16 1.28095e+16 1.28095e+16 1.17846e+16 9.87588e+15 7.36908e+15 4.67825e+15 2.28459e+15 6.31249e+14 7.07295e+12 4.81601e+11 2.40783e+10 9.06767e+08 2.96615e+07 847885
91579.1 2.61116e+06 6.17239e+07 1.2269e+09 2.06138e+10 4.42912e+11 1.27444e+13 4.50364e+13 9.21761e+13 1.45251e+14 1.94698e+14 2.32338e+14 2.52543e+14 2.52543e+14 2.32338e+14 1.94698e+14 1.45251e+14 9.21761e+13 4.50364e+13 1.27444e+13 4.42912e+11 2.06138e+10 1.2269e+09 6.17239e+07 2.61116e+06 91579.1
7442.44 180505 3.62571e+06 6.54754e+07 1.16467e+09 2.21086e+10 3.13851e+11 1.06303e+12 2.16566e+12 3.41138e+12 4.5742e+12 5.46069e+12 5.93709e+12 5.93709e+12 5.46069e+12 4.5742e+12 3.41138e+12 2.16566e+12 1.06303e+12 3.13851e+11 2.21086e+10 1.16467e+09 6.54754e+07 3.62571e+06 180505 7442.44
511.206 11090.6 203281 3.49131e+06 5.75094e+07 8.32029e+08 7.76285e+09 2.51019e+10 5.08004e+10 7.99554e+10 1.07231e+11 1.28057e+11 1.3926e+11 1.3926e+11 1.28057e+11 1.07231e+11 7.99554e+10 5.08004e+10 2.51019e+10 7.76285e+09 8.32029e+08 5.75094e+07 3.49131e+06 203281 11090.6 511.206
31.516 631.66 10766.8 170255 2.41473e+06 2.72062e+07 1.91887e+08 5.92242e+08 1.18866e+09 1.86834e+09 2.50579e+09 2.99331e+09 3.25584e+09 3.25584e+09 2.99331e+09 2.50579e+09 1.86834e+09 1.18866e+09 5.92242e+08 1.91887e+08 2.72062e+07 2.41473e+06 170255 10766.8 631.66 31.516
1.63784 30.7963 487.068 6945.52 84397.5 777506 4.51697e+06 1.33534e+07 2.65582e+07 4.16712e+07 5.58826e+07 6.67689e+07 7.26371e+07 7.26371e+07 6.67689e+07 5.58826e+07 4.16712e+07 2.65582e+07 1.33534e+07 4.51697e+06 777506 84397.5 6945.52 487.068 30.7963 1.63784
