2.42573e-06 4.56765e-05 0.000727948 0.0105084 0.129307 1.20295 7.04029 21.0208 42.4185 67.7475 92.4963 112.139 122.995 122.995 112.139 92.4963 67.7475 42.4185 21.0208 7.04029 1.20295 0.129307 0.0105084 0.000727948 4.56765e-05 2.42573e-06
4.61471e-05 0.000921694 0.015775 0.252723 3.64547 41.6454 296.331 923.91 1882.2 3013.39 4117.84 4994.52 5479.18 5479.18 4994.52 4117.84 3013.39 1882.2 923.91 296.331 41.6454 3.64547 0.252723 0.015775 0.000921694 4.61471e-05
0.000743854 0.0159823 0.291842 5.05845 85.1466 1258.61 11882.5 38821.9 79780.9 127995 175046 212405 233066 233066 212405 175046 127995 79780.9 38821.9 11882.5 1258.61 85.1466 5.05845 0.291842 0.0159823 0.000743854
0.010845 0.259383 5.14165 92.465 1676.49 32974.8 476763 1.63186e+06 3.3774e+06 5.42722e+06 7.42745e+06 9.01635e+06 9.89537e+06 9.89537e+06 9.01635e+06 7.42745e+06 5.42722e+06 3.3774e+06 1.63186e+06 476763 32974.8 1676.49 92.465 5.14165 0.259383 0.010845
0.134434 3.77943 87.8422 1712.9 28482.7 644572 1.92388e+07 6.87097e+07 1.42931e+08 2.29955e+08 3.14902e+08 3.82419e+08 4.19787e+08 4.19787e+08 3.82419e+08 3.14902e+08 2.29955e+08 1.42931e+08 6.87097e+07 1.92388e+07 644572 28482.7 1712.9 87.8422 3.77943 0.134434
1.25714 43.4709 1311.21 34229 663617 9.38737e+06 9.42402e+08 3.44612e+09 7.16859e+09 1.15232e+10 1.57704e+10 1.91448e+10 2.1012e+10 2.1012e+10 1.91448e+10 1.57704e+10 1.15232e+10 7.16859e+09 3.44612e+09 9.42402e+08 9.38737e+06 663617 34229 1311.21 43.4709 1.25714
7.38408 310.801 12462.8 500062 2.01806e+07 9.8421e+08 8.97684e+10 3.14659e+11 6.41973e+11 1.01951e+12 1.38377e+12 1.67091e+12 1.82902e+12 1.82902e+12 1.67091e+12 1.38377e+12 1.01951e+12 6.41973e+11 3.14659e+11 8.97684e+10 9.8421e+08 2.01806e+07 500062 12462.8 310.801 7.38408
22.0707 970.167 40770.6 1.714e+06 7.21775e+07 3.60474e+09 3.15654e+11 1.10316e+12 2.24764e+12 3.56636e+12 4.83775e+12 5.83935e+12 6.3907e+12 6.3907e+12 5.83935e+12 4.83775e+12 3.56636e+12 2.24764e+12 1.10316e+12 3.15654e+11 3.60474e+09 7.21775e+07 1.714e+06 40770.6 970.167 22.0707
44.5459 1976.84 83803.9 3.54818e+06 1.50179e+08 7.50085e+09 6.44769e+11 2.25034e+12 4.58222e+12 7.26791e+12 9.85634e+12 1.1895e+13 1.30171e+13 1.30171e+13 1.1895e+13 9.85634e+12 7.26791e+12 4.58222e+12 2.25034e+12 6.44769e+11 7.50085e+09 1.50179e+08 3.54818e+06 83803.9 1976.84 44.5459
71.1357 3164.5 134431 5.7009e+06 2.41584e+08 1.20565e+10 1.02455e+12 3.57283e+12 7.27237e+12 1.15321e+13 1.56366e+13 1.88689e+13 2.06477e+13 2.06477e+13 1.88689e+13 1.56366e+13 1.15321e+13 7.27238e+12 3.57283e+12 1.02455e+12 1.20565e+10 2.41584e+08 5.7009e+06 134431 3164.5 71.1357
97.0975 4323.22 183801 7.79996e+06 3.3074e+08 1.64968e+10 1.39105e+12 4.84809e+12 9.86562e+12 1.56417e+13 2.12067e+13 2.55885e+13 2.79999e+13 2.79999e+13 2.55885e+13 2.12067e+13 1.56417e+13 9.86562e+12 4.84809e+12 1.39105e+12 1.64968e+10 3.3074e+08 7.79996e+06 183801 4323.22 97.0975
117.689 5242.33 222973 9.46616e+06 4.0155e+08 2.00221e+10 1.67993e+12 5.85275e+12 1.19081e+13 1.88782e+13 2.55927e+13 3.08794e+13 3.37886e+13 3.37886e+13 3.08794e+13 2.55927e+13 1.88782e+13 1.19081e+13 5.85275e+12 1.67993e+12 2.00221e+10 4.0155e+08 9.46616e+06 222973 5242.33 117.689
129.064 5750.2 244624 1.03875e+07 4.40719e+08 2.19718e+10 1.839e+12 6.40577e+12 1.30323e+13 2.06593e+13 2.80064e+13 3.37909e+13 3.69739e+13 3.69739e+13 3.37909e+13 2.80064e+13 2.06593e+13 1.30323e+13 6.40577e+12 1.839e+12 2.19718e+10 4.40719e+08 1.03875e+07 244624 5750.2 129.064
129.064 5750.2 244624 1.03875e+07 4.40719e+08 2.19718e+10 1.839e+12 6.40577e+12 1.30323e+13 2.06593e+13 2.80064e+13 3.37909e+13 3.69739e+13 3.69739e+13 3.37909e+13 2.80064e+13 2.06593e+13 1.30323e+13 6.40577e+12 1.839e+12 2.19718e+10 4.40719e+08 1.03875e+07 244624 5750.2 129.064
117.689 5242.33 222973 9.46616e+06 4.0155e+08 2.00221e+10 1.67993e+12 5.85275e+12 1.19081e+13 1.88782e+13 2.55927e+13 3.08794e+13 3.37886e+13 3.37886e+13 3.08794e+13 2.55927e+13 1.88782e+13 1.19081e+13 5.85275e+12 1.67993e+12 2.00221e+10 4.0155e+08 9.46616e+06 222973 5242.33 117.689
97.0975 4323.22 183801 7.79996e+06 3.3074e+08 1.64968e+10 1.39105e+12 4.84809e+12 9.86562e+12 1.56417e+13 2.12067e+13 2.55885e+13 2.79999e+13 2.79999e+13 2.55885e+13 2.12067e+13 1.56417e+13 9.86562e+12 4.84809e+12 1.39105e+12 1.64968e+10 3.3074e+08 7.79996e+06 183801 4323.22 97.0975
71.1357 3164.5 134431 5.7009e+06 2.41584e+08 1.20565e+10 1.02455e+12 3.57283e+12 7.27238e+12 1.15321e+13 1.56366e+13 1.88689e+13 2.06477e+13 2.06477e+13 1.88689e+13 1.56366e+13 1.15321e+13 7.27237e+12 3.57283e+12 1.02455e+12 1.20565e+10 2.41584e+08 5.7009e+06 134431 3164.5 71.1357
44.5459 1976.84 83803.9 3.54818e+06 1.50179e+08 7.50085e+09 6.44769e+11 2.25034e+12 4.58222e+12 7.26791e+12 9.85634e+12 1.1895e+13 1.30171e+13 1.30171e+13 1.1895e+13 9.85634e+12 7.26791e+12 4.58222e+12 2.25034e+12 6.44769e+11 7.50085e+09 1.50179e+08 3.54818e+06 83803.9 1976.84 44.5459
22.0707 970.167 40770.6 1.714e+06 7.21775e+07 3.60474e+09 3.15654e+11 1.10316e+12 2.24764e+12 3.56636e+12 4.83775e+12 5.83935e+12 6.3907e+12 6.3907e+12 5.83935e+12 4.83775e+12 3.56636e+12 2.24764e+12 1.10316e+12 3.15654e+11 3.60474e+09 7.21775e+07 1.714e+06 40770.6 970.167 22.0707
7.38408 310.801 12462.8 500062 2.01806e+07 9.8421e+08 8.97684e+10 3.14659e+11 6.41973e+11 1.01951e+12 1.38377e+12 1.67091e+12 1.82902e+12 1.82902e+12 1.67091e+12 1.38377e+12 1.01951e+12 6.41973e+11 3.14659e+11 8.97684e+10 9.8421e+08 2.01806e+07 500062 12462.8 310.801 7.38408
1.25714 43.4709 1311.21 34229 663617 9.38737e+06 9.42402e+08 3.44612e+09 7.16859e+09 1.15232e+10 1.57704e+10 1.91448e+10 2.1012e+10 2.1012e+10 1.91448e+10 1.57704e+10 1.15232e+10 7.16859e+09 3.44612e+09 9.42402e+08 9.38737e+06 663617 34229 1311.21 43.4709 1.25714
0.134434 3.77943 87.8422 1712.9 28482.7 644572 1.92388e+07 6.87097e+07 1.42931e+08 2.29955e+08 3.14902e+08 3.82419e+08 4.19787e+08 4.19787e+08 3.82419e+08 3.14902e+08 2.29955e+08 1.42931e+08 6.87097e+07 1.92388e+07 644572 28482.7 1712.9 87.8422 3.77943 0.134434
0.010845 0.259383 5.14165 92.465 1676.49 32974.8 476763 1.63186e+06 3.3774e+06 5.42722e+06 7.42745e+06 9.01635e+06 9.89537e+06 9.89537e+06 9.01635e+06 7.42745e+06 5.42722e+06 3.3774e+06 1.63186e+06 476763 32974.8 1676.49 92.465 5.14165 0.259383 0.010845
0.000743854 0.0159823 0.291842 5.05845 85.1466 1258.61 11882.5 38821.9 79780.9 127995 175046 212405 233066 233066 212405 175046 127995 79780.9 38821.9 11882.5 1258.61 85.1466 5.05845 0.291842 0.0159823 0.000743854
4.61471e-05 0.000921694 0.015775 0.252723 3.64547 41.6454 296.331 923.91 1882.2 3013.39 4117.84 4994.52 5479.18 5479.18 4994.52 4117.84 3013.39 1882.2 923.91 296.331 41.6454 3.64547 0.252723 0.015775 0.000921694 4.61471e-05
2.42573e-06 4.56765e-05 0.000727948 0.0105084 0.129307 1.20295 7.04029 21.0208 42.4185 67.7475 92.4963 112.139 122.995 122.995 112.139 92.4963 67.7475 42.4185 21.0208 7.04029 1.20295 0.129307 0.0105084 0.000727948 4.56765e-05 2.42573e-06
