7.08682e-06 0.00013236 0.00208349 0.0296384 0.359594 3.30677 19.1744 56.6888 113.076 178.412 240.904 289.622 316.232 316.232 289.622 240.904 178.412 113.076 56.6888 19.1744 3.30677 0.359594 0.0296384 0.00208349 0.00013236 7.08682e-06
0.000134957 0.00268132 0.0454203 0.716556 10.1621 114.458 806.195 2488.12 5008.08 7916.88 10694.4 12858.5 14040.2 14040.2 12858.5 10694.4 7916.88 5008.08 2488.12 806.195 114.458 10.1621 0.716556 0.0454203 0.00268132 0.000134957
0.00217006 0.0465659 0.845877 14.4728 238.757 3462.97 32307.6 104448 211967 335596 453477 545279 595403 595403 545279 453477 335596 211967 104448 32307.6 3462.97 238.757 14.4728 0.845877 0.0465659 0.00217006
0.0314175 0.752648 14.9379 267.553 4761.61 91066.7 1.29622e+06 4.38846e+06 8.96456e+06 1.4208e+07 1.92025e+07 2.30909e+07 2.52138e+07 2.52138e+07 2.30909e+07 1.92025e+07 1.4208e+07 8.96456e+06 4.38846e+06 1.29622e+06 91066.7 4761.61 267.553 14.9379 0.752648 0.0314175
0.385416 10.8559 253.339 4971.91 82770.1 1.80107e+06 5.23334e+07 1.84791e+08 3.79198e+08 6.01366e+08 8.12855e+08 9.77482e+08 1.06735e+09 1.06735e+09 9.77482e+08 8.12855e+08 6.01366e+08 3.79198e+08 1.84791e+08 5.23334e+07 1.80107e+06 82770.1 4971.91 253.339 10.8559 0.385416
3.56262 123.242 3725.19 97796.4 1.92678e+06 2.78167e+07 2.57715e+09 9.31438e+09 1.91126e+10 3.02859e+10 4.09163e+10 4.91898e+10 5.37061e+10 5.37061e+10 4.91898e+10 4.09163e+10 3.02859e+10 1.91126e+10 9.31438e+09 2.57715e+09 2.78167e+07 1.92678e+06 97796.4 3725.19 123.242 3.56262
20.6912 869.955 34862.7 1.39876e+06 5.64761e+07 2.74265e+09 2.45547e+11 8.5454e+11 1.72832e+12 2.71969e+12 3.66098e+12 4.39313e+12 4.79277e+12 4.79277e+12 4.39313e+12 3.66098e+12 2.71969e+12 1.72832e+12 8.5454e+11 2.45547e+11 2.74265e+09 5.64761e+07 1.39876e+06 34862.7 869.955 20.6912
61.1755 2685.1 112720 4.73622e+06 1.99443e+08 9.9249e+09 8.57681e+11 2.97772e+12 6.01708e+12 9.46435e+12 1.27371e+13 1.52826e+13 1.6672e+13 1.6672e+13 1.52826e+13 1.27371e+13 9.46435e+12 6.01708e+12 2.97772e+12 8.57681e+11 9.9249e+09 1.99443e+08 4.73622e+06 112720 2685.1 61.1755
121.968 5401.96 228642 9.66993e+06 4.09044e+08 2.03615e+10 1.73637e+12 6.02307e+12 1.21669e+13 1.91345e+13 2.57491e+13 3.08938e+13 3.3702e+13 3.3702e+13 3.08938e+13 2.57491e+13 1.91345e+13 1.21669e+13 6.02307e+12 1.73637e+12 2.03615e+10 4.09044e+08 9.66993e+06 228642 5401.96 121.968
192.314 8533.69 361739 1.53148e+07 6.4821e+08 3.22463e+10 2.73284e+12 9.47569e+12 1.91385e+13 3.00963e+13 4.04987e+13 4.85894e+13 5.30058e+13 5.30058e+13 4.85894e+13 4.04987e+13 3.00963e+13 1.91385e+13 9.47569e+12 2.73284e+12 3.22463e+10 6.4821e+08 1.53148e+07 361739 8533.69 192.314
259.5 11519.6 488451 2.06829e+07 8.75501e+08 4.35356e+10 3.67822e+12 1.2751e+13 2.57519e+13 4.04947e+13 5.44902e+13 6.53755e+13 7.13173e+13 7.13173e+13 6.53755e+13 5.44902e+13 4.04947e+13 2.57519e+13 1.2751e+13 3.67822e+12 4.35356e+10 8.75501e+08 2.06829e+07 488451 11519.6 259.5
311.808 13842.8 586993 2.48563e+07 1.05216e+09 5.23091e+10 4.41294e+12 1.52965e+13 3.08916e+13 4.85762e+13 6.53641e+13 7.84213e+13 8.55487e+13 8.55487e+13 7.84213e+13 6.53641e+13 4.85762e+13 3.08916e+13 1.52965e+13 4.41294e+12 5.23091e+10 1.05216e+09 2.48563e+07 586993 13842.8 311.808
340.353 15110.3 640745 2.71324e+07 1.14851e+09 5.70935e+10 4.81373e+12 1.66851e+13 3.36956e+13 5.29849e+13 7.12963e+13 8.55384e+13 9.33126e+13 9.33126e+13 8.55384e+13 7.12963e+13 5.29849e+13 3.36956e+13 1.66851e+13 4.81373e+12 5.70935e+10 1.14851e+09 2.71324e+07 640745 15110.3 340.353
340.353 15110.3 640745 2.71324e+07 1.14851e+09 5.70935e+10 4.81373e+12 1.66851e+13 3.36956e+13 5.29849e+13 7.12963e+13 8.55384e+13 9.33126e+13 9.33126e+13 8.55384e+13 7.12963e+13 5.29849e+13 3.36956e+13 1.66851e+13 4.81373e+12 5.70935e+10 1.14851e+09 2.71324e+07 640745 15110.3 340.353
311.808 13842.8 586993 2.48563e+07 1.05216e+09 5.23091e+10 4.41294e+12 1.52965e+13 3.08916e+13 4.85762e+13 6.53641e+13 7.84213e+13 8.55487e+13 8.55487e+13 7.84213e+13 6.53641e+13 4.85762e+13 3.08916e+13 1.52965e+13 4.41294e+12 5.23091e+10 1.05216e+09 2.48563e+07 586993 13842.8 311.808
259.5 11519.6 488451 2.06829e+07 8.75501e+08 4.35356e+10 3.67822e+12 1.2751e+13 2.57519e+13 4.04947e+13 5.44902e+13 6.53755e+13 7.13173e+13 7.13173e+13 6.53755e+13 5.44902e+13 4.04947e+13 2.57519e+13 1.2751e+13 3.67822e+12 4.35356e+10 8.75501e+08 2.06829e+07 488451 11519.6 259.5
192.314 8533.69 361739 1.53148e+07 6.4821e+08 3.22463e+10 2.73284e+12 9.47569e+12 1.91385e+13 3.00963e+13 4.04987e+13 4.85894e+13 5.30058e+13 5.30058e+13 4.85894e+13 4.04987e+13 3.00963e+13 1.91385e+13 9.47569e+12 2.73284e+12 3.22463e+10 6.4821e+08 1.53148e+07 361739 8533.69 192.314
121.968 5401.96 228642 9.66993e+06 4.09044e+08 2.03615e+10 1.73637e+12 6.02307e+12 1.21669e+13 1.91345e+13 2.57491e+13 3.08938e+13 3.3702e+13 3.3702e+13 3.08938e+13 2.57491e+13 1.91345e+13 1.21669e+13 6.02307e+12 1.73637e+12 2.03615e+10 4.09044e+08 9.66993e+06 228642 5401.96 121.968
61.1755 2685.1 112720 4.73622e+06 1.99443e+08 9.9249e+09 8.57681e+11 2.97772e+12 6.01708e+12 9.46435e+12 1.27371e+13 1.52826e+13 1.6672e+13 1.6672e+13 1.52826e+13 1.27371e+13 9.46435e+12 6.01708e+12 2.97772e+12 8.57681e+11 9.9249e+09 1.99443e+08 4.73622e+06 112720 2685.1 61.1755
20.6912 869.955 34862.7 1.39876e+06 5.64761e+07 2.74265e+09 2.45547e+11 8.5454e+11 1.72832e+12 2.71969e+12 3.66098e+12 4.39313e+12 4.79277e+12 4.79277e+12 4.39313e+12 3.66098e+12 2.71969e+12 1.72832e+12 8.5454e+11 2.45547e+11 2.74265e+09 5.64761e+07 1.39876e+06 34862.7 869.955 20.6912
3.56262 123.242 3725.19 97796.4 1.92678e+06 2.78167e+07 2.57715e+09 9.31438e+09 1.91126e+10 3.02859e+10 4.09163e+10 4.91898e+10 5.37061e+10 5.37061e+10 4.91898e+10 4.09163e+10 3.02859e+10 1.91126e+10 9.31438e+09 2.57715e+09 2.78167e+07 1.92678e+06 97796.4 3725.19 123.242 3.56262
0.385416 10.8559 253.339 4971.91 82770.1 1.80107e+06 5.23334e+07 1.84791e+08 3.79198e+08 6.01366e+08 8.12855e+08 9.77482e+08 1.06735e+09 1.06735e+09 9.77482e+08 8.12855e+08 6.01366e+08 3.79198e+08 1.84791e+08 5.23334e+07 1.80107e+06 82770.1 4971.91 253.339 10.8559 0.385416
0.0314175 0.752648 14.9379 267.553 4761.61 91066.7 1.29622e+06 4.38846e+06 8.96456e+06 1.4208e+07 1.92025e+07 2.30909e+07 2.52138e+07 2.52138e+07 2.30909e+07 1.92025e+07 1.4208e+07 8.96456e+06 4.38846e+06 1.29622e+06 91066.7 4761.61 267.553 14.9379 0.752648 0.0314175
0.00217006 0.0465659 0.845877 14.4728 238.757 3462.97 32307.6 104448 211967 335596 453477 545279 595403 595403 545279 453477 335596 211967 104448 32307.6 3462.97 238.757 14.4728 0.845877 0.0465659 0.00217006
0.000134957 0.00268132 0.0454203 0.716556 10.1621 114.458 806.195 2488.12 5008.08 7916.88 10694.4 12858.5 14040.2 14040.2 12858.5 10694.4 7916.88 5008.08 2488.12 806.195 114.458 10.1621 0.716556 0.0454203 0.00268132 0.000134957
7.08682e-06 0.00013236 0.00208349 0.0296384 0.359594 3.30677 19.1744 56.6888 113.076 178.412 240.904 289.622 316.232 316.232 289.622 240.904 178.412 113.076 56.6888 19.1744 3.30677 0.359594 0.0296384 0.00208349 0.00013236 7.08682e-06
