5.51386e-05 0.00103606 0.0164552 0.236561 2.89953 26.8891 156.958 467.126 938.752 1492.5 2029.02 2451.76 2684.26 2684.26 2451.76 2029.02 1492.5 938.752 467.126 156.958 26.8891 2.89953 0.236561 0.0164552 0.00103606 5.51386e-05
0.00105025 0.0209525 0.357605 5.70378 81.878 931.687 6610.71 20543 41672.8 66404.3 90339.6 109196 119567 119567 109196 90339.6 66404.3 41672.8 20543 6610.71 931.687 81.878 5.70378 0.357605 0.0209525 0.00105025
0.0169321 0.363872 6.6366 114.599 1917.52 28190.2 265261 863714 1.76718e+06 2.82129e+06 3.84059e+06 4.64355e+06 5.08526e+06 5.08526e+06 4.64355e+06 3.84059e+06 2.82129e+06 1.76718e+06 863714 265261 28190.2 1917.52 114.599 6.6366 0.363872 0.0169321
0.246525 5.90353 117.135 2104.41 37936.2 739908 1.06505e+07 3.63277e+07 7.48437e+07 1.19657e+08 1.62969e+08 1.97094e+08 2.15868e+08 2.15868e+08 1.97094e+08 1.62969e+08 1.19657e+08 7.48437e+07 3.63277e+07 1.06505e+07 739908 37936.2 2104.41 117.135 5.90353 0.246525
3.04811 85.8156 1998.49 39066.3 649812 1.45227e+07 4.30088e+08 1.5305e+09 3.16874e+09 5.07105e+09 6.90955e+09 8.35839e+09 9.15567e+09 9.15567e+09 8.35839e+09 6.90955e+09 5.07105e+09 3.16874e+09 1.5305e+09 4.30088e+08 1.45227e+07 649812 39066.3 1998.49 85.8156 3.04811
28.416 983.625 29712.6 777512 1.51565e+07 2.15651e+08 2.11126e+10 7.6922e+10 1.59264e+11 2.54668e+11 3.46807e+11 4.19393e+11 4.5933e+11 4.5933e+11 4.19393e+11 3.46807e+11 2.54668e+11 1.59263e+11 7.6922e+10 2.11126e+10 2.15651e+08 1.51565e+07 777512 29712.6 983.625 28.416
166.37 7007.17 281173 1.12898e+07 4.55941e+08 2.22139e+10 2.01347e+12 7.04311e+12 1.43303e+13 2.26874e+13 3.07028e+13 3.69883e+13 4.04373e+13 4.04373e+13 3.69883e+13 3.07028e+13 2.26874e+13 1.43303e+13 7.04311e+12 2.01347e+12 2.22139e+10 4.55941e+08 1.12898e+07 281173 7007.17 166.37
495.5 21792.8 916356 3.8546e+07 1.62414e+09 8.10565e+10 7.06722e+12 2.46528e+13 5.01009e+13 7.92644e+13 1.07222e+14 1.29139e+14 1.41164e+14 1.41164e+14 1.29139e+14 1.07222e+14 7.92644e+13 5.01009e+13 2.46528e+13 7.06722e+12 8.10565e+10 1.62414e+09 3.8546e+07 916356 21792.8 495.5
995.723 44206.1 1.8748e+06 7.94099e+07 3.36242e+09 1.67845e+11 1.43958e+13 5.01589e+13 1.01886e+14 1.61148e+14 2.1795e+14 2.62473e+14 2.86898e+14 2.86898e+14 2.62473e+14 2.1795e+14 1.61148e+14 1.01886e+14 5.01589e+13 1.43958e+13 1.67845e+11 3.36242e+09 7.94099e+07 1.8748e+06 44206.1 995.723
1582.53 70415.8 2.992e+06 1.26909e+08 5.37893e+09 2.68318e+11 2.28013e+13 7.93936e+13 1.61225e+14 2.5496e+14 3.44793e+14 4.15203e+14 4.53828e+14 4.53828e+14 4.15203e+14 3.44793e+14 2.5496e+14 1.61225e+14 7.93936e+13 2.28013e+13 2.68318e+11 5.37893e+09 1.26909e+08 2.992e+06 70415.8 1582.53
2150.48 95754.5 4.07111e+06 1.72766e+08 7.32553e+09 3.65248e+11 3.08614e+13 1.07415e+14 2.1809e+14 3.44852e+14 4.66328e+14 5.61534e+14 6.13761e+14 6.13761e+14 5.61534e+14 4.66328e+14 3.44852e+14 2.1809e+14 1.07415e+14 3.08614e+13 3.65248e+11 7.32553e+09 1.72766e+08 4.07111e+06 95754.5 2150.48
2597.54 115696 4.92033e+06 2.08856e+08 8.85788e+09 4.41532e+11 3.71798e+13 1.29374e+14 2.6265e+14 4.15287e+14 5.61553e+14 6.76185e+14 7.39067e+14 7.39067e+14 6.76185e+14 5.61553e+14 4.15287e+14 2.6265e+14 1.29374e+14 3.71798e+13 4.41532e+11 8.85788e+09 2.08856e+08 4.92033e+06 115696 2597.54
2843.26 126657 5.38713e+06 2.28698e+08 9.70047e+09 4.83471e+11 4.06459e+13 1.41419e+14 2.87089e+14 4.53916e+14 6.13777e+14 7.39062e+14 8.07788e+14 8.07788e+14 7.39062e+14 6.13777e+14 4.53916e+14 2.87089e+14 1.41419e+14 4.06459e+13 4.83471e+11 9.70047e+09 2.28698e+08 5.38713e+06 126657 2843.26
2843.26 126657 5.38713e+06 2.28698e+08 9.70047e+09 4.83471e+11 4.06459e+13 1.41419e+14 2.87089e+14 4.53917e+14 6.13777e+14 7.39062e+14 8.07788e+14 8.07788e+14 7.39062e+14 6.13777e+14 4.53916e+14 2.87089e+14 1.41419e+14 4.06459e+13 4.83471e+11 9.70047e+09 2.28698e+08 5.38713e+06 126657 2843.26
2597.54 115696 4.92033e+06 2.08856e+08 8.85788e+09 4.41532e+11 3.71798e+13 1.29374e+14 2.6265e+14 4.15287e+14 5.61553e+14 6.76185e+14 7.39067e+14 7.39067e+14 6.76185e+14 5.61553e+14 4.15287e+14 2.6265e+14 1.29374e+14 3.71798e+13 4.41532e+11 8.85788e+09 2.08856e+08 4.92033e+06 115696 2597.54
2150.48 95754.5 4.07111e+06 1.72766e+08 7.32553e+09 3.65248e+11 3.08614e+13 1.07415e+14 2.1809e+14 3.44852e+14 4.66328e+14 5.61534e+14 6.13761e+14 6.13761e+14 5.61534e+14 4.66328e+14 3.44852e+14 2.1809e+14 1.07415e+14 3.08614e+13 3.65248e+11 7.32553e+09 1.72766e+08 4.07111e+06 95754.5 2150.48
1582.53 70415.8 2.992e+06 1.26909e+08 5.37893e+09 2.68318e+11 2.28013e+13 7.93936e+13 1.61225e+14 2.5496e+14 3.44793e+14 4.15203e+14 4.53828e+14 4.53828e+14 4.15203e+14 3.44793e+14 2.5496e+14 1.61225e+14 7.93936e+13 2.28013e+13 2.68318e+11 5.37893e+09 1.26909e+08 2.992e+06 70415.8 1582.53
995.723 44206.1 1.8748e+06 7.94099e+07 3.36242e+09 1.67845e+11 1.43958e+13 5.01589e+13 1.01886e+14 1.61148e+14 2.1795e+14 2.62473e+14 2.86898e+14 2.86898e+14 2.62473e+14 2.1795e+14 1.61148e+14 1.01886e+14 5.01589e+13 1.43958e+13 1.67845e+11 3.36242e+09 7.94099e+07 1.8748e+06 44206.1 995.723
495.5 21792.8 916356 3.8546e+07 1.62414e+09 8.10565e+10 7.06722e+12 2.46528e+13 5.01009e+13 7.92644e+13 1.07222e+14 1.29139e+14 1.41164e+14 1.41164e+14 1.29139e+14 1.07222e+14 7.92644e+13 5.01009e+13 2.46528e+13 7.06722e+12 8.10565e+10 1.62414e+09 3.8546e+07 916356 21792.8 495.5
166.37 7007.17 281173 1.12898e+07 4.55941e+08 2.22139e+10 2.01347e+12 7.04311e+12 1.43303e+13 2.26874e+13 3.07028e+13 3.69883e+13 4.04373e+13 4.04373e+13 3.69883e+13 3.07028e+13 2.26874e+13 1.43303e+13 7.04311e+12 2.01347e+12 2.22139e+10 4.55941e+08 1.12898e+07 281173 7007.17 166.37
28.416 983.625 29712.6 777512 1.51565e+07 2.15651e+08 2.11126e+10 7.6922e+10 1.59263e+11 2.54668e+11 3.46807e+11 4.19393e+11 4.5933e+11 4.5933e+11 4.19393e+11 3.46807e+11 2.54668e+11 1.59264e+11 7.6922e+10 2.11126e+10 2.15651e+08 1.51565e+07 777512 29712.6 983.625 28.416
3.04811 85.8156 1998.49 39066.3 649812 1.45227e+07 4.30088e+08 1.5305e+09 3.16874e+09 5.07105e+09 6.90955e+09 8.35839e+09 9.15567e+09 9.15567e+09 8.35839e+09 6.90955e+09 5.07105e+09 3.16874e+09 1.5305e+09 4.30088e+08 1.45227e+07 649812 39066.3 1998.49 85.8156 3.04811
0.246525 5.90353 117.135 2104.41 37936.2 739908 1.06505e+07 3.63277e+07 7.48437e+07 1.19657e+08 1.62969e+08 1.97094e+08 2.15868e+08 2.15868e+08 1.97094e+08 1.62969e+08 1.19657e+08 7.48437e+07 3.63277e+07 1.06505e+07 739908 37936.2 2104.41 117.135 5.90353 0.246525
0.0169321 0.363872 6.6366 114.599 1917.52 28190.2 265261 863714 1.76718e+06 2.82129e+06 3.84059e+06 4.64355e+06 5.08526e+06 5.08526e+06 4.64355e+06 3.84059e+06 2.82129e+06 1.76718e+06 863714 265261 28190.2 1917.52 114.599 6.6366 0.363872 0.0169321
0.00105025 0.0209525 0.357605 5.70378 81.878 931.687 6610.71 20543 41672.8 66404.3 90339.6 109196 119567 119567 109196 90339.6 66404.3 41672.8 20543 6610.71 931.687 81.878 5.70378 0.357605 0.0209525 0.00105025
5.51385e-05 0.00103606 0.0164552 0.236561 2.89953 26.8891 156.958 467.126 938.752 1492.5 2029.02 2451.76 2684.26 2684.26 2451.76 2029.02 1492.5 938.752 467.126 156.958 26.8891 2.89953 0.236561 0.0164552 0.00103606 5.51386e-05
