0.176007 3.31997 52.8919 761.976 9353.88 86847.8 507161 1.50638e+06 3.01451e+06 4.76465e+06 6.43647e+06 7.73594e+06 8.44369e+06 8.44369e+06 7.73594e+06 6.43647e+06 4.76465e+06 3.01451e+06 1.50638e+06 507161 86847.8 9353.88 761.976 52.8919 3.31997 0.176007
3.36739 67.5114 1156.82 18496.3 265882 3.02848e+06 2.14993e+07 6.66871e+07 1.34715e+08 2.13388e+08 2.88414e+08 3.46686e+08 3.7841e+08 3.7841e+08 3.46686e+08 2.88414e+08 2.13388e+08 1.34715e+08 6.66871e+07 2.14993e+07 3.02848e+06 265882 18496.3 1156.82 67.5114 3.36739
54.4896 1177.98 21595.8 374101 6.26689e+06 9.21656e+07 8.67551e+08 2.81998e+09 5.74582e+09 9.11732e+09 1.23277e+10 1.48194e+10 1.61754e+10 1.61754e+10 1.48194e+10 1.23277e+10 9.11732e+09 5.74582e+09 2.81998e+09 8.67551e+08 9.21656e+07 6.26689e+06 374101 21595.8 1177.98 54.4896
795.347 19171.7 382760 6.90908e+06 1.24767e+08 2.4314e+09 3.49903e+10 1.19156e+11 2.44471e+11 3.88402e+11 5.25292e+11 6.3147e+11 6.89231e+11 6.89231e+11 6.3147e+11 5.25292e+11 3.88402e+11 2.44471e+11 1.19156e+11 3.49903e+10 2.4314e+09 1.24767e+08 6.90908e+06 382760 19171.7 795.347
9849.57 279156 6.54309e+06 1.28674e+08 2.15052e+09 4.79725e+10 1.41778e+12 5.03788e+12 1.03869e+13 1.65151e+13 2.23385e+13 2.68528e+13 2.93076e+13 2.93076e+13 2.68528e+13 2.23385e+13 1.65151e+13 1.03869e+13 5.03788e+12 1.41778e+12 4.79725e+10 2.15052e+09 1.28674e+08 6.54309e+06 279156 9849.57
91904.5 3.20217e+06 9.73137e+07 2.56049e+09 5.0217e+10 7.19652e+11 6.9792e+13 2.54014e+14 5.23935e+14 8.32634e+14 1.12588e+15 1.35319e+15 1.47681e+15 1.47681e+15 1.35319e+15 1.12588e+15 8.32634e+14 5.23935e+14 2.54014e+14 6.9792e+13 7.19652e+11 5.0217e+10 2.56049e+09 9.73137e+07 3.20217e+06 91904.5
538005 2.28088e+07 9.20491e+08 3.71305e+10 1.50477e+12 7.34525e+13 6.65443e+15 2.32906e+16 4.73442e+16 7.47737e+16 1.00871e+17 1.21169e+17 1.3224e+17 1.3224e+17 1.21169e+17 1.00871e+17 7.47737e+16 4.73442e+16 2.32906e+16 6.65443e+15 7.34525e+13 1.50477e+12 3.71305e+10 9.20491e+08 2.28088e+07 538005
1.59818e+06 7.0763e+07 2.99289e+09 1.26487e+11 5.34894e+12 2.67597e+14 2.33613e+16 8.15457e+16 1.65585e+17 2.6138e+17 3.52519e+17 4.23412e+17 4.62083e+17 4.62083e+17 4.23412e+17 3.52519e+17 2.6138e+17 1.65585e+17 8.15457e+16 2.33613e+16 2.67597e+14 5.34894e+12 1.26487e+11 2.99289e+09 7.0763e+07 1.59818e+06
3.19564e+06 1.42832e+08 6.093e+09 2.59287e+11 1.10184e+13 5.51576e+14 4.75116e+16 1.65672e+17 3.36242e+17 5.30605e+17 7.1548e+17 8.5927e+17 9.37701e+17 9.37701e+17 8.5927e+17 7.1548e+17 5.30605e+17 3.36242e+17 1.65672e+17 4.75116e+16 5.51576e+14 1.10184e+13 2.59287e+11 6.093e+09 1.42832e+08 3.19564e+06
5.04483e+06 2.25962e+08 9.65577e+09 4.11394e+11 1.74951e+13 8.75453e+14 7.50107e+16 2.61433e+17 5.30439e+17 8.36867e+17 1.12826e+18 1.35485e+18 1.47843e+18 1.47843e+18 1.35485e+18 1.12826e+18 8.36867e+17 5.30439e+17 2.61433e+17 7.50107e+16 8.75453e+14 1.74951e+13 4.11394e+11 9.65577e+09 2.25962e+08 5.04483e+06
6.80625e+06 3.05006e+08 1.30379e+10 5.55598e+11 2.36293e+13 1.18211e+15 1.01121e+17 3.52363e+17 7.14804e+17 1.12755e+18 1.51995e+18 1.82502e+18 1.99138e+18 1.99138e+18 1.82502e+18 1.51995e+18 1.12755e+18 7.14804e+17 3.52363e+17 1.01121e+17 1.18211e+15 2.36293e+13 5.55598e+11 1.30379e+10 3.05006e+08 6.80625e+06
8.17175e+06 3.66229e+08 1.56554e+10 6.67118e+11 2.83699e+13 1.41909e+15 1.21389e+17 4.22957e+17 8.57925e+17 1.35317e+18 1.8239e+18 2.18982e+18 2.38934e+18 2.38934e+18 2.18982e+18 1.8239e+18 1.35317e+18 8.57925e+17 4.22957e+17 1.21389e+17 1.41909e+15 2.83699e+13 6.67118e+11 1.56554e+10 3.66229e+08 8.17175e+06
8.91406e+06 3.99496e+08 1.7077e+10 7.27657e+11 3.0942e+13 1.54768e+15 1.32427e+17 4.61411e+17 9.35884e+17 1.47605e+18 1.98943e+18 2.38846e+18 2.60603e+18 2.60603e+18 2.38846e+18 1.98943e+18 1.47605e+18 9.35884e+17 4.61411e+17 1.32427e+17 1.54768e+15 3.0942e+13 7.27657e+11 1.7077e+10 3.99496e+08 8.91406e+06
8.91406e+06 3.99496e+08 1.7077e+10 7.27657e+11 3.0942e+13 1.54768e+15 1.32427e+17 4.61411e+17 9.35884e+17 1.47605e+18 1.98943e+18 2.38846e+18 2.60603e+18 2.60603e+18 2.38846e+18 1.98943e+18 1.47605e+18 9.35884e+17 4.61411e+17 1.32427e+17 1.54768e+15 3.0942e+13 7.27657e+11 1.7077e+10 3.99496e+08 8.91406e+06
8.17175e+06 3.66229e+08 1.56554e+10 6.67118e+11 2.83699e+13 1.41909e+15 1.21389e+17 4.22957e+17 8.57925e+17 1.35317e+18 1.8239e+18 2.18982e+18 2.38934e+18 2.38934e+18 2.18982e+18 1.8239e+18 1.35317e+18 8.57925e+17 4.22957e+17 1.21389e+17 1.41909e+15 2.83699e+13 6.67118e+11 1.56554e+10 3.66229e+08 8.17175e+06
6.80625e+06 3.05006e+08 1.30379e+10 5.55598e+11 2.36293e+13 1.18211e+15 1.01121e+17 3.52363e+17 7.14804e+17 1.12755e+18 1.51995e+18 1.82502e+18 1.99138e+18 1.99138e+18 1.82502e+18 1.51995e+18 1.12755e+18 7.14804e+17 3.52363e+17 1.01121e+17 1.18211e+15 2.36293e+13 5.55598e+11 1.30379e+10 3.05006e+08 6.80625e+06
5.04483e+06 2.25962e+08 9.65577e+09 4.11394e+11 1.74951e+13 8.75453e+14 7.50107e+16 2.61433e+17 5.30439e+17 8.36867e+17 1.12826e+18 1.35485e+18 1.47843e+18 1.47843e+18 1.35485e+18 1.12826e+18 8.36867e+17 5.30439e+17 2.61433e+17 7.50107e+16 8.75453e+14 1.74951e+13 4.11394e+11 9.65577e+09 2.25962e+08 5.04483e+06
3.19564e+06 1.42832e+08 6.093e+09 2.59287e+11 1.10184e+13 5.51576e+14 4.75116e+16 1.65672e+17 3.36242e+17 5.30605e+17 7.1548e+17 8.5927e+17 9.37701e+17 9.37701e+17 8.5927e+17 7.1548e+17 5.30605e+17 3.36242e+17 1.65672e+17 4.75116e+16 5.51576e+14 1.10184e+13 2.59287e+11 6.093e+09 1.42832e+08 3.19564e+06
1.59818e+06 7.0763e+07 2.99289e+09 1.26487e+11 5.34894e+12 2.67597e+14 2.33613e+16 8.15457e+16 1.65585e+17 2.6138e+17 3.52519e+17 4.23412e+17 4.62083e+17 4.62083e+17 4.23412e+17 3.52519e+17 2.6138e+17 1.65585e+17 8.15457e+16 2.33613e+16 2.67597e+14 5.34894e+12 1.26487e+11 2.99289e+09 7.0763e+07 1.59818e+06
538005 2.28088e+07 9.20491e+08 3.71305e+10 1.50477e+12 7.34525e+13 6.65443e+15 2.32906e+16 4.73442e+16 7.47737e+16 1.00871e+17 1.21169e+17 1.3224e+17 1.3224e+17 1.21169e+17 1.00871e+17 7.47737e+16 4.73442e+16 2.32906e+16 6.65443e+15 7.34525e+13 1.50477e+12 3.71305e+10 9.20491e+08 2.28088e+07 538005
91904.5 3.20217e+06 9.73137e+07 2.56049e+09 5.0217e+10 7.19652e+11 6.9792e+13 2.54014e+14 5.23935e+14 8.32634e+14 1.12588e+15 1.35319e+15 1.47681e+15 1.47681e+15 1.35319e+15 1.12588e+15 8.32634e+14 5.23935e+14 2.54014e+14 6.9792e+13 7.19652e+11 5.0217e+10 2.56049e+09 9.73137e+07 3.20217e+06 91904.5
9849.57 279156 6.54309e+06 1.28674e+08 2.15052e+09 4.79725e+10 1.41778e+12 5.03788e+12 1.03869e+13 1.65151e+13 2.23385e+13 2.68528e+13 2.93076e+13 2.93076e+13 2.68528e+13 2.23385e+13 1.65151e+13 1.03869e+13 5.03788e+12 1.41778e+12 4.79725e+10 2.15052e+09 1.28674e+08 6.54309e+06 279156 9849.57
795.347 19171.7 382760 6.90908e+06 1.24767e+08 2.4314e+09 3.49903e+10 1.19156e+11 2.44471e+11 3.88402e+11 5.25292e+11 6.3147e+11 6.89231e+11 6.89231e+11 6.3147e+11 5.25292e+11 3.88402e+11 2.44471e+11 1.19156e+11 3.49903e+10 2.4314e+09 1.24767e+08 6.90908e+06 382760 19171.7 795.347
54.4896 1177.98 21595.8 374101 6.26689e+06 9.21656e+07 8.67551e+08 2.81998e+09 5.74582e+09 9.11732e+09 1.23277e+10 1.48194e+10 1.61754e+10 1.61754e+10 1.48194e+10 1.23277e+10 9.11732e+09 5.74582e+09 2.81998e+09 8.67551e+08 9.21656e+07 6.26689e+06 374101 21595.8 1177.98 54.4896
3.36739 67.5114 1156.82 18496.3 265882 3.02848e+06 2.14993e+07 6.66871e+07 1.34715e+08 2.13388e+08 2.88414e+08 3.46686e+08 3.7841e+08 3.7841e+08 3.46686e+08 2.88414e+08 2.13388e+08 1.34715e+08 6.66871e+07 2.14993e+07 3.02848e+06 265882 18496.3 1156.82 67.5114 3.36739
0.176007 3.31997 52.8919 761.976 9353.88 86847.8 507161 1.50638e+06 3.01451e+06 4.76465e+06 6.43647e+06 7.73594e+06 8.44369e+06 8.44369e+06 7.73594e+06 6.43647e+06 4.76465e+06 3.01451e+06 1.50638e+06 507161 86847.8 9353.88 761.976 52.8919 3.31997 0.176007
