0.0102967 0.194677 3.11416 45.0964 556.497 5191.03 30452.5 91047.2 183768 293229 399677 483719 529980 529980 483719 399677 293229 183768 91047.2 30452.5 5191.03 556.497 45.0964 3.11416 0.194678 0.0102967
0.196818 3.94999 67.8946 1091.31 15784.7 180780 1.28942e+06 4.02655e+06 8.2066e+06 1.31281e+07 1.791e+07 2.16849e+07 2.37629e+07 2.37629e+07 2.16849e+07 1.791e+07 1.31281e+07 8.2066e+06 4.02655e+06 1.28942e+06 180780 15784.7 1091.31 67.8946 3.94999 0.196818
3.18669 68.8471 1263.45 21979.1 370857 5.49298e+06 5.19706e+07 1.70102e+08 3.498e+08 5.6079e+08 7.65658e+08 9.27385e+08 1.01642e+09 1.01642e+09 9.27385e+08 7.65658e+08 5.6079e+08 3.498e+08 1.70102e+08 5.19706e+07 5.49298e+06 370857 21979.1 1263.45 68.8471 3.18669
46.631 1121.97 22366 404013 7.34316e+06 1.44579e+08 2.09365e+09 7.1807e+09 1.48744e+10 2.38863e+10 3.26338e+10 3.954e+10 4.33425e+10 4.33425e+10 3.954e+10 3.26338e+10 2.38863e+10 1.48744e+10 7.1807e+09 2.09365e+09 1.44579e+08 7.34316e+06 404013 22366 1121.97 46.631
579.789 16399.5 383380 7.51483e+06 1.25458e+08 2.83844e+09 8.47292e+10 3.03302e+11 6.31607e+11 1.01553e+12 1.3882e+12 1.68248e+12 1.84452e+12 1.84452e+12 1.68248e+12 1.3882e+12 1.01553e+12 6.31607e+11 3.03302e+11 8.47292e+10 2.83844e+09 1.25458e+08 7.51483e+06 383380 16399.5 579.789
5435.73 189098 5.73523e+06 1.50444e+08 2.93086e+09 4.16494e+10 4.15911e+12 1.52497e+13 3.17671e+13 5.10454e+13 6.97474e+13 8.45116e+13 9.26403e+13 9.26403e+13 8.45116e+13 6.97474e+13 5.10454e+13 3.17671e+13 1.52497e+13 4.15911e+12 4.16494e+10 2.93086e+09 1.50444e+08 5.73523e+06 189098 5435.73
31992.9 1.3547e+06 5.46052e+07 2.19997e+09 8.90435e+10 4.34866e+12 3.96553e+14 1.39404e+15 2.85099e+15 4.53355e+15 6.1554e+15 7.43108e+15 8.13216e+15 8.13216e+15 7.43108e+15 6.1554e+15 4.53355e+15 2.85099e+15 1.39404e+15 3.96553e+14 4.34866e+12 8.90435e+10 2.19997e+09 5.46052e+07 1.3547e+06 31992.9
95718.7 4.23382e+06 1.78889e+08 7.553e+09 3.19088e+11 1.5966e+13 1.39831e+15 4.90081e+15 1.00094e+16 1.59042e+16 2.15836e+16 2.60496e+16 2.85037e+16 2.85037e+16 2.60496e+16 2.15836e+16 1.59042e+16 1.00094e+16 4.90081e+15 1.39831e+15 1.5966e+13 3.19088e+11 7.553e+09 1.78889e+08 4.23382e+06 95718.7
193142 8.62662e+06 3.67767e+08 1.56412e+10 6.64287e+11 3.32537e+13 2.86226e+15 1.00185e+16 2.04494e+16 3.24811e+16 4.40703e+16 5.31824e+16 5.81892e+16 5.81892e+16 5.31824e+16 4.40703e+16 3.24811e+16 2.04494e+16 1.00185e+16 2.86226e+15 3.32537e+13 6.64287e+11 1.56412e+10 3.67767e+08 8.62662e+06 193142
307973 1.37902e+07 5.89165e+08 2.50989e+10 1.06726e+12 5.33979e+13 4.55219e+15 1.59217e+16 3.24874e+16 5.15904e+16 6.99879e+16 8.44516e+16 9.23986e+16 9.23986e+16 8.44516e+16 6.99879e+16 5.15904e+16 3.24874e+16 1.59217e+16 4.55219e+15 5.33979e+13 1.06726e+12 2.50989e+10 5.89165e+08 1.37902e+07 307973
419434 1.87976e+07 8.03709e+08 3.42601e+10 1.45758e+12 7.28999e+13 6.17965e+15 2.16043e+16 4.40733e+16 6.99793e+16 9.49255e+16 1.14536e+17 1.25311e+17 1.25311e+17 1.14536e+17 9.49255e+16 6.99793e+16 4.40733e+16 2.16043e+16 6.17965e+15 7.28999e+13 1.45758e+12 3.42601e+10 8.03709e+08 1.87976e+07 419434
507280 2.27434e+07 9.72757e+08 4.1479e+10 1.76518e+12 8.82653e+13 7.45846e+15 2.60687e+16 5.31744e+16 8.44232e+16 1.14512e+17 1.38164e+17 1.51158e+17 1.51158e+17 1.38164e+17 1.14512e+17 8.44231e+16 5.31744e+16 2.60687e+16 7.45846e+15 8.82653e+13 1.76518e+12 4.1479e+10 9.72757e+08 2.27434e+07 507280
555574 2.49126e+07 1.0657e+09 4.54481e+10 1.93432e+12 9.67132e+13 8.16072e+15 2.85202e+16 5.81717e+16 9.23537e+16 1.25265e+17 1.51136e+17 1.65349e+17 1.65349e+17 1.51136e+17 1.25265e+17 9.23537e+16 5.81717e+16 2.85202e+16 8.16072e+15 9.67131e+13 1.93432e+12 4.54481e+10 1.0657e+09 2.49126e+07 555574
555574 2.49126e+07 1.0657e+09 4.54481e+10 1.93432e+12 9.67131e+13 8.16072e+15 2.85202e+16 5.81717e+16 9.23537e+16 1.25265e+17 1.51136e+17 1.65349e+17 1.65349e+17 1.51136e+17 1.25265e+17 9.23537e+16 5.81717e+16 2.85202e+16 8.16072e+15 9.67132e+13 1.93432e+12 4.54481e+10 1.0657e+09 2.49126e+07 555574
507280 2.27434e+07 9.72757e+08 4.1479e+10 1.76518e+12 8.82653e+13 7.45846e+15 2.60687e+16 5.31744e+16 8.44231e+16 1.14512e+17 1.38164e+17 1.51158e+17 1.51158e+17 1.38164e+17 1.14512e+17 8.44232e+16 5.31744e+16 2.60687e+16 7.45846e+15 8.82653e+13 1.76518e+12 4.1479e+10 9.72757e+08 2.27434e+07 507280
419434 1.87976e+07 8.03709e+08 3.42601e+10 1.45758e+12 7.28999e+13 6.17965e+15 2.16043e+16 4.40733e+16 6.99793e+16 9.49255e+16 1.14536e+17 1.25311e+17 1.25311e+17 1.14536e+17 9.49255e+16 6.99793e+16 4.40733e+16 2.16043e+16 6.17965e+15 7.28999e+13 1.45758e+12 3.42601e+10 8.03709e+08 1.87976e+07 419434
307973 1.37902e+07 5.89165e+08 2.50989e+10 1.06726e+12 5.33979e+13 4.55219e+15 1.59217e+16 3.24874e+16 5.15904e+16 6.99879e+16 8.44516e+16 9.23986e+16 9.23986e+16 8.44516e+16 6.99879e+16 5.15904e+16 3.24874e+16 1.59217e+16 4.55219e+15 5.33979e+13 1.06726e+12 2.50989e+10 5.89165e+08 1.37902e+07 307973
193142 8.62662e+06 3.67767e+08 1.56412e+10 6.64287e+11 3.32537e+13 2.86226e+15 1.00185e+16 2.04494e+16 3.24811e+16 4.40703e+16 5.31824e+16 5.81892e+16 5.81892e+16 5.31824e+16 4.40703e+16 3.24811e+16 2.04494e+16 1.00185e+16 2.86226e+15 3.32537e+13 6.64287e+11 1.56412e+10 3.67767e+08 8.62662e+06 193142
95718.7 4.23382e+06 1.78889e+08 7.553e+09 3.19088e+11 1.5966e+13 1.39831e+15 4.90081e+15 1.00094e+16 1.59042e+16 2.15836e+16 2.60496e+16 2.85037e+16 2.85037e+16 2.60496e+16 2.15836e+16 1.59042e+16 1.00094e+16 4.90081e+15 1.39831e+15 1.5966e+13 3.19088e+11 7.553e+09 1.78889e+08 4.23382e+06 95718.7
31992.9 1.3547e+06 5.46052e+07 2.19997e+09 8.90435e+10 4.34866e+12 3.96553e+14 1.39404e+15 2.85099e+15 4.53355e+15 6.1554e+15 7.43108e+15 8.13216e+15 8.13216e+15 7.43108e+15 6.1554e+15 4.53355e+15 2.85099e+15 1.39404e+15 3.96553e+14 4.34866e+12 8.90435e+10 2.19997e+09 5.46052e+07 1.3547e+06 31992.9
5435.73 189098 5.73523e+06 1.50444e+08 2.93086e+09 4.16494e+10 4.15911e+12 1.52497e+13 3.17671e+13 5.10454e+13 6.97474e+13 8.45116e+13 9.26403e+13 9.26403e+13 8.45116e+13 6.97474e+13 5.10454e+13 3.17671e+13 1.52497e+13 4.15911e+12 4.16494e+10 2.93086e+09 1.50444e+08 5.73523e+06 189098 5435.73
579.789 16399.5 383380 7.51483e+06 1.25458e+08 2.83844e+09 8.47292e+10 3.03302e+11 6.31607e+11 1.01553e+12 1.3882e+12 1.68248e+12 1.84452e+12 1.84452e+12 1.68248e+12 1.3882e+12 1.01553e+12 6.31607e+11 3.03302e+11 8.47292e+10 2.83844e+09 1.25458e+08 7.51483e+06 383380 16399.5 579.789
46.631 1121.97 22366 404013 7.34316e+06 1.44579e+08 2.09365e+09 7.1807e+09 1.48744e+10 2.38863e+10 3.26338e+10 3.954e+10 4.33425e+10 4.33425e+10 3.954e+10 3.26338e+10 2.38863e+10 1.48744e+10 7.1807e+09 2.09365e+09 1.44579e+08 7.34316e+06 404013 22366 1121.97 46.631
3.18669 68.8471 1263.45 21979.1 370857 5.49298e+06 5.19706e+07 1.70102e+08 3.498e+08 5.6079e+08 7.65658e+08 9.27385e+08 1.01642e+09 1.01642e+09 9.27385e+08 7.65658e+08 5.6079e+08 3.498e+08 1.70102e+08 5.19706e+07 5.49298e+06 370857 21979.1 1263.45 68.8471 3.18669
0.196818 3.94999 67.8946 1091.31 15784.7 180780 1.28942e+06 4.02655e+06 8.2066e+06 1.31281e+07 1.791e+07 2.16849e+07 2.37629e+07 2.37629e+07 2.16849e+07 1.791e+07 1.31281e+07 8.2066e+06 4.02655e+06 1.28942e+06 180780 15784.7 1091.31 67.8946 3.94999 0.196818
0.0102967 0.194678 3.11416 45.0964 556.497 5191.03 30452.5 91047.2 183768 293229 399677 483719 529980 529980 483719 399677 293229 183768 91047.2 30452.5 5191.03 556.497 45.0964 3.11416 0.194677 0.0102967
