0.629873 11.8785 188.919 2713.84 33232.4 308391 1.80527e+06 5.39586e+06 1.08808e+07 1.73259e+07 2.35507e+07 2.84295e+07 3.11003e+07 3.11003e+07 2.84295e+07 2.35507e+07 1.73259e+07 1.08808e+07 5.39586e+06 1.80527e+06 308391 33232.4 2713.84 188.919 11.8785 0.629873
12.1157 243.089 4160.61 66263.1 947836 1.07647e+07 7.64988e+07 2.38753e+08 4.86037e+08 7.75673e+08 1.05496e+09 1.27369e+09 1.39338e+09 1.39338e+09 1.27369e+09 1.05496e+09 7.75673e+08 4.86037e+08 2.38753e+08 7.64988e+07 1.07647e+07 947836 66263.1 4160.61 243.089 12.1157
196.899 4267.33 78339.5 1.35309e+06 2.24961e+07 3.28577e+08 3.08946e+09 1.01044e+10 2.07513e+10 3.31808e+10 4.51499e+10 5.45173e+10 5.96412e+10 5.96412e+10 5.45173e+10 4.51499e+10 3.31808e+10 2.07513e+10 1.01044e+10 3.08946e+09 3.28577e+08 2.24961e+07 1.35309e+06 78339.5 4267.33 196.899
2879.14 69654.8 1.39734e+06 2.5279e+07 4.53313e+08 8.71324e+09 1.24762e+11 4.27558e+11 8.84427e+11 1.41625e+12 1.92785e+12 2.32802e+12 2.54682e+12 2.54682e+12 2.32802e+12 1.92785e+12 1.41625e+12 8.84427e+11 4.27558e+11 1.24762e+11 8.71324e+09 4.53313e+08 2.5279e+07 1.39734e+06 69654.8 2879.14
35645.6 1.01342e+06 2.38928e+07 4.73746e+08 7.96114e+09 1.73763e+11 5.06063e+12 1.81022e+13 3.76436e+13 6.03431e+13 8.21646e+13 9.9225e+13 1.0855e+14 1.0855e+14 9.9225e+13 8.21646e+13 6.03431e+13 3.76436e+13 1.81022e+13 5.06063e+12 1.73763e+11 7.96114e+09 4.73746e+08 2.38928e+07 1.01342e+06 35645.6
332386 1.1597e+07 3.53723e+08 9.36805e+09 1.86284e+11 2.71691e+12 2.49893e+14 9.1555e+14 1.90478e+15 3.05182e+15 4.15395e+15 5.01543e+15 5.48623e+15 5.48623e+15 5.01543e+15 4.15395e+15 3.05182e+15 1.90478e+15 9.1555e+14 2.49893e+14 2.71691e+12 1.86284e+11 9.36805e+09 3.53723e+08 1.1597e+07 332386
1.94792e+06 8.25427e+07 3.33354e+09 1.3462e+11 5.46069e+12 2.65636e+14 2.38206e+16 8.38112e+16 1.71498e+17 2.72573e+17 3.69615e+17 4.45596e+17 4.87204e+17 4.87204e+17 4.45596e+17 3.69615e+17 2.72573e+17 1.71498e+17 8.38112e+16 2.38206e+16 2.65636e+14 5.46069e+12 1.3462e+11 3.33354e+09 8.25427e+07 1.94792e+06
5.82098e+06 2.57568e+08 1.0901e+10 4.61283e+11 1.95308e+13 9.74406e+14 8.41293e+16 2.95108e+17 6.03034e+17 9.57706e+17 1.29811e+18 1.56462e+18 1.71056e+18 1.71056e+18 1.56462e+18 1.29811e+18 9.57706e+17 6.03034e+17 2.95107e+17 8.41293e+16 9.74406e+14 1.95308e+13 4.61283e+11 1.0901e+10 2.57568e+08 5.82098e+06
1.17297e+07 5.23963e+08 2.2371e+10 9.53476e+11 4.05837e+13 2.02662e+15 1.7233e+17 6.03682e+17 1.2327e+18 1.95676e+18 2.65142e+18 3.19512e+18 3.49283e+18 3.49283e+18 3.19512e+18 2.65142e+18 1.95676e+18 1.2327e+18 6.03682e+17 1.7233e+17 2.02662e+15 4.05837e+13 9.53476e+11 2.2371e+10 5.23963e+08 1.17297e+07
1.86601e+07 8.3539e+08 3.5735e+10 1.52526e+12 6.49876e+13 3.24432e+15 2.73923e+17 9.58866e+17 1.95705e+18 3.10543e+18 4.20669e+18 5.06837e+18 5.54009e+18 5.54009e+18 5.06837e+18 4.20669e+18 3.10543e+18 1.95705e+18 9.58866e+17 2.73923e+17 3.24432e+15 6.49876e+13 1.52526e+12 3.5735e+10 8.3539e+08 1.86601e+07
2.53397e+07 1.13504e+09 4.85751e+10 2.07401e+12 8.83908e+13 4.41158e+15 3.71329e+17 1.29932e+18 2.65109e+18 4.20558e+18 5.69568e+18 6.86125e+18 7.49921e+18 7.49921e+18 6.86125e+18 5.69568e+18 4.20558e+18 2.65109e+18 1.29932e+18 3.71329e+17 4.41158e+15 8.83908e+13 2.07401e+12 4.85751e+10 1.13504e+09 2.53397e+07
3.05649e+07 1.36926e+09 5.86033e+10 2.50231e+12 1.06646e+14 5.32187e+15 4.47479e+17 1.56548e+18 3.19355e+18 5.06518e+18 6.85877e+18 8.26139e+18 9.02898e+18 9.02898e+18 8.26139e+18 6.85877e+18 5.06518e+18 3.19355e+18 1.56548e+18 4.47479e+17 5.32187e+15 1.06646e+14 2.50231e+12 5.86033e+10 1.36926e+09 3.05649e+07
3.34215e+07 1.49724e+09 6.40806e+10 2.73613e+12 1.16608e+14 5.81852e+15 4.89133e+17 1.71108e+18 3.49026e+18 5.53527e+18 7.4947e+18 9.02682e+18 9.86521e+18 9.86521e+18 9.02682e+18 7.4947e+18 5.53527e+18 3.49026e+18 1.71108e+18 4.89133e+17 5.81852e+15 1.16608e+14 2.73613e+12 6.40806e+10 1.49724e+09 3.34215e+07
3.34215e+07 1.49724e+09 6.40806e+10 2.73613e+12 1.16608e+14 5.81852e+15 4.89133e+17 1.71108e+18 3.49026e+18 5.53527e+18 7.4947e+18 9.02682e+18 9.86521e+18 9.86521e+18 9.02682e+18 7.4947e+18 5.53527e+18 3.49026e+18 1.71108e+18 4.89133e+17 5.81852e+15 1.16608e+14 2.73613e+12 6.40806e+10 1.49724e+09 3.34215e+07
3.05649e+07 1.36926e+09 5.86033e+10 2.50231e+12 1.06646e+14 5.32187e+15 4.47479e+17 1.56548e+18 3.19355e+18 5.06518e+18 6.85877e+18 8.26139e+18 9.02898e+18 9.02898e+18 8.26139e+18 6.85877e+18 5.06518e+18 3.19355e+18 1.56548e+18 4.47479e+17 5.32187e+15 1.06646e+14 2.50231e+12 5.86033e+10 1.36926e+09 3.05649e+07
2.53397e+07 1.13504e+09 4.85751e+10 2.07401e+12 8.83908e+13 4.41158e+15 3.71329e+17 1.29932e+18 2.65109e+18 4.20558e+18 5.69568e+18 6.86125e+18 7.49921e+18 7.49921e+18 6.86125e+18 5.69568e+18 4.20558e+18 2.65109e+18 1.29932e+18 3.71329e+17 4.41158e+15 8.83908e+13 2.07401e+12 4.85751e+10 1.13504e+09 2.53397e+07
1.86601e+07 8.3539e+08 3.5735e+10 1.52526e+12 6.49876e+13 3.24432e+15 2.73923e+17 9.58866e+17 1.95705e+18 3.10543e+18 4.20669e+18 5.06837e+18 5.54009e+18 5.54009e+18 5.06837e+18 4.20669e+18 3.10543e+18 1.95705e+18 9.58866e+17 2.73923e+17 3.24432e+15 6.49876e+13 1.52526e+12 3.5735e+10 8.3539e+08 1.86601e+07
1.17297e+07 5.23963e+08 2.2371e+10 9.53476e+11 4.05837e+13 2.02662e+15 1.7233e+17 6.03682e+17 1.2327e+18 1.95676e+18 2.65142e+18 3.19512e+18 3.49283e+18 3.49283e+18 3.19512e+18 2.65142e+18 1.95676e+18 1.2327e+18 6.03682e+17 1.7233e+17 2.02662e+15 4.05837e+13 9.53476e+11 2.2371e+10 5.23963e+08 1.17297e+07
5.82098e+06 2.57568e+08 1.0901e+10 4.61283e+11 1.95308e+13 9.74406e+14 8.41293e+16 2.95107e+17 6.03034e+17 9.57706e+17 1.29811e+18 1.56462e+18 1.71056e+18 1.71056e+18 1.56462e+18 1.29811e+18 9.57706e+17 6.03034e+17 2.95108e+17 8.41293e+16 9.74406e+14 1.95308e+13 4.61283e+11 1.0901e+10 2.57568e+08 5.82098e+06
1.94792e+06 8.25427e+07 3.33354e+09 1.3462e+11 5.46069e+12 2.65636e+14 2.38206e+16 8.38112e+16 1.71498e+17 2.72573e+17 3.69615e+17 4.45596e+17 4.87204e+17 4.87204e+17 4.45596e+17 3.69615e+17 2.72573e+17 1.71498e+17 8.38112e+16 2.38206e+16 2.65636e+14 5.46069e+12 1.3462e+11 3.33354e+09 8.25427e+07 1.94792e+06
332386 1.1597e+07 3.53723e+08 9.36805e+09 1.86284e+11 2.71691e+12 2.49893e+14 9.1555e+14 1.90478e+15 3.05182e+15 4.15395e+15 5.01543e+15 5.48623e+15 5.48623e+15 5.01543e+15 4.15395e+15 3.05182e+15 1.90478e+15 9.1555e+14 2.49893e+14 2.71691e+12 1.86284e+11 9.36805e+09 3.53723e+08 1.1597e+07 332386
35645.6 1.01342e+06 2.38928e+07 4.73746e+08 7.96114e+09 1.73763e+11 5.06063e+12 1.81022e+13 3.76436e+13 6.03431e+13 8.21646e+13 9.9225e+13 1.0855e+14 1.0855e+14 9.9225e+13 8.21646e+13 6.03431e+13 3.76436e+13 1.81022e+13 5.06063e+12 1.73763e+11 7.96114e+09 4.73746e+08 2.38928e+07 1.01342e+06 35645.6
2879.14 69654.8 1.39734e+06 2.5279e+07 4.53313e+08 8.71324e+09 1.24762e+11 4.27558e+11 8.84427e+11 1.41625e+12 1.92785e+12 2.32802e+12 2.54682e+12 2.54682e+12 2.32802e+12 1.92785e+12 1.41625e+12 8.84427e+11 4.27558e+11 1.24762e+11 8.71324e+09 4.53313e+08 2.5279e+07 1.39734e+06 69654.8 2879.14
196.899 4267.33 78339.5 1.35309e+06 2.24961e+07 3.28577e+08 3.08946e+09 1.01044e+10 2.07513e+10 3.31808e+10 4.51499e+10 5.45173e+10 5.96412e+10 5.96412e+10 5.45173e+10 4.51499e+10 3.31808e+10 2.07513e+10 1.01044e+10 3.08946e+09 3.28577e+08 2.24961e+07 1.35309e+06 78339.5 4267.33 196.899
12.1157 243.089 4160.61 66263.1 947836 1.07647e+07 7.64988e+07 2.38753e+08 4.86037e+08 7.75673e+08 1.05496e+09 1.27369e+09 1.39338e+09 1.39338e+09 1.27369e+09 1.05496e+09 7.75673e+08 4.86037e+08 2.38753e+08 7.64988e+07 1.07647e+07 947836 66263.1 4160.61 243.089 12.1157
0.629873 11.8785 188.919 2713.84 33232.4 308391 1.80527e+06 5.39586e+06 1.08808e+07 1.73259e+07 2.35507e+07 2.84295e+07 3.11003e+07 3.11003e+07 2.84295e+07 2.35507e+07 1.73259e+07 1.08808e+07 5.39586e+06 1.80527e+06 308391 33232.4 2713.84 188.919 11.8785 0.629873
