1.71073 32.1013 506.789 7216.12 87589.8 806514 4.68781e+06 1.38898e+07 2.77135e+07 4.36367e+07 5.87086e+07 7.03199e+07 7.66032e+07 7.66032e+07 7.03199e+07 5.87086e+07 4.36367e+07 2.77135e+07 1.38898e+07 4.68781e+06 806514 87589.8 7216.12 506.789 32.1013 1.71073
32.8809 657.498 11185 176559 2.50027e+06 2.81429e+07 1.98524e+08 6.14072e+08 1.23641e+09 1.95025e+09 2.62425e+09 3.14272e+09 3.42303e+09 3.42303e+09 3.14272e+09 2.62425e+09 1.95025e+09 1.23641e+09 6.14072e+08 1.98524e+08 2.81429e+07 2.50027e+06 176559 11185 657.498 32.8809
532.896 11534.7 211043 3.61861e+06 5.94878e+07 8.59214e+08 8.01408e+09 2.59703e+10 5.27268e+10 8.32854e+10 1.12071e+11 1.34181e+11 1.46124e+11 1.46124e+11 1.34181e+11 1.12071e+11 8.32854e+10 5.27268e+10 2.59703e+10 8.01408e+09 8.59214e+08 5.94878e+07 3.61861e+06 211043 11534.7 532.896
7752.62 187609 3.76344e+06 6.79052e+07 1.20567e+09 2.28211e+10 3.2361e+11 1.09846e+12 2.24519e+12 3.54968e+12 4.776e+12 5.71667e+12 6.2243e+12 6.2243e+12 5.71667e+12 4.776e+12 3.54968e+12 2.24519e+12 1.09846e+12 3.2361e+11 2.28211e+10 1.20567e+09 6.79052e+07 3.76344e+06 187609 7752.62
95325.6 2.71156e+06 6.4022e+07 1.27275e+09 2.13917e+10 4.57722e+11 1.31313e+13 4.65064e+13 9.55072e+13 1.51071e+14 2.03218e+14 2.43165e+14 2.64703e+14 2.64703e+14 2.43165e+14 2.03218e+14 1.51071e+14 9.55072e+13 4.65064e+13 1.31313e+13 4.57722e+11 2.13917e+10 1.27275e+09 6.4022e+07 2.71156e+06 95325.6
882109 3.07749e+07 9.3932e+08 2.49378e+10 4.9964e+11 7.35904e+12 6.50408e+14 2.35893e+15 4.84651e+15 7.66255e+15 1.03048e+16 1.23292e+16 1.34207e+16 1.34207e+16 1.23292e+16 1.03048e+16 7.66255e+15 4.84651e+15 2.35893e+15 6.50408e+14 7.35904e+12 4.9964e+11 2.49378e+10 9.3932e+08 3.07749e+07 882109
5.1281e+06 2.17167e+08 8.7667e+09 3.54007e+11 1.43652e+13 6.9758e+14 6.19532e+16 2.16548e+17 4.39397e+17 6.92164e+17 9.31059e+17 1.11568e+18 1.21592e+18 1.21592e+18 1.11568e+18 9.31059e+17 6.92164e+17 4.39397e+17 2.16548e+17 6.19532e+16 6.9758e+14 1.43652e+13 3.54007e+11 8.7667e+09 2.17167e+08 5.1281e+06
1.51831e+07 6.71235e+08 2.83874e+10 1.2007e+12 5.0835e+13 2.53233e+15 2.17374e+17 7.57751e+17 1.53573e+18 2.41763e+18 3.251e+18 3.89506e+18 4.24478e+18 4.24478e+18 3.89506e+18 3.251e+18 2.41763e+18 1.53573e+18 7.57751e+17 2.17374e+17 2.53233e+15 5.0835e+13 1.2007e+12 2.83874e+10 6.71235e+08 1.51831e+07
3.02614e+07 1.35001e+09 5.75691e+10 2.4513e+12 1.04272e+14 5.19908e+15 4.41354e+17 1.53675e+18 3.11214e+18 4.89636e+18 6.58111e+18 7.88245e+18 8.58884e+18 8.58884e+18 7.88245e+18 6.58111e+18 4.89636e+18 3.11214e+18 1.53675e+18 4.41354e+17 5.19908e+15 1.04272e+14 2.4513e+12 5.75691e+10 1.35001e+09 3.02614e+07
4.75893e+07 2.12672e+09 9.08139e+10 3.87025e+12 1.64702e+14 8.20962e+15 6.94944e+17 2.41829e+18 4.89448e+18 7.69612e+18 1.03391e+19 1.23792e+19 1.34861e+19 1.34861e+19 1.23792e+19 1.03391e+19 7.69612e+18 4.89448e+18 2.41829e+18 6.94944e+17 8.20962e+15 1.64702e+14 3.87025e+12 9.08139e+10 2.12672e+09 4.75893e+07
6.3949e+07 2.85813e+09 1.22043e+11 5.20031e+12 2.21245e+14 1.10253e+16 9.34017e+17 3.2493e+18 6.57344e+18 1.03311e+19 1.3873e+19 1.66049e+19 1.80864e+19 1.80864e+19 1.66049e+19 1.3873e+19 1.03311e+19 6.57344e+18 3.2493e+18 9.34017e+17 1.10253e+16 2.21245e+14 5.20031e+12 1.22043e+11 2.85813e+09 6.3949e+07
7.65229e+07 3.41938e+09 1.45969e+11 6.21782e+12 2.64439e+14 1.31758e+16 1.11832e+18 3.89e+18 7.86724e+18 1.23602e+19 1.65923e+19 1.98549e+19 2.16235e+19 2.16235e+19 1.98549e+19 1.65923e+19 1.23602e+19 7.86724e+18 3.89e+18 1.11832e+18 1.31758e+16 2.64439e+14 6.21782e+12 1.45969e+11 3.41938e+09 7.65229e+07
8.33158e+07 3.7223e+09 1.58869e+11 6.76589e+12 2.8768e+14 1.43329e+16 1.21821e+18 4.23729e+18 8.56833e+18 1.34592e+19 1.80645e+19 2.16137e+19 2.35373e+19 2.35373e+19 2.16137e+19 1.80645e+19 1.34592e+19 8.56833e+18 4.23729e+18 1.21821e+18 1.43329e+16 2.8768e+14 6.76589e+12 1.58869e+11 3.7223e+09 8.33158e+07
8.33158e+07 3.7223e+09 1.58869e+11 6.76589e+12 2.8768e+14 1.43329e+16 1.21821e+18 4.23729e+18 8.56833e+18 1.34592e+19 1.80645e+19 2.16137e+19 2.35373e+19 2.35373e+19 2.16137e+19 1.80645e+19 1.34592e+19 8.56833e+18 4.23729e+18 1.21821e+18 1.43329e+16 2.8768e+14 6.76589e+12 1.58869e+11 3.7223e+09 8.33158e+07
7.65229e+07 3.41938e+09 1.45969e+11 6.21782e+12 2.64439e+14 1.31758e+16 1.11832e+18 3.89e+18 7.86724e+18 1.23602e+19 1.65923e+19 1.98549e+19 2.16235e+19 2.16235e+19 1.98549e+19 1.65923e+19 1.23602e+19 7.86724e+18 3.89e+18 1.11832e+18 1.31758e+16 2.64439e+14 6.21782e+12 1.45969e+11 3.41938e+09 7.65229e+07
6.3949e+07 2.85813e+09 1.22043e+11 5.20031e+12 2.21245e+14 1.10253e+16 9.34017e+17 3.2493e+18 6.57344e+18 1.03311e+19 1.3873e+19 1.66049e+19 1.80864e+19 1.80864e+19 1.66049e+19 1.3873e+19 1.03311e+19 6.57344e+18 3.2493e+18 9.34017e+17 1.10253e+16 2.21245e+14 5.20031e+12 1.22043e+11 2.85813e+09 6.3949e+07
4.75893e+07 2.12672e+09 9.08139e+10 3.87025e+12 1.64702e+14 8.20962e+15 6.94944e+17 2.41829e+18 4.89448e+18 7.69612e+18 1.03391e+19 1.23792e+19 1.34861e+19 1.34861e+19 1.23792e+19 1.03391e+19 7.69612e+18 4.89448e+18 2.41829e+18 6.94944e+17 8.20962e+15 1.64702e+14 3.87025e+12 9.08139e+10 2.12672e+09 4.75893e+07
3.02614e+07 1.35001e+09 5.75691e+10 2.4513e+12 1.04272e+14 5.19908e+15 4.41354e+17 1.53675e+18 3.11214e+18 4.89636e+18 6.58111e+18 7.88245e+18 8.58884e+18 8.58884e+18 7.88245e+18 6.58111e+18 4.89636e+18 3.11214e+18 1.53675e+18 4.41354e+17 5.19908e+15 1.04272e+14 2.4513e+12 5.75691e+10 1.35001e+09 3.02614e+07
1.51831e+07 6.71235e+08 2.83874e+10 1.2007e+12 5.0835e+13 2.53233e+15 2.17374e+17 7.57751e+17 1.53573e+18 2.41763e+18 3.251e+18 3.89506e+18 4.24478e+18 4.24478e+18 3.89506e+18 3.251e+18 2.41763e+18 1.53573e+18 7.57751e+17 2.17374e+17 2.53233e+15 5.0835e+13 1.2007e+12 2.83874e+10 6.71235e+08 1.51831e+07
5.1281e+06 2.17167e+08 8.7667e+09 3.54007e+11 1.43652e+13 6.9758e+14 6.19532e+16 2.16548e+17 4.39397e+17 6.92164e+17 9.31059e+17 1.11568e+18 1.21592e+18 1.21592e+18 1.11568e+18 9.31059e+17 6.92164e+17 4.39397e+17 2.16548e+17 6.19532e+16 6.9758e+14 1.43652e+13 3.54007e+11 8.7667e+09 2.17167e+08 5.1281e+06
882109 3.07749e+07 9.3932e+08 2.49378e+10 4.9964e+11 7.35904e+12 6.50408e+14 2.35893e+15 4.84651e+15 7.66255e+15 1.03048e+16 1.23292e+16 1.34207e+16 1.34207e+16 1.23292e+16 1.03048e+16 7.66255e+15 4.84651e+15 2.35893e+15 6.50408e+14 7.35904e+12 4.9964e+11 2.49378e+10 9.3932e+08 3.07749e+07 882109
95325.6 2.71156e+06 6.4022e+07 1.27275e+09 2.13917e+10 4.57722e+11 1.31313e+13 4.65064e+13 9.55072e+13 1.51071e+14 2.03218e+14 2.43165e+14 2.64703e+14 2.64703e+14 2.43165e+14 2.03218e+14 1.51071e+14 9.55072e+13 4.65064e+13 1.31313e+13 4.57722e+11 2.13917e+10 1.27275e+09 6.4022e+07 2.71156e+06 95325.6
7752.62 187609 3.76344e+06 6.79052e+07 1.20567e+09 2.28211e+10 3.2361e+11 1.09846e+12 2.24519e+12 3.54968e+12 4.776e+12 5.71667e+12 6.2243e+12 6.2243e+12 5.71667e+12 4.776e+12 3.54968e+12 2.24519e+12 1.09846e+12 3.2361e+11 2.28211e+10 1.20567e+09 6.79052e+07 3.76344e+06 187609 7752.62
532.896 11534.7 211043 3.61861e+06 5.94878e+07 8.59214e+08 8.01408e+09 2.59703e+10 5.27268e+10 8.32854e+10 1.12071e+11 1.34181e+11 1.46124e+11 1.46124e+11 1.34181e+11 1.12071e+11 8.32854e+10 5.27268e+10 2.59703e+10 8.01408e+09 8.59214e+08 5.94878e+07 3.61861e+06 211043 11534.7 532.896
32.8809 657.498 11185 176559 2.50027e+06 2.81429e+07 1.98524e+08 6.14072e+08 1.23641e+09 1.95025e+09 2.62425e+09 3.14272e+09 3.42303e+09 3.42303e+09 3.14272e+09 2.62425e+09 1.95025e+09 1.23641e+09 6.14072e+08 1.98524e+08 2.81429e+07 2.50027e+06 176559 11185 657.498 32.8809
1.71073 32.1013 506.789 7216.12 87589.8 806514 4.68781e+06 1.38898e+07 2.77135e+07 4.36367e+07 5.87086e+07 7.03199e+07 7.66032e+07 7.66032e+07 7.03199e+07 5.87086e+07 4.36367e+07 2.77135e+07 1.38898e+07 4.68781e+06 806514 87589.8 7216.12 506.789 32.1013 1.71073
