0.347963 6.61165 105.819 1528.97 18821.1 175357 1.02871e+06 3.07355e+06 6.1901e+06 9.84207e+06 1.33592e+07 1.6109e+07 1.76119e+07 1.76119e+07 1.6109e+07 1.33592e+07 9.84207e+06 6.1901e+06 3.07355e+06 1.02871e+06 175357 18821.1 1528.97 105.819 6.61165 0.347963
6.72239 136.192 2347.5 37637 541865 6.1853e+06 4.40743e+07 1.37545e+08 2.79749e+08 4.45912e+08 6.05731e+08 7.30615e+08 7.98847e+08 7.98847e+08 7.30615e+08 6.05731e+08 4.45912e+08 2.79749e+08 1.37545e+08 4.40743e+07 6.1853e+06 541865 37637 2347.5 136.192 6.72239
109.57 2398.01 44292.4 769753 1.28966e+07 1.89673e+08 1.78975e+09 5.85427e+09 1.20141e+10 1.91898e+10 2.60832e+10 3.14666e+10 3.44068e+10 3.44068e+10 3.14666e+10 2.60832e+10 1.91898e+10 1.20141e+10 5.85427e+09 1.78975e+09 1.89673e+08 1.28966e+07 769753 44292.4 2398.01 109.57
1607.34 39253.2 790811 1.43525e+07 2.59212e+08 5.03424e+09 7.24672e+10 2.48407e+11 5.13524e+11 8.21507e+11 1.11709e+12 1.3478e+12 1.47376e+12 1.47376e+12 1.3478e+12 1.11709e+12 8.21507e+11 5.13524e+11 2.48407e+11 7.24672e+10 5.03424e+09 2.59212e+08 1.43525e+07 790811 39253.2 1607.34
19979.3 573473 1.35667e+07 2.68903e+08 4.51826e+09 1.00041e+11 2.94309e+12 1.05312e+13 2.18874e+13 3.50525e+13 4.7679e+13 5.75295e+13 6.29053e+13 6.29053e+13 5.75295e+13 4.7679e+13 3.50525e+13 2.18874e+13 1.05312e+13 2.94309e+12 1.00041e+11 4.51826e+09 2.68903e+08 1.35667e+07 573473 19979.3
187057 6.59365e+06 2.01972e+08 5.34994e+09 1.05833e+11 1.53119e+12 1.45183e+14 5.32215e+14 1.10677e+15 1.77173e+15 2.40923e+15 2.90651e+15 3.17788e+15 3.17788e+15 2.90651e+15 2.40923e+15 1.77173e+15 1.10677e+15 5.32215e+14 1.45183e+14 1.53119e+12 1.05833e+11 5.34994e+09 2.01972e+08 6.59365e+06 187057
1.09939e+06 4.71039e+07 1.91286e+09 7.74569e+10 3.14602e+12 1.53443e+14 1.38495e+16 4.87415e+16 9.97104e+16 1.58392e+17 2.14655e+17 2.58651e+17 2.82722e+17 2.82722e+17 2.58651e+17 2.14655e+17 1.58392e+17 9.97104e+16 4.87415e+16 1.38495e+16 1.53443e+14 3.14602e+12 7.74569e+10 1.91286e+09 4.71039e+07 1.09939e+06
3.28472e+06 1.47009e+08 6.25776e+09 2.65559e+11 1.12597e+13 5.63146e+14 4.89109e+16 1.7162e+17 3.50625e+17 5.56598e+17 7.54048e+17 9.08458e+17 9.9295e+17 9.9295e+17 9.08458e+17 7.54048e+17 5.56598e+17 3.50625e+17 1.7162e+17 4.89109e+16 5.63146e+14 1.12597e+13 2.65559e+11 6.25776e+09 1.47009e+08 3.28472e+06
6.6106e+06 2.98778e+08 1.28326e+10 5.48565e+11 2.33835e+13 1.17058e+15 1.00141e+17 3.50929e+17 7.16509e+17 1.13698e+18 1.53994e+18 1.85503e+18 2.02744e+18 2.02744e+18 1.85503e+18 1.53994e+18 1.13698e+18 7.16509e+17 3.50929e+17 1.00141e+17 1.17058e+15 2.33834e+13 5.48565e+11 1.28326e+10 2.98778e+08 6.6106e+06
1.04994e+07 4.75722e+08 2.0474e+10 8.76546e+11 3.74037e+13 1.87195e+15 1.59061e+17 5.5705e+17 1.13692e+18 1.8036e+18 2.44235e+18 2.94171e+18 3.21491e+18 3.21491e+18 2.94171e+18 2.44235e+18 1.8036e+18 1.13692e+18 5.5705e+17 1.59061e+17 1.87195e+15 3.74037e+13 8.76546e+11 2.0474e+10 4.75722e+08 1.04994e+07
1.42354e+07 6.45473e+08 2.77952e+10 1.19044e+12 5.08114e+13 2.54244e+15 2.15455e+17 7.54319e+17 1.5392e+18 2.44129e+18 3.30536e+18 3.98073e+18 4.35019e+18 4.35019e+18 3.98073e+18 3.30536e+18 2.44129e+18 1.5392e+18 7.54319e+17 2.15455e+17 2.54244e+15 5.08114e+13 1.19044e+12 2.77952e+10 6.45473e+08 1.42354e+07
1.71495e+07 7.77797e+08 3.34982e+10 1.4348e+12 6.12427e+13 3.064e+15 2.59474e+17 9.08321e+17 1.85321e+18 2.93898e+18 3.97878e+18 4.79138e+18 5.23587e+18 5.23587e+18 4.79138e+18 3.97878e+18 2.93898e+18 1.85321e+18 9.08321e+17 2.59474e+17 3.064e+15 6.12427e+13 1.4348e+12 3.34982e+10 7.77797e+08 1.71495e+07
1.87396e+07 8.49968e+08 3.66074e+10 1.56797e+12 6.69242e+13 3.34805e+15 2.83525e+17 9.9248e+17 2.02481e+18 3.21093e+18 4.34671e+18 5.23424e+18 5.71969e+18 5.71969e+18 5.23424e+18 4.34671e+18 3.21093e+18 2.02481e+18 9.92481e+17 2.83525e+17 3.34805e+15 6.69242e+13 1.56797e+12 3.66074e+10 8.49968e+08 1.87396e+07
1.87396e+07 8.49968e+08 3.66074e+10 1.56797e+12 6.69242e+13 3.34805e+15 2.83525e+17 9.92481e+17 2.02481e+18 3.21093e+18 4.34671e+18 5.23424e+18 5.71969e+18 5.71969e+18 5.23424e+18 4.34671e+18 3.21093e+18 2.02481e+18 9.9248e+17 2.83525e+17 3.34805e+15 6.69242e+13 1.56797e+12 3.66074e+10 8.49968e+08 1.87396e+07
1.71495e+07 7.77797e+08 3.34982e+10 1.4348e+12 6.12427e+13 3.064e+15 2.59474e+17 9.08321e+17 1.85321e+18 2.93898e+18 3.97878e+18 4.79138e+18 5.23587e+18 5.23587e+18 4.79138e+18 3.97878e+18 2.93898e+18 1.85321e+18 9.08321e+17 2.59474e+17 3.064e+15 6.12427e+13 1.4348e+12 3.34982e+10 7.77797e+08 1.71495e+07
1.42354e+07 6.45473e+08 2.77952e+10 1.19044e+12 5.08114e+13 2.54244e+15 2.15455e+17 7.54319e+17 1.5392e+18 2.44129e+18 3.30536e+18 3.98073e+18 4.35019e+18 4.35019e+18 3.98073e+18 3.30536e+18 2.44129e+18 1.5392e+18 7.54319e+17 2.15455e+17 2.54244e+15 5.08114e+13 1.19044e+12 2.77952e+10 6.45473e+08 1.42354e+07
1.04994e+07 4.75722e+08 2.0474e+10 8.76546e+11 3.74037e+13 1.87195e+15 1.59061e+17 5.5705e+17 1.13692e+18 1.8036e+18 2.44235e+18 2.94171e+18 3.21491e+18 3.21491e+18 2.94171e+18 2.44235e+18 1.8036e+18 1.13692e+18 5.5705e+17 1.59061e+17 1.87195e+15 3.74037e+13 8.76546e+11 2.0474e+10 4.75722e+08 1.04994e+07
6.6106e+06 2.98778e+08 1.28326e+10 5.48565e+11 2.33834e+13 1.17058e+15 1.00141e+17 3.50929e+17 7.16509e+17 1.13698e+18 1.53994e+18 1.85503e+18 2.02744e+18 2.02744e+18 1.85503e+18 1.53994e+18 1.13698e+18 7.16509e+17 3.50929e+17 1.00141e+17 1.17058e+15 2.33835e+13 5.48565e+11 1.28326e+10 2.98778e+08 6.6106e+06
3.28472e+06 1.47009e+08 6.25776e+09 2.65559e+11 1.12597e+13 5.63146e+14 4.89109e+16 1.7162e+17 3.50625e+17 5.56598e+17 7.54048e+17 9.08458e+17 9.9295e+17 9.9295e+17 9.08458e+17 7.54048e+17 5.56598e+17 3.50625e+17 1.7162e+17 4.89109e+16 5.63146e+14 1.12597e+13 2.65559e+11 6.25776e+09 1.47009e+08 3.28472e+06
1.09939e+06 4.71039e+07 1.91286e+09 7.74569e+10 3.14602e+12 1.53443e+14 1.38495e+16 4.87415e+16 9.97104e+16 1.58392e+17 2.14655e+17 2.58651e+17 2.82722e+17 2.82722e+17 2.58651e+17 2.14655e+17 1.58392e+17 9.97104e+16 4.87415e+16 1.38495e+16 1.53443e+14 3.14602e+12 7.74569e+10 1.91286e+09 4.71039e+07 1.09939e+06
187057 6.59365e+06 2.01972e+08 5.34994e+09 1.05833e+11 1.53119e+12 1.45183e+14 5.32215e+14 1.10677e+15 1.77173e+15 2.40923e+15 2.90651e+15 3.17788e+15 3.17788e+15 2.90651e+15 2.40923e+15 1.77173e+15 1.10677e+15 5.32215e+14 1.45183e+14 1.53119e+12 1.05833e+11 5.34994e+09 2.01972e+08 6.59365e+06 187057
19979.3 573473 1.35667e+07 2.68903e+08 4.51826e+09 1.00041e+11 2.94309e+12 1.05312e+13 2.18874e+13 3.50525e+13 4.7679e+13 5.75295e+13 6.29053e+13 6.29053e+13 5.75295e+13 4.7679e+13 3.50525e+13 2.18874e+13 1.05312e+13 2.94309e+12 1.00041e+11 4.51826e+09 2.68903e+08 1.35667e+07 573473 19979.3
1607.34 39253.2 790811 1.43525e+07 2.59212e+08 5.03424e+09 7.24672e+10 2.48407e+11 5.13524e+11 8.21507e+11 1.11709e+12 1.3478e+12 1.47376e+12 1.47376e+12 1.3478e+12 1.11709e+12 8.21507e+11 5.13524e+11 2.48407e+11 7.24672e+10 5.03424e+09 2.59212e+08 1.43525e+07 790811 39253.2 1607.34
109.57 2398.01 44292.4 769753 1.28966e+07 1.89673e+08 1.78975e+09 5.85427e+09 1.20141e+10 1.91898e+10 2.60832e+10 3.14666e+10 3.44068e+10 3.44068e+10 3.14666e+10 2.60832e+10 1.91898e+10 1.20141e+10 5.85427e+09 1.78975e+09 1.89673e+08 1.28966e+07 769753 44292.4 2398.01 109.57
6.72239 136.192 2347.5 37637 541865 6.1853e+06 4.40743e+07 1.37545e+08 2.79749e+08 4.45912e+08 6.05731e+08 7.30615e+08 7.98847e+08 7.98847e+08 7.30615e+08 6.05731e+08 4.45912e+08 2.79749e+08 1.37545e+08 4.40743e+07 6.1853e+06 541865 37637 2347.5 136.192 6.72239
0.347963 6.61165 105.819 1528.97 18821.1 175357 1.02871e+06 3.07355e+06 6.1901e+06 9.84207e+06 1.33592e+07 1.6109e+07 1.76119e+07 1.76119e+07 1.6109e+07 1.33592e+07 9.84207e+06 6.1901e+06 3.07355e+06 1.02871e+06 175357 18821.1 1528.97 105.819 6.61165 0.347963
