11.2159 207.81 3218.75 44787.8 531307 4.79785e+06 2.74516e+07 8.00365e+07 1.56757e+08 2.42114e+08 3.20107e+08 3.78392e+08 4.09289e+08 4.09289e+08 3.78392e+08 3.20107e+08 2.42114e+08 1.56757e+08 8.00365e+07 2.74516e+07 4.79785e+06 531307 44787.8 3218.75 207.81 11.2158
215.371 4270.34 71515.5 1.10296e+06 1.52083e+07 1.6724e+08 1.15959e+09 3.52754e+09 6.96648e+09 1.07694e+10 1.42295e+10 1.68076e+10 1.81717e+10 1.81717e+10 1.68076e+10 1.42295e+10 1.07694e+10 6.96648e+09 3.52754e+09 1.15959e+09 1.6724e+08 1.52083e+07 1.10296e+06 71515.5 4270.34 215.371
3469.7 74879.2 1.35854e+06 2.28561e+07 3.64582e+08 5.10908e+09 4.67107e+10 1.48773e+11 2.95997e+11 4.57773e+11 6.04339e+11 7.13217e+11 7.70712e+11 7.70712e+11 7.13217e+11 6.04339e+11 4.57773e+11 2.95997e+11 1.48773e+11 4.67107e+10 5.10908e+09 3.64582e+08 2.28561e+07 1.35854e+06 74879.2 3469.7
49874.2 1.20813e+06 2.42415e+07 4.34581e+08 7.51581e+09 1.36343e+11 1.88385e+12 6.28027e+12 1.2567e+13 1.94333e+13 2.56296e+13 3.02189e+13 3.26376e+13 3.26376e+13 3.02189e+13 2.56296e+13 1.94333e+13 1.2567e+13 6.28027e+12 1.88385e+12 1.36343e+11 7.51581e+09 4.34581e+08 2.42415e+07 1.20813e+06 49874.2
603149 1.71821e+07 4.07361e+08 8.15841e+09 1.37259e+11 2.78098e+12 7.64291e+13 2.6563e+14 5.33496e+14 8.24508e+14 1.08617e+15 1.2794e+15 1.38104e+15 1.38104e+15 1.2794e+15 1.08617e+15 8.24508e+14 5.33496e+14 2.6563e+14 7.64291e+13 2.78098e+12 1.37259e+11 8.15841e+09 4.07361e+08 1.71821e+07 603149
5.48006e+06 1.91088e+08 5.84187e+09 1.56121e+11 3.19307e+12 4.82679e+13 3.81418e+15 1.35678e+16 2.72597e+16 4.21164e+16 5.54837e+16 6.5367e+16 7.05706e+16 7.05706e+16 6.5367e+16 5.54837e+16 4.21164e+16 2.72597e+16 1.35678e+16 3.81418e+15 4.82679e+13 3.19307e+12 1.56121e+11 5.84187e+09 1.91088e+08 5.48006e+06
3.12943e+07 1.32168e+09 5.32306e+10 2.14642e+12 8.70649e+13 4.1983e+15 3.62533e+17 1.25123e+18 2.50052e+18 3.87776e+18 5.14435e+18 6.10153e+18 6.61367e+18 6.61367e+18 6.10153e+18 5.14435e+18 3.87776e+18 2.50052e+18 1.25123e+18 3.62533e+17 4.1983e+15 8.70649e+13 2.14642e+12 5.32306e+10 1.32168e+09 3.12943e+07
9.11034e+07 4.01417e+09 1.69247e+11 7.14252e+12 3.02014e+14 1.49469e+16 1.25664e+18 4.32721e+18 8.63796e+18 1.33863e+19 1.7751e+19 2.10486e+19 2.28129e+19 2.28129e+19 2.10486e+19 1.7751e+19 1.33863e+19 8.63796e+18 4.32721e+18 1.25664e+18 1.49469e+16 3.02014e+14 7.14252e+12 1.69247e+11 4.01417e+09 9.11034e+07
1.78227e+08 7.91812e+09 3.36321e+11 1.42745e+13 6.05794e+14 3.00044e+16 2.51161e+18 8.63919e+18 1.7225e+19 2.6662e+19 3.53186e+19 4.18477e+19 4.53368e+19 4.53368e+19 4.18477e+19 3.53186e+19 2.6662e+19 1.7225e+19 8.63919e+18 2.51161e+18 3.00044e+16 6.05794e+14 1.42745e+13 3.36321e+11 7.91812e+09 1.78227e+08
2.74998e+08 1.22279e+10 5.1958e+11 2.20494e+13 9.35177e+14 4.6294e+16 3.89019e+18 1.33723e+19 2.66306e+19 4.11664e+19 5.44661e+19 6.44754e+19 6.98167e+19 6.98167e+19 6.44754e+19 5.44661e+19 4.11664e+19 2.66306e+19 1.33723e+19 3.89019e+18 4.6294e+16 9.35177e+14 2.20494e+13 5.1958e+11 1.22279e+10 2.74998e+08
3.63273e+08 1.61422e+10 6.85308e+11 2.90522e+13 1.23075e+15 6.09013e+16 5.15251e+18 1.77045e+19 3.52219e+19 5.43813e+19 7.18688e+19 8.50025e+19 9.20012e+19 9.20012e+19 8.50025e+19 7.18688e+19 5.43813e+19 3.52219e+19 1.77045e+19 5.15251e+18 6.09013e+16 1.23075e+15 2.90522e+13 6.85308e+11 1.61422e+10 3.63273e+08
4.29147e+08 1.90544e+10 8.08224e+11 3.42303e+13 1.44864e+15 7.16676e+16 6.10255e+18 2.09645e+19 4.1676e+19 6.42874e+19 8.48869e+19 1.00333e+20 1.08555e+20 1.08555e+20 1.00333e+20 8.48869e+19 6.42874e+19 4.1676e+19 2.09645e+19 6.10255e+18 7.16676e+16 1.44864e+15 3.42303e+13 8.08224e+11 1.90544e+10 4.29147e+08
4.64031e+08 2.05937e+10 8.73061e+11 3.69561e+13 1.56311e+15 7.73234e+16 6.60941e+18 2.27036e+19 4.51154e+19 6.95587e+19 9.18045e+19 1.0847e+20 1.17336e+20 1.17336e+20 1.0847e+20 9.18045e+19 6.95587e+19 4.51154e+19 2.27036e+19 6.60941e+18 7.73234e+16 1.56311e+15 3.69561e+13 8.73061e+11 2.05937e+10 4.64031e+08
4.64031e+08 2.05937e+10 8.73061e+11 3.69561e+13 1.56311e+15 7.73234e+16 6.60941e+18 2.27036e+19 4.51154e+19 6.95587e+19 9.18045e+19 1.0847e+20 1.17336e+20 1.17336e+20 1.0847e+20 9.18045e+19 6.95587e+19 4.51154e+19 2.27036e+19 6.60941e+18 7.73234e+16 1.56311e+15 3.69561e+13 8.73061e+11 2.05937e+10 4.64031e+08
4.29147e+08 1.90544e+10 8.08224e+11 3.42303e+13 1.44864e+15 7.16676e+16 6.10255e+18 2.09645e+19 4.1676e+19 6.42874e+19 8.48869e+19 1.00333e+20 1.08555e+20 1.08555e+20 1.00333e+20 8.48869e+19 6.42874e+19 4.1676e+19 2.09645e+19 6.10255e+18 7.16676e+16 1.44864e+15 3.42303e+13 8.08224e+11 1.90544e+10 4.29147e+08
3.63273e+08 1.61422e+10 6.85308e+11 2.90522e+13 1.23075e+15 6.09013e+16 5.15251e+18 1.77045e+19 3.52219e+19 5.43813e+19 7.18688e+19 8.50025e+19 9.20012e+19 9.20012e+19 8.50025e+19 7.18688e+19 5.43813e+19 3.52219e+19 1.77045e+19 5.15251e+18 6.09013e+16 1.23075e+15 2.90522e+13 6.85308e+11 1.61422e+10 3.63273e+08
2.74998e+08 1.22279e+10 5.1958e+11 2.20494e+13 9.35177e+14 4.6294e+16 3.89019e+18 1.33723e+19 2.66306e+19 4.11664e+19 5.44661e+19 6.44754e+19 6.98167e+19 6.98167e+19 6.44754e+19 5.44661e+19 4.11664e+19 2.66306e+19 1.33723e+19 3.89019e+18 4.6294e+16 9.35177e+14 2.20494e+13 5.1958e+11 1.22279e+10 2.74998e+08
1.78227e+08 7.91812e+09 3.36321e+11 1.42745e+13 6.05794e+14 3.00044e+16 2.51161e+18 8.63919e+18 1.7225e+19 2.6662e+19 3.53186e+19 4.18477e+19 4.53368e+19 4.53368e+19 4.18477e+19 3.53186e+19 2.6662e+19 1.7225e+19 8.63919e+18 2.51161e+18 3.00044e+16 6.05794e+14 1.42745e+13 3.36321e+11 7.91812e+09 1.78227e+08
9.11034e+07 4.01417e+09 1.69247e+11 7.14252e+12 3.02014e+14 1.49469e+16 1.25664e+18 4.32721e+18 8.63796e+18 1.33863e+19 1.7751e+19 2.10486e+19 2.28129e+19 2.28129e+19 2.10486e+19 1.7751e+19 1.33863e+19 8.63796e+18 4.32721e+18 1.25664e+18 1.49469e+16 3.02014e+14 7.14252e+12 1.69247e+11 4.01417e+09 9.11034e+07
3.12943e+07 1.32168e+09 5.32306e+10 2.14642e+12 8.70649e+13 4.1983e+15 3.62533e+17 1.25123e+18 2.50052e+18 3.87776e+18 5.14435e+18 6.10153e+18 6.61367e+18 6.61367e+18 6.10153e+18 5.14435e+18 3.87776e+18 2.50052e+18 1.25123e+18 3.62533e+17 4.1983e+15 8.70649e+13 2.14642e+12 5.32306e+10 1.32168e+09 3.12943e+07
5.48006e+06 1.91088e+08 5.84187e+09 1.56121e+11 3.19307e+12 4.82679e+13 3.81418e+15 1.35678e+16 2.72597e+16 4.21164e+16 5.54837e+16 6.5367e+16 7.05706e+16 7.05706e+16 6.5367e+16 5.54837e+16 4.21164e+16 2.72597e+16 1.35678e+16 3.81418e+15 4.82679e+13 3.19307e+12 1.56121e+11 5.84187e+09 1.91088e+08 5.48006e+06
603149 1.71821e+07 4.07361e+08 8.15841e+09 1.37259e+11 2.78098e+12 7.64291e+13 2.6563e+14 5.33496e+14 8.24508e+14 1.08617e+15 1.2794e+15 1.38104e+15 1.38104e+15 1.2794e+15 1.08617e+15 8.24508e+14 5.33496e+14 2.6563e+14 7.64291e+13 2.78098e+12 1.37259e+11 8.15841e+09 4.07361e+08 1.71821e+07 603149
49874.2 1.20813e+06 2.42415e+07 4.34581e+08 7.51581e+09 1.36343e+11 1.88385e+12 6.28027e+12 1.2567e+13 1.94333e+13 2.56296e+13 3.02189e+13 3.26376e+13 3.26376e+13 3.02189e+13 2.56296e+13 1.94333e+13 1.2567e+13 6.28027e+12 1.88385e+12 1.36343e+11 7.51581e+09 4.34581e+08 2.42415e+07 1.20813e+06 49874.2
3469.7 74879.2 1.35854e+06 2.28561e+07 3.64582e+08 5.10908e+09 4.67107e+10 1.48773e+11 2.95997e+11 4.57773e+11 6.04339e+11 7.13217e+11 7.70712e+11 7.70712e+11 7.13217e+11 6.04339e+11 4.57773e+11 2.95997e+11 1.48773e+11 4.67107e+10 5.10908e+09 3.64582e+08 2.28561e+07 1.35854e+06 74879.2 3469.7
215.371 4270.34 71515.5 1.10296e+06 1.52083e+07 1.6724e+08 1.15959e+09 3.52754e+09 6.96648e+09 1.07694e+10 1.42295e+10 1.68076e+10 1.81717e+10 1.81717e+10 1.68076e+10 1.42295e+10 1.07694e+10 6.96648e+09 3.52754e+09 1.15959e+09 1.6724e+08 1.52083e+07 1.10296e+06 71515.5 4270.34 215.371
11.2158 207.81 3218.75 44787.8 531307 4.79785e+06 2.74516e+07 8.00365e+07 1.56757e+08 2.42114e+08 3.20107e+08 3.78392e+08 4.09289e+08 4.09289e+08 3.78392e+08 3.20107e+08 2.42114e+08 1.56757e+08 8.00365e+07 2.74516e+07 4.79785e+06 531307 44787.8 3218.75 207.81 11.2158
