12.8676 238.256 3685.77 51201.2 606361 5.46831e+06 3.12625e+07 9.11073e+07 1.78353e+08 2.75293e+08 3.6371e+08 4.29657e+08 4.64562e+08 4.64562e+08 4.29657e+08 3.6371e+08 2.75293e+08 1.78353e+08 9.11073e+07 3.12625e+07 5.46831e+06 606361 51201.2 3685.77 238.256 12.8676
247.171 4899.6 81980.5 1.26225e+06 1.73687e+07 1.9066e+08 1.32062e+09 4.01556e+09 7.92622e+09 1.22448e+10 1.61662e+10 1.90819e+10 2.06219e+10 2.06219e+10 1.90819e+10 1.61662e+10 1.22448e+10 7.92622e+09 4.01556e+09 1.32062e+09 1.9066e+08 1.73687e+07 1.26225e+06 81980.5 4899.6 247.171
3981.62 85947.5 1.55903e+06 2.61968e+07 4.16865e+08 5.82702e+09 5.31994e+10 1.69359e+11 3.36778e+11 5.20466e+11 6.86527e+11 8.09596e+11 8.74463e+11 8.74463e+11 8.09596e+11 6.86527e+11 5.20466e+11 3.36778e+11 1.69359e+11 5.31994e+10 5.82702e+09 4.16865e+08 2.61968e+07 1.55903e+06 85947.5 3981.62
57193.8 1.38624e+06 2.78313e+07 4.98916e+08 8.61141e+09 1.55628e+11 2.14564e+12 7.14959e+12 1.42987e+13 2.20944e+13 2.91126e+13 3.42973e+13 3.7024e+13 3.7024e+13 3.42973e+13 2.91126e+13 2.20944e+13 1.42987e+13 7.14959e+12 2.14564e+12 1.55628e+11 8.61141e+09 4.98916e+08 2.78313e+07 1.38624e+06 57193.8
690902 1.96931e+07 4.67298e+08 9.37009e+09 1.5775e+11 3.18072e+12 8.70545e+13 3.02413e+14 6.07037e+14 9.37402e+14 1.23368e+15 1.45186e+15 1.56635e+15 1.56635e+15 1.45186e+15 1.23368e+15 9.37402e+14 6.07037e+14 3.02413e+14 8.70545e+13 3.18072e+12 1.5775e+11 9.37009e+09 4.67298e+08 1.96931e+07 690902
6.26969e+06 2.18689e+08 6.68916e+09 1.78941e+11 3.66843e+12 5.56243e+13 4.34743e+15 1.54571e+16 3.10392e+16 4.79176e+16 6.30652e+16 7.42328e+16 8.00992e+16 8.00992e+16 7.42328e+16 6.30652e+16 4.79176e+16 3.10392e+16 1.54571e+16 4.34743e+15 5.56243e+13 3.66843e+12 1.78941e+11 6.68916e+09 2.18689e+08 6.26969e+06
3.57672e+07 1.51061e+09 6.08405e+10 2.45331e+12 9.95147e+13 4.79488e+15 4.13011e+17 1.42513e+18 2.84718e+18 4.41332e+18 5.85151e+18 6.93664e+18 7.51654e+18 7.51654e+18 6.93664e+18 5.85151e+18 4.41332e+18 2.84718e+18 1.42513e+18 4.13011e+17 4.79488e+15 9.95147e+13 2.45331e+12 6.08405e+10 1.51061e+09 3.57672e+07
1.04075e+08 4.58565e+09 1.9334e+11 8.15927e+12 3.4501e+14 1.70632e+16 1.4314e+18 4.92782e+18 9.83344e+18 1.52307e+19 2.01836e+19 2.39188e+19 2.59144e+19 2.59144e+19 2.39188e+19 2.01836e+19 1.52307e+19 9.83344e+18 4.92782e+18 1.4314e+18 1.70632e+16 3.4501e+14 8.15927e+12 1.9334e+11 4.58565e+09 1.04075e+08
2.03514e+08 9.04123e+09 3.84015e+11 1.62985e+13 6.91694e+14 3.42365e+16 2.86013e+18 9.83507e+18 1.96003e+19 3.03173e+19 4.01271e+19 4.75095e+19 5.14479e+19 5.14479e+19 4.75095e+19 4.01271e+19 3.03173e+19 1.96003e+19 9.83507e+18 2.86013e+18 3.42365e+16 6.91694e+14 1.62985e+13 3.84015e+11 9.04123e+09 2.03514e+08
3.13843e+08 1.39541e+10 5.92891e+11 2.51592e+13 1.06703e+15 5.2786e+16 4.42795e+18 1.52151e+19 3.02814e+19 4.67664e+19 6.18089e+19 7.30982e+19 7.91096e+19 7.91096e+19 7.30982e+19 6.18089e+19 4.67664e+19 3.02814e+19 1.52151e+19 4.42795e+18 5.2786e+16 1.06703e+15 2.51592e+13 5.92891e+11 1.39541e+10 3.13843e+08
4.14329e+08 1.84087e+10 7.81432e+11 3.31234e+13 1.40307e+15 6.938e+16 5.86134e+18 2.01307e+19 4.00163e+19 6.17114e+19 8.14479e+19 9.62203e+19 1.04072e+20 1.04072e+20 9.62203e+19 8.14479e+19 6.17114e+19 4.00163e+19 2.01307e+19 5.86134e+18 6.938e+16 1.40307e+15 3.31234e+13 7.81432e+11 1.84087e+10 4.14329e+08
4.89189e+08 2.17166e+10 9.20977e+11 3.89988e+13 1.65017e+15 8.15776e+16 6.93833e+18 2.38227e+19 4.73123e+19 7.28817e+19 9.60872e+19 1.13419e+20 1.22619e+20 1.22619e+20 1.13419e+20 9.60872e+19 7.28817e+19 4.73123e+19 2.38227e+19 6.93833e+18 8.15776e+16 1.65017e+15 3.89988e+13 9.20977e+11 2.17166e+10 4.89189e+08
5.28778e+08 2.34624e+10 9.94464e+11 4.2086e+13 1.77971e+15 8.79714e+16 7.51216e+18 2.57894e+19 5.11934e+19 7.88126e+19 1.03846e+20 1.22521e+20 1.32425e+20 1.32425e+20 1.22521e+20 1.03846e+20 7.88126e+19 5.11934e+19 2.57894e+19 7.51216e+18 8.79714e+16 1.77971e+15 4.2086e+13 9.94464e+11 2.34624e+10 5.28778e+08
5.28778e+08 2.34624e+10 9.94464e+11 4.2086e+13 1.77971e+15 8.79714e+16 7.51216e+18 2.57894e+19 5.11934e+19 7.88126e+19 1.03846e+20 1.22521e+20 1.32425e+20 1.32425e+20 1.22521e+20 1.03846e+20 7.88126e+19 5.11934e+19 2.57894e+19 7.51216e+18 8.79714e+16 1.77971e+15 4.2086e+13 9.94464e+11 2.34624e+10 5.28778e+08
4.89189e+08 2.17166e+10 9.20977e+11 3.89988e+13 1.65017e+15 8.15776e+16 6.93833e+18 2.38227e+19 4.73123e+19 7.28817e+19 9.60872e+19 1.13419e+20 1.22619e+20 1.22619e+20 1.13419e+20 9.60872e+19 7.28817e+19 4.73123e+19 2.38227e+19 6.93833e+18 8.15776e+16 1.65017e+15 3.89988e+13 9.20977e+11 2.17166e+10 4.89189e+08
4.14329e+08 1.84087e+10 7.81432e+11 3.31234e+13 1.40307e+15 6.938e+16 5.86134e+18 2.01307e+19 4.00163e+19 6.17114e+19 8.14479e+19 9.62203e+19 1.04072e+20 1.04072e+20 9.62203e+19 8.14479e+19 6.17114e+19 4.00163e+19 2.01307e+19 5.86134e+18 6.938e+16 1.40307e+15 3.31234e+13 7.81432e+11 1.84087e+10 4.14329e+08
3.13843e+08 1.39541e+10 5.92891e+11 2.51592e+13 1.06703e+15 5.2786e+16 4.42795e+18 1.52151e+19 3.02814e+19 4.67664e+19 6.18089e+19 7.30981e+19 7.91096e+19 7.91096e+19 7.30982e+19 6.18089e+19 4.67664e+19 3.02814e+19 1.52151e+19 4.42795e+18 5.2786e+16 1.06703e+15 2.51592e+13 5.92891e+11 1.39541e+10 3.13843e+08
2.03514e+08 9.04123e+09 3.84015e+11 1.62985e+13 6.91694e+14 3.42365e+16 2.86013e+18 9.83507e+18 1.96003e+19 3.03173e+19 4.01271e+19 4.75095e+19 5.14479e+19 5.14479e+19 4.75095e+19 4.01271e+19 3.03173e+19 1.96003e+19 9.83507e+18 2.86013e+18 3.42365e+16 6.91694e+14 1.62985e+13 3.84015e+11 9.04123e+09 2.03514e+08
1.04075e+08 4.58565e+09 1.9334e+11 8.15927e+12 3.4501e+14 1.70632e+16 1.4314e+18 4.92782e+18 9.83344e+18 1.52307e+19 2.01836e+19 2.39188e+19 2.59144e+19 2.59144e+19 2.39188e+19 2.01836e+19 1.52307e+19 9.83344e+18 4.92782e+18 1.4314e+18 1.70632e+16 3.4501e+14 8.15927e+12 1.9334e+11 4.58565e+09 1.04075e+08
3.57672e+07 1.51061e+09 6.08405e+10 2.45331e+12 9.95147e+13 4.79488e+15 4.13011e+17 1.42513e+18 2.84718e+18 4.41332e+18 5.85151e+18 6.93664e+18 7.51654e+18 7.51654e+18 6.93664e+18 5.85151e+18 4.41332e+18 2.84718e+18 1.42513e+18 4.13011e+17 4.79488e+15 9.95147e+13 2.45331e+12 6.08405e+10 1.51061e+09 3.57672e+07
6.26969e+06 2.18689e+08 6.68916e+09 1.78941e+11 3.66843e+12 5.56243e+13 4.34743e+15 1.54571e+16 3.10392e+16 4.79176e+16 6.30652e+16 7.42328e+16 8.00992e+16 8.00992e+16 7.42328e+16 6.30652e+16 4.79176e+16 3.10392e+16 1.54571e+16 4.34743e+15 5.56243e+13 3.66843e+12 1.78941e+11 6.68916e+09 2.18689e+08 6.26969e+06
690902 1.96931e+07 4.67298e+08 9.37009e+09 1.5775e+11 3.18072e+12 8.70545e+13 3.02413e+14 6.07037e+14 9.37402e+14 1.23368e+15 1.45186e+15 1.56635e+15 1.56635e+15 1.45186e+15 1.23368e+15 9.37402e+14 6.07037e+14 3.02413e+14 8.70545e+13 3.18072e+12 1.5775e+11 9.37009e+09 4.67298e+08 1.96931e+07 690902
57193.8 1.38624e+06 2.78313e+07 4.98916e+08 8.61141e+09 1.55628e+11 2.14564e+12 7.14959e+12 1.42987e+13 2.20944e+13 2.91126e+13 3.42973e+13 3.7024e+13 3.7024e+13 3.42973e+13 2.91126e+13 2.20944e+13 1.42987e+13 7.14959e+12 2.14564e+12 1.55628e+11 8.61141e+09 4.98916e+08 2.78313e+07 1.38624e+06 57193.8
3981.62 85947.5 1.55903e+06 2.61968e+07 4.16865e+08 5.82702e+09 5.31994e+10 1.69359e+11 3.36778e+11 5.20466e+11 6.86527e+11 8.09596e+11 8.74463e+11 8.74463e+11 8.09596e+11 6.86527e+11 5.20466e+11 3.36778e+11 1.69359e+11 5.31994e+10 5.82702e+09 4.16865e+08 2.61968e+07 1.55903e+06 85947.5 3981.62
247.171 4899.6 81980.5 1.26225e+06 1.73687e+07 1.9066e+08 1.32062e+09 4.01556e+09 7.92622e+09 1.22448e+10 1.61662e+10 1.90819e+10 2.06219e+10 2.06219e+10 1.90819e+10 1.61662e+10 1.22448e+10 7.92622e+09 4.01556e+09 1.32062e+09 1.9066e+08 1.73687e+07 1.26225e+06 81980.5 4899.6 247.171
12.8676 238.256 3685.77 51201.2 606361 5.46831e+06 3.12625e+07 9.11073e+07 1.78353e+08 2.75293e+08 3.6371e+08 4.29657e+08 4.64562e+08 4.64562e+08 4.29657e+08 3.6371e+08 2.75293e+08 1.78353e+08 9.11073e+07 3.12625e+07 5.46831e+06 606361 51201.2 3685.77 238.256 12.8676
