0.000311203 0.0058551 0.0930597 1.33818 16.4071 152.272 890.166 2655.48 5350.8 8528.54 11618 14058.2 15402.3 15402.3 14058.2 11618 8528.54 5350.8 2655.48 890.166 152.272 16.4071 1.33818 0.0930597 0.0058551 0.000311203
0.00594374 0.118807 2.03005 32.385 464.798 5290.32 37582.1 117076 238174 380539 518817 628028 688185 688185 628028 518817 380539 238174 117076 37582.1 5290.32 464.798 32.385 2.03005 0.118807 0.00594374
0.09604 2.06943 37.8195 653.399 10923.8 160478 1.51102e+06 4.93274e+06 1.01233e+07 1.62075e+07 2.21129e+07 2.67772e+07 2.93467e+07 2.93467e+07 2.67772e+07 2.21129e+07 1.62075e+07 1.01233e+07 4.93274e+06 1.51102e+06 160478 10923.8 653.399 37.8195 2.06943 0.09604
1.4003 33.6391 669.446 12049.3 217045 4.22258e+06 6.07566e+07 2.07797e+08 4.29499e+08 6.88713e+08 9.40224e+08 1.13891e+09 1.24839e+09 1.24839e+09 1.13891e+09 9.40224e+08 6.88713e+08 4.29499e+08 2.07797e+08 6.07566e+07 4.22258e+06 217045 12049.3 669.446 33.6391 1.4003
17.3283 489.392 11434.5 224267 3.73866e+06 8.316e+07 2.4556e+09 8.7638e+09 1.8207e+10 2.92286e+10 3.99231e+10 4.83738e+10 5.30311e+10 5.30311e+10 4.83738e+10 3.99231e+10 2.92286e+10 1.8207e+10 8.7638e+09 2.4556e+09 8.316e+07 3.73866e+06 224267 11434.5 489.392 17.3283
161.661 5611.5 169970 4.46038e+06 8.73148e+07 1.24827e+09 1.2066e+11 4.40921e+11 9.16118e+11 1.46956e+12 2.00619e+12 2.43008e+12 2.66365e+12 2.66365e+12 2.43008e+12 2.00619e+12 1.46956e+12 9.16118e+11 4.40921e+11 1.2066e+11 1.24827e+09 8.73148e+07 4.46038e+06 169970 5611.5 161.661
947.563 40004.7 1.60841e+06 6.46734e+07 2.61403e+09 1.27279e+11 1.15101e+13 4.03553e+13 8.23347e+13 1.30683e+14 1.77214e+14 2.13791e+14 2.33891e+14 2.33891e+14 2.13791e+14 1.77214e+14 1.30683e+14 8.23347e+13 4.03553e+13 1.15101e+13 1.27279e+11 2.61403e+09 6.46734e+07 1.60841e+06 40004.7 947.563
2828.4 124708 5.25469e+06 2.21377e+08 9.3373e+09 4.65825e+11 4.05016e+13 1.4159e+14 2.8851e+14 4.57582e+14 6.20215e+14 7.48013e+14 8.18226e+14 8.18226e+14 7.48013e+14 6.20215e+14 4.57582e+14 2.8851e+14 1.4159e+14 4.05016e+13 4.65825e+11 9.3373e+09 2.21377e+08 5.25469e+06 124708 2828.4
5698.7 253678 1.0783e+07 4.57526e+08 1.93966e+10 9.6802e+11 8.2738e+13 2.88881e+14 5.88309e+14 9.32762e+14 1.26402e+15 1.52429e+15 1.66727e+15 1.66727e+15 1.52429e+15 1.26402e+15 9.32762e+14 5.88309e+14 2.88881e+14 8.2738e+13 9.6802e+11 1.93966e+10 4.57526e+08 1.0783e+07 253678 5698.7
9079.68 405155 1.72571e+07 7.33365e+08 3.11259e+10 1.55243e+12 1.31394e+14 4.58426e+14 9.33285e+14 1.47943e+15 2.00458e+15 2.41715e+15 2.64379e+15 2.64379e+15 2.41715e+15 2.00458e+15 1.47943e+15 9.33285e+14 4.58426e+14 1.31394e+14 1.55243e+12 3.11259e+10 7.33365e+08 1.72571e+07 405155 9079.68
12363.2 552123 2.35338e+07 1.0007e+09 4.24934e+10 2.11848e+12 1.78212e+14 6.2149e+14 1.26501e+15 2.00502e+15 2.71652e+15 3.27545e+15 3.58249e+15 3.58249e+15 3.27545e+15 2.71652e+15 2.00502e+15 1.26501e+15 6.2149e+14 1.78212e+14 2.11848e+12 4.24934e+10 1.0007e+09 2.35338e+07 552123 12363.2
14954.1 668077 2.8486e+07 1.21164e+09 5.14656e+10 2.56514e+12 2.15003e+14 7.4959e+14 1.52557e+15 2.41783e+15 3.27565e+15 3.94952e+15 4.31968e+15 4.31968e+15 3.94952e+15 3.27565e+15 2.41783e+15 1.52557e+15 7.4959e+14 2.15003e+14 2.56514e+12 5.14656e+10 1.21164e+09 2.8486e+07 668077 14954.1
16380.2 731902 3.12122e+07 1.32779e+09 5.64064e+10 2.81106e+12 2.35214e+14 8.19951e+14 1.66867e+15 2.64455e+15 3.58272e+15 4.3197e+15 4.72452e+15 4.72452e+15 4.3197e+15 3.58272e+15 2.64455e+15 1.66867e+15 8.19951e+14 2.35214e+14 2.81106e+12 5.64064e+10 1.32779e+09 3.12122e+07 731902 16380.2
16380.2 731902 3.12122e+07 1.32779e+09 5.64064e+10 2.81106e+12 2.35214e+14 8.19951e+14 1.66867e+15 2.64455e+15 3.58272e+15 4.3197e+15 4.72452e+15 4.72452e+15 4.3197e+15 3.58272e+15 2.64455e+15 1.66867e+15 8.19951e+14 2.35214e+14 2.81106e+12 5.64064e+10 1.32779e+09 3.12122e+07 731902 16380.2
14954.1 668077 2.8486e+07 1.21164e+09 5.14656e+10 2.56514e+12 2.15003e+14 7.4959e+14 1.52557e+15 2.41783e+15 3.27565e+15 3.94952e+15 4.31968e+15 4.31968e+15 3.94952e+15 3.27565e+15 2.41783e+15 1.52557e+15 7.4959e+14 2.15003e+14 2.56514e+12 5.14656e+10 1.21164e+09 2.8486e+07 668077 14954.1
12363.2 552123 2.35338e+07 1.0007e+09 4.24934e+10 2.11848e+12 1.78212e+14 6.2149e+14 1.26501e+15 2.00502e+15 2.71652e+15 3.27545e+15 3.58249e+15 3.58249e+15 3.27545e+15 2.71652e+15 2.00502e+15 1.26501e+15 6.2149e+14 1.78212e+14 2.11848e+12 4.24934e+10 1.0007e+09 2.35338e+07 552123 12363.2
9079.68 405155 1.72571e+07 7.33365e+08 3.11259e+10 1.55243e+12 1.31394e+14 4.58426e+14 9.33285e+14 1.47943e+15 2.00458e+15 2.41715e+15 2.64379e+15 2.64379e+15 2.41715e+15 2.00458e+15 1.47943e+15 9.33285e+14 4.58426e+14 1.31394e+14 1.55243e+12 3.11259e+10 7.33365e+08 1.72571e+07 405155 9079.68
5698.7 253678 1.0783e+07 4.57526e+08 1.93966e+10 9.6802e+11 8.2738e+13 2.88881e+14 5.88309e+14 9.32762e+14 1.26402e+15 1.52429e+15 1.66727e+15 1.66727e+15 1.52429e+15 1.26402e+15 9.32762e+14 5.88309e+14 2.88881e+14 8.2738e+13 9.6802e+11 1.93966e+10 4.57526e+08 1.0783e+07 253678 5698.7
2828.4 124708 5.25469e+06 2.21377e+08 9.3373e+09 4.65825e+11 4.05016e+13 1.4159e+14 2.8851e+14 4.57582e+14 6.20215e+14 7.48013e+14 8.18226e+14 8.18226e+14 7.48013e+14 6.20215e+14 4.57582e+14 2.8851e+14 1.4159e+14 4.05016e+13 4.65825e+11 9.3373e+09 2.21377e+08 5.25469e+06 124708 2828.4
947.563 40004.7 1.60841e+06 6.46734e+07 2.61403e+09 1.27279e+11 1.15101e+13 4.03553e+13 8.23347e+13 1.30683e+14 1.77214e+14 2.13791e+14 2.33891e+14 2.33891e+14 2.13791e+14 1.77214e+14 1.30683e+14 8.23347e+13 4.03553e+13 1.15101e+13 1.27279e+11 2.61403e+09 6.46734e+07 1.60841e+06 40004.7 947.563
161.661 5611.5 169970 4.46038e+06 8.73148e+07 1.24827e+09 1.2066e+11 4.40921e+11 9.16118e+11 1.46956e+12 2.00619e+12 2.43008e+12 2.66365e+12 2.66365e+12 2.43008e+12 2.00619e+12 1.46956e+12 9.16118e+11 4.40921e+11 1.2066e+11 1.24827e+09 8.73148e+07 4.46038e+06 169970 5611.5 161.661
17.3283 489.392 11434.5 224267 3.73866e+06 8.316e+07 2.4556e+09 8.7638e+09 1.8207e+10 2.92286e+10 3.99231e+10 4.83738e+10 5.30311e+10 5.30311e+10 4.83738e+10 3.99231e+10 2.92286e+10 1.8207e+10 8.7638e+09 2.4556e+09 8.316e+07 3.73866e+06 224267 11434.5 489.392 17.3283
1.4003 33.6391 669.446 12049.3 217045 4.22258e+06 6.07566e+07 2.07797e+08 4.29499e+08 6.88713e+08 9.40224e+08 1.13891e+09 1.24839e+09 1.24839e+09 1.13891e+09 9.40224e+08 6.88713e+08 4.29499e+08 2.07797e+08 6.07566e+07 4.22258e+06 217045 12049.3 669.446 33.6391 1.4003
0.09604 2.06943 37.8195 653.399 10923.8 160478 1.51102e+06 4.93274e+06 1.01233e+07 1.62075e+07 2.21129e+07 2.67772e+07 2.93467e+07 2.93467e+07 2.67772e+07 2.21129e+07 1.62075e+07 1.01233e+07 4.93274e+06 1.51102e+06 160478 10923.8 653.399 37.8195 2.06943 0.09604
0.00594374 0.118807 2.03005 32.385 464.798 5290.32 37582.1 117076 238174 380539 518817 628028 688185 688185 628028 518817 380539 238174 117076 37582.1 5290.32 464.798 32.385 2.03005 0.118807 0.00594374
0.000311203 0.00585511 0.0930597 1.33818 16.4071 152.272 890.166 2655.48 5350.8 8528.54 11618 14058.2 15402.3 15402.3 14058.2 11618 8528.54 5350.8 2655.48 890.166 152.272 16.4071 1.33818 0.0930597 0.0058551 0.000311203
