0.0376116 0.6976 10.847 151.898 1815.02 16501.1 95061.6 280232 557660 877834 1.18277e+06 1.41959e+06 1.5486e+06 1.5486e+06 1.41959e+06 1.18277e+06 877834 557660 280232 95061.6 16501.1 1815.02 151.898 10.847 0.6976 0.0376116
0.719501 14.2498 239.117 3710.67 51616.1 572375 3.99744e+06 1.2298e+07 2.46908e+07 3.89338e+07 5.24714e+07 6.29759e+07 6.86962e+07 6.86962e+07 6.29759e+07 5.24714e+07 3.89338e+07 2.46908e+07 1.2298e+07 3.99744e+06 572375 51616.1 3710.67 239.117 14.2498 0.719501
11.5734 248.808 4506.77 76110 1.22637e+06 1.73843e+07 1.60256e+08 5.16314e+08 1.04498e+09 1.65e+09 2.22402e+09 2.66911e+09 2.9114e+09 2.9114e+09 2.66911e+09 2.22402e+09 1.65e+09 1.04498e+09 5.16314e+08 1.60256e+08 1.73843e+07 1.22637e+06 76110 4506.76 248.808 11.5734
166.645 4013.68 80073.7 1.43213e+06 2.49599e+07 4.60547e+08 6.43301e+09 2.16996e+10 4.42004e+10 6.98518e+10 9.41552e+10 1.12989e+11 1.23239e+11 1.23239e+11 1.12989e+11 9.41552e+10 6.98518e+10 4.42004e+10 2.16996e+10 6.43301e+09 4.60547e+08 2.49599e+07 1.43213e+06 80073.7 4013.68 166.645
2024.42 57326.3 1.34899e+06 2.6782e+07 4.48153e+08 9.27856e+09 2.59859e+11 9.14052e+11 1.87005e+12 2.95664e+12 3.98514e+12 4.78183e+12 5.2153e+12 5.2153e+12 4.78183e+12 3.98514e+12 2.95664e+12 1.87005e+12 9.14052e+11 2.59859e+11 9.27856e+09 4.48153e+08 2.6782e+07 1.34899e+06 57326.3 2024.42
18509.5 642087 1.95062e+07 5.17035e+08 1.04268e+10 1.54996e+11 1.28795e+13 4.63488e+13 9.48065e+13 1.49762e+14 2.01751e+14 2.42017e+14 2.63925e+14 2.63925e+14 2.42017e+14 2.01751e+14 1.49762e+14 9.48065e+13 4.63488e+13 1.28795e+13 1.54996e+11 1.04268e+10 5.17035e+08 1.95062e+07 642087 18509.5
106542 4.47962e+06 1.79564e+08 7.20715e+09 2.91092e+11 1.40328e+13 1.22543e+15 4.25499e+15 8.58922e+15 1.34896e+16 1.81257e+16 2.17206e+16 2.36788e+16 2.36788e+16 2.17206e+16 1.81257e+16 1.34896e+16 8.58922e+15 4.25499e+15 1.22543e+15 1.40328e+13 2.91092e+11 7.20715e+09 1.79564e+08 4.47962e+06 106542
313774 1.37674e+07 5.77892e+08 2.42829e+10 1.02268e+12 5.0562e+13 4.27488e+15 1.48091e+16 2.98676e+16 4.68876e+16 6.29883e+16 7.54729e+16 8.22737e+16 8.22737e+16 7.54729e+16 6.29883e+16 4.68876e+16 2.98676e+16 1.48091e+16 4.27488e+15 5.0562e+13 1.02268e+12 2.42829e+10 5.77892e+08 1.37674e+07 313774
623875 2.76167e+07 1.16856e+09 4.94171e+10 2.09033e+12 1.03401e+14 8.64011e+15 2.99053e+16 6.02923e+16 9.46307e+16 1.27111e+17 1.52295e+17 1.66014e+17 1.66014e+17 1.52295e+17 1.27111e+17 9.46307e+16 6.02923e+16 2.99053e+16 8.64011e+15 1.03401e+14 2.09033e+12 4.94171e+10 1.16856e+09 2.76167e+07 623875
981273 4.35114e+07 1.84356e+09 7.80278e+10 3.30194e+12 1.6324e+14 1.35728e+16 4.69591e+16 9.4656e+16 1.48548e+17 1.99518e+17 2.39037e+17 2.60563e+17 2.60563e+17 2.39037e+17 1.99518e+17 1.48548e+17 9.4656e+16 4.69591e+16 1.35728e+16 1.6324e+14 3.30194e+12 7.80278e+10 1.84356e+09 4.35114e+07 981273
1.32119e+06 5.85974e+07 2.48303e+09 1.05094e+11 4.44698e+12 2.1976e+14 1.82348e+16 6.30766e+16 1.2713e+17 1.99496e+17 2.67934e+17 3.20993e+17 3.49893e+17 3.49893e+17 3.20993e+17 2.67934e+17 1.99496e+17 1.2713e+17 6.30766e+16 1.82348e+16 2.1976e+14 4.44698e+12 1.05094e+11 2.48303e+09 5.85974e+07 1.32119e+06
1.58487e+06 7.02889e+07 2.97822e+09 1.2604e+11 5.33269e+12 2.63471e+14 2.18462e+16 7.55621e+16 1.52286e+17 2.38959e+17 3.20925e+17 3.84469e+17 4.19081e+17 4.19081e+17 3.84469e+17 3.20925e+17 2.38959e+17 1.52286e+17 7.55621e+16 2.18462e+16 2.63471e+14 5.33269e+12 1.2604e+11 2.97822e+09 7.02889e+07 1.58487e+06
1.72839e+06 7.66501e+07 3.24755e+09 1.37428e+11 5.81414e+12 2.8723e+14 2.38119e+16 8.23586e+16 1.65979e+17 2.60441e+17 3.49769e+17 4.1902e+17 4.56739e+17 4.56739e+17 4.1902e+17 3.49769e+17 2.60441e+17 1.65979e+17 8.23586e+16 2.38119e+16 2.8723e+14 5.81414e+12 1.37428e+11 3.24755e+09 7.66501e+07 1.72839e+06
1.72839e+06 7.66501e+07 3.24755e+09 1.37428e+11 5.81414e+12 2.8723e+14 2.38119e+16 8.23586e+16 1.65979e+17 2.60441e+17 3.49769e+17 4.1902e+17 4.56739e+17 4.56739e+17 4.1902e+17 3.49769e+17 2.60441e+17 1.65979e+17 8.23586e+16 2.38119e+16 2.8723e+14 5.81414e+12 1.37428e+11 3.24755e+09 7.66501e+07 1.72839e+06
1.58487e+06 7.02889e+07 2.97822e+09 1.2604e+11 5.33269e+12 2.63471e+14 2.18462e+16 7.55621e+16 1.52286e+17 2.38959e+17 3.20925e+17 3.84469e+17 4.19081e+17 4.19081e+17 3.84469e+17 3.20925e+17 2.38959e+17 1.52286e+17 7.55621e+16 2.18462e+16 2.63471e+14 5.33269e+12 1.2604e+11 2.97822e+09 7.02889e+07 1.58487e+06
1.32119e+06 5.85974e+07 2.48303e+09 1.05094e+11 4.44698e+12 2.1976e+14 1.82348e+16 6.30766e+16 1.2713e+17 1.99496e+17 2.67934e+17 3.20993e+17 3.49893e+17 3.49893e+17 3.20993e+17 2.67934e+17 1.99496e+17 1.2713e+17 6.30766e+16 1.82348e+16 2.1976e+14 4.44698e+12 1.05094e+11 2.48303e+09 5.85974e+07 1.32119e+06
981273 4.35114e+07 1.84356e+09 7.80278e+10 3.30194e+12 1.6324e+14 1.35728e+16 4.69591e+16 9.4656e+16 1.48548e+17 1.99518e+17 2.39037e+17 2.60563e+17 2.60563e+17 2.39037e+17 1.99518e+17 1.48548e+17 9.4656e+16 4.69591e+16 1.35728e+16 1.6324e+14 3.30194e+12 7.80278e+10 1.84356e+09 4.35114e+07 981273
623875 2.76167e+07 1.16856e+09 4.94171e+10 2.09033e+12 1.03401e+14 8.64011e+15 2.99053e+16 6.02923e+16 9.46307e+16 1.27111e+17 1.52295e+17 1.66014e+17 1.66014e+17 1.52295e+17 1.27111e+17 9.46307e+16 6.02923e+16 2.99053e+16 8.64011e+15 1.03401e+14 2.09033e+12 4.94171e+10 1.16856e+09 2.76167e+07 623875
313774 1.37674e+07 5.77892e+08 2.42829e+10 1.02268e+12 5.0562e+13 4.27488e+15 1.48091e+16 2.98676e+16 4.68876e+16 6.29883e+16 7.54729e+16 8.22737e+16 8.22737e+16 7.54729e+16 6.29883e+16 4.68876e+16 2.98676e+16 1.48091e+16 4.27488e+15 5.0562e+13 1.02268e+12 2.42829e+10 5.77892e+08 1.37674e+07 313774
106542 4.47962e+06 1.79564e+08 7.20715e+09 2.91092e+11 1.40328e+13 1.22543e+15 4.25499e+15 8.58922e+15 1.34896e+16 1.81257e+16 2.17206e+16 2.36788e+16 2.36788e+16 2.17206e+16 1.81257e+16 1.34896e+16 8.58922e+15 4.25499e+15 1.22543e+15 1.40328e+13 2.91092e+11 7.20715e+09 1.79564e+08 4.47962e+06 106542
18509.5 642087 1.95062e+07 5.17035e+08 1.04268e+10 1.54996e+11 1.28795e+13 4.63488e+13 9.48065e+13 1.49762e+14 2.01751e+14 2.42017e+14 2.63925e+14 2.63925e+14 2.42017e+14 2.01751e+14 1.49762e+14 9.48065e+13 4.63488e+13 1.28795e+13 1.54996e+11 1.04268e+10 5.17035e+08 1.95062e+07 642087 18509.5
2024.42 57326.3 1.34899e+06 2.6782e+07 4.48153e+08 9.27856e+09 2.59859e+11 9.14052e+11 1.87005e+12 2.95664e+12 3.98514e+12 4.78183e+12 5.2153e+12 5.2153e+12 4.78183e+12 3.98514e+12 2.95664e+12 1.87005e+12 9.14052e+11 2.59859e+11 9.27856e+09 4.48153e+08 2.6782e+07 1.34899e+06 57326.3 2024.42
166.645 4013.68 80073.7 1.43213e+06 2.49599e+07 4.60547e+08 6.43301e+09 2.16996e+10 4.42004e+10 6.98518e+10 9.41552e+10 1.12989e+11 1.23239e+11 1.23239e+11 1.12989e+11 9.41552e+10 6.98518e+10 4.42004e+10 2.16996e+10 6.43301e+09 4.60547e+08 2.49599e+07 1.43213e+06 80073.7 4013.68 166.645
11.5734 248.808 4506.77 76110 1.22637e+06 1.73843e+07 1.60256e+08 5.16314e+08 1.04498e+09 1.65e+09 2.22402e+09 2.66911e+09 2.9114e+09 2.9114e+09 2.66911e+09 2.22402e+09 1.65e+09 1.04498e+09 5.16314e+08 1.60256e+08 1.73843e+07 1.22637e+06 76110 4506.77 248.808 11.5734
0.719501 14.2498 239.117 3710.67 51616.1 572375 3.99744e+06 1.2298e+07 2.46908e+07 3.89338e+07 5.24714e+07 6.29759e+07 6.86962e+07 6.86962e+07 6.29759e+07 5.24714e+07 3.89338e+07 2.46908e+07 1.2298e+07 3.99744e+06 572375 51616.1 3710.67 239.117 14.2498 0.719501
0.0376116 0.6976 10.847 151.898 1815.02 16501.1 95061.6 280232 557660 877834 1.18277e+06 1.41959e+06 1.5486e+06 1.5486e+06 1.41959e+06 1.18277e+06 877834 557660 280232 95061.6 16501.1 1815.02 151.898 10.847 0.6976 0.0376116
