8.96779e-06 0.000167524 0.00263817 0.0375519 0.455884 4.19418 24.3266 71.9322 143.505 226.466 305.849 367.759 401.582 401.582 367.759 305.849 226.466 143.505 71.9322 24.3266 4.19418 0.455884 0.0375519 0.00263817 0.000167524 8.96779e-06
0.000170742 0.00339231 0.0574805 0.907384 12.8784 145.143 1022.68 3156.74 6354.92 10047.9 13575.8 16325.5 17827.5 17827.5 16325.5 13575.8 10047.9 6354.92 3156.74 1022.68 145.143 12.8784 0.907384 0.0574805 0.0033923 0.000170742
0.00274548 0.0588995 1.06989 18.3136 302.4 4390.19 40978.2 132500 268940 425879 575588 692226 755928 755928 692226 575588 425879 268940 132500 40978.2 4390.19 302.4 18.3136 1.06989 0.0588995 0.00274548
0.0397592 0.952117 18.8893 338.289 6025.14 115404 1.64392e+06 5.56653e+06 1.13729e+07 1.80285e+07 2.43711e+07 2.93111e+07 3.2009e+07 3.2009e+07 2.93111e+07 2.43711e+07 1.80285e+07 1.13729e+07 5.56653e+06 1.64392e+06 115404 6025.14 338.289 18.8893 0.952117 0.0397592
0.487976 13.7396 320.469 6285.13 104584 2.28039e+06 6.63662e+07 2.34378e+08 4.8103e+08 7.63014e+08 1.03157e+09 1.24071e+09 1.35492e+09 1.35492e+09 1.24071e+09 1.03157e+09 7.63014e+08 4.8103e+08 2.34378e+08 6.63662e+07 2.28039e+06 104584 6285.13 320.469 13.7396 0.487976
4.51289 156.075 4716.05 123744 2.43513e+06 3.50957e+07 3.26727e+09 1.18105e+10 2.42382e+10 3.84154e+10 5.19098e+10 6.24169e+10 6.81543e+10 6.81543e+10 6.24169e+10 5.19098e+10 3.84154e+10 2.42382e+10 1.18105e+10 3.26727e+09 3.50957e+07 2.43513e+06 123744 4716.05 156.075 4.51289
26.2209 1102.31 44168.7 1.77196e+06 7.15389e+07 3.47504e+09 3.11386e+11 1.08371e+12 2.19191e+12 3.44944e+12 4.64368e+12 5.57277e+12 6.07998e+12 6.07998e+12 5.57277e+12 4.64368e+12 3.44944e+12 2.19191e+12 1.08371e+12 3.11386e+11 3.47504e+09 7.15389e+07 1.77196e+06 44168.7 1102.31 26.2209
77.5418 3403.02 142842 6.0013e+06 2.52697e+08 1.25776e+10 1.08769e+12 3.77637e+12 7.63116e+12 1.20039e+13 1.6156e+13 1.9386e+13 2.11494e+13 2.11494e+13 1.9386e+13 1.6156e+13 1.20039e+13 7.63116e+12 3.77637e+12 1.08769e+12 1.25776e+10 2.52697e+08 6.0013e+06 142842 3403.02 77.5418
154.63 6847.68 289800 1.22553e+07 5.18369e+08 2.58083e+10 2.20213e+12 7.63887e+12 1.54314e+13 2.42698e+13 3.26619e+13 3.91902e+13 4.27542e+13 4.27542e+13 3.91902e+13 3.26619e+13 2.42698e+13 1.54314e+13 7.63887e+12 2.20213e+12 2.58083e+10 5.18369e+08 1.22553e+07 289800 6847.68 154.63
243.867 10820 458603 1.94139e+07 8.21652e+08 4.08813e+10 3.46622e+12 1.20187e+13 2.42753e+13 3.81763e+13 5.1375e+13 6.16424e+13 6.72476e+13 6.72476e+13 6.16424e+13 5.1375e+13 3.81763e+13 2.42753e+13 1.20187e+13 3.46622e+12 4.08813e+10 8.21652e+08 1.94139e+07 458603 10820 243.867
329.135 14609 619385 2.6225e+07 1.11003e+09 5.52065e+10 4.66579e+12 1.61746e+13 3.26668e+13 5.13711e+13 6.91302e+13 8.29452e+13 9.04872e+13 9.04872e+13 8.29452e+13 6.91302e+13 5.13711e+13 3.26668e+13 1.61746e+13 4.66579e+12 5.52065e+10 1.11003e+09 2.6225e+07 619385 14609 329.135
395.55 17558.5 744481 3.15227e+07 1.33428e+09 6.63447e+10 5.59829e+12 1.94051e+13 3.91899e+13 6.16281e+13 8.29322e+13 9.95049e+13 1.08552e+14 1.08552e+14 9.95049e+13 8.29322e+13 6.16281e+13 3.91899e+13 1.94051e+13 5.59829e+12 6.63447e+10 1.33428e+09 3.15227e+07 744481 17558.5 395.55
431.803 19168.2 812738 3.4413e+07 1.45662e+09 7.24208e+10 6.10707e+12 2.11678e+13 4.27491e+13 6.72246e+13 9.04631e+13 1.0854e+14 1.18409e+14 1.18409e+14 1.0854e+14 9.04631e+13 6.72246e+13 4.27491e+13 2.11678e+13 6.10707e+12 7.24208e+10 1.45662e+09 3.4413e+07 812738 19168.2 431.803
431.803 19168.2 812738 3.4413e+07 1.45662e+09 7.24208e+10 6.10707e+12 2.11678e+13 4.27491e+13 6.72246e+13 9.04631e+13 1.0854e+14 1.18409e+14 1.18409e+14 1.0854e+14 9.04631e+13 6.72246e+13 4.27491e+13 2.11678e+13 6.10707e+12 7.24208e+10 1.45662e+09 3.4413e+07 812738 19168.2 431.803
395.55 17558.5 744481 3.15227e+07 1.33428e+09 6.63447e+10 5.59829e+12 1.94051e+13 3.91899e+13 6.16281e+13 8.29322e+13 9.95049e+13 1.08552e+14 1.08552e+14 9.95049e+13 8.29322e+13 6.16281e+13 3.91899e+13 1.94051e+13 5.59829e+12 6.63447e+10 1.33428e+09 3.15227e+07 744481 17558.5 395.55
329.135 14609 619385 2.6225e+07 1.11003e+09 5.52065e+10 4.66579e+12 1.61746e+13 3.26668e+13 5.13711e+13 6.91302e+13 8.29452e+13 9.04872e+13 9.04872e+13 8.29452e+13 6.91302e+13 5.13711e+13 3.26668e+13 1.61746e+13 4.66579e+12 5.52065e+10 1.11003e+09 2.6225e+07 619385 14609 329.135
243.867 10820 458603 1.94139e+07 8.21652e+08 4.08813e+10 3.46622e+12 1.20187e+13 2.42753e+13 3.81763e+13 5.1375e+13 6.16424e+13 6.72476e+13 6.72476e+13 6.16424e+13 5.1375e+13 3.81763e+13 2.42753e+13 1.20187e+13 3.46622e+12 4.08813e+10 8.21652e+08 1.94139e+07 458603 10820 243.867
154.63 6847.68 289800 1.22553e+07 5.18369e+08 2.58083e+10 2.20213e+12 7.63887e+12 1.54314e+13 2.42698e+13 3.26619e+13 3.91902e+13 4.27542e+13 4.27542e+13 3.91902e+13 3.26619e+13 2.42698e+13 1.54314e+13 7.63887e+12 2.20213e+12 2.58083e+10 5.18369e+08 1.22553e+07 289800 6847.68 154.63
77.5418 3403.02 142842 6.0013e+06 2.52697e+08 1.25776e+10 1.08769e+12 3.77637e+12 7.63116e+12 1.20039e+13 1.6156e+13 1.9386e+13 2.11494e+13 2.11494e+13 1.9386e+13 1.6156e+13 1.20039e+13 7.63116e+12 3.77637e+12 1.08769e+12 1.25776e+10 2.52697e+08 6.0013e+06 142842 3403.02 77.5418
26.2209 1102.31 44168.7 1.77196e+06 7.15389e+07 3.47504e+09 3.11386e+11 1.08371e+12 2.19191e+12 3.44944e+12 4.64368e+12 5.57277e+12 6.07998e+12 6.07998e+12 5.57277e+12 4.64368e+12 3.44944e+12 2.19191e+12 1.08371e+12 3.11386e+11 3.47504e+09 7.15389e+07 1.77196e+06 44168.7 1102.31 26.2209
4.51289 156.075 4716.05 123744 2.43513e+06 3.50957e+07 3.26727e+09 1.18105e+10 2.42382e+10 3.84154e+10 5.19098e+10 6.24169e+10 6.81543e+10 6.81543e+10 6.24169e+10 5.19098e+10 3.84154e+10 2.42382e+10 1.18105e+10 3.26727e+09 3.50957e+07 2.43513e+06 123744 4716.05 156.075 4.51289
0.487976 13.7396 320.469 6285.13 104584 2.28039e+06 6.63662e+07 2.34378e+08 4.8103e+08 7.63014e+08 1.03157e+09 1.24071e+09 1.35492e+09 1.35492e+09 1.24071e+09 1.03157e+09 7.63014e+08 4.8103e+08 2.34378e+08 6.63662e+07 2.28039e+06 104584 6285.13 320.469 13.7396 0.487976
0.0397592 0.952117 18.8893 338.289 6025.14 115404 1.64392e+06 5.56653e+06 1.13729e+07 1.80285e+07 2.43711e+07 2.93111e+07 3.2009e+07 3.2009e+07 2.93111e+07 2.43711e+07 1.80285e+07 1.13729e+07 5.56653e+06 1.64392e+06 115404 6025.14 338.289 18.8893 0.952117 0.0397592
0.00274548 0.0588995 1.06989 18.3136 302.4 4390.19 40978.2 132500 268940 425879 575588 692226 755928 755928 692226 575588 425879 268940 132500 40978.2 4390.19 302.4 18.3136 1.06989 0.0588995 0.00274548
0.000170742 0.00339231 0.0574805 0.907384 12.8784 145.143 1022.68 3156.74 6354.92 10047.9 13575.8 16325.5 17827.5 17827.5 16325.5 13575.8 10047.9 6354.92 3156.74 1022.68 145.143 12.8784 0.907384 0.0574805 0.00339231 0.000170742
8.96779e-06 0.000167524 0.00263817 0.0375519 0.455884 4.19418 24.3266 71.9322 143.505 226.466 305.849 367.759 401.582 401.582 367.759 305.849 226.466 143.505 71.9322 24.3266 4.19418 0.455884 0.0375519 0.00263817 0.000167524 8.96779e-06
