0.0027451 0.0518984 0.830384 12.0304 148.535 1386.29 8138.38 24367.8 49287.2 78838 107715 130611 143252 143252 130611 107715 78838 49287.2 24367.8 8138.38 1386.29 148.535 12.0304 0.830384 0.0518984 0.0027451
0.0524438 1.05217 18.0859 290.832 4209.26 48238.1 344298 1.07675e+06 2.19928e+06 3.52712e+06 4.82378e+06 5.85197e+06 6.41971e+06 6.41971e+06 5.85197e+06 4.82378e+06 3.52712e+06 2.19928e+06 1.07675e+06 344298 48238.1 4209.26 290.832 18.0859 1.05217 0.0524438
0.848878 18.3282 336.239 5850.65 98795.4 1.46454e+06 1.38661e+07 4.54521e+07 9.36762e+07 1.50574e+08 2.06111e+08 2.50158e+08 2.74485e+08 2.74485e+08 2.50158e+08 2.06111e+08 1.50574e+08 9.36762e+07 4.54521e+07 1.38661e+07 1.46454e+06 98795.4 5850.65 336.239 18.3282 0.848878
12.4225 298.642 5948.86 107425 1.95376e+06 3.85166e+07 5.58216e+08 1.91745e+09 3.981e+09 6.41041e+09 8.78145e+09 1.06625e+10 1.17017e+10 1.17017e+10 1.06625e+10 8.78145e+09 6.41041e+09 3.981e+09 1.91745e+09 5.58216e+08 3.85166e+07 1.95376e+06 107425 5948.86 298.642 12.4225
154.511 4366.47 101982 1.99715e+06 3.33255e+07 7.55358e+08 2.25773e+10 8.09446e+10 1.68961e+11 2.72437e+11 3.7345e+11 4.53622e+11 4.97923e+11 4.97923e+11 4.53622e+11 3.7345e+11 2.72437e+11 1.68961e+11 8.09446e+10 2.25773e+10 7.55358e+08 3.33255e+07 1.99715e+06 101982 4366.47 154.511
1449.42 50378.3 1.52662e+06 4.00088e+07 7.78384e+08 1.10449e+10 1.10744e+12 4.06661e+12 8.49083e+12 1.36816e+13 1.87456e+13 2.27634e+13 2.49831e+13 2.49831e+13 2.27634e+13 1.87456e+13 1.36816e+13 8.49083e+12 4.06661e+12 1.10744e+12 1.10449e+10 7.78384e+08 4.00088e+07 1.52662e+06 50378.3 1449.42
8538.25 361225 1.45483e+07 5.85713e+08 2.3692e+10 1.15673e+12 1.05573e+14 3.71413e+14 7.60544e+14 1.21129e+15 1.6472e+15 1.9911e+15 2.18048e+15 2.18048e+15 1.9911e+15 1.6472e+15 1.21129e+15 7.60544e+14 3.71413e+14 1.05573e+14 1.15673e+12 2.3692e+10 5.85713e+08 1.45483e+07 361225 8538.25
25586.6 1.13076e+06 4.77398e+07 2.01428e+09 8.50467e+10 4.25378e+12 3.7257e+14 1.30667e+15 2.67186e+15 4.25166e+15 5.77852e+15 6.98258e+15 7.64552e+15 7.64552e+15 6.98258e+15 5.77852e+15 4.25166e+15 2.67186e+15 1.30667e+15 3.7257e+14 4.25378e+12 8.50467e+10 2.01428e+09 4.77398e+07 1.13076e+06 25586.6
51747 2.30939e+06 9.83821e+07 4.18168e+09 1.77508e+11 8.88182e+12 7.63697e+14 2.67466e+15 5.46558e+15 8.69379e+15 1.18129e+16 1.42721e+16 1.5626e+16 1.5626e+16 1.42721e+16 1.18129e+16 8.69379e+15 5.46558e+15 2.67466e+15 7.63697e+14 8.88182e+12 1.77508e+11 4.18168e+09 9.83821e+07 2.30939e+06 51747
82731.2 3.70182e+06 1.58056e+08 6.72999e+09 2.86064e+11 1.4305e+13 1.21672e+15 4.25767e+15 8.69701e+15 1.38304e+16 1.87893e+16 2.26987e+16 2.48508e+16 2.48508e+16 2.26987e+16 1.87893e+16 1.38304e+16 8.69701e+15 4.25767e+15 1.21672e+15 1.4305e+13 2.86064e+11 6.72999e+09 1.58056e+08 3.70182e+06 82731.2
112964 5.05948e+06 2.16212e+08 9.21304e+09 3.91859e+11 1.95874e+13 1.65461e+15 5.78693e+15 1.18179e+16 1.87903e+16 2.55249e+16 3.08336e+16 3.37559e+16 3.37559e+16 3.08336e+16 2.55249e+16 1.87903e+16 1.18179e+16 5.78693e+15 1.65461e+15 1.95874e+13 3.9186e+11 9.21304e+09 2.16212e+08 5.05948e+06 112964
136901 6.13447e+06 2.62266e+08 1.11799e+10 4.75692e+11 2.3772e+13 1.99983e+15 6.99215e+15 1.4277e+16 2.26982e+16 3.08314e+16 3.72422e+16 4.07711e+16 4.07711e+16 3.72422e+16 3.08314e+16 2.26982e+16 1.4277e+16 6.99215e+15 1.99983e+15 2.3772e+13 4.75692e+11 1.11799e+10 2.62266e+08 6.13447e+06 136901
150103 6.72744e+06 2.87674e+08 1.22653e+10 5.21963e+11 2.60812e+13 2.18985e+15 7.6554e+15 1.56302e+16 2.48485e+16 3.37511e+16 4.07682e+16 4.46307e+16 4.46307e+16 4.07682e+16 3.37511e+16 2.48485e+16 1.56302e+16 7.6554e+15 2.18985e+15 2.60812e+13 5.21963e+11 1.22653e+10 2.87674e+08 6.72744e+06 150103
150103 6.72744e+06 2.87674e+08 1.22653e+10 5.21963e+11 2.60812e+13 2.18985e+15 7.6554e+15 1.56302e+16 2.48485e+16 3.37511e+16 4.07682e+16 4.46307e+16 4.46307e+16 4.07682e+16 3.37511e+16 2.48485e+16 1.56302e+16 7.6554e+15 2.18985e+15 2.60812e+13 5.21963e+11 1.22653e+10 2.87674e+08 6.72744e+06 150103
136901 6.13447e+06 2.62266e+08 1.11799e+10 4.75692e+11 2.3772e+13 1.99983e+15 6.99215e+15 1.4277e+16 2.26982e+16 3.08314e+16 3.72422e+16 4.07711e+16 4.07711e+16 3.72422e+16 3.08314e+16 2.26982e+16 1.4277e+16 6.99215e+15 1.99983e+15 2.3772e+13 4.75692e+11 1.11799e+10 2.62266e+08 6.13447e+06 136901
112964 5.05948e+06 2.16212e+08 9.21304e+09 3.91859e+11 1.95874e+13 1.65461e+15 5.78693e+15 1.18179e+16 1.87903e+16 2.55249e+16 3.08336e+16 3.37559e+16 3.37559e+16 3.08336e+16 2.55249e+16 1.87903e+16 1.18179e+16 5.78693e+15 1.65461e+15 1.95874e+13 3.91859e+11 9.21304e+09 2.16212e+08 5.05948e+06 112964
82731.2 3.70182e+06 1.58056e+08 6.72999e+09 2.86064e+11 1.4305e+13 1.21672e+15 4.25767e+15 8.69701e+15 1.38304e+16 1.87893e+16 2.26987e+16 2.48508e+16 2.48508e+16 2.26987e+16 1.87893e+16 1.38304e+16 8.69701e+15 4.25767e+15 1.21672e+15 1.4305e+13 2.86064e+11 6.72999e+09 1.58056e+08 3.70182e+06 82731.2
51747 2.30939e+06 9.83821e+07 4.18168e+09 1.77508e+11 8.88182e+12 7.63697e+14 2.67466e+15 5.46558e+15 8.69379e+15 1.18129e+16 1.42721e+16 1.5626e+16 1.5626e+16 1.42721e+16 1.18129e+16 8.69379e+15 5.46558e+15 2.67466e+15 7.63697e+14 8.88182e+12 1.77508e+11 4.18168e+09 9.83821e+07 2.30939e+06 51747
25586.6 1.13076e+06 4.77398e+07 2.01428e+09 8.50467e+10 4.25378e+12 3.7257e+14 1.30667e+15 2.67186e+15 4.25166e+15 5.77852e+15 6.98258e+15 7.64552e+15 7.64552e+15 6.98258e+15 5.77852e+15 4.25166e+15 2.67186e+15 1.30667e+15 3.7257e+14 4.25378e+12 8.50467e+10 2.01428e+09 4.77398e+07 1.13076e+06 25586.6
8538.25 361225 1.45483e+07 5.85713e+08 2.3692e+10 1.15673e+12 1.05573e+14 3.71413e+14 7.60544e+14 1.21129e+15 1.6472e+15 1.9911e+15 2.18048e+15 2.18048e+15 1.9911e+15 1.6472e+15 1.21129e+15 7.60544e+14 3.71413e+14 1.05573e+14 1.15673e+12 2.3692e+10 5.85713e+08 1.45483e+07 361225 8538.25
1449.42 50378.3 1.52662e+06 4.00088e+07 7.78384e+08 1.10449e+10 1.10744e+12 4.06661e+12 8.49083e+12 1.36816e+13 1.87456e+13 2.27634e+13 2.49831e+13 2.49831e+13 2.27634e+13 1.87456e+13 1.36816e+13 8.49083e+12 4.06661e+12 1.10744e+12 1.10449e+10 7.78384e+08 4.00088e+07 1.52662e+06 50378.3 1449.42
154.511 4366.47 101982 1.99715e+06 3.33255e+07 7.55358e+08 2.25773e+10 8.09446e+10 1.68961e+11 2.72437e+11 3.7345e+11 4.53622e+11 4.97923e+11 4.97923e+11 4.53622e+11 3.7345e+11 2.72437e+11 1.68961e+11 8.09446e+10 2.25773e+10 7.55358e+08 3.33255e+07 1.99715e+06 101982 4366.47 154.511
12.4225 298.642 5948.86 107425 1.95376e+06 3.85166e+07 5.58216e+08 1.91745e+09 3.981e+09 6.41041e+09 8.78145e+09 1.06625e+10 1.17017e+10 1.17017e+10 1.06625e+10 8.78145e+09 6.41041e+09 3.981e+09 1.91745e+09 5.58216e+08 3.85166e+07 1.95376e+06 107425 5948.86 298.642 12.4225
0.848878 18.3282 336.239 5850.65 98795.4 1.46454e+06 1.38661e+07 4.54521e+07 9.36762e+07 1.50574e+08 2.06111e+08 2.50158e+08 2.74485e+08 2.74485e+08 2.50158e+08 2.06111e+08 1.50574e+08 9.36762e+07 4.54521e+07 1.38661e+07 1.46454e+06 98795.4 5850.65 336.239 18.3282 0.848878
0.0524438 1.05217 18.0859 290.832 4209.26 48238.1 344298 1.07675e+06 2.19928e+06 3.52712e+06 4.82378e+06 5.85197e+06 6.41971e+06 6.41971e+06 5.85197e+06 4.82378e+06 3.52712e+06 2.19928e+06 1.07675e+06 344298 48238.1 4209.26 290.832 18.0859 1.05217 0.0524438
0.0027451 0.0518984 0.830384 12.0304 148.535 1386.29 8138.38 24367.8 49287.2 78838 107715 130611 143252 143252 130611 107715 78838 49287.2 24367.8 8138.38 1386.29 148.535 12.0304 0.830384 0.0518984 0.0027451
