2.1562e-05 0.000403992 0.00639266 0.0915226 1.11718 10.3204 60.0117 177.725 355.07 561.11 758.714 913.116 997.576 997.576 913.116 758.714 561.11 355.07 177.725 60.0117 10.3204 1.11718 0.0915226 0.00639266 0.000403992 2.1562e-05
0.000410017 0.00815996 0.138806 2.20472 31.5062 357.012 2523.36 7801.55 15728.9 24905.1 33691.9 40554.2 44307.5 44307.5 40554.2 33691.9 24905.1 15728.9 7801.55 2523.36 357.012 31.5062 2.20472 0.138806 0.00815996 0.000410017
0.00659439 0.141459 2.57382 44.2844 737.403 10789.1 101123 327529 665827 1.05595e+06 1.42904e+06 1.7203e+06 1.8796e+06 1.8796e+06 1.7203e+06 1.42904e+06 1.05595e+06 665827 327529 101123 10789.1 737.403 44.2844 2.57382 0.141459 0.00659439
0.09571 2.28886 45.3559 813.285 14599 283043 4.05703e+06 1.3762e+07 2.81622e+07 4.47133e+07 6.05269e+07 7.28702e+07 7.96205e+07 7.96205e+07 7.28702e+07 6.05269e+07 4.47133e+07 2.81622e+07 1.3762e+07 4.05703e+06 283043 14599 813.285 45.3559 2.28886 0.09571
1.17901 33.1497 771.383 15077.6 250648 5.56171e+06 1.63786e+08 5.79493e+08 1.19132e+09 1.89277e+09 2.56263e+09 3.08546e+09 3.37139e+09 3.37139e+09 3.08546e+09 2.56263e+09 1.89277e+09 1.19132e+09 5.79493e+08 1.63786e+08 5.56171e+06 250648 15077.6 771.383 33.1497 1.17901
10.9479 378.392 11418.6 298761 5.8351e+06 8.33169e+07 8.04714e+09 2.91475e+10 5.99208e+10 9.5126e+10 1.28726e+11 1.54946e+11 1.69283e+11 1.69283e+11 1.54946e+11 1.28726e+11 9.5126e+10 5.99208e+10 2.91475e+10 8.04714e+09 8.33169e+07 5.8351e+06 298761 11418.6 378.392 10.9479
63.8265 2683.84 107559 4.31553e+06 1.74242e+08 8.48515e+09 7.66792e+11 2.67186e+12 5.41013e+12 8.52319e+12 1.14848e+13 1.37921e+13 1.5053e+13 1.5053e+13 1.37921e+13 1.14848e+13 8.52319e+12 5.41013e+12 2.67186e+12 7.66792e+11 8.48515e+09 1.74242e+08 4.31553e+06 107559 2683.84 63.8265
189.105 8301.93 348576 1.46482e+07 6.16885e+08 3.07728e+10 2.68061e+12 9.31731e+12 1.88482e+13 2.96791e+13 3.99809e+13 4.80061e+13 5.23912e+13 5.23912e+13 4.80061e+13 3.9981e+13 2.96791e+13 1.88482e+13 9.31731e+12 2.68061e+12 3.07728e+10 6.16885e+08 1.46482e+07 348576 8301.93 189.105
377.684 16732.2 708370 2.99648e+07 1.26771e+09 6.32512e+10 5.43257e+12 1.88649e+13 3.81487e+13 6.00596e+13 8.08988e+13 9.71321e+13 1.06002e+14 1.06002e+14 9.71321e+13 8.08988e+13 6.00596e+13 3.81487e+13 1.88649e+13 5.43257e+12 6.32512e+10 1.26771e+09 2.99648e+07 708370 16732.2 377.684
596.483 26477.1 1.1227e+06 4.75433e+07 2.01273e+09 1.00355e+11 8.5598e+12 2.97104e+13 6.00701e+13 9.45632e+13 1.27368e+14 1.52922e+14 1.66885e+14 1.66885e+14 1.52922e+14 1.27368e+14 9.45632e+13 6.00701e+13 2.97104e+13 8.5598e+12 1.00355e+11 2.01273e+09 4.75433e+07 1.1227e+06 26477.1 596.483
806.009 35794 1.51829e+06 6.43108e+07 2.72301e+09 1.3571e+11 1.15326e+13 4.00188e+13 8.09046e+13 1.27355e+14 1.71531e+14 2.05943e+14 2.24745e+14 2.24745e+14 2.05943e+14 1.71531e+14 1.27355e+14 8.09046e+13 4.00188e+13 1.15326e+13 1.3571e+11 2.72301e+09 6.43108e+07 1.51829e+06 35794 806.009
969.504 43060.1 1.82668e+06 7.73793e+07 3.27652e+09 1.63258e+11 1.38468e+13 4.8043e+13 9.71223e+13 1.5288e+14 2.05908e+14 2.47214e+14 2.69784e+14 2.69784e+14 2.47214e+14 2.05908e+14 1.5288e+14 9.71223e+13 4.8043e+13 1.38468e+13 1.63258e+11 3.27652e+09 7.73793e+07 1.82668e+06 43060.1 969.504
1058.85 47030.4 1.99517e+06 8.45187e+07 3.57891e+09 1.78307e+11 1.51107e+13 5.24251e+13 1.05979e+14 1.6682e+14 2.24681e+14 2.69753e+14 2.9438e+14 2.9438e+14 2.69753e+14 2.24681e+14 1.6682e+14 1.05979e+14 5.24251e+13 1.51107e+13 1.78307e+11 3.57891e+09 8.45187e+07 1.99517e+06 47030.4 1058.85
1058.85 47030.4 1.99517e+06 8.45187e+07 3.57891e+09 1.78307e+11 1.51107e+13 5.24251e+13 1.05979e+14 1.6682e+14 2.24681e+14 2.69753e+14 2.9438e+14 2.9438e+14 2.69753e+14 2.24681e+14 1.6682e+14 1.05979e+14 5.24251e+13 1.51107e+13 1.78307e+11 3.57891e+09 8.45187e+07 1.99517e+06 47030.4 1058.85
969.504 43060.1 1.82668e+06 7.73793e+07 3.27652e+09 1.63258e+11 1.38468e+13 4.8043e+13 9.71223e+13 1.5288e+14 2.05908e+14 2.47214e+14 2.69784e+14 2.69784e+14 2.47214e+14 2.05908e+14 1.5288e+14 9.71223e+13 4.8043e+13 1.38468e+13 1.63258e+11 3.27652e+09 7.73793e+07 1.82668e+06 43060.1 969.504
806.009 35794 1.51829e+06 6.43108e+07 2.72301e+09 1.3571e+11 1.15326e+13 4.00188e+13 8.09046e+13 1.27355e+14 1.71531e+14 2.05943e+14 2.24745e+14 2.24745e+14 2.05943e+14 1.71531e+14 1.27355e+14 8.09046e+13 4.00188e+13 1.15326e+13 1.3571e+11 2.72301e+09 6.43108e+07 1.51829e+06 35794 806.009
596.483 26477.1 1.1227e+06 4.75433e+07 2.01273e+09 1.00355e+11 8.5598e+12 2.97104e+13 6.00701e+13 9.45632e+13 1.27368e+14 1.52922e+14 1.66885e+14 1.66885e+14 1.52922e+14 1.27368e+14 9.45632e+13 6.00701e+13 2.97104e+13 8.5598e+12 1.00355e+11 2.01273e+09 4.75433e+07 1.1227e+06 26477.1 596.483
377.684 16732.2 708370 2.99648e+07 1.26771e+09 6.32512e+10 5.43257e+12 1.88649e+13 3.81487e+13 6.00596e+13 8.08988e+13 9.71321e+13 1.06002e+14 1.06002e+14 9.71321e+13 8.08988e+13 6.00596e+13 3.81487e+13 1.88649e+13 5.43257e+12 6.32512e+10 1.26771e+09 2.99648e+07 708370 16732.2 377.684
189.105 8301.93 348576 1.46482e+07 6.16885e+08 3.07728e+10 2.68061e+12 9.31731e+12 1.88482e+13 2.96791e+13 3.9981e+13 4.80061e+13 5.23912e+13 5.23912e+13 4.80061e+13 3.99809e+13 2.96791e+13 1.88482e+13 9.31731e+12 2.68061e+12 3.07728e+10 6.16885e+08 1.46482e+07 348576 8301.93 189.105
63.8265 2683.84 107559 4.31553e+06 1.74242e+08 8.48515e+09 7.66792e+11 2.67186e+12 5.41013e+12 8.52319e+12 1.14848e+13 1.37921e+13 1.5053e+13 1.5053e+13 1.37921e+13 1.14848e+13 8.52319e+12 5.41013e+12 2.67186e+12 7.66792e+11 8.48515e+09 1.74242e+08 4.31553e+06 107559 2683.84 63.8265
10.9479 378.392 11418.6 298761 5.8351e+06 8.33169e+07 8.04714e+09 2.91475e+10 5.99208e+10 9.5126e+10 1.28726e+11 1.54946e+11 1.69283e+11 1.69283e+11 1.54946e+11 1.28726e+11 9.5126e+10 5.99208e+10 2.91475e+10 8.04714e+09 8.33169e+07 5.8351e+06 298761 11418.6 378.392 10.9479
1.17901 33.1497 771.383 15077.6 250648 5.56171e+06 1.63786e+08 5.79493e+08 1.19132e+09 1.89277e+09 2.56263e+09 3.08546e+09 3.37139e+09 3.37139e+09 3.08546e+09 2.56263e+09 1.89277e+09 1.19132e+09 5.79493e+08 1.63786e+08 5.56171e+06 250648 15077.6 771.383 33.1497 1.17901
0.09571 2.28886 45.3559 813.285 14599 283043 4.05703e+06 1.3762e+07 2.81622e+07 4.47133e+07 6.05269e+07 7.28702e+07 7.96205e+07 7.96205e+07 7.28702e+07 6.05269e+07 4.47133e+07 2.81622e+07 1.3762e+07 4.05703e+06 283043 14599 813.285 45.3559 2.28886 0.09571
0.00659439 0.141459 2.57382 44.2844 737.403 10789.1 101123 327529 665827 1.05595e+06 1.42904e+06 1.7203e+06 1.8796e+06 1.8796e+06 1.7203e+06 1.42904e+06 1.05595e+06 665827 327529 101123 10789.1 737.403 44.2844 2.57382 0.141459 0.00659439
0.000410018 0.00815996 0.138806 2.20472 31.5062 357.012 2523.36 7801.55 15728.9 24905.1 33691.9 40554.2 44307.5 44307.5 40554.2 33691.9 24905.1 15728.9 7801.55 2523.36 357.012 31.5062 2.20472 0.138806 0.00815996 0.000410017
2.1562e-05 0.000403992 0.00639266 0.0915226 1.11718 10.3204 60.0117 177.725 355.07 561.11 758.714 913.116 997.576 997.576 913.116 758.714 561.11 355.07 177.725 60.0117 10.3204 1.11718 0.0915226 0.00639266 0.000403992 2.1562e-05
