2.65945 49.6888 779.587 11021.3 132881 1.21738e+06 7.05609e+06 2.08964e+07 4.17164e+07 6.57631e+07 8.86044e+07 1.06264e+08 1.15845e+08 1.15845e+08 1.06264e+08 8.86044e+07 6.57631e+07 4.17164e+07 2.08964e+07 7.05609e+06 1.21738e+06 132881 11021.3 779.587 49.6888 2.65945
51.0953 1018.6 17236.8 270075 3.7936e+06 4.24226e+07 2.98182e+08 9.21737e+08 1.85677e+09 2.93217e+09 3.95118e+09 4.73791e+09 5.1644e+09 5.1644e+09 4.73791e+09 3.95118e+09 2.93217e+09 1.85677e+09 9.21737e+08 2.98182e+08 4.24226e+07 3.7936e+06 270075 17236.8 1018.6 51.0953
826.527 17865.8 325885 5.5529e+06 9.04199e+07 1.2942e+09 1.20128e+10 3.88976e+10 7.90049e+10 1.24933e+11 1.68355e+11 2.01834e+11 2.19969e+11 2.19969e+11 2.01834e+11 1.68355e+11 1.24933e+11 7.90049e+10 3.88976e+10 1.20128e+10 1.2942e+09 9.04199e+07 5.5529e+06 325885 17865.8 826.527
11980.7 289871 5.81297e+06 1.04647e+08 1.84219e+09 3.44024e+10 4.84299e+11 1.64238e+12 3.35803e+12 5.31494e+12 7.16152e+12 8.58349e+12 9.35312e+12 9.35312e+12 8.58349e+12 7.16152e+12 5.31494e+12 3.35803e+12 1.64238e+12 4.84299e+11 3.44024e+10 1.84219e+09 1.04647e+08 5.81297e+06 289871 11980.7
146605 4.16932e+06 9.85178e+07 1.96283e+09 3.30046e+10 6.93532e+11 1.96291e+13 6.94454e+13 1.42654e+14 2.25893e+14 3.04317e+14 3.64638e+14 3.9726e+14 3.9726e+14 3.64638e+14 3.04317e+14 2.25893e+14 1.42654e+14 6.94454e+13 1.96291e+13 6.93532e+11 3.30046e+10 1.96283e+09 9.85178e+07 4.16932e+06 146605
1.35005e+06 4.70469e+07 1.43547e+09 3.81695e+10 7.69896e+11 1.1444e+13 9.73574e+14 3.52609e+15 7.24502e+15 1.14655e+16 1.54404e+16 1.84976e+16 2.0151e+16 2.0151e+16 1.84976e+16 1.54404e+16 1.14655e+16 7.24502e+15 3.52609e+15 9.73574e+14 1.1444e+13 7.69896e+11 3.81695e+10 1.43547e+09 4.70469e+07 1.35005e+06
7.82001e+06 3.30441e+08 1.33116e+10 5.36634e+11 2.17492e+13 1.0525e+15 9.26422e+16 3.23478e+17 6.56141e+17 1.03377e+18 1.39124e+18 1.66798e+18 1.81844e+18 1.81844e+18 1.66798e+18 1.39124e+18 1.03377e+18 6.56141e+17 3.23478e+17 9.26422e+16 1.0525e+15 2.17492e+13 5.36634e+11 1.33116e+10 3.30441e+08 7.82001e+06
2.31354e+07 1.02038e+09 4.30558e+10 1.81775e+12 7.68533e+13 3.81572e+15 3.24845e+17 1.13118e+18 2.29156e+18 3.60774e+18 4.85309e+18 5.81703e+18 6.34106e+18 6.34106e+18 5.81703e+18 4.85309e+18 3.60774e+18 2.29156e+18 1.13118e+18 3.24845e+17 3.81572e+15 7.68533e+13 1.81775e+12 4.30558e+10 1.02038e+09 2.31354e+07
4.61367e+07 2.05323e+09 8.73516e+10 3.7123e+12 1.57684e+14 7.83566e+15 6.59496e+17 2.29365e+18 4.64253e+18 7.30382e+18 9.81953e+18 1.17654e+19 1.28227e+19 1.28227e+19 1.17654e+19 9.81953e+18 7.30382e+18 4.64253e+18 2.29365e+18 6.59496e+17 7.83566e+15 1.57684e+14 3.7123e+12 8.73516e+10 2.05323e+09 4.61367e+07
7.26502e+07 3.23867e+09 1.37968e+11 5.86847e+12 2.49377e+14 1.23872e+16 1.03884e+18 3.6104e+18 7.30263e+18 1.1481e+19 1.54266e+19 1.84757e+19 2.01317e+19 2.01317e+19 1.84757e+19 1.54266e+19 1.1481e+19 7.30263e+18 3.6104e+18 1.03884e+18 1.23872e+16 2.49377e+14 5.86847e+12 1.37968e+11 3.23867e+09 7.26502e+07
9.77817e+07 4.35952e+09 1.85714e+11 7.89826e+12 3.35553e+14 1.66625e+16 1.39719e+18 4.85381e+18 9.81226e+18 1.54177e+19 2.07055e+19 2.47885e+19 2.70048e+19 2.70048e+19 2.47885e+19 2.07055e+19 1.54177e+19 9.81226e+18 4.85381e+18 1.39719e+18 1.66625e+16 3.35553e+14 7.89826e+12 1.85714e+11 4.35952e+09 9.77817e+07
1.17175e+08 5.22315e+09 2.22451e+11 9.45795e+12 4.01689e+14 1.99425e+16 1.67404e+18 5.8143e+18 1.17495e+19 1.8454e+19 2.47737e+19 2.96505e+19 3.22964e+19 3.22964e+19 2.96505e+19 2.47737e+19 1.8454e+19 1.17495e+19 5.8143e+18 1.67404e+18 1.99425e+16 4.01689e+14 9.45795e+12 2.22451e+11 5.22315e+09 1.17175e+08
1.27683e+08 5.6907e+09 2.42321e+11 1.03008e+13 4.37399e+14 2.17133e+16 1.82432e+18 6.33569e+18 1.28007e+19 2.01006e+19 2.69787e+19 3.22846e+19 3.51628e+19 3.51628e+19 3.22846e+19 2.69787e+19 2.01006e+19 1.28007e+19 6.33569e+18 1.82432e+18 2.17133e+16 4.37399e+14 1.03008e+13 2.42321e+11 5.6907e+09 1.27683e+08
1.27683e+08 5.6907e+09 2.42321e+11 1.03008e+13 4.37399e+14 2.17133e+16 1.82432e+18 6.33569e+18 1.28007e+19 2.01006e+19 2.69787e+19 3.22846e+19 3.51628e+19 3.51628e+19 3.22846e+19 2.69787e+19 2.01006e+19 1.28007e+19 6.33569e+18 1.82432e+18 2.17133e+16 4.37399e+14 1.03008e+13 2.42321e+11 5.6907e+09 1.27683e+08
1.17175e+08 5.22315e+09 2.22451e+11 9.45795e+12 4.01689e+14 1.99425e+16 1.67404e+18 5.8143e+18 1.17495e+19 1.8454e+19 2.47737e+19 2.96505e+19 3.22964e+19 3.22964e+19 2.96505e+19 2.47737e+19 1.8454e+19 1.17495e+19 5.8143e+18 1.67404e+18 1.99425e+16 4.01689e+14 9.45795e+12 2.22451e+11 5.22315e+09 1.17175e+08
9.77817e+07 4.35952e+09 1.85714e+11 7.89826e+12 3.35553e+14 1.66625e+16 1.39719e+18 4.85381e+18 9.81226e+18 1.54177e+19 2.07055e+19 2.47885e+19 2.70048e+19 2.70048e+19 2.47885e+19 2.07055e+19 1.54177e+19 9.81226e+18 4.85381e+18 1.39719e+18 1.66625e+16 3.35553e+14 7.89826e+12 1.85714e+11 4.35952e+09 9.77817e+07
7.26502e+07 3.23867e+09 1.37968e+11 5.86847e+12 2.49377e+14 1.23872e+16 1.03884e+18 3.6104e+18 7.30263e+18 1.1481e+19 1.54266e+19 1.84757e+19 2.01317e+19 2.01317e+19 1.84757e+19 1.54266e+19 1.1481e+19 7.30263e+18 3.6104e+18 1.03884e+18 1.23872e+16 2.49377e+14 5.86847e+12 1.37968e+11 3.23867e+09 7.26502e+07
4.61367e+07 2.05323e+09 8.73516e+10 3.7123e+12 1.57684e+14 7.83566e+15 6.59496e+17 2.29365e+18 4.64253e+18 7.30382e+18 9.81953e+18 1.17654e+19 1.28227e+19 1.28227e+19 1.17654e+19 9.81953e+18 7.30382e+18 4.64253e+18 2.29365e+18 6.59496e+17 7.83566e+15 1.57684e+14 3.7123e+12 8.73516e+10 2.05323e+09 4.61367e+07
2.31354e+07 1.02038e+09 4.30558e+10 1.81775e+12 7.68533e+13 3.81572e+15 3.24845e+17 1.13118e+18 2.29156e+18 3.60774e+18 4.85309e+18 5.81703e+18 6.34106e+18 6.34106e+18 5.81703e+18 4.85309e+18 3.60774e+18 2.29156e+18 1.13118e+18 3.24845e+17 3.81572e+15 7.68533e+13 1.81775e+12 4.30558e+10 1.02038e+09 2.31354e+07
7.82001e+06 3.30441e+08 1.33116e+10 5.36634e+11 2.17492e+13 1.0525e+15 9.26422e+16 3.23478e+17 6.56141e+17 1.03377e+18 1.39124e+18 1.66798e+18 1.81844e+18 1.81844e+18 1.66798e+18 1.39124e+18 1.03377e+18 6.56141e+17 3.23478e+17 9.26422e+16 1.0525e+15 2.17492e+13 5.36634e+11 1.33116e+10 3.30441e+08 7.82001e+06
1.35005e+06 4.70469e+07 1.43547e+09 3.81695e+10 7.69896e+11 1.1444e+13 9.73574e+14 3.52609e+15 7.24502e+15 1.14655e+16 1.54404e+16 1.84976e+16 2.0151e+16 2.0151e+16 1.84976e+16 1.54404e+16 1.14655e+16 7.24502e+15 3.52609e+15 9.73574e+14 1.1444e+13 7.69896e+11 3.81695e+10 1.43547e+09 4.70469e+07 1.35005e+06
146605 4.16932e+06 9.85178e+07 1.96283e+09 3.30046e+10 6.93532e+11 1.96291e+13 6.94454e+13 1.42654e+14 2.25893e+14 3.04317e+14 3.64638e+14 3.9726e+14 3.9726e+14 3.64638e+14 3.04317e+14 2.25893e+14 1.42654e+14 6.94454e+13 1.96291e+13 6.93532e+11 3.30046e+10 1.96283e+09 9.85178e+07 4.16932e+06 146605
11980.7 289871 5.81297e+06 1.04647e+08 1.84219e+09 3.44024e+10 4.84299e+11 1.64238e+12 3.35803e+12 5.31494e+12 7.16152e+12 8.58349e+12 9.35312e+12 9.35312e+12 8.58349e+12 7.16152e+12 5.31494e+12 3.35803e+12 1.64238e+12 4.84299e+11 3.44024e+10 1.84219e+09 1.04647e+08 5.81297e+06 289871 11980.7
826.527 17865.8 325885 5.5529e+06 9.04199e+07 1.2942e+09 1.20128e+10 3.88976e+10 7.90049e+10 1.24933e+11 1.68355e+11 2.01834e+11 2.19969e+11 2.19969e+11 2.01834e+11 1.68355e+11 1.24933e+11 7.90049e+10 3.88976e+10 1.20128e+10 1.2942e+09 9.04199e+07 5.5529e+06 325885 17865.8 826.527
51.0953 1018.6 17236.8 270075 3.7936e+06 4.24226e+07 2.98182e+08 9.21737e+08 1.85677e+09 2.93217e+09 3.95118e+09 4.73791e+09 5.1644e+09 5.1644e+09 4.73791e+09 3.95118e+09 2.93217e+09 1.85677e+09 9.21737e+08 2.98182e+08 4.24226e+07 3.7936e+06 270075 17236.8 1018.6 51.0953
2.65945 49.6888 779.587 11021.3 132881 1.21738e+06 7.05609e+06 2.08964e+07 4.17164e+07 6.57631e+07 8.86044e+07 1.06264e+08 1.15845e+08 1.15845e+08 1.06264e+08 8.86044e+07 6.57631e+07 4.17164e+07 2.08964e+07 7.05609e+06 1.21738e+06 132881 11021.3 779.587 49.6888 2.65946
