1.65147e-05 0.000310815 0.00495019 0.0714045 0.877924 8.16 47.7016 142.15 286.118 455.7 620.575 750.883 822.703 822.703 750.883 620.575 455.7 286.118 142.15 47.7016 8.16 0.877924 0.0714045 0.00495019 0.000310815 1.65147e-05
0.000314069 0.00627026 0.107255 1.71701 24.7469 282.457 2007.68 6247.18 12693.2 20263.3 27616.1 33427.2 36630.4 36630.4 33427.2 27616.1 20263.3 12693.2 6247.18 2007.68 282.457 24.7469 1.71701 0.107255 0.00627026 0.000314069
0.00506008 0.108687 1.98385 34.3646 577.968 8535.86 80507.6 262495 537960 860478 1.17353e+06 1.42096e+06 1.55739e+06 1.55739e+06 1.42096e+06 1.17353e+06 860478 537960 262495 80507.6 8535.86 577.968 34.3646 1.98385 0.108687 0.00506008
0.0737266 1.76298 34.9395 628.125 11380.8 223638 3.23063e+06 1.10346e+07 2.27726e+07 3.64796e+07 4.97801e+07 6.02959e+07 6.60954e+07 6.60954e+07 6.02959e+07 4.97801e+07 3.64796e+07 2.27726e+07 1.10346e+07 3.23063e+06 223638 11380.8 628.125 34.9395 1.76298 0.0737266
0.913212 25.6698 596.566 11632.6 193401 4.37242e+06 1.30396e+08 4.64682e+08 9.63764e+08 1.54551e+09 2.11008e+09 2.55662e+09 2.80297e+09 2.80297e+09 2.55662e+09 2.11008e+09 1.54551e+09 9.63764e+08 4.64682e+08 1.30396e+08 4.37242e+06 193401 11632.6 596.566 25.6698 0.913212
8.53192 294.995 8897.58 232287 4.50475e+06 6.37499e+07 6.39005e+09 2.33163e+10 4.83593e+10 7.74853e+10 1.0573e+11 1.28062e+11 1.4038e+11 1.4038e+11 1.28062e+11 1.0573e+11 7.74853e+10 4.83593e+10 2.33163e+10 6.39005e+09 6.37499e+07 4.50475e+06 232287 8897.58 294.995 8.53192
50.0522 2106.66 84479.7 3.39024e+06 1.36853e+08 6.67631e+09 6.08684e+11 2.13077e+12 4.33929e+12 6.87729e+12 9.31712e+12 1.12343e+13 1.22879e+13 1.22879e+13 1.12343e+13 9.31712e+12 6.87729e+12 4.33929e+12 2.13077e+12 6.08684e+11 6.67631e+09 1.36853e+08 3.39024e+06 84479.7 2106.66 50.0522
149.294 6562.04 275765 1.15942e+07 4.88326e+08 2.43964e+10 2.1373e+12 7.46062e+12 1.51745e+13 2.40317e+13 3.25411e+13 3.92248e+13 4.28968e+13 4.28968e+13 3.92248e+13 3.25411e+13 2.40317e+13 1.51745e+13 7.46062e+12 2.1373e+12 2.43964e+10 4.88326e+08 1.15942e+07 275765 6562.04 149.294
300.507 13333.4 565177 2.39284e+07 1.01283e+09 5.06052e+10 4.35706e+12 1.51903e+13 3.088e+13 4.88887e+13 6.61859e+13 7.97698e+13 8.72318e+13 8.72318e+13 7.97698e+13 6.61859e+13 4.88887e+13 3.088e+13 1.51903e+13 4.35706e+12 5.06052e+10 1.01283e+09 2.39284e+07 565177 13333.4 300.507
478.463 21278.3 903708 3.83178e+07 1.62363e+09 8.10609e+10 6.90825e+12 2.4067e+13 4.89098e+13 7.74184e+13 1.04796e+14 1.26295e+14 1.38104e+14 1.38104e+14 1.26295e+14 1.04796e+14 7.74185e+13 4.89098e+13 2.4067e+13 6.90825e+12 8.10609e+10 1.62363e+09 3.83178e+07 903708 21278.3 478.463
651.293 28986.7 1.23193e+06 5.22646e+07 2.21569e+09 1.10563e+11 9.36023e+12 3.25936e+13 6.62244e+13 1.04813e+14 1.41867e+14 1.70961e+14 1.86942e+14 1.86942e+14 1.70961e+14 1.41867e+14 1.04813e+14 6.62245e+13 3.25936e+13 9.36023e+12 1.10563e+11 2.21569e+09 5.22646e+07 1.23193e+06 28986.7 651.293
787.753 35072.6 1.49109e+06 6.32794e+07 2.68347e+09 1.33864e+11 1.12864e+13 3.92891e+13 7.98184e+13 1.26318e+14 1.70966e+14 2.06022e+14 2.25277e+14 2.25277e+14 2.06022e+14 1.70966e+14 1.26318e+14 7.98184e+13 3.92891e+13 1.12864e+13 1.33864e+11 2.68347e+09 6.32794e+07 1.49109e+06 35072.6 787.753
862.911 38424.9 1.63387e+06 6.93496e+07 2.94132e+09 1.46707e+11 1.23445e+13 4.29665e+13 8.72842e+13 1.38128e+14 1.86946e+14 2.25275e+14 2.46328e+14 2.46328e+14 2.25275e+14 1.86946e+14 1.38128e+14 8.72842e+13 4.29665e+13 1.23445e+13 1.46707e+11 2.94132e+09 6.93496e+07 1.63387e+06 38424.9 862.911
862.911 38424.9 1.63387e+06 6.93496e+07 2.94132e+09 1.46707e+11 1.23445e+13 4.29665e+13 8.72842e+13 1.38128e+14 1.86946e+14 2.25275e+14 2.46328e+14 2.46328e+14 2.25275e+14 1.86946e+14 1.38128e+14 8.72842e+13 4.29665e+13 1.23445e+13 1.46707e+11 2.94132e+09 6.93496e+07 1.63387e+06 38424.9 862.911
787.753 35072.6 1.49109e+06 6.32794e+07 2.68347e+09 1.33864e+11 1.12864e+13 3.92891e+13 7.98184e+13 1.26318e+14 1.70966e+14 2.06022e+14 2.25277e+14 2.25277e+14 2.06022e+14 1.70966e+14 1.26318e+14 7.98184e+13 3.92891e+13 1.12864e+13 1.33864e+11 2.68347e+09 6.32794e+07 1.49109e+06 35072.6 787.753
651.293 28986.7 1.23193e+06 5.22646e+07 2.21569e+09 1.10563e+11 9.36023e+12 3.25936e+13 6.62245e+13 1.04813e+14 1.41867e+14 1.70961e+14 1.86942e+14 1.86942e+14 1.70961e+14 1.41867e+14 1.04813e+14 6.62244e+13 3.25936e+13 9.36023e+12 1.10563e+11 2.21569e+09 5.22646e+07 1.23193e+06 28986.7 651.293
478.463 21278.3 903708 3.83178e+07 1.62363e+09 8.10609e+10 6.90825e+12 2.4067e+13 4.89098e+13 7.74185e+13 1.04796e+14 1.26295e+14 1.38104e+14 1.38104e+14 1.26295e+14 1.04796e+14 7.74184e+13 4.89098e+13 2.4067e+13 6.90825e+12 8.10609e+10 1.62363e+09 3.83178e+07 903708 21278.3 478.463
300.507 13333.4 565177 2.39284e+07 1.01283e+09 5.06052e+10 4.35706e+12 1.51903e+13 3.088e+13 4.88887e+13 6.61859e+13 7.97698e+13 8.72318e+13 8.72318e+13 7.97698e+13 6.61859e+13 4.88887e+13 3.088e+13 1.51903e+13 4.35706e+12 5.06052e+10 1.01283e+09 2.39284e+07 565177 13333.4 300.507
149.294 6562.04 275765 1.15942e+07 4.88326e+08 2.43964e+10 2.1373e+12 7.46062e+12 1.51745e+13 2.40317e+13 3.25411e+13 3.92248e+13 4.28968e+13 4.28968e+13 3.92248e+13 3.25411e+13 2.40317e+13 1.51745e+13 7.46062e+12 2.1373e+12 2.43964e+10 4.88326e+08 1.15942e+07 275765 6562.04 149.294
50.0522 2106.66 84479.7 3.39024e+06 1.36853e+08 6.67631e+09 6.08684e+11 2.13077e+12 4.33929e+12 6.87729e+12 9.31712e+12 1.12343e+13 1.22879e+13 1.22879e+13 1.12343e+13 9.31712e+12 6.87729e+12 4.33929e+12 2.13077e+12 6.08684e+11 6.67631e+09 1.36853e+08 3.39024e+06 84479.7 2106.66 50.0522
8.53192 294.995 8897.58 232287 4.50475e+06 6.37499e+07 6.39005e+09 2.33163e+10 4.83593e+10 7.74853e+10 1.0573e+11 1.28062e+11 1.4038e+11 1.4038e+11 1.28062e+11 1.0573e+11 7.74853e+10 4.83593e+10 2.33163e+10 6.39005e+09 6.37498e+07 4.50475e+06 232287 8897.58 294.995 8.53192
0.913212 25.6698 596.566 11632.6 193401 4.37242e+06 1.30396e+08 4.64682e+08 9.63764e+08 1.54551e+09 2.11008e+09 2.55662e+09 2.80297e+09 2.80297e+09 2.55662e+09 2.11008e+09 1.54551e+09 9.63764e+08 4.64682e+08 1.30396e+08 4.37242e+06 193401 11632.6 596.566 25.6698 0.913212
0.0737266 1.76298 34.9395 628.125 11380.8 223638 3.23063e+06 1.10346e+07 2.27726e+07 3.64796e+07 4.97801e+07 6.02959e+07 6.60954e+07 6.60954e+07 6.02959e+07 4.97801e+07 3.64796e+07 2.27726e+07 1.10346e+07 3.23063e+06 223638 11380.8 628.125 34.9395 1.76298 0.0737266
0.00506008 0.108687 1.98385 34.3646 577.968 8535.86 80507.6 262495 537960 860478 1.17353e+06 1.42096e+06 1.55739e+06 1.55739e+06 1.42096e+06 1.17353e+06 860478 537960 262495 80507.6 8535.86 577.968 34.3646 1.98385 0.108687 0.00506008
0.000314069 0.00627026 0.107255 1.71701 24.7469 282.457 2007.68 6247.18 12693.2 20263.3 27616.1 33427.2 36630.4 36630.4 33427.2 27616.1 20263.3 12693.2 6247.18 2007.68 282.457 24.7469 1.71701 0.107255 0.00627026 0.000314069
1.65147e-05 0.000310815 0.00495019 0.0714045 0.877924 8.16 47.7016 142.15 286.118 455.7 620.575 750.883 822.703 822.703 750.883 620.575 455.7 286.118 142.15 47.7016 8.16 0.877924 0.0714045 0.00495019 0.000310815 1.65147e-05
