10.2286 189.525 2934.83 40822.6 484253 4.37701e+06 2.51151e+07 7.37193e+07 1.45766e+08 2.27588e+08 3.04038e+08 3.62336e+08 3.93679e+08 3.93679e+08 3.62336e+08 3.04038e+08 2.27588e+08 1.45766e+08 7.37193e+07 2.51151e+07 4.37701e+06 484253 40822.6 2934.83 189.525 10.2286
196.589 3898.94 65288.6 1.00636e+06 1.3868e+07 1.52532e+08 1.05995e+09 3.24643e+09 6.47462e+09 1.0122e+10 1.35188e+10 1.61037e+10 1.74918e+10 1.74918e+10 1.61037e+10 1.35188e+10 1.0122e+10 6.47462e+09 3.24643e+09 1.05995e+09 1.52532e+08 1.3868e+07 1.00636e+06 65288.6 3898.94 196.589
3169.39 68434.9 1.24199e+06 2.0887e+07 3.32775e+08 4.65923e+09 4.26524e+10 1.36789e+11 2.74937e+11 4.3019e+11 5.74317e+11 6.83773e+11 7.42474e+11 7.42474e+11 6.83773e+11 5.74317e+11 4.3019e+11 2.74937e+11 1.36789e+11 4.26524e+10 4.65923e+09 3.32775e+08 2.0887e+07 1.24199e+06 68434.9 3169.39
45576.4 1.10475e+06 2.21845e+07 3.97872e+08 6.87342e+09 1.24375e+11 1.71817e+12 5.76857e+12 1.16655e+13 1.82595e+13 2.43635e+13 2.89901e+13 3.14682e+13 3.14682e+13 2.89901e+13 2.43635e+13 1.82595e+13 1.16655e+13 5.76857e+12 1.71817e+12 1.24375e+11 6.87342e+09 3.97872e+08 2.21845e+07 1.10475e+06 45576.4
551371 1.57135e+07 3.72831e+08 7.47627e+09 1.25919e+11 2.54091e+12 6.96165e+13 2.43721e+14 4.94894e+14 7.74566e+14 1.03282e+15 1.22819e+15 1.3327e+15 1.3327e+15 1.22819e+15 1.03282e+15 7.74566e+14 4.94894e+14 2.43721e+14 6.96165e+13 2.54091e+12 1.25919e+11 7.47627e+09 3.72831e+08 1.57135e+07 551371
5.01402e+06 1.74807e+08 5.34431e+09 1.42904e+11 2.92895e+12 4.44203e+13 3.4711e+15 1.24342e+16 2.52502e+16 3.9493e+16 5.2642e+16 6.2592e+16 6.79163e+16 6.79163e+16 6.2592e+16 5.2642e+16 3.9493e+16 2.52502e+16 1.24342e+16 3.4711e+15 4.44203e+13 2.92895e+12 1.42904e+11 5.34431e+09 1.74807e+08 5.01402e+06
2.87053e+07 1.21124e+09 4.87312e+10 1.96267e+12 7.95061e+13 3.82477e+15 3.29588e+17 1.14243e+18 2.2979e+18 3.58984e+18 4.79552e+18 5.71828e+18 6.21627e+18 6.21627e+18 5.71828e+18 4.79552e+18 3.58984e+18 2.2979e+18 1.14243e+18 3.29588e+17 3.82477e+15 7.95061e+13 1.96267e+12 4.87312e+10 1.21124e+09 2.87053e+07
8.41191e+07 3.70329e+09 1.5599e+11 6.57624e+12 2.77759e+14 1.37147e+16 1.14787e+18 3.96864e+18 7.9721e+18 1.24433e+19 1.66126e+19 1.98018e+19 2.15224e+19 2.15224e+19 1.98018e+19 1.66126e+19 1.24433e+19 7.9721e+18 3.96864e+18 1.14787e+18 1.37147e+16 2.77759e+14 6.57624e+12 1.5599e+11 3.70329e+09 8.41191e+07
1.66127e+08 7.37652e+09 3.13126e+11 1.32814e+13 5.63258e+14 2.78326e+16 2.31057e+18 7.97826e+18 1.60076e+19 2.49578e+19 3.32883e+19 3.96512e+19 4.30807e+19 4.30807e+19 3.96512e+19 3.32883e+19 2.49578e+19 1.60076e+19 7.97826e+18 2.31057e+18 2.78326e+16 5.63258e+14 1.32814e+13 3.13126e+11 7.37652e+09 1.66127e+08
2.59107e+08 1.15196e+10 4.89405e+11 2.07652e+13 8.80535e+14 4.34855e+16 3.60782e+18 1.2447e+19 2.49461e+19 3.88485e+19 5.17609e+19 6.16063e+19 6.69065e+19 6.69065e+19 6.16063e+19 5.17609e+19 3.88485e+19 2.49461e+19 1.2447e+19 3.60782e+18 4.34855e+16 8.80535e+14 2.07652e+13 4.89405e+11 1.15196e+10 2.59107e+08
3.45838e+08 1.53714e+10 6.52757e+11 2.76799e+13 1.17294e+15 5.78985e+16 4.81502e+18 1.66025e+19 3.32431e+19 5.1715e+19 6.88379e+19 8.18719e+19 8.88811e+19 8.88811e+19 8.18719e+19 6.88379e+19 5.1715e+19 3.32431e+19 1.66025e+19 4.81502e+18 5.78985e+16 1.17294e+15 2.76799e+13 6.52757e+11 1.53714e+10 3.45838e+08
4.11881e+08 1.82982e+10 7.76619e+11 3.29125e+13 1.39378e+15 6.87786e+16 5.73644e+18 1.97728e+19 3.95637e+19 6.14996e+19 8.18029e+19 9.72381e+19 1.05532e+20 1.05532e+20 9.72381e+19 8.18029e+19 6.14996e+19 3.95637e+19 1.97728e+19 5.73644e+18 6.87786e+16 1.39378e+15 3.29125e+13 7.76619e+11 1.82982e+10 4.11881e+08
4.47353e+08 1.98682e+10 8.42976e+11 3.57121e+13 1.51178e+15 7.45907e+16 6.23274e+18 2.14799e+19 4.2964e+19 6.67574e+19 8.87619e+19 1.05479e+20 1.14457e+20 1.14457e+20 1.05479e+20 8.87619e+19 6.67574e+19 4.2964e+19 2.14799e+19 6.23274e+18 7.45907e+16 1.51178e+15 3.57121e+13 8.42976e+11 1.98682e+10 4.47353e+08
4.47353e+08 1.98682e+10 8.42976e+11 3.57121e+13 1.51178e+15 7.45907e+16 6.23274e+18 2.14799e+19 4.2964e+19 6.67574e+19 8.87619e+19 1.05479e+20 1.14457e+20 1.14457e+20 1.05479e+20 8.87619e+19 6.67574e+19 4.2964e+19 2.14799e+19 6.23274e+18 7.45907e+16 1.51178e+15 3.57121e+13 8.42976e+11 1.98682e+10 4.47353e+08
4.11881e+08 1.82982e+10 7.76619e+11 3.29125e+13 1.39378e+15 6.87786e+16 5.73644e+18 1.97728e+19 3.95637e+19 6.14996e+19 8.18029e+19 9.72381e+19 1.05532e+20 1.05532e+20 9.72381e+19 8.18029e+19 6.14996e+19 3.95637e+19 1.97728e+19 5.73644e+18 6.87786e+16 1.39378e+15 3.29125e+13 7.76619e+11 1.82982e+10 4.11881e+08
3.45838e+08 1.53714e+10 6.52757e+11 2.76799e+13 1.17294e+15 5.78985e+16 4.81502e+18 1.66025e+19 3.32431e+19 5.1715e+19 6.88379e+19 8.18719e+19 8.88811e+19 8.88811e+19 8.18719e+19 6.88379e+19 5.1715e+19 3.32431e+19 1.66025e+19 4.81502e+18 5.78985e+16 1.17294e+15 2.76799e+13 6.52757e+11 1.53714e+10 3.45838e+08
2.59107e+08 1.15196e+10 4.89405e+11 2.07652e+13 8.80535e+14 4.34855e+16 3.60782e+18 1.2447e+19 2.49461e+19 3.88485e+19 5.17609e+19 6.16063e+19 6.69065e+19 6.69065e+19 6.16063e+19 5.17609e+19 3.88485e+19 2.49461e+19 1.2447e+19 3.60782e+18 4.34855e+16 8.80535e+14 2.07652e+13 4.89405e+11 1.15196e+10 2.59107e+08
1.66127e+08 7.37652e+09 3.13126e+11 1.32814e+13 5.63258e+14 2.78326e+16 2.31057e+18 7.97826e+18 1.60076e+19 2.49578e+19 3.32883e+19 3.96512e+19 4.30807e+19 4.30807e+19 3.96512e+19 3.32883e+19 2.49578e+19 1.60076e+19 7.97826e+18 2.31057e+18 2.78326e+16 5.63258e+14 1.32814e+13 3.13126e+11 7.37652e+09 1.66127e+08
8.41191e+07 3.70329e+09 1.5599e+11 6.57624e+12 2.77759e+14 1.37147e+16 1.14787e+18 3.96864e+18 7.9721e+18 1.24433e+19 1.66126e+19 1.98018e+19 2.15224e+19 2.15224e+19 1.98018e+19 1.66126e+19 1.24433e+19 7.9721e+18 3.96864e+18 1.14787e+18 1.37147e+16 2.77759e+14 6.57624e+12 1.5599e+11 3.70329e+09 8.41191e+07
2.87053e+07 1.21124e+09 4.87312e+10 1.96267e+12 7.95061e+13 3.82477e+15 3.29588e+17 1.14243e+18 2.2979e+18 3.58984e+18 4.79552e+18 5.71828e+18 6.21627e+18 6.21627e+18 5.71828e+18 4.79552e+18 3.58984e+18 2.2979e+18 1.14243e+18 3.29588e+17 3.82477e+15 7.95061e+13 1.96267e+12 4.87312e+10 1.21124e+09 2.87053e+07
5.01402e+06 1.74807e+08 5.34431e+09 1.42904e+11 2.92895e+12 4.44203e+13 3.4711e+15 1.24342e+16 2.52502e+16 3.9493e+16 5.2642e+16 6.2592e+16 6.79163e+16 6.79163e+16 6.2592e+16 5.2642e+16 3.9493e+16 2.52502e+16 1.24342e+16 3.4711e+15 4.44203e+13 2.92895e+12 1.42904e+11 5.34431e+09 1.74807e+08 5.01402e+06
551371 1.57135e+07 3.72831e+08 7.47627e+09 1.25919e+11 2.54091e+12 6.96165e+13 2.43721e+14 4.94894e+14 7.74566e+14 1.03282e+15 1.22819e+15 1.3327e+15 1.3327e+15 1.22819e+15 1.03282e+15 7.74566e+14 4.94894e+14 2.43721e+14 6.96165e+13 2.54091e+12 1.25919e+11 7.47627e+09 3.72831e+08 1.57135e+07 551371
45576.4 1.10475e+06 2.21845e+07 3.97872e+08 6.87342e+09 1.24375e+11 1.71817e+12 5.76857e+12 1.16655e+13 1.82595e+13 2.43635e+13 2.89901e+13 3.14682e+13 3.14682e+13 2.89901e+13 2.43635e+13 1.82595e+13 1.16655e+13 5.76857e+12 1.71817e+12 1.24375e+11 6.87342e+09 3.97872e+08 2.21845e+07 1.10475e+06 45576.4
3169.39 68434.9 1.24199e+06 2.0887e+07 3.32775e+08 4.65923e+09 4.26524e+10 1.36789e+11 2.74937e+11 4.3019e+11 5.74317e+11 6.83773e+11 7.42474e+11 7.42474e+11 6.83773e+11 5.74317e+11 4.3019e+11 2.74937e+11 1.36789e+11 4.26524e+10 4.65923e+09 3.32775e+08 2.0887e+07 1.24199e+06 68434.9 3169.39
196.589 3898.94 65288.6 1.00636e+06 1.3868e+07 1.52532e+08 1.05995e+09 3.24643e+09 6.47462e+09 1.0122e+10 1.35188e+10 1.61037e+10 1.74918e+10 1.74918e+10 1.61037e+10 1.35188e+10 1.0122e+10 6.47462e+09 3.24643e+09 1.05995e+09 1.52532e+08 1.3868e+07 1.00636e+06 65288.6 3898.94 196.589
10.2286 189.525 2934.83 40822.6 484253 4.37701e+06 2.51151e+07 7.37193e+07 1.45766e+08 2.27588e+08 3.04038e+08 3.62336e+08 3.93679e+08 3.93679e+08 3.62336e+08 3.04038e+08 2.27588e+08 1.45766e+08 7.37193e+07 2.51151e+07 4.37701e+06 484253 40822.6 2934.83 189.525 10.2286
