1.38446 26.0443 412.412 5890.91 71719 662098 3.85698e+06 1.14538e+07 2.29095e+07 3.61598e+07 4.875e+07 5.84789e+07 6.37537e+07 6.37537e+07 5.84789e+07 4.875e+07 3.61598e+07 2.29095e+07 1.14538e+07 3.85698e+06 662098 71719 5890.91 412.412 26.0443 1.38446
26.6492 534.078 9110.81 144282 2.05003e+06 2.31428e+07 1.63638e+08 5.0737e+08 1.02427e+09 1.61984e+09 2.18448e+09 2.62022e+09 2.85628e+09 2.85628e+09 2.62022e+09 2.18448e+09 1.61984e+09 1.02427e+09 5.0737e+08 1.63638e+08 2.31428e+07 2.05003e+06 144282 9110.81 534.078 26.6492
432.716 9383.1 172050 2.95839e+06 4.88118e+07 7.07499e+08 6.61587e+09 2.14934e+10 4.37617e+10 6.93171e+10 9.34955e+10 1.12131e+11 1.22218e+11 1.22218e+11 1.12131e+11 9.34955e+10 6.93171e+10 4.37617e+10 2.14934e+10 6.61587e+09 7.07499e+08 4.88118e+07 2.95839e+06 172050 9383.1 432.716
6309.38 152907 3.07149e+06 5.551e+07 9.8878e+08 1.88017e+10 2.67414e+11 9.10143e+11 1.86594e+12 2.95887e+12 3.99109e+12 4.78571e+12 5.21549e+12 5.21549e+12 4.78571e+12 3.99109e+12 2.95887e+12 1.86594e+12 9.10143e+11 2.67414e+11 1.88017e+10 9.8878e+08 5.551e+07 3.07149e+06 152907 6309.38
77776 2.21554e+06 5.23624e+07 1.04123e+09 1.75091e+10 3.76758e+11 1.08565e+13 3.85595e+13 7.94449e+13 1.26062e+14 1.70027e+14 2.03832e+14 2.22101e+14 2.22101e+14 2.03832e+14 1.70027e+14 1.26062e+14 7.94449e+13 3.85595e+13 1.08565e+13 3.76758e+11 1.75091e+10 1.04123e+09 5.23624e+07 2.21554e+06 77776
721574 2.52152e+07 7.70555e+08 2.04638e+10 4.09423e+11 6.01557e+12 5.37487e+14 1.9552e+15 4.03051e+15 6.39299e+15 8.62065e+15 1.03337e+16 1.12596e+16 1.12596e+16 1.03337e+16 8.62064e+15 6.39299e+15 4.03051e+15 1.9552e+15 5.37487e+14 6.01557e+12 4.09423e+11 2.04638e+10 7.70555e+08 2.52152e+07 721574
4.20523e+06 1.78413e+08 7.2133e+09 2.9157e+11 1.18377e+13 5.75306e+14 5.12274e+16 1.79436e+17 3.65e+17 5.7637e+17 7.76894e+17 9.3231e+17 1.01684e+18 1.01684e+18 9.3231e+17 7.76894e+17 5.7637e+17 3.65e+17 1.79436e+17 5.12274e+16 5.75306e+14 1.18377e+13 2.9157e+11 7.2133e+09 1.78413e+08 4.20523e+06
1.24801e+07 5.52831e+08 2.34194e+10 9.91718e+11 4.20166e+13 2.09481e+15 1.80121e+17 6.29201e+17 1.27843e+18 2.01764e+18 2.7189e+18 3.26251e+18 3.55823e+18 3.55823e+18 3.26251e+18 2.7189e+18 2.01764e+18 1.27843e+18 6.29201e+17 1.80121e+17 2.09481e+15 4.20166e+13 9.91718e+11 2.34194e+10 5.52831e+08 1.24801e+07
2.49365e+07 1.11487e+09 4.76315e+10 2.03093e+12 8.64691e+13 4.31543e+15 3.66652e+17 1.27938e+18 2.59781e+18 4.09803e+18 5.52058e+18 6.62296e+18 7.22254e+18 7.22254e+18 6.62296e+18 5.52058e+18 4.09803e+18 2.59781e+18 1.27938e+18 3.66652e+17 4.31543e+15 8.64691e+13 2.03093e+12 4.76315e+10 1.11487e+09 2.49365e+07
3.93107e+07 1.76088e+09 7.53481e+10 3.21614e+12 1.37016e+14 6.83652e+15 5.78772e+17 2.01849e+18 4.09677e+18 6.45999e+18 8.69947e+18 1.0434e+19 1.13772e+19 1.13772e+19 1.0434e+19 8.69947e+18 6.45999e+18 4.09677e+18 2.01849e+18 5.78772e+17 6.83652e+15 1.37016e+14 3.21614e+12 7.53481e+10 1.76088e+09 3.93107e+07
5.29336e+07 2.37169e+09 1.01497e+11 4.33224e+12 1.84542e+14 9.20607e+15 7.79527e+17 2.71804e+18 5.5149e+18 8.69323e+18 1.17033e+19 1.40336e+19 1.53001e+19 1.53001e+19 1.40336e+19 1.17033e+19 8.69323e+18 5.5149e+18 2.71804e+18 7.79527e+17 9.20607e+15 1.84542e+14 4.33224e+12 1.01497e+11 2.37169e+09 5.29336e+07
6.34353e+07 2.8419e+09 1.21599e+11 5.18909e+12 2.20981e+14 1.10227e+16 9.34747e+17 3.25907e+18 6.61134e+18 1.04191e+19 1.40235e+19 1.68127e+19 1.83283e+19 1.83283e+19 1.68127e+19 1.40235e+19 1.04191e+19 6.61134e+18 3.25907e+18 9.34747e+17 1.10227e+16 2.20981e+14 5.18909e+12 1.21599e+11 2.8419e+09 6.34353e+07
6.91194e+07 3.09618e+09 1.3246e+11 5.65162e+12 2.40633e+14 1.20023e+16 1.01902e+18 3.55289e+18 7.20669e+18 1.13559e+19 1.52825e+19 1.83203e+19 1.99708e+19 1.99708e+19 1.83203e+19 1.52825e+19 1.13559e+19 7.20669e+18 3.55289e+18 1.01902e+18 1.20023e+16 2.40633e+14 5.65162e+12 1.3246e+11 3.09618e+09 6.91194e+07
6.91194e+07 3.09618e+09 1.3246e+11 5.65162e+12 2.40633e+14 1.20023e+16 1.01902e+18 3.55289e+18 7.20669e+18 1.13559e+19 1.52825e+19 1.83203e+19 1.99708e+19 1.99708e+19 1.83203e+19 1.52825e+19 1.13559e+19 7.20669e+18 3.55289e+18 1.01902e+18 1.20023e+16 2.40633e+14 5.65162e+12 1.3246e+11 3.09618e+09 6.91194e+07
6.34353e+07 2.8419e+09 1.21599e+11 5.18909e+12 2.20981e+14 1.10227e+16 9.34747e+17 3.25907e+18 6.61134e+18 1.04191e+19 1.40235e+19 1.68127e+19 1.83283e+19 1.83283e+19 1.68127e+19 1.40235e+19 1.04191e+19 6.61134e+18 3.25907e+18 9.34747e+17 1.10227e+16 2.20981e+14 5.18909e+12 1.21599e+11 2.8419e+09 6.34353e+07
5.29336e+07 2.37169e+09 1.01497e+11 4.33224e+12 1.84542e+14 9.20607e+15 7.79527e+17 2.71804e+18 5.5149e+18 8.69323e+18 1.17033e+19 1.40336e+19 1.53001e+19 1.53001e+19 1.40336e+19 1.17033e+19 8.69323e+18 5.5149e+18 2.71804e+18 7.79527e+17 9.20607e+15 1.84542e+14 4.33224e+12 1.01497e+11 2.37169e+09 5.29336e+07
3.93107e+07 1.76088e+09 7.53481e+10 3.21614e+12 1.37016e+14 6.83652e+15 5.78772e+17 2.01849e+18 4.09677e+18 6.45999e+18 8.69947e+18 1.0434e+19 1.13772e+19 1.13772e+19 1.0434e+19 8.69947e+18 6.45999e+18 4.09677e+18 2.01849e+18 5.78772e+17 6.83652e+15 1.37016e+14 3.21614e+12 7.53481e+10 1.76088e+09 3.93107e+07
2.49365e+07 1.11487e+09 4.76315e+10 2.03093e+12 8.64691e+13 4.31543e+15 3.66652e+17 1.27938e+18 2.59781e+18 4.09803e+18 5.52058e+18 6.62296e+18 7.22254e+18 7.22254e+18 6.62296e+18 5.52058e+18 4.09803e+18 2.59781e+18 1.27938e+18 3.66652e+17 4.31543e+15 8.64691e+13 2.03093e+12 4.76315e+10 1.11487e+09 2.49365e+07
1.24801e+07 5.52831e+08 2.34194e+10 9.91718e+11 4.20166e+13 2.09481e+15 1.80121e+17 6.29201e+17 1.27843e+18 2.01764e+18 2.7189e+18 3.26251e+18 3.55823e+18 3.55823e+18 3.26251e+18 2.7189e+18 2.01764e+18 1.27843e+18 6.29201e+17 1.80121e+17 2.09481e+15 4.20166e+13 9.91718e+11 2.34194e+10 5.52831e+08 1.24801e+07
4.20523e+06 1.78413e+08 7.2133e+09 2.9157e+11 1.18377e+13 5.75306e+14 5.12274e+16 1.79436e+17 3.65e+17 5.7637e+17 7.76894e+17 9.3231e+17 1.01684e+18 1.01684e+18 9.3231e+17 7.76894e+17 5.7637e+17 3.65e+17 1.79436e+17 5.12274e+16 5.75306e+14 1.18377e+13 2.9157e+11 7.2133e+09 1.78413e+08 4.20523e+06
721574 2.52152e+07 7.70555e+08 2.04637e+10 4.09423e+11 6.01557e+12 5.37487e+14 1.9552e+15 4.03051e+15 6.39299e+15 8.62064e+15 1.03337e+16 1.12596e+16 1.12596e+16 1.03337e+16 8.62064e+15 6.39299e+15 4.03051e+15 1.9552e+15 5.37487e+14 6.01557e+12 4.09423e+11 2.04638e+10 7.70555e+08 2.52152e+07 721574
77776 2.21554e+06 5.23624e+07 1.04123e+09 1.75091e+10 3.76758e+11 1.08565e+13 3.85595e+13 7.94449e+13 1.26062e+14 1.70027e+14 2.03832e+14 2.22101e+14 2.22101e+14 2.03832e+14 1.70027e+14 1.26062e+14 7.94449e+13 3.85595e+13 1.08565e+13 3.76758e+11 1.75091e+10 1.04123e+09 5.23624e+07 2.21554e+06 77776
6309.38 152907 3.07149e+06 5.551e+07 9.8878e+08 1.88017e+10 2.67414e+11 9.10143e+11 1.86594e+12 2.95887e+12 3.99109e+12 4.78571e+12 5.21549e+12 5.21549e+12 4.78571e+12 3.99109e+12 2.95887e+12 1.86594e+12 9.10143e+11 2.67414e+11 1.88017e+10 9.8878e+08 5.551e+07 3.07149e+06 152907 6309.38
432.716 9383.1 172050 2.95839e+06 4.88118e+07 7.07499e+08 6.61587e+09 2.14934e+10 4.37617e+10 6.93171e+10 9.34955e+10 1.12131e+11 1.22218e+11 1.22218e+11 1.12131e+11 9.34955e+10 6.93171e+10 4.37617e+10 2.14934e+10 6.61587e+09 7.07499e+08 4.88118e+07 2.95839e+06 172050 9383.1 432.716
26.6492 534.078 9110.81 144282 2.05003e+06 2.31428e+07 1.63638e+08 5.0737e+08 1.02427e+09 1.61984e+09 2.18448e+09 2.62022e+09 2.85628e+09 2.85628e+09 2.62022e+09 2.18448e+09 1.61984e+09 1.02427e+09 5.0737e+08 1.63638e+08 2.31428e+07 2.05003e+06 144282 9110.81 534.078 26.6492
1.38446 26.0443 412.412 5890.91 71719 662098 3.85698e+06 1.14538e+07 2.29095e+07 3.61598e+07 4.875e+07 5.84789e+07 6.37537e+07 6.37537e+07 5.84789e+07 4.875e+07 3.61598e+07 2.29095e+07 1.14538e+07 3.85698e+06 662098 71719 5890.91 412.412 26.0443 1.38446
