0.291611 5.52868 88.4735 1278.99 15751.4 146801 861530 2.57697e+06 5.1975e+06 8.27616e+06 1.12486e+07 1.35776e+07 1.48522e+07 1.48522e+07 1.35776e+07 1.12486e+07 8.27616e+06 5.1975e+06 2.57697e+06 861530 146801 15751.4 1278.99 88.4735 5.52868 0.291611
5.61966 113.306 1950.6 31277.6 450518 5.14476e+06 3.66755e+07 1.14569e+08 2.33315e+08 3.72398e+08 5.06488e+08 6.11481e+08 6.68925e+08 6.68924e+08 6.11481e+08 5.06488e+08 3.72398e+08 2.33315e+08 1.14569e+08 3.66755e+07 5.14476e+06 450518 31277.6 1950.6 113.306 5.61966
91.5513 1991.76 36719.1 638032 1.06955e+07 1.57399e+08 1.48596e+09 4.86517e+09 9.99642e+09 1.59877e+10 2.17568e+10 2.62712e+10 2.87402e+10 2.87402e+10 2.62712e+10 2.17568e+10 1.59877e+10 9.99642e+09 4.86517e+09 1.48596e+09 1.57399e+08 1.06955e+07 638032 36719.1 1991.76 91.5513
1343.29 32594 655131 1.1883e+07 2.14709e+08 4.17378e+09 6.01174e+10 2.06265e+11 4.26919e+11 6.83841e+11 9.30995e+11 1.1243e+12 1.22998e+12 1.22998e+12 1.1243e+12 9.30995e+11 6.83841e+11 4.26919e+11 2.06265e+11 6.01174e+10 4.17378e+09 2.14709e+08 1.1883e+07 655131 32594 1343.29
16702.3 476282 1.12399e+07 2.22564e+08 3.73884e+09 8.28889e+10 2.4407e+12 8.74174e+12 1.81903e+13 2.91694e+13 3.97243e+13 4.79757e+13 5.24852e+13 5.24852e+13 4.79757e+13 3.97243e+13 2.91694e+13 1.81903e+13 8.74174e+12 2.4407e+12 8.28889e+10 3.73884e+09 2.22564e+08 1.12399e+07 476282 16702.3
156422 5.47816e+06 1.67409e+08 4.43005e+09 8.75701e+10 1.26623e+12 1.2036e+14 4.41628e+14 9.19465e+14 1.47372e+15 2.0063e+15 2.42255e+15 2.65002e+15 2.65002e+15 2.42255e+15 2.0063e+15 1.47372e+15 9.19465e+14 4.41628e+14 1.2036e+14 1.26623e+12 8.75701e+10 4.43005e+09 1.67409e+08 5.47816e+06 156422
919769 3.91555e+07 1.58649e+09 6.41874e+10 2.60614e+12 1.27106e+14 1.14802e+16 4.04254e+16 8.27557e+16 1.31556e+17 1.78405e+17 2.1508e+17 2.35161e+17 2.35161e+17 2.1508e+17 1.78405e+17 1.31556e+17 8.27557e+16 4.04254e+16 1.14802e+16 1.27106e+14 2.60614e+12 6.41874e+10 1.58649e+09 3.91555e+07 919769
2.75144e+06 1.22336e+08 5.1955e+09 2.20293e+11 9.33727e+12 4.66959e+14 4.0567e+16 1.42407e+17 2.91115e+17 4.62421e+17 6.26823e+17 7.55513e+17 8.25977e+17 8.25977e+17 7.55513e+17 6.26823e+17 4.62421e+17 2.91115e+17 1.42407e+17 4.0567e+16 4.66959e+14 9.33727e+12 2.20293e+11 5.1955e+09 1.22336e+08 2.75144e+06
5.546e+06 2.48979e+08 1.06685e+10 4.55664e+11 1.9417e+13 9.71901e+14 8.31226e+16 2.91393e+17 5.95243e+17 9.45048e+17 1.28062e+18 1.54322e+18 1.687e+18 1.687e+18 1.54322e+18 1.28062e+18 9.45048e+17 5.95243e+17 2.91393e+17 8.31226e+16 9.71901e+14 1.9417e+13 4.55664e+11 1.06685e+10 2.48979e+08 5.546e+06
8.82282e+06 3.97017e+08 1.70457e+10 7.29143e+11 3.1104e+13 1.5564e+15 1.32142e+17 4.62888e+17 9.4511e+17 1.49996e+18 2.03199e+18 2.44822e+18 2.67605e+18 2.67605e+18 2.44822e+18 2.03199e+18 1.49996e+18 9.4511e+17 4.62888e+17 1.32142e+17 1.5564e+15 3.1104e+13 7.29143e+11 1.70457e+10 3.97017e+08 8.82282e+06
1.19795e+07 5.39411e+08 2.31716e+10 9.91567e+11 4.23103e+13 2.11661e+15 1.79132e+17 6.27242e+17 1.28028e+18 2.03133e+18 2.75122e+18 3.31425e+18 3.62238e+18 3.62238e+18 3.31425e+18 2.75122e+18 2.03133e+18 1.28028e+18 6.27242e+17 1.79132e+17 2.11661e+15 4.23103e+13 9.91567e+11 2.31716e+10 5.39411e+08 1.19795e+07
1.44477e+07 6.50665e+08 2.79544e+10 1.19633e+12 5.10492e+13 2.55337e+15 2.15859e+17 7.557e+17 1.54219e+18 2.44644e+18 3.31291e+18 3.99043e+18 4.36116e+18 4.36116e+18 3.99043e+18 3.31291e+18 2.44644e+18 1.54219e+18 7.557e+17 2.15859e+17 2.55337e+15 5.10492e+13 1.19633e+12 2.79544e+10 6.50665e+08 1.44477e+07
1.57966e+07 7.11438e+08 3.0566e+10 1.30809e+12 5.58168e+13 2.79162e+15 2.35945e+17 8.25958e+17 1.68542e+18 2.6734e+18 3.61997e+18 4.36002e+18 4.76494e+18 4.76494e+18 4.36002e+18 3.61997e+18 2.6734e+18 1.68542e+18 8.25958e+17 2.35945e+17 2.79162e+15 5.58168e+13 1.30809e+12 3.0566e+10 7.11438e+08 1.57966e+07
1.57966e+07 7.11438e+08 3.0566e+10 1.30809e+12 5.58168e+13 2.79162e+15 2.35945e+17 8.25958e+17 1.68542e+18 2.6734e+18 3.61997e+18 4.36002e+18 4.76494e+18 4.76494e+18 4.36002e+18 3.61997e+18 2.6734e+18 1.68542e+18 8.25958e+17 2.35945e+17 2.79162e+15 5.58168e+13 1.30809e+12 3.0566e+10 7.11438e+08 1.57966e+07
1.44477e+07 6.50665e+08 2.79544e+10 1.19633e+12 5.10492e+13 2.55337e+15 2.15859e+17 7.557e+17 1.54219e+18 2.44644e+18 3.31291e+18 3.99043e+18 4.36116e+18 4.36116e+18 3.99043e+18 3.31291e+18 2.44644e+18 1.54219e+18 7.557e+17 2.15859e+17 2.55337e+15 5.10492e+13 1.19633e+12 2.79544e+10 6.50665e+08 1.44477e+07
1.19795e+07 5.39411e+08 2.31716e+10 9.91567e+11 4.23103e+13 2.11661e+15 1.79132e+17 6.27242e+17 1.28028e+18 2.03133e+18 2.75122e+18 3.31425e+18 3.62238e+18 3.62238e+18 3.31425e+18 2.75122e+18 2.03133e+18 1.28028e+18 6.27242e+17 1.79132e+17 2.11661e+15 4.23103e+13 9.91567e+11 2.31716e+10 5.39411e+08 1.19795e+07
8.82282e+06 3.97017e+08 1.70457e+10 7.29143e+11 3.1104e+13 1.5564e+15 1.32142e+17 4.62888e+17 9.4511e+17 1.49996e+18 2.03199e+18 2.44822e+18 2.67605e+18 2.67605e+18 2.44822e+18 2.03199e+18 1.49996e+18 9.4511e+17 4.62888e+17 1.32142e+17 1.5564e+15 3.1104e+13 7.29143e+11 1.70457e+10 3.97017e+08 8.82282e+06
5.546e+06 2.48979e+08 1.06685e+10 4.55664e+11 1.9417e+13 9.71901e+14 8.31226e+16 2.91393e+17 5.95243e+17 9.45048e+17 1.28062e+18 1.54322e+18 1.687e+18 1.687e+18 1.54322e+18 1.28062e+18 9.45048e+17 5.95243e+17 2.91393e+17 8.31226e+16 9.71901e+14 1.9417e+13 4.55664e+11 1.06685e+10 2.48979e+08 5.546e+06
2.75144e+06 1.22336e+08 5.1955e+09 2.20293e+11 9.33727e+12 4.66959e+14 4.0567e+16 1.42407e+17 2.91115e+17 4.62421e+17 6.26823e+17 7.55513e+17 8.25977e+17 8.25977e+17 7.55513e+17 6.26823e+17 4.62421e+17 2.91115e+17 1.42407e+17 4.0567e+16 4.66959e+14 9.33727e+12 2.20293e+11 5.1955e+09 1.22336e+08 2.75144e+06
919769 3.91555e+07 1.58649e+09 6.41874e+10 2.60614e+12 1.27106e+14 1.14802e+16 4.04254e+16 8.27557e+16 1.31556e+17 1.78405e+17 2.1508e+17 2.35161e+17 2.35161e+17 2.1508e+17 1.78405e+17 1.31556e+17 8.27557e+16 4.04254e+16 1.14802e+16 1.27106e+14 2.60614e+12 6.41874e+10 1.58649e+09 3.91555e+07 919769
156422 5.47816e+06 1.67409e+08 4.43005e+09 8.75701e+10 1.26623e+12 1.2036e+14 4.41628e+14 9.19465e+14 1.47372e+15 2.0063e+15 2.42255e+15 2.65002e+15 2.65002e+15 2.42255e+15 2.0063e+15 1.47372e+15 9.19465e+14 4.41628e+14 1.2036e+14 1.26623e+12 8.75701e+10 4.43005e+09 1.67409e+08 5.47816e+06 156422
16702.3 476282 1.12399e+07 2.22564e+08 3.73884e+09 8.28889e+10 2.4407e+12 8.74174e+12 1.81903e+13 2.91694e+13 3.97243e+13 4.79757e+13 5.24852e+13 5.24852e+13 4.79757e+13 3.97243e+13 2.91694e+13 1.81903e+13 8.74174e+12 2.4407e+12 8.28889e+10 3.73884e+09 2.22564e+08 1.12399e+07 476282 16702.3
1343.29 32594 655131 1.1883e+07 2.14709e+08 4.17378e+09 6.01174e+10 2.06265e+11 4.26919e+11 6.83841e+11 9.30995e+11 1.1243e+12 1.22998e+12 1.22998e+12 1.1243e+12 9.30995e+11 6.83841e+11 4.26919e+11 2.06265e+11 6.01174e+10 4.17378e+09 2.14709e+08 1.1883e+07 655131 32594 1343.29
91.5513 1991.76 36719.1 638032 1.06955e+07 1.57399e+08 1.48596e+09 4.86517e+09 9.99642e+09 1.59877e+10 2.17568e+10 2.62712e+10 2.87402e+10 2.87402e+10 2.62712e+10 2.17568e+10 1.59877e+10 9.99642e+09 4.86517e+09 1.48596e+09 1.57399e+08 1.06955e+07 638032 36719.1 1991.76 91.5513
5.61966 113.306 1950.6 31277.6 450518 5.14476e+06 3.66755e+07 1.14569e+08 2.33315e+08 3.72398e+08 5.06488e+08 6.11481e+08 6.68924e+08 6.68924e+08 6.11481e+08 5.06488e+08 3.72398e+08 2.33315e+08 1.14569e+08 3.66755e+07 5.14476e+06 450518 31277.6 1950.6 113.306 5.61966
0.291611 5.52867 88.4735 1278.99 15751.4 146801 861530 2.57697e+06 5.1975e+06 8.27616e+06 1.12486e+07 1.35776e+07 1.48522e+07 1.48522e+07 1.35776e+07 1.12486e+07 8.27616e+06 5.1975e+06 2.57697e+06 861530 146801 15751.4 1278.99 88.4735 5.52868 0.291611
