15.7115 290.561 4487.14 62207.1 735239 6.62015e+06 3.78128e+07 1.10187e+08 2.15811e+08 3.33448e+08 4.41113e+08 5.21722e+08 5.64515e+08 5.64515e+08 5.21722e+08 4.41113e+08 3.33448e+08 2.15811e+08 1.10187e+08 3.78128e+07 6.62015e+06 735239 62207.1 4487.14 290.561 15.7115
301.67 5974.46 99818.5 1.53377e+06 2.10564e+07 2.30689e+08 1.59605e+09 4.85229e+09 9.58228e+09 1.48181e+10 1.95895e+10 2.31515e+10 2.5039e+10 2.5039e+10 2.31515e+10 1.95895e+10 1.48181e+10 9.58228e+09 4.85229e+09 1.59605e+09 2.30689e+08 2.10564e+07 1.53377e+06 99818.5 5974.46 301.67
4855.45 104755 1.89842e+06 3.18458e+07 5.05458e+08 7.04727e+09 6.42433e+10 2.0447e+11 4.06767e+11 6.29261e+11 8.31163e+11 9.81434e+11 1.06091e+12 1.06091e+12 9.81434e+11 8.31163e+11 6.29261e+11 4.06767e+11 2.0447e+11 6.42433e+10 7.04727e+09 5.05458e+08 3.18458e+07 1.89842e+06 104755 4855.45
69657.6 1.68789e+06 3.38769e+07 6.06839e+08 1.04511e+10 1.88203e+11 2.58918e+12 8.62484e+12 1.72554e+13 2.66896e+13 3.52167e+13 4.15446e+13 4.48849e+13 4.48849e+13 4.15446e+13 3.52167e+13 2.66896e+13 1.72554e+13 8.62484e+12 2.58918e+12 1.88203e+11 1.04511e+10 6.06839e+08 3.38769e+07 1.68789e+06 69657.6
840173 2.3941e+07 5.68053e+08 1.13931e+10 1.91791e+11 3.85021e+12 1.04986e+14 3.64557e+14 7.31996e+14 1.13149e+15 1.49126e+15 1.75747e+15 1.89772e+15 1.89772e+15 1.75747e+15 1.49126e+15 1.13149e+15 7.31996e+14 3.64557e+14 1.04986e+14 3.85021e+12 1.91791e+11 1.13931e+10 5.68053e+08 2.3941e+07 840173
7.6128e+06 2.65398e+08 8.11493e+09 2.17096e+11 4.45617e+12 6.76991e+13 5.24313e+15 1.86307e+16 3.74162e+16 5.78101e+16 7.61841e+16 8.97926e+16 9.69679e+16 9.69679e+16 8.97926e+16 7.61841e+16 5.78101e+16 3.74162e+16 1.86307e+16 5.24313e+15 6.76991e+13 4.45617e+12 2.17096e+11 8.11493e+09 2.65398e+08 7.6128e+06
4.33809e+07 1.83068e+09 7.36718e+10 2.96852e+12 1.20338e+14 5.79169e+15 4.9773e+17 1.71621e+18 3.42711e+18 5.31173e+18 7.04425e+18 8.35341e+18 9.05392e+18 9.05392e+18 8.35341e+18 7.04425e+18 5.31173e+18 3.42711e+18 1.71621e+18 4.9773e+17 5.79169e+15 1.20338e+14 2.96852e+12 7.36718e+10 1.83068e+09 4.33809e+07
1.26206e+08 5.55584e+09 2.34036e+11 9.86852e+12 4.16982e+14 2.05981e+16 1.7239e+18 5.92997e+18 1.18263e+19 1.83136e+19 2.42718e+19 2.87713e+19 3.11781e+19 3.11781e+19 2.87713e+19 2.42718e+19 1.83136e+19 1.18263e+19 5.92997e+18 1.7239e+18 2.05981e+16 4.16982e+14 9.86852e+12 2.34036e+11 5.55584e+09 1.26206e+08
2.46899e+08 1.09586e+10 4.65014e+11 1.97189e+13 8.36196e+14 4.13341e+16 3.44321e+18 1.18292e+19 2.35584e+19 3.64293e+19 4.82207e+19 5.71064e+19 6.18526e+19 6.18526e+19 5.71064e+19 4.82207e+19 3.64293e+19 2.35584e+19 1.18292e+19 3.44321e+18 4.13341e+16 8.36196e+14 1.97189e+13 4.65014e+11 1.09586e+10 2.46899e+08
3.81117e+08 1.69297e+10 7.18642e+11 3.04684e+13 1.29118e+15 6.37831e+16 5.33069e+18 1.8298e+19 3.63899e+19 5.61831e+19 7.42611e+19 8.78491e+19 9.50944e+19 9.50944e+19 8.78491e+19 7.42611e+19 5.61831e+19 3.63899e+19 1.8298e+19 5.33069e+18 6.37831e+16 1.29118e+15 3.04684e+13 7.18642e+11 1.69297e+10 3.81117e+08
5.03775e+08 2.2363e+10 9.48429e+11 4.01681e+13 1.70021e+15 8.3946e+16 7.05867e+18 2.42153e+19 4.8098e+19 7.41526e+19 9.7881e+19 1.15672e+20 1.25142e+20 1.25142e+20 1.15672e+20 9.7881e+19 7.41526e+19 4.8098e+19 2.42153e+19 7.05867e+18 8.3946e+16 1.70021e+15 4.01681e+13 9.48429e+11 2.2363e+10 5.03775e+08
5.95494e+08 2.64136e+10 1.11922e+12 4.73558e+13 2.00242e+15 9.88367e+16 8.35935e+18 2.86669e+19 5.68877e+19 8.76081e+19 1.15524e+20 1.36413e+20 1.47519e+20 1.47519e+20 1.36413e+20 1.15524e+20 8.76081e+19 5.68877e+19 2.86669e+19 8.35935e+18 9.88367e+16 2.00241e+15 4.73558e+13 1.11922e+12 2.64136e+10 5.95494e+08
6.44143e+08 2.85581e+10 1.20946e+12 5.11462e+13 2.16146e+15 1.06672e+17 9.05342e+18 3.10417e+19 6.15701e+19 9.47636e+19 1.2489e+20 1.47411e+20 1.59375e+20 1.59375e+20 1.47411e+20 1.2489e+20 9.47636e+19 6.15701e+19 3.10417e+19 9.05342e+18 1.06672e+17 2.16146e+15 5.11462e+13 1.20946e+12 2.85581e+10 6.44143e+08
6.44143e+08 2.85581e+10 1.20946e+12 5.11462e+13 2.16146e+15 1.06672e+17 9.05342e+18 3.10417e+19 6.15701e+19 9.47636e+19 1.2489e+20 1.47411e+20 1.59375e+20 1.59375e+20 1.47411e+20 1.2489e+20 9.47636e+19 6.15701e+19 3.10417e+19 9.05342e+18 1.06672e+17 2.16146e+15 5.11462e+13 1.20946e+12 2.85581e+10 6.44143e+08
5.95494e+08 2.64136e+10 1.11922e+12 4.73558e+13 2.00241e+15 9.88367e+16 8.35935e+18 2.86669e+19 5.68877e+19 8.76081e+19 1.15524e+20 1.36413e+20 1.47519e+20 1.47519e+20 1.36413e+20 1.15524e+20 8.76081e+19 5.68877e+19 2.86669e+19 8.35935e+18 9.88367e+16 2.00242e+15 4.73558e+13 1.11922e+12 2.64136e+10 5.95494e+08
5.03775e+08 2.2363e+10 9.48429e+11 4.01681e+13 1.70021e+15 8.3946e+16 7.05867e+18 2.42153e+19 4.8098e+19 7.41526e+19 9.7881e+19 1.15672e+20 1.25142e+20 1.25142e+20 1.15672e+20 9.7881e+19 7.41526e+19 4.8098e+19 2.42153e+19 7.05867e+18 8.3946e+16 1.70021e+15 4.01681e+13 9.48429e+11 2.2363e+10 5.03775e+08
3.81117e+08 1.69297e+10 7.18642e+11 3.04684e+13 1.29118e+15 6.37831e+16 5.33069e+18 1.8298e+19 3.63899e+19 5.61831e+19 7.42611e+19 8.78491e+19 9.50944e+19 9.50944e+19 8.78491e+19 7.42611e+19 5.61831e+19 3.63899e+19 1.8298e+19 5.33069e+18 6.37831e+16 1.29118e+15 3.04684e+13 7.18642e+11 1.69297e+10 3.81117e+08
2.46899e+08 1.09586e+10 4.65014e+11 1.97189e+13 8.36196e+14 4.13341e+16 3.44321e+18 1.18292e+19 2.35584e+19 3.64293e+19 4.82207e+19 5.71064e+19 6.18526e+19 6.18526e+19 5.71064e+19 4.82207e+19 3.64293e+19 2.35584e+19 1.18292e+19 3.44321e+18 4.13341e+16 8.36196e+14 1.97189e+13 4.65014e+11 1.09586e+10 2.46899e+08
1.26206e+08 5.55584e+09 2.34036e+11 9.86852e+12 4.16982e+14 2.05981e+16 1.7239e+18 5.92997e+18 1.18263e+19 1.83136e+19 2.42718e+19 2.87713e+19 3.11781e+19 3.11781e+19 2.87713e+19 2.42718e+19 1.83136e+19 1.18263e+19 5.92997e+18 1.7239e+18 2.05981e+16 4.16982e+14 9.86852e+12 2.34036e+11 5.55584e+09 1.26206e+08
4.33809e+07 1.83068e+09 7.36718e+10 2.96852e+12 1.20338e+14 5.79169e+15 4.9773e+17 1.71621e+18 3.42711e+18 5.31173e+18 7.04425e+18 8.35341e+18 9.05392e+18 9.05392e+18 8.35341e+18 7.04425e+18 5.31173e+18 3.42711e+18 1.71621e+18 4.9773e+17 5.79169e+15 1.20338e+14 2.96852e+12 7.36718e+10 1.83068e+09 4.33809e+07
7.6128e+06 2.65398e+08 8.11493e+09 2.17096e+11 4.45617e+12 6.76991e+13 5.24313e+15 1.86307e+16 3.74162e+16 5.78101e+16 7.61841e+16 8.97926e+16 9.69679e+16 9.69679e+16 8.97926e+16 7.61841e+16 5.78101e+16 3.74162e+16 1.86307e+16 5.24313e+15 6.76991e+13 4.45617e+12 2.17096e+11 8.11493e+09 2.65398e+08 7.6128e+06
840173 2.3941e+07 5.68053e+08 1.13931e+10 1.91791e+11 3.85021e+12 1.04986e+14 3.64557e+14 7.31996e+14 1.13149e+15 1.49126e+15 1.75747e+15 1.89772e+15 1.89772e+15 1.75747e+15 1.49126e+15 1.13149e+15 7.31996e+14 3.64557e+14 1.04986e+14 3.85021e+12 1.91791e+11 1.13931e+10 5.68053e+08 2.3941e+07 840173
69657.6 1.68789e+06 3.38769e+07 6.06839e+08 1.04511e+10 1.88203e+11 2.58918e+12 8.62484e+12 1.72554e+13 2.66896e+13 3.52167e+13 4.15446e+13 4.48849e+13 4.48849e+13 4.15446e+13 3.52167e+13 2.66896e+13 1.72554e+13 8.62484e+12 2.58918e+12 1.88203e+11 1.04511e+10 6.06839e+08 3.38769e+07 1.68789e+06 69657.6
4855.45 104755 1.89842e+06 3.18458e+07 5.05458e+08 7.04727e+09 6.42433e+10 2.0447e+11 4.06767e+11 6.29261e+11 8.31163e+11 9.81434e+11 1.06091e+12 1.06091e+12 9.81434e+11 8.31163e+11 6.29261e+11 4.06767e+11 2.0447e+11 6.42433e+10 7.04727e+09 5.05458e+08 3.18458e+07 1.89842e+06 104755 4855.45
301.67 5974.46 99818.5 1.53377e+06 2.10564e+07 2.30689e+08 1.59605e+09 4.85229e+09 9.58228e+09 1.48181e+10 1.95895e+10 2.31515e+10 2.5039e+10 2.5039e+10 2.31515e+10 1.95895e+10 1.48181e+10 9.58228e+09 4.85229e+09 1.59605e+09 2.30689e+08 2.10564e+07 1.53377e+06 99818.5 5974.46 301.67
15.7115 290.561 4487.14 62207.1 735239 6.62015e+06 3.78128e+07 1.10187e+08 2.15811e+08 3.33448e+08 4.41113e+08 5.21722e+08 5.64515e+08 5.64515e+08 5.21722e+08 4.41113e+08 3.33448e+08 2.15811e+08 1.10187e+08 3.78128e+07 6.62015e+06 735239 62207.1 4487.14 290.561 15.7115
