4.31322e-06 8.11119e-05 0.00129059 0.0185972 0.228426 2.12112 12.3872 36.8647 74.0837 117.803 160.197 193.633 212.036 212.036 193.633 160.197 117.803 74.0837 36.8647 12.3872 2.12112 0.228426 0.0185972 0.00129059 8.11119e-05 4.31322e-06
8.19868e-05 0.00163562 0.0279523 0.44701 6.43576 73.3833 521.088 1619.2 3284.47 5234.41 7123.21 8612.68 9432.59 9432.59 8612.68 7123.21 5234.41 3284.47 1619.2 521.088 73.3833 6.43576 0.44701 0.0279523 0.00163562 8.19868e-05
0.0013201 0.028337 0.516839 8.94414 150.257 2216.69 20887 68004.4 139125 222138 302482 365843 400727 400727 365843 302482 222138 139125 68004.4 20887 2216.69 150.257 8.94414 0.516839 0.028337 0.0013201
0.0192196 0.459344 9.09856 163.461 2958.52 58061.3 837941 2.8578e+06 5.88692e+06 9.41272e+06 1.28238e+07 1.55143e+07 1.6996e+07 1.6996e+07 1.55143e+07 1.28238e+07 9.41272e+06 5.88692e+06 2.8578e+06 837941 58061.3 2958.52 163.461 9.09856 0.459344 0.0192196
0.237858 6.68264 155.241 3026.21 50291.7 1.13522e+06 3.38175e+07 1.20323e+08 2.49072e+08 3.98639e+08 5.43339e+08 6.57512e+08 7.20401e+08 7.20401e+08 6.57512e+08 5.43339e+08 3.98639e+08 2.49072e+08 1.20323e+08 3.38175e+07 1.13522e+06 50291.7 3026.21 155.241 6.68264 0.237858
2.22017 76.7237 2313.19 60376.6 1.17107e+06 1.6577e+07 1.65753e+09 6.0383e+09 1.24993e+10 1.99883e+10 2.72283e+10 3.29389e+10 3.60838e+10 3.60838e+10 3.29389e+10 2.72283e+10 1.99883e+10 1.24993e+10 6.0383e+09 1.65753e+09 1.6577e+07 1.17107e+06 60376.6 2313.19 76.7237 2.22017
13.0109 547.339 21940 880242 3.55288e+07 1.73309e+09 1.57889e+11 5.52101e+11 1.12282e+12 1.7771e+12 2.40469e+12 2.89698e+12 3.16721e+12 3.16721e+12 2.89698e+12 2.40469e+12 1.7771e+12 1.12282e+12 5.52101e+11 1.57889e+11 1.73309e+09 3.55288e+07 880242 21940 547.339 13.0109
38.7561 1702.5 71513.4 3.00572e+06 1.26571e+08 6.3227e+09 5.53798e+11 1.93114e+12 3.92273e+12 6.20418e+12 8.39136e+12 1.01064e+13 1.10476e+13 1.10476e+13 1.01064e+13 8.39136e+12 6.20418e+12 3.92273e+12 1.93114e+12 5.53798e+11 6.3227e+09 1.26571e+08 3.00572e+06 71513.4 1702.5 38.7561
77.8862 3453.53 146307 6.19174e+06 2.62008e+08 1.30893e+10 1.1274e+12 3.92673e+12 7.97246e+12 1.26056e+13 1.70463e+13 2.05279e+13 2.24384e+13 2.24384e+13 2.05279e+13 1.70463e+13 1.26056e+13 7.97246e+12 3.92673e+12 1.1274e+12 1.30893e+10 2.62008e+08 6.19174e+06 146307 3453.53 77.8862
123.809 5502.01 233526 9.89666e+06 4.19193e+08 2.09258e+10 1.78503e+12 6.213e+12 1.26107e+13 1.99359e+13 2.6956e+13 3.24594e+13 3.54793e+13 3.54793e+13 3.24594e+13 2.6956e+13 1.99359e+13 1.26107e+13 6.213e+12 1.78503e+12 2.09258e+10 4.19193e+08 9.89666e+06 233526 5502.01 123.809
168.294 7484.11 317848 1.34769e+07 5.71088e+08 2.84935e+10 2.41568e+12 8.40436e+12 1.70555e+13 2.69596e+13 3.64505e+13 4.38905e+13 4.79727e+13 4.79727e+13 4.38904e+13 3.64505e+13 2.69596e+13 1.70555e+13 8.40436e+12 2.41568e+12 2.84935e+10 5.71088e+08 1.34769e+07 317848 7484.11 168.294
203.343 9045.59 384276 1.6298e+07 6.90807e+08 3.44564e+10 2.91021e+12 1.01222e+13 2.05392e+13 3.24644e+13 4.38912e+13 5.28485e+13 5.77633e+13 5.77633e+13 5.28485e+13 4.38912e+13 3.24644e+13 2.05392e+13 1.01222e+13 2.91021e+12 3.44564e+10 6.90807e+08 1.6298e+07 384276 9045.59 203.343
222.621 9904.52 420823 1.78503e+07 7.567e+08 3.77379e+10 3.18159e+12 1.10646e+13 2.24505e+13 3.54842e+13 4.7973e+13 5.77625e+13 6.31339e+13 6.31339e+13 5.77625e+13 4.7973e+13 3.54842e+13 2.24505e+13 1.10646e+13 3.18159e+12 3.77379e+10 7.567e+08 1.78503e+07 420823 9904.52 222.621
222.621 9904.52 420823 1.78503e+07 7.567e+08 3.77379e+10 3.18159e+12 1.10646e+13 2.24505e+13 3.54842e+13 4.7973e+13 5.77625e+13 6.31339e+13 6.31339e+13 5.77625e+13 4.7973e+13 3.54842e+13 2.24505e+13 1.10646e+13 3.18159e+12 3.77379e+10 7.567e+08 1.78503e+07 420823 9904.52 222.621
203.343 9045.59 384276 1.6298e+07 6.90807e+08 3.44564e+10 2.91021e+12 1.01222e+13 2.05392e+13 3.24644e+13 4.38912e+13 5.28485e+13 5.77633e+13 5.77633e+13 5.28485e+13 4.38912e+13 3.24644e+13 2.05392e+13 1.01222e+13 2.91021e+12 3.44564e+10 6.90807e+08 1.6298e+07 384276 9045.59 203.343
168.294 7484.11 317848 1.34769e+07 5.71088e+08 2.84935e+10 2.41568e+12 8.40436e+12 1.70555e+13 2.69596e+13 3.64505e+13 4.38904e+13 4.79727e+13 4.79727e+13 4.38905e+13 3.64505e+13 2.69596e+13 1.70555e+13 8.40436e+12 2.41568e+12 2.84935e+10 5.71088e+08 1.34769e+07 317848 7484.11 168.294
123.809 5502.01 233526 9.89666e+06 4.19193e+08 2.09258e+10 1.78503e+12 6.213e+12 1.26107e+13 1.99359e+13 2.6956e+13 3.24594e+13 3.54793e+13 3.54793e+13 3.24594e+13 2.6956e+13 1.99359e+13 1.26107e+13 6.213e+12 1.78503e+12 2.09258e+10 4.19193e+08 9.89666e+06 233526 5502.01 123.809
77.8862 3453.53 146307 6.19174e+06 2.62008e+08 1.30893e+10 1.1274e+12 3.92673e+12 7.97246e+12 1.26056e+13 1.70463e+13 2.05279e+13 2.24384e+13 2.24384e+13 2.05279e+13 1.70463e+13 1.26056e+13 7.97246e+12 3.92673e+12 1.1274e+12 1.30893e+10 2.62008e+08 6.19174e+06 146307 3453.53 77.8862
38.7561 1702.5 71513.4 3.00572e+06 1.26571e+08 6.3227e+09 5.53798e+11 1.93114e+12 3.92273e+12 6.20418e+12 8.39136e+12 1.01064e+13 1.10476e+13 1.10476e+13 1.01064e+13 8.39136e+12 6.20418e+12 3.92273e+12 1.93114e+12 5.53798e+11 6.3227e+09 1.26571e+08 3.00572e+06 71513.4 1702.5 38.7561
13.0109 547.339 21940 880242 3.55288e+07 1.73309e+09 1.57889e+11 5.52101e+11 1.12282e+12 1.7771e+12 2.40469e+12 2.89698e+12 3.16721e+12 3.16721e+12 2.89698e+12 2.40469e+12 1.7771e+12 1.12282e+12 5.52101e+11 1.57889e+11 1.73309e+09 3.55288e+07 880242 21940 547.339 13.0109
2.22017 76.7237 2313.19 60376.6 1.17107e+06 1.6577e+07 1.65753e+09 6.0383e+09 1.24993e+10 1.99883e+10 2.72283e+10 3.29389e+10 3.60838e+10 3.60838e+10 3.29389e+10 2.72283e+10 1.99883e+10 1.24993e+10 6.0383e+09 1.65753e+09 1.6577e+07 1.17107e+06 60376.6 2313.19 76.7237 2.22017
0.237858 6.68264 155.241 3026.21 50291.7 1.13522e+06 3.38175e+07 1.20323e+08 2.49072e+08 3.98639e+08 5.43339e+08 6.57512e+08 7.20401e+08 7.20401e+08 6.57512e+08 5.43339e+08 3.98639e+08 2.49072e+08 1.20323e+08 3.38175e+07 1.13522e+06 50291.7 3026.21 155.241 6.68264 0.237858
0.0192196 0.459344 9.09856 163.461 2958.52 58061.3 837941 2.8578e+06 5.88692e+06 9.41272e+06 1.28238e+07 1.55143e+07 1.6996e+07 1.6996e+07 1.55143e+07 1.28238e+07 9.41272e+06 5.88692e+06 2.8578e+06 837941 58061.3 2958.52 163.461 9.09856 0.459344 0.0192196
0.0013201 0.028337 0.516839 8.94414 150.257 2216.69 20887 68004.4 139125 222138 302482 365843 400727 400727 365843 302482 222138 139125 68004.4 20887 2216.69 150.257 8.94414 0.516839 0.028337 0.0013201
8.19868e-05 0.00163562 0.0279523 0.44701 6.43576 73.3833 521.088 1619.2 3284.47 5234.41 7123.21 8612.68 9432.59 9432.59 8612.68 7123.21 5234.41 3284.47 1619.2 521.088 73.3833 6.43576 0.44701 0.0279523 0.00163562 8.19868e-05
4.31322e-06 8.11119e-05 0.00129059 0.0185972 0.228426 2.12112 12.3872 36.8647 74.0837 117.803 160.197 193.633 212.036 212.036 193.633 160.197 117.803 74.0837 36.8647 12.3872 2.12112 0.228426 0.0185972 0.00129059 8.11119e-05 4.31322e-06
