17.2292 318.633 4920.81 68223.4 806454 7.26336e+06 4.15102e+07 1.21111e+08 2.37626e+08 3.67899e+08 4.87643e+08 5.77652e+08 6.2557e+08 6.2557e+08 5.77652e+08 4.87643e+08 3.67899e+08 2.37626e+08 1.21111e+08 4.15102e+07 7.26336e+06 806454 68223.4 4920.81 318.633 17.2292
330.839 6552.19 109472 1.68213e+06 2.30947e+07 2.53068e+08 1.75171e+09 5.33216e+09 1.0549e+10 1.6347e+10 2.16547e+10 2.56333e+10 2.77477e+10 2.77477e+10 2.56333e+10 2.16547e+10 1.6347e+10 1.0549e+10 5.33216e+09 1.75171e+09 2.53068e+08 2.30947e+07 1.68213e+06 109472 6552.19 330.839
5325.48 114896 2.0822e+06 3.49283e+07 5.54379e+08 7.72991e+09 7.04906e+10 2.24636e+11 4.47714e+11 6.94101e+11 9.18731e+11 1.08664e+12 1.17571e+12 1.17571e+12 1.08664e+12 9.18731e+11 6.94101e+11 4.47714e+11 2.24636e+11 7.04906e+10 7.72991e+09 5.54379e+08 3.49283e+07 2.0822e+06 114896 5325.48
76409.9 1.85148e+06 3.71603e+07 6.65651e+08 1.14633e+10 2.06413e+11 2.84018e+12 9.47303e+12 1.89886e+13 2.94359e+13 3.89248e+13 4.59981e+13 4.97438e+13 4.97438e+13 4.59981e+13 3.89248e+13 2.94359e+13 1.89886e+13 9.47303e+12 2.84018e+12 2.06413e+11 1.14633e+10 6.65651e+08 3.71603e+07 1.85148e+06 76409.9
921757 2.62644e+07 6.23163e+08 1.24986e+10 2.10404e+11 4.22274e+12 1.1513e+14 4.00302e+14 8.05355e+14 1.24775e+15 1.64819e+15 1.94588e+15 2.10324e+15 2.10324e+15 1.94588e+15 1.64819e+15 1.24775e+15 8.05355e+14 4.00302e+14 1.1513e+14 4.22274e+12 2.10404e+11 1.24986e+10 6.23163e+08 2.62644e+07 921757
8.35418e+06 2.91207e+08 8.90306e+09 2.38163e+11 4.88882e+12 7.428e+13 5.74817e+15 2.04505e+16 4.11485e+16 6.37168e+16 8.41484e+16 9.93482e+16 1.07388e+17 1.07388e+17 9.93482e+16 8.41484e+16 6.37168e+16 4.11485e+16 2.04505e+16 5.74817e+15 7.428e+13 4.88882e+12 2.38163e+11 8.90306e+09 2.91207e+08 8.35418e+06
4.76306e+07 2.00957e+09 8.08504e+10 3.25691e+12 1.31991e+14 6.35014e+15 5.45623e+17 1.88262e+18 3.76334e+18 5.8399e+18 7.75363e+18 9.2029e+18 9.97955e+18 9.97955e+18 9.2029e+18 7.75363e+18 5.8399e+18 3.76334e+18 1.88262e+18 5.45623e+17 6.35014e+15 1.31991e+14 3.25691e+12 8.08504e+10 2.00957e+09 4.76306e+07
1.38735e+08 6.10605e+09 2.57151e+11 1.08405e+13 4.57934e+14 2.26121e+16 1.89118e+18 6.50927e+18 1.29942e+19 2.01446e+19 2.67273e+19 3.17086e+19 3.43768e+19 3.43768e+19 3.17086e+19 2.67273e+19 2.01446e+19 1.29942e+19 6.50927e+18 1.89118e+18 2.26121e+16 4.57934e+14 1.08405e+13 2.57151e+11 6.10605e+09 1.38735e+08
2.71873e+08 1.20649e+10 5.11862e+11 2.17012e+13 9.20074e+14 4.54612e+16 3.78163e+18 1.29985e+19 2.59105e+19 4.01095e+19 5.31471e+19 6.29916e+19 6.82571e+19 6.82571e+19 6.29916e+19 5.31471e+19 4.01095e+19 2.59105e+19 1.29985e+19 3.78163e+18 4.54612e+16 9.20074e+14 2.17012e+13 5.11862e+11 1.20649e+10 2.71873e+08
4.2049e+08 1.86766e+10 7.92696e+11 3.36039e+13 1.42387e+15 7.03063e+16 5.86232e+18 2.01316e+19 4.00706e+19 6.19296e+19 8.19388e+19 9.70079e+19 1.05054e+20 1.05054e+20 9.70079e+19 8.19388e+19 6.19296e+19 4.00706e+19 2.01316e+19 5.86232e+18 7.03063e+16 1.42387e+15 3.36039e+13 7.92696e+11 1.86766e+10 4.2049e+08
5.56876e+08 2.47189e+10 1.04829e+12 4.4395e+13 1.87902e+15 9.27297e+16 7.77241e+18 2.66733e+19 5.30232e+19 8.18277e+19 1.08118e+20 1.27868e+20 1.38395e+20 1.38395e+20 1.27868e+20 1.08118e+20 8.18277e+19 5.30232e+19 2.66733e+19 7.77241e+18 9.27297e+16 1.87902e+15 4.4395e+13 1.04829e+12 2.47189e+10 5.56876e+08
6.59252e+08 2.92417e+10 1.23905e+12 5.24263e+13 2.21684e+15 1.09364e+17 9.21364e+18 3.16059e+19 6.27688e+19 9.67597e+19 1.27714e+20 1.50923e+20 1.63278e+20 1.63278e+20 1.50923e+20 1.27714e+20 9.67597e+19 6.27688e+19 3.16059e+19 9.21364e+18 1.09364e+17 2.21684e+15 5.24263e+13 1.23905e+12 2.92417e+10 6.59252e+08
7.13701e+08 3.16429e+10 1.34014e+12 5.66747e+13 2.3952e+15 1.18144e+17 9.98398e+18 3.42413e+19 6.79683e+19 1.04712e+20 1.38133e+20 1.63165e+20 1.76481e+20 1.76481e+20 1.63165e+20 1.38133e+20 1.04712e+20 6.79683e+19 3.42413e+19 9.98398e+18 1.18144e+17 2.3952e+15 5.66747e+13 1.34014e+12 3.16429e+10 7.13701e+08
7.13701e+08 3.16429e+10 1.34014e+12 5.66747e+13 2.3952e+15 1.18144e+17 9.98398e+18 3.42413e+19 6.79683e+19 1.04712e+20 1.38133e+20 1.63165e+20 1.76481e+20 1.76481e+20 1.63165e+20 1.38133e+20 1.04712e+20 6.79683e+19 3.42413e+19 9.98398e+18 1.18144e+17 2.3952e+15 5.66747e+13 1.34014e+12 3.16429e+10 7.13701e+08
6.59252e+08 2.92417e+10 1.23905e+12 5.24263e+13 2.21684e+15 1.09364e+17 9.21364e+18 3.16059e+19 6.27688e+19 9.67597e+19 1.27714e+20 1.50923e+20 1.63278e+20 1.63278e+20 1.50923e+20 1.27714e+20 9.67597e+19 6.27688e+19 3.16059e+19 9.21364e+18 1.09364e+17 2.21684e+15 5.24263e+13 1.23905e+12 2.92417e+10 6.59252e+08
5.56876e+08 2.47189e+10 1.04829e+12 4.4395e+13 1.87902e+15 9.27297e+16 7.77241e+18 2.66733e+19 5.30232e+19 8.18277e+19 1.08118e+20 1.27868e+20 1.38395e+20 1.38395e+20 1.27868e+20 1.08118e+20 8.18277e+19 5.30232e+19 2.66733e+19 7.77241e+18 9.27297e+16 1.87902e+15 4.4395e+13 1.04829e+12 2.47189e+10 5.56876e+08
4.2049e+08 1.86766e+10 7.92696e+11 3.36039e+13 1.42387e+15 7.03063e+16 5.86232e+18 2.01316e+19 4.00706e+19 6.19296e+19 8.19388e+19 9.70079e+19 1.05054e+20 1.05054e+20 9.70079e+19 8.19388e+19 6.19296e+19 4.00706e+19 2.01316e+19 5.86232e+18 7.03063e+16 1.42387e+15 3.36039e+13 7.92696e+11 1.86766e+10 4.2049e+08
2.71873e+08 1.20649e+10 5.11862e+11 2.17012e+13 9.20074e+14 4.54612e+16 3.78163e+18 1.29985e+19 2.59105e+19 4.01095e+19 5.31471e+19 6.29916e+19 6.82571e+19 6.82571e+19 6.29916e+19 5.31471e+19 4.01095e+19 2.59105e+19 1.29985e+19 3.78163e+18 4.54612e+16 9.20074e+14 2.17012e+13 5.11862e+11 1.20649e+10 2.71873e+08
1.38735e+08 6.10605e+09 2.57151e+11 1.08405e+13 4.57934e+14 2.26121e+16 1.89118e+18 6.50927e+18 1.29942e+19 2.01446e+19 2.67273e+19 3.17086e+19 3.43768e+19 3.43768e+19 3.17086e+19 2.67273e+19 2.01446e+19 1.29942e+19 6.50927e+18 1.89118e+18 2.26121e+16 4.57934e+14 1.08405e+13 2.57151e+11 6.10605e+09 1.38735e+08
4.76306e+07 2.00957e+09 8.08504e+10 3.25691e+12 1.31991e+14 6.35014e+15 5.45623e+17 1.88262e+18 3.76334e+18 5.8399e+18 7.75363e+18 9.2029e+18 9.97955e+18 9.97955e+18 9.2029e+18 7.75363e+18 5.8399e+18 3.76334e+18 1.88262e+18 5.45623e+17 6.35014e+15 1.31991e+14 3.25691e+12 8.08504e+10 2.00957e+09 4.76306e+07
8.35418e+06 2.91207e+08 8.90306e+09 2.38163e+11 4.88882e+12 7.428e+13 5.74817e+15 2.04505e+16 4.11485e+16 6.37168e+16 8.41484e+16 9.93482e+16 1.07388e+17 1.07388e+17 9.93482e+16 8.41484e+16 6.37168e+16 4.11485e+16 2.04505e+16 5.74817e+15 7.428e+13 4.88882e+12 2.38163e+11 8.90306e+09 2.91207e+08 8.35418e+06
921757 2.62644e+07 6.23163e+08 1.24986e+10 2.10404e+11 4.22274e+12 1.1513e+14 4.00302e+14 8.05355e+14 1.24775e+15 1.64819e+15 1.94588e+15 2.10324e+15 2.10324e+15 1.94588e+15 1.64819e+15 1.24775e+15 8.05355e+14 4.00302e+14 1.1513e+14 4.22274e+12 2.10404e+11 1.24986e+10 6.23163e+08 2.62644e+07 921757
76409.9 1.85148e+06 3.71603e+07 6.65651e+08 1.14633e+10 2.06413e+11 2.84018e+12 9.47303e+12 1.89886e+13 2.94359e+13 3.89248e+13 4.59981e+13 4.97438e+13 4.97438e+13 4.59981e+13 3.89248e+13 2.94359e+13 1.89886e+13 9.47303e+12 2.84018e+12 2.06413e+11 1.14633e+10 6.65651e+08 3.71603e+07 1.85148e+06 76409.9
5325.48 114896 2.0822e+06 3.49283e+07 5.54379e+08 7.72991e+09 7.04906e+10 2.24636e+11 4.47714e+11 6.94101e+11 9.18731e+11 1.08664e+12 1.17571e+12 1.17571e+12 1.08664e+12 9.18731e+11 6.94101e+11 4.47714e+11 2.24636e+11 7.04906e+10 7.72991e+09 5.54379e+08 3.49283e+07 2.0822e+06 114896 5325.48
330.839 6552.19 109472 1.68213e+06 2.30947e+07 2.53068e+08 1.75171e+09 5.33216e+09 1.0549e+10 1.6347e+10 2.16547e+10 2.56333e+10 2.77477e+10 2.77477e+10 2.56333e+10 2.16547e+10 1.6347e+10 1.0549e+10 5.33216e+09 1.75171e+09 2.53068e+08 2.30947e+07 1.68213e+06 109472 6552.19 330.839
17.2292 318.633 4920.81 68223.4 806454 7.26336e+06 4.15102e+07 1.21111e+08 2.37626e+08 3.67899e+08 4.87643e+08 5.77652e+08 6.2557e+08 6.2557e+08 5.77652e+08 4.87643e+08 3.67899e+08 2.37626e+08 1.21111e+08 4.15102e+07 7.26336e+06 806454 68223.4 4920.81 318.633 17.2292
