0.00011579 0.00215746 0.0338271 0.478862 5.78276 52.9877 306.561 905.052 1802.82 2840.64 3830.95 4601.45 5021.71 5021.71 4601.45 3830.95 2840.64 1802.82 905.052 306.561 52.9877 5.78276 0.478862 0.0338271 0.00215746 0.00011579
0.00220724 0.0437977 0.739591 11.6084 163.672 1834.85 12888.4 39717.9 79831.3 126021 170018 204226 222881 222881 204226 170018 126021 79831.3 39717.9 12888.4 1834.85 163.672 11.6084 0.739591 0.0437977 0.00220724
0.0354825 0.761557 13.817 235.424 3856.51 55561.4 516476 1.66713e+06 3.37835e+06 5.34092e+06 7.20746e+06 8.65792e+06 9.44871e+06 9.44871e+06 8.65792e+06 7.20746e+06 5.34092e+06 3.37835e+06 1.66713e+06 516476 55561.4 3856.51 235.424 13.817 0.761557 0.0354825
0.512707 12.2982 244.361 4373.19 77333.6 1.46378e+06 2.07218e+07 7.00424e+07 1.42863e+08 2.26081e+08 3.05136e+08 3.66545e+08 4.0002e+08 4.0002e+08 3.66545e+08 3.05136e+08 2.26081e+08 1.42863e+08 7.00424e+07 2.07218e+07 1.46378e+06 77333.6 4373.19 244.361 12.2981 0.512707
6.26971 176.827 4135.18 81398.1 1.35655e+06 2.90929e+07 8.36662e+08 2.94935e+09 6.04271e+09 9.56795e+09 1.29144e+10 1.55133e+10 1.69298e+10 1.69298e+10 1.55133e+10 1.29144e+10 9.56795e+09 6.04271e+09 2.94935e+09 8.36662e+08 2.90929e+07 1.35655e+06 81398.1 4135.18 176.827 6.26971
57.7522 1999.06 60498.3 1.59222e+06 3.15725e+07 4.59525e+08 4.12742e+10 1.48906e+11 3.05061e+11 4.8264e+11 6.51129e+11 7.81961e+11 8.5327e+11 8.5327e+11 7.81961e+11 6.51129e+11 4.8264e+11 3.05061e+11 1.48906e+11 4.12742e+10 4.59525e+08 3.15725e+07 1.59222e+06 60498.3 1999.06 57.7522
334.418 14059.1 563369 2.26029e+07 9.12619e+08 4.42279e+10 3.93176e+12 1.3669e+13 2.76183e+13 4.34172e+13 5.83925e+13 7.00238e+13 7.63668e+13 7.63668e+13 7.00238e+13 5.83925e+13 4.34172e+13 2.76183e+13 1.3669e+13 3.93176e+12 4.42279e+10 9.12619e+08 2.26029e+07 563369 14059.1 334.418
987.024 43313.8 1.81802e+06 7.63801e+07 3.21617e+09 1.59755e+11 1.37229e+13 4.75982e+13 9.60907e+13 1.50999e+14 2.03042e+14 2.43465e+14 2.6551e+14 2.6551e+14 2.43465e+14 2.03042e+14 1.50999e+14 9.60907e+13 4.75981e+13 1.37229e+13 1.59755e+11 3.21617e+09 7.63801e+07 1.81802e+06 43313.8 987.024
1964.89 87003.5 3.6817e+06 1.55685e+08 6.58479e+09 3.27207e+11 2.77552e+13 9.619e+13 1.9413e+14 3.05019e+14 4.1012e+14 4.91754e+14 5.36275e+14 5.36275e+14 4.91754e+14 4.1012e+14 3.05019e+14 1.9413e+14 9.619e+13 2.77552e+13 3.27207e+11 6.58479e+09 1.55685e+08 3.6817e+06 87003.5 1964.89
3093.67 137237 5.81586e+06 2.46168e+08 1.04174e+10 5.17346e+11 4.36391e+13 1.51182e+14 3.05074e+14 4.79307e+14 6.44442e+14 7.72709e+14 8.42661e+14 8.42661e+14 7.72709e+14 6.44443e+14 4.79307e+14 3.05074e+14 1.51182e+14 4.36391e+13 5.17346e+11 1.04174e+10 2.46168e+08 5.81586e+06 137237 3093.67
4169.15 185011 7.84227e+06 3.31981e+08 1.40494e+10 6.97445e+11 5.86807e+13 2.03257e+14 4.10134e+14 6.4435e+14 8.66337e+14 1.03876e+15 1.1328e+15 1.1328e+15 1.03876e+15 8.66337e+14 6.4435e+14 4.10134e+14 2.03257e+14 5.86807e+13 6.97445e+11 1.40494e+10 3.31981e+08 7.84227e+06 185011 4169.15
5004.76 222102 9.41467e+06 3.98538e+08 1.68655e+10 8.37076e+11 7.03523e+13 2.43668e+14 4.91664e+14 7.7243e+14 1.03854e+15 1.24523e+15 1.35796e+15 1.35796e+15 1.24523e+15 1.03854e+15 7.7243e+14 4.91664e+14 2.43668e+14 7.03523e+13 8.37076e+11 1.68655e+10 3.98538e+08 9.41467e+06 222102 5004.76
5460.12 242309 1.02711e+07 4.34783e+08 1.83988e+10 9.13099e+11 7.67128e+13 2.65691e+14 5.36098e+14 8.42236e+14 1.13239e+15 1.35776e+15 1.48067e+15 1.48067e+15 1.35776e+15 1.13239e+15 8.42236e+14 5.36098e+14 2.65691e+14 7.67128e+13 9.13099e+11 1.83988e+10 4.34783e+08 1.02711e+07 242309 5460.12
5460.12 242309 1.02711e+07 4.34783e+08 1.83988e+10 9.13099e+11 7.67128e+13 2.65691e+14 5.36098e+14 8.42236e+14 1.13239e+15 1.35776e+15 1.48067e+15 1.48067e+15 1.35776e+15 1.13239e+15 8.42236e+14 5.36098e+14 2.65691e+14 7.67128e+13 9.13099e+11 1.83988e+10 4.34783e+08 1.02711e+07 242309 5460.12
5004.76 222102 9.41467e+06 3.98538e+08 1.68655e+10 8.37076e+11 7.03523e+13 2.43668e+14 4.91664e+14 7.7243e+14 1.03854e+15 1.24523e+15 1.35796e+15 1.35796e+15 1.24523e+15 1.03854e+15 7.7243e+14 4.91664e+14 2.43668e+14 7.03523e+13 8.37076e+11 1.68655e+10 3.98538e+08 9.41467e+06 222102 5004.76
4169.15 185011 7.84227e+06 3.31981e+08 1.40494e+10 6.97445e+11 5.86807e+13 2.03257e+14 4.10134e+14 6.4435e+14 8.66337e+14 1.03876e+15 1.1328e+15 1.1328e+15 1.03876e+15 8.66337e+14 6.4435e+14 4.10134e+14 2.03257e+14 5.86807e+13 6.97445e+11 1.40494e+10 3.31981e+08 7.84227e+06 185011 4169.15
3093.67 137237 5.81586e+06 2.46168e+08 1.04174e+10 5.17346e+11 4.36391e+13 1.51182e+14 3.05074e+14 4.79307e+14 6.44443e+14 7.72709e+14 8.42661e+14 8.42661e+14 7.72709e+14 6.44442e+14 4.79307e+14 3.05074e+14 1.51182e+14 4.36391e+13 5.17346e+11 1.04174e+10 2.46168e+08 5.81586e+06 137237 3093.67
1964.89 87003.5 3.6817e+06 1.55685e+08 6.58479e+09 3.27207e+11 2.77552e+13 9.619e+13 1.9413e+14 3.05019e+14 4.1012e+14 4.91754e+14 5.36275e+14 5.36275e+14 4.91754e+14 4.1012e+14 3.05019e+14 1.9413e+14 9.619e+13 2.77552e+13 3.27207e+11 6.58479e+09 1.55685e+08 3.6817e+06 87003.5 1964.89
987.024 43313.8 1.81802e+06 7.63801e+07 3.21617e+09 1.59755e+11 1.37229e+13 4.75981e+13 9.60907e+13 1.50999e+14 2.03042e+14 2.43465e+14 2.6551e+14 2.6551e+14 2.43465e+14 2.03042e+14 1.50999e+14 9.60907e+13 4.75982e+13 1.37229e+13 1.59755e+11 3.21617e+09 7.63801e+07 1.81802e+06 43313.8 987.024
334.418 14059.1 563369 2.26029e+07 9.12619e+08 4.42279e+10 3.93176e+12 1.3669e+13 2.76183e+13 4.34172e+13 5.83925e+13 7.00238e+13 7.63668e+13 7.63668e+13 7.00238e+13 5.83925e+13 4.34172e+13 2.76183e+13 1.3669e+13 3.93176e+12 4.42279e+10 9.12619e+08 2.26029e+07 563369 14059.1 334.418
57.7522 1999.06 60498.3 1.59222e+06 3.15725e+07 4.59525e+08 4.12742e+10 1.48906e+11 3.05061e+11 4.8264e+11 6.51129e+11 7.81961e+11 8.5327e+11 8.5327e+11 7.81961e+11 6.51129e+11 4.8264e+11 3.05061e+11 1.48906e+11 4.12742e+10 4.59525e+08 3.15725e+07 1.59222e+06 60498.3 1999.06 57.7522
6.26971 176.827 4135.18 81398.1 1.35655e+06 2.90929e+07 8.36662e+08 2.94935e+09 6.04271e+09 9.56795e+09 1.29144e+10 1.55133e+10 1.69298e+10 1.69298e+10 1.55133e+10 1.29144e+10 9.56795e+09 6.04271e+09 2.94935e+09 8.36662e+08 2.90929e+07 1.35655e+06 81398.1 4135.18 176.827 6.26971
0.512707 12.2981 244.361 4373.19 77333.6 1.46378e+06 2.07218e+07 7.00424e+07 1.42863e+08 2.26081e+08 3.05136e+08 3.66545e+08 4.0002e+08 4.0002e+08 3.66545e+08 3.05136e+08 2.26081e+08 1.42863e+08 7.00424e+07 2.07218e+07 1.46378e+06 77333.6 4373.19 244.361 12.2982 0.512707
0.0354825 0.761557 13.817 235.424 3856.51 55561.4 516476 1.66713e+06 3.37835e+06 5.34092e+06 7.20746e+06 8.65792e+06 9.44871e+06 9.44871e+06 8.65792e+06 7.20746e+06 5.34092e+06 3.37835e+06 1.66713e+06 516476 55561.4 3856.51 235.424 13.817 0.761557 0.0354825
0.00220724 0.0437977 0.739591 11.6084 163.672 1834.85 12888.4 39717.9 79831.3 126021 170018 204226 222881 222881 204226 170018 126021 79831.3 39717.9 12888.4 1834.85 163.672 11.6084 0.739591 0.0437977 0.00220724
0.00011579 0.00215746 0.0338271 0.478862 5.78276 52.9877 306.561 905.052 1802.82 2840.64 3830.95 4601.45 5021.71 5021.71 4601.45 3830.95 2840.64 1802.82 905.052 306.561 52.9877 5.78276 0.478862 0.0338271 0.00215746 0.00011579
