0.00494755 0.0928334 1.46261 20.7717 251.614 2315.12 13473.3 40109.5 80645.9 128199 174152 210238 230031 230031 210238 174152 128199 80645.9 40109.5 13473.3 2315.12 251.614 20.7717 1.46261 0.0928334 0.00494756
0.0952817 1.90891 32.4347 510.647 7212.49 81069.1 572291 1.77895e+06 3.61122e+06 5.75415e+06 7.82242e+06 9.44599e+06 1.03364e+07 1.03364e+07 9.44599e+06 7.82242e+06 5.75415e+06 3.61122e+06 1.77895e+06 572291 81069.1 7212.49 510.647 32.4347 1.90891 0.0952817
1.54461 33.5378 613.435 10491.9 171892 2.47651e+06 2.30976e+07 7.52313e+07 1.54058e+08 2.45959e+08 3.34562e+08 4.04093e+08 4.42223e+08 4.42223e+08 4.04093e+08 3.34562e+08 2.45959e+08 1.54058e+08 7.52313e+07 2.30976e+07 2.47651e+06 171892 10491.9 613.435 33.5378 1.54461
22.4555 545.483 10949.3 197251 3.4889e+06 6.57496e+07 9.31184e+08 3.17738e+09 6.55298e+09 1.04773e+10 1.4258e+10 1.72243e+10 1.88509e+10 1.88509e+10 1.72243e+10 1.4258e+10 1.04773e+10 6.55298e+09 3.17738e+09 9.31184e+08 6.57496e+07 3.4889e+06 197251 10949.3 545.483 22.4555
275.863 7877.67 186193 3.70069e+06 6.20879e+07 1.31908e+09 3.77059e+10 1.34259e+11 2.78315e+11 4.45441e+11 6.06391e+11 7.32655e+11 8.01884e+11 8.01884e+11 7.32655e+11 6.06391e+11 4.45441e+11 2.78315e+11 1.34259e+11 3.77059e+10 1.31908e+09 6.20879e+07 3.70069e+06 186193 7877.67 275.863
2551.85 89341.2 2.72855e+06 7.24158e+07 1.45159e+09 2.13671e+10 1.86517e+12 6.79824e+12 1.40938e+13 2.25397e+13 3.06678e+13 3.70422e+13 4.05365e+13 4.05365e+13 3.70422e+13 3.06678e+13 2.25397e+13 1.40938e+13 6.79824e+12 1.86517e+12 2.13671e+10 1.45159e+09 7.24158e+07 2.72855e+06 89341.2 2551.85
14853.6 630862 2.54593e+07 1.02632e+09 4.15552e+10 2.01134e+12 1.77849e+14 6.23046e+14 1.27014e+15 2.01321e+15 2.72548e+15 3.28315e+15 3.5887e+15 3.5887e+15 3.28315e+15 2.72548e+15 2.01321e+15 1.27014e+15 6.23046e+14 1.77849e+14 2.01134e+12 4.15552e+10 1.02632e+09 2.54593e+07 630862 14853.6
44196.8 1.96003e+06 8.28802e+07 3.50007e+09 1.4788e+11 7.34155e+12 6.25927e+14 2.18661e+15 4.45214e+15 7.05194e+15 9.54312e+15 1.14932e+16 1.25617e+16 1.25617e+16 1.14932e+16 9.54312e+15 7.05194e+15 4.45214e+15 2.18661e+15 6.25927e+14 7.34155e+12 1.4788e+11 3.50007e+09 8.28802e+07 1.96003e+06 44196.8
88807.8 3.97624e+06 1.6961e+08 7.21367e+09 3.06342e+11 1.52202e+13 1.27798e+15 4.4591e+15 9.07407e+15 1.4368e+16 1.94397e+16 2.34093e+16 2.55842e+16 2.55842e+16 2.34093e+16 1.94397e+16 1.4368e+16 9.07407e+15 4.4591e+15 1.27798e+15 1.52202e+13 3.06342e+11 7.21367e+09 1.6961e+08 3.97624e+06 88807.8
141076 6.3313e+06 2.70592e+08 1.15251e+10 4.89925e+11 2.43309e+13 2.0268e+15 7.06719e+15 1.43767e+16 2.27594e+16 3.07887e+16 3.70728e+16 4.05153e+16 4.05153e+16 3.70728e+16 3.07887e+16 2.27594e+16 1.43767e+16 7.06719e+15 2.0268e+15 2.43309e+13 4.89925e+11 1.15251e+10 2.70592e+08 6.3313e+06 141076
191520 8.60122e+06 3.67814e+08 1.56727e+10 6.66456e+11 3.30871e+13 2.74426e+15 9.56527e+15 1.94546e+16 3.07939e+16 4.16537e+16 5.01522e+16 5.48077e+16 5.48077e+16 5.01522e+16 4.16537e+16 3.07939e+16 1.94546e+16 9.56527e+15 2.74426e+15 3.30871e+13 6.66456e+11 1.56727e+10 3.67814e+08 8.60122e+06 191520
231086 1.03809e+07 4.44012e+08 1.89226e+10 8.04756e+11 3.9945e+13 3.30562e+15 1.15196e+16 2.34269e+16 3.70783e+16 5.01514e+16 6.03814e+16 6.59851e+16 6.59851e+16 6.03814e+16 5.01514e+16 3.70783e+16 2.34269e+16 1.15196e+16 3.30562e+15 3.9945e+13 8.04756e+11 1.89226e+10 4.44012e+08 1.03809e+07 231086
252770 1.13562e+07 4.85761e+08 2.0703e+10 8.80512e+11 4.3701e+13 3.61304e+15 1.25898e+16 2.56021e+16 4.05195e+16 5.48043e+16 6.59821e+16 7.21049e+16 7.21049e+16 6.59821e+16 5.48043e+16 4.05195e+16 2.56021e+16 1.25898e+16 3.61304e+15 4.3701e+13 8.80512e+11 2.0703e+10 4.85761e+08 1.13562e+07 252770
252770 1.13562e+07 4.85761e+08 2.0703e+10 8.80512e+11 4.3701e+13 3.61304e+15 1.25898e+16 2.56021e+16 4.05195e+16 5.48043e+16 6.59821e+16 7.21049e+16 7.21049e+16 6.59821e+16 5.48043e+16 4.05195e+16 2.56021e+16 1.25898e+16 3.61304e+15 4.3701e+13 8.80512e+11 2.0703e+10 4.85761e+08 1.13562e+07 252770
231086 1.03809e+07 4.44012e+08 1.89226e+10 8.04756e+11 3.9945e+13 3.30562e+15 1.15196e+16 2.34269e+16 3.70783e+16 5.01514e+16 6.03814e+16 6.59851e+16 6.59851e+16 6.03814e+16 5.01514e+16 3.70783e+16 2.34269e+16 1.15196e+16 3.30562e+15 3.9945e+13 8.04756e+11 1.89226e+10 4.44012e+08 1.03809e+07 231086
191520 8.60122e+06 3.67814e+08 1.56727e+10 6.66456e+11 3.3087e+13 2.74426e+15 9.56527e+15 1.94546e+16 3.07939e+16 4.16537e+16 5.01522e+16 5.48077e+16 5.48077e+16 5.01522e+16 4.16537e+16 3.07939e+16 1.94546e+16 9.56527e+15 2.74426e+15 3.30871e+13 6.66456e+11 1.56727e+10 3.67814e+08 8.60122e+06 191520
141076 6.3313e+06 2.70592e+08 1.15251e+10 4.89925e+11 2.43309e+13 2.0268e+15 7.06719e+15 1.43767e+16 2.27594e+16 3.07887e+16 3.70728e+16 4.05153e+16 4.05153e+16 3.70728e+16 3.07887e+16 2.27594e+16 1.43767e+16 7.06719e+15 2.0268e+15 2.43309e+13 4.89925e+11 1.15251e+10 2.70592e+08 6.3313e+06 141076
88807.8 3.97624e+06 1.6961e+08 7.21367e+09 3.06342e+11 1.52202e+13 1.27798e+15 4.4591e+15 9.07407e+15 1.4368e+16 1.94397e+16 2.34093e+16 2.55842e+16 2.55842e+16 2.34093e+16 1.94397e+16 1.4368e+16 9.07407e+15 4.4591e+15 1.27798e+15 1.52202e+13 3.06342e+11 7.21367e+09 1.6961e+08 3.97624e+06 88807.8
44196.8 1.96003e+06 8.28802e+07 3.50007e+09 1.4788e+11 7.34155e+12 6.25927e+14 2.18661e+15 4.45214e+15 7.05194e+15 9.54312e+15 1.14932e+16 1.25617e+16 1.25617e+16 1.14932e+16 9.54312e+15 7.05194e+15 4.45214e+15 2.18661e+15 6.25927e+14 7.34155e+12 1.4788e+11 3.50007e+09 8.28802e+07 1.96003e+06 44196.8
14853.6 630862 2.54593e+07 1.02632e+09 4.15552e+10 2.01134e+12 1.77849e+14 6.23046e+14 1.27014e+15 2.01321e+15 2.72548e+15 3.28315e+15 3.5887e+15 3.5887e+15 3.28315e+15 2.72548e+15 2.01321e+15 1.27014e+15 6.23046e+14 1.77849e+14 2.01134e+12 4.15552e+10 1.02632e+09 2.54593e+07 630862 14853.6
2551.85 89341.2 2.72855e+06 7.24158e+07 1.45159e+09 2.13671e+10 1.86517e+12 6.79824e+12 1.40938e+13 2.25397e+13 3.06678e+13 3.70422e+13 4.05365e+13 4.05365e+13 3.70422e+13 3.06678e+13 2.25397e+13 1.40938e+13 6.79824e+12 1.86517e+12 2.13671e+10 1.45159e+09 7.24158e+07 2.72855e+06 89341.2 2551.85
275.863 7877.67 186193 3.70069e+06 6.20879e+07 1.31908e+09 3.77059e+10 1.34259e+11 2.78315e+11 4.45441e+11 6.06391e+11 7.32655e+11 8.01884e+11 8.01884e+11 7.32655e+11 6.06391e+11 4.45441e+11 2.78315e+11 1.34259e+11 3.77059e+10 1.31908e+09 6.20879e+07 3.70069e+06 186193 7877.67 275.863
22.4555 545.483 10949.3 197251 3.4889e+06 6.57496e+07 9.31184e+08 3.17738e+09 6.55298e+09 1.04773e+10 1.4258e+10 1.72243e+10 1.88509e+10 1.88509e+10 1.72243e+10 1.4258e+10 1.04773e+10 6.55298e+09 3.17738e+09 9.31184e+08 6.57496e+07 3.4889e+06 197251 10949.3 545.483 22.4555
1.54461 33.5378 613.435 10491.9 171892 2.47651e+06 2.30976e+07 7.52313e+07 1.54058e+08 2.45959e+08 3.34562e+08 4.04093e+08 4.42223e+08 4.42223e+08 4.04093e+08 3.34562e+08 2.45959e+08 1.54058e+08 7.52313e+07 2.30976e+07 2.47651e+06 171892 10491.9 613.435 33.5378 1.54461
0.0952817 1.90891 32.4347 510.647 7212.49 81069.1 572291 1.77895e+06 3.61122e+06 5.75415e+06 7.82242e+06 9.44599e+06 1.03364e+07 1.03364e+07 9.44599e+06 7.82242e+06 5.75415e+06 3.61122e+06 1.77895e+06 572291 81069.1 7212.49 510.647 32.4347 1.90891 0.0952816
0.00494756 0.0928334 1.46261 20.7717 251.614 2315.12 13473.3 40109.5 80645.9 128199 174152 210238 230031 230031 210238 174152 128199 80645.9 40109.5 13473.3 2315.12 251.614 20.7717 1.46261 0.0928334 0.00494755
