22.0272 406.994 6278.21 86926.3 1.0259e+06 9.2206e+06 5.25269e+07 1.52329e+08 2.96398e+08 4.54569e+08 5.9706e+08 7.02198e+08 7.57435e+08 7.57435e+08 7.02198e+08 5.9706e+08 4.54569e+08 2.96398e+08 1.52329e+08 5.25269e+07 9.2206e+06 1.0259e+06 86926.3 6278.21 406.994 22.0272
422.613 8363 139585 2.14229e+06 2.93708e+07 3.21258e+08 2.21735e+09 6.70811e+09 1.31569e+10 2.0188e+10 2.64894e+10 3.11213e+10 3.35488e+10 3.35488e+10 3.11213e+10 2.64894e+10 2.0188e+10 1.31569e+10 6.70811e+09 2.21735e+09 3.21258e+08 2.93708e+07 2.14229e+06 139585 8363 422.613
6795.61 146514 2.65296e+06 4.44578e+07 7.04791e+08 9.81267e+09 8.92701e+10 2.82695e+11 5.5838e+11 8.56774e+11 1.12279e+12 1.31756e+12 1.41937e+12 1.41937e+12 1.31756e+12 1.12279e+12 8.56774e+11 5.5838e+11 2.82695e+11 8.92701e+10 9.81267e+09 7.04791e+08 4.44578e+07 2.65296e+06 146514 6795.61
97383.9 2.35846e+06 4.73043e+07 8.46679e+08 1.45669e+10 2.62022e+11 3.59908e+12 1.19267e+13 2.36834e+13 3.63191e+13 4.75275e+13 5.57016e+13 5.99629e+13 5.99629e+13 5.57016e+13 4.75275e+13 3.63191e+13 2.36834e+13 1.19267e+13 3.59908e+12 2.62022e+11 1.45669e+10 8.46679e+08 4.73043e+07 2.35846e+06 97383.9
1.17305e+06 3.34136e+07 7.92451e+08 1.5885e+10 2.672e+11 5.35946e+12 1.46011e+14 5.0428e+14 1.00464e+15 1.539e+15 2.01076e+15 2.35346e+15 2.53162e+15 2.53162e+15 2.35346e+15 2.01076e+15 1.539e+15 1.00464e+15 5.0428e+14 1.46011e+14 5.35946e+12 2.672e+11 1.5885e+10 7.92451e+08 3.34136e+07 1.17305e+06
1.06111e+07 3.69859e+08 1.13069e+10 3.0243e+11 6.20576e+12 9.42151e+13 7.29748e+15 2.57927e+16 5.14004e+16 7.87142e+16 1.02849e+17 1.20406e+17 1.29545e+17 1.29545e+17 1.20406e+17 1.02849e+17 7.87142e+16 5.14004e+16 2.57927e+16 7.29748e+15 9.42151e+13 6.20576e+12 3.0243e+11 1.13069e+10 3.69859e+08 1.06111e+07
6.03119e+07 2.54541e+09 1.02455e+11 4.12968e+12 1.67494e+14 8.06738e+15 6.92935e+17 2.38083e+18 4.73002e+18 7.28888e+18 9.61362e+18 1.13521e+19 1.22758e+19 1.22758e+19 1.13521e+19 9.61362e+18 7.28888e+18 4.73002e+18 2.38083e+18 6.92935e+17 8.06738e+15 1.67494e+14 4.12968e+12 1.02455e+11 2.54541e+09 6.03119e+07
1.74629e+08 7.68747e+09 3.23852e+11 1.36582e+13 5.77288e+14 2.85374e+16 2.39097e+18 8.19542e+18 1.62587e+19 2.5027e+19 3.29817e+19 3.8924e+19 4.20789e+19 4.20789e+19 3.8924e+19 3.29817e+19 2.5027e+19 1.62587e+19 8.19542e+18 2.39097e+18 2.85374e+16 5.77288e+14 1.36582e+13 3.23852e+11 7.68747e+09 1.74629e+08
3.39412e+08 1.50606e+10 6.38927e+11 2.70894e+13 1.14869e+15 5.68175e+16 4.74938e+18 1.62564e+19 3.21922e+19 4.94573e+19 6.50609e+19 7.66786e+19 8.28329e+19 8.28329e+19 7.66786e+19 6.50609e+19 4.94573e+19 3.21922e+19 1.62564e+19 4.74938e+18 5.68175e+16 1.14869e+15 2.70894e+13 6.38927e+11 1.50606e+10 3.39412e+08
5.20072e+08 2.30879e+10 9.7944e+11 4.1502e+13 1.75791e+15 8.68883e+16 7.30723e+18 2.49851e+19 4.9382e+19 7.5697e+19 9.93697e+19 1.16924e+20 1.26197e+20 1.26197e+20 1.16924e+20 9.93697e+19 7.5697e+19 4.9382e+19 2.49851e+19 7.30723e+18 8.68883e+16 1.75791e+15 4.1502e+13 9.7944e+11 2.30879e+10 5.20072e+08
6.82602e+08 3.02719e+10 1.28257e+12 5.42672e+13 2.29492e+15 1.13367e+17 9.61908e+18 3.28638e+19 6.48392e+19 9.91827e+19 1.2994e+20 1.52657e+20 1.64626e+20 1.64626e+20 1.52657e+20 1.2994e+20 9.91827e+19 6.48392e+19 3.28638e+19 9.61908e+18 1.13367e+17 2.29492e+15 5.42672e+13 1.28257e+12 3.02719e+10 6.82602e+08
8.02388e+08 3.55463e+10 1.50423e+12 6.35647e+13 2.68449e+15 1.32566e+17 1.13397e+19 3.87216e+19 7.62937e+19 1.16516e+20 1.52412e+20 1.78843e+20 1.92738e+20 1.92738e+20 1.78843e+20 1.52412e+20 1.16516e+20 7.62937e+19 3.87216e+19 1.13397e+19 1.32566e+17 2.68449e+15 6.35647e+13 1.50423e+12 3.55463e+10 8.02388e+08
8.65273e+08 3.83083e+10 1.62e+12 6.84075e+13 2.88685e+15 1.42537e+17 1.22507e+19 4.18212e+19 8.23413e+19 1.25642e+20 1.64211e+20 1.92563e+20 2.0745e+20 2.0745e+20 1.92563e+20 1.64211e+20 1.25642e+20 8.23413e+19 4.18212e+19 1.22507e+19 1.42537e+17 2.88685e+15 6.84075e+13 1.62e+12 3.83083e+10 8.65273e+08
8.65273e+08 3.83083e+10 1.62e+12 6.84075e+13 2.88685e+15 1.42537e+17 1.22507e+19 4.18212e+19 8.23413e+19 1.25642e+20 1.64211e+20 1.92563e+20 2.0745e+20 2.0745e+20 1.92563e+20 1.64211e+20 1.25642e+20 8.23413e+19 4.18212e+19 1.22507e+19 1.42537e+17 2.88685e+15 6.84075e+13 1.62e+12 3.83083e+10 8.65273e+08
8.02388e+08 3.55463e+10 1.50423e+12 6.35647e+13 2.68449e+15 1.32566e+17 1.13397e+19 3.87216e+19 7.62937e+19 1.16516e+20 1.52412e+20 1.78843e+20 1.92738e+20 1.92738e+20 1.78843e+20 1.52412e+20 1.16516e+20 7.62937e+19 3.87216e+19 1.13397e+19 1.32566e+17 2.68449e+15 6.35647e+13 1.50423e+12 3.55463e+10 8.02388e+08
6.82602e+08 3.02719e+10 1.28257e+12 5.42672e+13 2.29492e+15 1.13367e+17 9.61908e+18 3.28638e+19 6.48392e+19 9.91827e+19 1.2994e+20 1.52657e+20 1.64626e+20 1.64626e+20 1.52657e+20 1.2994e+20 9.91827e+19 6.48392e+19 3.28638e+19 9.61908e+18 1.13367e+17 2.29492e+15 5.42672e+13 1.28257e+12 3.02719e+10 6.82602e+08
5.20072e+08 2.30879e+10 9.7944e+11 4.1502e+13 1.75791e+15 8.68883e+16 7.30723e+18 2.49851e+19 4.9382e+19 7.5697e+19 9.93697e+19 1.16924e+20 1.26197e+20 1.26197e+20 1.16924e+20 9.93697e+19 7.5697e+19 4.9382e+19 2.49851e+19 7.30723e+18 8.68883e+16 1.75791e+15 4.1502e+13 9.7944e+11 2.30879e+10 5.20072e+08
3.39412e+08 1.50606e+10 6.38927e+11 2.70894e+13 1.14869e+15 5.68175e+16 4.74938e+18 1.62564e+19 3.21922e+19 4.94573e+19 6.50609e+19 7.66786e+19 8.28329e+19 8.28329e+19 7.66786e+19 6.50609e+19 4.94573e+19 3.21922e+19 1.62564e+19 4.74938e+18 5.68175e+16 1.14869e+15 2.70894e+13 6.38927e+11 1.50606e+10 3.39412e+08
1.74629e+08 7.68747e+09 3.23852e+11 1.36582e+13 5.77288e+14 2.85374e+16 2.39097e+18 8.19542e+18 1.62587e+19 2.5027e+19 3.29817e+19 3.8924e+19 4.20789e+19 4.20789e+19 3.8924e+19 3.29817e+19 2.5027e+19 1.62587e+19 8.19542e+18 2.39097e+18 2.85374e+16 5.77288e+14 1.36582e+13 3.23852e+11 7.68747e+09 1.74629e+08
6.03119e+07 2.54541e+09 1.02455e+11 4.12968e+12 1.67494e+14 8.06738e+15 6.92935e+17 2.38083e+18 4.73002e+18 7.28888e+18 9.61362e+18 1.13521e+19 1.22758e+19 1.22758e+19 1.13521e+19 9.61362e+18 7.28888e+18 4.73002e+18 2.38083e+18 6.92935e+17 8.06738e+15 1.67494e+14 4.12968e+12 1.02455e+11 2.54541e+09 6.03119e+07
1.06111e+07 3.69859e+08 1.13069e+10 3.0243e+11 6.20576e+12 9.42151e+13 7.29748e+15 2.57927e+16 5.14004e+16 7.87142e+16 1.02849e+17 1.20406e+17 1.29545e+17 1.29545e+17 1.20406e+17 1.02849e+17 7.87142e+16 5.14004e+16 2.57927e+16 7.29748e+15 9.42151e+13 6.20576e+12 3.0243e+11 1.13069e+10 3.69859e+08 1.06111e+07
1.17305e+06 3.34136e+07 7.92451e+08 1.5885e+10 2.672e+11 5.35946e+12 1.46011e+14 5.0428e+14 1.00464e+15 1.539e+15 2.01076e+15 2.35346e+15 2.53162e+15 2.53162e+15 2.35346e+15 2.01076e+15 1.539e+15 1.00464e+15 5.0428e+14 1.46011e+14 5.35946e+12 2.672e+11 1.5885e+10 7.92451e+08 3.34136e+07 1.17305e+06
97383.9 2.35846e+06 4.73043e+07 8.46679e+08 1.45669e+10 2.62022e+11 3.59908e+12 1.19267e+13 2.36834e+13 3.63191e+13 4.75275e+13 5.57016e+13 5.99629e+13 5.99629e+13 5.57016e+13 4.75275e+13 3.63191e+13 2.36834e+13 1.19267e+13 3.59908e+12 2.62022e+11 1.45669e+10 8.46679e+08 4.73043e+07 2.35846e+06 97383.9
6795.61 146514 2.65296e+06 4.44578e+07 7.04791e+08 9.81267e+09 8.92701e+10 2.82695e+11 5.5838e+11 8.56774e+11 1.12279e+12 1.31756e+12 1.41937e+12 1.41937e+12 1.31756e+12 1.12279e+12 8.56774e+11 5.5838e+11 2.82695e+11 8.92701e+10 9.81267e+09 7.04791e+08 4.44578e+07 2.65296e+06 146514 6795.61
422.613 8363 139585 2.14229e+06 2.93708e+07 3.21258e+08 2.21735e+09 6.70811e+09 1.31569e+10 2.0188e+10 2.64894e+10 3.11213e+10 3.35488e+10 3.35488e+10 3.11213e+10 2.64894e+10 2.0188e+10 1.31569e+10 6.70811e+09 2.21735e+09 3.21258e+08 2.93708e+07 2.14229e+06 139585 8363 422.613
22.0272 406.994 6278.21 86926.3 1.0259e+06 9.2206e+06 5.25269e+07 1.52329e+08 2.96398e+08 4.54569e+08 5.9706e+08 7.02198e+08 7.57435e+08 7.57435e+08 7.02198e+08 5.9706e+08 4.54569e+08 2.96398e+08 1.52329e+08 5.25269e+07 9.2206e+06 1.0259e+06 86926.3 6278.21 406.994 22.0272
