1.20033 22.5636 357.182 5102.61 62139.2 573794 3.34334e+06 9.93449e+06 1.98897e+07 3.14317e+07 4.24292e+07 5.09502e+07 5.5579e+07 5.5579e+07 5.09502e+07 4.24292e+07 3.14317e+07 1.98897e+07 9.93449e+06 3.34334e+06 573794 62139.2 5102.61 357.182 22.5636 1.20033
23.0732 461.902 7874.89 124721 1.7729e+06 2.00223e+07 1.4161e+08 4.39307e+08 8.87673e+08 1.40548e+09 1.89778e+09 2.27874e+09 2.48553e+09 2.48553e+09 2.27874e+09 1.89778e+09 1.40548e+09 8.87673e+08 4.39307e+08 1.4161e+08 2.00223e+07 1.7729e+06 124721 7874.89 461.902 23.0732
374.271 8103.64 148432 2.55192e+06 4.21328e+07 6.11155e+08 5.71711e+09 1.85826e+10 3.78675e+10 6.00505e+10 8.1098e+10 9.73658e+10 1.0619e+11 1.0619e+11 9.73658e+10 8.1098e+10 6.00505e+10 3.78675e+10 1.85826e+10 5.71711e+09 6.11155e+08 4.21328e+07 2.55192e+06 148432 8103.64 374.271
5454.75 131963 2.64667e+06 4.77944e+07 8.51799e+08 1.62201e+10 2.30856e+11 7.86064e+11 1.61287e+12 2.56048e+12 3.45806e+12 4.15105e+12 4.52666e+12 4.52666e+12 4.15105e+12 3.45806e+12 2.56048e+12 1.61287e+12 7.86064e+11 2.30856e+11 1.62201e+10 8.51799e+08 4.77944e+07 2.64667e+06 131963 5454.75
67238.9 1.91192e+06 4.51076e+07 8.95629e+08 1.5049e+10 3.24535e+11 9.36622e+12 3.32794e+13 6.86192e+13 1.09007e+14 1.47212e+14 1.76676e+14 1.92635e+14 1.92635e+14 1.76676e+14 1.47212e+14 1.09007e+14 6.86192e+13 3.32794e+13 9.36622e+12 3.24535e+11 1.5049e+10 8.95629e+08 4.51076e+07 1.91192e+06 67238.9
623936 2.17656e+07 6.64068e+08 1.76108e+10 3.51727e+11 5.15911e+12 4.63374e+14 1.68614e+15 3.47819e+15 5.52266e+15 7.45592e+15 8.94688e+15 9.75443e+15 9.75443e+15 8.94688e+15 7.45592e+15 5.52266e+15 3.47819e+15 1.68614e+15 4.63374e+14 5.15911e+12 3.51727e+11 1.76108e+10 6.64068e+08 2.17656e+07 623936
3.6375e+06 1.54068e+08 6.22016e+09 2.51175e+11 1.0191e+13 4.9527e+14 4.41533e+16 1.54656e+17 3.14646e+17 4.97044e+17 6.70297e+17 8.0475e+17 8.77951e+17 8.77951e+17 8.0475e+17 6.70297e+17 4.97044e+17 3.14646e+17 1.54656e+17 4.41533e+16 4.9527e+14 1.0191e+13 2.51175e+11 6.22016e+09 1.54068e+08 3.6375e+06
1.08025e+07 4.77691e+08 2.02065e+10 8.54774e+11 3.61894e+13 1.804e+15 1.55241e+17 5.42236e+17 1.10179e+18 1.7393e+18 2.3447e+18 2.81451e+18 3.07031e+18 3.07031e+18 2.81451e+18 2.3447e+18 1.7393e+18 1.10179e+18 5.42236e+17 1.55241e+17 1.804e+15 3.61894e+13 8.54774e+11 2.02065e+10 4.77691e+08 1.08025e+07
2.16064e+07 9.6427e+08 4.11346e+10 1.75201e+12 7.45392e+13 3.71908e+15 3.16076e+17 1.10266e+18 2.23884e+18 3.53223e+18 4.75967e+18 5.71176e+18 6.23e+18 6.23e+18 5.71176e+18 4.75967e+18 3.53223e+18 2.23884e+18 1.10266e+18 3.16076e+17 3.71908e+15 7.45392e+13 1.75201e+12 4.11346e+10 9.6427e+08 2.16064e+07
3.41044e+07 1.52491e+09 6.51499e+10 2.77778e+12 1.18254e+14 5.89835e+15 4.99167e+17 1.74027e+18 3.53145e+18 5.5687e+18 7.50058e+18 8.99818e+18 9.81303e+18 9.81303e+18 8.99818e+18 7.50058e+18 5.5687e+18 3.53145e+18 1.74027e+18 4.99167e+17 5.89835e+15 1.18254e+14 2.77778e+12 6.51499e+10 1.52491e+09 3.41044e+07
4.59835e+07 2.05656e+09 8.78751e+10 3.7467e+12 1.59485e+14 7.95289e+15 6.72706e+17 2.34451e+18 4.75566e+18 7.49595e+18 1.00926e+19 1.21044e+19 1.31986e+19 1.31986e+19 1.21044e+19 1.00926e+19 7.49595e+18 4.75566e+18 2.34451e+18 6.72706e+17 7.95289e+15 1.59485e+14 3.7467e+12 8.78751e+10 2.05656e+09 4.59835e+07
5.51666e+07 2.467e+09 1.05396e+11 4.49282e+12 1.91198e+14 9.53285e+15 8.0709e+17 2.81245e+18 5.7033e+18 8.98692e+18 1.20967e+19 1.4505e+19 1.58144e+19 1.58144e+19 1.4505e+19 1.20967e+19 8.98692e+18 5.7033e+18 2.81245e+18 8.0709e+17 9.53285e+15 1.91198e+14 4.49282e+12 1.05396e+11 2.467e+09 5.51666e+07
6.01472e+07 2.68942e+09 1.14883e+11 4.89649e+12 2.08342e+14 1.03869e+16 8.80138e+17 3.06684e+18 6.21833e+18 9.79695e+18 1.31851e+19 1.58083e+19 1.72344e+19 1.72344e+19 1.58083e+19 1.31851e+19 9.79695e+18 6.21833e+18 3.06684e+18 8.80138e+17 1.03869e+16 2.08342e+14 4.89649e+12 1.14883e+11 2.68942e+09 6.01472e+07
6.01472e+07 2.68942e+09 1.14883e+11 4.89649e+12 2.08342e+14 1.03869e+16 8.80138e+17 3.06684e+18 6.21833e+18 9.79695e+18 1.31851e+19 1.58083e+19 1.72344e+19 1.72344e+19 1.58083e+19 1.31851e+19 9.79695e+18 6.21833e+18 3.06684e+18 8.80138e+17 1.03869e+16 2.08342e+14 4.89649e+12 1.14883e+11 2.68942e+09 6.01472e+07
5.51666e+07 2.467e+09 1.05396e+11 4.49282e+12 1.91198e+14 9.53285e+15 8.0709e+17 2.81245e+18 5.7033e+18 8.98692e+18 1.20967e+19 1.4505e+19 1.58144e+19 1.58144e+19 1.4505e+19 1.20967e+19 8.98692e+18 5.7033e+18 2.81245e+18 8.0709e+17 9.53285e+15 1.91198e+14 4.49282e+12 1.05396e+11 2.467e+09 5.51666e+07
4.59835e+07 2.05656e+09 8.78751e+10 3.7467e+12 1.59485e+14 7.95289e+15 6.72706e+17 2.34451e+18 4.75566e+18 7.49595e+18 1.00926e+19 1.21044e+19 1.31986e+19 1.31986e+19 1.21044e+19 1.00926e+19 7.49595e+18 4.75566e+18 2.34451e+18 6.72706e+17 7.95289e+15 1.59485e+14 3.7467e+12 8.78751e+10 2.05656e+09 4.59835e+07
3.41044e+07 1.52491e+09 6.51499e+10 2.77778e+12 1.18254e+14 5.89835e+15 4.99167e+17 1.74027e+18 3.53145e+18 5.5687e+18 7.50058e+18 8.99818e+18 9.81303e+18 9.81303e+18 8.99818e+18 7.50058e+18 5.5687e+18 3.53145e+18 1.74027e+18 4.99167e+17 5.89835e+15 1.18254e+14 2.77778e+12 6.51499e+10 1.52491e+09 3.41044e+07
2.16064e+07 9.6427e+08 4.11346e+10 1.75201e+12 7.45392e+13 3.71908e+15 3.16076e+17 1.10266e+18 2.23884e+18 3.53223e+18 4.75967e+18 5.71176e+18 6.23e+18 6.23e+18 5.71176e+18 4.75967e+18 3.53223e+18 2.23884e+18 1.10266e+18 3.16076e+17 3.71908e+15 7.45392e+13 1.75201e+12 4.11346e+10 9.6427e+08 2.16064e+07
1.08025e+07 4.77691e+08 2.02065e+10 8.54774e+11 3.61894e+13 1.804e+15 1.55241e+17 5.42236e+17 1.10179e+18 1.7393e+18 2.3447e+18 2.81451e+18 3.07031e+18 3.07031e+18 2.81451e+18 2.3447e+18 1.7393e+18 1.10179e+18 5.42236e+17 1.55241e+17 1.804e+15 3.61894e+13 8.54774e+11 2.02065e+10 4.77691e+08 1.08025e+07
3.6375e+06 1.54068e+08 6.22016e+09 2.51175e+11 1.0191e+13 4.9527e+14 4.41533e+16 1.54656e+17 3.14646e+17 4.97044e+17 6.70297e+17 8.0475e+17 8.77951e+17 8.77951e+17 8.0475e+17 6.70297e+17 4.97044e+17 3.14646e+17 1.54656e+17 4.41533e+16 4.9527e+14 1.0191e+13 2.51175e+11 6.22016e+09 1.54068e+08 3.6375e+06
623936 2.17656e+07 6.64068e+08 1.76108e+10 3.51727e+11 5.15911e+12 4.63374e+14 1.68614e+15 3.47819e+15 5.52266e+15 7.45592e+15 8.94688e+15 9.75443e+15 9.75443e+15 8.94688e+15 7.45592e+15 5.52266e+15 3.47819e+15 1.68614e+15 4.63374e+14 5.15911e+12 3.51727e+11 1.76108e+10 6.64068e+08 2.17656e+07 623936
67238.9 1.91192e+06 4.51076e+07 8.95629e+08 1.5049e+10 3.24535e+11 9.36622e+12 3.32794e+13 6.86192e+13 1.09007e+14 1.47212e+14 1.76676e+14 1.92635e+14 1.92635e+14 1.76676e+14 1.47212e+14 1.09007e+14 6.86192e+13 3.32794e+13 9.36622e+12 3.24535e+11 1.5049e+10 8.95629e+08 4.51076e+07 1.91192e+06 67238.9
5454.75 131963 2.64667e+06 4.77944e+07 8.51799e+08 1.62201e+10 2.30856e+11 7.86064e+11 1.61287e+12 2.56048e+12 3.45806e+12 4.15105e+12 4.52666e+12 4.52666e+12 4.15105e+12 3.45806e+12 2.56048e+12 1.61287e+12 7.86064e+11 2.30856e+11 1.62201e+10 8.51799e+08 4.77944e+07 2.64667e+06 131963 5454.75
374.271 8103.64 148432 2.55192e+06 4.21328e+07 6.11155e+08 5.71711e+09 1.85826e+10 3.78675e+10 6.00505e+10 8.1098e+10 9.73658e+10 1.0619e+11 1.0619e+11 9.73658e+10 8.1098e+10 6.00505e+10 3.78675e+10 1.85826e+10 5.71711e+09 6.11155e+08 4.21328e+07 2.55192e+06 148432 8103.64 374.271
23.0732 461.902 7874.89 124721 1.7729e+06 2.00223e+07 1.4161e+08 4.39307e+08 8.87673e+08 1.40548e+09 1.89778e+09 2.27874e+09 2.48553e+09 2.48553e+09 2.27874e+09 1.89778e+09 1.40548e+09 8.87673e+08 4.39307e+08 1.4161e+08 2.00223e+07 1.7729e+06 124721 7874.89 461.902 23.0732
1.20033 22.5636 357.182 5102.61 62139.2 573794 3.34334e+06 9.93449e+06 1.98897e+07 3.14317e+07 4.24292e+07 5.09502e+07 5.5579e+07 5.5579e+07 5.09502e+07 4.24292e+07 3.14317e+07 1.98897e+07 9.93449e+06 3.34334e+06 573794 62139.2 5102.61 357.182 22.5636 1.20033
