3.4005e-07 6.37484e-06 0.000100955 0.00144672 0.0176763 0.163438 0.951272 2.82116 5.64654 8.94084 12.1119 14.5975 15.96 15.96 14.5975 12.1119 8.94084 5.64654 2.82116 0.951272 0.163438 0.0176763 0.00144672 0.000100955 6.37484e-06 3.4005e-07
6.46682e-06 0.00012875 0.00219162 0.034844 0.498466 5.65391 39.9994 123.846 250.158 396.918 537.988 648.523 709.113 709.113 648.523 537.988 396.918 250.158 123.846 39.9994 5.65391 0.498466 0.034844 0.00219162 0.00012875 6.46682e-06
0.000104037 0.00223212 0.0406293 0.69962 11.6637 170.855 1602.9 5199.32 10590.3 16831.5 22823.9 27518.2 30091.4 30091.4 27518.2 22823.9 16831.5 10590.3 5199.32 1602.9 170.855 11.6637 0.69962 0.0406293 0.00223212 0.000104037
0.0015108 0.0361301 0.715977 12.8424 230.78 4481.36 64301.1 218451 447939 712786 966883 1.16592e+06 1.27504e+06 1.27504e+06 1.16592e+06 966883 712786 447939 218451 64301.1 4481.36 230.78 12.8424 0.715977 0.0361301 0.0015108
0.018625 0.523648 12.1833 238.076 3957.93 88005.4 2.59545e+06 9.19746e+06 1.89481e+07 3.01748e+07 4.09422e+07 4.93774e+07 5.40018e+07 5.40018e+07 4.93774e+07 4.09422e+07 3.01748e+07 1.89481e+07 9.19746e+06 2.59545e+06 88005.4 3957.93 238.076 12.1833 0.523648 0.018625
0.173101 5.98278 180.52 4721.82 92148.9 1.31451e+06 1.27461e+08 4.62404e+08 9.52588e+08 1.51573e+09 2.05548e+09 2.4782e+09 2.70992e+09 2.70992e+09 2.4782e+09 2.05548e+09 1.51573e+09 9.52588e+08 4.62404e+08 1.27461e+08 1.31451e+06 92148.9 4721.82 180.52 5.98278 0.173101
1.01025 42.4802 1702.36 68294.5 2.75691e+06 1.34254e+08 1.21444e+10 4.23566e+10 8.58759e+10 1.3548e+11 1.82795e+11 2.1974e+11 2.39957e+11 2.39957e+11 2.1974e+11 1.82795e+11 1.3548e+11 8.58759e+10 4.23566e+10 1.21444e+10 1.34254e+08 2.75691e+06 68294.5 1702.36 42.4802 1.01025
2.99773 131.609 5525.81 232194 9.77725e+06 4.87706e+08 4.24969e+10 1.47839e+11 2.99428e+11 4.72122e+11 6.36793e+11 7.65345e+11 8.35688e+11 8.35688e+11 7.65345e+11 6.36793e+11 4.72122e+11 2.99428e+11 1.47839e+11 4.24969e+10 4.87705e+08 9.77725e+06 232194 5525.81 131.609 2.99773
5.99876 265.786 11252.9 476016 2.01378e+07 1.00468e+09 8.62448e+10 2.99726e+11 6.06817e+11 9.56591e+11 1.29008e+12 1.5504e+12 1.69284e+12 1.69284e+12 1.5504e+12 1.29008e+12 9.56591e+11 6.06817e+11 2.99726e+11 8.62448e+10 1.00468e+09 2.01378e+07 476016 11252.9 265.786 5.99876
9.49403 421.507 17875.6 757066 3.2052e+07 1.59794e+09 1.36101e+11 4.72737e+11 9.56888e+11 1.50828e+12 2.03395e+12 2.44429e+12 2.66881e+12 2.66881e+12 2.44429e+12 2.03395e+12 1.50828e+12 9.56888e+11 4.72737e+11 1.36101e+11 1.59794e+09 3.2052e+07 757066 17875.6 421.507 9.49402
12.8543 570.999 24225.9 1.02634e+06 4.34631e+07 2.16582e+09 1.83633e+11 6.37636e+11 1.29051e+12 2.03401e+12 2.74282e+12 3.29609e+12 3.59882e+12 3.59882e+12 3.29609e+12 2.74282e+12 2.03401e+12 1.29051e+12 6.37636e+11 1.83633e+11 2.16582e+09 4.34631e+07 1.02634e+06 24225.9 570.999 12.8543
15.4853 687.997 29194.6 1.23702e+06 5.2391e+07 2.61004e+09 2.20727e+11 7.66301e+11 1.55082e+12 2.4442e+12 3.29587e+12 3.96065e+12 4.32438e+12 4.32438e+12 3.96065e+12 3.29587e+12 2.4442e+12 1.55081e+12 7.66301e+11 2.20727e+11 2.61004e+09 5.2391e+07 1.23702e+06 29194.6 687.997 15.4853
16.9264 752.078 31915.9 1.35241e+06 5.72813e+07 2.85334e+09 2.41018e+11 8.36679e+11 1.69319e+12 2.66855e+12 3.59836e+12 4.32413e+12 4.72124e+12 4.72124e+12 4.32413e+12 3.59836e+12 2.66855e+12 1.69319e+12 8.36679e+11 2.41018e+11 2.85334e+09 5.72813e+07 1.35241e+06 31915.9 752.078 16.9264
16.9264 752.078 31915.9 1.35241e+06 5.72813e+07 2.85334e+09 2.41018e+11 8.36679e+11 1.69319e+12 2.66855e+12 3.59836e+12 4.32413e+12 4.72124e+12 4.72124e+12 4.32413e+12 3.59836e+12 2.66855e+12 1.69319e+12 8.36679e+11 2.41018e+11 2.85334e+09 5.72813e+07 1.35241e+06 31915.9 752.078 16.9264
15.4853 687.997 29194.6 1.23702e+06 5.2391e+07 2.61004e+09 2.20727e+11 7.66301e+11 1.55081e+12 2.4442e+12 3.29587e+12 3.96065e+12 4.32438e+12 4.32438e+12 3.96065e+12 3.29587e+12 2.4442e+12 1.55082e+12 7.66301e+11 2.20727e+11 2.61004e+09 5.2391e+07 1.23702e+06 29194.6 687.997 15.4853
12.8543 570.999 24225.9 1.02634e+06 4.34631e+07 2.16582e+09 1.83633e+11 6.37636e+11 1.29051e+12 2.03401e+12 2.74282e+12 3.29609e+12 3.59882e+12 3.59882e+12 3.29609e+12 2.74282e+12 2.03401e+12 1.29051e+12 6.37636e+11 1.83633e+11 2.16582e+09 4.34631e+07 1.02634e+06 24225.9 570.999 12.8543
9.49402 421.507 17875.6 757066 3.2052e+07 1.59794e+09 1.36101e+11 4.72737e+11 9.56888e+11 1.50828e+12 2.03395e+12 2.44429e+12 2.66881e+12 2.66881e+12 2.44429e+12 2.03395e+12 1.50828e+12 9.56888e+11 4.72737e+11 1.36101e+11 1.59794e+09 3.2052e+07 757066 17875.6 421.507 9.49402
5.99876 265.786 11252.9 476016 2.01378e+07 1.00468e+09 8.62448e+10 2.99726e+11 6.06817e+11 9.56591e+11 1.29008e+12 1.5504e+12 1.69284e+12 1.69284e+12 1.5504e+12 1.29008e+12 9.56591e+11 6.06817e+11 2.99726e+11 8.62448e+10 1.00468e+09 2.01378e+07 476016 11252.9 265.786 5.99876
2.99773 131.609 5525.81 232194 9.77725e+06 4.87705e+08 4.24969e+10 1.47839e+11 2.99428e+11 4.72122e+11 6.36793e+11 7.65345e+11 8.35688e+11 8.35688e+11 7.65345e+11 6.36793e+11 4.72122e+11 2.99428e+11 1.47839e+11 4.24969e+10 4.87705e+08 9.77725e+06 232194 5525.81 131.609 2.99773
1.01025 42.4802 1702.36 68294.5 2.75691e+06 1.34254e+08 1.21444e+10 4.23566e+10 8.58759e+10 1.3548e+11 1.82795e+11 2.1974e+11 2.39957e+11 2.39957e+11 2.1974e+11 1.82795e+11 1.3548e+11 8.58759e+10 4.23566e+10 1.21444e+10 1.34254e+08 2.75691e+06 68294.5 1702.36 42.4802 1.01025
0.173101 5.98278 180.52 4721.82 92148.9 1.31451e+06 1.27461e+08 4.62404e+08 9.52588e+08 1.51573e+09 2.05548e+09 2.4782e+09 2.70992e+09 2.70992e+09 2.4782e+09 2.05548e+09 1.51573e+09 9.52588e+08 4.62404e+08 1.27461e+08 1.31451e+06 92148.9 4721.82 180.52 5.98278 0.173101
0.018625 0.523648 12.1833 238.076 3957.93 88005.4 2.59545e+06 9.19746e+06 1.89481e+07 3.01748e+07 4.09422e+07 4.93774e+07 5.40018e+07 5.40018e+07 4.93774e+07 4.09422e+07 3.01748e+07 1.89481e+07 9.19746e+06 2.59545e+06 88005.4 3957.93 238.076 12.1833 0.523648 0.018625
0.0015108 0.0361301 0.715977 12.8424 230.78 4481.36 64301.1 218451 447939 712786 966883 1.16592e+06 1.27504e+06 1.27504e+06 1.16592e+06 966883 712786 447939 218451 64301.1 4481.36 230.78 12.8424 0.715977 0.0361301 0.0015108
0.000104037 0.00223212 0.0406293 0.69962 11.6637 170.855 1602.9 5199.32 10590.3 16831.5 22823.9 27518.2 30091.4 30091.4 27518.2 22823.9 16831.5 10590.3 5199.32 1602.9 170.855 11.6637 0.69962 0.0406293 0.00223212 0.000104037
6.46682e-06 0.00012875 0.00219162 0.034844 0.498466 5.65391 39.9994 123.846 250.158 396.918 537.988 648.523 709.113 709.113 648.523 537.988 396.918 250.158 123.846 39.9994 5.65391 0.498466 0.034844 0.00219162 0.00012875 6.46682e-06
3.4005e-07 6.37484e-06 0.000100955 0.00144672 0.0176763 0.163438 0.951272 2.82116 5.64654 8.94084 12.1119 14.5975 15.96 15.96 14.5975 12.1119 8.94084 5.64654 2.82116 0.951272 0.163438 0.0176763 0.00144672 0.000100955 6.37484e-06 3.4005e-07
