3.70739e-05 0.000697431 0.011101 0.160021 1.96611 18.2612 106.657 317.372 637.592 1013.39 1377.39 1664.17 1821.89 1821.89 1664.17 1377.39 1013.39 637.592 317.372 106.657 18.2612 1.96611 0.160021 0.011101 0.000697431 3.70739e-05
0.000704919 0.0140681 0.240512 3.8477 55.4158 632.05 4488.81 13946.8 28281.6 45051.2 61276.3 74056.9 81086.6 81086.6 74056.9 61276.3 45051.2 28281.6 13946.8 4488.81 632.05 55.4158 3.8477 0.240512 0.0140681 0.000704919
0.0113537 0.243807 4.44847 77.0119 1294.25 19099.8 180004 586009 1.19851e+06 1.91274e+06 2.60318e+06 3.14705e+06 3.44622e+06 3.44622e+06 3.14705e+06 2.60318e+06 1.91274e+06 1.19851e+06 586008 180004 19099.8 1294.25 77.0119 4.44847 0.243807 0.0113537
0.165352 3.95336 78.3348 1407.79 25489.4 500431 7.22394e+06 2.46354e+07 5.07325e+07 8.10788e+07 1.10401e+08 1.33501e+08 1.46211e+08 1.46211e+08 1.33501e+08 1.10401e+08 8.10788e+07 5.07325e+07 2.46354e+07 7.22394e+06 500431 25489.4 1407.79 78.3348 3.95336 0.165352
2.04694 57.5321 1336.97 26069.4 433338 9.78622e+06 2.91624e+08 1.03754e+09 2.1471e+09 3.43476e+09 4.6789e+09 5.65932e+09 6.19887e+09 6.19887e+09 5.65932e+09 4.6789e+09 3.43476e+09 2.1471e+09 1.03754e+09 2.91624e+08 9.78622e+06 433338 26069.4 1336.97 57.5321 2.04694
19.1105 660.705 19927.7 520289 1.00929e+07 1.42869e+08 1.42962e+10 5.20795e+10 1.07778e+11 1.72274e+11 2.34548e+11 2.83607e+11 3.106e+11 3.106e+11 2.83607e+11 2.34548e+11 1.72274e+11 1.07778e+11 5.20795e+10 1.42962e+10 1.42869e+08 1.00929e+07 520289 19927.7 660.705 19.1105
112.005 4714.1 189048 7.58752e+06 3.06342e+08 1.49472e+10 1.362e+12 4.76308e+12 9.68666e+12 1.53292e+13 2.07386e+13 2.49794e+13 2.73062e+13 2.73062e+13 2.49794e+13 2.07386e+13 1.53292e+13 9.68666e+12 4.76308e+12 1.362e+12 1.49472e+10 3.06342e+08 7.58752e+06 189048 4714.1 112.005
333.57 14660.8 616107 2.59051e+07 1.09121e+09 5.45263e+10 4.77748e+12 1.66615e+13 3.38448e+13 5.35232e+13 7.23791e+13 8.71568e+13 9.52634e+13 9.52634e+13 8.71568e+13 7.23791e+13 5.35232e+13 3.38448e+13 1.66615e+13 4.77748e+12 5.45263e+10 1.09121e+09 2.59051e+07 616107 14660.8 333.57
670.078 29727 1.25996e+06 5.33424e+07 2.25792e+09 1.1284e+11 9.72493e+12 3.38767e+13 6.87815e+13 1.08743e+14 1.47027e+14 1.77027e+14 1.93482e+14 1.93482e+14 1.77027e+14 1.47027e+14 1.08743e+14 6.87815e+13 3.38767e+13 9.72493e+12 1.1284e+11 2.25792e+09 5.33424e+07 1.25996e+06 29727 670.078
1064.55 47332.1 2.00987e+06 8.52087e+07 3.61026e+09 1.80289e+11 1.53941e+13 5.35899e+13 1.08777e+14 1.71948e+14 2.3246e+14 2.79875e+14 3.05882e+14 3.05882e+14 2.79875e+14 2.3246e+14 1.71948e+14 1.08777e+14 5.35899e+13 1.53941e+13 1.80289e+11 3.61026e+09 8.52087e+07 2.00987e+06 47332.1 1064.55
1446.15 64342.7 2.73381e+06 1.15956e+08 4.915e+09 2.45324e+11 2.08265e+13 7.24715e+13 1.47078e+14 2.32469e+14 3.1426e+14 3.78346e+14 4.13496e+14 4.13496e+14 3.78346e+14 3.1426e+14 2.32469e+14 1.47078e+14 7.24715e+13 2.08265e+13 2.45324e+11 4.915e+09 1.15956e+08 2.73381e+06 64342.7 1446.15
1746.42 77725.6 3.30333e+06 1.40148e+08 5.94179e+09 2.96492e+11 2.50831e+13 8.7262e+13 1.77077e+14 2.79869e+14 3.78323e+14 4.55462e+14 4.97772e+14 4.97772e+14 4.55462e+14 3.78323e+14 2.79869e+14 1.77077e+14 8.7262e+13 2.50831e+13 2.96492e+11 5.94179e+09 1.40148e+08 3.30333e+06 77725.6 1746.42
1911.43 85080.1 3.61635e+06 1.53446e+08 6.50632e+09 3.24619e+11 2.74176e+13 9.53725e+13 1.93526e+14 3.05858e+14 4.13448e+14 4.97744e+14 5.43978e+14 5.43978e+14 4.97744e+14 4.13448e+14 3.05858e+14 1.93526e+14 9.53725e+13 2.74176e+13 3.24619e+11 6.50632e+09 1.53446e+08 3.61635e+06 85080.1 1911.43
1911.43 85080.1 3.61635e+06 1.53446e+08 6.50632e+09 3.24619e+11 2.74176e+13 9.53725e+13 1.93526e+14 3.05858e+14 4.13448e+14 4.97744e+14 5.43978e+14 5.43978e+14 4.97744e+14 4.13448e+14 3.05858e+14 1.93526e+14 9.53725e+13 2.74176e+13 3.24619e+11 6.50632e+09 1.53446e+08 3.61635e+06 85080.1 1911.43
1746.42 77725.6 3.30333e+06 1.40148e+08 5.94179e+09 2.96492e+11 2.50831e+13 8.7262e+13 1.77077e+14 2.79869e+14 3.78323e+14 4.55462e+14 4.97772e+14 4.97772e+14 4.55462e+14 3.78323e+14 2.79869e+14 1.77077e+14 8.7262e+13 2.50831e+13 2.96492e+11 5.94179e+09 1.40148e+08 3.30333e+06 77725.6 1746.42
1446.15 64342.7 2.73381e+06 1.15956e+08 4.915e+09 2.45324e+11 2.08265e+13 7.24715e+13 1.47078e+14 2.32469e+14 3.1426e+14 3.78346e+14 4.13496e+14 4.13496e+14 3.78346e+14 3.1426e+14 2.32469e+14 1.47078e+14 7.24715e+13 2.08265e+13 2.45324e+11 4.915e+09 1.15956e+08 2.73381e+06 64342.7 1446.15
1064.55 47332.1 2.00987e+06 8.52087e+07 3.61026e+09 1.80289e+11 1.53941e+13 5.35899e+13 1.08777e+14 1.71948e+14 2.3246e+14 2.79875e+14 3.05882e+14 3.05882e+14 2.79875e+14 2.3246e+14 1.71948e+14 1.08777e+14 5.35899e+13 1.53941e+13 1.80289e+11 3.61026e+09 8.52087e+07 2.00987e+06 47332.1 1064.55
670.078 29727 1.25996e+06 5.33424e+07 2.25792e+09 1.1284e+11 9.72493e+12 3.38767e+13 6.87815e+13 1.08743e+14 1.47027e+14 1.77027e+14 1.93482e+14 1.93482e+14 1.77027e+14 1.47027e+14 1.08743e+14 6.87815e+13 3.38767e+13 9.72493e+12 1.1284e+11 2.25792e+09 5.33424e+07 1.25996e+06 29727 670.078
333.57 14660.8 616107 2.59051e+07 1.09121e+09 5.45263e+10 4.77748e+12 1.66615e+13 3.38448e+13 5.35232e+13 7.23791e+13 8.71568e+13 9.52634e+13 9.52634e+13 8.71568e+13 7.23791e+13 5.35232e+13 3.38448e+13 1.66615e+13 4.77748e+12 5.45263e+10 1.09121e+09 2.59051e+07 616107 14660.8 333.57
112.005 4714.1 189048 7.58752e+06 3.06342e+08 1.49472e+10 1.362e+12 4.76308e+12 9.68666e+12 1.53292e+13 2.07386e+13 2.49794e+13 2.73062e+13 2.73062e+13 2.49794e+13 2.07386e+13 1.53292e+13 9.68666e+12 4.76308e+12 1.362e+12 1.49472e+10 3.06342e+08 7.58751e+06 189048 4714.1 112.005
19.1105 660.705 19927.7 520289 1.00929e+07 1.42869e+08 1.42962e+10 5.20795e+10 1.07778e+11 1.72274e+11 2.34548e+11 2.83607e+11 3.106e+11 3.106e+11 2.83607e+11 2.34548e+11 1.72274e+11 1.07778e+11 5.20795e+10 1.42962e+10 1.42869e+08 1.00929e+07 520289 19927.7 660.705 19.1105
2.04694 57.5321 1336.97 26069.4 433338 9.78622e+06 2.91624e+08 1.03754e+09 2.1471e+09 3.43476e+09 4.6789e+09 5.65932e+09 6.19887e+09 6.19887e+09 5.65932e+09 4.6789e+09 3.43476e+09 2.1471e+09 1.03754e+09 2.91624e+08 9.78622e+06 433338 26069.4 1336.97 57.5321 2.04694
0.165352 3.95336 78.3348 1407.79 25489.4 500431 7.22394e+06 2.46354e+07 5.07325e+07 8.10788e+07 1.10401e+08 1.33501e+08 1.46211e+08 1.46211e+08 1.33501e+08 1.10401e+08 8.10788e+07 5.07325e+07 2.46354e+07 7.22394e+06 500431 25489.4 1407.79 78.3348 3.95336 0.165352
0.0113537 0.243807 4.44847 77.0119 1294.25 19099.8 180004 586009 1.19851e+06 1.91274e+06 2.60318e+06 3.14705e+06 3.44622e+06 3.44622e+06 3.14705e+06 2.60318e+06 1.91274e+06 1.19851e+06 586009 180004 19099.8 1294.25 77.0119 4.44847 0.243807 0.0113537
0.000704919 0.0140681 0.240512 3.8477 55.4158 632.05 4488.81 13946.8 28281.6 45051.2 61276.3 74056.9 81086.6 81086.6 74056.9 61276.3 45051.2 28281.6 13946.8 4488.81 632.05 55.4158 3.8477 0.240512 0.0140681 0.000704919
3.70739e-05 0.000697431 0.011101 0.160021 1.96611 18.2612 106.657 317.372 637.592 1013.39 1377.39 1664.17 1821.89 1821.89 1664.17 1377.39 1013.39 637.592 317.372 106.657 18.2612 1.96611 0.160021 0.011101 0.000697431 3.70739e-05
