0.0294609 0.546226 8.48482 118.649 1415.86 12862.7 74109.3 218697 435818 687016 926801 1.11336e+06 1.2151e+06 1.2151e+06 1.11336e+06 926801 687016 435818 218697 74109.3 12862.7 1415.86 118.649 8.48482 0.546226 0.0294609
0.564374 11.1788 187.459 2904.45 40323.7 446545 3.11796e+06 9.60248e+06 1.93072e+07 3.04897e+07 4.11432e+07 4.94249e+07 5.39399e+07 5.39399e+07 4.94249e+07 4.11432e+07 3.04897e+07 1.93072e+07 9.60248e+06 3.11796e+06 446545 40323.7 2904.45 187.459 11.1788 0.564374
9.08704 195.503 3541.74 59740.4 960122 1.35769e+07 1.25059e+08 4.03352e+08 8.17606e+08 1.29296e+09 1.74505e+09 2.09625e+09 2.28765e+09 2.28765e+09 2.09625e+09 1.74505e+09 1.29296e+09 8.17606e+08 4.03352e+08 1.25059e+08 1.35769e+07 960122 59740.4 3541.74 195.503 9.08704
130.874 3156.01 63036.7 1.12766e+06 1.96068e+07 3.60212e+08 5.02208e+09 1.69594e+10 3.46004e+10 5.4768e+10 7.39232e+10 8.87954e+10 9.68988e+10 9.68988e+10 8.87954e+10 7.39232e+10 5.4768e+10 3.46004e+10 1.69594e+10 5.02208e+09 3.60212e+08 1.96068e+07 1.12766e+06 63036.7 3156.01 130.874
1589.31 45061.3 1.06208e+06 2.11258e+07 3.53804e+08 7.27816e+09 2.02915e+11 7.14604e+11 1.46447e+12 2.31925e+12 3.1304e+12 3.75993e+12 4.10287e+12 4.10287e+12 3.75993e+12 3.1304e+12 2.31925e+12 1.46447e+12 7.14604e+11 2.02915e+11 7.27816e+09 3.53804e+08 2.11258e+07 1.06208e+06 45061.3 1589.31
14523.7 504278 1.53377e+07 4.07232e+08 8.23967e+09 1.229e+11 1.0067e+13 3.62691e+13 7.43126e+13 1.17581e+14 1.58616e+14 1.90457e+14 2.07801e+14 2.07801e+14 1.90457e+14 1.58616e+14 1.17581e+14 7.43126e+13 3.62691e+13 1.0067e+13 1.229e+11 8.23967e+09 4.07232e+08 1.53377e+07 504278 14523.7
83587.6 3.51622e+06 1.41012e+08 5.66191e+09 2.28731e+11 1.10147e+13 9.58334e+14 3.33042e+15 6.73088e+15 1.05834e+16 1.42345e+16 1.70694e+16 1.86149e+16 1.86149e+16 1.70694e+16 1.42345e+16 1.05834e+16 6.73088e+15 3.33042e+15 9.58334e+14 1.10147e+13 2.28731e+11 5.66191e+09 1.41012e+08 3.51622e+06 83587.6
246404 1.08167e+07 4.54252e+08 1.90953e+10 8.04426e+11 3.97358e+13 3.34691e+15 1.16036e+16 2.34289e+16 3.68208e+16 4.95108e+16 5.93633e+16 6.47345e+16 6.47345e+16 5.93633e+16 4.95108e+16 3.68208e+16 2.34289e+16 1.16036e+16 3.34691e+15 3.97358e+13 8.04426e+11 1.90953e+10 4.54252e+08 1.08167e+07 246404
490590 2.17285e+07 9.19914e+08 3.89206e+10 1.64693e+12 8.14e+13 6.7736e+15 2.34619e+16 4.73528e+16 7.44017e+16 1.00029e+17 1.19925e+17 1.3077e+17 1.3077e+17 1.19925e+17 1.00029e+17 7.44017e+16 4.73528e+16 2.34619e+16 6.7736e+15 8.14e+13 1.64693e+12 3.89206e+10 9.19914e+08 2.17285e+07 490590
772723 3.42845e+07 1.4535e+09 6.15517e+10 2.60585e+12 1.28722e+14 1.06542e+16 3.68861e+16 7.44292e+16 1.16927e+17 1.57186e+17 1.88438e+17 2.05474e+17 2.05474e+17 1.88438e+17 1.57186e+17 1.16927e+17 7.44292e+16 3.68861e+16 1.06542e+16 1.28722e+14 2.60585e+12 6.15517e+10 1.4535e+09 3.42845e+07 772723
1.04167e+06 4.62297e+07 1.96023e+09 8.30144e+10 3.51439e+12 1.73533e+14 1.43287e+16 4.95962e+16 1.00062e+17 1.5718e+17 2.11283e+17 2.5328e+17 2.76172e+17 2.76172e+17 2.5328e+17 2.11283e+17 1.5718e+17 1.00062e+17 4.95962e+16 1.43287e+16 1.73533e+14 3.51439e+12 8.30144e+10 1.96023e+09 4.62297e+07 1.04167e+06
1.25067e+06 5.55043e+07 2.35337e+09 9.96564e+10 4.21856e+12 2.08256e+14 1.71792e+16 5.94555e+16 1.19944e+17 1.884e+17 2.53239e+17 3.03566e+17 3.30998e+17 3.30998e+17 3.03566e+17 2.53239e+17 1.884e+17 1.19944e+17 5.94555e+16 1.71792e+16 2.08256e+14 4.21856e+12 9.96564e+10 2.35337e+09 5.55043e+07 1.25067e+06
1.36456e+06 6.05563e+07 2.56745e+09 1.08716e+11 4.60179e+12 2.27152e+14 1.87321e+16 6.48269e+16 1.30776e+17 2.05408e+17 2.76094e+17 3.30958e+17 3.60863e+17 3.60863e+17 3.30958e+17 2.76094e+17 2.05408e+17 1.30776e+17 6.48269e+16 1.87321e+16 2.27152e+14 4.60179e+12 1.08716e+11 2.56745e+09 6.05563e+07 1.36456e+06
1.36456e+06 6.05563e+07 2.56745e+09 1.08716e+11 4.60179e+12 2.27152e+14 1.87321e+16 6.48269e+16 1.30776e+17 2.05408e+17 2.76094e+17 3.30958e+17 3.60863e+17 3.60863e+17 3.30958e+17 2.76094e+17 2.05408e+17 1.30776e+17 6.48269e+16 1.87321e+16 2.27152e+14 4.60179e+12 1.08716e+11 2.56745e+09 6.05563e+07 1.36456e+06
1.25067e+06 5.55043e+07 2.35337e+09 9.96564e+10 4.21856e+12 2.08256e+14 1.71792e+16 5.94555e+16 1.19944e+17 1.884e+17 2.53239e+17 3.03566e+17 3.30998e+17 3.30998e+17 3.03566e+17 2.53239e+17 1.884e+17 1.19944e+17 5.94555e+16 1.71792e+16 2.08256e+14 4.21856e+12 9.96564e+10 2.35337e+09 5.55043e+07 1.25067e+06
1.04167e+06 4.62297e+07 1.96023e+09 8.30144e+10 3.51439e+12 1.73533e+14 1.43287e+16 4.95962e+16 1.00062e+17 1.5718e+17 2.11283e+17 2.5328e+17 2.76172e+17 2.76172e+17 2.5328e+17 2.11283e+17 1.5718e+17 1.00062e+17 4.95962e+16 1.43287e+16 1.73533e+14 3.51439e+12 8.30144e+10 1.96023e+09 4.62297e+07 1.04167e+06
772723 3.42845e+07 1.4535e+09 6.15517e+10 2.60585e+12 1.28722e+14 1.06542e+16 3.68861e+16 7.44292e+16 1.16927e+17 1.57186e+17 1.88438e+17 2.05474e+17 2.05474e+17 1.88438e+17 1.57186e+17 1.16927e+17 7.44292e+16 3.68861e+16 1.06542e+16 1.28722e+14 2.60585e+12 6.15517e+10 1.4535e+09 3.42845e+07 772723
490590 2.17285e+07 9.19914e+08 3.89206e+10 1.64693e+12 8.14e+13 6.7736e+15 2.34619e+16 4.73528e+16 7.44017e+16 1.00029e+17 1.19925e+17 1.3077e+17 1.3077e+17 1.19925e+17 1.00029e+17 7.44017e+16 4.73528e+16 2.34619e+16 6.7736e+15 8.14e+13 1.64693e+12 3.89206e+10 9.19914e+08 2.17285e+07 490590
246404 1.08167e+07 4.54252e+08 1.90953e+10 8.04426e+11 3.97358e+13 3.34691e+15 1.16036e+16 2.34289e+16 3.68208e+16 4.95108e+16 5.93633e+16 6.47345e+16 6.47345e+16 5.93633e+16 4.95108e+16 3.68208e+16 2.34289e+16 1.16036e+16 3.34691e+15 3.97358e+13 8.04426e+11 1.90953e+10 4.54252e+08 1.08167e+07 246404
83587.6 3.51622e+06 1.41012e+08 5.66191e+09 2.28731e+11 1.10147e+13 9.58334e+14 3.33042e+15 6.73088e+15 1.05834e+16 1.42345e+16 1.70694e+16 1.86149e+16 1.86149e+16 1.70694e+16 1.42345e+16 1.05834e+16 6.73088e+15 3.33042e+15 9.58334e+14 1.10147e+13 2.28731e+11 5.66191e+09 1.41012e+08 3.51622e+06 83587.6
14523.7 504278 1.53377e+07 4.07232e+08 8.23967e+09 1.229e+11 1.0067e+13 3.62691e+13 7.43126e+13 1.17581e+14 1.58616e+14 1.90457e+14 2.07801e+14 2.07801e+14 1.90457e+14 1.58616e+14 1.17581e+14 7.43126e+13 3.62691e+13 1.0067e+13 1.229e+11 8.23967e+09 4.07232e+08 1.53377e+07 504278 14523.7
1589.31 45061.3 1.06208e+06 2.11258e+07 3.53804e+08 7.27816e+09 2.02915e+11 7.14604e+11 1.46447e+12 2.31925e+12 3.1304e+12 3.75993e+12 4.10287e+12 4.10287e+12 3.75993e+12 3.1304e+12 2.31925e+12 1.46447e+12 7.14604e+11 2.02915e+11 7.27816e+09 3.53804e+08 2.11258e+07 1.06208e+06 45061.3 1589.31
130.874 3156.01 63036.7 1.12766e+06 1.96068e+07 3.60212e+08 5.02208e+09 1.69594e+10 3.46004e+10 5.4768e+10 7.39232e+10 8.87954e+10 9.68988e+10 9.68988e+10 8.87954e+10 7.39232e+10 5.4768e+10 3.46004e+10 1.69594e+10 5.02208e+09 3.60212e+08 1.96068e+07 1.12766e+06 63036.7 3156.01 130.874
9.08704 195.503 3541.74 59740.4 960122 1.35769e+07 1.25059e+08 4.03352e+08 8.17606e+08 1.29296e+09 1.74505e+09 2.09625e+09 2.28765e+09 2.28765e+09 2.09625e+09 1.74505e+09 1.29296e+09 8.17606e+08 4.03352e+08 1.25059e+08 1.35769e+07 960122 59740.4 3541.74 195.503 9.08704
0.564374 11.1788 187.459 2904.45 40323.7 446545 3.11796e+06 9.60248e+06 1.93072e+07 3.04897e+07 4.11432e+07 4.94249e+07 5.39399e+07 5.39399e+07 4.94249e+07 4.11432e+07 3.04897e+07 1.93072e+07 9.60248e+06 3.11796e+06 446545 40323.7 2904.45 187.459 11.1788 0.564374
0.0294609 0.546226 8.48482 118.649 1415.86 12862.7 74109.3 218697 435818 687016 926801 1.11336e+06 1.2151e+06 1.2151e+06 1.11336e+06 926801 687016 435818 218697 74109.3 12862.7 1415.86 118.649 8.48482 0.546226 0.0294609
