1.78141e-08 3.34075e-07 5.29383e-06 7.59207e-05 0.00092828 0.00858744 0.049995 0.148275 0.296762 0.469877 0.636497 0.767091 0.838676 0.838676 0.767091 0.636497 0.469877 0.296762 0.148275 0.049995 0.00858744 0.00092828 7.59207e-05 5.29383e-06 3.34075e-07 1.78141e-08
3.38701e-07 6.7444e-06 0.00011486 0.00182761 0.0261693 0.297039 2.10218 6.50902 13.1473 20.8592 28.2714 34.0788 37.2619 37.2619 34.0788 28.2714 20.8592 13.1473 6.50902 2.10218 0.297039 0.0261693 0.00182761 0.00011486 6.7444e-06 3.38701e-07
5.44897e-06 0.000116896 0.00212805 0.0366684 0.61202 8.97463 84.2401 273.262 556.575 884.534 1199.38 1446 1581.18 1581.18 1446 1199.38 884.534 556.575 273.262 84.2401 8.97463 0.61202 0.0366684 0.00212805 0.000116896 5.44897e-06
7.91525e-05 0.00189235 0.0374899 0.672502 12.0977 235.319 3379.33 11481.2 23541.5 37458.1 50808.3 61264.8 66996.6 66996.6 61264.8 50808.3 37458.1 23541.5 11481.2 3379.33 235.319 12.0977 0.672502 0.0374899 0.00189235 7.91525e-05
0.000976285 0.0274408 0.638171 12.4632 207.139 4617.26 136404 483396 995815 1.58572e+06 2.15143e+06 2.59455e+06 2.83747e+06 2.83747e+06 2.59455e+06 2.15143e+06 1.58572e+06 995815 483396 136404 4617.26 207.139 12.4632 0.638171 0.0274408 0.000976285
0.00907852 0.313729 9.46387 247.427 4822.91 68689.2 6.69701e+06 2.42971e+07 5.00518e+07 7.96356e+07 1.07987e+08 1.30189e+08 1.42359e+08 1.42359e+08 1.30189e+08 1.07987e+08 7.96356e+07 5.00518e+07 2.42971e+07 6.69701e+06 68689.2 4822.91 247.427 9.46387 0.313729 0.00907852
0.0530065 2.22884 89.318 3583.21 144647 7.04657e+06 6.3814e+08 2.22574e+09 4.51244e+09 7.11865e+09 9.60437e+09 1.15451e+10 1.26072e+10 1.26072e+10 1.15451e+10 9.60437e+09 7.11865e+09 4.51244e+09 2.22574e+09 6.3814e+08 7.04657e+06 144647 3583.21 89.318 2.22884 0.0530065
0.157307 6.90619 289.968 12184.5 513068 2.5601e+07 2.23305e+09 7.76856e+09 1.57337e+10 2.48071e+10 3.34582e+10 4.02114e+10 4.39065e+10 4.39065e+10 4.02114e+10 3.34582e+10 2.48071e+10 1.57337e+10 7.76856e+09 2.23305e+09 2.5601e+07 513068 12184.5 289.968 6.90619 0.157307
0.314802 13.9478 590.524 24980 1.05678e+06 5.27392e+07 4.53177e+09 1.57496e+10 3.18853e+10 5.02622e+10 6.77819e+10 8.14572e+10 8.89396e+10 8.89396e+10 8.14572e+10 6.77819e+10 5.02622e+10 3.18853e+10 1.57496e+10 4.53177e+09 5.27392e+07 1.05678e+06 24980 590.524 13.9478 0.314802
0.498237 22.12 938.081 39729.3 1.68202e+06 8.38816e+07 7.15138e+09 2.48403e+10 5.02791e+10 7.92483e+10 1.06865e+11 1.2842e+11 1.40214e+11 1.40214e+11 1.2842e+11 1.06865e+11 7.92483e+10 5.02791e+10 2.48403e+10 7.15138e+09 8.38816e+07 1.68202e+06 39729.3 938.081 22.12 0.498237
0.674592 29.9656 1271.34 53860.9 2.28086e+06 1.13692e+08 9.64884e+09 3.35048e+10 6.78085e+10 1.06871e+11 1.44107e+11 1.73171e+11 1.89073e+11 1.89073e+11 1.73171e+11 1.44107e+11 1.06871e+11 6.78086e+10 3.35048e+10 9.64884e+09 1.13692e+08 2.28086e+06 53860.9 1271.34 29.9656 0.674592
0.812673 36.1059 1532.11 64917.1 2.7494e+06 1.37011e+08 1.15978e+10 4.02653e+10 8.14854e+10 1.28422e+11 1.73163e+11 2.08085e+11 2.27191e+11 2.27191e+11 2.08085e+11 1.73163e+11 1.28422e+11 8.14854e+10 4.02653e+10 1.15978e+10 1.37011e+08 2.7494e+06 64917.1 1532.11 36.1059 0.812673
0.888309 39.469 1674.93 70972.9 3.00605e+06 1.49783e+08 1.2664e+10 4.39633e+10 8.89663e+10 1.40209e+11 1.89056e+11 2.27181e+11 2.4804e+11 2.4804e+11 2.27181e+11 1.89056e+11 1.40209e+11 8.89663e+10 4.39633e+10 1.2664e+10 1.49783e+08 3.00605e+06 70972.9 1674.93 39.469 0.888309
0.888309 39.469 1674.93 70972.9 3.00605e+06 1.49783e+08 1.2664e+10 4.39633e+10 8.89663e+10 1.40209e+11 1.89056e+11 2.27181e+11 2.4804e+11 2.4804e+11 2.27181e+11 1.89056e+11 1.40209e+11 8.89663e+10 4.39633e+10 1.2664e+10 1.49783e+08 3.00605e+06 70972.9 1674.93 39.469 0.888309
0.812673 36.1059 1532.11 64917.1 2.7494e+06 1.37011e+08 1.15978e+10 4.02653e+10 8.14854e+10 1.28422e+11 1.73163e+11 2.08085e+11 2.27191e+11 2.27191e+11 2.08085e+11 1.73163e+11 1.28422e+11 8.14854e+10 4.02653e+10 1.15978e+10 1.37011e+08 2.7494e+06 64917.1 1532.11 36.1059 0.812673
0.674592 29.9656 1271.34 53860.9 2.28086e+06 1.13692e+08 9.64884e+09 3.35048e+10 6.78086e+10 1.06871e+11 1.44107e+11 1.73171e+11 1.89073e+11 1.89073e+11 1.73171e+11 1.44107e+11 1.06871e+11 6.78085e+10 3.35048e+10 9.64884e+09 1.13692e+08 2.28086e+06 53860.9 1271.34 29.9656 0.674592
0.498237 22.12 938.081 39729.3 1.68202e+06 8.38816e+07 7.15138e+09 2.48403e+10 5.02791e+10 7.92483e+10 1.06865e+11 1.2842e+11 1.40214e+11 1.40214e+11 1.2842e+11 1.06865e+11 7.92483e+10 5.02791e+10 2.48403e+10 7.15138e+09 8.38816e+07 1.68202e+06 39729.3 938.081 22.12 0.498237
0.314802 13.9478 590.524 24980 1.05678e+06 5.27392e+07 4.53177e+09 1.57496e+10 3.18853e+10 5.02622e+10 6.77819e+10 8.14572e+10 8.89396e+10 8.89396e+10 8.14572e+10 6.77819e+10 5.02622e+10 3.18853e+10 1.57496e+10 4.53177e+09 5.27392e+07 1.05678e+06 24980 590.524 13.9478 0.314802
0.157307 6.90619 289.968 12184.5 513068 2.5601e+07 2.23305e+09 7.76856e+09 1.57337e+10 2.48071e+10 3.34582e+10 4.02114e+10 4.39065e+10 4.39065e+10 4.02114e+10 3.34582e+10 2.48071e+10 1.57337e+10 7.76856e+09 2.23305e+09 2.5601e+07 513068 12184.5 289.968 6.90619 0.157307
0.0530065 2.22884 89.318 3583.21 144647 7.04657e+06 6.3814e+08 2.22574e+09 4.51244e+09 7.11865e+09 9.60437e+09 1.15451e+10 1.26072e+10 1.26072e+10 1.15451e+10 9.60437e+09 7.11865e+09 4.51244e+09 2.22574e+09 6.3814e+08 7.04657e+06 144647 3583.21 89.318 2.22884 0.0530065
0.00907852 0.313729 9.46387 247.427 4822.91 68689.2 6.69701e+06 2.42971e+07 5.00518e+07 7.96356e+07 1.07987e+08 1.30189e+08 1.42359e+08 1.42359e+08 1.30189e+08 1.07987e+08 7.96356e+07 5.00518e+07 2.42971e+07 6.69701e+06 68689.2 4822.91 247.427 9.46387 0.313729 0.00907852
0.000976285 0.0274408 0.638171 12.4632 207.139 4617.26 136404 483396 995815 1.58572e+06 2.15143e+06 2.59455e+06 2.83747e+06 2.83747e+06 2.59455e+06 2.15143e+06 1.58572e+06 995815 483396 136404 4617.26 207.139 12.4632 0.638171 0.0274408 0.000976285
7.91525e-05 0.00189235 0.0374899 0.672502 12.0977 235.319 3379.33 11481.2 23541.5 37458.1 50808.3 61264.8 66996.6 66996.6 61264.8 50808.3 37458.1 23541.5 11481.2 3379.32 235.319 12.0977 0.672502 0.0374899 0.00189235 7.91525e-05
5.44897e-06 0.000116896 0.00212805 0.0366684 0.61202 8.97463 84.2401 273.262 556.575 884.534 1199.38 1446 1581.18 1581.18 1446 1199.38 884.534 556.575 273.262 84.2401 8.97463 0.61202 0.0366684 0.00212805 0.000116896 5.44897e-06
3.38701e-07 6.74441e-06 0.00011486 0.00182761 0.0261693 0.297039 2.10218 6.50902 13.1473 20.8592 28.2714 34.0788 37.2619 37.2619 34.0788 28.2714 20.8592 13.1473 6.50902 2.10218 0.297039 0.0261693 0.00182761 0.00011486 6.7444e-06 3.38701e-07
1.78141e-08 3.34075e-07 5.29383e-06 7.59207e-05 0.00092828 0.00858744 0.049995 0.148275 0.296762 0.469877 0.636497 0.767091 0.838676 0.838676 0.767091 0.636497 0.469877 0.296762 0.148275 0.049995 0.00858744 0.00092828 7.59207e-05 5.29383e-06 3.34075e-07 1.78141e-08
