0.0239903 0.453301 7.24503 104.813 1292.17 12043.2 70593.9 210853 425070 677401 922247 1.1152e+06 1.22127e+06 1.22127e+06 1.1152e+06 922247 677401 425070 210853 70593.9 12043.2 1292.17 104.813 7.24503 0.453301 0.0239903
0.458493 9.19727 157.971 2536.6 36649 419330 2.98845e+06 9.3227e+06 1.89771e+07 3.03176e+07 4.13112e+07 4.9973e+07 5.47351e+07 5.47351e+07 4.9973e+07 4.13112e+07 3.03176e+07 1.89771e+07 9.3227e+06 2.98845e+06 419330 36649 2536.6 157.971 9.19727 0.458493
7.42071 160.28 2940.03 51101.1 861171 1.27402e+07 1.20433e+08 3.93769e+08 8.087e+08 1.29471e+09 1.7655e+09 2.13641e+09 2.34033e+09 2.34033e+09 2.13641e+09 1.7655e+09 1.29471e+09 8.087e+08 3.93769e+08 1.20433e+08 1.27402e+07 861171 51101.1 2940.03 160.28 7.42071
108.521 2610.81 52040 939700 1.70605e+07 3.35356e+08 4.85137e+09 1.6621e+10 3.43829e+10 5.51357e+10 7.52299e+10 9.10618e+10 9.97668e+10 9.97668e+10 9.10618e+10 7.52299e+10 5.51357e+10 3.43829e+10 1.6621e+10 4.85137e+09 3.35356e+08 1.70605e+07 939700 52040 2610.81 108.521
1348.22 38131.6 891471 1.74781e+07 2.91786e+08 6.58738e+09 1.96337e+11 7.02028e+11 1.45987e+12 2.3438e+12 3.1996e+12 3.87396e+12 4.24478e+12 4.24478e+12 3.87396e+12 3.1996e+12 2.3438e+12 1.45987e+12 7.02028e+11 1.96337e+11 6.58738e+09 2.91786e+08 1.74781e+07 891471 38131.6 1348.22
12628.9 439267 1.33224e+07 3.49537e+08 6.81489e+09 9.69544e+10 9.64061e+12 3.53077e+13 7.34472e+13 1.17847e+14 1.60811e+14 1.94658e+14 2.13267e+14 2.13267e+14 1.94658e+14 1.60811e+14 1.17847e+14 7.34472e+13 3.53077e+13 9.64061e+12 9.69544e+10 6.81489e+09 3.49537e+08 1.33224e+07 439267 12628.9
74260.4 3.14384e+06 1.26705e+08 5.10449e+09 2.06611e+11 1.00888e+13 9.19124e+14 3.22878e+15 6.59733e+15 1.0481e+16 1.42184e+16 1.71542e+16 1.87662e+16 1.87662e+16 1.71542e+16 1.42184e+16 1.0481e+16 6.59733e+15 3.22878e+15 9.19124e+14 1.00888e+13 2.06611e+11 5.10449e+09 1.26705e+08 3.14384e+06 74260.4
221933 9.81422e+06 4.14605e+08 1.75037e+10 7.39458e+11 3.69955e+13 3.23861e+15 1.13433e+16 2.3148e+16 3.67479e+16 4.98305e+16 6.0105e+16 6.57461e+16 6.57461e+16 6.0105e+16 4.98305e+16 3.67478e+16 2.3148e+16 1.13433e+16 3.23861e+15 3.69955e+13 7.39458e+11 1.75037e+10 4.14605e+08 9.81422e+06 221933
447233 1.99698e+07 8.51153e+08 3.61944e+10 1.53707e+12 7.69373e+13 6.62281e+15 2.31674e+16 4.72507e+16 7.4987e+16 1.01664e+17 1.22612e+17 1.34113e+17 1.34113e+17 1.22612e+17 1.01664e+17 7.4987e+16 4.72507e+16 2.31674e+16 6.62281e+15 7.69373e+13 1.53707e+12 3.61944e+10 8.51153e+08 1.99698e+07 447233
712146 3.18772e+07 1.36152e+09 5.79901e+10 2.46553e+12 1.23348e+14 1.05222e+16 3.67824e+16 7.49951e+16 1.18995e+17 1.61308e+17 1.94533e+17 2.12774e+17 2.12774e+17 1.94533e+17 1.61308e+17 1.18995e+17 7.49952e+16 3.67824e+16 1.05222e+16 1.23348e+14 2.46553e+12 5.79901e+10 1.36152e+09 3.18772e+07 712146
968668 4.33956e+07 1.85481e+09 7.90456e+10 3.36233e+12 1.68156e+14 1.42706e+16 4.98663e+16 1.01653e+17 1.61274e+17 2.18605e+17 2.63619e+17 2.88332e+17 2.88332e+17 2.63619e+17 2.18605e+17 1.61274e+17 1.01653e+17 4.98663e+16 1.42706e+16 1.68156e+14 3.36233e+12 7.90456e+10 1.85481e+09 4.33956e+07 968668
1.17043e+06 5.24528e+07 2.24264e+09 9.55994e+10 4.06742e+12 2.03378e+14 1.72116e+16 6.01305e+16 1.22565e+17 1.94438e+17 2.63546e+17 3.17806e+17 3.47594e+17 3.47594e+17 3.17806e+17 2.63546e+17 1.94438e+17 1.22565e+17 6.01305e+16 1.72116e+16 2.03378e+14 4.06742e+12 9.55994e+10 2.24264e+09 5.24528e+07 1.17043e+06
1.2812e+06 5.74252e+07 2.45556e+09 1.04687e+11 4.45451e+12 2.22713e+14 1.88251e+16 6.57613e+16 1.34036e+17 2.12631e+17 2.88199e+17 3.4753e+17 3.80101e+17 3.80101e+17 3.4753e+17 2.88199e+17 2.12631e+17 1.34036e+17 6.57613e+16 1.88251e+16 2.22713e+14 4.45451e+12 1.04687e+11 2.45556e+09 5.74252e+07 1.2812e+06
1.2812e+06 5.74252e+07 2.45556e+09 1.04687e+11 4.45451e+12 2.22713e+14 1.88251e+16 6.57613e+16 1.34036e+17 2.12631e+17 2.88199e+17 3.4753e+17 3.80101e+17 3.80101e+17 3.4753e+17 2.88199e+17 2.12631e+17 1.34036e+17 6.57613e+16 1.88251e+16 2.22713e+14 4.45451e+12 1.04687e+11 2.45556e+09 5.74252e+07 1.2812e+06
1.17043e+06 5.24528e+07 2.24264e+09 9.55994e+10 4.06742e+12 2.03378e+14 1.72116e+16 6.01305e+16 1.22565e+17 1.94438e+17 2.63546e+17 3.17806e+17 3.47594e+17 3.47594e+17 3.17806e+17 2.63546e+17 1.94438e+17 1.22565e+17 6.01305e+16 1.72116e+16 2.03378e+14 4.06742e+12 9.55994e+10 2.24264e+09 5.24528e+07 1.17043e+06
968668 4.33956e+07 1.85481e+09 7.90456e+10 3.36233e+12 1.68156e+14 1.42706e+16 4.98663e+16 1.01653e+17 1.61274e+17 2.18605e+17 2.63619e+17 2.88332e+17 2.88332e+17 2.63619e+17 2.18605e+17 1.61274e+17 1.01653e+17 4.98663e+16 1.42706e+16 1.68156e+14 3.36233e+12 7.90456e+10 1.85481e+09 4.33956e+07 968668
712146 3.18772e+07 1.36152e+09 5.799e+10 2.46553e+12 1.23348e+14 1.05222e+16 3.67824e+16 7.49952e+16 1.18995e+17 1.61308e+17 1.94533e+17 2.12774e+17 2.12774e+17 1.94533e+17 1.61308e+17 1.18995e+17 7.49951e+16 3.67824e+16 1.05222e+16 1.23348e+14 2.46553e+12 5.799e+10 1.36152e+09 3.18772e+07 712146
447233 1.99698e+07 8.51153e+08 3.61944e+10 1.53707e+12 7.69373e+13 6.62281e+15 2.31674e+16 4.72507e+16 7.4987e+16 1.01664e+17 1.22612e+17 1.34113e+17 1.34113e+17 1.22612e+17 1.01664e+17 7.4987e+16 4.72507e+16 2.31674e+16 6.62281e+15 7.69373e+13 1.53707e+12 3.61944e+10 8.51153e+08 1.99698e+07 447233
221933 9.81422e+06 4.14605e+08 1.75037e+10 7.39458e+11 3.69955e+13 3.23861e+15 1.13433e+16 2.3148e+16 3.67478e+16 4.98305e+16 6.0105e+16 6.57461e+16 6.57461e+16 6.0105e+16 4.98305e+16 3.67479e+16 2.3148e+16 1.13433e+16 3.23861e+15 3.69955e+13 7.39458e+11 1.75037e+10 4.14605e+08 9.81422e+06 221933
74260.4 3.14384e+06 1.26705e+08 5.10449e+09 2.06611e+11 1.00888e+13 9.19124e+14 3.22878e+15 6.59733e+15 1.0481e+16 1.42184e+16 1.71542e+16 1.87662e+16 1.87662e+16 1.71542e+16 1.42184e+16 1.0481e+16 6.59733e+15 3.22878e+15 9.19124e+14 1.00888e+13 2.06611e+11 5.10449e+09 1.26705e+08 3.14384e+06 74260.4
12628.9 439267 1.33224e+07 3.49537e+08 6.81489e+09 9.69544e+10 9.64061e+12 3.53077e+13 7.34472e+13 1.17847e+14 1.60811e+14 1.94658e+14 2.13267e+14 2.13267e+14 1.94658e+14 1.60811e+14 1.17847e+14 7.34472e+13 3.53077e+13 9.64061e+12 9.69544e+10 6.81489e+09 3.49537e+08 1.33224e+07 439267 12628.9
1348.22 38131.6 891471 1.74781e+07 2.91786e+08 6.58738e+09 1.96337e+11 7.02028e+11 1.45987e+12 2.3438e+12 3.1996e+12 3.87396e+12 4.24478e+12 4.24478e+12 3.87396e+12 3.1996e+12 2.3438e+12 1.45987e+12 7.02028e+11 1.96337e+11 6.58738e+09 2.91786e+08 1.74781e+07 891471 38131.6 1348.22
108.521 2610.81 52040 939700 1.70605e+07 3.35356e+08 4.85137e+09 1.6621e+10 3.43829e+10 5.51357e+10 7.52299e+10 9.10618e+10 9.97668e+10 9.97668e+10 9.10618e+10 7.52299e+10 5.51357e+10 3.43829e+10 1.6621e+10 4.85137e+09 3.35356e+08 1.70605e+07 939700 52040 2610.81 108.521
7.42071 160.28 2940.03 51101.1 861171 1.27402e+07 1.20433e+08 3.93769e+08 8.087e+08 1.29471e+09 1.7655e+09 2.13641e+09 2.34033e+09 2.34033e+09 2.13641e+09 1.7655e+09 1.29471e+09 8.087e+08 3.93769e+08 1.20433e+08 1.27402e+07 861171 51101.1 2940.03 160.28 7.42071
0.458493 9.19727 157.971 2536.6 36649 419330 2.98845e+06 9.3227e+06 1.89771e+07 3.03176e+07 4.13112e+07 4.9973e+07 5.47351e+07 5.47351e+07 4.9973e+07 4.13112e+07 3.03176e+07 1.89771e+07 9.3227e+06 2.98845e+06 419330 36649 2536.6 157.971 9.19727 0.458493
0.0239903 0.453301 7.24503 104.813 1292.17 12043.2 70593.9 210853 425070 677401 922247 1.1152e+06 1.22127e+06 1.22127e+06 1.1152e+06 922247 677401 425070 210853 70593.9 12043.2 1292.17 104.813 7.24503 0.453301 0.0239903
