0.00106983 0.0201341 0.31958 4.58418 56.0718 519.697 3037.92 9070.46 18294.6 29179.8 39764.9 48123.3 52725.1 52725.1 48123.3 39764.9 29179.8 18294.6 9070.46 3037.92 519.697 56.0718 4.58418 0.31958 0.0201341 0.00106983
0.020508 0.410642 7.01445 111.604 1596.07 18120.7 128650 401143 816944 1.30627e+06 1.78167e+06 2.15701e+06 2.36367e+06 2.36367e+06 2.15701e+06 1.78167e+06 1.30627e+06 816944 401143 128650 18120.7 1596.07 111.604 7.01445 0.410642 0.020508
0.332142 7.18177 131.479 2267.64 37725 551603 5.18512e+06 1.69435e+07 3.48137e+07 5.57845e+07 7.61438e+07 9.22178e+07 1.01069e+08 1.01069e+08 9.22178e+07 7.61438e+07 5.57845e+07 3.48137e+07 1.69435e+07 5.18512e+06 551603 37725 2267.64 131.479 7.18177 0.332142
4.84454 116.918 2336.48 42123.4 755393 1.45696e+07 2.08853e+08 7.15062e+08 1.47989e+09 2.37521e+09 3.24409e+09 3.93016e+09 4.30798e+09 4.30798e+09 3.93016e+09 3.24409e+09 2.37521e+09 1.47989e+09 7.15062e+08 2.08853e+08 1.45696e+07 755393 42123.4 2336.48 116.918 4.84454
59.8877 1699.19 39900.8 786828 1.3157e+07 2.88783e+08 8.45059e+09 3.01945e+10 6.28186e+10 1.00944e+11 1.37942e+11 1.67162e+11 1.83256e+11 1.83256e+11 1.67162e+11 1.37942e+11 1.00944e+11 6.28186e+10 3.01945e+10 8.45059e+09 2.88783e+08 1.3157e+07 786828 39900.8 1699.19 59.8877
557.927 19440.8 591160 1.55849e+07 3.07602e+08 4.44128e+09 4.16132e+11 1.5224e+12 3.16778e+12 5.08658e+12 6.94738e+12 8.41643e+12 9.22538e+12 9.22538e+12 8.41643e+12 6.94738e+12 5.08658e+12 3.16778e+12 1.5224e+12 4.16132e+11 4.44128e+09 3.07602e+08 1.55849e+07 591160 19440.8 557.927
3267.43 138363 5.57643e+06 2.2461e+08 9.08822e+09 4.41784e+11 3.96974e+13 1.39351e+14 2.84716e+14 4.52419e+14 6.13961e+14 7.40977e+14 8.10772e+14 8.10773e+14 7.40977e+14 6.13961e+14 4.52419e+14 2.84716e+14 1.39351e+14 3.96974e+13 4.41784e+11 9.08822e+09 2.2461e+08 5.57643e+06 138363 3267.43
9758.25 431566 1.82288e+07 7.69323e+08 3.24866e+10 1.61871e+12 1.39903e+14 4.89657e+14 9.9913e+14 1.58641e+15 2.15183e+15 2.59628e+15 2.84047e+15 2.84047e+15 2.59628e+15 2.15183e+15 1.58641e+15 9.9913e+14 4.89657e+14 1.39903e+14 1.61871e+12 3.24866e+10 7.69323e+08 1.82288e+07 431566 9758.25
19676.7 878673 3.74449e+07 1.59177e+09 6.75692e+10 3.36865e+12 2.86245e+14 1.00055e+15 2.04038e+15 3.23856e+15 4.39188e+15 5.29832e+15 5.7963e+15 5.7963e+15 5.29832e+15 4.39188e+15 3.23856e+15 2.04038e+15 1.00055e+15 2.86245e+14 3.36865e+12 6.75692e+10 1.59177e+09 3.74449e+07 878673 19676.7
31369.4 1.4043e+06 5.9971e+07 2.55348e+09 1.08522e+11 5.40757e+12 4.55116e+14 1.58963e+15 3.24056e+15 5.14241e+15 6.97275e+15 8.41117e+15 9.20138e+15 9.20138e+15 8.41117e+15 6.97275e+15 5.14241e+15 3.24056e+15 1.58963e+15 4.55116e+14 5.40757e+12 1.08522e+11 2.55348e+09 5.9971e+07 1.4043e+06 31369.4
42726.5 1.91434e+06 8.18131e+07 3.4856e+09 1.48211e+11 7.38254e+12 6.17745e+14 2.15669e+15 4.3956e+15 6.97438e+15 9.45593e+15 1.1406e+16 1.24772e+16 1.24772e+16 1.1406e+16 9.45593e+15 6.97438e+15 4.3956e+15 2.15669e+15 6.17745e+14 7.38254e+12 1.48212e+11 3.4856e+09 8.18131e+07 1.91434e+06 42726.5
51684.7 2.31659e+06 9.90379e+07 4.22073e+09 1.79518e+11 8.93995e+12 7.45565e+14 2.60225e+15 5.30308e+15 8.41359e+15 1.14066e+16 1.37585e+16 1.50504e+16 1.50504e+16 1.37585e+16 1.14066e+16 8.41359e+15 5.30308e+15 2.60225e+15 7.45565e+14 8.93995e+12 1.79518e+11 4.22073e+09 9.90379e+07 2.31659e+06 51684.7
56613.1 2.53789e+06 1.08515e+08 4.62522e+09 1.96745e+11 9.79684e+12 8.15776e+14 2.84698e+15 5.80147e+15 9.20397e+15 1.24778e+16 1.50503e+16 1.64634e+16 1.64634e+16 1.50503e+16 1.24778e+16 9.20397e+15 5.80147e+15 2.84698e+15 8.15776e+14 9.79684e+12 1.96745e+11 4.62522e+09 1.08515e+08 2.53789e+06 56613.1
56613.1 2.53789e+06 1.08515e+08 4.62522e+09 1.96745e+11 9.79684e+12 8.15776e+14 2.84698e+15 5.80147e+15 9.20397e+15 1.24778e+16 1.50503e+16 1.64634e+16 1.64634e+16 1.50503e+16 1.24778e+16 9.20397e+15 5.80147e+15 2.84698e+15 8.15776e+14 9.79684e+12 1.96745e+11 4.62522e+09 1.08515e+08 2.53789e+06 56613.1
51684.7 2.31659e+06 9.90379e+07 4.22073e+09 1.79518e+11 8.93995e+12 7.45565e+14 2.60225e+15 5.30308e+15 8.41359e+15 1.14066e+16 1.37585e+16 1.50504e+16 1.50504e+16 1.37585e+16 1.14066e+16 8.41359e+15 5.30308e+15 2.60225e+15 7.45565e+14 8.93995e+12 1.79518e+11 4.22073e+09 9.90379e+07 2.31659e+06 51684.7
42726.5 1.91434e+06 8.18131e+07 3.4856e+09 1.48212e+11 7.38254e+12 6.17745e+14 2.15669e+15 4.3956e+15 6.97438e+15 9.45593e+15 1.1406e+16 1.24772e+16 1.24772e+16 1.1406e+16 9.45593e+15 6.97438e+15 4.3956e+15 2.15669e+15 6.17745e+14 7.38254e+12 1.48211e+11 3.4856e+09 8.18131e+07 1.91434e+06 42726.5
31369.4 1.4043e+06 5.9971e+07 2.55348e+09 1.08522e+11 5.40757e+12 4.55116e+14 1.58963e+15 3.24056e+15 5.14241e+15 6.97275e+15 8.41117e+15 9.20138e+15 9.20138e+15 8.41117e+15 6.97275e+15 5.14241e+15 3.24056e+15 1.58963e+15 4.55116e+14 5.40757e+12 1.08522e+11 2.55348e+09 5.9971e+07 1.4043e+06 31369.4
19676.7 878673 3.74449e+07 1.59177e+09 6.75692e+10 3.36865e+12 2.86245e+14 1.00055e+15 2.04038e+15 3.23856e+15 4.39188e+15 5.29832e+15 5.7963e+15 5.7963e+15 5.29832e+15 4.39188e+15 3.23856e+15 2.04038e+15 1.00055e+15 2.86245e+14 3.36865e+12 6.75692e+10 1.59177e+09 3.74449e+07 878673 19676.7
9758.25 431566 1.82288e+07 7.69323e+08 3.24866e+10 1.61871e+12 1.39903e+14 4.89657e+14 9.9913e+14 1.58641e+15 2.15183e+15 2.59628e+15 2.84047e+15 2.84047e+15 2.59628e+15 2.15183e+15 1.58641e+15 9.9913e+14 4.89657e+14 1.39903e+14 1.61871e+12 3.24866e+10 7.69323e+08 1.82288e+07 431566 9758.25
3267.43 138363 5.57643e+06 2.2461e+08 9.08822e+09 4.41784e+11 3.96974e+13 1.39351e+14 2.84716e+14 4.52419e+14 6.13961e+14 7.40977e+14 8.10773e+14 8.10772e+14 7.40977e+14 6.13961e+14 4.52419e+14 2.84716e+14 1.39351e+14 3.96974e+13 4.41784e+11 9.08822e+09 2.2461e+08 5.57643e+06 138363 3267.43
557.927 19440.8 591160 1.55849e+07 3.07602e+08 4.44128e+09 4.16132e+11 1.5224e+12 3.16778e+12 5.08658e+12 6.94738e+12 8.41643e+12 9.22538e+12 9.22538e+12 8.41643e+12 6.94738e+12 5.08658e+12 3.16778e+12 1.5224e+12 4.16132e+11 4.44128e+09 3.07602e+08 1.55849e+07 591160 19440.8 557.927
59.8877 1699.19 39900.8 786828 1.3157e+07 2.88783e+08 8.45059e+09 3.01945e+10 6.28186e+10 1.00944e+11 1.37942e+11 1.67162e+11 1.83256e+11 1.83256e+11 1.67162e+11 1.37942e+11 1.00944e+11 6.28186e+10 3.01945e+10 8.45059e+09 2.88783e+08 1.3157e+07 786828 39900.8 1699.19 59.8877
4.84454 116.918 2336.48 42123.4 755393 1.45696e+07 2.08853e+08 7.15062e+08 1.47989e+09 2.37521e+09 3.24409e+09 3.93016e+09 4.30798e+09 4.30798e+09 3.93016e+09 3.24409e+09 2.37521e+09 1.47989e+09 7.15062e+08 2.08853e+08 1.45696e+07 755393 42123.4 2336.48 116.918 4.84454
0.332142 7.18177 131.479 2267.64 37725 551603 5.18512e+06 1.69435e+07 3.48137e+07 5.57845e+07 7.61438e+07 9.22178e+07 1.01069e+08 1.01069e+08 9.22178e+07 7.61438e+07 5.57845e+07 3.48137e+07 1.69435e+07 5.18512e+06 551603 37725 2267.64 131.479 7.18177 0.332142
0.020508 0.410642 7.01445 111.604 1596.07 18120.7 128650 401143 816944 1.30627e+06 1.78167e+06 2.15701e+06 2.36367e+06 2.36367e+06 2.15701e+06 1.78167e+06 1.30627e+06 816944 401143 128650 18120.7 1596.07 111.604 7.01445 0.410642 0.020508
0.00106983 0.0201341 0.31958 4.58418 56.0718 519.697 3037.92 9070.46 18294.6 29179.8 39764.9 48123.3 52725.1 52725.1 48123.3 39764.9 29179.8 18294.6 9070.46 3037.92 519.697 56.0718 4.58418 0.31958 0.0201341 0.00106983
