5.48662e-08 1.03031e-06 1.63619e-05 0.000235266 0.00288371 0.0267286 0.155826 0.462744 0.927531 1.47093 1.99544 2.40755 2.63382 2.63382 2.40755 1.99544 1.47093 0.927531 0.462744 0.155826 0.0267286 0.00288371 0.000235266 1.63619e-05 1.03031e-06 5.48662e-08
1.04261e-06 2.07766e-05 0.000354455 0.00565563 0.0812311 0.924304 6.55182 20.3135 41.0934 65.3054 88.6458 106.979 117.045 117.045 106.979 88.6458 65.3054 41.0934 20.3135 6.55182 0.924304 0.0812311 0.00565563 0.000354455 2.07766e-05 1.04261e-06
1.67757e-05 0.000359863 0.00655601 0.113228 1.89695 27.9134 262.526 852.766 1739.67 2769.49 3761.22 4540.12 4967.8 4967.8 4540.12 3761.22 2769.49 1739.67 852.766 262.526 27.9134 1.89695 0.113228 0.00655601 0.000359863 1.67757e-05
0.000243945 0.00582834 0.115402 2.07121 37.3901 731.208 10530.1 35826.5 73581.8 117288 159352 192390 210533 210533 192390 159352 117288 73581.8 35826.5 10530.1 731.208 37.3901 2.07121 0.115402 0.00582834 0.000243945
0.00301412 0.0846602 1.96669 38.3484 637.067 14311.4 424970 1.50825e+06 3.1124e+06 4.96533e+06 6.74825e+06 8.14884e+06 8.91812e+06 8.91812e+06 8.14884e+06 6.74825e+06 4.96533e+06 3.1124e+06 1.50825e+06 424970 14311.4 637.067 38.3484 1.96669 0.0846602 0.00301412
0.0280832 0.970118 29.2444 763.544 14832 210339 2.08433e+07 7.5736e+07 1.56284e+08 2.49115e+08 3.38377e+08 4.08476e+08 4.46973e+08 4.46973e+08 4.08476e+08 3.38377e+08 2.49115e+08 1.56284e+08 7.5736e+07 2.08433e+07 210339 14832 763.544 29.2444 0.970118 0.0280832
0.164264 6.90675 276.757 11101.5 448082 2.18483e+07 1.98584e+09 6.93241e+09 1.40693e+10 2.22199e+10 3.00096e+10 3.61021e+10 3.944e+10 3.944e+10 3.61021e+10 3.00096e+10 2.22199e+10 1.40693e+10 6.93241e+09 1.98584e+09 2.18483e+07 448082 11101.5 276.757 6.90675 0.164264
0.48821 21.4339 899.921 37812.7 1.5921e+06 7.95024e+07 6.95428e+09 2.42127e+10 4.90862e+10 7.7475e+10 1.04596e+11 1.25802e+11 1.37418e+11 1.37418e+11 1.25802e+11 1.04596e+11 7.7475e+10 4.90862e+10 2.42127e+10 6.95428e+09 7.95024e+07 1.5921e+06 37812.7 899.921 21.4339 0.48821
0.978572 43.36 1835.86 77660.3 3.28535e+06 1.64071e+08 1.41278e+10 4.91359e+10 9.95699e+10 1.57118e+11 2.12087e+11 2.55063e+11 2.78603e+11 2.78603e+11 2.55063e+11 2.12087e+11 1.57118e+11 9.95699e+10 4.91359e+10 1.41278e+10 1.64071e+08 3.28535e+06 77660.3 1835.86 43.36 0.978572
1.55137 68.8846 2921.62 123746 5.23934e+06 2.61455e+08 2.23202e+10 7.75826e+10 1.57178e+11 2.47988e+11 3.3472e+11 4.02527e+11 4.39667e+11 4.39667e+11 4.02527e+11 3.3472e+11 2.47988e+11 1.57178e+11 7.75826e+10 2.23202e+10 2.61455e+08 5.23934e+06 123746 2921.62 68.8846 1.55137
2.10371 93.465 3966.12 168051 7.11742e+06 3.54997e+08 3.01477e+10 1.04752e+11 2.1219e+11 3.34757e+11 4.51814e+11 5.43325e+11 5.93447e+11 5.93447e+11 5.43325e+11 4.51814e+11 3.34757e+11 2.1219e+11 1.04752e+11 3.01477e+10 3.54997e+08 7.11742e+06 168051 3966.12 93.465 2.10371
2.53727 112.754 4785.65 202814 8.59124e+06 4.28386e+08 3.62675e+10 1.25988e+11 2.55187e+11 4.02571e+11 5.43325e+11 6.53359e+11 7.13626e+11 7.13626e+11 6.53359e+11 5.43325e+11 4.02571e+11 2.55187e+11 1.25988e+11 3.62675e+10 4.28386e+08 8.59124e+06 202814 4785.65 112.754 2.53727
2.77517 123.338 5235.34 221892 9.40015e+06 4.6866e+08 3.96194e+10 1.37619e+11 2.78732e+11 4.39706e+11 5.93435e+11 7.13611e+11 7.79433e+11 7.79433e+11 7.13611e+11 5.93435e+11 4.39706e+11 2.78732e+11 1.37618e+11 3.96194e+10 4.6866e+08 9.40015e+06 221892 5235.34 123.338 2.77517
2.77517 123.338 5235.34 221892 9.40015e+06 4.6866e+08 3.96194e+10 1.37618e+11 2.78732e+11 4.39706e+11 5.93435e+11 7.13611e+11 7.79433e+11 7.79433e+11 7.13611e+11 5.93435e+11 4.39706e+11 2.78732e+11 1.37619e+11 3.96194e+10 4.6866e+08 9.40015e+06 221892 5235.34 123.338 2.77517
2.53727 112.754 4785.65 202814 8.59124e+06 4.28386e+08 3.62675e+10 1.25988e+11 2.55187e+11 4.02571e+11 5.43325e+11 6.53359e+11 7.13626e+11 7.13626e+11 6.53359e+11 5.43325e+11 4.02571e+11 2.55187e+11 1.25988e+11 3.62675e+10 4.28386e+08 8.59124e+06 202814 4785.65 112.754 2.53727
2.10371 93.465 3966.12 168051 7.11742e+06 3.54997e+08 3.01477e+10 1.04752e+11 2.1219e+11 3.34757e+11 4.51814e+11 5.43325e+11 5.93447e+11 5.93447e+11 5.43325e+11 4.51814e+11 3.34757e+11 2.1219e+11 1.04752e+11 3.01477e+10 3.54997e+08 7.11742e+06 168051 3966.12 93.465 2.10371
1.55137 68.8846 2921.62 123746 5.23934e+06 2.61455e+08 2.23202e+10 7.75826e+10 1.57178e+11 2.47988e+11 3.3472e+11 4.02527e+11 4.39667e+11 4.39667e+11 4.02527e+11 3.3472e+11 2.47988e+11 1.57178e+11 7.75826e+10 2.23202e+10 2.61455e+08 5.23934e+06 123746 2921.62 68.8846 1.55137
0.978572 43.36 1835.86 77660.3 3.28535e+06 1.64071e+08 1.41278e+10 4.91359e+10 9.95699e+10 1.57118e+11 2.12087e+11 2.55063e+11 2.78603e+11 2.78603e+11 2.55063e+11 2.12087e+11 1.57118e+11 9.95699e+10 4.91359e+10 1.41278e+10 1.64071e+08 3.28535e+06 77660.3 1835.86 43.36 0.978572
0.48821 21.4339 899.921 37812.7 1.5921e+06 7.95024e+07 6.95428e+09 2.42127e+10 4.90862e+10 7.7475e+10 1.04596e+11 1.25802e+11 1.37418e+11 1.37418e+11 1.25802e+11 1.04596e+11 7.7475e+10 4.90862e+10 2.42127e+10 6.95428e+09 7.95024e+07 1.5921e+06 37812.7 899.921 21.4339 0.48821
0.164264 6.90675 276.757 11101.5 448082 2.18483e+07 1.98584e+09 6.93241e+09 1.40693e+10 2.22199e+10 3.00096e+10 3.61021e+10 3.944e+10 3.944e+10 3.61021e+10 3.00096e+10 2.22199e+10 1.40693e+10 6.93241e+09 1.98584e+09 2.18483e+07 448082 11101.5 276.757 6.90675 0.164264
0.0280832 0.970118 29.2444 763.544 14832 210339 2.08433e+07 7.5736e+07 1.56284e+08 2.49115e+08 3.38377e+08 4.08476e+08 4.46973e+08 4.46973e+08 4.08476e+08 3.38377e+08 2.49115e+08 1.56284e+08 7.5736e+07 2.08433e+07 210339 14832 763.544 29.2444 0.970118 0.0280832
0.00301412 0.0846602 1.96669 38.3484 637.067 14311.4 424970 1.50825e+06 3.1124e+06 4.96533e+06 6.74825e+06 8.14884e+06 8.91812e+06 8.91812e+06 8.14884e+06 6.74825e+06 4.96533e+06 3.1124e+06 1.50825e+06 424970 14311.4 637.067 38.3484 1.96669 0.0846602 0.00301412
0.000243945 0.00582834 0.115402 2.07121 37.3901 731.208 10530.1 35826.5 73581.8 117288 159352 192390 210533 210533 192390 159352 117288 73581.8 35826.5 10530.1 731.208 37.3901 2.07121 0.115402 0.00582834 0.000243945
1.67757e-05 0.000359863 0.00655601 0.113228 1.89695 27.9134 262.526 852.766 1739.67 2769.49 3761.22 4540.12 4967.8 4967.8 4540.12 3761.22 2769.49 1739.67 852.766 262.526 27.9134 1.89695 0.113228 0.00655601 0.000359863 1.67757e-05
1.04261e-06 2.07766e-05 0.000354455 0.00565563 0.0812311 0.924304 6.55182 20.3135 41.0934 65.3054 88.6458 106.979 117.045 117.045 106.979 88.6458 65.3054 41.0934 20.3135 6.55182 0.924304 0.0812311 0.00565563 0.000354455 2.07766e-05 1.04261e-06
5.48662e-08 1.03031e-06 1.63619e-05 0.000235266 0.00288371 0.0267286 0.155826 0.462744 0.927531 1.47093 1.99544 2.40755 2.63382 2.63382 2.40755 1.99544 1.47093 0.927531 0.462744 0.155826 0.0267285 0.00288371 0.000235266 1.63619e-05 1.03031e-06 5.48662e-08
