6.99388e-05 0.0013162 0.0209593 0.302265 3.71544 34.5239 201.731 600.626 1207.44 1920.36 2611.6 3156.62 3456.52 3456.52 3156.62 2611.6 1920.36 1207.44 600.626 201.731 34.5239 3.71544 0.302265 0.0209593 0.0013162 6.99389e-05
0.0013302 0.0265572 0.454229 7.27012 104.755 1195.32 8492.92 26403.5 53579.1 85407.7 116235 140538 153912 153912 140538 116235 85407.7 53579.1 26403.5 8492.92 1195.32 104.755 7.27012 0.454229 0.0265572 0.0013302
0.021432 0.460393 8.40363 145.548 2447.24 36131.3 340661 1.10973e+06 2.27131e+06 3.62749e+06 4.93995e+06 5.97465e+06 6.54414e+06 6.54414e+06 5.97465e+06 4.93995e+06 3.62749e+06 2.27131e+06 1.10973e+06 340661 36131.3 2447.24 145.548 8.40363 0.460393 0.021432
0.312244 7.46791 148.024 2661.16 48204.8 946869 1.36739e+07 4.66622e+07 9.61683e+07 1.5381e+08 2.09571e+08 2.53538e+08 2.77742e+08 2.77742e+08 2.53538e+08 2.09571e+08 1.5381e+08 9.61683e+07 4.66622e+07 1.36739e+07 946869 48204.8 2661.16 148.024 7.46791 0.312244
3.8669 108.721 2527.26 49290.2 819538 1.85183e+07 5.5206e+08 1.96549e+09 4.07077e+09 6.5173e+09 8.88397e+09 1.07506e+10 1.17785e+10 1.17785e+10 1.07506e+10 8.88397e+09 6.5173e+09 4.07077e+09 1.96549e+09 5.5206e+08 1.85183e+07 819538 49290.2 2527.26 108.721 3.8669
36.1171 1249.08 37684.3 984084 1.90912e+07 2.7025e+08 2.70627e+10 9.86576e+10 2.04342e+11 3.26889e+11 4.45354e+11 5.38762e+11 5.90186e+11 5.90186e+11 5.38762e+11 4.45354e+11 3.26889e+11 2.04342e+11 9.86576e+10 2.70627e+10 2.7025e+08 1.90912e+07 984084 37684.3 1249.08 36.1171
211.776 8916.17 357657 1.43573e+07 5.79727e+08 2.82879e+10 2.5783e+12 9.02127e+12 1.83578e+13 2.90688e+13 3.93464e+13 4.74094e+13 5.18352e+13 5.18352e+13 4.74094e+13 3.93464e+13 2.90688e+13 1.83578e+13 9.02127e+12 2.5783e+12 2.82879e+10 5.79727e+08 1.43573e+07 357657 8916.17 211.776
631.068 27745.8 1.16634e+06 4.90508e+07 2.06647e+09 1.03266e+11 9.04852e+12 3.1572e+13 6.41706e+13 1.0154e+14 1.37379e+14 1.65486e+14 1.80911e+14 1.80911e+14 1.65486e+14 1.37379e+14 1.0154e+14 6.41706e+13 3.1572e+13 9.04852e+12 1.03266e+11 2.06647e+09 4.90508e+07 1.16634e+06 27745.8 631.068
1268.52 56298.1 2.38695e+06 1.01081e+08 4.27944e+09 2.13883e+11 1.84303e+13 6.42313e+13 1.30487e+14 2.06416e+14 2.79221e+14 3.3631e+14 3.67639e+14 3.67638e+14 3.3631e+14 2.79221e+14 2.06416e+14 1.30487e+14 6.42313e+13 1.84303e+13 2.13883e+11 4.27944e+09 1.01081e+08 2.38695e+06 56298.1 1268.52
2016.6 89700.1 3.81036e+06 1.61588e+08 6.84793e+09 3.42003e+11 2.91919e+13 1.01667e+14 2.0648e+14 3.26575e+14 4.41714e+14 5.31993e+14 5.81531e+14 5.81531e+14 5.31993e+14 4.41714e+14 3.26575e+14 2.0648e+14 1.01667e+14 2.91919e+13 3.42003e+11 6.84793e+09 1.61588e+08 3.81036e+06 89700.1 2016.6
2740.95 122007 5.18594e+06 2.20036e+08 9.32888e+09 4.65681e+11 3.95132e+13 1.37555e+14 2.79318e+14 4.41731e+14 5.97431e+14 7.19505e+14 7.8649e+14 7.8649e+14 7.19506e+14 5.9743e+14 4.41731e+14 2.79318e+14 1.37555e+14 3.95132e+13 4.65681e+11 9.32888e+09 2.20036e+08 5.18594e+06 122007 2740.95
3311.36 147444 6.26899e+06 2.6606e+08 1.1283e+10 5.6307e+11 4.7606e+13 1.65686e+14 3.36405e+14 5.31979e+14 7.19461e+14 8.66449e+14 9.47103e+14 9.47103e+14 8.66449e+14 7.19461e+14 5.31979e+14 3.36405e+14 1.65686e+14 4.7606e+13 5.6307e+11 1.1283e+10 2.6606e+08 6.26899e+06 147444 3311.37
3624.97 161430 6.86454e+06 2.91372e+08 1.23579e+10 6.16634e+11 5.20463e+13 1.81118e+14 3.6772e+14 5.81483e+14 7.86396e+14 9.47048e+14 1.0352e+15 1.0352e+15 9.47048e+14 7.86396e+14 5.81483e+14 3.6772e+14 1.81118e+14 5.20463e+13 6.16634e+11 1.23579e+10 2.91372e+08 6.86454e+06 161430 3624.97
3624.97 161430 6.86454e+06 2.91372e+08 1.23579e+10 6.16634e+11 5.20463e+13 1.81118e+14 3.6772e+14 5.81483e+14 7.86396e+14 9.47048e+14 1.0352e+15 1.0352e+15 9.47048e+14 7.86396e+14 5.81483e+14 3.6772e+14 1.81118e+14 5.20463e+13 6.16634e+11 1.23579e+10 2.91372e+08 6.86454e+06 161430 3624.97
3311.36 147444 6.26899e+06 2.6606e+08 1.1283e+10 5.6307e+11 4.7606e+13 1.65686e+14 3.36405e+14 5.31979e+14 7.19461e+14 8.66449e+14 9.47103e+14 9.47103e+14 8.66449e+14 7.19461e+14 5.31979e+14 3.36405e+14 1.65686e+14 4.7606e+13 5.6307e+11 1.1283e+10 2.6606e+08 6.26899e+06 147444 3311.36
2740.95 122007 5.18594e+06 2.20036e+08 9.32888e+09 4.65681e+11 3.95132e+13 1.37555e+14 2.79318e+14 4.41731e+14 5.9743e+14 7.19506e+14 7.8649e+14 7.8649e+14 7.19505e+14 5.97431e+14 4.41731e+14 2.79318e+14 1.37555e+14 3.95132e+13 4.65681e+11 9.32888e+09 2.20036e+08 5.18594e+06 122007 2740.95
2016.6 89700.1 3.81036e+06 1.61588e+08 6.84793e+09 3.42003e+11 2.91919e+13 1.01667e+14 2.0648e+14 3.26575e+14 4.41714e+14 5.31993e+14 5.81531e+14 5.81531e+14 5.31993e+14 4.41714e+14 3.26575e+14 2.0648e+14 1.01667e+14 2.91919e+13 3.42003e+11 6.84793e+09 1.61588e+08 3.81035e+06 89700.1 2016.6
1268.52 56298.1 2.38695e+06 1.01081e+08 4.27944e+09 2.13883e+11 1.84303e+13 6.42313e+13 1.30487e+14 2.06416e+14 2.79221e+14 3.3631e+14 3.67638e+14 3.67639e+14 3.3631e+14 2.79221e+14 2.06416e+14 1.30487e+14 6.42313e+13 1.84303e+13 2.13883e+11 4.27944e+09 1.01081e+08 2.38695e+06 56298.1 1268.52
631.068 27745.8 1.16634e+06 4.90508e+07 2.06647e+09 1.03266e+11 9.04852e+12 3.1572e+13 6.41706e+13 1.0154e+14 1.37379e+14 1.65486e+14 1.80911e+14 1.80911e+14 1.65486e+14 1.37379e+14 1.0154e+14 6.41706e+13 3.1572e+13 9.04852e+12 1.03266e+11 2.06647e+09 4.90508e+07 1.16634e+06 27745.8 631.068
211.776 8916.17 357657 1.43573e+07 5.79727e+08 2.82879e+10 2.5783e+12 9.02127e+12 1.83578e+13 2.90688e+13 3.93464e+13 4.74094e+13 5.18352e+13 5.18352e+13 4.74094e+13 3.93464e+13 2.90688e+13 1.83578e+13 9.02127e+12 2.5783e+12 2.82879e+10 5.79727e+08 1.43573e+07 357657 8916.17 211.776
36.1171 1249.08 37684.3 984084 1.90912e+07 2.7025e+08 2.70627e+10 9.86576e+10 2.04342e+11 3.26889e+11 4.45354e+11 5.38762e+11 5.90186e+11 5.90186e+11 5.38762e+11 4.45354e+11 3.26889e+11 2.04342e+11 9.86576e+10 2.70627e+10 2.7025e+08 1.90912e+07 984084 37684.3 1249.08 36.1171
3.8669 108.721 2527.26 49290.2 819538 1.85183e+07 5.5206e+08 1.96549e+09 4.07077e+09 6.5173e+09 8.88397e+09 1.07506e+10 1.17785e+10 1.17785e+10 1.07506e+10 8.88397e+09 6.5173e+09 4.07077e+09 1.96549e+09 5.5206e+08 1.85183e+07 819538 49290.2 2527.26 108.721 3.8669
0.312244 7.46791 148.024 2661.16 48204.8 946869 1.36739e+07 4.66622e+07 9.61683e+07 1.5381e+08 2.09571e+08 2.53538e+08 2.77742e+08 2.77742e+08 2.53538e+08 2.09571e+08 1.5381e+08 9.61683e+07 4.66622e+07 1.36739e+07 946869 48204.8 2661.16 148.024 7.46791 0.312244
0.021432 0.460393 8.40363 145.548 2447.24 36131.3 340661 1.10973e+06 2.27131e+06 3.62749e+06 4.93995e+06 5.97465e+06 6.54414e+06 6.54414e+06 5.97465e+06 4.93995e+06 3.62749e+06 2.27131e+06 1.10973e+06 340661 36131.3 2447.24 145.548 8.40363 0.460393 0.021432
0.0013302 0.0265572 0.454229 7.27012 104.755 1195.32 8492.92 26403.5 53579.1 85407.7 116235 140538 153912 153912 140538 116235 85407.7 53579.1 26403.5 8492.92 1195.32 104.755 7.27012 0.454229 0.0265572 0.0013302
6.99388e-05 0.0013162 0.0209593 0.302265 3.71544 34.5239 201.731 600.626 1207.44 1920.36 2611.6 3156.62 3456.52 3456.52 3156.62 2611.6 1920.36 1207.44 600.626 201.731 34.5239 3.71544 0.302265 0.0209593 0.0013162 6.99389e-05
