0.000175268 0.00326754 0.0512852 0.726965 8.78994 80.6151 466.6 1377.55 2743.7 4322.5 5828.62 7000.16 7639.09 7639.09 7000.16 5828.62 4322.5 2743.7 1377.55 466.6 80.6151 8.78994 0.726965 0.0512852 0.00326754 0.000175268
0.00333948 0.0662791 1.1201 17.6054 248.63 2790.78 19615 60448.1 121483 191741 258646 310652 339007 339007 310652 258646 191741 121483 60448.1 19615 2790.78 248.63 17.6054 1.1201 0.0662791 0.00333948
0.0536789 1.15184 20.902 356.54 5852.27 84475.7 785968 2.5371e+06 5.14058e+06 8.12549e+06 1.09635e+07 1.31683e+07 1.43702e+07 1.43702e+07 1.31683e+07 1.09635e+07 8.12549e+06 5.14058e+06 2.5371e+06 785968 84475.7 5852.27 356.54 20.902 1.15184 0.0536789
0.775966 18.6026 369.439 6612.27 117141 2.22406e+06 3.15327e+07 1.06588e+08 2.17371e+08 3.43927e+08 4.64115e+08 5.57453e+08 6.08325e+08 6.08325e+08 5.57453e+08 4.64115e+08 3.43927e+08 2.17371e+08 1.06588e+08 3.15327e+07 2.22406e+06 117141 6612.27 369.439 18.6026 0.775966
9.49657 267.687 6255.04 122997 2.04886e+06 4.41327e+07 1.27313e+09 4.48808e+09 9.19382e+09 1.45546e+10 1.96419e+10 2.35917e+10 2.57442e+10 2.57442e+10 2.35917e+10 1.96419e+10 1.45546e+10 9.19382e+09 4.48808e+09 1.27313e+09 4.41327e+07 2.04886e+06 122997 6255.04 267.687 9.49657
87.5521 3029.58 91640 2.40973e+06 4.76843e+07 6.92234e+08 6.2774e+10 2.26485e+11 4.63926e+11 7.33846e+11 9.89867e+11 1.18862e+12 1.29693e+12 1.29693e+12 1.18862e+12 9.89867e+11 7.33846e+11 4.63926e+11 2.26485e+11 6.2774e+10 6.92234e+08 4.76843e+07 2.40973e+06 91640 3029.58 87.5521
507.307 21325.6 854498 3.42821e+07 1.38417e+09 6.71268e+10 5.98024e+12 2.07905e+13 4.20021e+13 6.602e+13 8.87802e+13 1.06455e+14 1.16092e+14 1.16092e+14 1.06455e+14 8.87802e+13 6.602e+13 4.20021e+13 2.07905e+13 5.98024e+12 6.71268e+10 1.38417e+09 3.42821e+07 854498 21325.6 507.307
1497.45 65708.5 2.75786e+06 1.15862e+08 4.87865e+09 2.42481e+11 2.08703e+13 7.23884e+13 1.4612e+14 2.29585e+14 3.08675e+14 3.70094e+14 4.03586e+14 4.03586e+14 3.70094e+14 3.08675e+14 2.29585e+14 1.4612e+14 7.23884e+13 2.08703e+13 2.42481e+11 4.87865e+09 1.15862e+08 2.75786e+06 65708.5 1497.45
2980.74 131975 5.5844e+06 2.36133e+08 9.98721e+09 4.96565e+11 4.22043e+13 1.46265e+14 2.95156e+14 4.6369e+14 6.23387e+14 7.47406e+14 8.15033e+14 8.15033e+14 7.47406e+14 6.23387e+14 4.6369e+14 2.95156e+14 1.46265e+14 4.22043e+13 4.96565e+11 9.98721e+09 2.36133e+08 5.5844e+06 131975 2980.74
4692.44 208141 8.82004e+06 3.73308e+08 1.57973e+10 7.84964e+11 6.63461e+13 2.29846e+14 4.63762e+14 7.28524e+14 9.79405e+14 1.17424e+15 1.28048e+15 1.28048e+15 1.17424e+15 9.79405e+14 7.28524e+14 4.63762e+14 2.29846e+14 6.63461e+13 7.84964e+11 1.57973e+10 3.73308e+08 8.82004e+06 208141 4692.44
6322.82 280556 1.18913e+07 5.03357e+08 2.13012e+10 1.05804e+12 8.92018e+13 3.08975e+14 6.23383e+14 9.79248e+14 1.31645e+15 1.57832e+15 1.72112e+15 1.72112e+15 1.57832e+15 1.31645e+15 9.79248e+14 6.23383e+14 3.08975e+14 8.92018e+13 1.05804e+12 2.13012e+10 5.03357e+08 1.18913e+07 280556 6322.82
7589.27 336764 1.42739e+07 6.04198e+08 2.55676e+10 1.2697e+12 1.06933e+14 3.70367e+14 7.47229e+14 1.17378e+15 1.57796e+15 1.89185e+15 2.06301e+15 2.06301e+15 1.89185e+15 1.57796e+15 1.17378e+15 7.47229e+14 3.70367e+14 1.06933e+14 1.2697e+12 2.55676e+10 6.04198e+08 1.42739e+07 336764 7589.27
8279.29 367381 1.55713e+07 6.59102e+08 2.78902e+10 1.38492e+12 1.16595e+14 4.03821e+14 8.14718e+14 1.27979e+15 1.72047e+15 2.06271e+15 2.24933e+15 2.24933e+15 2.06271e+15 1.72047e+15 1.27979e+15 8.14718e+14 4.03821e+14 1.16595e+14 1.38492e+12 2.78902e+10 6.59102e+08 1.55713e+07 367381 8279.29
8279.29 367381 1.55713e+07 6.59102e+08 2.78902e+10 1.38492e+12 1.16595e+14 4.03821e+14 8.14718e+14 1.27979e+15 1.72047e+15 2.06271e+15 2.24933e+15 2.24933e+15 2.06271e+15 1.72047e+15 1.27979e+15 8.14718e+14 4.03821e+14 1.16595e+14 1.38492e+12 2.78902e+10 6.59102e+08 1.55713e+07 367381 8279.29
7589.27 336764 1.42739e+07 6.04198e+08 2.55676e+10 1.2697e+12 1.06933e+14 3.70367e+14 7.47229e+14 1.17378e+15 1.57796e+15 1.89185e+15 2.06301e+15 2.06301e+15 1.89185e+15 1.57796e+15 1.17378e+15 7.47229e+14 3.70367e+14 1.06933e+14 1.2697e+12 2.55676e+10 6.04198e+08 1.42739e+07 336764 7589.27
6322.82 280556 1.18913e+07 5.03357e+08 2.13012e+10 1.05804e+12 8.92018e+13 3.08975e+14 6.23383e+14 9.79248e+14 1.31645e+15 1.57832e+15 1.72112e+15 1.72112e+15 1.57832e+15 1.31645e+15 9.79248e+14 6.23383e+14 3.08975e+14 8.92018e+13 1.05804e+12 2.13012e+10 5.03357e+08 1.18913e+07 280556 6322.82
4692.44 208141 8.82004e+06 3.73308e+08 1.57973e+10 7.84964e+11 6.63461e+13 2.29846e+14 4.63762e+14 7.28524e+14 9.79405e+14 1.17424e+15 1.28048e+15 1.28048e+15 1.17424e+15 9.79405e+14 7.28524e+14 4.63762e+14 2.29846e+14 6.63461e+13 7.84964e+11 1.57973e+10 3.73308e+08 8.82004e+06 208141 4692.44
2980.74 131975 5.5844e+06 2.36133e+08 9.98721e+09 4.96565e+11 4.22043e+13 1.46265e+14 2.95156e+14 4.6369e+14 6.23387e+14 7.47406e+14 8.15033e+14 8.15033e+14 7.47406e+14 6.23387e+14 4.6369e+14 2.95156e+14 1.46265e+14 4.22043e+13 4.96565e+11 9.98721e+09 2.36133e+08 5.5844e+06 131975 2980.74
1497.45 65708.5 2.75786e+06 1.15862e+08 4.87865e+09 2.42481e+11 2.08703e+13 7.23884e+13 1.4612e+14 2.29585e+14 3.08675e+14 3.70094e+14 4.03586e+14 4.03586e+14 3.70094e+14 3.08675e+14 2.29585e+14 1.4612e+14 7.23884e+13 2.08703e+13 2.42481e+11 4.87865e+09 1.15862e+08 2.75786e+06 65708.5 1497.45
507.307 21325.6 854498 3.42821e+07 1.38417e+09 6.71268e+10 5.98024e+12 2.07905e+13 4.20021e+13 6.602e+13 8.87802e+13 1.06455e+14 1.16092e+14 1.16092e+14 1.06455e+14 8.87802e+13 6.602e+13 4.20021e+13 2.07905e+13 5.98024e+12 6.71268e+10 1.38417e+09 3.42821e+07 854498 21325.6 507.307
87.5521 3029.58 91640 2.40973e+06 4.76843e+07 6.92234e+08 6.2774e+10 2.26485e+11 4.63926e+11 7.33846e+11 9.89867e+11 1.18862e+12 1.29693e+12 1.29693e+12 1.18862e+12 9.89867e+11 7.33846e+11 4.63926e+11 2.26485e+11 6.2774e+10 6.92234e+08 4.76843e+07 2.40973e+06 91640 3029.58 87.5521
9.49657 267.687 6255.04 122997 2.04886e+06 4.41327e+07 1.27313e+09 4.48808e+09 9.19382e+09 1.45546e+10 1.96419e+10 2.35917e+10 2.57442e+10 2.57442e+10 2.35917e+10 1.96419e+10 1.45546e+10 9.19382e+09 4.48808e+09 1.27313e+09 4.41327e+07 2.04886e+06 122997 6255.04 267.687 9.49657
0.775966 18.6026 369.439 6612.27 117141 2.22406e+06 3.15327e+07 1.06588e+08 2.17371e+08 3.43927e+08 4.64115e+08 5.57453e+08 6.08325e+08 6.08325e+08 5.57453e+08 4.64115e+08 3.43927e+08 2.17371e+08 1.06588e+08 3.15327e+07 2.22406e+06 117141 6612.27 369.439 18.6026 0.775966
0.0536789 1.15184 20.902 356.54 5852.27 84475.7 785968 2.5371e+06 5.14058e+06 8.12549e+06 1.09635e+07 1.31683e+07 1.43702e+07 1.43702e+07 1.31683e+07 1.09635e+07 8.12549e+06 5.14058e+06 2.5371e+06 785968 84475.7 5852.27 356.54 20.902 1.15184 0.0536789
0.00333948 0.0662791 1.1201 17.6054 248.63 2790.78 19615 60448.1 121483 191741 258646 310652 339007 339007 310652 258646 191741 121483 60448.1 19615 2790.78 248.63 17.6054 1.1201 0.0662791 0.00333948
0.000175268 0.00326754 0.0512852 0.726965 8.78994 80.6151 466.6 1377.55 2743.7 4322.5 5828.62 7000.16 7639.09 7639.09 7000.16 5828.62 4322.5 2743.7 1377.55 466.6 80.6151 8.78994 0.726965 0.0512852 0.00326754 0.000175268
