4.39532 81.8811 1278.55 17967.7 215353 1.96348e+06 1.13411e+07 3.34861e+07 6.66273e+07 1.04664e+08 1.40556e+08 1.68143e+08 1.83049e+08 1.83049e+08 1.68143e+08 1.40556e+08 1.04664e+08 6.66273e+07 3.34861e+07 1.13411e+07 1.96348e+06 215353 17967.7 1278.55 81.8811 4.39532
84.501 1681.74 28351.3 441533 6.15806e+06 6.84491e+07 4.79202e+08 1.47675e+09 2.96456e+09 4.66446e+09 6.26411e+09 7.49154e+09 8.15411e+09 8.15411e+09 7.49154e+09 6.26411e+09 4.66446e+09 2.96456e+09 1.47675e+09 4.79202e+08 6.84491e+07 6.15806e+06 441533 28351.3 1681.74 84.501
1365.84 29522.3 537637 9.11669e+06 1.4723e+08 2.09005e+09 1.9304e+10 6.23081e+10 1.26103e+11 1.98652e+11 2.66745e+11 3.18908e+11 3.47036e+11 3.47036e+11 3.18908e+11 2.66745e+11 1.98652e+11 1.26103e+11 6.23081e+10 1.9304e+10 2.09005e+09 1.4723e+08 9.11669e+06 537637 29522.3 1365.84
19746.3 478304 9.60092e+06 1.72643e+08 3.01734e+09 5.56699e+10 7.78262e+11 2.6306e+12 5.35867e+12 8.44785e+12 1.13407e+13 1.35533e+13 1.47452e+13 1.47452e+13 1.35533e+13 1.13407e+13 8.44785e+12 5.35867e+12 2.6306e+12 7.78262e+11 5.56699e+10 3.01734e+09 1.72643e+08 9.60092e+06 478304 19746.3
240661 6.85271e+06 1.62259e+08 3.24242e+09 5.45728e+10 1.12855e+12 3.1548e+13 1.11233e+14 2.27617e+14 3.58944e+14 4.8169e+14 5.75433e+14 6.25878e+14 6.25878e+14 5.75433e+14 4.8169e+14 3.58944e+14 2.27617e+14 1.11233e+14 3.1548e+13 1.12855e+12 5.45728e+10 3.24242e+09 1.62259e+08 6.85271e+06 240661
2.20629e+06 7.69293e+07 2.35004e+09 6.26515e+10 1.27229e+12 1.90694e+13 1.56827e+15 5.65997e+15 1.1585e+16 1.82591e+16 2.44957e+16 2.92593e+16 3.18231e+16 3.18231e+16 2.92593e+16 2.44957e+16 1.82591e+16 1.1585e+16 5.65997e+15 1.56827e+15 1.90694e+13 1.27229e+12 6.26515e+10 2.35004e+09 7.69293e+07 2.20629e+06
1.2727e+07 5.37698e+08 2.16581e+10 8.73081e+11 3.53876e+13 1.70875e+15 1.49166e+17 5.1974e+17 1.05167e+18 1.65265e+18 2.21879e+18 2.65525e+18 2.89187e+18 2.89187e+18 2.65525e+18 2.21879e+18 1.65265e+18 1.05167e+18 5.1974e+17 1.49166e+17 1.70875e+15 3.53876e+13 8.73081e+11 2.16581e+10 5.37698e+08 1.2727e+07
3.75309e+07 1.65481e+09 6.98078e+10 2.94668e+12 1.24576e+14 6.17317e+15 5.22072e+17 1.81436e+18 3.66689e+18 5.75833e+18 7.72775e+18 9.24577e+18 1.00687e+19 1.00687e+19 9.24577e+18 7.72775e+18 5.75833e+18 3.66689e+18 1.81436e+18 5.22072e+17 6.17317e+15 1.24576e+14 2.94668e+12 6.98078e+10 1.65481e+09 3.75309e+07
7.45916e+07 3.3182e+09 1.41114e+11 5.99526e+12 2.54604e+14 1.26282e+16 1.0573e+18 3.67014e+18 7.41104e+18 1.16292e+19 1.55968e+19 1.86522e+19 2.03075e+19 2.03075e+19 1.86522e+19 1.55968e+19 1.16292e+19 7.41104e+18 3.67014e+18 1.0573e+18 1.26282e+16 2.54604e+14 5.99526e+12 1.41114e+11 3.3182e+09 7.45916e+07
1.17049e+08 5.21511e+09 2.22046e+11 9.44031e+12 4.01014e+14 1.98825e+16 1.66098e+18 5.76184e+18 1.16261e+19 1.82292e+19 2.44316e+19 2.92025e+19 3.17853e+19 3.17853e+19 2.92025e+19 2.44316e+19 1.82292e+19 1.16261e+19 5.76184e+18 1.66098e+18 1.98825e+16 4.01014e+14 9.44031e+12 2.22046e+11 5.21511e+09 1.17049e+08
1.57037e+08 6.99662e+09 2.97851e+11 1.26595e+13 5.37551e+14 2.66434e+16 2.22831e+18 7.72692e+18 1.55816e+19 2.44144e+19 3.27003e+19 3.90667e+19 4.25105e+19 4.25105e+19 3.90667e+19 3.27003e+19 2.44144e+19 1.55816e+19 7.72692e+18 2.22831e+18 2.66434e+16 5.37551e+14 1.26595e+13 2.97851e+11 6.99662e+09 1.57037e+08
1.8772e+08 8.36119e+09 3.55813e+11 1.51169e+13 6.41615e+14 3.17947e+16 2.66464e+18 9.23807e+18 1.86207e+19 2.91613e+19 3.9039e+19 4.66217e+19 5.07209e+19 5.07209e+19 4.66217e+19 3.9039e+19 2.91613e+19 1.86207e+19 9.23807e+18 2.66464e+18 3.17947e+16 6.41615e+14 1.51169e+13 3.55813e+11 8.36119e+09 1.8772e+08
2.0428e+08 9.0969e+09 3.8703e+11 1.6439e+13 6.97537e+14 3.45623e+16 2.90077e+18 1.00559e+19 2.02644e+19 3.17267e+19 4.24621e+19 5.06992e+19 5.51507e+19 5.51507e+19 5.06992e+19 4.24621e+19 3.17267e+19 2.02644e+19 1.00559e+19 2.90077e+18 3.45623e+16 6.97537e+14 1.6439e+13 3.8703e+11 9.0969e+09 2.0428e+08
2.0428e+08 9.0969e+09 3.8703e+11 1.6439e+13 6.97537e+14 3.45623e+16 2.90077e+18 1.00559e+19 2.02644e+19 3.17267e+19 4.24621e+19 5.06992e+19 5.51507e+19 5.51507e+19 5.06992e+19 4.24621e+19 3.17267e+19 2.02644e+19 1.00559e+19 2.90077e+18 3.45623e+16 6.97537e+14 1.6439e+13 3.8703e+11 9.0969e+09 2.0428e+08
1.8772e+08 8.36119e+09 3.55813e+11 1.51169e+13 6.41615e+14 3.17947e+16 2.66464e+18 9.23807e+18 1.86207e+19 2.91613e+19 3.9039e+19 4.66217e+19 5.07209e+19 5.07209e+19 4.66217e+19 3.9039e+19 2.91613e+19 1.86207e+19 9.23807e+18 2.66464e+18 3.17947e+16 6.41615e+14 1.51169e+13 3.55813e+11 8.36119e+09 1.8772e+08
1.57037e+08 6.99662e+09 2.97851e+11 1.26595e+13 5.37551e+14 2.66434e+16 2.22831e+18 7.72692e+18 1.55816e+19 2.44144e+19 3.27003e+19 3.90667e+19 4.25105e+19 4.25105e+19 3.90667e+19 3.27003e+19 2.44144e+19 1.55816e+19 7.72692e+18 2.22831e+18 2.66434e+16 5.37551e+14 1.26595e+13 2.97851e+11 6.99662e+09 1.57037e+08
1.17049e+08 5.21511e+09 2.22046e+11 9.44031e+12 4.01014e+14 1.98825e+16 1.66098e+18 5.76184e+18 1.16261e+19 1.82292e+19 2.44316e+19 2.92025e+19 3.17853e+19 3.17853e+19 2.92025e+19 2.44316e+19 1.82292e+19 1.16261e+19 5.76184e+18 1.66098e+18 1.98825e+16 4.01014e+14 9.44031e+12 2.22046e+11 5.21511e+09 1.17049e+08
7.45916e+07 3.3182e+09 1.41114e+11 5.99526e+12 2.54604e+14 1.26282e+16 1.0573e+18 3.67014e+18 7.41104e+18 1.16292e+19 1.55968e+19 1.86522e+19 2.03075e+19 2.03075e+19 1.86522e+19 1.55968e+19 1.16292e+19 7.41104e+18 3.67014e+18 1.0573e+18 1.26282e+16 2.54603e+14 5.99526e+12 1.41114e+11 3.3182e+09 7.45916e+07
3.75309e+07 1.65481e+09 6.98078e+10 2.94668e+12 1.24576e+14 6.17317e+15 5.22072e+17 1.81436e+18 3.66689e+18 5.75833e+18 7.72775e+18 9.24577e+18 1.00687e+19 1.00687e+19 9.24577e+18 7.72775e+18 5.75833e+18 3.66689e+18 1.81436e+18 5.22072e+17 6.17317e+15 1.24576e+14 2.94668e+12 6.98078e+10 1.65481e+09 3.75309e+07
1.2727e+07 5.37698e+08 2.16581e+10 8.73081e+11 3.53876e+13 1.70875e+15 1.49166e+17 5.1974e+17 1.05167e+18 1.65265e+18 2.21879e+18 2.65525e+18 2.89187e+18 2.89187e+18 2.65525e+18 2.21879e+18 1.65265e+18 1.05167e+18 5.1974e+17 1.49166e+17 1.70875e+15 3.53876e+13 8.73081e+11 2.16581e+10 5.37698e+08 1.2727e+07
2.20629e+06 7.69293e+07 2.35004e+09 6.26515e+10 1.27229e+12 1.90694e+13 1.56827e+15 5.65997e+15 1.1585e+16 1.82591e+16 2.44957e+16 2.92593e+16 3.18231e+16 3.18231e+16 2.92593e+16 2.44957e+16 1.82591e+16 1.1585e+16 5.65997e+15 1.56827e+15 1.90694e+13 1.27229e+12 6.26515e+10 2.35004e+09 7.69293e+07 2.20629e+06
240661 6.85271e+06 1.62259e+08 3.24242e+09 5.45728e+10 1.12855e+12 3.1548e+13 1.11233e+14 2.27617e+14 3.58944e+14 4.8169e+14 5.75433e+14 6.25878e+14 6.25878e+14 5.75433e+14 4.8169e+14 3.58944e+14 2.27617e+14 1.11233e+14 3.1548e+13 1.12855e+12 5.45728e+10 3.24242e+09 1.62259e+08 6.85271e+06 240661
19746.3 478304 9.60092e+06 1.72643e+08 3.01734e+09 5.56699e+10 7.78262e+11 2.6306e+12 5.35867e+12 8.44785e+12 1.13407e+13 1.35533e+13 1.47452e+13 1.47452e+13 1.35533e+13 1.13407e+13 8.44785e+12 5.35867e+12 2.6306e+12 7.78262e+11 5.56699e+10 3.01734e+09 1.72643e+08 9.60092e+06 478304 19746.3
1365.84 29522.3 537637 9.11669e+06 1.4723e+08 2.09005e+09 1.9304e+10 6.23081e+10 1.26103e+11 1.98652e+11 2.66745e+11 3.18908e+11 3.47036e+11 3.47036e+11 3.18908e+11 2.66745e+11 1.98652e+11 1.26103e+11 6.23081e+10 1.9304e+10 2.09005e+09 1.4723e+08 9.11669e+06 537637 29522.3 1365.84
84.501 1681.74 28351.3 441533 6.15806e+06 6.84491e+07 4.79202e+08 1.47675e+09 2.96456e+09 4.66446e+09 6.26411e+09 7.49154e+09 8.15411e+09 8.15411e+09 7.49154e+09 6.26411e+09 4.66446e+09 2.96456e+09 1.47675e+09 4.79202e+08 6.84491e+07 6.15806e+06 441533 28351.3 1681.74 84.501
4.39532 81.8811 1278.55 17967.7 215353 1.96348e+06 1.13411e+07 3.34861e+07 6.66273e+07 1.04664e+08 1.40556e+08 1.68143e+08 1.83049e+08 1.83049e+08 1.68143e+08 1.40556e+08 1.04664e+08 6.66273e+07 3.34861e+07 1.13411e+07 1.96348e+06 215353 17967.7 1278.55 81.8811 4.39532
