0.00110163 0.0207758 0.331579 4.79237 59.0342 549.722 3219.62 9614.25 19391.6 30939.9 42189.1 51089.6 55997.7 55997.7 51089.6 42189.1 30939.9 19391.6 9614.25 3219.62 549.722 59.0342 4.79237 0.331579 0.0207758 0.00110163
0.0209932 0.420054 7.20114 115.516 1668.07 19073.9 135827 423578 862574 1.37964e+06 1.8829e+06 2.28108e+06 2.50069e+06 2.50069e+06 2.28108e+06 1.8829e+06 1.37964e+06 862574 423578 135827 19073.9 1668.07 115.516 7.20114 0.420054 0.0209932
0.338935 7.29724 133.503 2317.33 39046 577639 5.45752e+06 1.7836e+07 3.66419e+07 5.873e+07 8.02154e+07 9.72175e+07 1.06596e+08 1.06596e+08 9.72175e+07 8.02154e+07 5.873e+07 3.66419e+07 1.7836e+07 5.45752e+06 577639 39046 2317.33 133.503 7.29724 0.338935
4.94804 118.606 2356.07 42443.7 770371 1.51606e+07 2.1933e+08 7.51018e+08 1.55395e+09 2.49472e+09 3.40963e+09 4.13383e+09 4.53342e+09 4.53342e+09 4.13383e+09 3.40963e+09 2.49472e+09 1.55395e+09 7.51018e+08 2.1933e+08 1.51606e+07 770371 42443.7 2356.07 118.606 4.94804
61.4025 1730.18 40300.9 787403 1.31137e+07 2.96834e+08 8.8614e+09 3.16633e+10 6.58537e+10 1.05849e+11 1.44751e+11 1.75556e+11 1.92558e+11 1.92558e+11 1.75556e+11 1.44751e+11 1.05849e+11 6.58537e+10 3.16633e+10 8.8614e+09 2.96834e+08 1.31137e+07 787403 40300.9 1730.18 61.4025
574.701 19918.2 602061 1.5746e+07 3.05825e+08 4.33363e+09 4.34458e+11 1.58976e+12 3.30689e+12 5.31132e+12 7.25964e+12 8.80196e+12 9.65303e+12 9.65303e+12 8.80196e+12 7.25964e+12 5.31132e+12 3.30689e+12 1.58976e+12 4.34458e+11 4.33363e+09 3.05825e+08 1.5746e+07 602061 19918.2 574.701
3377.55 142495 5.72573e+06 2.30127e+08 9.29876e+09 4.53834e+11 4.13987e+13 1.4525e+14 2.96535e+14 4.71001e+14 6.39153e+14 7.71503e+14 8.44294e+14 8.44294e+14 7.71503e+14 6.39153e+14 4.71001e+14 2.96535e+14 1.4525e+14 4.13987e+13 4.53834e+11 9.29876e+09 2.30127e+08 5.72573e+06 142495 3377.55
10094.1 444788 1.87322e+07 7.88889e+08 3.32659e+10 1.66296e+12 1.45692e+14 5.09665e+14 1.03914e+15 1.6492e+15 2.23683e+15 2.69917e+15 2.95339e+15 2.95339e+15 2.69917e+15 2.23683e+15 1.6492e+15 1.03914e+15 5.09665e+14 1.45692e+14 1.66296e+12 3.32659e+10 7.88889e+08 1.87322e+07 444788 10094.1
20356.9 905649 3.84781e+07 1.63209e+09 6.91774e+10 3.45902e+12 2.9772e+14 1.04015e+15 2.11951e+15 3.3627e+15 4.55987e+15 5.50162e+15 6.01942e+15 6.01942e+15 5.50163e+15 4.55987e+15 3.3627e+15 2.11951e+15 1.04015e+15 2.9772e+14 3.45902e+12 6.91774e+10 1.63209e+09 3.84781e+07 905649 20356.9
32463.1 1.44777e+06 6.16396e+07 2.61873e+09 1.11128e+11 5.55292e+12 4.7302e+14 1.65133e+15 3.36379e+15 5.33569e+15 7.23431e+15 8.72771e+15 9.54876e+15 9.54876e+15 8.72771e+15 7.23431e+15 5.33569e+15 3.36379e+15 1.65133e+15 4.7302e+14 5.55292e+12 1.11128e+11 2.61873e+09 6.16396e+07 1.44777e+06 32463.1
44238.3 1.97461e+06 8.41339e+07 3.57668e+09 1.51864e+11 7.58501e+12 6.41887e+14 2.23977e+15 4.56147e+15 7.23452e+15 9.80796e+15 1.1832e+16 1.29448e+16 1.29448e+16 1.1832e+16 9.80796e+15 7.23452e+15 4.56147e+15 2.23977e+15 6.41887e+14 7.585e+12 1.51864e+11 3.57668e+09 8.41339e+07 1.97461e+06 44238.3
53542.1 2.39085e+06 1.01908e+08 4.33381e+09 1.84071e+11 9.19119e+12 7.74716e+14 2.70246e+15 5.50309e+15 8.72727e+15 1.18311e+16 1.42722e+16 1.56142e+16 1.56142e+16 1.42722e+16 1.18311e+16 8.72727e+15 5.50309e+15 2.70246e+15 7.74716e+14 9.19119e+12 1.84072e+11 4.33381e+09 1.01908e+08 2.39085e+06 53542.1
58667.5 2.62019e+06 1.11703e+08 4.75112e+09 2.01828e+11 1.00766e+13 8.47735e+14 2.95677e+15 6.02059e+15 9.5476e+15 1.29428e+16 1.56131e+16 1.70811e+16 1.70811e+16 1.56131e+16 1.29428e+16 9.5476e+15 6.02058e+15 2.95677e+15 8.47735e+14 1.00766e+13 2.01828e+11 4.75112e+09 1.11703e+08 2.62019e+06 58667.5
58667.5 2.62019e+06 1.11703e+08 4.75112e+09 2.01828e+11 1.00766e+13 8.47735e+14 2.95677e+15 6.02058e+15 9.5476e+15 1.29428e+16 1.56131e+16 1.70811e+16 1.70811e+16 1.56131e+16 1.29428e+16 9.5476e+15 6.02059e+15 2.95677e+15 8.47735e+14 1.00766e+13 2.01828e+11 4.75112e+09 1.11703e+08 2.62019e+06 58667.5
53542.1 2.39085e+06 1.01908e+08 4.33381e+09 1.84072e+11 9.19119e+12 7.74716e+14 2.70246e+15 5.50309e+15 8.72727e+15 1.18311e+16 1.42722e+16 1.56142e+16 1.56142e+16 1.42722e+16 1.18311e+16 8.72727e+15 5.50309e+15 2.70246e+15 7.74716e+14 9.19119e+12 1.84071e+11 4.33381e+09 1.01908e+08 2.39085e+06 53542.1
44238.3 1.97461e+06 8.41339e+07 3.57668e+09 1.51864e+11 7.585e+12 6.41887e+14 2.23977e+15 4.56147e+15 7.23452e+15 9.80796e+15 1.1832e+16 1.29448e+16 1.29448e+16 1.1832e+16 9.80796e+15 7.23452e+15 4.56147e+15 2.23977e+15 6.41887e+14 7.585e+12 1.51864e+11 3.57668e+09 8.41339e+07 1.97461e+06 44238.3
32463.1 1.44777e+06 6.16396e+07 2.61873e+09 1.11128e+11 5.55292e+12 4.7302e+14 1.65133e+15 3.36379e+15 5.33569e+15 7.23431e+15 8.72771e+15 9.54876e+15 9.54876e+15 8.72771e+15 7.23431e+15 5.33569e+15 3.36379e+15 1.65133e+15 4.7302e+14 5.55292e+12 1.11128e+11 2.61873e+09 6.16396e+07 1.44777e+06 32463.1
20356.9 905649 3.84781e+07 1.63209e+09 6.91774e+10 3.45902e+12 2.9772e+14 1.04015e+15 2.11951e+15 3.3627e+15 4.55987e+15 5.50163e+15 6.01942e+15 6.01942e+15 5.50162e+15 4.55987e+15 3.3627e+15 2.11951e+15 1.04015e+15 2.9772e+14 3.45902e+12 6.91774e+10 1.63209e+09 3.84781e+07 905649 20356.9
10094.1 444788 1.87322e+07 7.88889e+08 3.32659e+10 1.66296e+12 1.45692e+14 5.09665e+14 1.03914e+15 1.6492e+15 2.23683e+15 2.69917e+15 2.95339e+15 2.95339e+15 2.69917e+15 2.23683e+15 1.6492e+15 1.03914e+15 5.09665e+14 1.45692e+14 1.66296e+12 3.32659e+10 7.88889e+08 1.87322e+07 444788 10094.1
3377.55 142495 5.72573e+06 2.30127e+08 9.29876e+09 4.53834e+11 4.13987e+13 1.4525e+14 2.96535e+14 4.71001e+14 6.39153e+14 7.71503e+14 8.44294e+14 8.44294e+14 7.71503e+14 6.39153e+14 4.71001e+14 2.96535e+14 1.4525e+14 4.13987e+13 4.53834e+11 9.29876e+09 2.30127e+08 5.72573e+06 142495 3377.55
574.701 19918.2 602061 1.5746e+07 3.05825e+08 4.33363e+09 4.34458e+11 1.58976e+12 3.30689e+12 5.31132e+12 7.25964e+12 8.80196e+12 9.65303e+12 9.65303e+12 8.80196e+12 7.25964e+12 5.31131e+12 3.30689e+12 1.58976e+12 4.34458e+11 4.33363e+09 3.05825e+08 1.5746e+07 602061 19918.2 574.701
61.4025 1730.18 40300.9 787403 1.31137e+07 2.96834e+08 8.8614e+09 3.16633e+10 6.58537e+10 1.05849e+11 1.44751e+11 1.75556e+11 1.92558e+11 1.92558e+11 1.75556e+11 1.44751e+11 1.05849e+11 6.58537e+10 3.16633e+10 8.8614e+09 2.96834e+08 1.31137e+07 787403 40300.9 1730.18 61.4025
4.94804 118.606 2356.07 42443.7 770371 1.51606e+07 2.1933e+08 7.51018e+08 1.55395e+09 2.49472e+09 3.40963e+09 4.13383e+09 4.53342e+09 4.53342e+09 4.13383e+09 3.40963e+09 2.49472e+09 1.55395e+09 7.51018e+08 2.1933e+08 1.51606e+07 770371 42443.7 2356.07 118.606 4.94804
0.338935 7.29724 133.503 2317.33 39046 577639 5.45752e+06 1.7836e+07 3.66419e+07 5.873e+07 8.02154e+07 9.72175e+07 1.06596e+08 1.06596e+08 9.72175e+07 8.02154e+07 5.873e+07 3.66419e+07 1.7836e+07 5.45752e+06 577639 39046 2317.33 133.503 7.29724 0.338935
0.0209932 0.420054 7.20114 115.516 1668.07 19073.9 135827 423578 862574 1.37964e+06 1.8829e+06 2.28108e+06 2.50069e+06 2.50069e+06 2.28108e+06 1.8829e+06 1.37964e+06 862574 423578 135827 19073.9 1668.07 115.516 7.20114 0.420054 0.0209932
0.00110163 0.0207758 0.331579 4.79237 59.0342 549.722 3219.62 9614.25 19391.6 30939.9 42189.1 51089.6 55997.7 55997.7 51089.6 42189.1 30939.9 19391.6 9614.25 3219.62 549.722 59.0342 4.79237 0.331579 0.0207758 0.00110163
