4.05093e-07 7.61606e-06 0.000121152 0.00174544 0.0214347 0.198996 1.16183 3.45652 6.94381 11.038 15.0065 18.1355 19.8575 19.8575 18.1355 15.0065 11.038 6.94381 3.45652 1.16183 0.198996 0.0214347 0.00174544 0.000121152 7.61606e-06 4.05094e-07
7.69799e-06 0.00015353 0.00262308 0.0419393 0.603706 6.88241 48.8599 151.772 307.745 490.279 667.011 806.338 883.021 883.021 806.338 667.011 490.279 307.745 151.772 48.8599 6.88241 0.603706 0.0419393 0.00262308 0.00015353 7.69799e-06
0.000123916 0.00265909 0.0484845 0.838854 14.0901 207.837 1957.98 6372.52 13031.7 20799.7 28314.6 34239 37500.3 37500.3 34239 28314.6 20799.7 13031.7 6372.52 1957.98 207.837 14.0901 0.838854 0.0484845 0.00265909 0.000123916
0.00180373 0.0430937 0.853297 15.3256 277.337 5442.47 78535.5 267742 551293 881125 1.20007e+06 1.45156e+06 1.59003e+06 1.59003e+06 1.45156e+06 1.20007e+06 881125 551293 267742 78535.5 5442.47 277.337 15.3256 0.853297 0.0430937 0.00180373
0.0223182 0.62682 14.5564 283.663 4712.78 106384 3.16916e+06 1.12712e+07 2.33208e+07 3.73092e+07 5.08357e+07 6.15051e+07 6.7381e+07 6.7381e+07 6.15051e+07 5.08357e+07 3.73092e+07 2.33208e+07 1.12712e+07 3.16916e+06 106384 4712.78 283.663 14.5564 0.62682 0.0223182
0.208279 7.19533 216.871 5658.99 109727 1.55265e+06 1.55322e+08 5.65587e+08 1.1702e+09 1.87052e+09 2.54721e+09 3.08078e+09 3.37458e+09 3.37458e+09 3.08078e+09 2.54721e+09 1.87052e+09 1.1702e+09 5.65587e+08 1.55322e+08 1.55265e+06 109727 5658.99 216.871 7.19533 0.208279
1.22033 51.3209 2056.67 82498.5 3.32944e+06 1.62406e+08 1.47955e+10 5.17188e+10 1.0514e+11 1.66347e+11 2.25029e+11 2.71046e+11 2.963e+11 2.963e+11 2.71046e+11 2.25029e+11 1.66347e+11 1.0514e+11 5.17188e+10 1.47955e+10 1.62406e+08 3.32944e+06 82498.5 2056.67 51.3209 1.22033
3.63404 159.587 6701.58 281608 1.18568e+07 5.9226e+08 5.18787e+10 1.80847e+11 3.67215e+11 5.80583e+11 7.85036e+11 9.45302e+11 1.03324e+12 1.03324e+12 9.45302e+11 7.85036e+11 5.80583e+11 3.67215e+11 1.80847e+11 5.18787e+10 5.9226e+08 1.18568e+07 281608 6701.58 159.587 3.63404
7.30101 323.619 13705.9 579892 2.45341e+07 1.22559e+09 1.05575e+11 3.67601e+11 7.46064e+11 1.17922e+12 1.59419e+12 1.91943e+12 2.09787e+12 2.09787e+12 1.91943e+12 1.59419e+12 1.17922e+12 7.46064e+11 3.67601e+11 1.05575e+11 1.22559e+09 2.45341e+07 579892 13705.9 323.619 7.30101
11.6029 515.434 21869.9 926583 3.92394e+07 1.95863e+09 1.67105e+11 5.81448e+11 1.17974e+12 1.86438e+12 2.52019e+12 3.03415e+12 3.31611e+12 3.31611e+12 3.03415e+12 2.52019e+12 1.86438e+12 1.17974e+12 5.81448e+11 1.67105e+11 1.95863e+09 3.92394e+07 926583 21869.9 515.434 11.6029
15.7688 700.978 29760.2 1.2615e+06 5.34449e+07 2.66629e+09 2.26088e+11 7.86339e+11 1.59518e+12 2.52064e+12 3.40706e+12 4.1017e+12 4.48278e+12 4.48278e+12 4.1017e+12 3.40706e+12 2.52064e+12 1.59518e+12 7.86339e+11 2.26088e+11 2.66629e+09 5.34449e+07 1.2615e+06 29760.2 700.978 15.7688
19.0507 847.124 35975.2 1.52535e+06 6.46394e+07 3.22378e+09 2.7233e+11 9.46914e+11 1.92071e+12 3.03484e+12 4.10191e+12 4.93809e+12 5.39681e+12 5.39681e+12 4.93809e+12 4.10191e+12 3.03484e+12 1.92071e+12 9.46914e+11 2.7233e+11 3.22378e+09 6.46394e+07 1.52535e+06 35975.2 847.124 19.0507
20.8557 927.51 39394.1 1.67053e+06 7.08004e+07 3.53056e+09 2.97702e+11 1.035e+12 2.09928e+12 3.31688e+12 4.48304e+12 5.39685e+12 5.89814e+12 5.89814e+12 5.39685e+12 4.48304e+12 3.31688e+12 2.09928e+12 1.035e+12 2.97702e+11 3.53056e+09 7.08004e+07 1.67053e+06 39394.1 927.51 20.8557
20.8557 927.51 39394.1 1.67053e+06 7.08004e+07 3.53056e+09 2.97702e+11 1.035e+12 2.09928e+12 3.31688e+12 4.48304e+12 5.39685e+12 5.89814e+12 5.89814e+12 5.39685e+12 4.48304e+12 3.31688e+12 2.09928e+12 1.035e+12 2.97702e+11 3.53056e+09 7.08004e+07 1.67053e+06 39394.1 927.51 20.8557
19.0507 847.124 35975.2 1.52535e+06 6.46394e+07 3.22378e+09 2.7233e+11 9.46914e+11 1.92071e+12 3.03484e+12 4.10191e+12 4.93809e+12 5.39681e+12 5.39681e+12 4.93809e+12 4.10191e+12 3.03484e+12 1.92071e+12 9.46914e+11 2.7233e+11 3.22378e+09 6.46394e+07 1.52535e+06 35975.2 847.124 19.0507
15.7688 700.978 29760.2 1.2615e+06 5.34449e+07 2.66629e+09 2.26088e+11 7.86339e+11 1.59518e+12 2.52064e+12 3.40706e+12 4.1017e+12 4.48278e+12 4.48278e+12 4.1017e+12 3.40706e+12 2.52064e+12 1.59518e+12 7.86339e+11 2.26088e+11 2.66629e+09 5.34449e+07 1.2615e+06 29760.2 700.978 15.7688
11.6029 515.434 21869.9 926583 3.92394e+07 1.95863e+09 1.67105e+11 5.81448e+11 1.17974e+12 1.86438e+12 2.52019e+12 3.03415e+12 3.31611e+12 3.31611e+12 3.03415e+12 2.52019e+12 1.86438e+12 1.17974e+12 5.81448e+11 1.67105e+11 1.95863e+09 3.92394e+07 926583 21869.9 515.434 11.6029
7.30101 323.619 13705.9 579892 2.45341e+07 1.22559e+09 1.05575e+11 3.67601e+11 7.46064e+11 1.17922e+12 1.59419e+12 1.91943e+12 2.09787e+12 2.09787e+12 1.91943e+12 1.59419e+12 1.17922e+12 7.46064e+11 3.67601e+11 1.05575e+11 1.22559e+09 2.45341e+07 579892 13705.9 323.619 7.30101
3.63404 159.587 6701.58 281608 1.18568e+07 5.9226e+08 5.18787e+10 1.80847e+11 3.67215e+11 5.80583e+11 7.85036e+11 9.45302e+11 1.03324e+12 1.03324e+12 9.45302e+11 7.85036e+11 5.80583e+11 3.67215e+11 1.80847e+11 5.18787e+10 5.9226e+08 1.18568e+07 281608 6701.58 159.587 3.63404
1.22033 51.3209 2056.67 82498.5 3.32944e+06 1.62406e+08 1.47955e+10 5.17188e+10 1.0514e+11 1.66347e+11 2.25029e+11 2.71046e+11 2.963e+11 2.963e+11 2.71046e+11 2.25029e+11 1.66347e+11 1.0514e+11 5.17188e+10 1.47955e+10 1.62406e+08 3.32944e+06 82498.5 2056.67 51.3209 1.22033
0.208279 7.19533 216.871 5658.99 109727 1.55265e+06 1.55322e+08 5.65587e+08 1.1702e+09 1.87052e+09 2.54721e+09 3.08078e+09 3.37458e+09 3.37458e+09 3.08078e+09 2.54721e+09 1.87052e+09 1.1702e+09 5.65587e+08 1.55322e+08 1.55265e+06 109727 5658.99 216.871 7.19533 0.208279
0.0223182 0.62682 14.5564 283.663 4712.78 106384 3.16916e+06 1.12712e+07 2.33208e+07 3.73092e+07 5.08357e+07 6.15051e+07 6.7381e+07 6.7381e+07 6.15051e+07 5.08357e+07 3.73092e+07 2.33208e+07 1.12712e+07 3.16916e+06 106384 4712.78 283.663 14.5564 0.62682 0.0223182
0.00180373 0.0430937 0.853297 15.3256 277.337 5442.47 78535.5 267742 551293 881125 1.20007e+06 1.45156e+06 1.59003e+06 1.59003e+06 1.45156e+06 1.20007e+06 881125 551293 267742 78535.5 5442.47 277.337 15.3256 0.853297 0.0430937 0.00180373
0.000123916 0.00265909 0.0484845 0.838854 14.0901 207.837 1957.98 6372.52 13031.7 20799.7 28314.6 34239 37500.3 37500.3 34239 28314.6 20799.7 13031.7 6372.52 1957.98 207.837 14.0901 0.838854 0.0484845 0.00265909 0.000123916
7.69799e-06 0.00015353 0.00262308 0.0419393 0.603706 6.88241 48.8599 151.772 307.745 490.279 667.011 806.338 883.02 883.021 806.338 667.011 490.279 307.745 151.772 48.8599 6.88241 0.603706 0.0419393 0.00262308 0.00015353 7.69799e-06
4.05093e-07 7.61606e-06 0.000121152 0.00174544 0.0214347 0.198996 1.16183 3.45652 6.94381 11.038 15.0065 18.1355 19.8575 19.8575 18.1355 15.0065 11.038 6.94381 3.45652 1.16183 0.198996 0.0214347 0.00174544 0.000121152 7.61606e-06 4.05094e-07
