6.29877e-05 0.00118092 0.0186988 0.267887 3.27252 30.2607 176.194 522.89 1047.37 1659.63 2249.54 2712.23 2965.97 2965.97 2712.23 2249.54 1659.63 1047.37 522.89 176.194 30.2607 3.27252 0.267887 0.0186988 0.00118092 6.29877e-05
0.00119911 0.0238811 0.406495 6.46031 92.3795 1047.67 7413.94 22971.3 46438.7 73739.6 100008 120605 131899 131899 120605 100008 73739.6 46438.7 22971.3 7413.94 1047.67 92.3795 6.46031 0.406495 0.0238811 0.00119911
0.0193083 0.414522 7.54733 129.92 2164.27 31684.8 297276 964998 1.96731e+06 3.12927e+06 4.24607e+06 5.12155e+06 5.60162e+06 5.60162e+06 5.12155e+06 4.24607e+06 3.12927e+06 1.96731e+06 964998 297276 31684.8 2164.27 129.92 7.54733 0.414522 0.0193083
0.280545 6.71503 133.169 2389.11 42893.5 831755 1.19306e+07 4.05642e+07 8.32571e+07 1.32597e+08 1.79986e+08 2.17133e+08 2.37504e+08 2.37504e+08 2.17133e+08 1.79986e+08 1.32597e+08 8.32571e+07 4.05642e+07 1.19306e+07 831755 42893.5 2389.11 133.169 6.71503 0.280545
3.45946 97.3554 2267.33 44348.3 737468 1.63542e+07 4.81701e+08 1.70845e+09 3.5232e+09 5.61577e+09 7.62495e+09 9.20001e+09 1.00638e+10 1.00638e+10 9.20001e+09 7.62495e+09 5.61577e+09 3.5232e+09 1.70845e+09 4.81701e+08 1.63542e+07 737468 44348.3 2267.33 97.3554 3.45946
32.1575 1112.37 33592.5 879493 1.71891e+07 2.45451e+08 2.36676e+10 8.59345e+10 1.77215e+11 2.82238e+11 3.8301e+11 4.61987e+11 5.05295e+11 5.05295e+11 4.61987e+11 3.8301e+11 2.82238e+11 1.77215e+11 8.59345e+10 2.36676e+10 2.45451e+08 1.71891e+07 879493 33592.5 1112.37 32.1575
187.73 7899.39 316747 1.27126e+07 5.13317e+08 2.49883e+10 2.25681e+12 7.87642e+12 1.59823e+13 2.52335e+13 3.40669e+13 4.09689e+13 4.47476e+13 4.47476e+13 4.09689e+13 3.40669e+13 2.52335e+13 1.59823e+13 7.87642e+12 2.25681e+12 2.49883e+10 5.13317e+08 1.27126e+07 316747 7899.39 187.73
557.41 24489.8 1.02888e+06 4.32538e+07 1.82192e+09 9.0857e+10 7.90378e+12 2.75131e+13 5.57689e+13 8.79997e+13 1.18764e+14 1.42798e+14 1.55955e+14 1.55955e+14 1.42798e+14 1.18764e+14 8.79997e+13 5.57689e+13 2.75131e+13 7.90378e+12 9.0857e+10 1.82192e+09 4.32538e+07 1.02888e+06 24489.8 557.41
1116.29 49498.4 2.0971e+06 8.87576e+07 3.75631e+09 1.87365e+11 1.60547e+13 5.58287e+13 1.13118e+14 1.78453e+14 2.40809e+14 2.89519e+14 3.16183e+14 3.16183e+14 2.89519e+14 2.40809e+14 1.78453e+14 1.13118e+14 5.58287e+13 1.60547e+13 1.87365e+11 3.75631e+09 8.87576e+07 2.0971e+06 49498.4 1116.29
1768 78559.6 3.33405e+06 1.41284e+08 5.98411e+09 2.98283e+11 2.53563e+13 8.8125e+13 1.78517e+14 2.81591e+14 3.79959e+14 4.56797e+14 4.98858e+14 4.98858e+14 4.56797e+14 3.79959e+14 2.81591e+14 1.78517e+14 8.8125e+13 2.53563e+13 2.98283e+11 5.98411e+09 1.41284e+08 3.33405e+06 78559.6 1768
2395.14 106487 4.52136e+06 1.91665e+08 8.12019e+09 4.04575e+11 3.42336e+13 1.18939e+14 2.40908e+14 3.7998e+14 5.12697e+14 6.16364e+14 6.73109e+14 6.73109e+14 6.16364e+14 5.12697e+14 3.7998e+14 2.40908e+14 1.18939e+14 3.42336e+13 4.04575e+11 8.12019e+09 1.91665e+08 4.52136e+06 106487 2395.14
2886.49 128358 5.451e+06 2.31109e+08 9.79261e+09 4.87778e+11 4.11662e+13 1.43e+14 2.89622e+14 4.56799e+14 6.16331e+14 7.40943e+14 8.09153e+14 8.09153e+14 7.40943e+14 6.16331e+14 4.56799e+14 2.89622e+14 1.43e+14 4.11662e+13 4.87778e+11 9.79261e+09 2.31109e+08 5.451e+06 128358 2886.49
3155.73 140342 5.96035e+06 2.52721e+08 1.0709e+10 5.33364e+11 4.49601e+13 1.56166e+14 3.16278e+14 4.98832e+14 6.73038e+14 8.0911e+14 8.83593e+14 8.83593e+14 8.0911e+14 6.73038e+14 4.98833e+14 3.16278e+14 1.56166e+14 4.49601e+13 5.33364e+11 1.0709e+10 2.52721e+08 5.96035e+06 140342 3155.73
3155.73 140342 5.96035e+06 2.52721e+08 1.0709e+10 5.33364e+11 4.49601e+13 1.56166e+14 3.16278e+14 4.98833e+14 6.73038e+14 8.0911e+14 8.83593e+14 8.83593e+14 8.0911e+14 6.73038e+14 4.98832e+14 3.16278e+14 1.56166e+14 4.49601e+13 5.33364e+11 1.0709e+10 2.52721e+08 5.96035e+06 140342 3155.73
2886.49 128358 5.451e+06 2.31109e+08 9.79261e+09 4.87778e+11 4.11662e+13 1.43e+14 2.89622e+14 4.56799e+14 6.16331e+14 7.40943e+14 8.09153e+14 8.09153e+14 7.40943e+14 6.16331e+14 4.56799e+14 2.89622e+14 1.43e+14 4.11662e+13 4.87778e+11 9.79261e+09 2.31109e+08 5.451e+06 128358 2886.49
2395.14 106487 4.52136e+06 1.91665e+08 8.12019e+09 4.04575e+11 3.42336e+13 1.18939e+14 2.40908e+14 3.7998e+14 5.12697e+14 6.16364e+14 6.73109e+14 6.73109e+14 6.16364e+14 5.12697e+14 3.7998e+14 2.40908e+14 1.18939e+14 3.42336e+13 4.04575e+11 8.12019e+09 1.91665e+08 4.52136e+06 106487 2395.14
1768 78559.6 3.33405e+06 1.41284e+08 5.98411e+09 2.98283e+11 2.53563e+13 8.8125e+13 1.78517e+14 2.81591e+14 3.79959e+14 4.56797e+14 4.98858e+14 4.98858e+14 4.56797e+14 3.79959e+14 2.81591e+14 1.78517e+14 8.8125e+13 2.53563e+13 2.98283e+11 5.98411e+09 1.41284e+08 3.33405e+06 78559.6 1768
1116.29 49498.4 2.0971e+06 8.87576e+07 3.75631e+09 1.87365e+11 1.60547e+13 5.58287e+13 1.13118e+14 1.78453e+14 2.40809e+14 2.89519e+14 3.16183e+14 3.16183e+14 2.89519e+14 2.40809e+14 1.78453e+14 1.13118e+14 5.58287e+13 1.60547e+13 1.87365e+11 3.75631e+09 8.87576e+07 2.0971e+06 49498.4 1116.29
557.41 24489.8 1.02888e+06 4.32538e+07 1.82192e+09 9.0857e+10 7.90378e+12 2.75131e+13 5.57689e+13 8.79997e+13 1.18764e+14 1.42798e+14 1.55955e+14 1.55955e+14 1.42798e+14 1.18764e+14 8.79997e+13 5.57689e+13 2.75131e+13 7.90378e+12 9.0857e+10 1.82192e+09 4.32538e+07 1.02888e+06 24489.8 557.41
187.73 7899.39 316747 1.27126e+07 5.13317e+08 2.49883e+10 2.25681e+12 7.87642e+12 1.59823e+13 2.52335e+13 3.40669e+13 4.09689e+13 4.47476e+13 4.47476e+13 4.09689e+13 3.40669e+13 2.52335e+13 1.59823e+13 7.87642e+12 2.25681e+12 2.49883e+10 5.13317e+08 1.27126e+07 316747 7899.39 187.73
32.1575 1112.37 33592.5 879493 1.71891e+07 2.45451e+08 2.36676e+10 8.59345e+10 1.77215e+11 2.82238e+11 3.8301e+11 4.61987e+11 5.05295e+11 5.05295e+11 4.61987e+11 3.8301e+11 2.82238e+11 1.77215e+11 8.59345e+10 2.36676e+10 2.45451e+08 1.71891e+07 879493 33592.5 1112.37 32.1575
3.45946 97.3554 2267.33 44348.3 737468 1.63542e+07 4.81701e+08 1.70845e+09 3.5232e+09 5.61577e+09 7.62495e+09 9.20001e+09 1.00638e+10 1.00638e+10 9.20001e+09 7.62495e+09 5.61577e+09 3.5232e+09 1.70845e+09 4.81701e+08 1.63542e+07 737468 44348.3 2267.33 97.3554 3.45946
0.280545 6.71503 133.169 2389.11 42893.5 831755 1.19306e+07 4.05642e+07 8.32571e+07 1.32597e+08 1.79986e+08 2.17133e+08 2.37504e+08 2.37504e+08 2.17133e+08 1.79986e+08 1.32597e+08 8.32571e+07 4.05642e+07 1.19306e+07 831755 42893.5 2389.11 133.169 6.71503 0.280545
0.0193083 0.414522 7.54733 129.92 2164.27 31684.8 297276 964998 1.96731e+06 3.12927e+06 4.24607e+06 5.12155e+06 5.60162e+06 5.60162e+06 5.12155e+06 4.24607e+06 3.12927e+06 1.96731e+06 964998 297276 31684.8 2164.27 129.92 7.54733 0.414522 0.0193083
0.00119911 0.0238811 0.406495 6.46031 92.3795 1047.67 7413.94 22971.3 46438.7 73739.6 100008 120605 131899 131899 120605 100008 73739.6 46438.7 22971.3 7413.94 1047.67 92.3795 6.46031 0.406495 0.0238811 0.00119911
6.29877e-05 0.00118092 0.0186988 0.267887 3.27252 30.2607 176.194 522.89 1047.37 1659.63 2249.54 2712.23 2965.97 2965.97 2712.23 2249.54 1659.63 1047.37 522.89 176.194 30.2607 3.27252 0.267887 0.0186988 0.00118092 6.29877e-05
