12.3169 228.057 3527.77 49004.6 580430 5.23733e+06 2.9982e+07 8.76388e+07 1.72293e+08 2.67234e+08 3.54717e+08 4.20582e+08 4.55674e+08 4.55674e+08 4.20582e+08 3.54717e+08 2.67234e+08 1.72293e+08 8.76388e+07 2.9982e+07 5.23733e+06 580430 49004.6 3527.77 228.057 12.3169
236.686 4691.87 78499.1 1.20847e+06 1.66273e+07 1.82571e+08 1.26596e+09 3.86106e+09 7.65471e+09 1.18849e+10 1.57674e+10 1.86824e+10 2.02329e+10 2.02329e+10 1.86824e+10 1.57674e+10 1.18849e+10 7.65471e+09 3.86106e+09 1.26596e+09 1.82571e+08 1.66273e+07 1.20847e+06 78499.1 4691.87 236.686
3814.17 82340 1.4936e+06 2.5093e+07 3.99166e+08 5.57895e+09 5.09716e+10 1.62768e+11 3.25138e+11 5.05106e+11 6.6963e+11 7.92815e+11 8.58218e+11 8.58218e+11 7.92815e+11 6.6963e+11 5.05106e+11 3.25138e+11 1.62768e+11 5.09716e+10 5.57895e+09 3.99166e+08 2.5093e+07 1.4936e+06 82340 3814.17
54806.3 1.32853e+06 2.6676e+07 4.7821e+08 8.25054e+09 1.48999e+11 2.05464e+12 6.8679e+12 1.37999e+13 2.14395e+13 2.8398e+13 3.35939e+13 3.63475e+13 3.63475e+13 3.35939e+13 2.8398e+13 2.14395e+13 1.37999e+13 6.8679e+12 2.05464e+12 1.48999e+11 8.25054e+09 4.7821e+08 2.6676e+07 1.32853e+06 54806.3
662289 1.88782e+07 4.48017e+08 8.98572e+09 1.513e+11 3.0464e+12 8.33113e+13 2.90346e+14 5.85657e+14 9.09496e+14 1.20349e+15 1.42242e+15 1.53823e+15 1.53823e+15 1.42242e+15 1.20349e+15 9.09496e+14 5.85657e+14 2.90346e+14 8.33113e+13 3.0464e+12 1.513e+11 8.98572e+09 4.48017e+08 1.88782e+07 662289
6.01346e+06 2.09715e+08 6.41394e+09 1.71586e+11 3.5194e+12 5.33977e+13 4.15859e+15 1.48316e+16 2.99237e+16 4.64482e+16 6.14532e+16 7.2635e+16 7.85536e+16 7.85536e+16 7.2635e+16 6.14532e+16 4.64482e+16 2.99237e+16 1.48316e+16 4.15859e+15 5.33977e+13 3.5194e+12 1.71586e+11 6.41394e+09 2.09715e+08 6.01346e+06
3.43482e+07 1.45003e+09 5.8371e+10 2.35242e+12 9.53637e+13 4.59038e+15 3.95055e+17 1.36568e+18 2.73609e+18 4.25475e+18 5.65842e+18 6.72349e+18 7.29485e+18 7.29485e+18 6.72349e+18 5.65841e+18 4.25475e+18 2.73609e+18 1.36568e+18 3.95055e+17 4.59038e+15 9.53637e+13 2.35242e+12 5.8371e+10 1.45003e+09 3.43482e+07
1.00241e+08 4.41485e+09 1.86052e+11 7.84778e+12 3.31664e+14 1.63871e+16 1.372e+18 4.73143e+18 9.46719e+18 1.47092e+19 1.95501e+19 2.32211e+19 2.51897e+19 2.51897e+19 2.32211e+19 1.95501e+19 1.47092e+19 9.46719e+18 4.73143e+18 1.372e+18 1.63871e+16 3.31664e+14 7.84778e+12 1.86052e+11 4.41485e+09 1.00241e+08
1.9684e+08 8.74219e+09 3.71194e+11 1.57491e+13 6.68144e+14 3.30379e+16 2.74989e+18 9.47137e+18 1.89266e+19 2.93674e+19 3.89861e+19 4.62653e+19 5.01635e+19 5.01635e+19 4.62653e+19 3.89861e+19 2.93674e+19 1.89266e+19 9.47137e+18 2.74989e+18 3.30379e+16 6.68144e+14 1.57491e+13 3.71194e+11 8.74219e+09 1.9684e+08
3.05011e+08 1.35598e+10 5.76064e+11 2.44419e+13 1.03647e+15 5.12213e+16 4.27227e+18 1.47027e+19 2.93416e+19 4.54603e+19 6.02664e+19 7.14428e+19 7.74177e+19 7.74177e+19 7.14428e+19 6.02664e+19 4.54603e+19 2.93416e+19 1.47027e+19 4.27227e+18 5.12213e+16 1.03647e+15 2.44419e+13 5.76064e+11 1.35598e+10 3.05011e+08
4.04534e+08 1.79745e+10 7.63045e+11 3.23462e+13 1.37025e+15 6.76842e+16 5.67408e+18 1.95158e+19 3.89014e+19 6.01885e+19 7.96868e+19 9.43687e+19 1.02204e+20 1.02204e+20 9.43687e+19 7.96868e+19 6.01885e+19 3.89014e+19 1.95158e+19 5.67408e+18 6.76842e+16 1.37025e+15 3.23462e+13 7.63045e+11 1.79745e+10 4.04534e+08
4.79367e+08 2.12846e+10 9.02848e+11 3.82397e+13 1.61843e+15 7.9919e+16 6.73394e+18 2.31529e+19 4.61106e+19 7.12673e+19 9.42589e+19 1.11537e+20 1.20747e+20 1.20747e+20 1.11537e+20 9.42589e+19 7.12673e+19 4.61106e+19 2.31529e+19 6.73394e+18 7.9919e+16 1.61843e+15 3.82397e+13 9.02848e+11 2.12846e+10 4.79367e+08
5.19202e+08 2.30436e+10 9.77002e+11 4.13598e+13 1.74957e+15 8.63823e+16 7.30105e+18 2.50985e+19 4.99618e+19 7.71752e+19 1.02016e+20 1.20665e+20 1.30598e+20 1.30598e+20 1.20665e+20 1.02016e+20 7.71752e+19 4.99618e+19 2.50985e+19 7.30105e+18 8.63823e+16 1.74957e+15 4.13598e+13 9.77002e+11 2.30436e+10 5.19202e+08
5.19202e+08 2.30436e+10 9.77002e+11 4.13598e+13 1.74957e+15 8.63823e+16 7.30105e+18 2.50985e+19 4.99618e+19 7.71752e+19 1.02016e+20 1.20665e+20 1.30598e+20 1.30598e+20 1.20665e+20 1.02016e+20 7.71752e+19 4.99618e+19 2.50985e+19 7.30105e+18 8.63823e+16 1.74957e+15 4.13598e+13 9.77002e+11 2.30436e+10 5.19202e+08
4.79367e+08 2.12846e+10 9.02848e+11 3.82397e+13 1.61843e+15 7.9919e+16 6.73394e+18 2.31529e+19 4.61106e+19 7.12673e+19 9.42589e+19 1.11537e+20 1.20747e+20 1.20747e+20 1.11537e+20 9.42589e+19 7.12673e+19 4.61106e+19 2.31529e+19 6.73394e+18 7.9919e+16 1.61843e+15 3.82397e+13 9.02848e+11 2.12846e+10 4.79367e+08
4.04534e+08 1.79745e+10 7.63045e+11 3.23462e+13 1.37025e+15 6.76842e+16 5.67408e+18 1.95158e+19 3.89014e+19 6.01885e+19 7.96868e+19 9.43687e+19 1.02204e+20 1.02204e+20 9.43687e+19 7.96868e+19 6.01885e+19 3.89014e+19 1.95158e+19 5.67408e+18 6.76842e+16 1.37025e+15 3.23462e+13 7.63045e+11 1.79745e+10 4.04534e+08
3.05011e+08 1.35598e+10 5.76064e+11 2.44419e+13 1.03647e+15 5.12213e+16 4.27227e+18 1.47027e+19 2.93416e+19 4.54603e+19 6.02664e+19 7.14428e+19 7.74177e+19 7.74177e+19 7.14428e+19 6.02664e+19 4.54603e+19 2.93416e+19 1.47027e+19 4.27227e+18 5.12213e+16 1.03647e+15 2.44419e+13 5.76064e+11 1.35598e+10 3.05011e+08
1.9684e+08 8.74219e+09 3.71194e+11 1.57491e+13 6.68144e+14 3.30379e+16 2.74989e+18 9.47137e+18 1.89266e+19 2.93674e+19 3.89861e+19 4.62653e+19 5.01635e+19 5.01635e+19 4.62653e+19 3.89861e+19 2.93674e+19 1.89266e+19 9.47137e+18 2.74989e+18 3.30379e+16 6.68144e+14 1.57491e+13 3.71194e+11 8.74219e+09 1.9684e+08
1.00241e+08 4.41485e+09 1.86052e+11 7.84778e+12 3.31664e+14 1.63871e+16 1.372e+18 4.73143e+18 9.46719e+18 1.47092e+19 1.95501e+19 2.32211e+19 2.51897e+19 2.51897e+19 2.32211e+19 1.95501e+19 1.47092e+19 9.46719e+18 4.73143e+18 1.372e+18 1.63871e+16 3.31664e+14 7.84778e+12 1.86052e+11 4.41485e+09 1.00241e+08
3.43482e+07 1.45003e+09 5.8371e+10 2.35242e+12 9.53637e+13 4.59038e+15 3.95055e+17 1.36568e+18 2.73609e+18 4.25475e+18 5.65841e+18 6.72349e+18 7.29485e+18 7.29485e+18 6.72349e+18 5.65842e+18 4.25475e+18 2.73609e+18 1.36568e+18 3.95055e+17 4.59038e+15 9.53637e+13 2.35242e+12 5.8371e+10 1.45003e+09 3.43482e+07
6.01346e+06 2.09715e+08 6.41394e+09 1.71586e+11 3.5194e+12 5.33977e+13 4.15859e+15 1.48316e+16 2.99237e+16 4.64482e+16 6.14532e+16 7.2635e+16 7.85536e+16 7.85536e+16 7.2635e+16 6.14532e+16 4.64482e+16 2.99237e+16 1.48316e+16 4.15859e+15 5.33977e+13 3.5194e+12 1.71586e+11 6.41394e+09 2.09715e+08 6.01346e+06
662289 1.88782e+07 4.48017e+08 8.98571e+09 1.513e+11 3.0464e+12 8.33113e+13 2.90346e+14 5.85657e+14 9.09496e+14 1.20349e+15 1.42242e+15 1.53823e+15 1.53823e+15 1.42242e+15 1.20349e+15 9.09496e+14 5.85657e+14 2.90346e+14 8.33113e+13 3.0464e+12 1.513e+11 8.98572e+09 4.48017e+08 1.88782e+07 662289
54806.3 1.32853e+06 2.6676e+07 4.7821e+08 8.25054e+09 1.48999e+11 2.05464e+12 6.8679e+12 1.37999e+13 2.14395e+13 2.8398e+13 3.35939e+13 3.63475e+13 3.63475e+13 3.35939e+13 2.8398e+13 2.14395e+13 1.37999e+13 6.8679e+12 2.05464e+12 1.48999e+11 8.25054e+09 4.7821e+08 2.6676e+07 1.32853e+06 54806.3
3814.17 82340 1.4936e+06 2.5093e+07 3.99166e+08 5.57895e+09 5.09716e+10 1.62768e+11 3.25138e+11 5.05106e+11 6.6963e+11 7.92815e+11 8.58218e+11 8.58218e+11 7.92815e+11 6.6963e+11 5.05106e+11 3.25138e+11 1.62768e+11 5.09716e+10 5.57895e+09 3.99166e+08 2.5093e+07 1.4936e+06 82340 3814.17
236.686 4691.87 78499.1 1.20847e+06 1.66273e+07 1.82571e+08 1.26596e+09 3.86106e+09 7.65471e+09 1.18849e+10 1.57674e+10 1.86824e+10 2.02329e+10 2.02329e+10 1.86824e+10 1.57674e+10 1.18849e+10 7.65471e+09 3.86106e+09 1.26596e+09 1.82571e+08 1.66273e+07 1.20847e+06 78499.1 4691.87 236.686
12.3169 228.057 3527.77 49004.6 580430 5.23733e+06 2.9982e+07 8.76388e+07 1.72293e+08 2.67234e+08 3.54717e+08 4.20582e+08 4.55674e+08 4.55674e+08 4.20582e+08 3.54717e+08 2.67234e+08 1.72293e+08 8.76388e+07 2.9982e+07 5.23733e+06 580430 49004.6 3527.77 228.057 12.3169
