0.000712172 0.0134104 0.213665 3.08284 37.9111 352.426 2060.27 6137.06 12342.6 19636.3 26709.1 32285.3 35353.3 35353.3 32285.3 26709.1 19636.3 12342.6 6137.06 2060.27 352.426 37.9111 3.08284 0.213665 0.0134104 0.000712172
0.0135538 0.270781 4.63425 74.2101 1069.74 12211.5 86802.9 269999 548155 874089 1.18982e+06 1.43871e+06 1.57566e+06 1.57566e+06 1.43871e+06 1.18982e+06 874089 548155 269999 86802.9 12211.5 1069.74 74.2101 4.63425 0.270781 0.0135538
0.218506 4.69745 85.8045 1486.92 25010.5 369379 3.48402e+06 1.13558e+07 2.32543e+07 3.71535e+07 5.06071e+07 6.12126e+07 6.70489e+07 6.70489e+07 6.12126e+07 5.06071e+07 3.71535e+07 2.32543e+07 1.13558e+07 3.48402e+06 369379 25010.5 1486.92 85.8045 4.69745 0.218506
3.18504 76.2382 1512.35 27206.7 493025 9.68601e+06 1.39916e+08 4.7775e+08 9.85184e+08 1.57634e+09 2.14831e+09 2.59927e+09 2.84748e+09 2.84748e+09 2.59927e+09 2.14831e+09 1.57634e+09 9.85184e+08 4.7775e+08 1.39916e+08 9.68601e+06 493025 27206.7 1512.35 76.2382 3.18504
39.4614 1110.39 25832 504191 8.38839e+06 1.89547e+08 5.65079e+09 2.01316e+10 4.1721e+10 6.68251e+10 9.1114e+10 1.1027e+11 1.20815e+11 1.20815e+11 1.1027e+11 9.1114e+10 6.68251e+10 4.1721e+10 2.01316e+10 5.65079e+09 1.89547e+08 8.38839e+06 504191 25832 1110.39 39.4614
368.721 12761.9 385304 1.00684e+07 1.95463e+08 2.76912e+09 2.77069e+11 1.01077e+12 2.09495e+12 3.35293e+12 4.56927e+12 5.52826e+12 6.05612e+12 6.05612e+12 5.52826e+12 4.56927e+12 3.35293e+12 2.09495e+12 1.01077e+12 2.77069e+11 2.76912e+09 1.95463e+08 1.00684e+07 385304 12761.9 368.721
2162.9 91131.4 3.65798e+06 1.46916e+08 5.93432e+09 2.89604e+11 2.63973e+13 9.24189e+13 1.88188e+14 2.98144e+14 4.03704e+14 4.86538e+14 5.32009e+14 5.32009e+14 4.86538e+14 4.03704e+14 2.98144e+14 1.88188e+14 9.24189e+13 2.63973e+13 2.89604e+11 5.93432e+09 1.46916e+08 3.65798e+06 91131.4 2162.9
6447.78 283714 1.19346e+07 5.02194e+08 2.11655e+10 1.0579e+12 9.26955e+13 3.23624e+14 6.58185e+14 1.04202e+15 1.41034e+15 1.69926e+15 1.85784e+15 1.85784e+15 1.69926e+15 1.41034e+15 1.04202e+15 6.58185e+14 3.23624e+14 9.26955e+13 1.0579e+12 2.11655e+10 5.02194e+08 1.19346e+07 283714 6447.78
12965.2 575896 2.44353e+07 1.03539e+09 4.38549e+10 2.19239e+12 1.88917e+14 6.58776e+14 1.33915e+15 2.11949e+15 2.86812e+15 3.45532e+15 3.77758e+15 3.77758e+15 3.45532e+15 2.86812e+15 2.11949e+15 1.33915e+15 6.58776e+14 1.88917e+14 2.19239e+12 4.38549e+10 1.03539e+09 2.44353e+07 575896 12965.2
20615.3 917800 3.90174e+07 1.65568e+09 7.01995e+10 3.50697e+12 2.99362e+14 1.04321e+15 2.12001e+15 3.35481e+15 4.5393e+15 5.4683e+15 5.97813e+15 5.97813e+15 5.4683e+15 4.5393e+15 3.35481e+15 2.12001e+15 1.04321e+15 2.99362e+14 3.50697e+12 7.01995e+10 1.65568e+09 3.90174e+07 917800 20615.3
28022.3 1.24848e+06 5.31089e+07 2.25482e+09 9.56446e+10 4.77594e+12 4.05326e+14 1.41188e+15 2.86873e+15 4.53916e+15 6.14141e+15 7.39799e+15 8.08758e+15 8.08758e+15 7.39799e+15 6.14141e+15 4.53916e+15 2.86873e+15 1.41188e+15 4.05326e+14 4.77594e+12 9.56446e+10 2.25482e+09 5.31089e+07 1.24848e+06 28022.3
33853.6 1.50877e+06 6.42006e+07 2.72647e+09 1.1568e+11 5.77486e+12 4.88418e+14 1.7009e+15 3.45562e+15 5.46747e+15 7.3971e+15 8.9104e+15 9.74086e+15 9.74086e+15 8.9104e+15 7.3971e+15 5.46746e+15 3.45562e+15 1.7009e+15 4.88418e+14 5.77486e+12 1.1568e+11 2.72647e+09 6.42006e+07 1.50877e+06 33853.6
37058.8 1.65184e+06 7.02979e+07 2.98578e+09 1.26697e+11 6.32409e+12 5.34007e+14 1.85945e+15 3.77756e+15 5.97667e+15 8.08587e+15 9.73998e+15 1.06477e+16 1.06477e+16 9.73998e+15 8.08587e+15 5.97667e+15 3.77756e+15 1.85945e+15 5.34007e+14 6.32409e+12 1.26697e+11 2.98578e+09 7.02979e+07 1.65184e+06 37058.8
37058.8 1.65184e+06 7.02979e+07 2.98578e+09 1.26697e+11 6.32409e+12 5.34007e+14 1.85945e+15 3.77756e+15 5.97667e+15 8.08587e+15 9.73998e+15 1.06477e+16 1.06477e+16 9.73998e+15 8.08587e+15 5.97667e+15 3.77756e+15 1.85945e+15 5.34007e+14 6.32409e+12 1.26697e+11 2.98578e+09 7.02979e+07 1.65184e+06 37058.8
33853.6 1.50877e+06 6.42006e+07 2.72647e+09 1.1568e+11 5.77486e+12 4.88418e+14 1.7009e+15 3.45562e+15 5.46746e+15 7.3971e+15 8.9104e+15 9.74086e+15 9.74086e+15 8.9104e+15 7.3971e+15 5.46747e+15 3.45562e+15 1.7009e+15 4.88418e+14 5.77486e+12 1.1568e+11 2.72647e+09 6.42006e+07 1.50877e+06 33853.6
28022.3 1.24848e+06 5.31089e+07 2.25482e+09 9.56446e+10 4.77594e+12 4.05326e+14 1.41188e+15 2.86873e+15 4.53916e+15 6.14141e+15 7.39799e+15 8.08758e+15 8.08758e+15 7.39799e+15 6.14141e+15 4.53916e+15 2.86873e+15 1.41188e+15 4.05326e+14 4.77594e+12 9.56446e+10 2.25482e+09 5.31089e+07 1.24848e+06 28022.3
20615.3 917800 3.90174e+07 1.65568e+09 7.01995e+10 3.50697e+12 2.99362e+14 1.04321e+15 2.12001e+15 3.35481e+15 4.5393e+15 5.4683e+15 5.97813e+15 5.97813e+15 5.4683e+15 4.5393e+15 3.35481e+15 2.12001e+15 1.04321e+15 2.99362e+14 3.50697e+12 7.01995e+10 1.65568e+09 3.90174e+07 917800 20615.3
12965.2 575896 2.44353e+07 1.03539e+09 4.38549e+10 2.19239e+12 1.88917e+14 6.58776e+14 1.33915e+15 2.11949e+15 2.86812e+15 3.45532e+15 3.77758e+15 3.77758e+15 3.45532e+15 2.86812e+15 2.11949e+15 1.33915e+15 6.58776e+14 1.88917e+14 2.19239e+12 4.38549e+10 1.03539e+09 2.44353e+07 575896 12965.2
6447.78 283714 1.19346e+07 5.02194e+08 2.11655e+10 1.0579e+12 9.26955e+13 3.23624e+14 6.58185e+14 1.04202e+15 1.41034e+15 1.69926e+15 1.85784e+15 1.85784e+15 1.69926e+15 1.41034e+15 1.04202e+15 6.58185e+14 3.23624e+14 9.26955e+13 1.0579e+12 2.11655e+10 5.02194e+08 1.19346e+07 283714 6447.78
2162.9 91131.4 3.65798e+06 1.46916e+08 5.93432e+09 2.89604e+11 2.63973e+13 9.24189e+13 1.88188e+14 2.98144e+14 4.03704e+14 4.86538e+14 5.32009e+14 5.32009e+14 4.86538e+14 4.03704e+14 2.98144e+14 1.88188e+14 9.24189e+13 2.63973e+13 2.89604e+11 5.93432e+09 1.46916e+08 3.65798e+06 91131.4 2162.9
368.721 12761.9 385304 1.00684e+07 1.95463e+08 2.76912e+09 2.77069e+11 1.01077e+12 2.09495e+12 3.35293e+12 4.56927e+12 5.52826e+12 6.05612e+12 6.05612e+12 5.52826e+12 4.56927e+12 3.35293e+12 2.09495e+12 1.01077e+12 2.77069e+11 2.76912e+09 1.95463e+08 1.00684e+07 385304 12761.9 368.721
39.4614 1110.39 25832 504191 8.38839e+06 1.89547e+08 5.65079e+09 2.01316e+10 4.1721e+10 6.68251e+10 9.1114e+10 1.1027e+11 1.20815e+11 1.20815e+11 1.1027e+11 9.1114e+10 6.68251e+10 4.1721e+10 2.01316e+10 5.65079e+09 1.89547e+08 8.38839e+06 504191 25832 1110.39 39.4614
3.18504 76.2382 1512.35 27206.7 493025 9.68601e+06 1.39916e+08 4.7775e+08 9.85184e+08 1.57634e+09 2.14831e+09 2.59927e+09 2.84748e+09 2.84748e+09 2.59927e+09 2.14831e+09 1.57634e+09 9.85184e+08 4.7775e+08 1.39916e+08 9.68601e+06 493025 27206.7 1512.35 76.2382 3.18504
0.218506 4.69745 85.8045 1486.92 25010.5 369379 3.48402e+06 1.13558e+07 2.32543e+07 3.71535e+07 5.06071e+07 6.12126e+07 6.70489e+07 6.70489e+07 6.12126e+07 5.06071e+07 3.71535e+07 2.32543e+07 1.13558e+07 3.48402e+06 369379 25010.5 1486.92 85.8045 4.69745 0.218506
0.0135538 0.270781 4.63425 74.2101 1069.74 12211.5 86802.9 269999 548155 874089 1.18982e+06 1.43871e+06 1.57566e+06 1.57566e+06 1.43871e+06 1.18982e+06 874089 548155 269999 86802.9 12211.5 1069.74 74.2101 4.63425 0.270781 0.0135538
0.000712171 0.0134104 0.213665 3.08284 37.9111 352.426 2060.27 6137.06 12342.6 19636.3 26709.1 32285.3 35353.3 35353.3 32285.3 26709.1 19636.3 12342.6 6137.06 2060.27 352.426 37.9111 3.08284 0.213665 0.0134104 0.000712172
