0.00228815 0.0430563 0.681908 9.74684 118.803 1098.5 6414.78 19148.9 38613.6 61562.2 83846.8 101417 111080 111080 101417 83846.8 61562.2 38613.6 19148.9 6414.78 1098.5 118.803 9.74684 0.681908 0.0430563 0.00228815
0.0440135 0.882745 15.0626 238.752 3398.07 38436.6 272434 849286 1.72927e+06 2.7639e+06 3.76759e+06 4.5588e+06 4.99391e+06 4.99391e+06 4.5588e+06 3.76759e+06 2.7639e+06 1.72927e+06 849286 272434 38436.6 3398.07 238.752 15.0626 0.882745 0.0440135
0.714045 15.4936 283.962 4884.12 80747.8 1.17355e+06 1.1001e+07 3.59395e+07 7.38321e+07 1.18256e+08 1.61317e+08 1.95257e+08 2.13923e+08 2.13923e+08 1.95257e+08 1.61317e+08 1.18256e+08 7.38321e+07 3.59395e+07 1.1001e+07 1.17355e+06 80747.8 4884.12 283.962 15.4936 0.714045
10.4101 252.411 5062.67 91351 1.62903e+06 3.11018e+07 4.43652e+08 1.51859e+09 3.14241e+09 5.04132e+09 6.88105e+09 8.3311e+09 9.12857e+09 9.12857e+09 8.3311e+09 6.88105e+09 5.04132e+09 3.14241e+09 1.51859e+09 4.43652e+08 3.11018e+07 1.62903e+06 91351 5062.67 252.411 10.4101
128.438 3660.98 86362 1.71138e+06 2.86884e+07 6.204e+08 1.7965e+10 6.41773e+10 1.33504e+11 2.14431e+11 2.92824e+11 3.54617e+11 3.88601e+11 3.88601e+11 3.54617e+11 2.92824e+11 2.14431e+11 1.33504e+11 6.41773e+10 1.7965e+10 6.204e+08 2.86884e+07 1.71138e+06 86362 3660.98 128.438
1193.74 41751.3 1.27393e+06 3.37245e+07 6.71049e+08 9.7857e+09 8.86626e+11 3.2428e+12 6.74691e+12 1.08287e+13 1.478e+13 1.78934e+13 1.96054e+13 1.96054e+13 1.78934e+13 1.478e+13 1.08287e+13 6.74691e+12 3.2428e+12 8.86626e+11 9.7857e+09 6.71049e+08 3.37245e+07 1.27393e+06 41751.3 1193.74
6978.02 296335 1.19655e+07 4.82521e+08 1.95383e+10 9.47955e+11 8.45655e+13 2.96903e+14 6.06749e+14 9.64108e+14 1.30807e+15 1.57827e+15 1.72663e+15 1.72663e+15 1.57827e+15 1.30807e+15 9.64108e+14 6.06749e+14 2.96903e+14 8.45655e+13 9.47955e+11 1.95383e+10 4.82521e+08 1.19655e+07 296335 6978.02
20828.2 923722 3.90878e+07 1.65155e+09 6.97941e+10 3.47229e+12 2.9818e+14 1.0438e+15 2.13029e+15 3.38239e+15 4.58701e+15 5.53306e+15 6.05247e+15 6.05247e+15 5.53306e+15 4.58701e+15 3.38239e+15 2.13029e+15 1.0438e+15 2.9818e+14 3.47229e+12 6.97941e+10 1.65155e+09 3.90878e+07 923722 20828.2
41981.5 1.88001e+06 8.02641e+07 3.41602e+09 1.45122e+11 7.22504e+12 6.1028e+14 2.13355e+15 4.35172e+15 6.907e+15 9.36477e+15 1.12947e+16 1.23543e+16 1.23543e+16 1.12947e+16 9.36477e+15 6.907e+15 4.35172e+15 2.13355e+15 6.1028e+14 7.22504e+12 1.45122e+11 3.41602e+09 8.02641e+07 1.88001e+06 41981.5
66893.4 3.00306e+06 1.28481e+08 5.4769e+09 2.32945e+11 1.15923e+13 9.70321e+14 3.38975e+15 6.91149e+15 1.09673e+16 1.48677e+16 1.79302e+16 1.96114e+16 1.96114e+16 1.79302e+16 1.48677e+16 1.09673e+16 6.91149e+15 3.38975e+15 9.70321e+14 1.15923e+13 2.32945e+11 5.4769e+09 1.28481e+08 3.00306e+06 66893.4
91054.5 4.09115e+06 1.75157e+08 7.47083e+09 3.17899e+11 1.58147e+13 1.31676e+15 4.59801e+15 9.37301e+15 1.48712e+16 2.01579e+16 2.43086e+16 2.6587e+16 2.6587e+16 2.43086e+16 2.01579e+16 1.48712e+16 9.37301e+15 4.59801e+15 1.31676e+15 1.58147e+13 3.17899e+11 7.47083e+09 1.75157e+08 4.09115e+06 91054.5
110083 4.94788e+06 2.11902e+08 9.04045e+09 3.84775e+11 1.91377e+13 1.58877e+15 5.54649e+15 1.13051e+16 1.7935e+16 2.43095e+16 2.93139e+16 3.20609e+16 3.20609e+16 2.93139e+16 2.43095e+16 1.7935e+16 1.13051e+16 5.54649e+15 1.58877e+15 1.91377e+13 3.84775e+11 9.04045e+09 2.11902e+08 4.94788e+06 110083
120540 5.41865e+06 2.32093e+08 9.90291e+09 4.21522e+11 2.09633e+13 1.73806e+15 6.06703e+15 1.23654e+16 1.96163e+16 2.65876e+16 3.20604e+16 3.50645e+16 3.50645e+16 3.20604e+16 2.65876e+16 1.96163e+16 1.23654e+16 6.06703e+15 1.73806e+15 2.09633e+13 4.21522e+11 9.90291e+09 2.32093e+08 5.41865e+06 120540
120540 5.41865e+06 2.32093e+08 9.90291e+09 4.21522e+11 2.09633e+13 1.73806e+15 6.06703e+15 1.23654e+16 1.96163e+16 2.65876e+16 3.20604e+16 3.50645e+16 3.50645e+16 3.20604e+16 2.65876e+16 1.96163e+16 1.23654e+16 6.06703e+15 1.73806e+15 2.09633e+13 4.21522e+11 9.90291e+09 2.32093e+08 5.41865e+06 120540
110083 4.94788e+06 2.11902e+08 9.04045e+09 3.84775e+11 1.91377e+13 1.58877e+15 5.54649e+15 1.13051e+16 1.7935e+16 2.43095e+16 2.93139e+16 3.20609e+16 3.20609e+16 2.93139e+16 2.43095e+16 1.7935e+16 1.13051e+16 5.54649e+15 1.58877e+15 1.91377e+13 3.84775e+11 9.04045e+09 2.11902e+08 4.94788e+06 110083
91054.5 4.09115e+06 1.75157e+08 7.47083e+09 3.17899e+11 1.58147e+13 1.31676e+15 4.59801e+15 9.37301e+15 1.48712e+16 2.01579e+16 2.43086e+16 2.6587e+16 2.6587e+16 2.43086e+16 2.01579e+16 1.48712e+16 9.37301e+15 4.59801e+15 1.31676e+15 1.58147e+13 3.17899e+11 7.47083e+09 1.75157e+08 4.09115e+06 91054.5
66893.4 3.00306e+06 1.28481e+08 5.4769e+09 2.32945e+11 1.15923e+13 9.70321e+14 3.38975e+15 6.91149e+15 1.09673e+16 1.48677e+16 1.79302e+16 1.96114e+16 1.96114e+16 1.79302e+16 1.48677e+16 1.09673e+16 6.91149e+15 3.38975e+15 9.70321e+14 1.15923e+13 2.32945e+11 5.4769e+09 1.28481e+08 3.00306e+06 66893.4
41981.5 1.88001e+06 8.02641e+07 3.41602e+09 1.45122e+11 7.22504e+12 6.1028e+14 2.13355e+15 4.35172e+15 6.907e+15 9.36477e+15 1.12947e+16 1.23543e+16 1.23543e+16 1.12947e+16 9.36477e+15 6.907e+15 4.35172e+15 2.13355e+15 6.1028e+14 7.22504e+12 1.45122e+11 3.41602e+09 8.02641e+07 1.88001e+06 41981.5
20828.2 923722 3.90878e+07 1.65155e+09 6.97941e+10 3.47229e+12 2.9818e+14 1.0438e+15 2.13029e+15 3.38239e+15 4.58701e+15 5.53306e+15 6.05247e+15 6.05247e+15 5.53306e+15 4.58701e+15 3.38239e+15 2.13029e+15 1.0438e+15 2.9818e+14 3.47229e+12 6.97941e+10 1.65155e+09 3.90878e+07 923722 20828.2
6978.02 296335 1.19655e+07 4.82521e+08 1.95383e+10 9.47955e+11 8.45655e+13 2.96903e+14 6.06749e+14 9.64108e+14 1.30807e+15 1.57827e+15 1.72663e+15 1.72663e+15 1.57827e+15 1.30807e+15 9.64108e+14 6.06749e+14 2.96903e+14 8.45655e+13 9.47955e+11 1.95383e+10 4.82521e+08 1.19655e+07 296335 6978.02
1193.74 41751.3 1.27393e+06 3.37245e+07 6.71049e+08 9.7857e+09 8.86626e+11 3.2428e+12 6.74691e+12 1.08287e+13 1.478e+13 1.78934e+13 1.96054e+13 1.96054e+13 1.78934e+13 1.478e+13 1.08287e+13 6.74691e+12 3.2428e+12 8.86626e+11 9.7857e+09 6.71049e+08 3.37245e+07 1.27393e+06 41751.3 1193.74
128.438 3660.98 86362 1.71138e+06 2.86884e+07 6.204e+08 1.7965e+10 6.41773e+10 1.33504e+11 2.14431e+11 2.92824e+11 3.54617e+11 3.88601e+11 3.88601e+11 3.54617e+11 2.92824e+11 2.14431e+11 1.33504e+11 6.41773e+10 1.7965e+10 6.204e+08 2.86884e+07 1.71138e+06 86362 3660.98 128.438
10.4101 252.411 5062.67 91351 1.62903e+06 3.11018e+07 4.43652e+08 1.51859e+09 3.14241e+09 5.04132e+09 6.88105e+09 8.3311e+09 9.12857e+09 9.12857e+09 8.3311e+09 6.88105e+09 5.04132e+09 3.14241e+09 1.51859e+09 4.43652e+08 3.11018e+07 1.62903e+06 91351 5062.67 252.411 10.4101
0.714045 15.4936 283.962 4884.12 80747.8 1.17355e+06 1.1001e+07 3.59395e+07 7.38321e+07 1.18256e+08 1.61317e+08 1.95257e+08 2.13923e+08 2.13923e+08 1.95257e+08 1.61317e+08 1.18256e+08 7.38321e+07 3.59395e+07 1.1001e+07 1.17355e+06 80747.8 4884.12 283.962 15.4936 0.714045
0.0440135 0.882745 15.0626 238.752 3398.07 38436.6 272434 849286 1.72927e+06 2.7639e+06 3.76759e+06 4.5588e+06 4.99391e+06 4.99391e+06 4.5588e+06 3.76759e+06 2.7639e+06 1.72927e+06 849286 272434 38436.6 3398.07 238.752 15.0626 0.882745 0.0440135
0.00228816 0.0430563 0.681908 9.74684 118.803 1098.5 6414.78 19148.9 38613.6 61562.2 83846.8 101417 111080 111080 101417 83846.8 61562.2 38613.6 19148.9 6414.78 1098.5 118.803 9.74684 0.681908 0.0430563 0.00228815
