5.5914e-07 1.04937e-05 0.000166478 0.00239079 0.0292703 0.271064 1.57943 4.68853 9.39394 14.8909 20.1925 24.355 26.6393 26.6393 24.355 20.1925 14.8909 9.39394 4.68853 1.57943 0.271064 0.0292703 0.00239079 0.000166478 1.04937e-05 5.5914e-07
1.06291e-05 0.000211753 0.00360972 0.05752 0.824928 9.37571 66.4145 205.833 416.221 661.16 897.081 1082.25 1183.87 1183.87 1082.25 897.081 661.16 416.221 205.833 66.4145 9.37571 0.824928 0.05752 0.00360972 0.000211753 1.06291e-05
0.000171025 0.0036693 0.0668303 1.15297 19.2805 283.23 2661.42 8641.63 17621.7 28040.2 38064.6 45931.4 50248.7 50248.7 45931.4 38064.6 28040.2 17621.7 8641.63 2661.42 283.23 19.2805 1.15297 0.0668303 0.0036693 0.000171025
0.00248581 0.059418 1.17697 21.1208 380.625 7423.47 106760 363080 745383 1.18757e+06 1.61274e+06 1.94641e+06 2.12955e+06 2.12955e+06 1.94641e+06 1.61274e+06 1.18757e+06 745383 363080 106760 7423.47 380.625 21.1208 1.17697 0.059418 0.00248581
0.0306889 0.862385 20.0472 391.262 6502.23 145491 4.30893e+06 1.52862e+07 3.15304e+07 5.0277e+07 6.82981e+07 8.24428e+07 9.02073e+07 9.02073e+07 8.24428e+07 6.82981e+07 5.0277e+07 3.15304e+07 1.52862e+07 4.30893e+06 145491 6502.23 391.262 20.0472 0.862385 0.0306889
0.285675 9.87126 297.7 7778.69 151387 2.15202e+06 2.11443e+08 7.67952e+08 1.58399e+09 2.52364e+09 3.42632e+09 4.13463e+09 4.52338e+09 4.52338e+09 4.13463e+09 3.42632e+09 2.52364e+09 1.58399e+09 7.67952e+08 2.11443e+08 2.15202e+06 151387 7778.69 297.7 9.87126 0.285675
1.66966 70.21 2813.61 112872 4.55612e+06 2.22045e+08 2.01452e+10 7.0309e+10 1.42657e+11 2.2524e+11 3.04124e+11 3.65791e+11 3.99566e+11 3.99566e+11 3.65791e+11 3.04124e+11 2.2524e+11 1.42657e+11 7.0309e+10 2.01452e+10 2.22045e+08 4.55612e+06 112872 2813.61 70.21 1.66966
4.95982 217.768 9143.83 384230 1.61789e+07 8.07572e+08 7.05342e+10 2.45528e+11 4.97643e+11 7.85255e+11 1.05988e+12 1.27451e+12 1.39205e+12 1.39205e+12 1.27451e+12 1.05988e+12 7.85255e+11 4.97643e+11 2.45528e+11 7.05342e+10 8.07572e+08 1.61789e+07 384230 9143.83 217.768 4.95982
9.93638 440.303 18643.5 788701 3.3367e+07 1.66573e+09 1.43253e+11 4.98135e+11 1.00921e+12 1.59211e+12 2.14861e+12 2.58351e+12 2.82165e+12 2.82165e+12 2.58351e+12 2.14861e+12 1.59211e+12 1.00921e+12 4.98135e+11 1.43253e+11 1.66573e+09 3.3367e+07 788701 18643.5 440.303 9.93638
15.7441 699.112 29652.9 1.256e+06 5.31801e+07 2.65287e+09 2.26251e+11 7.86289e+11 1.59264e+12 2.5122e+12 3.39005e+12 4.07603e+12 4.45166e+12 4.45166e+12 4.07603e+12 3.39005e+12 2.5122e+12 1.59264e+12 7.86289e+11 2.26251e+11 2.65287e+09 5.31801e+07 1.256e+06 29652.9 699.112 15.7441
21.3389 948.089 40232.5 1.70475e+06 7.22015e+07 3.6e+09 3.05498e+11 1.06133e+12 2.14945e+12 3.39024e+12 4.57469e+12 5.50024e+12 6.00704e+12 6.00704e+12 5.50024e+12 4.57469e+12 3.39024e+12 2.14945e+12 1.06133e+12 3.05498e+11 3.6e+09 7.22015e+07 1.70475e+06 40232.5 948.089 21.3389
25.7268 1143.29 48525.7 2.05651e+06 8.71134e+07 4.34233e+09 3.6742e+11 1.27619e+12 2.5844e+12 4.0761e+12 5.50001e+12 6.61267e+12 7.22191e+12 7.22191e+12 6.61267e+12 5.50001e+12 4.0761e+12 2.5844e+12 1.27619e+12 3.6742e+11 4.34233e+09 8.71134e+07 2.05651e+06 48525.7 1143.29 25.7268
28.1329 1250.33 53073.4 2.24942e+06 9.52922e+07 4.74943e+09 4.01321e+11 1.39381e+12 2.82249e+12 4.45152e+12 6.00651e+12 7.22159e+12 7.8869e+12 7.8869e+12 7.22159e+12 6.00651e+12 4.45152e+12 2.82249e+12 1.39381e+12 4.01321e+11 4.74943e+09 9.52922e+07 2.24942e+06 53073.4 1250.33 28.1329
28.1329 1250.33 53073.4 2.24942e+06 9.52922e+07 4.74943e+09 4.01321e+11 1.39381e+12 2.82249e+12 4.45152e+12 6.00651e+12 7.22159e+12 7.8869e+12 7.8869e+12 7.22159e+12 6.00651e+12 4.45152e+12 2.82249e+12 1.39381e+12 4.01321e+11 4.74943e+09 9.52922e+07 2.24942e+06 53073.4 1250.33 28.1329
25.7268 1143.29 48525.7 2.05651e+06 8.71134e+07 4.34233e+09 3.6742e+11 1.27619e+12 2.5844e+12 4.0761e+12 5.50001e+12 6.61267e+12 7.22191e+12 7.22191e+12 6.61267e+12 5.50001e+12 4.0761e+12 2.5844e+12 1.27619e+12 3.6742e+11 4.34233e+09 8.71134e+07 2.05651e+06 48525.7 1143.29 25.7268
21.3389 948.089 40232.5 1.70475e+06 7.22015e+07 3.6e+09 3.05498e+11 1.06133e+12 2.14945e+12 3.39024e+12 4.57469e+12 5.50024e+12 6.00704e+12 6.00704e+12 5.50024e+12 4.57469e+12 3.39024e+12 2.14945e+12 1.06133e+12 3.05498e+11 3.6e+09 7.22015e+07 1.70475e+06 40232.5 948.089 21.3389
15.7441 699.112 29652.9 1.256e+06 5.31801e+07 2.65287e+09 2.26251e+11 7.86289e+11 1.59264e+12 2.5122e+12 3.39005e+12 4.07603e+12 4.45166e+12 4.45166e+12 4.07603e+12 3.39005e+12 2.5122e+12 1.59264e+12 7.86289e+11 2.26251e+11 2.65287e+09 5.31801e+07 1.256e+06 29652.9 699.112 15.7441
9.93638 440.303 18643.5 788701 3.3367e+07 1.66573e+09 1.43253e+11 4.98135e+11 1.00921e+12 1.59211e+12 2.14861e+12 2.58351e+12 2.82165e+12 2.82165e+12 2.58351e+12 2.14861e+12 1.59211e+12 1.00921e+12 4.98135e+11 1.43253e+11 1.66573e+09 3.3367e+07 788701 18643.5 440.303 9.93638
4.95982 217.768 9143.83 384230 1.61789e+07 8.07572e+08 7.05342e+10 2.45528e+11 4.97643e+11 7.85255e+11 1.05988e+12 1.27451e+12 1.39205e+12 1.39205e+12 1.27451e+12 1.05988e+12 7.85255e+11 4.97643e+11 2.45528e+11 7.05342e+10 8.07572e+08 1.61789e+07 384230 9143.83 217.768 4.95982
1.66966 70.21 2813.61 112872 4.55612e+06 2.22045e+08 2.01452e+10 7.0309e+10 1.42657e+11 2.2524e+11 3.04124e+11 3.65791e+11 3.99566e+11 3.99566e+11 3.65791e+11 3.04124e+11 2.2524e+11 1.42657e+11 7.0309e+10 2.01452e+10 2.22045e+08 4.55612e+06 112872 2813.61 70.21 1.66966
0.285675 9.87126 297.7 7778.69 151387 2.15202e+06 2.11443e+08 7.67952e+08 1.58399e+09 2.52364e+09 3.42632e+09 4.13463e+09 4.52338e+09 4.52338e+09 4.13463e+09 3.42632e+09 2.52364e+09 1.58399e+09 7.67952e+08 2.11443e+08 2.15202e+06 151387 7778.69 297.7 9.87126 0.285675
0.0306889 0.862385 20.0472 391.262 6502.23 145491 4.30893e+06 1.52862e+07 3.15304e+07 5.0277e+07 6.82981e+07 8.24428e+07 9.02073e+07 9.02073e+07 8.24428e+07 6.82981e+07 5.0277e+07 3.15304e+07 1.52862e+07 4.30893e+06 145491 6502.23 391.262 20.0472 0.862385 0.0306889
0.00248581 0.059418 1.17697 21.1208 380.625 7423.47 106760 363080 745383 1.18757e+06 1.61274e+06 1.94641e+06 2.12955e+06 2.12955e+06 1.94641e+06 1.61274e+06 1.18757e+06 745383 363080 106760 7423.47 380.625 21.1208 1.17697 0.059418 0.00248581
0.000171025 0.0036693 0.0668303 1.15297 19.2805 283.23 2661.42 8641.63 17621.7 28040.2 38064.6 45931.4 50248.7 50248.7 45931.4 38064.6 28040.2 17621.7 8641.63 2661.42 283.23 19.2805 1.15297 0.0668303 0.0036693 0.000171025
1.06291e-05 0.000211753 0.00360972 0.05752 0.824928 9.37571 66.4145 205.833 416.221 661.16 897.081 1082.25 1183.87 1183.87 1082.25 897.081 661.16 416.221 205.833 66.4145 9.37571 0.824928 0.05752 0.00360972 0.000211753 1.06291e-05
5.5914e-07 1.04937e-05 0.000166478 0.00239079 0.0292703 0.271064 1.57943 4.68853 9.39394 14.8909 20.1925 24.355 26.6393 26.6393 24.355 20.1925 14.8909 9.39394 4.68853 1.57943 0.271064 0.0292703 0.00239079 0.000166478 1.04937e-05 5.5914e-07
