25.455 469.683 7232.3 99927.7 1.17661e+06 1.05476e+07 5.98817e+07 1.7267e+08 3.33492e+08 5.07356e+08 6.61453e+08 7.73511e+08 8.31789e+08 8.31789e+08 7.73511e+08 6.61453e+08 5.07356e+08 3.33492e+08 1.7267e+08 5.98817e+07 1.05476e+07 1.17661e+06 99927.7 7232.3 469.683 25.455
487.841 9642.65 160694 2.46152e+06 3.36723e+07 3.67395e+08 2.5278e+09 7.60301e+09 1.47979e+10 2.25172e+10 2.93187e+10 3.42429e+10 3.67965e+10 3.67965e+10 3.42429e+10 2.93187e+10 2.25172e+10 1.47979e+10 7.60301e+09 2.5278e+09 3.67395e+08 3.36723e+07 2.46152e+06 160694 9642.65 487.841
7833.04 168732 3.05164e+06 5.10569e+07 8.07729e+08 1.12194e+10 1.0178e+11 3.20397e+11 6.27813e+11 9.54981e+11 1.24152e+12 1.44802e+12 1.55478e+12 1.55478e+12 1.44802e+12 1.24152e+12 9.54981e+11 6.27813e+11 3.20397e+11 1.0178e+11 1.12194e+10 8.07729e+08 5.10569e+07 3.05164e+06 168732 7833.04
112053 2.71194e+06 5.43516e+07 9.71786e+08 1.66911e+10 2.99551e+11 4.10458e+12 1.35185e+13 2.66218e+13 4.04577e+13 5.25054e+13 6.1148e+13 6.56021e+13 6.56021e+13 6.1148e+13 5.25054e+13 4.04577e+13 2.66218e+13 1.35185e+13 4.10458e+12 2.99551e+11 1.66911e+10 9.71786e+08 5.43516e+07 2.71194e+06 112053
1.34696e+06 3.8349e+07 9.09062e+08 1.82136e+10 3.06135e+11 6.1279e+12 1.66603e+14 5.71731e+14 1.12915e+15 1.71352e+15 2.21958e+15 2.58093e+15 2.76656e+15 2.76656e+15 2.58093e+15 2.21958e+15 1.71352e+15 1.12915e+15 5.71731e+14 1.66603e+14 6.1279e+12 3.06135e+11 1.82136e+10 9.09062e+08 3.8349e+07 1.34696e+06
1.2154e+07 4.23518e+08 1.29441e+10 3.46172e+11 7.10386e+12 1.07855e+14 8.33452e+15 2.92724e+16 5.78378e+16 8.77634e+16 1.13723e+17 1.32305e+17 1.41872e+17 1.41872e+17 1.32305e+17 1.13723e+17 8.77634e+16 5.78378e+16 2.92724e+16 8.33452e+15 1.07855e+14 7.10386e+12 3.46172e+11 1.29441e+10 4.23518e+08 1.2154e+07
6.88478e+07 2.9056e+09 1.16963e+11 4.71571e+12 1.91356e+14 9.2229e+15 7.91379e+17 2.70793e+18 5.35031e+18 8.19718e+18 1.07565e+19 1.26541e+19 1.36567e+19 1.36567e+19 1.26541e+19 1.07565e+19 8.19718e+18 5.35031e+18 2.70793e+18 7.91379e+17 9.2229e+15 1.91356e+14 4.71571e+12 1.16963e+11 2.9056e+09 6.88478e+07
1.98218e+08 8.72479e+09 3.67532e+11 1.55015e+13 6.55357e+14 3.24164e+16 2.7187e+18 9.28231e+18 1.83157e+19 2.80338e+19 3.67597e+19 4.32238e+19 4.66373e+19 4.66373e+19 4.32238e+19 3.67597e+19 2.80338e+19 1.83157e+19 9.28231e+18 2.7187e+18 3.24164e+16 6.55357e+14 1.55015e+13 3.67532e+11 8.72479e+09 1.98218e+08
3.82435e+08 1.6963e+10 7.19378e+11 3.04924e+13 1.29282e+15 6.39813e+16 5.36831e+18 1.83051e+19 3.60533e+19 5.50733e+19 7.2085e+19 8.4645e+19 9.12625e+19 9.12625e+19 8.4645e+19 7.2085e+19 5.50733e+19 3.60533e+19 1.83051e+19 5.36831e+18 6.39813e+16 1.29282e+15 3.04924e+13 7.19378e+11 1.6963e+10 3.82435e+08
5.8134e+08 2.57901e+10 1.09332e+12 4.62988e+13 1.9601e+15 9.69344e+16 8.20783e+18 2.79609e+19 5.49629e+19 8.37673e+19 1.09408e+20 1.2826e+20 1.38164e+20 1.38164e+20 1.2826e+20 1.09408e+20 8.37673e+19 5.49629e+19 2.79609e+19 8.20783e+18 9.69344e+16 1.9601e+15 4.62988e+13 1.09332e+12 2.57901e+10 5.8134e+08
7.57423e+08 3.3558e+10 1.4204e+12 6.00439e+13 2.53714e+15 1.25408e+17 1.07448e+19 3.65783e+19 7.17734e+19 1.09154e+20 1.42276e+20 1.66531e+20 1.79239e+20 1.79239e+20 1.66531e+20 1.42276e+20 1.09154e+20 7.17734e+19 3.65783e+19 1.07448e+19 1.25408e+17 2.53714e+15 6.00439e+13 1.4204e+12 3.3558e+10 7.57423e+08
8.85344e+08 3.91763e+10 1.65588e+12 6.98936e+13 2.94873e+15 1.45716e+17 1.26151e+19 4.29262e+19 8.41153e+19 1.27715e+20 1.66209e+20 1.94309e+20 2.09e+20 2.09e+20 1.94309e+20 1.66209e+20 1.27715e+20 8.41153e+19 4.29262e+19 1.26151e+19 1.45716e+17 2.94873e+15 6.98936e+13 1.65588e+12 3.91763e+10 8.85344e+08
9.51829e+08 4.20879e+10 1.77753e+12 7.49662e+13 3.16002e+15 1.56143e+17 1.35993e+19 4.62651e+19 9.05924e+19 1.37427e+20 1.78698e+20 2.08773e+20 2.24476e+20 2.24476e+20 2.08773e+20 1.78698e+20 1.37427e+20 9.05924e+19 4.62651e+19 1.35993e+19 1.56143e+17 3.16002e+15 7.49662e+13 1.77753e+12 4.20879e+10 9.51829e+08
9.51829e+08 4.20879e+10 1.77753e+12 7.49662e+13 3.16002e+15 1.56143e+17 1.35993e+19 4.62651e+19 9.05924e+19 1.37427e+20 1.78698e+20 2.08773e+20 2.24476e+20 2.24476e+20 2.08773e+20 1.78698e+20 1.37427e+20 9.05924e+19 4.62651e+19 1.35993e+19 1.56143e+17 3.16002e+15 7.49662e+13 1.77753e+12 4.20879e+10 9.51829e+08
8.85344e+08 3.91763e+10 1.65588e+12 6.98936e+13 2.94873e+15 1.45716e+17 1.26151e+19 4.29262e+19 8.41153e+19 1.27715e+20 1.66209e+20 1.94309e+20 2.09e+20 2.09e+20 1.94309e+20 1.66209e+20 1.27715e+20 8.41153e+19 4.29262e+19 1.26151e+19 1.45716e+17 2.94873e+15 6.98936e+13 1.65588e+12 3.91763e+10 8.85344e+08
7.57423e+08 3.3558e+10 1.4204e+12 6.00439e+13 2.53714e+15 1.25408e+17 1.07448e+19 3.65783e+19 7.17734e+19 1.09154e+20 1.42276e+20 1.66531e+20 1.79239e+20 1.79239e+20 1.66531e+20 1.42276e+20 1.09154e+20 7.17734e+19 3.65783e+19 1.07448e+19 1.25408e+17 2.53714e+15 6.00439e+13 1.4204e+12 3.3558e+10 7.57423e+08
5.8134e+08 2.57901e+10 1.09332e+12 4.62988e+13 1.9601e+15 9.69344e+16 8.20783e+18 2.79609e+19 5.49629e+19 8.37673e+19 1.09408e+20 1.2826e+20 1.38164e+20 1.38164e+20 1.2826e+20 1.09408e+20 8.37673e+19 5.49629e+19 2.79609e+19 8.20783e+18 9.69344e+16 1.9601e+15 4.62988e+13 1.09332e+12 2.57901e+10 5.8134e+08
3.82435e+08 1.6963e+10 7.19378e+11 3.04924e+13 1.29282e+15 6.39813e+16 5.36831e+18 1.83051e+19 3.60533e+19 5.50733e+19 7.2085e+19 8.4645e+19 9.12625e+19 9.12625e+19 8.4645e+19 7.2085e+19 5.50733e+19 3.60533e+19 1.83051e+19 5.36831e+18 6.39813e+16 1.29282e+15 3.04924e+13 7.19378e+11 1.6963e+10 3.82435e+08
1.98218e+08 8.72479e+09 3.67532e+11 1.55015e+13 6.55357e+14 3.24164e+16 2.7187e+18 9.28231e+18 1.83157e+19 2.80338e+19 3.67597e+19 4.32238e+19 4.66373e+19 4.66373e+19 4.32238e+19 3.67597e+19 2.80338e+19 1.83157e+19 9.28231e+18 2.7187e+18 3.24164e+16 6.55357e+14 1.55015e+13 3.67532e+11 8.72479e+09 1.98218e+08
6.88478e+07 2.9056e+09 1.16963e+11 4.71571e+12 1.91356e+14 9.2229e+15 7.91379e+17 2.70793e+18 5.35031e+18 8.19718e+18 1.07565e+19 1.26541e+19 1.36567e+19 1.36567e+19 1.26541e+19 1.07565e+19 8.19718e+18 5.35031e+18 2.70793e+18 7.91379e+17 9.2229e+15 1.91356e+14 4.71571e+12 1.16963e+11 2.9056e+09 6.88478e+07
1.2154e+07 4.23518e+08 1.29441e+10 3.46172e+11 7.10386e+12 1.07855e+14 8.33452e+15 2.92724e+16 5.78378e+16 8.77634e+16 1.13723e+17 1.32305e+17 1.41872e+17 1.41872e+17 1.32305e+17 1.13723e+17 8.77634e+16 5.78378e+16 2.92724e+16 8.33452e+15 1.07854e+14 7.10386e+12 3.46172e+11 1.29441e+10 4.23518e+08 1.2154e+07
1.34696e+06 3.8349e+07 9.09062e+08 1.82136e+10 3.06135e+11 6.1279e+12 1.66603e+14 5.71731e+14 1.12915e+15 1.71352e+15 2.21958e+15 2.58093e+15 2.76656e+15 2.76656e+15 2.58093e+15 2.21958e+15 1.71352e+15 1.12915e+15 5.71731e+14 1.66603e+14 6.1279e+12 3.06135e+11 1.82136e+10 9.09062e+08 3.8349e+07 1.34696e+06
112053 2.71194e+06 5.43516e+07 9.71786e+08 1.66911e+10 2.99551e+11 4.10458e+12 1.35185e+13 2.66218e+13 4.04577e+13 5.25054e+13 6.1148e+13 6.56021e+13 6.56021e+13 6.1148e+13 5.25054e+13 4.04577e+13 2.66218e+13 1.35185e+13 4.10458e+12 2.99551e+11 1.66911e+10 9.71786e+08 5.43516e+07 2.71194e+06 112053
7833.04 168732 3.05164e+06 5.10569e+07 8.07729e+08 1.12194e+10 1.0178e+11 3.20397e+11 6.27813e+11 9.54981e+11 1.24152e+12 1.44802e+12 1.55478e+12 1.55478e+12 1.44802e+12 1.24152e+12 9.54981e+11 6.27813e+11 3.20397e+11 1.0178e+11 1.12194e+10 8.07729e+08 5.10569e+07 3.05164e+06 168732 7833.04
487.841 9642.65 160694 2.46152e+06 3.36723e+07 3.67395e+08 2.5278e+09 7.60301e+09 1.47979e+10 2.25172e+10 2.93187e+10 3.42429e+10 3.67965e+10 3.67965e+10 3.42429e+10 2.93187e+10 2.25172e+10 1.47979e+10 7.60301e+09 2.5278e+09 3.67395e+08 3.36723e+07 2.46152e+06 160694 9642.65 487.841
25.455 469.683 7232.3 99927.7 1.17661e+06 1.05476e+07 5.98817e+07 1.7267e+08 3.33492e+08 5.07356e+08 6.61453e+08 7.73511e+08 8.31789e+08 8.31789e+08 7.73511e+08 6.61453e+08 5.07356e+08 3.33492e+08 1.7267e+08 5.98817e+07 1.05476e+07 1.17661e+06 99927.7 7232.3 469.683 25.455
