1.2041e-08 2.25653e-07 3.57161e-06 5.11492e-05 0.000624564 0.00577195 0.0335815 0.0995469 0.199132 0.315119 0.426643 0.513978 0.561822 0.561822 0.513978 0.426643 0.315119 0.199132 0.0995469 0.0335815 0.00577195 0.000624564 5.11492e-05 3.57161e-06 2.25653e-07 1.2041e-08
2.2902e-07 4.55873e-06 7.7565e-05 0.00123234 0.017616 0.199688 1.4121 4.37009 8.82215 13.9891 18.9499 22.8331 24.9603 24.9603 22.8331 18.9499 13.9891 8.82215 4.37009 1.4121 0.199688 0.017616 0.00123234 7.7565e-05 4.55873e-06 2.2902e-07
3.68435e-06 7.90479e-05 0.00143854 0.0247567 0.412351 6.03511 56.59 183.473 373.484 593.205 803.91 968.8 1059.12 1059.12 968.8 803.91 593.205 373.484 183.473 56.59 6.03511 0.412351 0.0247567 0.00143854 7.90479e-05 3.68435e-06
5.34905e-05 0.00127939 0.0253559 0.454732 8.16444 158.333 2270.27 7709.01 15797.7 25121.1 34054.7 41045.1 44874.3 44874.3 41045.1 34054.7 25121.1 15797.7 7709.01 2270.27 158.333 8.16444 0.454732 0.0253559 0.00127939 5.34905e-05
0.000659157 0.0185354 0.431359 8.43215 140.188 3111.24 91643.8 324591 668270 1.06346e+06 1.44199e+06 1.73819e+06 1.90045e+06 1.90045e+06 1.73819e+06 1.44199e+06 1.06346e+06 668270 324591 91643.8 3111.24 140.188 8.43215 0.431359 0.0185354 0.000659157
0.00612326 0.211656 6.38745 167.129 3264.2 46605.7 4.50192e+06 1.63235e+07 3.3606e+07 5.34352e+07 7.24162e+07 8.7265e+07 9.53985e+07 9.53985e+07 8.7265e+07 7.24162e+07 5.34352e+07 3.3606e+07 1.63235e+07 4.50192e+06 46605.7 3264.2 167.129 6.38745 0.211656 0.00612326
0.0357199 1.50203 60.1952 2415.02 97495.1 4.74686e+06 4.2899e+08 1.49576e+09 3.03143e+09 4.78046e+09 6.44747e+09 7.74823e+09 8.45975e+09 8.45975e+09 7.74823e+09 6.44747e+09 4.78046e+09 3.03143e+09 1.49576e+09 4.2899e+08 4.74686e+06 97495.1 2415.02 60.1952 1.50203 0.0357199
0.105943 4.65124 195.295 8206.55 345577 1.72353e+07 1.5008e+09 5.21956e+09 1.05677e+10 1.6656e+10 2.24571e+10 2.69829e+10 2.94584e+10 2.94584e+10 2.69829e+10 2.24571e+10 1.6656e+10 1.05677e+10 5.21956e+09 1.5008e+09 1.72353e+07 345577 8206.55 195.295 4.65124 0.105943
0.211888 9.38802 397.474 16813.9 711322 3.54831e+07 3.04468e+09 1.05785e+10 2.14094e+10 3.3737e+10 4.54819e+10 5.46444e+10 5.96558e+10 5.96558e+10 5.46444e+10 4.54819e+10 3.3737e+10 2.14094e+10 1.05785e+10 3.04468e+09 3.54831e+07 711322 16813.9 397.474 9.38802 0.211888
0.335156 14.8795 631.009 26723.9 1.1314e+06 5.63982e+07 4.80281e+09 1.66783e+10 3.3748e+10 5.31745e+10 7.16818e+10 8.61193e+10 9.40158e+10 9.40158e+10 8.61193e+10 7.16818e+10 5.31745e+10 3.3748e+10 1.66783e+10 4.80281e+09 5.63982e+07 1.1314e+06 26723.9 631.009 14.8795 0.335156
0.453542 20.1456 854.683 36207.5 1.53324e+06 7.63941e+07 6.47771e+09 2.24879e+10 4.54984e+10 7.16846e+10 9.6631e+10 1.16091e+11 1.26735e+11 1.26735e+11 1.16091e+11 9.6631e+10 7.16846e+10 4.54984e+10 2.24879e+10 6.47771e+09 7.63941e+07 1.53324e+06 36207.5 854.683 20.1456 0.453542
0.54615 24.2633 1029.52 43619.7 1.8473e+06 9.20191e+07 7.78393e+09 2.70182e+10 5.46609e+10 8.61176e+10 1.16085e+11 1.39461e+11 1.52247e+11 1.52247e+11 1.39461e+11 1.16085e+11 8.61176e+10 5.46609e+10 2.70182e+10 7.78393e+09 9.20191e+07 1.8473e+06 43619.7 1029.52 24.2633 0.54615
0.596846 26.5172 1125.22 47676.7 2.01921e+06 1.00571e+08 8.49816e+09 2.94951e+10 5.96704e+10 9.40088e+10 1.26721e+11 1.52238e+11 1.66195e+11 1.66195e+11 1.52238e+11 1.26721e+11 9.40088e+10 5.96704e+10 2.94951e+10 8.49816e+09 1.00571e+08 2.01921e+06 47676.7 1125.22 26.5172 0.596846
0.596846 26.5172 1125.22 47676.7 2.01921e+06 1.00571e+08 8.49816e+09 2.94951e+10 5.96704e+10 9.40088e+10 1.26721e+11 1.52238e+11 1.66195e+11 1.66195e+11 1.52238e+11 1.26721e+11 9.40088e+10 5.96704e+10 2.94951e+10 8.49816e+09 1.00571e+08 2.01921e+06 47676.7 1125.22 26.5172 0.596846
0.54615 24.2633 1029.52 43619.7 1.8473e+06 9.20191e+07 7.78393e+09 2.70182e+10 5.46609e+10 8.61176e+10 1.16085e+11 1.39461e+11 1.52247e+11 1.52247e+11 1.39461e+11 1.16085e+11 8.61176e+10 5.46609e+10 2.70182e+10 7.78393e+09 9.20191e+07 1.8473e+06 43619.7 1029.52 24.2633 0.54615
0.453542 20.1456 854.683 36207.5 1.53324e+06 7.63941e+07 6.47771e+09 2.24879e+10 4.54984e+10 7.16846e+10 9.6631e+10 1.16091e+11 1.26735e+11 1.26735e+11 1.16091e+11 9.6631e+10 7.16846e+10 4.54984e+10 2.24879e+10 6.47771e+09 7.63941e+07 1.53324e+06 36207.5 854.683 20.1456 0.453542
0.335156 14.8795 631.009 26723.9 1.1314e+06 5.63982e+07 4.80281e+09 1.66783e+10 3.3748e+10 5.31745e+10 7.16818e+10 8.61193e+10 9.40158e+10 9.40158e+10 8.61193e+10 7.16818e+10 5.31745e+10 3.3748e+10 1.66783e+10 4.80281e+09 5.63982e+07 1.1314e+06 26723.9 631.009 14.8795 0.335156
0.211888 9.38802 397.474 16813.9 711322 3.54831e+07 3.04468e+09 1.05785e+10 2.14094e+10 3.3737e+10 4.54819e+10 5.46444e+10 5.96558e+10 5.96558e+10 5.46444e+10 4.54819e+10 3.3737e+10 2.14094e+10 1.05785e+10 3.04468e+09 3.54831e+07 711322 16813.9 397.474 9.38802 0.211888
0.105943 4.65124 195.295 8206.55 345577 1.72353e+07 1.5008e+09 5.21956e+09 1.05677e+10 1.6656e+10 2.24571e+10 2.69829e+10 2.94584e+10 2.94584e+10 2.69829e+10 2.24571e+10 1.6656e+10 1.05677e+10 5.21956e+09 1.5008e+09 1.72353e+07 345577 8206.55 195.295 4.65124 0.105943
0.0357199 1.50203 60.1952 2415.02 97495.1 4.74686e+06 4.2899e+08 1.49576e+09 3.03143e+09 4.78046e+09 6.44747e+09 7.74823e+09 8.45975e+09 8.45975e+09 7.74823e+09 6.44747e+09 4.78046e+09 3.03143e+09 1.49576e+09 4.2899e+08 4.74686e+06 97495.1 2415.02 60.1952 1.50203 0.0357199
0.00612326 0.211656 6.38745 167.129 3264.2 46605.7 4.50192e+06 1.63235e+07 3.3606e+07 5.34352e+07 7.24162e+07 8.7265e+07 9.53985e+07 9.53985e+07 8.7265e+07 7.24162e+07 5.34352e+07 3.3606e+07 1.63235e+07 4.50192e+06 46605.7 3264.2 167.129 6.38745 0.211656 0.00612326
0.000659157 0.0185354 0.431359 8.43215 140.188 3111.24 91643.8 324591 668270 1.06346e+06 1.44199e+06 1.73819e+06 1.90045e+06 1.90045e+06 1.73819e+06 1.44199e+06 1.06346e+06 668270 324591 91643.8 3111.24 140.188 8.43215 0.431359 0.0185354 0.000659157
5.34905e-05 0.00127939 0.0253559 0.454732 8.16444 158.333 2270.27 7709.01 15797.7 25121.1 34054.7 41045.1 44874.3 44874.3 41045.1 34054.7 25121.1 15797.7 7709.01 2270.27 158.333 8.16444 0.454732 0.0253559 0.00127939 5.34905e-05
3.68435e-06 7.90479e-05 0.00143854 0.0247567 0.412351 6.03511 56.59 183.473 373.484 593.205 803.91 968.8 1059.12 1059.12 968.8 803.91 593.205 373.484 183.473 56.59 6.03511 0.412351 0.0247567 0.00143854 7.90479e-05 3.68435e-06
2.2902e-07 4.55873e-06 7.7565e-05 0.00123234 0.017616 0.199688 1.4121 4.37009 8.82215 13.9891 18.9499 22.8331 24.9603 24.9603 22.8331 18.9499 13.9891 8.82215 4.37009 1.4121 0.199688 0.017616 0.00123234 7.7565e-05 4.55873e-06 2.2902e-07
1.2041e-08 2.25653e-07 3.57161e-06 5.11492e-05 0.000624564 0.00577195 0.0335815 0.0995469 0.199132 0.315119 0.426643 0.513978 0.561822 0.561822 0.513978 0.426643 0.315119 0.199132 0.0995469 0.0335815 0.00577195 0.000624564 5.11492e-05 3.57161e-06 2.25653e-07 1.2041e-08
