8.88643 164.884 2559.26 35702.9 424664 3.84433e+06 2.20493e+07 6.44951e+07 1.26836e+08 1.9677e+08 2.6123e+08 3.09776e+08 3.35649e+08 3.35649e+08 3.09776e+08 2.6123e+08 1.9677e+08 1.26836e+08 6.44951e+07 2.20493e+07 3.84433e+06 424664 35702.9 2559.26 164.884 8.88642
170.677 3387.51 56829.6 878696 1.2152e+07 1.34002e+08 9.31429e+08 2.84289e+09 5.63826e+09 8.75644e+09 1.16195e+10 1.37702e+10 1.49145e+10 1.49145e+10 1.37702e+10 1.16195e+10 8.75644e+09 5.63826e+09 2.84289e+09 9.31429e+08 1.34002e+08 1.2152e+07 878696 56829.6 3387.51 170.677
2751.71 59409.7 1.07896e+06 1.81904e+07 2.91097e+08 4.09301e+09 3.7519e+10 1.19907e+11 2.39622e+11 3.72375e+11 4.93806e+11 5.84783e+11 6.33109e+11 6.33109e+11 5.84783e+11 4.93806e+11 3.72375e+11 2.39622e+11 1.19907e+11 3.7519e+10 4.09301e+09 2.91097e+08 1.81904e+07 1.07896e+06 59409.7 2751.71
39608.1 959448 1.92541e+07 3.45467e+08 5.9914e+09 1.0917e+11 1.51296e+12 5.06171e+12 1.01754e+13 1.58145e+13 2.09547e+13 2.47959e+13 2.68328e+13 2.68328e+13 2.47959e+13 2.09547e+13 1.58145e+13 1.01754e+13 5.06171e+12 1.51296e+12 1.0917e+11 5.9914e+09 3.45467e+08 1.92541e+07 959448 39608.1
479911 1.36696e+07 3.23981e+08 6.48511e+09 1.09132e+11 2.22314e+12 6.13672e+13 2.14068e+14 4.32016e+14 6.71195e+14 8.88529e+14 1.05053e+15 1.13629e+15 1.13629e+15 1.05053e+15 8.88529e+14 6.71195e+14 4.32016e+14 2.14068e+14 6.13672e+13 2.22314e+12 1.09132e+11 6.48511e+09 3.23981e+08 1.36696e+07 479911
4.37013e+06 1.5238e+08 4.65749e+09 1.24391e+11 2.53953e+12 3.83148e+13 3.05926e+15 1.09226e+16 2.20502e+16 3.42444e+16 4.5329e+16 5.35986e+16 5.79796e+16 5.79796e+16 5.35986e+16 4.5329e+16 3.42444e+16 2.20502e+16 1.09226e+16 3.05926e+15 3.83148e+13 2.53953e+12 1.24391e+11 4.65749e+09 1.5238e+08 4.37013e+06
2.50196e+07 1.05674e+09 4.25602e+10 1.716e+12 6.9591e+13 3.35696e+15 2.90753e+17 1.00591e+18 2.01662e+18 3.13792e+18 4.17564e+18 4.964e+18 5.38729e+18 5.38729e+18 4.964e+18 4.17564e+18 3.13792e+18 2.01662e+18 1.00591e+18 2.90753e+17 3.35696e+15 6.9591e+13 1.716e+12 4.25602e+10 1.05674e+09 2.50196e+07
7.30755e+07 3.22029e+09 1.35789e+11 5.73072e+12 2.42301e+14 1.19958e+16 1.01027e+18 3.48698e+18 6.9826e+18 1.08577e+19 1.44423e+19 1.71649e+19 1.86267e+19 1.86267e+19 1.71649e+19 1.44423e+19 1.08577e+19 6.9826e+18 3.48698e+18 1.01027e+18 1.19958e+16 2.42301e+14 5.73072e+12 1.35789e+11 3.22029e+09 7.30755e+07
1.43539e+08 6.37892e+09 2.71019e+11 1.15054e+13 4.88348e+14 2.41964e+16 2.02595e+18 6.98487e+18 1.39717e+19 2.17024e+19 2.8841e+19 3.42551e+19 3.71592e+19 3.71592e+19 3.42551e+19 2.8841e+19 2.17024e+19 1.39717e+19 6.98487e+18 2.02595e+18 2.41964e+16 4.88348e+14 1.15054e+13 2.71019e+11 6.37892e+09 1.43539e+08
2.22443e+08 9.89573e+09 4.20686e+11 1.78604e+13 7.57788e+14 3.75279e+16 3.14932e+18 1.08508e+19 2.16819e+19 3.36399e+19 4.46579e+19 5.29993e+19 5.74681e+19 5.74681e+19 5.29993e+19 4.46579e+19 3.36399e+19 2.16819e+19 1.08508e+19 3.14932e+18 3.75279e+16 7.57788e+14 1.78604e+13 4.20686e+11 9.89573e+09 2.22443e+08
2.95037e+08 1.31186e+10 5.57313e+11 2.36411e+13 1.00208e+15 4.96071e+16 4.18498e+18 1.44136e+19 2.87751e+19 4.45984e+19 5.91478e+19 7.01434e+19 7.60273e+19 7.60273e+19 7.01434e+19 5.91478e+19 4.45984e+19 2.87751e+19 1.44136e+19 4.18498e+18 4.96071e+16 1.00208e+15 2.36411e+13 5.57313e+11 1.31186e+10 2.95037e+08
3.49621e+08 1.55355e+10 6.59493e+11 2.79528e+13 1.18383e+15 5.85914e+16 4.96894e+18 1.71102e+19 3.41361e+19 5.28657e+19 7.00601e+19 8.30371e+19 8.99748e+19 8.99748e+19 8.30371e+19 7.00601e+19 5.28657e+19 3.41361e+19 1.71102e+19 4.96894e+18 5.85914e+16 1.18383e+15 2.79528e+13 6.59493e+11 1.55355e+10 3.49621e+08
3.78678e+08 1.68199e+10 7.13703e+11 3.02364e+13 1.27991e+15 6.33407e+16 5.38878e+18 1.85543e+19 3.70044e+19 5.72837e+19 7.58849e+19 8.99131e+19 9.74091e+19 9.74091e+19 8.99131e+19 7.58849e+19 5.72837e+19 3.70044e+19 1.85543e+19 5.38878e+18 6.33407e+16 1.27991e+15 3.02364e+13 7.13703e+11 1.68199e+10 3.78678e+08
3.78678e+08 1.68199e+10 7.13703e+11 3.02364e+13 1.27991e+15 6.33407e+16 5.38878e+18 1.85543e+19 3.70044e+19 5.72837e+19 7.58849e+19 8.99131e+19 9.74091e+19 9.74091e+19 8.99131e+19 7.58849e+19 5.72837e+19 3.70044e+19 1.85543e+19 5.38878e+18 6.33407e+16 1.27991e+15 3.02364e+13 7.13703e+11 1.68199e+10 3.78678e+08
3.49621e+08 1.55355e+10 6.59493e+11 2.79528e+13 1.18383e+15 5.85914e+16 4.96894e+18 1.71102e+19 3.41361e+19 5.28657e+19 7.00601e+19 8.30371e+19 8.99748e+19 8.99748e+19 8.30371e+19 7.00601e+19 5.28657e+19 3.41361e+19 1.71102e+19 4.96894e+18 5.85914e+16 1.18383e+15 2.79528e+13 6.59493e+11 1.55355e+10 3.49621e+08
2.95037e+08 1.31186e+10 5.57313e+11 2.36411e+13 1.00208e+15 4.96071e+16 4.18498e+18 1.44136e+19 2.87751e+19 4.45984e+19 5.91478e+19 7.01434e+19 7.60273e+19 7.60273e+19 7.01434e+19 5.91478e+19 4.45984e+19 2.87751e+19 1.44136e+19 4.18498e+18 4.96071e+16 1.00208e+15 2.36411e+13 5.57313e+11 1.31186e+10 2.95037e+08
2.22443e+08 9.89573e+09 4.20686e+11 1.78604e+13 7.57788e+14 3.75279e+16 3.14932e+18 1.08508e+19 2.16819e+19 3.36399e+19 4.46579e+19 5.29993e+19 5.74681e+19 5.74681e+19 5.29993e+19 4.46579e+19 3.36399e+19 2.16819e+19 1.08508e+19 3.14932e+18 3.75279e+16 7.57788e+14 1.78604e+13 4.20686e+11 9.89573e+09 2.22443e+08
1.43539e+08 6.37892e+09 2.71019e+11 1.15054e+13 4.88348e+14 2.41964e+16 2.02595e+18 6.98487e+18 1.39717e+19 2.17024e+19 2.8841e+19 3.42551e+19 3.71592e+19 3.71592e+19 3.42551e+19 2.8841e+19 2.17024e+19 1.39717e+19 6.98487e+18 2.02595e+18 2.41964e+16 4.88348e+14 1.15054e+13 2.71019e+11 6.37892e+09 1.43539e+08
7.30755e+07 3.22029e+09 1.35789e+11 5.73072e+12 2.42301e+14 1.19958e+16 1.01027e+18 3.48698e+18 6.9826e+18 1.08577e+19 1.44423e+19 1.71649e+19 1.86267e+19 1.86267e+19 1.71649e+19 1.44423e+19 1.08577e+19 6.9826e+18 3.48698e+18 1.01027e+18 1.19958e+16 2.42301e+14 5.73072e+12 1.35789e+11 3.22029e+09 7.30755e+07
2.50196e+07 1.05674e+09 4.25602e+10 1.716e+12 6.9591e+13 3.35696e+15 2.90753e+17 1.00591e+18 2.01662e+18 3.13792e+18 4.17564e+18 4.964e+18 5.38729e+18 5.38729e+18 4.964e+18 4.17564e+18 3.13792e+18 2.01662e+18 1.00591e+18 2.90753e+17 3.35696e+15 6.9591e+13 1.716e+12 4.25602e+10 1.05674e+09 2.50196e+07
4.37013e+06 1.5238e+08 4.65749e+09 1.24391e+11 2.53953e+12 3.83148e+13 3.05926e+15 1.09226e+16 2.20502e+16 3.42444e+16 4.5329e+16 5.35986e+16 5.79796e+16 5.79796e+16 5.35986e+16 4.5329e+16 3.42444e+16 2.20502e+16 1.09226e+16 3.05926e+15 3.83148e+13 2.53953e+12 1.24391e+11 4.65749e+09 1.5238e+08 4.37013e+06
479911 1.36696e+07 3.23981e+08 6.48511e+09 1.09132e+11 2.22314e+12 6.13672e+13 2.14068e+14 4.32016e+14 6.71195e+14 8.88529e+14 1.05053e+15 1.13629e+15 1.13629e+15 1.05053e+15 8.88529e+14 6.71195e+14 4.32016e+14 2.14068e+14 6.13672e+13 2.22314e+12 1.09132e+11 6.48511e+09 3.23981e+08 1.36696e+07 479911
39608.1 959448 1.92541e+07 3.45467e+08 5.9914e+09 1.0917e+11 1.51296e+12 5.06171e+12 1.01754e+13 1.58145e+13 2.09547e+13 2.47959e+13 2.68328e+13 2.68328e+13 2.47959e+13 2.09547e+13 1.58145e+13 1.01754e+13 5.06171e+12 1.51296e+12 1.0917e+11 5.9914e+09 3.45467e+08 1.92541e+07 959448 39608.1
2751.71 59409.7 1.07896e+06 1.81904e+07 2.91097e+08 4.09301e+09 3.7519e+10 1.19907e+11 2.39622e+11 3.72375e+11 4.93806e+11 5.84783e+11 6.33109e+11 6.33109e+11 5.84783e+11 4.93806e+11 3.72375e+11 2.39622e+11 1.19907e+11 3.7519e+10 4.09301e+09 2.91097e+08 1.81904e+07 1.07896e+06 59409.7 2751.71
170.677 3387.51 56829.6 878696 1.2152e+07 1.34002e+08 9.31429e+08 2.84289e+09 5.63826e+09 8.75644e+09 1.16195e+10 1.37702e+10 1.49145e+10 1.49145e+10 1.37702e+10 1.16195e+10 8.75644e+09 5.63826e+09 2.84289e+09 9.31429e+08 1.34002e+08 1.2152e+07 878696 56829.6 3387.51 170.677
8.88643 164.884 2559.26 35702.9 424664 3.84433e+06 2.20493e+07 6.44951e+07 1.26836e+08 1.9677e+08 2.6123e+08 3.09776e+08 3.35649e+08 3.35649e+08 3.09776e+08 2.6123e+08 1.9677e+08 1.26836e+08 6.44951e+07 2.20493e+07 3.84433e+06 424664 35702.9 2559.26 164.884 8.88642
