3.13055e-07 5.8595e-06 9.25599e-05 0.00132238 0.0161101 0.148615 0.86354 2.55691 5.10827 8.07284 10.9165 13.1388 14.3545 14.3545 13.1388 10.9165 8.07284 5.10827 2.55691 0.86354 0.148615 0.0161101 0.00132238 9.25599e-05 5.8595e-06 3.13055e-07
5.95662e-06 0.000118485 0.00201274 0.0318975 0.454683 5.14228 36.3101 112.239 226.283 358.312 484.759 583.526 637.553 637.553 583.526 484.759 358.312 226.283 112.239 36.3101 5.14228 0.454682 0.0318975 0.00201274 0.000118485 5.95662e-06
9.58059e-05 0.00205554 0.0373818 0.641981 10.6565 155.469 1455.12 4711.98 9578.72 15191.9 20560.7 24752.8 27045.7 27045.7 24752.8 20560.7 15191.9 9578.72 4711.98 1455.12 155.469 10.6565 0.641981 0.0373818 0.00205554 9.58059e-05
0.00138949 0.0332514 0.659308 11.8182 211.524 4082.08 58378.7 197983 405140 643273 870833 1.04848e+06 1.14565e+06 1.14565e+06 1.04848e+06 870833 643273 405140 197983 58378.7 4082.08 211.524 11.8182 0.659308 0.0332514 0.00138949
0.0170945 0.480962 11.2035 219.304 3647.6 80392.2 2.35677e+06 8.33648e+06 1.71379e+07 2.723e+07 3.68692e+07 4.4394e+07 4.85097e+07 4.85097e+07 4.4394e+07 3.68692e+07 2.723e+07 1.71379e+07 8.33648e+06 2.35677e+06 80392.2 3647.6 219.304 11.2035 0.480962 0.0170945
0.158511 5.48049 165.483 4334.9 84923.8 1.21725e+06 1.15877e+08 4.19587e+08 8.62546e+08 1.36936e+09 1.85315e+09 2.23072e+09 2.43722e+09 2.43722e+09 2.23072e+09 1.85315e+09 1.36936e+09 8.62546e+08 4.19587e+08 1.15877e+08 1.21725e+06 84923.8 4334.9 165.483 5.48049 0.158511
0.923137 38.8163 1555.58 62411.8 2.51978e+06 1.2258e+08 1.10417e+10 3.84684e+10 7.78912e+10 1.22713e+11 1.65359e+11 1.98586e+11 2.16744e+11 2.16744e+11 1.98586e+11 1.65359e+11 1.22713e+11 7.78912e+10 3.84684e+10 1.10417e+10 1.2258e+08 2.51978e+06 62411.8 1555.58 38.8163 0.923137
2.73431 120.033 5039.6 211766 8.91766e+06 4.44437e+08 3.86014e+10 1.34151e+11 2.71372e+11 4.2732e+11 5.75666e+11 6.91238e+11 7.54392e+11 7.54392e+11 6.91238e+11 5.75666e+11 4.2732e+11 2.71372e+11 1.34151e+11 3.86014e+10 4.44437e+08 8.91766e+06 211766 5039.6 120.033 2.73431
5.46098 241.921 10241.4 433196 1.8326e+07 9.13538e+08 7.82364e+10 2.71639e+11 5.49299e+11 8.64807e+11 1.16491e+12 1.39871e+12 1.52646e+12 1.52646e+12 1.39871e+12 1.16491e+12 8.64807e+11 5.49299e+11 2.71639e+11 7.82364e+10 9.13538e+08 1.8326e+07 433196 10241.4 241.921 5.46098
8.62545 382.855 16233.2 687398 2.90993e+07 1.4496e+09 1.23285e+11 4.27849e+11 8.65028e+11 1.36176e+12 1.83423e+12 2.2023e+12 2.40342e+12 2.40342e+12 2.2023e+12 1.83423e+12 1.36176e+12 8.65028e+11 4.27849e+11 1.23285e+11 1.4496e+09 2.90993e+07 687398 16233.2 382.855 8.62545
11.6568 517.643 21956 929958 3.93737e+07 1.96058e+09 1.66119e+11 5.76354e+11 1.16517e+12 1.83417e+12 2.47047e+12 2.96616e+12 3.23703e+12 3.23703e+12 2.96616e+12 2.47047e+12 1.83417e+12 1.16517e+12 5.76354e+11 1.66119e+11 1.96058e+09 3.93737e+07 929958 21956 517.643 11.6568
14.0229 622.796 26418.8 1.11907e+06 4.73833e+07 2.35885e+09 1.99471e+11 6.91976e+11 1.39884e+12 2.20195e+12 2.96581e+12 3.56087e+12 3.88603e+12 3.88603e+12 3.56087e+12 2.96581e+12 2.20195e+12 1.39884e+12 6.91976e+11 1.99471e+11 2.35885e+09 4.73833e+07 1.11907e+06 26418.8 622.796 14.0229
15.3162 680.265 28857.6 1.22241e+06 5.17599e+07 2.57646e+09 2.17688e+11 7.55127e+11 1.52647e+12 2.40284e+12 3.23636e+12 3.88569e+12 4.24051e+12 4.24051e+12 3.88569e+12 3.23636e+12 2.40284e+12 1.52647e+12 7.55127e+11 2.17688e+11 2.57646e+09 5.17599e+07 1.22241e+06 28857.6 680.265 15.3162
15.3162 680.265 28857.6 1.22241e+06 5.17599e+07 2.57646e+09 2.17688e+11 7.55127e+11 1.52647e+12 2.40284e+12 3.23636e+12 3.88569e+12 4.24051e+12 4.24051e+12 3.88569e+12 3.23636e+12 2.40284e+12 1.52647e+12 7.55127e+11 2.17688e+11 2.57646e+09 5.17599e+07 1.22241e+06 28857.6 680.265 15.3162
14.0229 622.796 26418.8 1.11907e+06 4.73833e+07 2.35885e+09 1.99471e+11 6.91976e+11 1.39884e+12 2.20195e+12 2.96581e+12 3.56087e+12 3.88603e+12 3.88603e+12 3.56087e+12 2.96581e+12 2.20195e+12 1.39884e+12 6.91976e+11 1.99471e+11 2.35885e+09 4.73833e+07 1.11907e+06 26418.8 622.796 14.0229
11.6568 517.643 21956 929958 3.93737e+07 1.96058e+09 1.66119e+11 5.76354e+11 1.16517e+12 1.83417e+12 2.47047e+12 2.96616e+12 3.23703e+12 3.23703e+12 2.96616e+12 2.47047e+12 1.83417e+12 1.16517e+12 5.76354e+11 1.66119e+11 1.96058e+09 3.93737e+07 929958 21956 517.643 11.6568
8.62545 382.855 16233.2 687398 2.90993e+07 1.4496e+09 1.23285e+11 4.27849e+11 8.65028e+11 1.36176e+12 1.83423e+12 2.2023e+12 2.40342e+12 2.40342e+12 2.2023e+12 1.83423e+12 1.36176e+12 8.65028e+11 4.27849e+11 1.23285e+11 1.4496e+09 2.90993e+07 687398 16233.2 382.855 8.62545
5.46098 241.921 10241.4 433196 1.8326e+07 9.13538e+08 7.82364e+10 2.71639e+11 5.49299e+11 8.64807e+11 1.16491e+12 1.39871e+12 1.52646e+12 1.52646e+12 1.39871e+12 1.16491e+12 8.64807e+11 5.49299e+11 2.71639e+11 7.82364e+10 9.13538e+08 1.8326e+07 433196 10241.4 241.921 5.46098
2.73431 120.033 5039.6 211766 8.91766e+06 4.44437e+08 3.86014e+10 1.34151e+11 2.71372e+11 4.2732e+11 5.75666e+11 6.91238e+11 7.54392e+11 7.54392e+11 6.91238e+11 5.75666e+11 4.2732e+11 2.71372e+11 1.34151e+11 3.86014e+10 4.44437e+08 8.91766e+06 211766 5039.6 120.033 2.73431
0.923137 38.8163 1555.58 62411.8 2.51978e+06 1.2258e+08 1.10417e+10 3.84684e+10 7.78912e+10 1.22713e+11 1.65359e+11 1.98586e+11 2.16744e+11 2.16744e+11 1.98586e+11 1.65359e+11 1.22713e+11 7.78912e+10 3.84684e+10 1.10417e+10 1.2258e+08 2.51978e+06 62411.8 1555.58 38.8163 0.923137
0.158511 5.48049 165.483 4334.9 84923.8 1.21725e+06 1.15877e+08 4.19587e+08 8.62546e+08 1.36936e+09 1.85315e+09 2.23072e+09 2.43722e+09 2.43722e+09 2.23072e+09 1.85315e+09 1.36936e+09 8.62546e+08 4.19587e+08 1.15877e+08 1.21725e+06 84923.8 4334.9 165.483 5.48049 0.158511
0.0170945 0.480962 11.2035 219.304 3647.6 80392.2 2.35677e+06 8.33648e+06 1.71379e+07 2.723e+07 3.68692e+07 4.4394e+07 4.85097e+07 4.85097e+07 4.4394e+07 3.68692e+07 2.723e+07 1.71379e+07 8.33648e+06 2.35677e+06 80392.2 3647.6 219.304 11.2035 0.480962 0.0170945
0.00138949 0.0332514 0.659308 11.8182 211.524 4082.08 58378.7 197983 405140 643273 870833 1.04848e+06 1.14565e+06 1.14565e+06 1.04848e+06 870833 643273 405140 197983 58378.7 4082.08 211.524 11.8182 0.659308 0.0332514 0.00138949
9.58059e-05 0.00205554 0.0373818 0.641981 10.6565 155.469 1455.12 4711.98 9578.72 15191.9 20560.7 24752.8 27045.7 27045.7 24752.8 20560.7 15191.9 9578.72 4711.98 1455.12 155.469 10.6565 0.641981 0.0373818 0.00205554 9.58059e-05
5.95662e-06 0.000118485 0.00201274 0.0318975 0.454682 5.14228 36.3101 112.239 226.283 358.312 484.759 583.526 637.553 637.553 583.526 484.759 358.312 226.283 112.239 36.3101 5.14228 0.454682 0.0318975 0.00201274 0.000118485 5.95662e-06
3.13055e-07 5.8595e-06 9.25599e-05 0.00132238 0.0161101 0.148615 0.86354 2.55691 5.10827 8.07284 10.9165 13.1388 14.3545 14.3545 13.1388 10.9165 8.07284 5.10827 2.55691 0.86354 0.148615 0.0161101 0.00132238 9.25599e-05 5.8595e-06 3.13055e-07
