15.6082 288.873 4465.74 61988.7 733733 6.61834e+06 3.78991e+07 1.10952e+08 2.18683e+08 3.40273e+08 4.53163e+08 5.38782e+08 5.84646e+08 5.84646e+08 5.38782e+08 4.53163e+08 3.40273e+08 2.18683e+08 1.10952e+08 3.78991e+07 6.61834e+06 733733 61988.7 4465.74 288.873 15.6082
299.85 5942.1 99365.4 1.52856e+06 2.10139e+07 2.306e+08 1.59913e+09 4.88465e+09 9.70912e+09 1.51244e+10 2.01341e+10 2.39246e+10 2.59522e+10 2.59522e+10 2.39246e+10 2.01341e+10 1.51244e+10 9.70912e+09 4.88465e+09 1.59913e+09 2.306e+08 2.10139e+07 1.52856e+06 99365.4 5942.1 299.85
4829.89 104249 1.89045e+06 3.17415e+07 5.04439e+08 7.0436e+09 6.43388e+10 2.05762e+11 4.12107e+11 6.42394e+11 8.54676e+11 1.01492e+12 1.10051e+12 1.10051e+12 1.01492e+12 8.54676e+11 6.42394e+11 4.12107e+11 2.05762e+11 6.43388e+10 7.0436e+09 5.04439e+08 3.17415e+07 1.89045e+06 104249 4829.89
69360.4 1.68111e+06 3.3753e+07 6.0497e+08 1.04294e+10 1.88072e+11 2.59159e+12 8.67561e+12 1.74791e+13 2.72508e+13 3.62295e+13 4.29918e+13 4.65985e+13 4.65985e+13 4.29918e+13 3.62295e+13 2.72508e+13 1.74791e+13 8.67561e+12 2.59159e+12 1.88072e+11 1.04294e+10 6.0497e+08 3.3753e+07 1.68111e+06 69360.4
837644 2.38713e+07 5.66468e+08 1.13634e+10 1.91379e+11 3.84653e+12 1.05012e+14 3.66511e+14 7.41314e+14 1.1554e+15 1.53478e+15 1.81989e+15 1.97172e+15 1.97172e+15 1.81989e+15 1.53478e+15 1.1554e+15 7.41314e+14 3.66511e+14 1.05012e+14 3.84653e+12 1.91379e+11 1.13634e+10 5.66468e+08 2.38713e+07 837644
7.6024e+06 2.65012e+08 8.10228e+09 2.1673e+11 4.44798e+12 6.75806e+13 5.2394e+15 1.87104e+16 3.78453e+16 5.89454e+16 7.82748e+16 9.28057e+16 1.00547e+17 1.00547e+17 9.28057e+16 7.82748e+16 5.89454e+16 3.78453e+16 1.87104e+16 5.2394e+15 6.75806e+13 4.44798e+12 2.1673e+11 8.10228e+09 2.65012e+08 7.6024e+06
4.34297e+07 1.83213e+09 7.36987e+10 2.96801e+12 1.20236e+14 5.78222e+15 4.97236e+17 1.71983e+18 3.4496e+18 5.37306e+18 7.15847e+18 8.51889e+18 9.25092e+18 9.25092e+18 8.51889e+18 7.15847e+18 5.37306e+18 3.4496e+18 1.71983e+18 4.97236e+17 5.78222e+15 1.20236e+14 2.96801e+12 7.36987e+10 1.83213e+09 4.34297e+07
1.26927e+08 5.58615e+09 2.35235e+11 9.915e+12 4.18734e+14 2.06681e+16 1.72789e+18 5.96116e+18 1.19401e+19 1.85795e+19 2.47359e+19 2.94234e+19 3.19445e+19 3.19445e+19 2.94234e+19 2.47359e+19 1.85795e+19 1.19401e+19 5.96116e+18 1.72789e+18 2.06681e+16 4.18734e+14 9.915e+12 2.35235e+11 5.58615e+09 1.26927e+08
2.49858e+08 1.10893e+10 4.70521e+11 1.99495e+13 8.4579e+14 4.17753e+16 3.46777e+18 1.19472e+19 2.38973e+19 3.71358e+19 4.93831e+19 5.86905e+19 6.36903e+19 6.36903e+19 5.86905e+19 4.93831e+19 3.71358e+19 2.38973e+19 1.19472e+19 3.46777e+18 4.17753e+16 8.4579e+14 1.99495e+13 4.70521e+11 1.10893e+10 2.49858e+08
3.88374e+08 1.72558e+10 7.32637e+11 3.1067e+13 1.31669e+15 6.49917e+16 5.39755e+18 1.85781e+19 3.71112e+19 5.7587e+19 7.64793e+19 9.08046e+19 9.84885e+19 9.84885e+19 9.08046e+19 7.64793e+19 5.7587e+19 3.71112e+19 1.85781e+19 5.39755e+18 6.49917e+16 1.31669e+15 3.1067e+13 7.32637e+11 1.72558e+10 3.88374e+08
5.16765e+08 2.29506e+10 9.73829e+11 4.12632e+13 1.7473e+15 8.62001e+16 7.18306e+18 2.47073e+19 4.92975e+19 7.63977e+19 1.0134e+20 1.20212e+20 1.30321e+20 1.30321e+20 1.20212e+20 1.0134e+20 7.63977e+19 4.92975e+19 2.47073e+19 7.18306e+18 8.62001e+16 1.7473e+15 4.12632e+13 9.73829e+11 2.29506e+10 5.16765e+08
6.14001e+08 2.72531e+10 1.15561e+12 4.89301e+13 2.07036e+15 1.02103e+17 8.53939e+18 2.936e+19 5.8531e+19 9.06188e+19 1.20095e+20 1.42361e+20 1.54275e+20 1.54275e+20 1.42361e+20 1.20095e+20 9.06188e+19 5.8531e+19 2.936e+19 8.53939e+18 1.02103e+17 2.07036e+15 4.89301e+13 1.15561e+12 2.72531e+10 6.14001e+08
6.66036e+08 2.95523e+10 1.25261e+12 5.30147e+13 2.24221e+15 1.10559e+17 9.26763e+18 3.18572e+19 6.34807e+19 9.82307e+19 1.30119e+20 1.54187e+20 1.67057e+20 1.67057e+20 1.54187e+20 1.30119e+20 9.82307e+19 6.34807e+19 3.18572e+19 9.26763e+18 1.10559e+17 2.24221e+15 5.30147e+13 1.25261e+12 2.95523e+10 6.66036e+08
6.66036e+08 2.95523e+10 1.25261e+12 5.30147e+13 2.24221e+15 1.10559e+17 9.26763e+18 3.18572e+19 6.34807e+19 9.82307e+19 1.30119e+20 1.54187e+20 1.67057e+20 1.67057e+20 1.54187e+20 1.30119e+20 9.82307e+19 6.34807e+19 3.18572e+19 9.26763e+18 1.10559e+17 2.24221e+15 5.30147e+13 1.25261e+12 2.95523e+10 6.66036e+08
6.14001e+08 2.72531e+10 1.15561e+12 4.89301e+13 2.07036e+15 1.02103e+17 8.53939e+18 2.936e+19 5.8531e+19 9.06188e+19 1.20095e+20 1.42361e+20 1.54275e+20 1.54275e+20 1.42361e+20 1.20095e+20 9.06188e+19 5.8531e+19 2.936e+19 8.53939e+18 1.02103e+17 2.07036e+15 4.89301e+13 1.15561e+12 2.72531e+10 6.14001e+08
5.16765e+08 2.29506e+10 9.73829e+11 4.12632e+13 1.7473e+15 8.62001e+16 7.18306e+18 2.47073e+19 4.92975e+19 7.63977e+19 1.0134e+20 1.20212e+20 1.30321e+20 1.30321e+20 1.20212e+20 1.0134e+20 7.63977e+19 4.92975e+19 2.47073e+19 7.18306e+18 8.62001e+16 1.7473e+15 4.12632e+13 9.73829e+11 2.29506e+10 5.16765e+08
3.88374e+08 1.72558e+10 7.32637e+11 3.1067e+13 1.31669e+15 6.49917e+16 5.39755e+18 1.85781e+19 3.71112e+19 5.7587e+19 7.64793e+19 9.08046e+19 9.84885e+19 9.84885e+19 9.08046e+19 7.64793e+19 5.7587e+19 3.71112e+19 1.85781e+19 5.39755e+18 6.49917e+16 1.31669e+15 3.1067e+13 7.32637e+11 1.72558e+10 3.88374e+08
2.49858e+08 1.10893e+10 4.70521e+11 1.99495e+13 8.4579e+14 4.17753e+16 3.46777e+18 1.19472e+19 2.38973e+19 3.71358e+19 4.93831e+19 5.86905e+19 6.36903e+19 6.36903e+19 5.86905e+19 4.93831e+19 3.71358e+19 2.38973e+19 1.19472e+19 3.46777e+18 4.17753e+16 8.4579e+14 1.99495e+13 4.70521e+11 1.10893e+10 2.49858e+08
1.26927e+08 5.58615e+09 2.35235e+11 9.915e+12 4.18734e+14 2.06681e+16 1.72789e+18 5.96116e+18 1.19401e+19 1.85795e+19 2.47359e+19 2.94234e+19 3.19445e+19 3.19445e+19 2.94234e+19 2.47359e+19 1.85795e+19 1.19401e+19 5.96116e+18 1.72789e+18 2.06681e+16 4.18734e+14 9.915e+12 2.35235e+11 5.58615e+09 1.26927e+08
4.34297e+07 1.83213e+09 7.36987e+10 2.96801e+12 1.20236e+14 5.78222e+15 4.97236e+17 1.71983e+18 3.4496e+18 5.37306e+18 7.15847e+18 8.51889e+18 9.25092e+18 9.25092e+18 8.51889e+18 7.15847e+18 5.37306e+18 3.4496e+18 1.71983e+18 4.97236e+17 5.78222e+15 1.20236e+14 2.96801e+12 7.36987e+10 1.83213e+09 4.34297e+07
7.6024e+06 2.65012e+08 8.10228e+09 2.1673e+11 4.44798e+12 6.75806e+13 5.2394e+15 1.87104e+16 3.78453e+16 5.89454e+16 7.82748e+16 9.28057e+16 1.00547e+17 1.00547e+17 9.28057e+16 7.82748e+16 5.89454e+16 3.78453e+16 1.87104e+16 5.2394e+15 6.75806e+13 4.44798e+12 2.1673e+11 8.10228e+09 2.65012e+08 7.6024e+06
837644 2.38713e+07 5.66468e+08 1.13634e+10 1.91379e+11 3.84653e+12 1.05012e+14 3.66511e+14 7.41314e+14 1.1554e+15 1.53478e+15 1.81989e+15 1.97172e+15 1.97172e+15 1.81989e+15 1.53478e+15 1.1554e+15 7.41314e+14 3.66511e+14 1.05012e+14 3.84653e+12 1.91379e+11 1.13634e+10 5.66468e+08 2.38713e+07 837644
69360.4 1.68111e+06 3.3753e+07 6.0497e+08 1.04294e+10 1.88072e+11 2.59159e+12 8.67561e+12 1.74791e+13 2.72508e+13 3.62295e+13 4.29918e+13 4.65985e+13 4.65985e+13 4.29918e+13 3.62295e+13 2.72508e+13 1.74791e+13 8.67561e+12 2.59159e+12 1.88072e+11 1.04294e+10 6.0497e+08 3.3753e+07 1.68111e+06 69360.4
4829.89 104249 1.89045e+06 3.17415e+07 5.04439e+08 7.0436e+09 6.43388e+10 2.05762e+11 4.12107e+11 6.42394e+11 8.54676e+11 1.01492e+12 1.10051e+12 1.10051e+12 1.01492e+12 8.54676e+11 6.42394e+11 4.12107e+11 2.05762e+11 6.43388e+10 7.0436e+09 5.04439e+08 3.17415e+07 1.89045e+06 104249 4829.89
299.85 5942.1 99365.4 1.52856e+06 2.10139e+07 2.306e+08 1.59913e+09 4.88465e+09 9.70912e+09 1.51244e+10 2.01341e+10 2.39246e+10 2.59522e+10 2.59522e+10 2.39246e+10 2.01341e+10 1.51244e+10 9.70912e+09 4.88465e+09 1.59913e+09 2.306e+08 2.10139e+07 1.52856e+06 99365.4 5942.1 299.85
15.6082 288.873 4465.74 61988.7 733733 6.61834e+06 3.78991e+07 1.10952e+08 2.18683e+08 3.40273e+08 4.53163e+08 5.38782e+08 5.84646e+08 5.84646e+08 5.38782e+08 4.53163e+08 3.40273e+08 2.18683e+08 1.10952e+08 3.78991e+07 6.61834e+06 733733 61988.7 4465.74 288.873 15.6082
