9.19581 170.488 2641.98 36779.6 436684 3.9509e+06 2.26973e+07 6.67462e+07 1.32279e+08 2.07013e+08 2.77112e+08 3.30732e+08 3.59616e+08 3.59616e+08 3.30732e+08 2.77112e+08 2.07013e+08 1.32279e+08 6.67462e+07 2.26973e+07 3.9509e+06 436684 36779.6 2641.98 170.488 9.19581
176.828 3508.8 58794.1 906964 1.25091e+07 1.37715e+08 9.58064e+08 2.93998e+09 5.87742e+09 9.21074e+09 1.23276e+10 1.4707e+10 1.59872e+10 1.59872e+10 1.4707e+10 1.23276e+10 9.21074e+09 5.87742e+09 2.93998e+09 9.58064e+08 1.37715e+08 1.25091e+07 906964 58794.1 3508.8 176.828
2852.6 61620.7 1.11892e+06 1.88297e+07 3.00246e+08 4.20757e+09 3.85574e+10 1.23901e+11 2.49654e+11 3.91624e+11 5.23973e+11 6.2481e+11 6.78998e+11 6.78998e+11 6.2481e+11 5.23973e+11 3.91624e+11 2.49654e+11 1.23901e+11 3.85574e+10 4.20757e+09 3.00246e+08 1.88297e+07 1.11892e+06 61620.7 2852.6
41051.2 995408 1.99966e+07 3.58805e+08 6.20275e+09 1.12338e+11 1.5533e+12 5.22577e+12 1.05956e+13 1.6629e+13 2.22383e+13 2.65041e+13 2.87936e+13 2.87936e+13 2.65041e+13 2.22383e+13 1.6629e+13 1.05956e+13 5.22577e+12 1.5533e+12 1.12338e+11 6.20275e+09 3.58805e+08 1.99966e+07 995408 41051.2
497038 1.41692e+07 3.36289e+08 6.7454e+09 1.1365e+11 2.29516e+12 6.29333e+13 2.20802e+14 4.49599e+14 7.05637e+14 9.43123e+14 1.1234e+15 1.22003e+15 1.22003e+15 1.1234e+15 9.43123e+14 7.05637e+14 4.49599e+14 2.20802e+14 6.29333e+13 2.29516e+12 1.1365e+11 6.7454e+09 3.36289e+08 1.41692e+07 497038
4.52422e+06 1.57767e+08 4.82445e+09 1.29025e+11 2.6447e+12 4.01109e+13 3.13719e+15 1.12628e+16 2.2935e+16 3.59714e+16 4.80594e+16 5.7236e+16 6.21559e+16 6.21559e+16 5.7236e+16 4.80594e+16 3.59714e+16 2.2935e+16 1.12628e+16 3.13719e+15 4.01109e+13 2.6447e+12 1.29025e+11 4.82445e+09 1.57767e+08 4.52422e+06
2.59325e+07 1.09441e+09 4.40365e+10 1.77369e+12 7.1847e+13 3.45586e+15 2.97917e+17 1.03422e+18 2.08433e+18 3.26257e+18 4.36549e+18 5.2115e+18 5.66866e+18 5.66866e+18 5.2115e+18 4.36549e+18 3.26257e+18 2.08433e+18 1.03422e+18 2.97917e+17 3.45586e+15 7.1847e+13 1.77369e+12 4.40365e+10 1.09441e+09 2.59325e+07
7.61363e+07 3.35257e+09 1.41244e+11 5.95538e+12 2.51552e+14 1.24197e+16 1.03925e+18 3.59842e+18 7.24237e+18 1.13261e+19 1.51454e+19 1.80731e+19 1.96546e+19 1.96546e+19 1.80731e+19 1.51454e+19 1.13261e+19 7.24237e+18 3.59842e+18 1.03925e+18 1.24197e+16 2.51552e+14 5.95538e+12 1.41244e+11 3.35257e+09 7.61363e+07
1.50709e+08 6.69403e+09 2.84242e+11 1.20595e+13 5.11543e+14 2.52769e+16 2.09635e+18 7.24903e+18 1.45726e+19 2.2764e+19 3.04102e+19 3.62622e+19 3.94199e+19 3.94199e+19 3.62622e+19 3.04102e+19 2.2764e+19 1.45726e+19 7.24903e+18 2.09635e+18 2.52769e+16 5.11543e+14 1.20595e+13 2.84242e+11 6.69403e+09 1.50709e+08
2.35617e+08 1.04796e+10 4.45406e+11 1.89056e+13 8.01951e+14 3.96058e+16 3.28022e+18 1.13329e+19 2.27567e+19 3.55056e+19 4.73792e+19 5.6449e+19 6.13367e+19 6.13367e+19 5.6449e+19 4.73792e+19 3.55056e+19 2.27567e+19 1.13329e+19 3.28022e+18 3.96058e+16 8.01951e+14 1.89056e+13 4.45406e+11 1.04796e+10 2.35617e+08
3.15133e+08 1.40135e+10 5.95392e+11 2.52594e+13 1.07082e+15 5.286e+16 4.38557e+18 1.51426e+19 3.03773e+19 4.73431e+19 6.31098e+19 7.5131e+19 8.1601e+19 8.1601e+19 7.5131e+19 6.31098e+19 4.73431e+19 3.03773e+19 1.51426e+19 4.38557e+18 5.286e+16 1.07082e+15 2.52594e+13 5.95392e+11 1.40135e+10 3.15133e+08
3.75874e+08 1.67075e+10 7.09499e+11 3.00838e+13 1.27459e+15 6.28992e+16 5.23132e+18 1.80559e+19 3.61954e+19 5.63634e+19 7.50744e+19 8.93196e+19 9.6979e+19 9.6979e+19 8.93196e+19 7.50744e+19 5.63634e+19 3.61954e+19 1.80559e+19 5.23132e+18 6.28992e+16 1.27459e+15 3.00838e+13 7.09499e+11 1.67075e+10 3.75874e+08
4.08564e+08 1.81556e+10 7.70757e+11 3.26705e+13 1.3837e+15 6.8273e+16 5.68751e+18 1.96268e+19 3.93294e+19 6.12159e+19 8.15026e+19 9.69351e+19 1.05228e+20 1.05228e+20 9.69351e+19 8.15026e+19 6.12159e+19 3.93294e+19 1.96268e+19 5.68751e+18 6.8273e+16 1.3837e+15 3.26705e+13 7.70757e+11 1.81556e+10 4.08564e+08
4.08564e+08 1.81556e+10 7.70757e+11 3.26705e+13 1.3837e+15 6.8273e+16 5.68751e+18 1.96268e+19 3.93294e+19 6.12159e+19 8.15026e+19 9.69351e+19 1.05228e+20 1.05228e+20 9.69351e+19 8.15026e+19 6.12159e+19 3.93294e+19 1.96268e+19 5.68751e+18 6.8273e+16 1.3837e+15 3.26705e+13 7.70757e+11 1.81556e+10 4.08564e+08
3.75874e+08 1.67075e+10 7.09499e+11 3.00838e+13 1.27459e+15 6.28992e+16 5.23132e+18 1.80559e+19 3.61954e+19 5.63634e+19 7.50744e+19 8.93196e+19 9.6979e+19 9.6979e+19 8.93196e+19 7.50744e+19 5.63634e+19 3.61954e+19 1.80559e+19 5.23132e+18 6.28992e+16 1.27459e+15 3.00838e+13 7.09499e+11 1.67075e+10 3.75874e+08
3.15133e+08 1.40135e+10 5.95392e+11 2.52594e+13 1.07082e+15 5.286e+16 4.38557e+18 1.51426e+19 3.03773e+19 4.73431e+19 6.31098e+19 7.5131e+19 8.1601e+19 8.1601e+19 7.5131e+19 6.31098e+19 4.73431e+19 3.03773e+19 1.51426e+19 4.38557e+18 5.286e+16 1.07082e+15 2.52594e+13 5.95392e+11 1.40135e+10 3.15133e+08
2.35617e+08 1.04796e+10 4.45406e+11 1.89056e+13 8.01951e+14 3.96058e+16 3.28022e+18 1.13329e+19 2.27567e+19 3.55056e+19 4.73792e+19 5.6449e+19 6.13367e+19 6.13367e+19 5.6449e+19 4.73792e+19 3.55056e+19 2.27567e+19 1.13329e+19 3.28022e+18 3.96058e+16 8.01951e+14 1.89056e+13 4.45406e+11 1.04796e+10 2.35617e+08
1.50709e+08 6.69403e+09 2.84242e+11 1.20595e+13 5.11543e+14 2.52769e+16 2.09635e+18 7.24903e+18 1.45726e+19 2.2764e+19 3.04102e+19 3.62622e+19 3.94199e+19 3.94199e+19 3.62622e+19 3.04102e+19 2.2764e+19 1.45726e+19 7.24903e+18 2.09635e+18 2.52769e+16 5.11543e+14 1.20595e+13 2.84242e+11 6.69403e+09 1.50709e+08
7.61363e+07 3.35257e+09 1.41244e+11 5.95538e+12 2.51552e+14 1.24197e+16 1.03925e+18 3.59842e+18 7.24237e+18 1.13261e+19 1.51454e+19 1.80731e+19 1.96546e+19 1.96546e+19 1.80731e+19 1.51454e+19 1.13261e+19 7.24237e+18 3.59842e+18 1.03925e+18 1.24197e+16 2.51552e+14 5.95538e+12 1.41244e+11 3.35257e+09 7.61363e+07
2.59325e+07 1.09441e+09 4.40365e+10 1.77369e+12 7.1847e+13 3.45586e+15 2.97917e+17 1.03422e+18 2.08433e+18 3.26257e+18 4.36549e+18 5.2115e+18 5.66866e+18 5.66866e+18 5.2115e+18 4.36549e+18 3.26257e+18 2.08433e+18 1.03422e+18 2.97917e+17 3.45586e+15 7.1847e+13 1.77369e+12 4.40365e+10 1.09441e+09 2.59325e+07
4.52422e+06 1.57767e+08 4.82445e+09 1.29025e+11 2.64469e+12 4.01109e+13 3.13719e+15 1.12628e+16 2.2935e+16 3.59714e+16 4.80594e+16 5.7236e+16 6.21559e+16 6.21559e+16 5.7236e+16 4.80594e+16 3.59714e+16 2.2935e+16 1.12628e+16 3.13719e+15 4.01109e+13 2.6447e+12 1.29025e+11 4.82445e+09 1.57767e+08 4.52422e+06
497038 1.41692e+07 3.36289e+08 6.7454e+09 1.1365e+11 2.29516e+12 6.29333e+13 2.20802e+14 4.49599e+14 7.05637e+14 9.43123e+14 1.1234e+15 1.22003e+15 1.22003e+15 1.1234e+15 9.43123e+14 7.05637e+14 4.49599e+14 2.20802e+14 6.29333e+13 2.29516e+12 1.1365e+11 6.7454e+09 3.36289e+08 1.41692e+07 497038
41051.2 995408 1.99966e+07 3.58805e+08 6.20275e+09 1.12338e+11 1.5533e+12 5.22577e+12 1.05956e+13 1.6629e+13 2.22383e+13 2.65041e+13 2.87936e+13 2.87936e+13 2.65041e+13 2.22383e+13 1.6629e+13 1.05956e+13 5.22577e+12 1.5533e+12 1.12338e+11 6.20275e+09 3.58805e+08 1.99966e+07 995408 41051.2
2852.6 61620.7 1.11892e+06 1.88297e+07 3.00246e+08 4.20757e+09 3.85574e+10 1.23901e+11 2.49654e+11 3.91624e+11 5.23973e+11 6.2481e+11 6.78998e+11 6.78998e+11 6.2481e+11 5.23973e+11 3.91624e+11 2.49654e+11 1.23901e+11 3.85574e+10 4.20757e+09 3.00246e+08 1.88297e+07 1.11892e+06 61620.7 2852.6
176.828 3508.8 58794.1 906964 1.25091e+07 1.37715e+08 9.58064e+08 2.93998e+09 5.87742e+09 9.21074e+09 1.23276e+10 1.4707e+10 1.59872e+10 1.59872e+10 1.4707e+10 1.23276e+10 9.21074e+09 5.87742e+09 2.93998e+09 9.58064e+08 1.37715e+08 1.25091e+07 906964 58794.1 3508.8 176.828
9.19581 170.488 2641.98 36779.6 436684 3.9509e+06 2.26973e+07 6.67462e+07 1.32279e+08 2.07013e+08 2.77112e+08 3.30732e+08 3.59616e+08 3.59616e+08 3.30732e+08 2.77112e+08 2.07013e+08 1.32279e+08 6.67462e+07 2.26973e+07 3.9509e+06 436684 36779.6 2641.98 170.488 9.19581
