14.149 261.811 4047.29 56182.4 664800 5.98875e+06 3.41797e+07 9.93042e+07 1.93633e+08 2.97632e+08 3.91748e+08 4.6148e+08 4.98223e+08 4.98223e+08 4.6148e+08 3.91748e+08 2.97632e+08 1.93633e+08 9.93042e+07 3.41797e+07 5.98875e+06 664800 56182.4 4047.29 261.811 14.149
271.575 5379.76 89951.9 1.38409e+06 1.90326e+07 2.08739e+08 1.4437e+09 4.3761e+09 8.60256e+09 1.3232e+10 1.74018e+10 2.04808e+10 2.20997e+10 2.20997e+10 2.04808e+10 1.74018e+10 1.3232e+10 8.60256e+09 4.3761e+09 1.4437e+09 2.08739e+08 1.90326e+07 1.38409e+06 89951.9 5379.76 271.575
4371.07 94290.3 1.70913e+06 2.87013e+07 4.56495e+08 6.37731e+09 5.8155e+10 1.84542e+11 3.65403e+11 5.62158e+11 7.38532e+11 8.68318e+11 9.36403e+11 9.36403e+11 8.68318e+11 7.38532e+11 5.62158e+11 3.65403e+11 1.84542e+11 5.8155e+10 6.37731e+09 4.56495e+08 2.87013e+07 1.70913e+06 94290.3 4371.07
62736.4 1.5196e+06 3.04859e+07 5.46117e+08 9.42199e+09 1.70255e+11 2.34564e+12 7.79006e+12 1.55101e+13 2.38535e+13 3.12991e+13 3.67593e+13 3.9617e+13 3.9617e+13 3.67593e+13 3.12991e+13 2.38535e+13 1.55101e+13 7.79006e+12 2.34564e+12 1.70255e+11 9.42199e+09 5.46117e+08 3.04859e+07 1.5196e+06 62736.4
757209 2.15714e+07 5.11535e+08 1.02491e+10 1.72412e+11 3.47735e+12 9.51878e+13 3.29517e+14 6.58346e+14 1.01165e+15 1.32562e+15 1.55508e+15 1.6749e+15 1.6749e+15 1.55508e+15 1.32562e+15 1.01165e+15 6.58346e+14 3.29517e+14 9.51878e+13 3.47735e+12 1.72412e+11 1.02491e+10 5.11535e+08 2.15714e+07 757209
6.8642e+06 2.39344e+08 7.31805e+09 1.95668e+11 4.00803e+12 6.07029e+13 4.75484e+15 1.68471e+16 3.36729e+16 5.17325e+16 6.77986e+16 7.95592e+16 8.57084e+16 8.57084e+16 7.95592e+16 6.77986e+16 5.17325e+16 3.36729e+16 1.68471e+16 4.75484e+15 6.07029e+13 4.00803e+12 1.95668e+11 7.31805e+09 2.39344e+08 6.8642e+06
3.90957e+07 1.65101e+09 6.64928e+10 2.6814e+12 1.08789e+14 5.24472e+15 4.51811e+17 1.55533e+18 3.09755e+18 4.78597e+18 6.32806e+18 7.48671e+18 8.10427e+18 8.10427e+18 7.48671e+18 6.32806e+18 4.78597e+18 3.09755e+18 1.55533e+18 4.51811e+17 5.24472e+15 1.08789e+14 2.6814e+12 6.64928e+10 1.65101e+09 3.90957e+07
1.13415e+08 4.99637e+09 2.10631e+11 8.88854e+12 3.75865e+14 1.85982e+16 1.56191e+18 5.36487e+18 1.06725e+19 1.64781e+19 2.17776e+19 2.57581e+19 2.78794e+19 2.78794e+19 2.57581e+19 2.17776e+19 1.64781e+19 1.06725e+19 5.36487e+18 1.56191e+18 1.85982e+16 3.75865e+14 8.88854e+12 2.10631e+11 4.99637e+09 1.13415e+08
2.20903e+08 9.8107e+09 4.16573e+11 1.76759e+13 7.50021e+14 3.71386e+16 3.11034e+18 1.06717e+19 2.12018e+19 3.26911e+19 4.31532e+19 5.09952e+19 5.51688e+19 5.51688e+19 5.09952e+19 4.31532e+19 3.26911e+19 2.12018e+19 1.06717e+19 3.11034e+18 3.71386e+16 7.50021e+14 1.76759e+13 4.16573e+11 9.8107e+09 2.20903e+08
3.39234e+08 1.50759e+10 6.40247e+11 2.71567e+13 1.1513e+15 5.69768e+16 4.7986e+18 1.6453e+19 3.26441e+19 5.02575e+19 6.62478e+19 7.82028e+19 8.45543e+19 8.45543e+19 7.82028e+19 6.62478e+19 5.02575e+19 3.26441e+19 1.6453e+19 4.7986e+18 5.69768e+16 1.1513e+15 2.71567e+13 6.40247e+11 1.50759e+10 3.39234e+08
4.46162e+08 1.9811e+10 8.40431e+11 3.5603e+13 1.50729e+15 7.45635e+16 6.33296e+18 2.17048e+19 4.30134e+19 6.61286e+19 8.70531e+19 1.02658e+20 1.10935e+20 1.10935e+20 1.02658e+20 8.70531e+19 6.61286e+19 4.30134e+19 2.17048e+19 6.33296e+18 7.45635e+16 1.50729e+15 3.5603e+13 8.40431e+11 1.9811e+10 4.46162e+08
5.25287e+08 2.33028e+10 9.87533e+11 4.17881e+13 1.76707e+15 8.73952e+16 7.48051e+18 2.56317e+19 5.07512e+19 7.79414e+19 1.025e+20 1.20779e+20 1.30462e+20 1.30462e+20 1.20779e+20 1.025e+20 7.79414e+19 5.07512e+19 2.56317e+19 7.48051e+18 8.73952e+16 1.76707e+15 4.17881e+13 9.87533e+11 2.33028e+10 5.25287e+08
5.66943e+08 2.51371e+10 1.06463e+12 4.50221e+13 1.90257e+15 9.40888e+16 8.09017e+18 2.77178e+19 5.48562e+19 8.41976e+19 1.10666e+20 1.30347e+20 1.40764e+20 1.40764e+20 1.30347e+20 1.10666e+20 8.41976e+19 5.48562e+19 2.77178e+19 8.09017e+18 9.40888e+16 1.90257e+15 4.50221e+13 1.06463e+12 2.51371e+10 5.66943e+08
5.66943e+08 2.51371e+10 1.06463e+12 4.50221e+13 1.90257e+15 9.40888e+16 8.09017e+18 2.77178e+19 5.48562e+19 8.41976e+19 1.10666e+20 1.30347e+20 1.40764e+20 1.40764e+20 1.30347e+20 1.10666e+20 8.41976e+19 5.48562e+19 2.77178e+19 8.09017e+18 9.40888e+16 1.90257e+15 4.50221e+13 1.06463e+12 2.51371e+10 5.66943e+08
5.25287e+08 2.33028e+10 9.87533e+11 4.17881e+13 1.76707e+15 8.73952e+16 7.48051e+18 2.56317e+19 5.07512e+19 7.79414e+19 1.025e+20 1.20779e+20 1.30462e+20 1.30462e+20 1.20779e+20 1.025e+20 7.79414e+19 5.07512e+19 2.56317e+19 7.48051e+18 8.73952e+16 1.76707e+15 4.17881e+13 9.87533e+11 2.33028e+10 5.25287e+08
4.46162e+08 1.9811e+10 8.40431e+11 3.5603e+13 1.50729e+15 7.45635e+16 6.33296e+18 2.17048e+19 4.30134e+19 6.61286e+19 8.70531e+19 1.02658e+20 1.10935e+20 1.10935e+20 1.02658e+20 8.70531e+19 6.61286e+19 4.30134e+19 2.17048e+19 6.33296e+18 7.45635e+16 1.50729e+15 3.5603e+13 8.40431e+11 1.9811e+10 4.46162e+08
3.39234e+08 1.50759e+10 6.40247e+11 2.71567e+13 1.1513e+15 5.69768e+16 4.7986e+18 1.6453e+19 3.26441e+19 5.02575e+19 6.62478e+19 7.82028e+19 8.45543e+19 8.45543e+19 7.82028e+19 6.62478e+19 5.02575e+19 3.26441e+19 1.6453e+19 4.7986e+18 5.69768e+16 1.1513e+15 2.71567e+13 6.40247e+11 1.50759e+10 3.39234e+08
2.20903e+08 9.8107e+09 4.16573e+11 1.76759e+13 7.50021e+14 3.71386e+16 3.11034e+18 1.06717e+19 2.12018e+19 3.26911e+19 4.31532e+19 5.09952e+19 5.51688e+19 5.51688e+19 5.09952e+19 4.31532e+19 3.26911e+19 2.12018e+19 1.06717e+19 3.11034e+18 3.71386e+16 7.50021e+14 1.76759e+13 4.16573e+11 9.8107e+09 2.20903e+08
1.13415e+08 4.99637e+09 2.10631e+11 8.88854e+12 3.75865e+14 1.85982e+16 1.56191e+18 5.36487e+18 1.06725e+19 1.64781e+19 2.17776e+19 2.57581e+19 2.78794e+19 2.78794e+19 2.57581e+19 2.17776e+19 1.64781e+19 1.06725e+19 5.36487e+18 1.56191e+18 1.85982e+16 3.75865e+14 8.88854e+12 2.10631e+11 4.99637e+09 1.13415e+08
3.90957e+07 1.65101e+09 6.64928e+10 2.6814e+12 1.08789e+14 5.24472e+15 4.51811e+17 1.55533e+18 3.09755e+18 4.78597e+18 6.32806e+18 7.48671e+18 8.10427e+18 8.10427e+18 7.48671e+18 6.32806e+18 4.78597e+18 3.09755e+18 1.55533e+18 4.51811e+17 5.24472e+15 1.08789e+14 2.6814e+12 6.64928e+10 1.65101e+09 3.90957e+07
6.8642e+06 2.39344e+08 7.31805e+09 1.95668e+11 4.00803e+12 6.07029e+13 4.75484e+15 1.68471e+16 3.36729e+16 5.17325e+16 6.77986e+16 7.95592e+16 8.57084e+16 8.57084e+16 7.95592e+16 6.77986e+16 5.17325e+16 3.36729e+16 1.68471e+16 4.75484e+15 6.07029e+13 4.00803e+12 1.95668e+11 7.31805e+09 2.39344e+08 6.8642e+06
757209 2.15714e+07 5.11535e+08 1.02491e+10 1.72412e+11 3.47735e+12 9.51878e+13 3.29517e+14 6.58346e+14 1.01165e+15 1.32562e+15 1.55508e+15 1.6749e+15 1.6749e+15 1.55508e+15 1.32562e+15 1.01165e+15 6.58346e+14 3.29517e+14 9.51878e+13 3.47735e+12 1.72412e+11 1.02491e+10 5.11535e+08 2.15714e+07 757209
62736.4 1.5196e+06 3.04859e+07 5.46117e+08 9.42199e+09 1.70255e+11 2.34564e+12 7.79006e+12 1.55101e+13 2.38535e+13 3.12991e+13 3.67593e+13 3.9617e+13 3.9617e+13 3.67593e+13 3.12991e+13 2.38535e+13 1.55101e+13 7.79006e+12 2.34564e+12 1.70255e+11 9.42199e+09 5.46117e+08 3.04859e+07 1.5196e+06 62736.4
4371.07 94290.3 1.70913e+06 2.87013e+07 4.56495e+08 6.37731e+09 5.8155e+10 1.84542e+11 3.65403e+11 5.62158e+11 7.38532e+11 8.68318e+11 9.36403e+11 9.36403e+11 8.68318e+11 7.38532e+11 5.62158e+11 3.65403e+11 1.84542e+11 5.8155e+10 6.37731e+09 4.56495e+08 2.87013e+07 1.70913e+06 94290.3 4371.07
271.575 5379.76 89951.9 1.38409e+06 1.90326e+07 2.08739e+08 1.4437e+09 4.3761e+09 8.60256e+09 1.3232e+10 1.74018e+10 2.04808e+10 2.20997e+10 2.20997e+10 2.04808e+10 1.74018e+10 1.3232e+10 8.60256e+09 4.3761e+09 1.4437e+09 2.08739e+08 1.90326e+07 1.38409e+06 89951.9 5379.76 271.575
14.149 261.811 4047.29 56182.4 664800 5.98875e+06 3.41797e+07 9.93042e+07 1.93633e+08 2.97632e+08 3.91748e+08 4.6148e+08 4.98223e+08 4.98223e+08 4.6148e+08 3.91748e+08 2.97632e+08 1.93633e+08 9.93042e+07 3.41797e+07 5.98875e+06 664800 56182.4 4047.29 261.811 14.149
