0.000164208 0.00309207 0.0492709 0.711039 8.74594 81.322 475.549 1417.43 2853.23 4544.07 6187.14 7484.97 8199.94 8199.94 7484.97 6187.14 4544.07 2853.23 1417.43 475.549 81.322 8.74594 0.711039 0.0492709 0.00309208 0.000164208
0.00312451 0.0624161 1.06825 17.1095 246.7 2816.89 20029.1 62338.7 126676 202217 275552 333475 365388 365388 333475 275552 202217 126676 62338.7 20029.1 2816.89 246.7 17.1095 1.06825 0.0624161 0.00312451
0.0503667 1.08254 19.7715 342.661 5765.49 85179.5 803653 2.62105e+06 5.37241e+06 8.59309e+06 1.17176e+07 1.41856e+07 1.55457e+07 1.55457e+07 1.41856e+07 1.17176e+07 8.59309e+06 5.37241e+06 2.62105e+06 803653 85179.5 5765.49 342.661 19.7715 1.08254 0.0503667
0.734198 17.5684 348.405 6266.93 113595 2.23287e+06 3.22649e+07 1.10239e+08 2.27546e+08 3.64506e+08 4.97331e+08 6.02276e+08 6.60122e+08 6.60122e+08 6.02276e+08 4.97331e+08 3.64506e+08 2.27546e+08 1.10239e+08 3.22649e+07 2.23287e+06 113595 6266.93 348.405 17.5684 0.734198
9.09788 255.913 5951.33 116114 1.93141e+06 4.36754e+07 1.30274e+09 4.64413e+09 9.6341e+09 1.54495e+10 2.109e+10 2.55481e+10 2.8006e+10 2.8006e+10 2.55481e+10 2.109e+10 1.54495e+10 9.6341e+09 4.64413e+09 1.30274e+09 4.36754e+07 1.93141e+06 116114 5951.33 255.913 9.09788
85.0301 2942.01 88792.9 2.31936e+06 4.50015e+07 6.37128e+08 6.38555e+10 2.33093e+11 4.83576e+11 7.74858e+11 1.05718e+12 1.28024e+12 1.40321e+12 1.40321e+12 1.28024e+12 1.05718e+12 7.74858e+11 4.83576e+11 2.33093e+11 6.38555e+10 6.37128e+08 4.50015e+07 2.31936e+06 88792.9 2942.01 85.0301
498.97 21016.3 843304 3.38593e+07 1.36729e+09 6.67169e+10 6.08327e+12 2.13041e+13 4.34017e+13 6.88035e+13 9.3223e+13 1.12409e+14 1.2295e+14 1.2295e+14 1.12409e+14 9.3223e+13 6.88035e+13 4.34017e+13 2.13041e+13 6.08327e+12 6.67169e+10 1.36729e+09 3.38593e+07 843304 21016.3 498.97
1488.51 65474.7 2.75334e+06 1.15823e+08 4.88021e+09 2.43878e+11 2.13686e+13 7.46216e+13 1.51834e+14 2.40518e+14 3.25724e+14 3.92642e+14 4.294e+14 4.294e+14 3.92642e+14 3.25724e+14 2.40518e+14 1.51834e+14 7.46216e+13 2.13686e+13 2.43878e+11 4.8802e+09 1.15823e+08 2.75334e+06 65474.7 1488.51
2996.09 133039 5.64316e+06 2.39053e+08 1.0123e+10 5.05951e+11 4.35747e+13 1.51981e+14 3.09076e+14 4.89452e+14 6.62712e+14 7.98763e+14 8.7349e+14 8.7349e+14 7.98763e+14 6.62712e+14 4.89452e+14 3.09076e+14 1.51981e+14 4.35747e+13 5.05951e+11 1.0123e+10 2.39053e+08 5.64316e+06 133039 2996.09
4769.47 212277 9.02193e+06 3.82755e+08 1.62255e+10 8.10369e+11 6.90993e+13 2.40833e+14 4.89619e+14 7.75215e+14 1.04951e+15 1.26487e+15 1.38316e+15 1.38316e+15 1.26487e+15 1.04951e+15 7.75215e+14 4.89619e+14 2.40833e+14 6.90993e+13 8.10369e+11 1.62255e+10 3.82755e+08 9.02193e+06 212277 4769.47
6490.47 289098 1.22952e+07 5.2192e+08 2.21358e+10 1.10501e+12 9.36265e+13 3.26169e+14 6.62979e+14 1.04957e+15 1.42083e+15 1.71232e+15 1.8724e+15 1.8724e+15 1.71232e+15 1.42083e+15 1.04957e+15 6.62979e+14 3.26169e+14 9.36265e+13 1.10501e+12 2.21358e+10 5.2192e+08 1.22952e+07 289098 6490.47
7848.18 349696 1.48774e+07 6.31727e+08 2.68007e+10 1.33751e+12 1.12887e+14 3.93157e+14 7.99047e+14 1.2649e+15 1.71224e+15 2.06345e+15 2.25633e+15 2.25633e+15 2.06345e+15 1.71224e+15 1.2649e+15 7.99047e+14 3.93157e+14 1.12887e+14 1.33751e+12 2.68007e+10 6.31727e+08 1.48774e+07 349696 7848.18
8595.49 383055 1.62991e+07 6.92197e+08 2.93702e+10 1.46555e+12 1.23465e+14 4.29939e+14 8.73756e+14 1.38311e+15 1.87223e+15 2.25622e+15 2.4671e+15 2.4671e+15 2.25622e+15 1.87223e+15 1.38311e+15 8.73756e+14 4.29939e+14 1.23465e+14 1.46555e+12 2.93702e+10 6.92197e+08 1.62991e+07 383055 8595.49
8595.49 383055 1.62991e+07 6.92197e+08 2.93702e+10 1.46555e+12 1.23465e+14 4.29939e+14 8.73756e+14 1.38311e+15 1.87223e+15 2.25622e+15 2.4671e+15 2.4671e+15 2.25622e+15 1.87223e+15 1.38311e+15 8.73756e+14 4.29939e+14 1.23465e+14 1.46555e+12 2.93702e+10 6.92197e+08 1.62991e+07 383055 8595.49
7848.18 349696 1.48774e+07 6.31727e+08 2.68007e+10 1.33751e+12 1.12887e+14 3.93157e+14 7.99047e+14 1.2649e+15 1.71224e+15 2.06345e+15 2.25633e+15 2.25633e+15 2.06345e+15 1.71224e+15 1.2649e+15 7.99047e+14 3.93157e+14 1.12887e+14 1.33751e+12 2.68007e+10 6.31727e+08 1.48774e+07 349696 7848.18
6490.47 289098 1.22952e+07 5.2192e+08 2.21358e+10 1.10501e+12 9.36265e+13 3.26169e+14 6.62979e+14 1.04957e+15 1.42083e+15 1.71232e+15 1.8724e+15 1.8724e+15 1.71232e+15 1.42083e+15 1.04957e+15 6.62979e+14 3.26169e+14 9.36265e+13 1.10501e+12 2.21358e+10 5.2192e+08 1.22952e+07 289098 6490.47
4769.47 212277 9.02193e+06 3.82755e+08 1.62255e+10 8.10369e+11 6.90993e+13 2.40833e+14 4.89619e+14 7.75215e+14 1.04951e+15 1.26487e+15 1.38316e+15 1.38316e+15 1.26487e+15 1.04951e+15 7.75215e+14 4.89619e+14 2.40833e+14 6.90993e+13 8.10369e+11 1.62255e+10 3.82755e+08 9.02193e+06 212277 4769.47
2996.09 133039 5.64316e+06 2.39053e+08 1.0123e+10 5.05951e+11 4.35747e+13 1.51981e+14 3.09076e+14 4.89452e+14 6.62712e+14 7.98763e+14 8.7349e+14 8.7349e+14 7.98763e+14 6.62712e+14 4.89452e+14 3.09076e+14 1.51981e+14 4.35747e+13 5.05951e+11 1.0123e+10 2.39053e+08 5.64316e+06 133039 2996.09
1488.51 65474.7 2.75334e+06 1.15823e+08 4.8802e+09 2.43878e+11 2.13686e+13 7.46216e+13 1.51834e+14 2.40518e+14 3.25724e+14 3.92642e+14 4.294e+14 4.294e+14 3.92642e+14 3.25724e+14 2.40518e+14 1.51834e+14 7.46216e+13 2.13686e+13 2.43878e+11 4.88021e+09 1.15823e+08 2.75334e+06 65474.7 1488.51
498.97 21016.3 843304 3.38593e+07 1.36729e+09 6.67169e+10 6.08327e+12 2.13041e+13 4.34017e+13 6.88035e+13 9.3223e+13 1.12409e+14 1.2295e+14 1.2295e+14 1.12409e+14 9.3223e+13 6.88035e+13 4.34017e+13 2.13041e+13 6.08327e+12 6.67169e+10 1.36729e+09 3.38593e+07 843304 21016.3 498.97
85.0301 2942.01 88792.9 2.31936e+06 4.50015e+07 6.37128e+08 6.38555e+10 2.33093e+11 4.83576e+11 7.74858e+11 1.05718e+12 1.28024e+12 1.40321e+12 1.40321e+12 1.28024e+12 1.05718e+12 7.74858e+11 4.83576e+11 2.33093e+11 6.38555e+10 6.37128e+08 4.50015e+07 2.31936e+06 88792.9 2942.01 85.0301
9.09788 255.913 5951.33 116114 1.93141e+06 4.36754e+07 1.30274e+09 4.64413e+09 9.6341e+09 1.54495e+10 2.109e+10 2.55481e+10 2.8006e+10 2.8006e+10 2.55481e+10 2.109e+10 1.54495e+10 9.6341e+09 4.64413e+09 1.30274e+09 4.36754e+07 1.93141e+06 116114 5951.33 255.913 9.09788
0.734198 17.5684 348.405 6266.93 113595 2.23287e+06 3.22649e+07 1.10239e+08 2.27546e+08 3.64506e+08 4.97331e+08 6.02276e+08 6.60122e+08 6.60122e+08 6.02276e+08 4.97331e+08 3.64506e+08 2.27546e+08 1.10239e+08 3.22649e+07 2.23287e+06 113595 6266.93 348.405 17.5684 0.734198
0.0503667 1.08254 19.7715 342.661 5765.49 85179.5 803653 2.62105e+06 5.37241e+06 8.59309e+06 1.17176e+07 1.41856e+07 1.55457e+07 1.55457e+07 1.41856e+07 1.17176e+07 8.59309e+06 5.37241e+06 2.62105e+06 803653 85179.5 5765.49 342.661 19.7715 1.08254 0.0503667
0.00312451 0.0624161 1.06825 17.1095 246.7 2816.89 20029.1 62338.7 126676 202217 275552 333475 365388 365388 333475 275552 202217 126676 62338.7 20029.1 2816.89 246.7 17.1095 1.06825 0.0624161 0.00312451
0.000164208 0.00309207 0.0492709 0.711039 8.74594 81.322 475.549 1417.43 2853.23 4544.07 6187.14 7484.97 8199.94 8199.94 7484.97 6187.14 4544.07 2853.23 1417.43 475.549 81.322 8.74594 0.711039 0.0492709 0.00309207 0.000164208
