0.00157708 0.0296787 0.470629 6.74033 82.3182 762.178 4453.61 13297.2 26819.4 42772 58276.4 70511.6 77244.7 77244.7 70511.6 58276.4 42772 26819.4 13297.2 4453.61 762.178 82.3182 6.74033 0.470629 0.0296787 0.00157708
0.0302806 0.606762 10.3601 164.561 2348.4 26618.7 188854 588860 1.19925e+06 1.91737e+06 2.61465e+06 3.16482e+06 3.46758e+06 3.46758e+06 3.16482e+06 2.61465e+06 1.91737e+06 1.19925e+06 588860 188854 26618.7 2348.4 164.561 10.3601 0.606762 0.0302806
0.490841 10.6302 194.726 3354.53 55650.3 811494 7.61899e+06 2.48964e+07 5.1156e+07 8.19629e+07 1.11853e+08 1.35436e+08 1.48414e+08 1.48414e+08 1.35436e+08 1.11853e+08 8.19629e+07 5.1156e+07 2.48964e+07 7.61899e+06 811494 55650.3 3354.53 194.726 10.6302 0.490841
7.15834 173.13 3466.05 62519.5 1.11833e+06 2.14696e+07 3.07086e+08 1.05138e+09 2.17604e+09 3.49219e+09 4.76863e+09 5.77576e+09 6.33007e+09 6.33007e+09 5.77576e+09 4.76863e+09 3.49219e+09 2.17604e+09 1.05138e+09 3.07086e+08 2.14696e+07 1.11833e+06 62519.5 3466.05 173.13 7.15834
88.4171 2514 59165.9 1.16952e+06 1.95804e+07 4.26831e+08 1.24303e+10 4.44153e+10 9.24113e+10 1.48482e+11 2.02857e+11 2.45766e+11 2.69384e+11 2.69384e+11 2.45766e+11 2.02857e+11 1.48482e+11 9.24113e+10 4.44153e+10 1.24303e+10 4.26831e+08 1.95804e+07 1.16952e+06 59165.9 2514 88.4171
822.87 28722.5 874871 2.31112e+07 4.57909e+08 6.64259e+09 6.12746e+11 2.24168e+12 4.66484e+12 7.48974e+12 1.02273e+13 1.23868e+13 1.35752e+13 1.35752e+13 1.23868e+13 1.02273e+13 7.48974e+12 4.66484e+12 2.24168e+12 6.12746e+11 6.64259e+09 4.57909e+08 2.31112e+07 874871 28722.5 822.87
4815.24 204178 8.23685e+06 3.31978e+08 1.34377e+10 6.52646e+11 5.84497e+13 2.05212e+14 4.19368e+14 6.66441e+14 9.04381e+14 1.0914e+15 1.19414e+15 1.19414e+15 1.0914e+15 9.04381e+14 6.66441e+14 4.19368e+14 2.05212e+14 5.84497e+13 6.52646e+11 1.34377e+10 3.31978e+08 8.23685e+06 204178 4815.24
14378.3 636724 2.69198e+07 1.13682e+09 4.80246e+10 2.39126e+12 2.06058e+14 7.21317e+14 1.47212e+15 2.33763e+15 3.17075e+15 3.82542e+15 4.185e+15 4.185e+15 3.82542e+15 3.17075e+15 2.33763e+15 1.47212e+15 7.21317e+14 2.06058e+14 2.39126e+12 4.80246e+10 1.13682e+09 2.69198e+07 636724 14378.3
28989.9 1.29628e+06 5.52943e+07 2.35206e+09 9.98854e+10 4.97669e+12 4.21709e+14 1.47429e+15 3.00705e+15 4.77329e+15 6.47303e+15 7.80852e+15 8.54201e+15 8.54201e+15 7.80852e+15 6.47303e+15 4.77329e+15 3.00705e+15 1.47429e+15 4.21709e+14 4.97669e+12 9.98854e+10 2.35206e+09 5.52943e+07 1.29628e+06 28989.9
46209.4 2.0714e+06 8.85451e+07 3.77256e+09 1.604e+11 7.98799e+12 6.70567e+14 2.34254e+15 4.77631e+15 7.58008e+15 1.02778e+16 1.23973e+16 1.35613e+16 1.35613e+16 1.23973e+16 1.02778e+16 7.58008e+15 4.77631e+15 2.34254e+15 6.70567e+14 7.98799e+12 1.604e+11 3.77256e+09 8.85452e+07 2.0714e+06 46209.4
62924.9 2.8231e+06 1.20765e+08 5.14839e+09 2.19004e+11 1.09027e+13 9.10164e+14 3.17813e+15 6.47863e+15 1.02802e+16 1.39377e+16 1.68108e+16 1.83887e+16 1.83887e+16 1.68108e+16 1.39377e+16 1.02802e+16 6.47863e+15 3.17813e+15 9.10164e+14 1.09027e+13 2.19004e+11 5.14839e+09 1.20765e+08 2.8231e+06 62924.9
76101.4 3.41552e+06 1.46156e+08 6.2326e+09 2.65191e+11 1.31992e+13 1.0984e+15 3.83446e+15 7.81561e+15 1.24007e+16 1.68116e+16 2.02765e+16 2.21793e+16 2.21793e+16 2.02765e+16 1.68116e+16 1.24007e+16 7.81561e+15 3.83446e+15 1.0984e+15 1.31992e+13 2.65191e+11 6.2326e+09 1.46156e+08 3.41552e+06 76101.4
83346.9 3.74127e+06 1.60118e+08 6.82881e+09 2.90591e+11 1.44619e+13 1.20177e+15 4.19483e+15 8.54967e+15 1.35649e+16 1.83894e+16 2.21791e+16 2.42602e+16 2.42602e+16 2.21791e+16 1.83894e+16 1.35649e+16 8.54967e+15 4.19483e+15 1.20177e+15 1.44619e+13 2.90591e+11 6.82881e+09 1.60118e+08 3.74127e+06 83346.9
83346.9 3.74127e+06 1.60118e+08 6.82881e+09 2.90591e+11 1.44619e+13 1.20177e+15 4.19483e+15 8.54967e+15 1.35649e+16 1.83894e+16 2.21791e+16 2.42602e+16 2.42602e+16 2.21791e+16 1.83894e+16 1.35649e+16 8.54967e+15 4.19483e+15 1.20177e+15 1.44619e+13 2.90591e+11 6.82881e+09 1.60118e+08 3.74127e+06 83346.9
76101.4 3.41552e+06 1.46156e+08 6.2326e+09 2.65191e+11 1.31992e+13 1.0984e+15 3.83446e+15 7.81561e+15 1.24007e+16 1.68116e+16 2.02765e+16 2.21793e+16 2.21793e+16 2.02765e+16 1.68116e+16 1.24007e+16 7.81561e+15 3.83446e+15 1.0984e+15 1.31992e+13 2.65191e+11 6.2326e+09 1.46156e+08 3.41552e+06 76101.4
62924.9 2.8231e+06 1.20765e+08 5.14839e+09 2.19004e+11 1.09027e+13 9.10164e+14 3.17813e+15 6.47863e+15 1.02802e+16 1.39377e+16 1.68108e+16 1.83887e+16 1.83887e+16 1.68108e+16 1.39377e+16 1.02802e+16 6.47863e+15 3.17813e+15 9.10164e+14 1.09027e+13 2.19004e+11 5.14839e+09 1.20765e+08 2.8231e+06 62924.9
46209.4 2.0714e+06 8.85451e+07 3.77256e+09 1.604e+11 7.98799e+12 6.70567e+14 2.34254e+15 4.77631e+15 7.58008e+15 1.02778e+16 1.23973e+16 1.35613e+16 1.35613e+16 1.23973e+16 1.02778e+16 7.58008e+15 4.77631e+15 2.34254e+15 6.70567e+14 7.98799e+12 1.604e+11 3.77256e+09 8.85451e+07 2.0714e+06 46209.4
28989.9 1.29628e+06 5.52943e+07 2.35206e+09 9.98854e+10 4.97669e+12 4.21709e+14 1.47429e+15 3.00705e+15 4.77329e+15 6.47303e+15 7.80852e+15 8.54201e+15 8.54201e+15 7.80852e+15 6.47303e+15 4.77329e+15 3.00705e+15 1.47429e+15 4.21709e+14 4.97669e+12 9.98854e+10 2.35206e+09 5.52943e+07 1.29628e+06 28989.9
14378.3 636724 2.69198e+07 1.13682e+09 4.80246e+10 2.39126e+12 2.06058e+14 7.21317e+14 1.47212e+15 2.33763e+15 3.17075e+15 3.82542e+15 4.185e+15 4.185e+15 3.82542e+15 3.17075e+15 2.33763e+15 1.47212e+15 7.21317e+14 2.06058e+14 2.39126e+12 4.80246e+10 1.13682e+09 2.69198e+07 636724 14378.3
4815.24 204178 8.23685e+06 3.31978e+08 1.34377e+10 6.52646e+11 5.84497e+13 2.05212e+14 4.19368e+14 6.66441e+14 9.04381e+14 1.0914e+15 1.19414e+15 1.19414e+15 1.0914e+15 9.04381e+14 6.66441e+14 4.19368e+14 2.05212e+14 5.84497e+13 6.52646e+11 1.34377e+10 3.31978e+08 8.23685e+06 204178 4815.24
822.87 28722.5 874871 2.31112e+07 4.57909e+08 6.64259e+09 6.12746e+11 2.24168e+12 4.66484e+12 7.48974e+12 1.02273e+13 1.23868e+13 1.35752e+13 1.35752e+13 1.23868e+13 1.02273e+13 7.48974e+12 4.66484e+12 2.24168e+12 6.12746e+11 6.64259e+09 4.57909e+08 2.31112e+07 874871 28722.5 822.87
88.4171 2514 59165.9 1.16952e+06 1.95804e+07 4.26831e+08 1.24303e+10 4.44153e+10 9.24113e+10 1.48482e+11 2.02857e+11 2.45766e+11 2.69384e+11 2.69384e+11 2.45766e+11 2.02857e+11 1.48482e+11 9.24113e+10 4.44153e+10 1.24303e+10 4.26831e+08 1.95804e+07 1.16952e+06 59165.9 2514 88.4171
7.15834 173.13 3466.05 62519.5 1.11833e+06 2.14696e+07 3.07086e+08 1.05138e+09 2.17604e+09 3.49219e+09 4.76863e+09 5.77576e+09 6.33007e+09 6.33007e+09 5.77576e+09 4.76863e+09 3.49219e+09 2.17604e+09 1.05138e+09 3.07086e+08 2.14696e+07 1.11833e+06 62519.5 3466.05 173.13 7.15834
0.490841 10.6302 194.726 3354.53 55650.3 811494 7.61899e+06 2.48964e+07 5.1156e+07 8.19629e+07 1.11853e+08 1.35436e+08 1.48414e+08 1.48414e+08 1.35436e+08 1.11853e+08 8.19629e+07 5.1156e+07 2.48964e+07 7.61899e+06 811494 55650.3 3354.53 194.726 10.6302 0.490841
0.0302806 0.606762 10.3601 164.561 2348.4 26618.7 188854 588860 1.19925e+06 1.91737e+06 2.61465e+06 3.16482e+06 3.46758e+06 3.46758e+06 3.16482e+06 2.61465e+06 1.91737e+06 1.19925e+06 588860 188854 26618.7 2348.4 164.561 10.3601 0.606762 0.0302806
0.00157708 0.0296787 0.470629 6.74033 82.3182 762.178 4453.61 13297.2 26819.4 42772 58276.4 70511.6 77244.7 77244.7 70511.6 58276.4 42772 26819.4 13297.2 4453.61 762.178 82.3182 6.74033 0.470629 0.0296787 0.00157708
